state_0,state_1,state_2,state_3,state_4,state_5,state_6,state_7,state_8,state_9,state_10,state_11,state_12,state_13,state_14,state_15,state_16,state_17,state_18,state_19,state_20,state_21,state_22,state_23,state_24,state_25,state_26,state_27,state_28,state_29,state_30,state_31,state_32,state_33,state_34,state_35,state_36,state_37,state_38,state_39,state_40,state_41,state_42,state_43,state_44,state_45,state_46,state_47,state_48,state_49,state_50,state_51,state_52,state_53,state_54,state_55,state_56,state_57,state_58,state_59,state_60,state_61,state_62,state_63,state_64,state_65,state_66,state_67,state_68,state_69,state_70,state_71,state_72,state_73,state_74,state_75,state_76,state_77,state_78,state_79,state_80,state_81,state_82,state_83,state_84,state_85,state_86,state_87,state_88,state_89,state_90,state_91,state_92,state_93,state_94,state_95,state_96,state_97,state_98,state_99,state_100,state_101,state_102,state_103,state_104,state_105,state_106,state_107,state_108,state_109,state_110,state_111,state_112,state_113,state_114,state_115,state_116,state_117,state_118,state_119,state_120,state_121,state_122,state_123,state_124,state_125,state_126,state_127,state_128,state_129,state_130,state_131,state_132,state_133,state_134,state_135,state_136,state_137,state_138,state_139,state_140,state_141,state_142,state_143,state_144,state_145,state_146,state_147,state_148,state_149,state_150,state_151,state_152,state_153,state_154,state_155,state_156,state_157,state_158,state_159,state_160,state_161,state_162,state_163,state_164,state_165,state_166,state_167,state_168,state_169,state_170,state_171,state_172,state_173,state_174,state_175,state_176,state_177,state_178,state_179,state_180,state_181,state_182,state_183,state_184,state_185,state_186,state_187,state_188,state_189,state_190,state_191,state_192,state_193,state_194,state_195,state_196,state_197,state_198,state_199,state_200,state_201,state_202,state_203,state_204,state_205,state_206,state_207,state_208,state_209,state_210,state_211,state_212,state_213,state_214,state_215,state_216,state_217,state_218,state_219,state_220,state_221,state_222,state_223,state_224,state_225,state_226,state_227,state_228,state_229,state_230,state_231,state_232,state_233,state_234,state_235,state_236,state_237,state_238,state_239,state_240,state_241,state_242,state_243,state_244,state_245,state_246,state_247,state_248,state_249,state_250,state_251,state_252,state_253,state_254,state_255,state_256,state_257,state_258,state_259,state_260,state_261,state_262,state_263,state_264,state_265,state_266,state_267,state_268,state_269,state_270,state_271,state_272,state_273,state_274,state_275,state_276,state_277,state_278,state_279,state_280,state_281,state_282,state_283,state_284,state_285,state_286,state_287
{'img': array([[[ 0.        , -0.55988337,  0.09532317, ...,  0.7400897 ,
          0.7400897 ,  0.61062308],
        [ 0.55988337,  0.        ,  0.63631593, ...,  0.98974332,
          0.98974332,  0.94932844],
        [-0.09532317, -0.63631593,  0.        , ...,  0.672614  ,
          0.672614  ,  0.53235408],
        ...,
        [-0.7400897 , -0.98974332, -0.672614  , ...,  0.        ,
          0.        , -0.17544384],
        [-0.7400897 , -0.98974332, -0.672614  , ...,  0.        ,
          0.        , -0.17544384],
        [-0.61062308, -0.94932844, -0.53235408, ...,  0.17544384,
          0.17544384,  0.        ]],

       [[ 0.        , -0.00176397,  0.05353158, ...,  0.0135669 ,
         -0.11713133,  0.20088512],
        [ 0.00176397,  0.        ,  0.05529294, ...,  0.01533068,
         -0.11537932,  0.20261282],
        [-0.05353158, -0.05529294,  0.        , ..., -0.03997921,
         -0.17012647,  0.14815675],
        ...,
        [-0.0135669 , -0.01533068,  0.03997921, ...,  0.        ,
         -0.13059406,  0.1875763 ],
        [ 0.11713133,  0.11537932,  0.17012647, ...,  0.13059406,
          0.        ,  0.3142459 ],
        [-0.20088512, -0.20261282, -0.14815675, ..., -0.1875763 ,
         -0.3142459 ,  0.        ]],

       [[ 0.        ,  0.4308176 ,  0.55885069, ...,  0.9523914 ,
          0.97278555,  0.97278555],
        [-0.4308176 ,  0.        ,  0.1470653 , ...,  0.72812833,
          0.77805605,  0.77805605],
        [-0.55885069, -0.1470653 ,  0.        , ...,  0.61940668,
          0.67721041,  0.67721041],
        ...,
        [-0.9523914 , -0.72812833, -0.61940668, ...,  0.        ,
          0.0759049 ,  0.0759049 ],
        [-0.97278555, -0.77805605, -0.67721041, ..., -0.0759049 ,
          0.        ,  0.        ],
        [-0.97278555, -0.77805605, -0.67721041, ..., -0.0759049 ,
          0.        ,  0.        ]],

       ...,

       [[ 0.        , -0.16848927, -0.19832627, ..., -0.88973329,
         -0.95039248, -0.99997405],
        [ 0.16848927,  0.        , -0.03034849, ..., -0.80010109,
         -0.88439605, -0.98689181],
        [ 0.19832627,  0.03034849,  0.        , ..., -0.78152755,
         -0.86982391, -0.98153948],
        ...,
        [ 0.88973329,  0.80010109,  0.78152755, ...,  0.        ,
         -0.15708145, -0.46287909],
        [ 0.95039248,  0.88439605,  0.86982391, ...,  0.15708145,
          0.        , -0.31789239],
        [ 0.99997405,  0.98689181,  0.98153948, ...,  0.46287909,
          0.31789239,  0.        ]],

       [[ 0.        , -0.18483056, -0.27394476, ...,  0.94233196,
          0.96258075,  0.96015556],
        [ 0.18483056,  0.        , -0.09146486, ...,  0.86423693,
          0.89590771,  0.89195858],
        [ 0.27394476,  0.09146486,  0.        , ...,  0.81459971,
          0.85151997,  0.84686694],
        ...,
        [-0.94233196, -0.86423693, -0.81459971, ...,  0.        ,
         -0.06678893, -0.05799468],
        [-0.96258075, -0.89590771, -0.85151997, ...,  0.06678893,
          0.        ,  0.00881133],
        [-0.96015556, -0.89195858, -0.84686694, ...,  0.05799468,
         -0.00881133,  0.        ]],

       [[ 0.        ,  0.04229466,  0.06597287, ...,  0.98561347,
          0.99112626,  0.99468148],
        [-0.04229466,  0.        ,  0.02371132, ...,  0.99187996,
          0.99586135,  0.99814772],
        [-0.06597287, -0.02371132,  0.        , ...,  0.99461664,
          0.99773637,  0.99930961],
        ...,
        [-0.98561347, -0.99187996, -0.99461664, ...,  0.        ,
         -0.03650376, -0.06659911],
        [-0.99112626, -0.99586135, -0.99773637, ...,  0.03650376,
          0.        , -0.03013201],
        [-0.99468148, -0.99814772, -0.99930961, ...,  0.06659911,
          0.03013201,  0.        ]]]), 'num': array([7.07098133e-01, 7.07098133e-01, 0.00000000e+00, 0.00000000e+00,
       1.59376311e-03, 1.61094654e-03, 1.58087553e-03, 1.97936786e-03,
       1.28875723e-05, 1.59032642e-03, 1.61352405e-03, 1.59813056e-03,
       2.70479912e-07, 1.69868177e-03, 1.52836633e-03])}
{'img': array([[[ 0.        ,  0.63631593,  0.33319725, ...,  0.98974332,
          0.94932844,  0.98974332],
        [-0.63631593,  0.        , -0.34291714, ...,  0.672614  ,
          0.53235408,  0.672614  ],
        [-0.33319725,  0.34291714,  0.        , ...,  0.88558695,
          0.79036197,  0.88558695],
        ...,
        [-0.98974332, -0.672614  , -0.88558695, ...,  0.        ,
         -0.17544384,  0.        ],
        [-0.94932844, -0.53235408, -0.79036197, ...,  0.17544384,
          0.        ,  0.17544384],
        [-0.98974332, -0.672614  , -0.88558695, ...,  0.        ,
         -0.17544384,  0.        ]],

       [[ 0.        ,  0.05529294, -0.01268786, ..., -0.11537932,
          0.20261282,  0.40325359],
        [-0.05529294,  0.        , -0.06795694, ..., -0.17012647,
          0.14815675,  0.35203877],
        [ 0.01268786,  0.06795694,  0.        , ..., -0.10276691,
          0.21502121,  0.41483165],
        ...,
        [ 0.11537932,  0.17012647,  0.10276691, ...,  0.        ,
          0.3142459 ,  0.50614273],
        [-0.20261282, -0.14815675, -0.21502121, ..., -0.3142459 ,
          0.        ,  0.20948107],
        [-0.40325359, -0.35203877, -0.41483165, ..., -0.50614273,
         -0.20948107,  0.        ]],

       [[ 0.        ,  0.38461538,  0.27467032, ...,  0.95553683,
          0.95553683,  0.96987836],
        [-0.38461538,  0.        , -0.11628065, ...,  0.76862176,
          0.76862176,  0.80158397],
        [-0.27467032,  0.11628065,  0.        , ...,  0.83779288,
          0.83779288,  0.86566847],
        ...,
        [-0.95553683, -0.76862176, -0.83779288, ...,  0.        ,
          0.        ,  0.0532308 ],
        [-0.95553683, -0.76862176, -0.83779288, ...,  0.        ,
          0.        ,  0.0532308 ],
        [-0.96987836, -0.80158397, -0.86566847, ..., -0.0532308 ,
         -0.0532308 ,  0.        ]],

       ...,

       [[ 0.        , -0.03034849, -0.03034849, ..., -0.88439605,
         -0.98689181, -0.79377366],
        [ 0.03034849,  0.        ,  0.        , ..., -0.86982391,
         -0.98153948, -0.77494968],
        [ 0.03034849,  0.        ,  0.        , ..., -0.86982391,
         -0.98153948, -0.77494968],
        ...,
        [ 0.88439605,  0.86982391,  0.86982391, ...,  0.        ,
         -0.31789239,  0.16741771],
        [ 0.98689181,  0.98153948,  0.98153948, ...,  0.31789239,
          0.        ,  0.47213889],
        [ 0.79377366,  0.77494968,  0.77494968, ..., -0.16741771,
         -0.47213889,  0.        ]],

       [[ 0.        , -0.09146486, -0.56882107, ...,  0.89590771,
          0.89195858,  0.92140414],
        [ 0.09146486,  0.        , -0.49121044, ...,  0.85151997,
          0.84686694,  0.88199813],
        [ 0.56882107,  0.49121044,  0.        , ...,  0.48415622,
          0.47642767,  0.53677212],
        ...,
        [-0.89590771, -0.85151997, -0.48415622, ...,  0.        ,
          0.00881133, -0.06116991],
        [-0.89195858, -0.84686694, -0.47642767, ..., -0.00881133,
          0.        , -0.06996237],
        [-0.92140414, -0.88199813, -0.53677212, ...,  0.06116991,
          0.06996237,  0.        ]],

       [[ 0.        ,  0.02371132,  0.105793  , ...,  0.99586135,
          0.99814772,  0.99957868],
        [-0.02371132,  0.        ,  0.082185  , ...,  0.99773637,
          0.99930961,  0.99998587],
        [-0.105793  , -0.082185  ,  0.        , ...,  0.9998878 ,
          0.99898241,  0.99703989],
        ...,
        [-0.99586135, -0.99773637, -0.9998878 , ...,  0.        ,
         -0.03013201, -0.06194201],
        [-0.99814772, -0.99930961, -0.99898241, ...,  0.03013201,
          0.        , -0.03183974],
        [-0.99957868, -0.99998587, -0.99703989, ...,  0.06194201,
          0.03183974,  0.        ]]]), 'num': array([ 9.99976607e-01,  1.36266237e-03,  5.39791321e-06, -1.72809501e-10,
        2.25420755e-03,  2.26639245e-03,  2.23593019e-03,  1.95105928e-03,
       -6.09245284e-06,  2.25542604e-03,  2.28375595e-03,  2.26791557e-03,
        4.50311731e-07,  2.40241184e-03,  2.16510005e-03])}
{'img': array([[[ 0.        , -0.56727357,  0.39833223, ...,  0.5703174 ,
          0.71049777,  0.66693204],
        [ 0.56727357,  0.        ,  0.84836501, ...,  0.93564551,
          0.98430591,  0.97192421],
        [-0.39833223, -0.84836501,  0.        , ...,  0.1959188 ,
          0.37139166,  0.31493282],
        ...,
        [-0.5703174 , -0.93564551, -0.1959188 , ...,  0.        ,
          0.18228817,  0.12288019],
        [-0.71049777, -0.98430591, -0.37139166, ..., -0.18228817,
          0.        , -0.06008535],
        [-0.66693204, -0.97192421, -0.31493282, ..., -0.12288019,
          0.06008535,  0.        ]],

       [[ 0.        , -0.06795694,  0.36632281, ...,  0.14815675,
          0.35203877, -0.01973335],
        [ 0.06795694,  0.        ,  0.42870906, ...,  0.21502121,
          0.41483165,  0.04825598],
        [-0.36632281, -0.42870906,  0.        , ..., -0.22442197,
         -0.01530502, -0.38461311],
        ...,
        [-0.14815675, -0.21502121,  0.22442197, ...,  0.        ,
          0.20948107, -0.16764347],
        [-0.35203877, -0.41483165,  0.01530502, ..., -0.20948107,
          0.        , -0.37044034],
        [ 0.01973335, -0.04825598,  0.38461311, ...,  0.16764347,
          0.37044034,  0.        ]],

       [[ 0.        , -0.27729678, -0.05179031, ...,  0.82137157,
          0.85133648,  0.85133648],
        [ 0.27729678,  0.        ,  0.22716532, ...,  0.9473292 ,
          0.96342618,  0.96342618],
        [ 0.05179031, -0.22716532,  0.        , ...,  0.84981013,
          0.8773642 ,  0.8773642 ],
        ...,
        [-0.82137157, -0.9473292 , -0.84981013, ...,  0.        ,
          0.0546888 ,  0.0546888 ],
        [-0.85133648, -0.96342618, -0.8773642 , ..., -0.0546888 ,
          0.        ,  0.        ],
        [-0.85133648, -0.96342618, -0.8773642 , ..., -0.0546888 ,
          0.        ,  0.        ]],

       ...,

       [[ 0.        ,  0.        ,  0.16908102, ..., -0.98153948,
         -0.77494968, -0.47596455],
        [ 0.        ,  0.        ,  0.16908102, ..., -0.98153948,
         -0.77494968, -0.47596455],
        [-0.16908102, -0.16908102,  0.        , ..., -0.9997458 ,
         -0.87065516, -0.61781244],
        ...,
        [ 0.98153948,  0.98153948,  0.9997458 , ...,  0.        ,
          0.47213889,  0.7721963 ],
        [ 0.77494968,  0.77494968,  0.87065516, ..., -0.47213889,
          0.        ,  0.38072019],
        [ 0.47596455,  0.47596455,  0.61781244, ..., -0.7721963 ,
         -0.38072019,  0.        ]],

       [[ 0.        , -0.49121044, -0.49121044, ...,  0.84686694,
          0.88199813,  0.94399195],
        [ 0.49121044,  0.        ,  0.        , ...,  0.47642767,
          0.53677212,  0.66017166],
        [ 0.49121044,  0.        ,  0.        , ...,  0.47642767,
          0.53677212,  0.66017166],
        ...,
        [-0.84686694, -0.47642767, -0.47642767, ...,  0.        ,
         -0.06996237, -0.22258009],
        [-0.88199813, -0.53677212, -0.53677212, ...,  0.06996237,
          0.        , -0.15382737],
        [-0.94399195, -0.66017166, -0.66017166, ...,  0.22258009,
          0.15382737,  0.        ]],

       [[ 0.        ,  0.082185  ,  0.082185  , ...,  0.99930961,
          0.99998587,  0.99977432],
        [-0.082185  ,  0.        ,  0.        , ...,  0.99898241,
          0.99703989,  0.99464625],
        [-0.082185  ,  0.        ,  0.        , ...,  0.99898241,
          0.99703989,  0.99464625],
        ...,
        [-0.99930961, -0.99898241, -0.99898241, ...,  0.        ,
         -0.03183974, -0.05837328],
        [-0.99998587, -0.99703989, -0.99703989, ...,  0.03183974,
          0.        , -0.02655824],
        [-0.99977432, -0.99464625, -0.99464625, ...,  0.05837328,
          0.02655824,  0.        ]]]), 'num': array([ 7.07093012e-01,  7.07093012e-01,  0.00000000e+00, -3.85622750e-09,
        1.66994659e-03,  1.67857680e-03,  1.60953508e-03,  4.20635812e-03,
        7.33568268e-05,  1.61126112e-03,  1.61773379e-03,  1.60824055e-03,
        5.23977334e-07,  1.70228787e-03,  1.53317970e-03])}
{'img': array([[[ 0.        ,  0.84836501,  0.9112902 , ...,  0.98430591,
          0.97192421,  0.64437948],
        [-0.84836501,  0.        ,  0.13312099, ...,  0.37139166,
          0.31493282,  0.98989179],
        [-0.9112902 , -0.13312099,  0.        , ...,  0.24448652,
          0.18578286,  0.9622017 ],
        ...,
        [-0.98430591, -0.37139166, -0.24448652, ...,  0.        ,
         -0.06008535,  0.86641855],
        [-0.97192421, -0.31493282, -0.18578286, ...,  0.06008535,
          0.        ,  0.89485486],
        [-0.64437948, -0.98989179, -0.9622017 , ..., -0.86641855,
         -0.89485486,  0.        ]],

       [[ 0.        ,  0.42870906,  0.07825378, ...,  0.41483165,
          0.04825598,  0.99996409],
        [-0.42870906,  0.        , -0.35669661, ..., -0.01530502,
         -0.38461311,  0.89977724],
        [-0.07825378,  0.35669661,  0.        , ...,  0.34235658,
         -0.03005462,  0.99623455],
        ...,
        [-0.41483165,  0.01530502, -0.34235658, ...,  0.        ,
         -0.37044034,  0.90635019],
        [-0.04825598,  0.38461311,  0.03005462, ...,  0.37044034,
          0.        ,  0.99839021],
        [-0.99996409, -0.89977724, -0.99623455, ..., -0.90635019,
         -0.99839021,  0.        ]],

       [[ 0.        ,  0.22716532,  0.49431818, ...,  0.96342618,
          0.96342618,  0.9982684 ],
        [-0.22716532,  0.        ,  0.28392432, ...,  0.8773642 ,
          0.8773642 ,  0.95880721],
        [-0.49431818, -0.28392432,  0.        , ...,  0.70502377,
          0.70502377,  0.83869826],
        ...,
        [-0.96342618, -0.8773642 , -0.70502377, ...,  0.        ,
          0.        ,  0.2108377 ],
        [-0.96342618, -0.8773642 , -0.70502377, ...,  0.        ,
          0.        ,  0.2108377 ],
        [-0.9982684 , -0.95880721, -0.83869826, ..., -0.2108377 ,
         -0.2108377 ,  0.        ]],

       ...,

       [[ 0.        ,  0.16908102,  0.38442753, ..., -0.77494968,
         -0.47596455,  0.59712958],
        [-0.16908102,  0.        ,  0.22280458, ..., -0.87065516,
         -0.61781244,  0.45290474],
        [-0.38442753, -0.22280458,  0.        , ..., -0.95836582,
         -0.77747949,  0.24287672],
        ...,
        [ 0.77494968,  0.87065516,  0.95836582, ...,  0.        ,
          0.38072019,  0.99902144],
        [ 0.47596455,  0.61781244,  0.77747949, ..., -0.38072019,
          0.        ,  0.90694673],
        [-0.59712958, -0.45290474, -0.24287672, ..., -0.99902144,
         -0.90694673,  0.        ]],

       [[ 0.        ,  0.        ,  0.4509342 , ...,  0.53677212,
          0.66017166,  0.64357959],
        [ 0.        ,  0.        ,  0.4509342 , ...,  0.53677212,
          0.66017166,  0.64357959],
        [-0.4509342 , -0.4509342 ,  0.        , ...,  0.8595653 ,
          0.9279443 ,  0.91956725],
        ...,
        [-0.53677212, -0.53677212, -0.8595653 , ...,  0.        ,
         -0.15382737, -0.13217143],
        [-0.66017166, -0.66017166, -0.9279443 , ...,  0.15382737,
          0.        ,  0.02187952],
        [-0.64357959, -0.64357959, -0.91956725, ...,  0.13217143,
         -0.02187952,  0.        ]],

       [[ 0.        ,  0.        , -0.01630839, ...,  0.99703989,
          0.99464625,  0.99416708],
        [ 0.        ,  0.        , -0.01630839, ...,  0.99703989,
          0.99464625,  0.99416708],
        [ 0.01630839,  0.01630839,  0.        , ...,  0.99816118,
          0.99619926,  0.99579374],
        ...,
        [-0.99703989, -0.99703989, -0.99816118, ...,  0.        ,
         -0.02655824, -0.03109415],
        [-0.99464625, -0.99464625, -0.99619926, ...,  0.02655824,
          0.        , -0.00453779],
        [-0.99416708, -0.99416708, -0.99579374, ...,  0.03109415,
          0.00453779,  0.        ]]]), 'num': array([ 9.99972393e-01,  8.62829326e-04,  5.20369564e-06, -5.67061406e-09,
        2.36196114e-03,  2.38041396e-03,  2.33735738e-03,  3.34512747e-03,
       -1.84528214e-05,  2.31275362e-03,  2.30414230e-03,  2.29522344e-03,
        6.99934606e-07,  2.41996306e-03,  2.18832155e-03])}
{'img': array([[[ 0.        ,  0.1509535 , -0.17206992, ...,  0.34975337,
          0.9988672 ,  0.95584972],
        [-0.1509535 ,  0.        , -0.31880014, ...,  0.20432594,
          0.98023797,  0.90053793],
        [ 0.17206992,  0.31880014,  0.        , ...,  0.505739  ,
          0.99215674,  0.99215674],
        ...,
        [-0.34975337, -0.20432594, -0.505739  , ...,  0.        ,
          0.91913764,  0.79270289],
        [-0.9988672 , -0.98023797, -0.99215674, ..., -0.91913764,
          0.        , -0.24803919],
        [-0.95584972, -0.90053793, -0.99215674, ..., -0.79270289,
          0.24803919,  0.        ]],

       [[ 0.        , -0.35669661, -0.08738433, ..., -0.38461311,
          0.89977724,  0.17197018],
        [ 0.35669661,  0.        ,  0.27369592, ..., -0.03005462,
          0.99623455,  0.51204063],
        [ 0.08738433, -0.27369592,  0.        , ..., -0.3024793 ,
          0.93446541,  0.25739483],
        ...,
        [ 0.38461311,  0.03005462,  0.3024793 , ...,  0.        ,
          0.99839021,  0.53762508],
        [-0.89977724, -0.99623455, -0.93446541, ..., -0.99839021,
          0.        , -0.81133339],
        [-0.17197018, -0.51204063, -0.25739483, ..., -0.53762508,
          0.81133339,  0.        ]],

       [[ 0.        ,  0.44798767,  0.59822992, ...,  0.9585964 ,
          0.99734308,  0.99505377],
        [-0.44798767,  0.        ,  0.17585782, ...,  0.72945063,
          0.85902948,  0.9341197 ],
        [-0.59822992, -0.17585782,  0.        , ...,  0.59778992,
          0.75561578,  0.85678778],
        ...,
        [-0.9585964 , -0.72945063, -0.59778992, ...,  0.        ,
          0.21418008,  0.37858449],
        [-0.99734308, -0.85902948, -0.75561578, ..., -0.21418008,
          0.        ,  0.17156118],
        [-0.99505377, -0.9341197 , -0.85678778, ..., -0.37858449,
         -0.17156118,  0.        ]],

       ...,

       [[ 0.        ,  0.22280458,  0.080542  , ..., -0.61781244,
          0.45290474,  0.28275337],
        [-0.22280458,  0.        , -0.14356331, ..., -0.77747949,
          0.24287672,  0.06193332],
        [-0.080542  ,  0.14356331,  0.        , ..., -0.67913753,
          0.37962541,  0.20457947],
        ...,
        [ 0.61781244,  0.77747949,  0.67913753, ...,  0.        ,
          0.90694673,  0.81493733],
        [-0.45290474, -0.24287672, -0.37962541, ..., -0.90694673,
          0.        , -0.1823316 ],
        [-0.28275337, -0.06193332, -0.20457947, ..., -0.81493733,
          0.1823316 ,  0.        ]],

       [[ 0.        ,  0.4509342 ,  0.53107418, ...,  0.66017166,
          0.64357959,  0.73737418],
        [-0.4509342 ,  0.        ,  0.0919261 , ...,  0.9279443 ,
          0.91956725,  0.9627477 ],
        [-0.53107418, -0.0919261 ,  0.        , ...,  0.95827782,
          0.95179442,  0.9835282 ],
        ...,
        [-0.66017166, -0.9279443 , -0.95827782, ...,  0.        ,
          0.02187952, -0.1079169 ],
        [-0.64357959, -0.91956725, -0.95179442, ..., -0.02187952,
          0.        , -0.12964281],
        [-0.73737418, -0.9627477 , -0.9835282 , ...,  0.1079169 ,
          0.12964281,  0.        ]],

       [[ 0.        , -0.01630839, -0.00196119, ...,  0.99464625,
          0.99416708,  0.99700651],
        [ 0.01630839,  0.        ,  0.01434744, ...,  0.99619926,
          0.99579374,  0.99813485],
        [ 0.00196119, -0.01434744,  0.        , ...,  0.994847  ,
          0.99437669,  0.99715623],
        ...,
        [-0.99464625, -0.99619926, -0.994847  , ...,  0.        ,
         -0.00453779,  0.02612542],
        [-0.99416708, -0.99579374, -0.99437669, ...,  0.00453779,
          0.        ,  0.03066139],
        [-0.99700651, -0.99813485, -0.99715623, ..., -0.02612542,
         -0.03066139,  0.        ]]]), 'num': array([ 9.81619829e-01,  1.90721645e-01,  4.11926138e-06, -1.52608460e-08,
        2.31934951e-03,  2.33142946e-03,  2.28310968e-03,  2.46015336e-03,
        0.00000000e+00,  2.29035764e-03,  2.26045978e-03,  2.25572847e-03,
        7.24796723e-07,  2.36815945e-03,  2.15276011e-03])}
{'img': array([[[ 0.        , -0.31880014, -0.31880014, ...,  0.98023797,
          0.90053793,  0.90053793],
        [ 0.31880014,  0.        ,  0.        , ...,  0.99215674,
          0.99215674,  0.99215674],
        [ 0.31880014,  0.        ,  0.        , ...,  0.99215674,
          0.99215674,  0.99215674],
        ...,
        [-0.98023797, -0.99215674, -0.99215674, ...,  0.        ,
         -0.24803919, -0.24803919],
        [-0.90053793, -0.99215674, -0.99215674, ...,  0.24803919,
          0.        ,  0.        ],
        [-0.90053793, -0.99215674, -0.99215674, ...,  0.24803919,
          0.        ,  0.        ]],

       [[ 0.        ,  0.27369592, -0.14009889, ...,  0.99623455,
          0.51204063,  0.21629554],
        [-0.27369592,  0.        , -0.40574599, ...,  0.93446541,
          0.25739483, -0.05918041],
        [ 0.14009889,  0.40574599,  0.        , ...,  0.99855564,
          0.62733016,  0.35094479],
        ...,
        [-0.99623455, -0.93446541, -0.99855564, ...,  0.        ,
         -0.81133339, -0.95389899],
        [-0.51204063, -0.25739483, -0.62733016, ...,  0.81133339,
          0.        , -0.3141301 ],
        [-0.21629554,  0.05918041, -0.35094479, ...,  0.95389899,
          0.3141301 ,  0.        ]],

       [[ 0.        ,  0.43153143,  0.51005825, ...,  0.99113386,
          0.99880118,  0.96209139],
        [-0.43153143,  0.        ,  0.0889451 , ...,  0.83676343,
          0.92214036,  0.98559101],
        [-0.51005825, -0.0889451 ,  0.        , ...,  0.78474376,
          0.88407659,  0.96663995],
        ...,
        [-0.99113386, -0.83676343, -0.78474376, ...,  0.        ,
          0.18122489,  0.39813956],
        [-0.99880118, -0.92214036, -0.88407659, ..., -0.18122489,
          0.        ,  0.22530494],
        [-0.96209139, -0.98559101, -0.96663995, ..., -0.39813956,
         -0.22530494,  0.        ]],

       ...,

       [[ 0.        , -0.14356331,  0.71784982, ...,  0.24287672,
          0.06193332,  0.2084633 ],
        [ 0.14356331,  0.        ,  0.8103622 , ...,  0.37962541,
          0.20457947,  0.34671311],
        [-0.71784982, -0.8103622 ,  0.        , ..., -0.52726508,
         -0.67335391, -0.55694707],
        ...,
        [-0.24287672, -0.37962541,  0.52726508, ...,  0.        ,
         -0.1823316 , -0.03531944],
        [-0.06193332, -0.20457947,  0.67335391, ...,  0.1823316 ,
          0.        ,  0.14749046],
        [-0.2084633 , -0.34671311,  0.55694707, ...,  0.03531944,
         -0.14749046,  0.        ]],

       [[ 0.        ,  0.30547446,  0.38040279, ...,  0.65909524,
          0.75383709,  0.84372213],
        [-0.30547446,  0.        ,  0.07971047, ...,  0.85732563,
          0.91851935,  0.96736508],
        [-0.38040279, -0.07971047,  0.        , ...,  0.89563059,
          0.94711229,  0.98448455],
        ...,
        [-0.65909524, -0.85732563, -0.89563059, ...,  0.        ,
         -0.13386432, -0.28073996],
        [-0.75383709, -0.91851935, -0.94711229, ...,  0.13386432,
          0.        , -0.14973239],
        [-0.84372213, -0.96736508, -0.98448455, ...,  0.28073996,
          0.14973239,  0.        ]],

       [[ 0.        ,  0.01434744,  0.01281652, ...,  0.99579374,
          0.99813485,  0.99983881],
        [-0.01434744,  0.        , -0.00153106, ...,  0.99437669,
          0.99715623,  0.9994783 ],
        [-0.01281652,  0.00153106,  0.        , ...,  0.99453766,
          0.99727044,  0.99952658],
        ...,
        [-0.99579374, -0.99437669, -0.99453766, ...,  0.        ,
          0.03066139,  0.07372975],
        [-0.99813485, -0.99715623, -0.99727044, ..., -0.03066139,
          0.        ,  0.04311715],
        [-0.99983881, -0.9994783 , -0.99952658, ..., -0.07372975,
         -0.04311715,  0.        ]]]), 'num': array([ 9.89535784e-01,  1.44117618e-01,  4.43789064e-06, -1.54960328e-08,
        2.33540930e-03,  2.37831708e-03,  2.32314993e-03,  2.46137429e-03,
       -1.83890496e-05,  2.33663524e-03,  2.29127558e-03,  2.29066261e-03,
        9.19452480e-07,  2.39322753e-03,  2.18932364e-03])}
{'img': array([[[ 0.        ,  0.        , -0.21566591, ...,  0.99215674,
          0.99215674,  0.94330779],
        [ 0.        ,  0.        , -0.21566591, ...,  0.99215674,
          0.99215674,  0.94330779],
        [ 0.21566591,  0.21566591,  0.        , ...,  0.99576677,
          0.99576677,  0.9926928 ],
        ...,
        [-0.99215674, -0.99215674, -0.99576677, ...,  0.        ,
          0.        , -0.21140247],
        [-0.99215674, -0.99215674, -0.99576677, ...,  0.        ,
          0.        , -0.21140247],
        [-0.94330779, -0.94330779, -0.9926928 , ...,  0.21140247,
          0.21140247,  0.        ]],

       [[ 0.        , -0.40574599, -0.34840614, ...,  0.25739483,
         -0.05918041, -0.07402026],
        [ 0.40574599,  0.        ,  0.06188515, ...,  0.62733016,
          0.35094479,  0.33697945],
        [ 0.34840614, -0.06188515,  0.        , ...,  0.57793447,
          0.29232311,  0.27806795],
        ...,
        [-0.25739483, -0.62733016, -0.57793447, ...,  0.        ,
         -0.3141301 , -0.32821497],
        [ 0.05918041, -0.35094479, -0.29232311, ...,  0.3141301 ,
          0.        , -0.01487246],
        [ 0.07402026, -0.33697945, -0.27806795, ...,  0.32821497,
          0.01487246,  0.        ]],

       [[ 0.        ,  0.29374977,  0.44191115, ...,  1.        ,
          0.97192421,  0.92401636],
        [-0.29374977,  0.        ,  0.15890425, ...,  0.95588235,
          0.9981628 ,  0.99556702],
        [-0.44191115, -0.15890425,  0.        , ...,  0.89705882,
          0.97585229,  0.99786306],
        ...,
        [-1.        , -0.95588235, -0.89705882, ...,  0.        ,
          0.23529412,  0.38235294],
        [-0.97192421, -0.9981628 , -0.97585229, ..., -0.23529412,
          0.        ,  0.15420247],
        [-0.92401636, -0.99556702, -0.99786306, ..., -0.38235294,
         -0.15420247,  0.        ]],

       ...,

       [[ 0.        ,  0.76379875,  0.9201917 , ...,  0.19609981,
          0.3313448 ,  0.99980314],
        [-0.76379875,  0.        ,  0.29493904, ..., -0.62239529,
         -0.50678358,  0.63017267],
        [-0.9201917 , -0.29493904,  0.        , ..., -0.82555839,
         -0.73849893,  0.37313321],
        ...,
        [-0.19609981,  0.62239529,  0.82555839, ...,  0.        ,
          0.1398893 ,  0.97650004],
        [-0.3313448 ,  0.50678358,  0.73849893, ..., -0.1398893 ,
          0.        ,  0.9367497 ],
        [-0.99980314, -0.63017267, -0.37313321, ..., -0.97650004,
         -0.9367497 ,  0.        ]],

       [[ 0.        ,  0.0852838 , -0.05925915, ...,  0.90893583,
          0.96121663,  0.99365439],
        [-0.0852838 ,  0.        , -0.14417718, ...,  0.94118219,
          0.98123543,  0.99962663],
        [ 0.05925915,  0.14417718,  0.        , ...,  0.88263122,
          0.94318408,  0.98524292],
        ...,
        [-0.90893583, -0.94118219, -0.88263122, ...,  0.        ,
         -0.15008638, -0.31205648],
        [-0.96121663, -0.98123543, -0.94318408, ...,  0.15008638,
          0.        , -0.16593018],
        [-0.99365439, -0.99962663, -0.98524292, ...,  0.31205648,
          0.16593018,  0.        ]],

       [[ 0.        , -0.00153106,  0.01439379, ...,  0.99715623,
          0.9994783 ,  0.99983571],
        [ 0.00153106,  0.        ,  0.01592468, ...,  0.99727044,
          0.99952658,  0.99980678],
        [-0.01439379, -0.01592468,  0.        , ...,  0.99596818,
          0.99890987,  0.99999303],
        ...,
        [-0.99715623, -0.99727044, -0.99596818, ...,  0.        ,
          0.04311715,  0.09342442],
        [-0.9994783 , -0.99952658, -0.99890987, ..., -0.04311715,
          0.        ,  0.05040897],
        [-0.99983571, -0.99980678, -0.99999303, ..., -0.09342442,
         -0.05040897,  0.        ]]]), 'num': array([ 9.44482721e-01,  3.28489933e-01,  3.22509313e-06, -2.28617315e-08,
        2.23185793e-03,  2.24354305e-03,  2.19096001e-03,  2.80188145e-03,
        5.84256002e-06,  2.24120602e-03,  2.18131978e-03,  2.18521482e-03,
        8.55008783e-07,  2.26994778e-03,  2.09269179e-03])}
{'img': array([[[ 0.        , -0.21566591, -0.66143783, ...,  0.99215674,
          0.94330779,  0.96379286],
        [ 0.21566591,  0.        , -0.48412292, ...,  0.99576677,
          0.9926928 ,  0.99861989],
        [ 0.66143783,  0.48412292,  0.        , ...,  0.82679728,
          0.92702481,  0.89921841],
        ...,
        [-0.99215674, -0.99576677, -0.82679728, ...,  0.        ,
         -0.21140247, -0.14408654],
        [-0.94330779, -0.9926928 , -0.92702481, ...,  0.21140247,
          0.        ,  0.06836645],
        [-0.96379286, -0.99861989, -0.89921841, ...,  0.14408654,
         -0.06836645,  0.        ]],

       [[ 0.        ,  0.06188515,  0.24280624, ...,  0.35094479,
          0.33697945,  0.50893615],
        [-0.06188515,  0.        ,  0.18230763, ...,  0.29232311,
          0.27806795,  0.45468966],
        [-0.24280624, -0.18230763,  0.        , ...,  0.11307986,
          0.09829029,  0.28469748],
        ...,
        [-0.35094479, -0.29232311, -0.11307986, ...,  0.        ,
         -0.01487246,  0.17447108],
        [-0.33697945, -0.27806795, -0.09829029, ...,  0.01487246,
          0.        ,  0.18909614],
        [-0.50893615, -0.45468966, -0.28469748, ..., -0.17447108,
         -0.18909614,  0.        ]],

       [[ 0.        ,  0.17980387, -0.24162232, ...,  0.99992386,
          0.98974187,  0.94107761],
        [-0.17980387,  0.        , -0.41216082, ...,  0.98140882,
          0.9992996 ,  0.98654837],
        [ 0.24162232,  0.41216082,  0.        , ...,  0.97327809,
          0.9258963 ,  0.83147942],
        ...,
        [-0.99992386, -0.98140882, -0.97327809, ...,  0.        ,
          0.15506961,  0.34977774],
        [-0.98974187, -0.9992996 , -0.9258963 , ..., -0.15506961,
          0.        ,  0.20027238],
        [-0.94107761, -0.98654837, -0.83147942, ..., -0.34977774,
         -0.20027238,  0.        ]],

       ...,

       [[ 0.        ,  0.29493904, -0.09239016, ..., -0.50678358,
          0.63017267,  0.27725011],
        [-0.29493904,  0.        , -0.38195784, ..., -0.73849893,
          0.37313321, -0.01845984],
        [ 0.09239016,  0.38195784,  0.        , ..., -0.42496891,
          0.69921415,  0.36483254],
        ...,
        [ 0.50678358,  0.73849893,  0.42496891, ...,  0.        ,
          0.9367497 ,  0.72592646],
        [-0.63017267, -0.37313321, -0.69921415, ..., -0.9367497 ,
          0.        , -0.39019626],
        [-0.27725011,  0.01845984, -0.36483254, ..., -0.72592646,
          0.39019626,  0.        ]],

       [[ 0.        , -0.14417718, -0.36208111, ...,  0.98123543,
          0.99962663,  0.98837266],
        [ 0.14417718,  0.        , -0.22390379, ...,  0.94318408,
          0.98524292,  0.99996831],
        [ 0.36208111,  0.22390379,  0.        , ...,  0.84484115,
          0.92190505,  0.97636298],
        ...,
        [-0.98123543, -0.94318408, -0.84484115, ...,  0.        ,
         -0.16593018, -0.33976933],
        [-0.99962663, -0.98524292, -0.92190505, ...,  0.16593018,
          0.        , -0.17900049],
        [-0.98837266, -0.99996831, -0.97636298, ...,  0.33976933,
          0.17900049,  0.        ]],

       [[ 0.        ,  0.01592468,  0.01247516, ...,  0.99952658,
          0.99980678,  0.9960161 ],
        [-0.01592468,  0.        , -0.00344986, ...,  0.99890987,
          0.99999303,  0.99730986],
        [-0.01247516,  0.00344986,  0.        , ...,  0.99906497,
          0.9999742 ,  0.99705105],
        ...,
        [-0.99952658, -0.99890987, -0.99906497, ...,  0.        ,
          0.05040897,  0.11977602],
        [-0.99980678, -0.99999303, -0.9999742 , ..., -0.05040897,
          0.        ,  0.06957767],
        [-0.9960161 , -0.99730986, -0.99705105, ..., -0.11977602,
         -0.06957767,  0.        ]]]), 'num': array([ 9.91810018e-01,  1.27542007e-01,  4.54877901e-06, -2.20889147e-08,
        2.34218973e-03,  2.35451705e-03,  2.31753510e-03,  1.66020572e-03,
       -1.23273144e-05,  2.35574978e-03,  2.30058505e-03,  2.30705689e-03,
        8.41865373e-07,  2.39282393e-03,  2.20834617e-03])}
{'img': array([[[ 0.        , -0.48412292,  0.72618438, ...,  0.9926928 ,
          0.99861989,  0.98246645],
        [ 0.48412292,  0.        ,  0.96824584, ...,  0.92702481,
          0.89921841,  0.94991776],
        [-0.72618438, -0.96824584,  0.        , ...,  0.59484839,
          0.64841216,  0.54005626],
        ...,
        [-0.9926928 , -0.92702481, -0.59484839, ...,  0.        ,
          0.06836645, -0.06652391],
        [-0.99861989, -0.89921841, -0.64841216, ..., -0.06836645,
          0.        , -0.13458327],
        [-0.98246645, -0.94991776, -0.54005626, ...,  0.06652391,
          0.13458327,  0.        ]],

       [[ 0.        ,  0.18230763,  0.60709786, ...,  0.27806795,
          0.45468966, -0.13742839],
        [-0.18230763,  0.        ,  0.45205726, ...,  0.09829029,
          0.28469748, -0.31570315],
        [-0.60709786, -0.45205726,  0.        , ..., -0.36219445,
         -0.17940295, -0.71054186],
        ...,
        [-0.27806795, -0.09829029,  0.36219445, ...,  0.        ,
          0.18909614, -0.40743797],
        [-0.45468966, -0.28469748,  0.17940295, ..., -0.18909614,
          0.        , -0.57277602],
        [ 0.13742839,  0.31570315,  0.71054186, ...,  0.40743797,
          0.57277602,  0.        ]],

       [[ 0.        , -0.41216082, -0.07875445, ...,  0.9992996 ,
          0.98654837,  0.99903147],
        [ 0.41216082,  0.        ,  0.33912661, ...,  0.9258963 ,
          0.83147942,  0.89209299],
        [ 0.07875445, -0.33912661,  0.        , ...,  0.99914286,
          0.97061024,  0.99246321],
        ...,
        [-0.9992996 , -0.9258963 , -0.99914286, ...,  0.        ,
          0.20027238,  0.08135505],
        [-0.98654837, -0.83147942, -0.97061024, ..., -0.20027238,
          0.        , -0.1199017 ],
        [-0.99903147, -0.89209299, -0.99246321, ..., -0.08135505,
          0.1199017 ,  0.        ]],

       ...,

       [[ 0.        , -0.38195784, -0.31750544, ...,  0.37313321,
         -0.01845984, -0.38926861],
        [ 0.38195784,  0.        ,  0.06876188, ...,  0.69921415,
          0.36483254, -0.00792353],
        [ 0.31750544, -0.06876188,  0.        , ...,  0.64840047,
          0.29994668, -0.0766645 ],
        ...,
        [-0.37313321, -0.69921415, -0.64840047, ...,  0.        ,
         -0.39019626, -0.70485683],
        [ 0.01845984, -0.36483254, -0.29994668, ...,  0.39019626,
          0.        , -0.37219847],
        [ 0.38926861,  0.00792353,  0.0766645 , ...,  0.70485683,
          0.37219847,  0.        ]],

       [[ 0.        , -0.22390379,  0.232259  , ...,  0.98524292,
          0.99996831,  0.99935949],
        [ 0.22390379,  0.        ,  0.44414314, ...,  0.92190505,
          0.97636298,  0.98199955],
        [-0.232259  , -0.44414314,  0.        , ...,  0.99805433,
          0.97077401,  0.96371943],
        ...,
        [-0.98524292, -0.92190505, -0.99805433, ...,  0.        ,
         -0.17900049, -0.20630983],
        [-0.99996831, -0.97636298, -0.97077401, ...,  0.17900049,
          0.        , -0.02782811],
        [-0.99935949, -0.98199955, -0.96371943, ...,  0.20630983,
          0.02782811,  0.        ]],

       [[ 0.        , -0.00344986, -0.12370876, ...,  0.99999303,
          0.99730986,  0.9967495 ],
        [ 0.00344986,  0.        , -0.12028467, ...,  0.9999742 ,
          0.99705105,  0.99646564],
        [ 0.12370876,  0.12028467,  0.        , ...,  0.99184987,
          0.98058112,  0.97912667],
        ...,
        [-0.99999303, -0.9999742 , -0.99184987, ...,  0.        ,
          0.06957767,  0.07684187],
        [-0.99730986, -0.99705105, -0.98058112, ..., -0.06957767,
          0.        ,  0.00728369],
        [-0.9967495 , -0.99646564, -0.97912667, ..., -0.07684187,
         -0.00728369,  0.        ]]]), 'num': array([ 9.26109347e-01,  3.77196301e-01,  2.83675993e-06, -2.60402538e-08,
        2.20447007e-03,  2.22725529e-03,  2.17598854e-03,  2.63392590e-03,
        3.98741356e-05,  2.18054559e-03,  2.12956365e-03,  2.13459539e-03,
        8.10141167e-07,  2.22136258e-03,  2.03776473e-03])}
{'img': array([[[ 0.        ,  0.96824584,  0.58296119, ...,  0.89921841,
          0.94991776,  0.66143783],
        [-0.96824584,  0.        , -0.64095944, ...,  0.64841216,
          0.54005626,  0.89154383],
        [-0.58296119,  0.64095944,  0.        , ...,  0.98566048,
          0.95398355,  0.97463913],
        ...,
        [-0.89921841, -0.64841216, -0.98566048, ...,  0.        ,
         -0.13458327,  0.38503476],
        [-0.94991776, -0.54005626, -0.95398355, ...,  0.13458327,
          0.        ,  0.505739  ],
