state_0,state_1,state_2,state_3,state_4,state_5,state_6,state_7,state_8,state_9,state_10,state_11,state_12,state_13,state_14,state_15,state_16,state_17,state_18,state_19,state_20,state_21,state_22,state_23,state_24,state_25,state_26,state_27,state_28,state_29,state_30,state_31,state_32,state_33,state_34,state_35,state_36,state_37,state_38,state_39,state_40,state_41,state_42,state_43,state_44,state_45,state_46,state_47,state_48,state_49,state_50,state_51,state_52,state_53,state_54,state_55,state_56,state_57,state_58,state_59,state_60,state_61,state_62,state_63,state_64,state_65,state_66,state_67,state_68,state_69,state_70,state_71,state_72,state_73,state_74,state_75,state_76,state_77,state_78,state_79,state_80,state_81,state_82,state_83,state_84,state_85,state_86,state_87,state_88,state_89,state_90,state_91,state_92,state_93,state_94,state_95,state_96,state_97,state_98,state_99,state_100,state_101,state_102,state_103,state_104,state_105,state_106,state_107,state_108,state_109,state_110,state_111,state_112,state_113,state_114,state_115,state_116,state_117,state_118,state_119,state_120,state_121,state_122,state_123,state_124,state_125,state_126,state_127,state_128,state_129,state_130,state_131,state_132,state_133,state_134,state_135,state_136,state_137,state_138,state_139,state_140,state_141,state_142,state_143,state_144,state_145,state_146,state_147,state_148,state_149,state_150,state_151,state_152,state_153,state_154,state_155,state_156,state_157,state_158,state_159,state_160,state_161,state_162,state_163,state_164,state_165,state_166,state_167,state_168,state_169,state_170,state_171,state_172,state_173,state_174,state_175,state_176,state_177,state_178,state_179,state_180,state_181,state_182,state_183,state_184,state_185,state_186,state_187,state_188,state_189,state_190,state_191,state_192,state_193,state_194,state_195,state_196,state_197,state_198,state_199,state_200,state_201,state_202,state_203,state_204,state_205,state_206,state_207,state_208,state_209,state_210,state_211,state_212,state_213,state_214,state_215,state_216,state_217,state_218,state_219,state_220,state_221,state_222,state_223,state_224,state_225,state_226,state_227,state_228,state_229,state_230,state_231,state_232,state_233,state_234,state_235,state_236,state_237,state_238,state_239,state_240,state_241,state_242,state_243,state_244,state_245,state_246,state_247,state_248,state_249,state_250,state_251,state_252,state_253,state_254,state_255,state_256,state_257,state_258,state_259,state_260,state_261,state_262,state_263,state_264,state_265,state_266,state_267,state_268,state_269,state_270,state_271,state_272,state_273,state_274,state_275,state_276,state_277,state_278,state_279,state_280,state_281,state_282,state_283,state_284,state_285,state_286,state_287
{'img': array([[[ 0.        , -0.13127869, -0.08789802, ..., -0.9627882 ,
         -0.93518979, -0.98067335],
        [ 0.13127869,  0.        ,  0.04363326, ..., -0.91897676,
         -0.88060425, -0.99787108],
        [ 0.08789802, -0.04363326,  0.        , ..., -0.93530664,
         -0.9004413 , -0.99407508],
        ...,
        [ 0.9627882 ,  0.91897676,  0.93530664, ...,  0.        ,
          0.08822685, -0.45340551],
        [ 0.93518979,  0.88060425,  0.9004413 , ..., -0.08822685,
          0.        , -0.53027439],
        [ 0.98067335,  0.99787108,  0.99407508, ...,  0.45340551,
          0.53027439,  0.        ]],

       [[ 0.        ,  0.35137378,  0.00335434, ...,  0.99266241,
          0.53041826,  0.96935116],
        [-0.35137378,  0.        , -0.34823135, ...,  0.8868779 ,
          0.19872405,  0.82121548],
        [-0.00335434,  0.34823135,  0.        , ...,  0.99225123,
          0.52757168,  0.96852162],
        ...,
        [-0.99266241, -0.8868779 , -0.99225123, ...,  0.        ,
         -0.77737826, -0.12666393],
        [-0.53041826, -0.19872405, -0.52757168, ...,  0.77737826,
          0.        ,  0.69144117],
        [-0.96935116, -0.82121548, -0.96852162, ...,  0.12666393,
         -0.69144117,  0.        ]],

       [[ 0.        , -0.05632848, -0.11199091, ..., -0.94383922,
         -0.96803583, -0.9779011 ],
        [ 0.05632848,  0.        , -0.05583898, ..., -0.92372947,
         -0.95237101, -0.98812496],
        [ 0.11199091,  0.05583898,  0.        , ..., -0.90089938,
         -0.93385748, -0.99516307],
        ...,
        [ 0.94383922,  0.92372947,  0.90089938, ...,  0.        ,
         -0.08311781, -0.52043009],
        [ 0.96803583,  0.95237101,  0.93385748, ...,  0.08311781,
          0.        , -0.44765461],
        [ 0.9779011 ,  0.98812496,  0.99516307, ...,  0.52043009,
          0.44765461,  0.        ]],

       ...,

       [[ 0.        , -0.10611304, -0.44199064, ..., -0.93553997,
         -0.85203185, -0.89194555],
        [ 0.10611304,  0.        , -0.3443097 , ..., -0.89277665,
         -0.79167223, -0.83893144],
        [ 0.44199064,  0.3443097 ,  0.        , ..., -0.68307745,
         -0.53291167, -0.60024981],
        ...,
        [ 0.93553997,  0.89277665,  0.68307745, ...,  0.        ,
          0.18879037,  0.10794393],
        [ 0.85203185,  0.79167223,  0.53291167, ..., -0.18879037,
          0.        , -0.08168445],
        [ 0.89194555,  0.83893144,  0.60024981, ..., -0.10794393,
          0.08168445,  0.        ]],

       [[ 0.        ,  0.04659671, -0.06400998, ...,  0.69594523,
          0.47492836,  0.31669354],
        [-0.04659671,  0.        , -0.1104416 , ...,  0.66172842,
          0.43340624,  0.27215127],
        [ 0.06400998,  0.1104416 ,  0.        , ...,  0.74048326,
          0.53028475,  0.37675934],
        ...,
        [-0.69594523, -0.66172842, -0.74048326, ...,  0.        ,
         -0.27140521, -0.43270746],
        [-0.47492836, -0.43340624, -0.53028475, ...,  0.27140521,
          0.        , -0.17178474],
        [-0.31669354, -0.27215127, -0.37675934, ...,  0.43270746,
          0.17178474,  0.        ]],

       [[ 0.        , -0.09367534, -0.13544451, ..., -0.98892943,
         -0.95444519, -0.69351952],
        [ 0.09367534,  0.        , -0.04203681, ..., -0.99848107,
         -0.97819974, -0.75795724],
        [ 0.13544451,  0.04203681,  0.        , ..., -0.99991453,
         -0.9860647 , -0.78470804],
        ...,
        [ 0.98892943,  0.99848107,  0.99991453, ...,  0.        ,
         -0.15345611, -0.60955317],
        [ 0.95444519,  0.97819974,  0.9860647 , ...,  0.15345611,
          0.        , -0.4806817 ],
        [ 0.69351952,  0.75795724,  0.78470804, ...,  0.60955317,
          0.4806817 ,  0.        ]]]), 'num': array([7.07039737e-01, 7.07039737e-01, 0.00000000e+00, 0.00000000e+00,
       6.72124194e-05, 6.76488637e-05, 6.63395308e-05, 1.37689151e-02,
       8.72888564e-07, 6.73288045e-05, 7.09512921e-05, 7.46368216e-05,
       5.67732399e-07, 7.70733469e-05, 6.48292373e-05])}
{'img': array([[[ 0.        ,  0.04363326, -0.02177002, ..., -0.88060425,
         -0.99787108, -0.89991951],
        [-0.04363326,  0.        , -0.06537221, ..., -0.9004413 ,
         -0.99407508, -0.91808899],
        [ 0.02177002,  0.06537221,  0.        , ..., -0.87007977,
         -0.99905437, -0.89021329],
        ...,
        [ 0.88060425,  0.9004413 ,  0.87007977, ...,  0.        ,
         -0.53027439, -0.04243628],
        [ 0.99787108,  0.99407508,  0.99905437, ...,  0.53027439,
          0.        ,  0.49381812],
        [ 0.89991951,  0.91808899,  0.89021329, ...,  0.04243628,
         -0.49381812,  0.        ]],

       [[ 0.        , -0.34823135, -0.0551651 , ...,  0.19872405,
          0.82121548,  0.52149912],
        [ 0.34823135,  0.        ,  0.29598884, ...,  0.52757168,
          0.96852162,  0.78598681],
        [ 0.0551651 , -0.29598884,  0.        , ...,  0.2524863 ,
          0.85144318,  0.56777473],
        ...,
        [-0.19872405, -0.52757168, -0.2524863 , ...,  0.        ,
          0.69144117,  0.34153642],
        [-0.82121548, -0.96852162, -0.85144318, ..., -0.69144117,
          0.        , -0.4031267 ],
        [-0.52149912, -0.78598681, -0.56777473, ..., -0.34153642,
          0.4031267 ,  0.        ]],

       [[ 0.        , -0.0541696 , -0.1078026 , ..., -0.91762016,
         -0.98242797, -0.98320924],
        [ 0.0541696 ,  0.        , -0.0537904 , ..., -0.89474269,
         -0.97087519, -0.99165061],
        [ 0.1078026 ,  0.0537904 ,  0.        , ..., -0.8694255 ,
         -0.95658219, -0.99715142],
        ...,
        [ 0.91762016,  0.89474269,  0.8694255 , ...,  0.        ,
         -0.21920776, -0.55823379],
        [ 0.98242797,  0.97087519,  0.95658219, ...,  0.21920776,
          0.        , -0.36278343],
        [ 0.98320924,  0.99165061,  0.99715142, ...,  0.55823379,
          0.36278343,  0.        ]],

       ...,

       [[ 0.        , -0.3443097 , -0.27530704, ..., -0.79167223,
         -0.83893144, -0.66743025],
        [ 0.3443097 ,  0.        ,  0.07253062, ..., -0.53291167,
         -0.60024981, -0.37022308],
        [ 0.27530704, -0.07253062,  0.        , ..., -0.59288137,
         -0.65667977, -0.43662478],
        ...,
        [ 0.79167223,  0.53291167,  0.59288137, ...,  0.        ,
         -0.08168445,  0.18177251],
        [ 0.83893144,  0.60024981,  0.65667977, ...,  0.08168445,
          0.        ,  0.26148871],
        [ 0.66743025,  0.37022308,  0.43662478, ..., -0.18177251,
         -0.26148871,  0.        ]],

       [[ 0.        , -0.1104416 , -0.1445697 , ...,  0.43340624,
          0.27215127,  0.00464743],
        [ 0.1104416 ,  0.        , -0.03440395, ...,  0.53028475,
          0.37675934,  0.11505941],
        [ 0.1445697 ,  0.03440395,  0.        , ...,  0.55913916,
          0.40840506,  0.14916675],
        ...,
        [-0.43340624, -0.53028475, -0.55913916, ...,  0.        ,
         -0.17178474, -0.4292133 ],
        [-0.27215127, -0.37675934, -0.40840506, ...,  0.17178474,
          0.        , -0.26767632],
        [-0.00464743, -0.11505941, -0.14916675, ...,  0.4292133 ,
          0.26767632,  0.        ]],

       [[ 0.        , -0.04111289, -0.10376979, ..., -0.99502198,
         -0.94069952, -0.747043  ],
        [ 0.04111289,  0.        , -0.06279112, ..., -0.99827783,
         -0.95385134, -0.77374223],
        [ 0.10376979,  0.06279112,  0.        , ..., -0.99999145,
         -0.97082397, -0.81199361],
        ...,
        [ 0.99502198,  0.99827783,  0.99999145, ...,  0.        ,
         -0.24380607, -0.58701933],
        [ 0.94069952,  0.95385134,  0.97082397, ...,  0.24380607,
          0.        , -0.37192664],
        [ 0.747043  ,  0.77374223,  0.81199361, ...,  0.58701933,
          0.37192664,  0.        ]]]), 'num': array([ 9.60351973e-01,  2.78270182e-01,  2.96557300e-04, -4.00056392e-10,
        9.11874052e-05,  9.21785727e-05,  8.99980043e-05,  1.70186623e-02,
       -3.96466979e-07,  9.12666986e-05,  9.60738607e-05,  1.01551713e-04,
        8.02971097e-07,  1.04163415e-04,  8.79843069e-05])}
{'img': array([[[ 0.        , -0.06537221, -0.19472524, ..., -0.99407508,
         -0.91808899, -0.95196662],
        [ 0.06537221,  0.        , -0.13018786, ..., -0.99905437,
         -0.89021329, -0.92991322],
        [ 0.19472524,  0.13018786,  0.        , ..., -0.99621211,
         -0.82333069, -0.87411869],
        ...,
        [ 0.99407508,  0.99905437,  0.99621211, ...,  0.        ,
          0.49381812,  0.40786224],
        [ 0.91808899,  0.89021329,  0.82333069, ..., -0.49381812,
          0.        , -0.09621459],
        [ 0.95196662,  0.92991322,  0.87411869, ..., -0.40786224,
          0.09621459,  0.        ]],

       [[ 0.        ,  0.29598884,  0.40715068, ...,  0.96852162,
          0.78598681,  0.70035679],
        [-0.29598884,  0.        ,  0.11856216, ...,  0.85144318,
          0.56777473,  0.45770004],
        [-0.40715068, -0.11856216,  0.        , ...,  0.78325808,
          0.46617154,  0.3490573 ],
        ...,
        [-0.96852162, -0.85144318, -0.78325808, ...,  0.        ,
         -0.4031267 , -0.51698446],
        [-0.78598681, -0.56777473, -0.46617154, ...,  0.4031267 ,
          0.        , -0.12804097],
        [-0.70035679, -0.45770004, -0.3490573 , ...,  0.51698446,
          0.12804097,  0.        ]],

       [[ 0.        , -0.05242078, -0.09970925, ..., -0.9404667 ,
         -0.98308335, -0.98812311],
        [ 0.05242078,  0.        , -0.04741261, ..., -0.92135656,
         -0.97213037, -0.99481973],
        [ 0.09970925,  0.04741261,  0.        , ..., -0.90189023,
         -0.95992164, -0.99852067],
        ...,
        [ 0.9404667 ,  0.92135656,  0.90189023, ...,  0.        ,
         -0.1618814 , -0.48036522],
        [ 0.98308335,  0.97213037,  0.95992164, ...,  0.1618814 ,
          0.        , -0.33204822],
        [ 0.98812311,  0.99481973,  0.99852067, ...,  0.48036522,
          0.33204822,  0.        ]],

       ...,

       [[ 0.        ,  0.07253062, -0.02245233, ..., -0.60024981,
         -0.37022308, -0.34042813],
        [-0.07253062,  0.        , -0.09490553, ..., -0.65667977,
         -0.43662478, -0.40772991],
        [ 0.02245233,  0.09490553,  0.        , ..., -0.58214084,
         -0.34927282, -0.31923105],
        ...,
        [ 0.60024981,  0.65667977,  0.58214084, ...,  0.        ,
          0.26148871,  0.29211851],
        [ 0.37022308,  0.43662478,  0.34927282, ..., -0.26148871,
          0.        ,  0.03187157],
        [ 0.34042813,  0.40772991,  0.31923105, ..., -0.29211851,
         -0.03187157,  0.        ]],

       [[ 0.        , -0.02933966, -0.04304955, ...,  0.34297526,
          0.1010261 , -0.63724217],
        [ 0.02933966,  0.        , -0.01371856, ...,  0.37038765,
          0.13017216, -0.61435683],
        [ 0.04304955,  0.01371856,  0.        , ...,  0.38309565,
          0.14376174, -0.60347469],
        ...,
        [-0.34297526, -0.37038765, -0.38309565, ...,  0.        ,
         -0.24632221, -0.86290844],
        [-0.1010261 , -0.13017216, -0.14376174, ...,  0.24632221,
          0.        , -0.71183904],
        [ 0.63724217,  0.61435683,  0.60347469, ...,  0.86290844,
          0.71183904,  0.        ]],

       [[ 0.        , -0.06187035, -0.15018303, ..., -0.97839072,
         -0.92530811, -0.76658492],
        [ 0.06187035,  0.        , -0.08872668, ..., -0.98930891,
         -0.94699764, -0.8048459 ],
        [ 0.15018303,  0.08872668,  0.        , ..., -0.99834655,
         -0.97176529, -0.85432945],
        ...,
        [ 0.97839072,  0.98930891,  0.99834655, ...,  0.        ,
         -0.17970062, -0.46976407],
        [ 0.92530811,  0.94699764,  0.97176529, ...,  0.17970062,
          0.        , -0.30347868],
        [ 0.76658492,  0.8048459 ,  0.85432945, ...,  0.46976407,
          0.30347868,  0.        ]]]), 'num': array([ 8.37012582e-01,  5.47010958e-01,  1.24731881e-04, -1.30167814e-08,
        8.00888217e-05,  8.06055238e-05,  7.88831836e-05,  1.37433452e-02,
        8.61170126e-07,  7.94343325e-05,  8.30168002e-05,  8.81120568e-05,
        1.03340415e-06,  8.96695833e-05,  7.63640171e-05])}
{'img': array([[[ 0.        , -0.13018786,  0.13093289, ..., -0.89021329,
         -0.92991322, -0.8294202 ],
        [ 0.13018786,  0.        ,  0.25888567, ..., -0.82333069,
         -0.87411869, -0.74963507],
        [-0.13093289, -0.25888567,  0.        , ..., -0.94219534,
         -0.97006218, -0.89542233],
        ...,
        [ 0.89021329,  0.82333069,  0.94219534, ...,  0.        ,
         -0.09621459,  0.11945822],
        [ 0.92991322,  0.87411869,  0.97006218, ...,  0.09621459,
          0.        ,  0.21442963],
        [ 0.8294202 ,  0.74963507,  0.89542233, ..., -0.11945822,
         -0.21442963,  0.        ]],

       [[ 0.        ,  0.11856216, -0.1439387 , ...,  0.56777473,
          0.45770004,  0.3769712 ],
        [-0.11856216,  0.        , -0.26025098, ...,  0.46617154,
          0.3490573 ,  0.26449704],
        [ 0.1439387 ,  0.26025098,  0.        , ...,  0.68035031,
          0.58091069,  0.50636527],
        ...,
        [-0.56777473, -0.46617154, -0.68035031, ...,  0.        ,
         -0.12804097, -0.2155705 ],
        [-0.45770004, -0.3490573 , -0.58091069, ...,  0.12804097,
          0.        , -0.0887656 ],
        [-0.3769712 , -0.26449704, -0.50636527, ...,  0.2155705 ,
          0.0887656 ,  0.        ]],

       [[ 0.        , -0.04741261, -0.05214128, ..., -0.97213037,
         -0.99481973, -0.99568198],
        [ 0.04741261,  0.        , -0.00473453, ..., -0.95992164,
         -0.99852067, -0.99016092],
        [ 0.05214128,  0.00473453,  0.        , ..., -0.95858395,
         -0.99876691, -0.9894873 ],
        ...,
        [ 0.97213037,  0.95992164,  0.95858395, ...,  0.        ,
         -0.33204822, -0.14318585],
        [ 0.99481973,  0.99852067,  0.99876691, ...,  0.33204822,
          0.        ,  0.19356491],
        [ 0.99568198,  0.99016092,  0.9894873 , ...,  0.14318585,
         -0.19356491,  0.        ]],

       ...,

       [[ 0.        , -0.09490553,  0.21634847, ..., -0.43662478,
         -0.40772991, -0.05713713],
        [ 0.09490553,  0.        ,  0.30802974, ..., -0.34927282,
         -0.31923105,  0.03787125],
        [-0.21634847, -0.30802974,  0.        , ..., -0.62092039,
         -0.59562166, -0.27177894],
        ...,
        [ 0.43662478,  0.34927282,  0.62092039, ...,  0.        ,
          0.03187157,  0.38450842],
        [ 0.40772991,  0.31923105,  0.59562166, ..., -0.03187157,
          0.        ,  0.35489175],
        [ 0.05713713, -0.03787125,  0.27177894, ..., -0.38450842,
         -0.35489175,  0.        ]],

       [[ 0.        , -0.00849344, -0.04927316, ...,  0.08558145,
         -0.23099874, -0.84555849],
        [ 0.00849344,  0.        , -0.04078826, ...,  0.09404064,
         -0.22272668, -0.84099349],
        [ 0.04927316,  0.04078826,  0.        , ...,  0.13456988,
         -0.18277763, -0.81822533],
        ...,
        [-0.08558145, -0.09404064, -0.13456988, ...,  0.        ,
         -0.31341806, -0.88814675],
        [ 0.23099874,  0.22272668,  0.18277763, ...,  0.31341806,
          0.        , -0.69936331],
        [ 0.84555849,  0.84099349,  0.81822533, ...,  0.88814675,
          0.69936331,  0.        ]],

       [[ 0.        , -0.08837555, -0.10146158, ..., -0.95748918,
         -0.88645142, -0.80298875],
        [ 0.08837555,  0.        , -0.0131451 , ..., -0.97923637,
         -0.92388506, -0.85251815],
        [ 0.10146158,  0.0131451 ,  0.        , ..., -0.98181656,
         -0.92883547, -0.85931541],
        ...,
        [ 0.95748918,  0.97923637,  0.98181656, ...,  0.        ,
         -0.18743281, -0.33902048],
        [ 0.88645142,  0.92388506,  0.92883547, ...,  0.18743281,
          0.        , -0.15667931],
        [ 0.80298875,  0.85251815,  0.85931541, ...,  0.33902048,
          0.15667931,  0.        ]]]), 'num': array([ 9.99859700e-01,  8.02219248e-03,  4.20270130e-04, -5.88516176e-10,
        9.56910283e-05,  9.58937635e-05,  9.40691464e-05,  1.46959929e-02,
        1.41914661e-06,  9.38664112e-05,  9.72926366e-05,  1.03607839e-04,
        1.59903843e-06,  1.04572949e-04,  9.00123244e-05])}
{'img': array([[[ 0.        ,  0.25888567,  0.30144477, ..., -0.87411869,
         -0.74963507, -0.58378447],
        [-0.25888567,  0.        ,  0.04432465, ..., -0.97006218,
         -0.89542233, -0.7740736 ],
        [-0.30144477, -0.04432465,  0.        , ..., -0.97987332,
         -0.91427641, -0.80137456],
        ...,
        [ 0.87411869,  0.97006218,  0.97987332, ...,  0.        ,
          0.21442963,  0.42615319],
        [ 0.74963507,  0.89542233,  0.91427641, ..., -0.21442963,
          0.        ,  0.22225665],
        [ 0.58378447,  0.7740736 ,  0.80137456, ..., -0.42615319,
         -0.22225665,  0.        ]],

       [[ 0.        , -0.26025098, -0.33887796, ...,  0.3490573 ,
          0.26449704,  0.15815181],
        [ 0.26025098,  0.        , -0.08234855, ...,  0.58091069,
          0.50636527,  0.40967773],
        [ 0.33887796,  0.08234855,  0.        , ...,  0.64596671,
          0.57565617,  0.48340714],
        ...,
        [-0.3490573 , -0.58091069, -0.64596671, ...,  0.        ,
         -0.0887656 , -0.19646007],
        [-0.26449704, -0.50636527, -0.57565617, ...,  0.0887656 ,
          0.        , -0.10864882],
        [-0.15815181, -0.40967773, -0.48340714, ...,  0.19646007,
          0.10864882,  0.        ]],

       [[ 0.        , -0.00473453,  0.02843284, ..., -0.99852067,
         -0.99016092, -0.95591485],
        [ 0.00473453,  0.        ,  0.03316513, ..., -0.99876691,
         -0.9894873 , -0.95451388],
        [-0.02843284, -0.03316513,  0.        , ..., -0.99657098,
         -0.99373931, -0.96387752],
        ...,
        [ 0.99852067,  0.99876691,  0.99657098, ...,  0.        ,
          0.19356491,  0.34518605],
        [ 0.99016092,  0.9894873 ,  0.99373931, ..., -0.19356491,
          0.        ,  0.1569904 ],
        [ 0.95591485,  0.95451388,  0.96387752, ..., -0.34518605,
         -0.1569904 ,  0.        ]],

       ...,

       [[ 0.        ,  0.30802974,  0.3981248 , ..., -0.31923105,
          0.03787125,  0.33725242],
        [-0.30802974,  0.        ,  0.09620136, ..., -0.59562166,
         -0.27177894,  0.03087052],
        [-0.3981248 , -0.09620136,  0.        , ..., -0.6701343 ,
         -0.36309871, -0.06542818],
        ...,
        [ 0.31923105,  0.59562166,  0.6701343 , ...,  0.        ,
          0.35489175,  0.62013499],
        [-0.03787125,  0.27177894,  0.36309871, ..., -0.35489175,
          0.        ,  0.30135795],
        [-0.33725242, -0.03087052,  0.06542818, ..., -0.62013499,
         -0.30135795,  0.        ]],

       [[ 0.        , -0.03181975, -0.04736405, ..., -0.16759324,
         -0.47321079, -0.9370297 ],
        [ 0.03181975,  0.        , -0.01555602, ..., -0.13613867,
         -0.44493958, -0.92544218],
        [ 0.04736405,  0.01555602,  0.        , ..., -0.120711  ,
         -0.43095438, -0.91943619],
        ...,
        [ 0.16759324,  0.13613867,  0.120711  , ...,  0.        ,
         -0.31887668, -0.86524469],
        [ 0.47321079,  0.44493958,  0.43095438, ...,  0.31887668,
          0.        , -0.66020688],
        [ 0.9370297 ,  0.92544218,  0.91943619, ...,  0.86524469,
          0.66020688,  0.        ]],

       [[ 0.        , -0.0131451 , -0.01995593, ..., -0.92388506,
         -0.85251815, -0.93250833],
        [ 0.0131451 ,  0.        , -0.00681172, ..., -0.92883547,
         -0.85931541, -0.9371751 ],
        [ 0.01995593,  0.00681172,  0.        , ..., -0.93133761,
         -0.8627793 , -0.93952969],
        ...,
        [ 0.92388506,  0.92883547,  0.93133761, ...,  0.        ,
         -0.15667931,  0.02318339],
        [ 0.85251815,  0.85931541,  0.8627793 , ...,  0.15667931,
          0.        ,  0.17953427],
        [ 0.93250833,  0.9371751 ,  0.93952969, ..., -0.02318339,
         -0.17953427,  0.        ]]]), 'num': array([7.07039356e-01, 7.07039356e-01, 0.00000000e+00, 3.77113254e-08,
       6.84951884e-05, 6.87823799e-05, 6.73464221e-05, 1.38079694e-02,
       7.17978914e-07, 6.70879497e-05, 6.86675033e-05, 7.33343662e-05,
       1.20309980e-06, 7.34001554e-05, 6.39348512e-05])}
{'img': array([[[ 0.        ,  0.04432465,  0.04432465, ..., -0.89542233,
         -0.7740736 , -0.68118285],
        [-0.04432465,  0.        ,  0.        , ..., -0.91427641,
         -0.80137456, -0.71296404],
        [-0.04432465,  0.        ,  0.        , ..., -0.91427641,
         -0.80137456, -0.71296404],
        ...,
        [ 0.89542233,  0.91427641,  0.91427641, ...,  0.        ,
          0.22225665,  0.35227592],
        [ 0.7740736 ,  0.80137456,  0.80137456, ..., -0.22225665,
          0.        ,  0.13545571],
        [ 0.68118285,  0.71296404,  0.71296404, ..., -0.35227592,
         -0.13545571,  0.        ]],

       [[ 0.        , -0.08234855, -0.5020574 , ...,  0.50636527,
          0.40967773,  0.69643663],
        [ 0.08234855,  0.        , -0.42913436, ...,  0.57565617,
          0.48340714,  0.75316607],
        [ 0.5020574 ,  0.42913436,  0.        , ...,  0.87085573,
          0.81229534,  0.96258786],
        ...,
        [-0.50636527, -0.57565617, -0.87085573, ...,  0.        ,
         -0.10864882,  0.23717362],
        [-0.40967773, -0.48340714, -0.81229534, ...,  0.10864882,
          0.        ,  0.34131838],
        [-0.69643663, -0.75316607, -0.96258786, ..., -0.23717362,
         -0.34131838,  0.        ]],

       [[ 0.        ,  0.03316513,  0.05688813, ..., -0.9894873 ,
         -0.95451388, -0.8652036 ],
        [-0.03316513,  0.        ,  0.02374542, ..., -0.99373931,
         -0.96387752, -0.88135733],
        [-0.05688813, -0.02374542,  0.        , ..., -0.99611204,
         -0.96993023, -0.89232734],
        ...,
        [ 0.9894873 ,  0.99373931,  0.99611204, ...,  0.        ,
          0.1569904 ,  0.37102389],
        [ 0.95451388,  0.96387752,  0.96993023, ..., -0.1569904 ,
          0.        ,  0.22063829],
        [ 0.8652036 ,  0.88135733,  0.89232734, ..., -0.37102389,
         -0.22063829,  0.        ]],

       ...,

       [[ 0.        ,  0.09620136,  0.12125483, ..., -0.27177894,
          0.03087052,  0.10821222],
        [-0.09620136,  0.        ,  0.02520091, ..., -0.36309871,
         -0.06542818,  0.01207387],
        [-0.12125483, -0.02520091,  0.        , ..., -0.38646436,
         -0.09055431, -0.01312904],
        ...,
        [ 0.27177894,  0.36309871,  0.38646436, ...,  0.        ,
          0.30135795,  0.37432208],
        [-0.03087052,  0.06542818,  0.09055431, ..., -0.30135795,
          0.        ,  0.07747141],
        [-0.10821222, -0.01207387,  0.01312904, ..., -0.37432208,
         -0.07747141,  0.        ]],

       [[ 0.        , -0.01318662, -0.01943198, ..., -0.35712613,
         -0.62118957, -0.97297746],
        [ 0.01318662,  0.        , -0.00624616, ..., -0.34477803,
         -0.61080173, -0.96984807],
        [ 0.01943198,  0.00624616,  0.        , ..., -0.33890814,
         -0.6058442 , -0.9683069 ],
        ...,
        [ 0.35712613,  0.34477803,  0.33890814, ...,  0.        ,
         -0.30036037, -0.82635513],
        [ 0.62118957,  0.61080173,  0.6058442 , ...,  0.30036037,
          0.        , -0.6190511 ],
        [ 0.97297746,  0.96984807,  0.9683069 , ...,  0.82635513,
          0.6190511 ,  0.        ]],

       [[ 0.        , -0.00681172, -0.01196475, ..., -0.85931541,
         -0.9371751 , -0.97554366],
        [ 0.00681172,  0.        , -0.00515324, ..., -0.8627793 ,
         -0.93952969, -0.97701828],
        [ 0.01196475,  0.00515324,  0.        , ..., -0.86537322,
         -0.94128203, -0.97810375],
        ...,
        [ 0.85931541,  0.8627793 ,  0.86537322, ...,  0.        ,
          0.17953427,  0.31005543],
        [ 0.9371751 ,  0.93952969,  0.94128203, ..., -0.17953427,
          0.        ,  0.13433102],
        [ 0.97554366,  0.97701828,  0.97810375, ..., -0.31005543,
         -0.13433102,  0.        ]]]), 'num': array([ 9.99835828e-01,  2.03516618e-07,  4.20099002e-04,  5.28622270e-08,
        9.68739100e-05,  9.76879764e-05,  9.50422604e-05,  1.81125312e-02,
       -2.03516618e-07,  9.56528103e-05,  9.69654924e-05,  1.03820611e-04,
        1.88328810e-06,  1.02933043e-04,  9.09979424e-05])}
{'img': array([[[ 0.        ,  0.        ,  0.22861601, ..., -0.80137456,
         -0.71296404, -0.73103517],
        [ 0.        ,  0.        ,  0.22861601, ..., -0.80137456,
         -0.71296404, -0.73103517],
        [-0.22861601, -0.22861601,  0.        , ..., -0.91690111,
         -0.85438806, -0.86766873],
        ...,
        [ 0.80137456,  0.80137456,  0.91690111, ...,  0.        ,
          0.13545571,  0.10953165],
        [ 0.71296404,  0.71296404,  0.85438806, ..., -0.13545571,
          0.        , -0.02611857],
        [ 0.73103517,  0.73103517,  0.86766873, ..., -0.10953165,
          0.02611857,  0.        ]],

       [[ 0.        , -0.42913436,  0.11768424, ...,  0.48340714,
          0.75316607,  0.6803447 ],
        [ 0.42913436,  0.        ,  0.53244952, ...,  0.81229534,
          0.96258786,  0.92902425],
        [-0.11768424, -0.53244952,  0.        , ...,  0.37702771,
          0.6705161 ,  0.58936716],
        ...,
        [-0.48340714, -0.81229534, -0.37702771, ...,  0.        ,
          0.34131838,  0.24128542],
        [-0.75316607, -0.96258786, -0.6705161 , ..., -0.34131838,
          0.        , -0.10443816],
        [-0.6803447 , -0.92902425, -0.58936716, ..., -0.24128542,
          0.10443816,  0.        ]],

       [[ 0.        ,  0.02374542,  0.1096216 , ..., -0.96387752,
         -0.88135733, -0.82288606],
        [-0.02374542,  0.        ,  0.08598837, ..., -0.96993023,
         -0.89232734, -0.83614633],
        [-0.1096216 , -0.08598837,  0.        , ..., -0.98726587,
         -0.92783648, -0.88021454],
        ...,
        [ 0.96387752,  0.96993023,  0.98726587, ...,  0.        ,
          0.22063829,  0.32850907],
        [ 0.88135733,  0.89232734,  0.92783648, ..., -0.22063829,
          0.        ,  0.11202014],
        [ 0.82288606,  0.83614633,  0.88021454, ..., -0.32850907,
         -0.11202014,  0.        ]],

       ...,

       [[ 0.        ,  0.02520091,  0.37351362, ..., -0.06542818,
          0.01207387,  0.15028085],
        [-0.02520091,  0.        ,  0.35001801, ..., -0.09055431,
         -0.01312904,  0.12531841],
        [-0.37351362, -0.35001801,  0.        , ..., -0.43340608,
         -0.36228637, -0.22986753],
        ...,
        [ 0.06542818,  0.09055431,  0.43340608, ...,  0.        ,
          0.07747141,  0.21464397],
        [-0.01207387,  0.01312904,  0.36228637, ..., -0.07747141,
          0.        ,  0.13833314],
        [-0.15028085, -0.12531841,  0.22986753, ..., -0.21464397,
         -0.13833314,  0.        ]],

       [[ 0.        , -0.00541632, -0.02969209, ..., -0.49876288,
         -0.70792244, -0.99433865],
        [ 0.00541632,  0.        , -0.02427773, ..., -0.49406103,
         -0.70408657, -0.99374854],
        [ 0.02969209,  0.02427773,  0.        , ..., -0.47280769,
         -0.68663908, -0.99074523],
        ...,
        [ 0.49876288,  0.49406103,  0.47280769, ...,  0.        ,
         -0.2613123 , -0.80883427],
        [ 0.70792244,  0.70408657,  0.68663908, ...,  0.2613123 ,
          0.        , -0.62706956],
        [ 0.99433865,  0.99374854,  0.99074523, ...,  0.80883427,
          0.62706956,  0.        ]],

       [[ 0.        , -0.00515324,  0.00361968, ..., -0.93952969,
         -0.97701828, -0.99670042],
        [ 0.00515324,  0.        ,  0.00877283, ..., -0.94128203,
         -0.97810375, -0.99710546],
        [-0.00361968, -0.00877283,  0.        , ..., -0.93828391,
         -0.97624032, -0.99640009],
        ...,
        [ 0.93952969,  0.94128203,  0.93828391, ...,  0.        ,
          0.13433102,  0.26507753],
        [ 0.97701828,  0.97810375,  0.97624032, ..., -0.13433102,
          0.        ,  0.1331494 ],
        [ 0.99670042,  0.99710546,  0.99640009, ..., -0.26507753,
         -0.1331494 ,  0.        ]]]), 'num': array([7.07001922e-01, 7.07001922e-01, 0.00000000e+00, 2.65340710e-08,
       6.90463857e-05, 7.06320020e-05, 6.81815040e-05, 1.72199380e-02,
       4.32440829e-07, 6.82968216e-05, 6.84409685e-05, 7.34548797e-05,
       1.60688395e-06, 7.19642925e-05, 6.49176445e-05])}
{'img': array([[[ 0.        ,  0.22861601,  0.18188931, ..., -0.71296404,
         -0.73103517, -0.67630866],
        [-0.22861601,  0.        , -0.04773019, ..., -0.85438806,
         -0.86766873, -0.82680051],
        [-0.18188931,  0.04773019,  0.        , ..., -0.82861199,
         -0.8429511 , -0.79901017],
        ...,
        [ 0.71296404,  0.85438806,  0.82861199, ...,  0.        ,
         -0.02611857,  0.05095436],
        [ 0.73103517,  0.86766873,  0.8429511 , ...,  0.02611857,
          0.        ,  0.07702162],
        [ 0.67630866,  0.82680051,  0.79901017, ..., -0.05095436,
         -0.07702162,  0.        ]],

       [[ 0.        ,  0.53244952,  0.2730562 , ...,  0.96258786,
          0.92902425,  0.99677862],
        [-0.53244952,  0.        , -0.28108378, ...,  0.6705161 ,
          0.58936716,  0.88643856],
        [-0.2730562 ,  0.28108378,  0.        , ...,  0.85201771,
          0.79268361,  0.9807988 ],
        ...,
        [-0.96258786, -0.6705161 , -0.85201771, ...,  0.        ,
         -0.10443816,  0.34729842],
        [-0.92902425, -0.58936716, -0.79268361, ...,  0.10443816,
          0.        ,  0.44333655],
        [-0.99677862, -0.88643856, -0.9807988 , ..., -0.34729842,
         -0.44333655,  0.        ]],

       [[ 0.        ,  0.08598837,  0.1921994 , ..., -0.89232734,
         -0.83614633, -0.75702072],
        [-0.08598837,  0.        ,  0.10710232, ..., -0.92783648,
         -0.88021454, -0.81040084],
        [-0.1921994 , -0.10710232,  0.        , ..., -0.96244737,
         -0.92597974, -0.86848808],
        ...,
        [ 0.89232734,  0.92783648,  0.96244737, ...,  0.        ,
          0.11202014,  0.24132782],
        [ 0.83614633,  0.88021454,  0.92597974, ..., -0.11202014,
          0.        ,  0.13109965],
        [ 0.75702072,  0.81040084,  0.86848808, ..., -0.24132782,
         -0.13109965,  0.        ]],

       ...,

       [[ 0.        ,  0.35001801,  0.2698834 , ..., -0.01312904,
          0.12531841,  0.42688136],
        [-0.35001801,  0.        , -0.08421851, ..., -0.36228637,
         -0.22986753,  0.08335416],
        [-0.2698834 ,  0.08421851,  0.        , ..., -0.282502  ,
         -0.14708758,  0.16698346],
        ...,
        [ 0.01312904,  0.36228637,  0.282502  , ...,  0.        ,
          0.13833314,  0.43871726],
        [-0.12531841,  0.22986753,  0.14708758, ..., -0.13833314,
          0.        ,  0.31018968],
        [-0.42688136, -0.08335416, -0.16698346, ..., -0.43871726,
         -0.31018968,  0.        ]],

       [[ 0.        , -0.02124604, -0.01626484, ..., -0.58486711,
         -0.77626382, -0.99980587],
        [ 0.02124604,  0.        ,  0.00498205, ..., -0.56750181,
         -0.76269493, -0.99999881],
        [ 0.01626484, -0.00498205,  0.        , ..., -0.57159685,
         -0.76590765, -0.99999409],
        ...,
        [ 0.58486711,  0.56750181,  0.57159685, ...,  0.        ,
         -0.26094519, -0.82249549],
        [ 0.77626382,  0.76269493,  0.76590765, ...,  0.26094519,
          0.        , -0.64558078],
        [ 0.99980587,  0.99999881,  0.99999409, ...,  0.82249549,
          0.64558078,  0.        ]],

       [[ 0.        ,  0.00877283,  0.00761932, ..., -0.97810375,
         -0.99710546, -0.99578744],
        [-0.00877283,  0.        , -0.00115355, ..., -0.97624032,
         -0.99640009, -0.99655352],
        [-0.00761932,  0.00115355,  0.        , ..., -0.97648964,
         -0.99649722, -0.99645716],
        ...,
        [ 0.97810375,  0.97624032,  0.97648964, ...,  0.        ,
          0.1331494 ,  0.29692522],
        [ 0.99710546,  0.99640009,  0.99649722, ..., -0.1331494 ,
          0.        ,  0.16713693],
        [ 0.99578744,  0.99655352,  0.99645716, ..., -0.29692522,
         -0.16713693,  0.        ]]]), 'num': array([ 9.33125588e-01,  3.58408068e-01,  2.45082098e-04,  3.51407599e-08,
        9.04070347e-05,  9.23346900e-05,  9.00215037e-05,  2.86385583e-02,
       -1.92765532e-06,  9.14865217e-05,  9.11588203e-05,  9.80919540e-05,
        1.87257946e-06,  9.49281629e-05,  8.73894777e-05])}
{'img': array([[[ 0.00000000e+00, -4.77301858e-02, -7.11955080e-02, ...,
         -8.67668728e-01, -8.26800505e-01, -9.48936492e-01],
        [ 4.77301858e-02,  0.00000000e+00, -2.35052993e-02, ...,
         -8.42951096e-01, -7.99010169e-01, -9.32797649e-01],
        [ 7.11955080e-02,  2.35052993e-02,  0.00000000e+00, ...,
         -8.30072579e-01, -7.84655264e-01, -9.24068606e-01],
        ...,
        [ 8.67668728e-01,  8.42951096e-01,  8.30072579e-01, ...,
          0.00000000e+00,  7.70216204e-02, -1.98035962e-01],
        [ 8.26800505e-01,  7.99010169e-01,  7.84655264e-01, ...,
         -7.70216204e-02,  0.00000000e+00, -2.72943869e-01],
        [ 9.48936492e-01,  9.32797649e-01,  9.24068606e-01, ...,
          1.98035962e-01,  2.72943869e-01,  0.00000000e+00]],

       [[ 0.00000000e+00, -2.81083782e-01, -1.72946831e-01, ...,
          5.89367157e-01,  8.86438556e-01,  9.94854381e-01],
        [ 2.81083782e-01,  0.00000000e+00,  1.10874002e-01, ...,
          7.92683615e-01,  9.80798804e-01,  9.26267022e-01],
        [ 1.72946831e-01, -1.10874002e-01,  0.00000000e+00, ...,
          7.20203824e-01,  9.53128756e-01,  9.62340947e-01],
        ...,
        [-5.89367157e-01, -7.92683615e-01, -7.20203824e-01, ...,
          0.00000000e+00,  4.43336555e-01,  8.63420164e-01],
        [-8.86438556e-01, -9.80798804e-01, -9.53128756e-01, ...,
         -4.43336555e-01,  0.00000000e+00,  5.50274316e-01],
        [-9.94854381e-01, -9.26267022e-01, -9.62340947e-01, ...,
         -8.63420164e-01, -5.50274316e-01,  0.00000000e+00]],

       [[ 0.00000000e+00,  1.07102320e-01,  1.51590293e-01, ...,
         -8.80214541e-01, -8.10400837e-01, -7.95140830e-01],
        [-1.07102320e-01,  0.00000000e+00,  4.48537628e-02, ...,
         -9.25979739e-01, -8.68488075e-01, -8.55516688e-01],
        [-1.51590293e-01, -4.48537628e-02,  0.00000000e+00, ...,
         -9.41983378e-01, -8.89848459e-01, -8.77879833e-01],
        ...,
        [ 8.80214541e-01,  9.25979739e-01,  9.41983378e-01, ...,
          0.00000000e+00,  1.31099648e-01,  1.56429203e-01],
        [ 8.10400837e-01,  8.68488075e-01,  8.89848459e-01, ...,
         -1.31099648e-01,  0.00000000e+00,  2.55933903e-02],
        [ 7.95140830e-01,  8.55516688e-01,  8.77879833e-01, ...,
         -1.56429203e-01, -2.55933903e-02,  0.00000000e+00]],

       ...,

       [[ 0.00000000e+00, -8.42185098e-02, -2.68090595e-02, ...,
         -2.29867529e-01,  8.33541603e-02, -1.57223510e-01],
        [ 8.42185098e-02,  0.00000000e+00,  5.74744242e-02, ...,
         -1.47087581e-01,  1.66983457e-01, -7.34938562e-02],
        [ 2.68090595e-02, -5.74744242e-02,  0.00000000e+00, ...,
         -2.03693744e-01,  1.10039964e-01, -1.30691364e-01],
        ...,
        [ 2.29867529e-01,  1.47087581e-01,  2.03693744e-01, ...,
          0.00000000e+00,  3.10189683e-01,  7.39953089e-02],
        [-8.33541603e-02, -1.66983457e-01, -1.10039964e-01, ...,
         -3.10189683e-01,  0.00000000e+00, -2.38993859e-01],
        [ 1.57223510e-01,  7.34938562e-02,  1.30691364e-01, ...,
         -7.39953089e-02,  2.38993859e-01,  0.00000000e+00]],

       [[ 0.00000000e+00,  4.46422237e-03,  1.18134405e-02, ...,
         -6.56106083e-01, -8.44065474e-01, -9.94147962e-01],
        [-4.46422237e-03,  0.00000000e+00,  7.34941194e-03, ...,
         -6.59468554e-01, -8.46450958e-01, -9.93655799e-01],
        [-1.18134405e-02, -7.34941194e-03,  0.00000000e+00, ...,
         -6.64975533e-01, -8.50341415e-01, -9.92802419e-01],
        ...,
        [ 6.56106083e-01,  6.59468554e-01,  6.64975533e-01, ...,
          0.00000000e+00, -2.85159362e-01, -8.21129488e-01],
        [ 8.44065474e-01,  8.46450958e-01,  8.50341415e-01, ...,
          2.85159362e-01,  0.00000000e+00, -6.24283882e-01],
        [ 9.94147962e-01,  9.93655799e-01,  9.92802419e-01, ...,
          8.21129488e-01,  6.24283882e-01,  0.00000000e+00]],

       [[ 0.00000000e+00, -1.15355312e-03, -1.96417696e-03, ...,
         -9.96400086e-01, -9.96553516e-01, -9.78325641e-01],
        [ 1.15355312e-03,  0.00000000e+00, -8.10624756e-04, ...,
         -9.96497216e-01, -9.96457163e-01, -9.78086121e-01],
        [ 1.96417696e-03,  8.10624756e-04,  0.00000000e+00, ...,
         -9.96564678e-01, -9.96388661e-01, -9.77917027e-01],
        ...,
        [ 9.96400086e-01,  9.96497216e-01,  9.96564678e-01, ...,
          0.00000000e+00,  1.67136929e-01,  2.89264808e-01],
        [ 9.96553516e-01,  9.96457163e-01,  9.96388661e-01, ...,
         -1.67136929e-01,  0.00000000e+00,  1.25204243e-01],
        [ 9.78325641e-01,  9.78086121e-01,  9.77917027e-01, ...,
