state_0,state_1,state_2,state_3,state_4,state_5,state_6,state_7,state_8,state_9,state_10,state_11,state_12,state_13,state_14,state_15,state_16,state_17,state_18,state_19,state_20,state_21,state_22,state_23,state_24,state_25,state_26,state_27,state_28,state_29,state_30,state_31,state_32,state_33,state_34,state_35,state_36,state_37,state_38,state_39,state_40,state_41,state_42,state_43,state_44,state_45,state_46,state_47,state_48,state_49,state_50,state_51,state_52,state_53,state_54,state_55,state_56,state_57,state_58,state_59,state_60,state_61,state_62,state_63,state_64,state_65,state_66,state_67,state_68,state_69,state_70,state_71,state_72,state_73,state_74,state_75,state_76,state_77,state_78,state_79,state_80,state_81,state_82,state_83,state_84,state_85,state_86,state_87,state_88,state_89,state_90,state_91,state_92,state_93,state_94,state_95,state_96,state_97,state_98,state_99,state_100,state_101,state_102,state_103,state_104,state_105,state_106,state_107,state_108,state_109,state_110,state_111,state_112,state_113,state_114,state_115,state_116,state_117,state_118,state_119,state_120,state_121,state_122,state_123,state_124,state_125,state_126,state_127,state_128,state_129,state_130,state_131,state_132,state_133,state_134,state_135,state_136,state_137,state_138,state_139,state_140,state_141,state_142,state_143,state_144,state_145,state_146,state_147,state_148,state_149,state_150,state_151,state_152,state_153,state_154,state_155,state_156,state_157,state_158,state_159,state_160,state_161,state_162,state_163,state_164,state_165,state_166,state_167,state_168,state_169,state_170,state_171,state_172,state_173,state_174,state_175,state_176,state_177,state_178,state_179,state_180,state_181,state_182,state_183,state_184,state_185,state_186,state_187,state_188,state_189,state_190,state_191,state_192,state_193,state_194,state_195,state_196,state_197,state_198,state_199,state_200,state_201,state_202,state_203,state_204,state_205,state_206,state_207,state_208,state_209,state_210,state_211,state_212,state_213,state_214,state_215,state_216,state_217,state_218,state_219,state_220,state_221,state_222,state_223,state_224,state_225,state_226,state_227,state_228,state_229,state_230,state_231,state_232,state_233,state_234,state_235,state_236,state_237,state_238,state_239,state_240,state_241,state_242,state_243,state_244,state_245,state_246,state_247,state_248,state_249,state_250,state_251,state_252,state_253,state_254,state_255,state_256,state_257,state_258,state_259,state_260,state_261,state_262,state_263,state_264,state_265,state_266,state_267,state_268,state_269,state_270,state_271,state_272,state_273,state_274,state_275,state_276,state_277,state_278,state_279,state_280,state_281,state_282,state_283,state_284,state_285,state_286,state_287
{'img': array([[[ 0.        ,  0.1188309 , -0.12529942, ..., -0.99740762,
         -0.98490213, -0.87238214],
        [-0.1188309 ,  0.        , -0.242306  , ..., -0.9988914 ,
         -0.95735254, -0.80811343],
        [ 0.12529942,  0.242306  ,  0.        , ..., -0.98053066,
         -0.99883093, -0.9267563 ],
        ...,
        [ 0.99740762,  0.9988914 ,  0.98053066, ...,  0.        ,
         -0.24353548, -0.55033266],
        [ 0.98490213,  0.95735254,  0.99883093, ...,  0.24353548,
          0.        , -0.33042439],
        [ 0.87238214,  0.80811343,  0.9267563 , ...,  0.55033266,
          0.33042439,  0.        ]],

       [[ 0.        , -0.57478637, -0.70500396, ..., -0.99944981,
         -0.7299704 , -0.64442297],
        [ 0.57478637,  0.        , -0.16926677, ..., -0.83691738,
         -0.20448306, -0.08781212],
        [ 0.70500396,  0.16926677,  0.        , ..., -0.73219624,
         -0.03584224,  0.08206789],
        ...,
        [ 0.99944981,  0.83691738,  0.73219624, ...,  0.        ,
          0.70731385,  0.78562228],
        [ 0.7299704 ,  0.20448306,  0.03584224, ..., -0.70731385,
          0.        ,  0.11773649],
        [ 0.64442297,  0.08781212, -0.08206789, ..., -0.78562228,
         -0.11773649,  0.        ]],

       [[ 0.        , -0.23959151, -0.40880589, ..., -0.90416449,
         -0.86695761, -0.81048419],
        [ 0.23959151,  0.        , -0.17824259, ..., -0.98017938,
         -0.96111449, -0.9272211 ],
        [ 0.40880589,  0.17824259,  0.        , ..., -0.99979535,
         -0.99494548, -0.97912753],
        ...,
        [ 0.90416449,  0.98017938,  0.99979535, ...,  0.        ,
         -0.08026837, -0.18339761],
        [ 0.86695761,  0.96111449,  0.99494548, ...,  0.08026837,
          0.        , -0.10389891],
        [ 0.81048419,  0.9272211 ,  0.97912753, ...,  0.18339761,
          0.10389891,  0.        ]],

       ...,

       [[ 0.        ,  0.16898865,  0.1231912 , ...,  0.08510414,
         -0.20278277, -0.39911658],
        [-0.16898865,  0.        , -0.04628199, ..., -0.0844954 ,
         -0.36534404, -0.54832221],
        [-0.1231912 ,  0.04628199,  0.        , ..., -0.03828837,
         -0.32186991, -0.50903053],
        ...,
        [-0.08510414,  0.0844954 ,  0.03828837, ...,  0.        ,
         -0.28538308, -0.47570061],
        [ 0.20278277,  0.36534404,  0.32186991, ...,  0.28538308,
          0.        , -0.20489288],
        [ 0.39911658,  0.54832221,  0.50903053, ...,  0.47570061,
          0.20489288,  0.        ]],

       [[ 0.        ,  0.01339958,  0.02499032, ..., -0.96286885,
         -0.96873184, -0.97423507],
        [-0.01339958,  0.        ,  0.01159268, ..., -0.96639989,
         -0.97196944, -0.97716968],
        [-0.02499032, -0.01159268,  0.        , ..., -0.96931477,
         -0.97462965, -0.979567  ],
        ...,
        [ 0.96286885,  0.96639989,  0.96931477, ...,  0.        ,
         -0.02263064, -0.04585322],
        [ 0.96873184,  0.97196944,  0.97462965, ...,  0.02263064,
          0.        , -0.02323464],
        [ 0.97423507,  0.97716968,  0.979567  , ...,  0.04585322,
          0.02323464,  0.        ]],

       [[ 0.        ,  0.10178315,  0.15899569, ..., -0.97061688,
         -0.94217893, -0.92011528],
        [-0.10178315,  0.        ,  0.05768157, ..., -0.99006818,
         -0.9713944 , -0.95519989],
        [-0.15899569, -0.05768157,  0.        , ..., -0.99652909,
         -0.98347482, -0.97068103],
        ...,
        [ 0.97061688,  0.99006818,  0.99652909, ...,  0.        ,
          0.09854696,  0.15873232],
        [ 0.94217893,  0.9713944 ,  0.98347482, ..., -0.09854696,
          0.        ,  0.06066213],
        [ 0.92011528,  0.95519989,  0.97068103, ..., -0.15873232,
         -0.06066213,  0.        ]]]), 'num': array([ 7.05470678e-01,  7.05470678e-01,  0.00000000e+00,  0.00000000e+00,
        3.36286541e-04,  3.40855651e-04,  3.34458897e-04,  6.79797942e-02,
       -5.48293273e-06,  3.53283632e-04,  3.59863152e-04,  3.69595357e-04,
        6.41619788e-07,  3.85336343e-04,  3.34389960e-04])}
{'img': array([[[ 0.        , -0.242306  ,  0.35475487, ..., -0.95735254,
         -0.80811343, -0.66336276],
        [ 0.242306  ,  0.        ,  0.57072939, ..., -0.99883093,
         -0.9267563 , -0.82491156],
        [-0.35475487, -0.57072939,  0.        , ..., -0.79258911,
         -0.54659305, -0.35475487],
        ...,
        [ 0.95735254,  0.99883093,  0.79258911, ...,  0.        ,
         -0.33042439, -0.52472466],
        [ 0.80811343,  0.9267563 ,  0.54659305, ...,  0.33042439,
          0.        , -0.21397114],
        [ 0.66336276,  0.82491156,  0.35475487, ...,  0.52472466,
          0.21397114,  0.        ]],

       [[ 0.        , -0.16926677,  0.12734884, ..., -0.20448306,
         -0.08781212, -0.02867221],
        [ 0.16926677,  0.        ,  0.29339983, ..., -0.03584224,
          0.08206789,  0.1409387 ],
        [-0.12734884, -0.29339983,  0.        , ..., -0.32747613,
         -0.21395405, -0.15573524],
        ...,
        [ 0.20448306,  0.03584224,  0.32747613, ...,  0.        ,
          0.11773649,  0.17633262],
        [ 0.08781212, -0.08206789,  0.21395405, ..., -0.11773649,
          0.        ,  0.05921456],
        [ 0.02867221, -0.1409387 ,  0.15573524, ..., -0.17633262,
         -0.05921456,  0.        ]],

       [[ 0.        , -0.33872145, -0.53374005, ..., -0.87117716,
         -0.81487356, -0.68619037],
        [ 0.33872145,  0.        , -0.21574959, ..., -0.98598066,
         -0.96303977, -0.89202083],
        [ 0.53374005,  0.21574959,  0.        , ..., -0.99875946,
         -0.9984731 , -0.96853019],
        ...,
        [ 0.87117716,  0.98598066,  0.99875946, ...,  0.        ,
         -0.10489054, -0.29681537],
        [ 0.81487356,  0.96303977,  0.9984731 , ...,  0.10489054,
          0.        , -0.19501442],
        [ 0.68619037,  0.89202083,  0.96853019, ...,  0.29681537,
          0.19501442,  0.        ]],

       ...,

       [[ 0.        , -0.04628199,  0.02124148, ..., -0.36534404,
         -0.54832221, -0.75134765],
        [ 0.04628199,  0.        ,  0.06749027, ..., -0.32186991,
         -0.50903053, -0.72000073],
        [-0.02124148, -0.06749027,  0.        , ..., -0.38503473,
         -0.56596205, -0.76519552],
        ...,
        [ 0.36534404,  0.32186991,  0.38503473, ...,  0.        ,
         -0.20489288, -0.45831598],
        [ 0.54832221,  0.50903053,  0.56596205, ...,  0.20489288,
          0.        , -0.26648592],
        [ 0.75134765,  0.72000073,  0.76519552, ...,  0.45831598,
          0.26648592,  0.        ]],

       [[ 0.        ,  0.01159268,  0.04803894, ..., -0.97196944,
         -0.97716968, -0.973688  ],
        [-0.01159268,  0.        ,  0.03645642, ..., -0.97462965,
         -0.979567  , -0.97626437],
        [-0.04803894, -0.03645642,  0.        , ..., -0.98214157,
         -0.98624788, -0.98351121],
        ...,
        [ 0.97196944,  0.97462965,  0.98214157, ...,  0.        ,
         -0.02323464, -0.00742359],
        [ 0.97716968,  0.979567  ,  0.98624788, ...,  0.02323464,
          0.        ,  0.01581242],
        [ 0.973688  ,  0.97626437,  0.98351121, ...,  0.00742359,
         -0.01581242,  0.        ]],

       [[ 0.        ,  0.05768157,  0.10443721, ..., -0.9713944 ,
         -0.95519989, -0.96731158],
        [-0.05768157,  0.        ,  0.04689719, ..., -0.98347482,
         -0.97068103, -0.98032855],
        [-0.10443721, -0.04689719,  0.        , ..., -0.99088322,
         -0.98088575, -0.98850614],
        ...,
        [ 0.9713944 ,  0.98347482,  0.99088322, ...,  0.        ,
          0.06066213,  0.01662737],
        [ 0.95519989,  0.97068103,  0.98088575, ..., -0.06066213,
          0.        , -0.044057  ],
        [ 0.96731158,  0.98032855,  0.98850614, ..., -0.01662737,
          0.044057  ,  0.        ]]]), 'num': array([ 8.21684955e-01,  5.68419161e-01,  1.34715848e-05, -9.11685975e-11,
        3.97591514e-04,  3.99706362e-04,  3.90189544e-04,  4.16191817e-02,
        8.45939391e-06,  4.03301604e-04,  4.16572279e-04,  4.25789493e-04,
        8.24790906e-07,  4.45604111e-04,  3.87540446e-04])}
{'img': array([[[ 0.        ,  0.57072939,  0.57072939, ..., -0.9267563 ,
         -0.82491156, -0.94666402],
        [-0.57072939,  0.        ,  0.        , ..., -0.54659305,
         -0.35475487, -0.59344025],
        [-0.57072939,  0.        ,  0.        , ..., -0.54659305,
         -0.35475487, -0.59344025],
        ...,
        [ 0.9267563 ,  0.54659305,  0.54659305, ...,  0.        ,
         -0.21397114,  0.05700515],
        [ 0.82491156,  0.35475487,  0.35475487, ...,  0.21397114,
          0.        ,  0.2693081 ],
        [ 0.94666402,  0.59344025,  0.59344025, ..., -0.05700515,
         -0.2693081 ,  0.        ]],

       [[ 0.        ,  0.29339983, -0.02069946, ...,  0.08206789,
          0.1409387 , -0.36704689],
        [-0.29339983,  0.        , -0.31312544, ..., -0.21395405,
         -0.15573524, -0.62381433],
        [ 0.02069946,  0.31312544,  0.        , ...,  0.10267994,
          0.16140135, -0.34771356],
        ...,
        [-0.08206789,  0.21395405, -0.10267994, ...,  0.        ,
          0.05921456, -0.44214849],
        [-0.1409387 ,  0.15573524, -0.16140135, ..., -0.05921456,
          0.        , -0.49448467],
        [ 0.36704689,  0.62381433,  0.34771356, ...,  0.44214849,
          0.49448467,  0.        ]],

       [[ 0.        , -0.43202579, -0.42488923, ..., -0.82383074,
         -0.69488577, -0.59040574],
        [ 0.43202579,  0.        ,  0.0078982 , ..., -0.98786874,
         -0.93736899, -0.88115492],
        [ 0.42488923, -0.0078982 ,  0.        , ..., -0.98661141,
         -0.93458851, -0.87739295],
        ...,
        [ 0.82383074,  0.98786874,  0.98661141, ...,  0.        ,
         -0.1985471 , -0.33025608],
        [ 0.69488577,  0.93736899,  0.93458851, ...,  0.1985471 ,
          0.        , -0.13627423],
        [ 0.59040574,  0.88115492,  0.87739295, ...,  0.33025608,
          0.13627423,  0.        ]],

       ...,

       [[ 0.        ,  0.06749027, -0.04523522, ..., -0.50903053,
         -0.72000073, -0.6360126 ],
        [-0.06749027,  0.        , -0.11255327, ..., -0.56596205,
         -0.76519552, -0.68664325],
        [ 0.04523522,  0.11255327,  0.        , ..., -0.46957332,
         -0.68787167, -0.6004545 ],
        ...,
        [ 0.50903053,  0.56596205,  0.46957332, ...,  0.        ,
         -0.26648592, -0.15463887],
        [ 0.72000073,  0.76519552,  0.68787167, ...,  0.26648592,
          0.        ,  0.11423344],
        [ 0.6360126 ,  0.68664325,  0.6004545 , ...,  0.15463887,
         -0.11423344,  0.        ]],

       [[ 0.        ,  0.03645642,  0.05565074, ..., -0.979567  ,
         -0.97626437, -0.97728591],
        [-0.03645642,  0.        ,  0.01921383, ..., -0.98624788,
         -0.98351121, -0.98436229],
        [-0.05565074, -0.01921383,  0.        , ..., -0.98924134,
         -0.98680441, -0.9875652 ],
        ...,
        [ 0.979567  ,  0.98624788,  0.98924134, ...,  0.        ,
          0.01581242,  0.01104495],
        [ 0.97626437,  0.98351121,  0.98680441, ..., -0.01581242,
          0.        , -0.00476788],
        [ 0.97728591,  0.98436229,  0.9875652 , ..., -0.01104495,
          0.00476788,  0.        ]],

       [[ 0.        ,  0.04689719,  0.13974678, ..., -0.97068103,
         -0.98032855, -0.97725232],
        [-0.04689719,  0.        ,  0.09315602, ..., -0.98088575,
         -0.98850614, -0.98612302],
        [-0.13974678, -0.09315602,  0.        , ..., -0.99474711,
         -0.99829104, -0.9973003 ],
        ...,
        [ 0.97068103,  0.98088575,  0.99474711, ...,  0.        ,
         -0.044057  , -0.02904137],
        [ 0.98032855,  0.98850614,  0.99829104, ...,  0.044057  ,
          0.        ,  0.01502524],
        [ 0.97725232,  0.98612302,  0.9973003 , ...,  0.02904137,
         -0.01502524,  0.        ]]]), 'num': array([ 9.99116903e-01,  2.22719872e-04,  5.39942802e-05,  1.68807110e-08,
        4.83491860e-04,  4.95252473e-04,  4.80878391e-04,  4.19921305e-02,
       -7.84040854e-06,  4.90286881e-04,  5.14722821e-04,  5.23869964e-04,
        9.29792039e-07,  5.50821827e-04,  4.78623815e-04])}
{'img': array([[[ 0.        ,  0.        , -0.35475487, ..., -0.35475487,
         -0.59344025, -0.4308176 ],
        [ 0.        ,  0.        , -0.35475487, ..., -0.35475487,
         -0.59344025, -0.4308176 ],
        [ 0.35475487,  0.35475487,  0.        , ..., -0.66336276,
         -0.84037691, -0.72294158],
        ...,
        [ 0.35475487,  0.35475487,  0.66336276, ...,  0.        ,
          0.2693081 ,  0.08265231],
        [ 0.59344025,  0.59344025,  0.84037691, ..., -0.2693081 ,
          0.        , -0.18878801],
        [ 0.4308176 ,  0.4308176 ,  0.72294158, ..., -0.08265231,
          0.18878801,  0.        ]],

       [[ 0.        , -0.31312544,  0.12791018, ..., -0.15573524,
         -0.62381433, -0.73662686],
        [ 0.31312544,  0.        ,  0.43203115, ...,  0.16140135,
         -0.34771356, -0.48781666],
        [-0.12791018, -0.43203115,  0.        , ..., -0.28080552,
         -0.71866125, -0.8170816 ],
        ...,
        [ 0.15573524, -0.16140135,  0.28080552, ...,  0.        ,
         -0.49448467, -0.6223155 ],
        [ 0.62381433,  0.34771356,  0.71866125, ...,  0.49448467,
          0.        , -0.1538421 ],
        [ 0.73662686,  0.48781666,  0.8170816 , ...,  0.6223155 ,
          0.1538421 ,  0.        ]],

       [[ 0.        ,  0.0225933 ,  0.16753738, ..., -0.81590054,
         -0.72716592, -0.56492168],
        [-0.0225933 ,  0.        ,  0.14522065, ..., -0.80262901,
         -0.71147087, -0.54613474],
        [-0.16753738, -0.14522065,  0.        , ..., -0.70749956,
         -0.60187996, -0.41869437],
        ...,
        [ 0.81590054,  0.80262901,  0.70749956, ...,  0.        ,
         -0.13964279, -0.34660252],
        [ 0.72716592,  0.71147087,  0.60187996, ...,  0.13964279,
          0.        , -0.21221987],
        [ 0.56492168,  0.54613474,  0.41869437, ...,  0.34660252,
          0.21221987,  0.        ]],

       ...,

       [[ 0.        , -0.11255327, -0.19658247, ..., -0.76519552,
         -0.68664325, -0.75606935],
        [ 0.11255327,  0.        , -0.08497628, ..., -0.68787167,
         -0.6004545 , -0.67759989],
        [ 0.19658247,  0.08497628,  0.        , ..., -0.62370509,
         -0.5303306 , -0.61265483],
        ...,
        [ 0.76519552,  0.68787167,  0.62370509, ...,  0.        ,
          0.11423344,  0.01405808],
        [ 0.68664325,  0.6004545 ,  0.5303306 , ..., -0.11423344,
          0.        , -0.1002561 ],
        [ 0.75606935,  0.67759989,  0.61265483, ..., -0.01405808,
          0.1002561 ,  0.        ]],

       [[ 0.        ,  0.01921383,  0.03963649, ..., -0.98351121,
         -0.98436229, -0.98398637],
        [-0.01921383,  0.        ,  0.02043045, ..., -0.98680441,
         -0.9875652 , -0.98722947],
        [-0.03963649, -0.02043045,  0.        , ..., -0.98990648,
         -0.99057094, -0.99027807],
        ...,
        [ 0.98351121,  0.98680441,  0.98990648, ...,  0.        ,
         -0.00476788, -0.00264647],
        [ 0.98436229,  0.9875652 ,  0.99057094, ...,  0.00476788,
          0.        ,  0.00212142],
        [ 0.98398637,  0.98722947,  0.99027807, ...,  0.00264647,
         -0.00212142,  0.        ]],

       [[ 0.        ,  0.09315602,  0.13852003, ..., -0.98850614,
         -0.98612302, -0.98706576],
        [-0.09315602,  0.        ,  0.04565972, ..., -0.99829104,
         -0.9973003 , -0.99770792],
        [-0.13852003, -0.04565972,  0.        , ..., -0.99991814,
         -0.99961301, -0.99975705],
        ...,
        [ 0.98850614,  0.99829104,  0.99991814, ...,  0.        ,
          0.01502524,  0.00924793],
        [ 0.98612302,  0.9973003 ,  0.99961301, ..., -0.01502524,
          0.        , -0.00577771],
        [ 0.98706576,  0.99770792,  0.99975705, ..., -0.00924793,
          0.00577771,  0.        ]]]), 'num': array([ 8.95118622e-01,  4.42959878e-01,  2.44410132e-05, -2.43776338e-08,
        4.33517492e-04,  4.46405850e-04,  4.30002485e-04,  5.04735511e-02,
        0.00000000e+00,  4.35392162e-04,  4.60700210e-04,  4.67437307e-04,
        7.41259915e-07,  4.94977083e-04,  4.26423338e-04])}
{'img': array([[[ 0.        , -0.35475487, -0.4308176 , ..., -0.59344025,
         -0.4308176 , -0.4308176 ],
        [ 0.35475487,  0.        , -0.08265231, ..., -0.84037691,
         -0.72294158, -0.72294158],
        [ 0.4308176 ,  0.08265231,  0.        , ..., -0.88229927,
         -0.77757324, -0.77757324],
        ...,
        [ 0.59344025,  0.84037691,  0.88229927, ...,  0.        ,
         -0.18878801, -0.18878801],
        [ 0.4308176 ,  0.72294158,  0.77757324, ...,  0.18878801,
          0.        ,  0.        ],
        [ 0.4308176 ,  0.72294158,  0.77757324, ...,  0.18878801,
          0.        ,  0.        ]],

       [[ 0.        ,  0.43203115,  0.29513639, ..., -0.34771356,
         -0.48781666, -0.28320306],
        [-0.43203115,  0.        , -0.14661506, ..., -0.71866125,
         -0.8170816 , -0.66975292],
        [-0.29513639,  0.14661506,  0.        , ..., -0.60894483,
         -0.7237251 , -0.55364132],
        ...,
        [ 0.34771356,  0.71866125,  0.60894483, ...,  0.        ,
         -0.1538421 ,  0.06794673],
        [ 0.48781666,  0.8170816 ,  0.7237251 , ...,  0.1538421 ,
          0.        ,  0.22062442],
        [ 0.28320306,  0.66975292,  0.55364132, ..., -0.06794673,
         -0.22062442,  0.        ]],

       [[ 0.        ,  0.14522065,  0.026775  , ..., -0.71147087,
         -0.54613474, -0.37470172],
        [-0.14522065,  0.        , -0.11867742, ..., -0.60187996,
         -0.41869437, -0.23608895],
        [-0.026775  ,  0.11867742,  0.        , ..., -0.69240059,
         -0.5235096 , -0.34974306],
        ...,
        [ 0.71147087,  0.60187996,  0.69240059, ...,  0.        ,
         -0.21221987, -0.39632822],
        [ 0.54613474,  0.41869437,  0.5235096 , ...,  0.21221987,
          0.        , -0.19245969],
        [ 0.37470172,  0.23608895,  0.34974306, ...,  0.39632822,
          0.19245969,  0.        ]],

       ...,

       [[ 0.        , -0.08497628, -0.13071956, ..., -0.6004545 ,
         -0.67759989, -0.76100854],
        [ 0.08497628,  0.        , -0.04599962, ..., -0.5303306 ,
         -0.61265483, -0.70312828],
        [ 0.13071956,  0.04599962,  0.        , ..., -0.49077117,
         -0.57565048, -0.66967536],
        ...,
        [ 0.6004545 ,  0.5303306 ,  0.49077117, ...,  0.        ,
         -0.1002561 , -0.21900729],
        [ 0.67759989,  0.61265483,  0.57565048, ...,  0.1002561 ,
          0.        , -0.12008166],
        [ 0.76100854,  0.70312828,  0.66967536, ...,  0.21900729,
          0.12008166,  0.        ]],

       [[ 0.        ,  0.02043045,  0.03164415, ..., -0.9875652 ,
         -0.98722947, -0.98449958],
        [-0.02043045,  0.        ,  0.01121733, ..., -0.99057094,
         -0.99027807, -0.98787733],
        [-0.03164415, -0.01121733,  0.        , ..., -0.9920454 ,
         -0.99177612, -0.98955651],
        ...,
        [ 0.9875652 ,  0.99057094,  0.9920454 , ...,  0.        ,
          0.00212142,  0.01843286],
        [ 0.98722947,  0.99027807,  0.99177612, ..., -0.00212142,
          0.        ,  0.01631175],
        [ 0.98449958,  0.98787733,  0.98955651, ..., -0.01843286,
         -0.01631175,  0.        ]],

       [[ 0.        ,  0.04565972,  0.10789106, ..., -0.9973003 ,
         -0.99770792, -0.99998893],
        [-0.04565972,  0.        ,  0.06238535, ..., -0.99961301,
         -0.99975705, -0.99916088],
        [-0.10789106, -0.06238535,  0.        , ..., -0.99940133,
         -0.99918475, -0.99465948],
        ...,
        [ 0.9973003 ,  0.99961301,  0.99940133, ...,  0.        ,
         -0.00577771, -0.0687366 ],
        [ 0.99770792,  0.99975705,  0.99918475, ...,  0.00577771,
          0.        , -0.0629714 ],
        [ 0.99998893,  0.99916088,  0.99465948, ...,  0.0687366 ,
          0.0629714 ,  0.        ]]]), 'num': array([ 9.48906032e-01,  3.11287515e-01,  3.34707883e-05, -2.53965485e-08,
        4.64060056e-04,  4.65278061e-04,  4.49443991e-04,  5.17267891e-02,
        1.33980594e-05,  4.54316013e-04,  4.78676121e-04,  4.83771443e-04,
        9.83773589e-07,  5.14643389e-04,  4.42708852e-04])}
{'img': array([[[ 0.        , -0.25709342, -0.57928363, ..., -0.43762072,
         -0.43762072, -0.69985421],
        [ 0.25709342,  0.        , -0.35024836, ..., -0.65407882,
         -0.65407882, -0.85996786],
        [ 0.57928363,  0.35024836,  0.        , ..., -0.87758453,
         -0.87758453, -0.98424342],
        ...,
        [ 0.43762072,  0.65407882,  0.87758453, ...,  0.        ,
          0.        ,  0.31669445],
        [ 0.43762072,  0.65407882,  0.87758453, ...,  0.        ,
          0.        ,  0.31669445],
        [ 0.69985421,  0.85996786,  0.98424342, ..., -0.31669445,
         -0.31669445,  0.        ]],

       [[ 0.        , -0.14661506, -0.15625155, ..., -0.8170816 ,
         -0.66975292, -0.67771132],
        [ 0.14661506,  0.        , -0.0097488 , ..., -0.7237251 ,
         -0.55364132, -0.56257754],
        [ 0.15625155,  0.0097488 ,  0.        , ..., -0.71696317,
         -0.54549664, -0.55449104],
        ...,
        [ 0.8170816 ,  0.7237251 ,  0.71696317, ...,  0.        ,
          0.22062442,  0.21010753],
        [ 0.66975292,  0.55364132,  0.54549664, ..., -0.22062442,
          0.        , -0.01076947],
        [ 0.67771132,  0.56257754,  0.55449104, ..., -0.21010753,
          0.01076947,  0.        ]],

       [[ 0.        , -0.11867742, -0.20482511, ..., -0.41869437,
         -0.23608895, -0.32124398],
        [ 0.11867742,  0.        , -0.08721629, ..., -0.5235096 ,
         -0.34974306, -0.4313608 ],
        [ 0.20482511,  0.08721629,  0.        , ..., -0.59582471,
         -0.43011853, -0.50840181],
        ...,
        [ 0.41869437,  0.5235096 ,  0.59582471, ...,  0.        ,
         -0.19245969, -0.10477169],
        [ 0.23608895,  0.34974306,  0.43011853, ...,  0.19245969,
          0.        ,  0.08858748],
        [ 0.32124398,  0.4313608 ,  0.50840181, ...,  0.10477169,
         -0.08858748,  0.        ]],

       ...,

       [[ 0.        , -0.04599962, -0.18288382, ..., -0.61265483,
         -0.70312828, -0.496106  ],
        [ 0.04599962,  0.        , -0.13746642, ..., -0.57565048,
         -0.66967536, -0.45564113],
        [ 0.18288382,  0.13746642,  0.        , ..., -0.45777978,
         -0.56122777, -0.32894787],
        ...,
        [ 0.61265483,  0.57565048,  0.45777978, ...,  0.        ,
         -0.12008166,  0.13984722],
        [ 0.70312828,  0.66967536,  0.56122777, ...,  0.12008166,
          0.        ,  0.25773692],
        [ 0.496106  ,  0.45564113,  0.32894787, ..., -0.13984722,
         -0.25773692,  0.        ]],

       [[ 0.        ,  0.01121733, -0.01179728, ..., -0.99027807,
         -0.98787733, -0.98767359],
        [-0.01121733,  0.        , -0.02301309, ..., -0.99177612,
         -0.98955651, -0.98936727],
        [ 0.01179728,  0.02301309,  0.        , ..., -0.98856814,
         -0.98597721, -0.98575826],
        ...,
        [ 0.99027807,  0.99177612,  0.98856814, ...,  0.        ,
          0.01631175,  0.01761854],
        [ 0.98787733,  0.98955651,  0.98597721, ..., -0.01631175,
          0.        ,  0.00130698],
        [ 0.98767359,  0.98936727,  0.98575826, ..., -0.01761854,
         -0.00130698,  0.        ]],

       [[ 0.        ,  0.06238535,  0.19248456, ..., -0.99975705,
         -0.99916088, -0.99852712],
        [-0.06238535,  0.        ,  0.13089089, ..., -0.99918475,
         -0.99465948, -0.99319743],
        [-0.19248456, -0.13089089,  0.        , ..., -0.98530434,
         -0.97259282, -0.96941146],
        ...,
        [ 0.99975705,  0.99918475,  0.98530434, ...,  0.        ,
         -0.0629714 , -0.07625117],
        [ 0.99916088,  0.99465948,  0.97259282, ...,  0.0629714 ,
          0.        , -0.01331177],
        [ 0.99852712,  0.99319743,  0.96941146, ...,  0.07625117,
          0.01331177,  0.        ]]]), 'num': array([9.93378059e-01, 8.99716159e-02, 4.64476320e-05, 2.28196451e-08,
       4.86749161e-04, 4.88000444e-04, 4.76738896e-04, 7.14369586e-02,
       1.00102655e-05, 4.71984019e-04, 4.92004551e-04, 4.95028485e-04,
       9.81398581e-07, 5.28747134e-04, 4.55261967e-04])}
{'img': array([[[ 0.00000000e+00, -5.32938710e-01, -7.21602425e-01, ...,
         -4.41144885e-01, -7.04804380e-01, -8.19800260e-01],
        [ 5.32938710e-01,  0.00000000e+00, -2.41629098e-01, ...,
         -8.51554771e-01, -9.74440569e-01, -9.98864268e-01],
        [ 7.21602425e-01,  2.41629098e-01,  0.00000000e+00, ...,
         -9.52999917e-01, -9.99847488e-01, -9.80779346e-01],
        ...,
        [ 4.41144885e-01,  8.51554771e-01,  9.52999917e-01, ...,
          0.00000000e+00,  3.19567816e-01,  4.83096752e-01],
        [ 7.04804380e-01,  9.74440569e-01,  9.99847488e-01, ...,
         -3.19567816e-01,  0.00000000e+00,  1.77961779e-01],
        [ 8.19800260e-01,  9.98864268e-01,  9.80779346e-01, ...,
         -4.83096752e-01, -1.77961779e-01,  0.00000000e+00]],

       [[ 0.00000000e+00, -9.74880401e-03, -3.25350738e-01, ...,
         -5.53641320e-01, -5.62577543e-01, -3.58808019e-01],
        [ 9.74880401e-03,  0.00000000e+00, -3.16116872e-01, ...,
         -5.45496643e-01, -5.54491038e-01, -3.49691323e-01],
        [ 3.25350738e-01,  3.16116872e-01,  0.00000000e+00, ...,
         -2.52582053e-01, -2.62987676e-01, -3.56004169e-02],
        ...,
        [ 5.53641320e-01,  5.45496643e-01,  2.52582053e-01, ...,
          0.00000000e+00, -1.07694664e-02,  2.17975851e-01],
        [ 5.62577543e-01,  5.54491038e-01,  2.62987676e-01, ...,
          1.07694664e-02,  0.00000000e+00,  2.28473716e-01],
        [ 3.58808019e-01,  3.49691323e-01,  3.56004169e-02, ...,
         -2.17975851e-01, -2.28473716e-01,  0.00000000e+00]],

       [[ 0.00000000e+00, -1.67832051e-01, -4.34422492e-01, ...,
         -2.36501163e-01, -3.21797520e-01, -4.88898949e-01],
        [ 1.67832051e-01,  0.00000000e+00, -2.77092595e-01, ...,
         -3.96217394e-01, -4.76137830e-01, -6.28370894e-01],
        [ 4.34422492e-01,  2.77092595e-01,  0.00000000e+00, ...,
         -6.35117227e-01, -7.01160906e-01, -8.19320092e-01],
        ...,
        [ 2.36501163e-01,  3.96217394e-01,  6.35117227e-01, ...,
          0.00000000e+00,  8.87471988e-02,  2.68719950e-01],
        [ 3.21797520e-01,  4.76137830e-01,  7.01160906e-01, ...,
         -8.87471988e-02,  0.00000000e+00,  1.82176699e-01],
        [ 4.88898949e-01,  6.28370894e-01,  8.19320092e-01, ...,
         -2.68719950e-01, -1.82176699e-01,  0.00000000e+00]],

       ...,

       [[ 0.00000000e+00, -1.37466418e-01, -1.69507616e-01, ...,
         -6.69675363e-01, -4.55641128e-01, -4.85328211e-01],
        [ 1.37466418e-01,  0.00000000e+00, -3.24212585e-02, ...,
         -5.61227772e-01, -3.28947871e-01, -3.60529418e-01],
        [ 1.69507616e-01,  3.24212585e-02,  0.00000000e+00, ...,
         -5.34098906e-01, -2.98157987e-01, -3.30099026e-01],
        ...,
        [ 6.69675363e-01,  5.61227772e-01,  5.34098906e-01, ...,
          0.00000000e+00,  2.57736915e-01,  2.25087712e-01],
        [ 4.55641128e-01,  3.28947871e-01,  2.98157987e-01, ...,
         -2.57736915e-01,  0.00000000e+00, -3.36398474e-02],
        [ 4.85328211e-01,  3.60529418e-01,  3.30099026e-01, ...,
         -2.25087712e-01,  3.36398474e-02,  0.00000000e+00]],

       [[ 0.00000000e+00, -2.30130912e-02, -6.45831667e-02, ...,
         -9.89556513e-01, -9.89367273e-01, -9.89280163e-01],
        [ 2.30130912e-02,  0.00000000e+00, -4.16010153e-02, ...,
         -9.85977210e-01, -9.85758260e-01, -9.85657565e-01],
        [ 6.45831667e-02,  4.16010153e-02,  0.00000000e+00, ...,
         -9.78181274e-01, -9.77908910e-01, -9.77783792e-01],
        ...,
        [ 9.89556513e-01,  9.85977210e-01,  9.78181274e-01, ...,
          0.00000000e+00,  1.30697635e-03,  1.90470356e-03],
        [ 9.89367273e-01,  9.85758260e-01,  9.77908910e-01, ...,
         -1.30697635e-03,  0.00000000e+00,  5.97727955e-04],
        [ 9.89280163e-01,  9.85657565e-01,  9.77783792e-01, ...,
         -1.90470356e-03, -5.97727955e-04,  0.00000000e+00]],

       [[ 0.00000000e+00,  1.30890891e-01,  3.22112482e-01, ...,
         -9.94659480e-01, -9.93197426e-01, -9.94340562e-01],
        [-1.30890891e-01,  0.00000000e+00,  1.95426687e-01, ...,
         -9.72592821e-01, -9.69411458e-01, -9.71880239e-01],
        [-3.22112482e-01, -1.95426687e-01,  0.00000000e+00, ...,
         -9.08399963e-01, -9.02753792e-01, -9.07122516e-01],
        ...,
        [ 9.94659480e-01,  9.72592821e-01,  9.08399963e-01, ...,
          0.00000000e+00, -1.33117712e-02, -3.04527257e-03],
        [ 9.93197426e-01,  9.69411458e-01,  9.02753792e-01, ...,
          1.33117712e-02,  0.00000000e+00,  1.02667067e-02],
        [ 9.94340562e-01,  9.71880239e-01,  9.07122516e-01, ...,
          3.04527257e-03, -1.02667067e-02,  0.00000000e+00]]]), 'num': array([ 7.06714591e-01,  7.06714591e-01,  0.00000000e+00,  4.78143533e-08,
        3.43237599e-04,  3.45020651e-04,  3.36996915e-04,  3.32868971e-02,
       -3.56610492e-06,  3.37888442e-04,  3.50057775e-04,  3.51276194e-04,
        6.85789408e-07,  3.76397962e-04,  3.23717587e-04])}
{'img': array([[[ 0.00000000e+00, -5.52770798e-01, -7.45355992e-01, ...,
         -7.28368905e-01, -8.43558665e-01, -7.91544825e-01],
        [ 5.52770798e-01,  0.00000000e+00, -2.52616128e-01, ...,
         -9.85724449e-01, -9.99823946e-01, -9.97425064e-01],
        [ 7.45355992e-01,  2.52616128e-01,  0.00000000e+00, ...,
         -9.96286154e-01, -9.62656217e-01, -9.83191879e-01],
        ...,
        [ 7.28368905e-01,  9.85724449e-01,  9.96286154e-01, ...,
          0.00000000e+00,  1.86832821e-01,  9.72404565e-02],
        [ 8.43558665e-01,  9.99823946e-01,  9.62656217e-01, ...,
         -1.86832821e-01,  0.00000000e+00, -9.04191854e-02],
        [ 7.91544825e-01,  9.97425064e-01,  9.83191879e-01, ...,
         -9.72404565e-02,  9.04191854e-02,  0.00000000e+00]],

       [[ 0.00000000e+00, -3.16116872e-01, -1.07443698e-01, ...,
         -5.54491038e-01, -3.49691323e-01, -6.32407620e-01],
        [ 3.16116872e-01,  0.00000000e+00,  2.12352913e-01, ...,
         -2.62987676e-01, -3.56004169e-02, -3.55102477e-01],
        [ 1.07443698e-01, -2.12352913e-01,  0.00000000e+00, ...,
         -4.61867646e-01, -2.47006783e-01, -5.45516987e-01],
        ...,
        [ 5.54491038e-01,  2.62987676e-01,  4.61867646e-01, ...,
          0.00000000e+00,  2.28473716e-01, -9.67545026e-02],
        [ 3.49691323e-01,  3.56004169e-02,  2.47006783e-01, ...,
         -2.28473716e-01,  0.00000000e+00, -3.21597135e-01],
        [ 6.32407620e-01,  3.55102477e-01,  5.45516987e-01, ...,
          9.67545026e-02,  3.21597135e-01,  0.00000000e+00]],

       [[ 0.00000000e+00, -4.05069911e-01, -6.04732611e-01, ...,
         -3.22913238e-01, -4.90522420e-01, -5.43690620e-01],
        [ 4.05069911e-01,  0.00000000e+00, -2.30289137e-01, ...,
         -6.78604697e-01, -8.01467135e-01, -8.37057956e-01],
        [ 6.04732611e-01,  2.30289137e-01,  0.00000000e+00, ...,
         -8.29513550e-01, -9.17647346e-01, -9.40554185e-01],
        ...,
        [ 3.22913238e-01,  6.78604697e-01,  8.29513550e-01, ...,
          0.00000000e+00,  1.82848612e-01,  2.43547869e-01],
        [ 4.90522420e-01,  8.01467135e-01,  9.17647346e-01, ...,
         -1.82848612e-01,  0.00000000e+00,  6.20990799e-02],
        [ 5.43690620e-01,  8.37057956e-01,  9.40554185e-01, ...,
         -2.43547869e-01, -6.20990799e-02,  0.00000000e+00]],

       ...,

       [[ 0.00000000e+00, -3.24212585e-02, -4.28828406e-01, ...,
         -3.28947871e-01, -3.60529418e-01, -3.80818650e-01],
        [ 3.24212585e-02,  0.00000000e+00, -3.99314058e-01, ...,
         -2.98157987e-01, -3.30099026e-01, -3.50640142e-01],
        [ 4.28828406e-01,  3.99314058e-01,  0.00000000e+00, ...,
          1.07796393e-01,  7.42915551e-02,  5.24898550e-02],
        ...,
        [ 3.28947871e-01,  2.98157987e-01, -1.07796393e-01, ...,
          0.00000000e+00, -3.36398474e-02, -5.54637954e-02],
        [ 3.60529418e-01,  3.30099026e-01, -7.42915551e-02, ...,
          3.36398474e-02,  0.00000000e+00, -2.18443384e-02],
        [ 3.80818650e-01,  3.50640142e-01, -5.24898550e-02, ...,
          5.54637954e-02,  2.18443384e-02,  0.00000000e+00]],

       [[ 0.00000000e+00, -4.16010153e-02, -6.52792076e-02, ...,
         -9.85758260e-01, -9.85657565e-01, -9.86724704e-01],
        [ 4.16010153e-02,  0.00000000e+00, -2.37104138e-02, ...,
         -9.77908910e-01, -9.77783792e-01, -9.79114418e-01],
        [ 6.52792076e-02,  2.37104138e-02,  0.00000000e+00, ...,
         -9.72677766e-01, -9.72538825e-01, -9.74018594e-01],
        ...,
        [ 9.85758260e-01,  9.77908910e-01,  9.72677766e-01, ...,
          0.00000000e+00,  5.97727955e-04, -5.84708372e-03],
        [ 9.85657565e-01,  9.77783792e-01,  9.72538825e-01, ...,
         -5.97727955e-04,  0.00000000e+00, -6.44480041e-03],
        [ 9.86724704e-01,  9.79114418e-01,  9.74018594e-01, ...,
          5.84708372e-03,  6.44480041e-03,  0.00000000e+00]],

       [[ 0.00000000e+00,  1.95426687e-01,  3.57720614e-01, ...,
         -9.69411458e-01, -9.71880239e-01, -9.66815990e-01],
        [-1.95426687e-01,  0.00000000e+00,  1.68328117e-01, ...,
         -9.02753792e-01, -9.07122516e-01, -8.98247757e-01],
        [-3.57720614e-01, -1.68328117e-01,  0.00000000e+00, ...,
         -8.17464792e-01, -8.23335111e-01, -8.11452248e-01],
        ...,
        [ 9.69411458e-01,  9.02753792e-01,  8.17464792e-01, ...,
          0.00000000e+00,  1.02667067e-02, -1.03626275e-02],
        [ 9.71880239e-01,  9.07122516e-01,  8.23335111e-01, ...,
         -1.02667067e-02,  0.00000000e+00, -2.06282368e-02],
        [ 9.66815990e-01,  8.98247757e-01,  8.11452248e-01, ...,
          1.03626275e-02,  2.06282368e-02,  0.00000000e+00]]]), 'num': array([ 9.96060717e-01,  3.40201428e-04,  5.39685916e-05,  6.99396365e-08,
        4.83829211e-04,  5.00874684e-04,  4.79895640e-04,  8.86617684e-02,
       -2.09790444e-05,  4.96678875e-04,  5.12937635e-04,  5.14379944e-04,
        8.59435641e-07,  5.53787894e-04,  4.72087376e-04])}
{'img': array([[[ 0.        , -0.57495957, -0.1999898 , ..., -0.86892174,
         -0.81762046, -0.43796936],
        [ 0.57495957,  0.        ,  0.39971621, ..., -0.99551192,
         -0.99999952, -0.87522142],
        [ 0.1999898 , -0.39971621,  0.        , ..., -0.95035262,
         -0.91624851, -0.6089103 ],
        ...,
        [ 0.86892174,  0.99551192,  0.95035262, ...,  0.        ,
         -0.09560744, -0.56437916],
        [ 0.81762046,  0.99999952,  0.91624851, ...,  0.09560744,
          0.        , -0.48286836],
        [ 0.43796936,  0.87522142,  0.6089103 , ...,  0.56437916,
          0.48286836,  0.        ]],

       [[ 0.        ,  0.21235291, -0.27368116, ..., -0.03560042,
         -0.35510248,  0.10738217],
        [-0.21235291,  0.        , -0.4716847 , ..., -0.24700678,
         -0.54551699, -0.10619194],
        [ 0.27368116,  0.4716847 ,  0.        , ...,  0.23926646,
         -0.08570019,  0.37538105],
        ...,
        [ 0.03560042,  0.24700678, -0.23926646, ...,  0.        ,
         -0.32159713,  0.14270867],
        [ 0.35510248,  0.54551699,  0.08570019, ...,  0.32159713,
          0.        ,  0.453433  ],
        [-0.10738217,  0.10619194, -0.37538105, ..., -0.14270867,
         -0.453433  ,  0.        ]],

       [[ 0.        , -0.48073547, -0.60198491, ..., -0.50061223,
         -0.5546413 , -0.54900221],
        [ 0.48073547,  0.        , -0.14398904, ..., -0.85512875,
         -0.88636088, -0.88320995],
        [ 0.60198491,  0.14398904,  0.        , ..., -0.92086387,
         -0.94379058, -0.94153393],
        ...,
        [ 0.50061223,  0.85512875,  0.92086387, ...,  0.        ,
          0.06358304,  0.05683348],
        [ 0.5546413 ,  0.88636088,  0.94379058, ..., -0.06358304,
          0.        , -0.00676179],
        [ 0.54900221,  0.88320995,  0.94153393, ..., -0.05683348,
          0.00676179,  0.        ]],

       ...,

       [[ 0.        , -0.39931406, -0.37119559, ..., -0.33009903,
         -0.35064014, -0.50380144],
        [ 0.39931406,  0.        ,  0.03046755, ...,  0.07429156,
          0.05248986, -0.11695706],
        [ 0.37119559, -0.03046755,  0.        , ...,  0.04387371,
          0.02203994, -0.14716121],
        ...,
        [ 0.33009903, -0.07429156, -0.04387371, ...,  0.        ,
         -0.02184434, -0.19041554],
        [ 0.35064014, -0.05248986, -0.02203994, ...,  0.02184434,
          0.        , -0.16892544],
        [ 0.50380144,  0.11695706,  0.14716121, ...,  0.19041554,
          0.16892544,  0.        ]],

       [[ 0.        , -0.02371041, -0.02913638, ..., -0.97778379,
         -0.97911442, -0.97854139],
        [ 0.02371041,  0.        , -0.00542784, ..., -0.97253882,
         -0.97401859, -0.97338075],
        [ 0.02913638,  0.00542784,  0.        , ..., -0.97126122,
         -0.97277501, -0.97212238],
        ...,
