state_0,state_1,state_2,state_3,state_4,state_5,state_6,state_7,state_8,state_9,state_10,state_11,state_12,state_13,state_14,state_15,state_16,state_17,state_18,state_19,state_20,state_21,state_22,state_23,state_24,state_25,state_26,state_27,state_28,state_29,state_30,state_31,state_32,state_33,state_34,state_35,state_36,state_37,state_38,state_39,state_40,state_41,state_42,state_43,state_44,state_45,state_46,state_47,state_48,state_49,state_50,state_51,state_52,state_53,state_54,state_55,state_56,state_57,state_58,state_59,state_60,state_61,state_62,state_63,state_64,state_65,state_66,state_67,state_68,state_69,state_70,state_71,state_72,state_73,state_74,state_75,state_76,state_77,state_78,state_79,state_80,state_81,state_82,state_83,state_84,state_85,state_86,state_87,state_88,state_89,state_90,state_91,state_92,state_93,state_94,state_95,state_96,state_97,state_98,state_99,state_100,state_101,state_102,state_103,state_104,state_105,state_106,state_107,state_108,state_109,state_110,state_111,state_112,state_113,state_114,state_115,state_116,state_117,state_118,state_119,state_120,state_121,state_122,state_123,state_124,state_125,state_126,state_127,state_128,state_129,state_130,state_131,state_132,state_133,state_134,state_135,state_136,state_137,state_138,state_139,state_140,state_141,state_142,state_143,state_144,state_145,state_146,state_147,state_148,state_149,state_150,state_151,state_152,state_153,state_154,state_155,state_156,state_157,state_158,state_159,state_160,state_161,state_162,state_163,state_164,state_165,state_166,state_167,state_168,state_169,state_170,state_171,state_172,state_173,state_174,state_175,state_176,state_177,state_178,state_179,state_180,state_181,state_182,state_183,state_184,state_185,state_186,state_187,state_188,state_189,state_190,state_191,state_192,state_193,state_194,state_195,state_196,state_197,state_198,state_199,state_200,state_201,state_202,state_203,state_204,state_205,state_206,state_207,state_208,state_209,state_210,state_211,state_212,state_213,state_214,state_215,state_216,state_217,state_218,state_219,state_220,state_221,state_222,state_223,state_224,state_225,state_226,state_227,state_228,state_229,state_230,state_231,state_232,state_233,state_234,state_235,state_236,state_237,state_238,state_239,state_240,state_241,state_242,state_243,state_244,state_245,state_246,state_247,state_248,state_249,state_250,state_251,state_252,state_253,state_254,state_255,state_256,state_257,state_258,state_259,state_260,state_261,state_262,state_263,state_264,state_265,state_266,state_267,state_268,state_269,state_270,state_271,state_272,state_273,state_274,state_275,state_276,state_277,state_278,state_279,state_280,state_281,state_282,state_283,state_284,state_285,state_286,state_287
{'img': array([[[ 0.        , -0.39245038, -0.55906676, ..., -0.99614267,
         -0.78584251, -0.7315229 ],
        [ 0.39245038,  0.        , -0.18882511, ..., -0.95066219,
         -0.48009508, -0.40525585],
        [ 0.55906676,  0.18882511,  0.        , ..., -0.87498164,
         -0.30581803, -0.22534105],
        ...,
        [ 0.99614267,  0.95066219,  0.87498164, ...,  0.        ,
          0.68499759,  0.74337682],
        [ 0.78584251,  0.48009508,  0.30581803, ..., -0.68499759,
          0.        ,  0.08340742],
        [ 0.7315229 ,  0.40525585,  0.22534105, ..., -0.74337682,
         -0.08340742,  0.        ]],

       [[ 0.        ,  0.17606878,  0.09630795, ..., -0.47512184,
          0.99662026,  0.58344336],
        [-0.17606878,  0.        , -0.08044692, ..., -0.62262587,
          0.99551438,  0.4313338 ],
        [-0.09630795,  0.08044692,  0.        , ..., -0.55765657,
          0.99989892,  0.5025144 ],
        ...,
        [ 0.47512184,  0.62262587,  0.55765657, ...,  0.        ,
          0.83791646,  0.89925551],
        [-0.99662026, -0.99551438, -0.99989892, ..., -0.83791646,
          0.        , -0.85733685],
        [-0.58344336, -0.4313338 , -0.5025144 , ..., -0.89925551,
          0.85733685,  0.        ]],

       [[ 0.        ,  0.0168573 , -0.058799  , ..., -0.91964451,
         -0.99988543, -0.96012205],
        [-0.0168573 ,  0.        , -0.07561878, ..., -0.91289309,
         -0.99948819, -0.96469861],
        [ 0.058799  ,  0.07561878,  0.        , ..., -0.94114679,
         -0.9990455 , -0.9420218 ],
        ...,
        [ 0.91964451,  0.91289309,  0.94114679, ...,  0.        ,
          0.37878626,  0.63420498],
        [ 0.99988543,  0.99948819,  0.9990455 , ..., -0.37878626,
          0.        ,  0.29408241],
        [ 0.96012205,  0.96469861,  0.9420218 , ..., -0.63420498,
         -0.29408241,  0.        ]],

       ...,

       [[ 0.        , -0.01045829,  0.28208821, ..., -0.56436102,
          0.43550424,  0.49594273],
        [ 0.01045829,  0.        ,  0.29210635, ..., -0.55569654,
          0.44489484,  0.50499712],
        [-0.28208821, -0.29210635,  0.        , ..., -0.7743132 ,
          0.1638857 ,  0.23084896],
        ...,
        [ 0.56436102,  0.55569654,  0.7743132 , ...,  0.        ,
          0.86755126,  0.8994805 ],
        [-0.43550424, -0.44489484, -0.1638857 , ..., -0.86755126,
          0.        ,  0.06826865],
        [-0.49594273, -0.50499712, -0.23084896, ..., -0.8994805 ,
         -0.06826865,  0.        ]],

       [[ 0.        ,  0.05735851, -0.29031645, ..., -0.42676503,
         -0.33230791, -0.33230791],
        [-0.05735851,  0.        , -0.34472661, ..., -0.37418953,
         -0.27766193, -0.27766193],
        [ 0.29031645,  0.34472661,  0.        , ..., -0.67093588,
         -0.59181368, -0.59181368],
        ...,
        [ 0.42676503,  0.37418953,  0.67093588, ...,  0.        ,
         -0.10198555, -0.10198555],
        [ 0.33230791,  0.27766193,  0.59181368, ...,  0.10198555,
          0.        ,  0.        ],
        [ 0.33230791,  0.27766193,  0.59181368, ...,  0.10198555,
          0.        ,  0.        ]],

       [[ 0.        , -0.01218303, -0.17012081, ..., -0.65118262,
         -0.77086126, -0.77086126],
        [ 0.01218303,  0.        , -0.15810274, ..., -0.66038025,
         -0.77856467, -0.77856467],
        [ 0.17012081,  0.15810274,  0.        , ..., -0.77079873,
         -0.86799206, -0.86799206],
        ...,
        [ 0.65118262,  0.66038025,  0.77079873, ...,  0.        ,
          0.17021752,  0.17021752],
        [ 0.77086126,  0.77856467,  0.86799206, ..., -0.17021752,
          0.        ,  0.        ],
        [ 0.77086126,  0.77856467,  0.86799206, ..., -0.17021752,
          0.        ,  0.        ]]]), 'num': array([7.07095448e-01, 7.07095448e-01, 0.00000000e+00, 0.00000000e+00,
       9.84259404e-04, 9.90806584e-04, 9.61344274e-04, 4.95994721e-03,
       4.36478671e-06, 9.51087025e-04, 9.44703524e-04, 9.94316600e-04,
       1.22967341e-06, 1.01448169e-03, 8.74925357e-04])}
{'img': array([[[ 0.        , -0.18882511, -0.42416283, ..., -0.48009508,
         -0.40525585, -0.3670539 ],
        [ 0.18882511,  0.        , -0.24553509, ..., -0.30581803,
         -0.22534105, -0.18480582],
        [ 0.42416283,  0.24553509,  0.        , ..., -0.06268475,
          0.02077707,  0.06215727],
        ...,
        [ 0.48009508,  0.30581803,  0.06268475, ...,  0.        ,
          0.08340742,  0.12459857],
        [ 0.40525585,  0.22534105, -0.02077707, ..., -0.08340742,
          0.        ,  0.04140696],
        [ 0.3670539 ,  0.18480582, -0.06215727, ..., -0.12459857,
         -0.04140696,  0.        ]],

       [[ 0.        , -0.08044692,  0.2500581 , ...,  0.99551438,
          0.4313338 , -0.25751704],
        [ 0.08044692,  0.        ,  0.32713882, ...,  0.99989892,
          0.5025144 , -0.17894865],
        [-0.2500581 , -0.32713882,  0.        , ...,  0.94022962,
          0.19203016, -0.49096052],
        ...,
        [-0.99551438, -0.99989892, -0.94022962, ...,  0.        ,
         -0.85733685, -0.98630321],
        [-0.4313338 , -0.5025144 , -0.19203016, ...,  0.85733685,
          0.        , -0.64911645],
        [ 0.25751704,  0.17894865,  0.49096052, ...,  0.98630321,
          0.64911645,  0.        ]],

       [[ 0.        , -0.07561878, -0.21698122, ..., -0.99948819,
         -0.96469861, -0.89915532],
        [ 0.07561878,  0.        , -0.14254274, ..., -0.9990455 ,
         -0.9420218 , -0.86348784],
        [ 0.21698122,  0.14254274,  0.        , ..., -0.98261741,
         -0.88457203, -0.78277623],
        ...,
        [ 0.99948819,  0.9990455 ,  0.98261741, ...,  0.        ,
          0.29408241,  0.46616973],
        [ 0.96469861,  0.9420218 ,  0.88457203, ..., -0.29408241,
          0.        ,  0.18538241],
        [ 0.89915532,  0.86348784,  0.78277623, ..., -0.46616973,
         -0.18538241,  0.        ]],

       ...,

       [[ 0.        ,  0.29210635,  0.36247586, ...,  0.44489484,
          0.50499712,  0.66334401],
        [-0.29210635,  0.        ,  0.07442567, ...,  0.1638857 ,
          0.23084896,  0.41582538],
        [-0.36247586, -0.07442567,  0.        , ...,  0.09001179,
          0.15779332,  0.34698611],
        ...,
        [-0.44489484, -0.1638857 , -0.09001179, ...,  0.        ,
          0.06826865,  0.26115821],
        [-0.50499712, -0.23084896, -0.15779332, ..., -0.06826865,
          0.        ,  0.19464946],
        [-0.66334401, -0.41582538, -0.34698611, ..., -0.26115821,
         -0.19464946,  0.        ]],

       [[ 0.        , -0.34472661, -0.47723492, ..., -0.27766193,
         -0.27766193, -0.34507046],
        [ 0.34472661,  0.        , -0.14504453, ..., -0.59181368,
         -0.59181368, -0.64747111],
        [ 0.47723492,  0.14504453,  0.        , ..., -0.70247207,
         -0.70247207, -0.75116117],
        ...,
        [ 0.27766193,  0.59181368,  0.70247207, ...,  0.        ,
          0.        ,  0.07089485],
        [ 0.27766193,  0.59181368,  0.70247207, ...,  0.        ,
          0.        ,  0.07089485],
        [ 0.34507046,  0.64747111,  0.75116117, ..., -0.07089485,
         -0.07089485,  0.        ]],

       [[ 0.        , -0.15810274, -0.35559278, ..., -0.77856467,
         -0.77856467, -0.73218864],
        [ 0.15810274,  0.        , -0.20335107, ..., -0.86799206,
         -0.86799206, -0.83066374],
        [ 0.35559278,  0.20335107,  0.        , ..., -0.95083582,
         -0.95083582, -0.92652843],
        ...,
        [ 0.77856467,  0.86799206,  0.95083582, ...,  0.        ,
          0.        , -0.07078637],
        [ 0.77856467,  0.86799206,  0.95083582, ...,  0.        ,
          0.        , -0.07078637],
        [ 0.73218864,  0.83066374,  0.92652843, ...,  0.07078637,
          0.07078637,  0.        ]]]), 'num': array([ 9.54550526e-01,  2.97580166e-01,  1.42509840e-05, -2.81644248e-10,
        1.33802517e-03,  1.34673250e-03,  1.29884222e-03,  1.63055637e-02,
        2.90244072e-05,  1.28926417e-03,  1.25784525e-03,  1.32198919e-03,
        1.67886277e-06,  1.35470972e-03,  1.16098077e-03])}
{'img': array([[[ 0.        , -0.24553509,  0.03118415, ..., -0.22534105,
         -0.18480582,  0.02077707],
        [ 0.24553509,  0.        ,  0.2756452 , ...,  0.02077707,
          0.06215727,  0.26562311],
        [-0.03118415, -0.2756452 ,  0.        , ..., -0.25561355,
         -0.21536294, -0.01041046],
        ...,
        [ 0.22534105, -0.02077707,  0.25561355, ...,  0.        ,
          0.04140696,  0.24553509],
        [ 0.18480582, -0.06215727,  0.21536294, ..., -0.04140696,
          0.        ,  0.2051851 ],
        [-0.02077707, -0.26562311,  0.01041046, ..., -0.24553509,
         -0.2051851 ,  0.        ]],

       [[ 0.        ,  0.32713882,  0.12371798, ...,  0.5025144 ,
         -0.17894865,  0.64370888],
        [-0.32713882,  0.        , -0.20771499, ...,  0.19203016,
         -0.49096052,  0.35793995],
        [-0.12371798,  0.20771499,  0.        , ...,  0.39169108,
         -0.29929484,  0.54408581],
        ...,
        [-0.5025144 , -0.19203016, -0.39169108, ...,  0.        ,
         -0.64911645,  0.17197121],
        [ 0.17894865,  0.49096052,  0.29929484, ...,  0.64911645,
          0.        ,  0.77026251],
        [-0.64370888, -0.35793995, -0.54408581, ..., -0.17197121,
         -0.77026251,  0.        ]],

       [[ 0.        , -0.14254274, -0.27479636, ..., -0.9420218 ,
         -0.86348784, -0.72928145],
        [ 0.14254274,  0.        , -0.13493513, ..., -0.88457203,
         -0.78277623, -0.62430479],
        [ 0.27479636,  0.13493513,  0.        , ..., -0.81354788,
         -0.69164673, -0.51318643],
        ...,
        [ 0.9420218 ,  0.88457203,  0.81354788, ...,  0.        ,
          0.18538241,  0.39983272],
        [ 0.86348784,  0.78277623,  0.69164673, ..., -0.18538241,
          0.        ,  0.22298289],
        [ 0.72928145,  0.62430479,  0.51318643, ..., -0.39983272,
         -0.22298289,  0.        ]],

       ...,

       [[ 0.        ,  0.07442567,  0.22434464, ...,  0.23084896,
          0.41582538,  0.47558608],
        [-0.07442567,  0.        ,  0.15119389, ...,  0.15779332,
          0.34698611,  0.4087971 ],
        [-0.22434464, -0.15119389,  0.        , ...,  0.00667959,
          0.20119694,  0.26611425],
        ...,
        [-0.23084896, -0.15779332, -0.00667959, ...,  0.        ,
          0.19464946,  0.25966959],
        [-0.41582538, -0.34698611, -0.20119694, ..., -0.19464946,
          0.        ,  0.06673035],
        [-0.47558608, -0.4087971 , -0.26611425, ..., -0.25966959,
         -0.06673035,  0.        ]],

       [[ 0.        , -0.34615355, -0.72350431, ..., -0.28192783,
         -0.35030753, -0.47757449],
        [ 0.34615355,  0.        , -0.43981907, ..., -0.59661049,
         -0.65287021, -0.7521773 ],
        [ 0.72350431,  0.43981907,  0.        , ..., -0.88877618,
         -0.91948352, -0.96534372],
        ...,
        [ 0.28192783,  0.59661049,  0.88877618, ...,  0.        ,
          0.07203413,  0.21050265],
        [ 0.35030753,  0.65287021,  0.91948352, ..., -0.07203413,
          0.        ,  0.13953572],
        [ 0.47757449,  0.7521773 ,  0.96534372, ..., -0.21050265,
         -0.13953572,  0.        ]],

       [[ 0.        , -0.20144316, -0.14197325, ..., -0.92095953,
         -0.90713829, -0.76633919],
        [ 0.20144316,  0.        ,  0.06033982, ..., -0.98057404,
         -0.973316  , -0.88004377],
        [ 0.14197325, -0.06033982,  0.        , ..., -0.96695171,
         -0.95769641, -0.84978531],
        ...,
        [ 0.92095953,  0.98057404,  0.96695171, ...,  0.        ,
         -0.03409591, -0.29304733],
        [ 0.90713829,  0.973316  ,  0.95769641, ...,  0.03409591,
          0.        , -0.26027791],
        [ 0.76633919,  0.88004377,  0.84978531, ...,  0.29304733,
          0.26027791,  0.        ]]]), 'num': array([9.65772581e-01, 2.58478660e-01, 1.49691835e-05, 4.34124660e-08,
       1.36280139e-03, 1.37866469e-03, 1.32819056e-03, 2.14100569e-02,
       3.31687111e-05, 1.31434623e-03, 1.25327254e-03, 1.31429816e-03,
       1.90036093e-06, 1.35974138e-03, 1.14680370e-03])}
{'img': array([[[ 0.        ,  0.2756452 , -0.02083562, ...,  0.06215727,
          0.26562311,  0.49223462],
        [-0.2756452 ,  0.        , -0.2956138 , ..., -0.21536294,
         -0.01041046,  0.23322635],
        [ 0.02083562,  0.2956138 ,  0.        , ...,  0.08293911,
          0.28565259,  0.51026439],
        ...,
        [-0.06215727,  0.21536294, -0.08293911, ...,  0.        ,
          0.2051851 ,  0.43717725],
        [-0.26562311,  0.01041046, -0.28565259, ..., -0.2051851 ,
          0.        ,  0.24333708],
        [-0.49223462, -0.23322635, -0.51026439, ..., -0.43717725,
         -0.24333708,  0.        ]],

       [[ 0.        , -0.20771499, -0.09797269, ..., -0.49096052,
          0.35793995,  0.73201529],
        [ 0.20771499,  0.        ,  0.11087986, ..., -0.29929484,
          0.54408581,  0.85756337],
        [ 0.09797269, -0.11087986,  0.        , ..., -0.40324653,
          0.4476994 ,  0.79524128],
        ...,
        [ 0.49096052,  0.29929484,  0.40324653, ...,  0.        ,
          0.77026251,  0.97220402],
        [-0.35793995, -0.54408581, -0.4476994 , ..., -0.77026251,
          0.        ,  0.43965507],
        [-0.73201529, -0.85756337, -0.79524128, ..., -0.97220402,
         -0.43965507,  0.        ]],

       [[ 0.        , -0.13493513, -0.33570791, ..., -0.78277623,
         -0.62430479, -0.36957491],
        [ 0.13493513,  0.        , -0.20553336, ..., -0.69164673,
         -0.51318643, -0.24081309],
        [ 0.33570791,  0.20553336,  0.        , ..., -0.52843656,
         -0.32582537, -0.03618694],
        ...,
        [ 0.78277623,  0.69164673,  0.52843656, ...,  0.        ,
          0.22298289,  0.49736873],
        [ 0.62430479,  0.51318643,  0.32582537, ..., -0.22298289,
          0.        ,  0.29139975],
        [ 0.36957491,  0.24081309,  0.03618694, ..., -0.49736873,
         -0.29139975,  0.        ]],

       ...,

       [[ 0.        ,  0.15119389, -0.33758947, ...,  0.34698611,
          0.4087971 ,  0.75250716],
        [-0.15119389,  0.        , -0.4760264 , ...,  0.20119694,
          0.26611425,  0.64428254],
        [ 0.33758947,  0.4760264 ,  0.        , ...,  0.64323087,
          0.69289072,  0.9306611 ],
        ...,
        [-0.34698611, -0.20119694, -0.64323087, ...,  0.        ,
          0.06673035,  0.47723457],
        [-0.4087971 , -0.26611425, -0.69289072, ..., -0.06673035,
          0.        ,  0.41752981],
        [-0.75250716, -0.64428254, -0.9306611 , ..., -0.47723457,
         -0.41752981,  0.        ]],

       [[ 0.        , -0.66791669, -0.8213537 , ..., -0.35566482,
         -0.48463102, -0.68677362],
        [ 0.66791669,  0.        , -0.23028851, ..., -0.88894259,
         -0.94491908, -0.99661121],
        [ 0.8213537 ,  0.23028851,  0.        , ..., -0.97052637,
         -0.99489628, -0.98876737],
        ...,
        [ 0.35566482,  0.88894259,  0.97052637, ...,  0.        ,
          0.14183606,  0.38334536],
        [ 0.48463102,  0.94491908,  0.99489628, ..., -0.14183606,
          0.        ,  0.2484693 ],
        [ 0.68677362,  0.99661121,  0.98876737, ..., -0.38334536,
         -0.2484693 ,  0.        ]],

       [[ 0.        ,  0.05858227, -0.00931007, ..., -0.99968251,
         -0.9950393 , -0.86725064],
        [-0.05858227,  0.        , -0.06787382, ..., -0.99648955,
         -0.98750249, -0.83659475],
        [ 0.00931007,  0.06787382,  0.        , ..., -0.99987377,
         -0.99592237, -0.87184828],
        ...,
        [ 0.99968251,  0.99648955,  0.99987377, ...,  0.        ,
         -0.07437921, -0.4758618 ],
        [ 0.9950393 ,  0.98750249,  0.99592237, ...,  0.07437921,
          0.        , -0.40912567],
        [ 0.86725064,  0.83659475,  0.87184828, ...,  0.4758618 ,
          0.40912567,  0.        ]]]), 'num': array([9.76156491e-01, 2.16033410e-01, 1.57212633e-05, 9.58359287e-08,
       1.38455934e-03, 1.39744563e-03, 1.33444603e-03, 2.08385202e-02,
       3.14997990e-05, 1.32700062e-03, 1.24882385e-03, 1.30659734e-03,
       2.14114563e-06, 1.36934645e-03, 1.12830124e-03])}
{'img': array([[[ 0.        , -0.2956138 , -0.02080515, ..., -0.01041046,
          0.23322635,  0.475991  ],
        [ 0.2956138 ,  0.        ,  0.27567449, ...,  0.28565259,
          0.51026439,  0.71469539],
        [ 0.02080515, -0.27567449,  0.        , ...,  0.01039582,
          0.25340727,  0.49418507],
        ...,
        [ 0.01041046, -0.28565259, -0.01039582, ...,  0.        ,
          0.24333708,  0.48512068],
        [-0.23322635, -0.51026439, -0.25340727, ..., -0.24333708,
          0.        ,  0.25775339],
        [-0.475991  , -0.71469539, -0.49418507, ..., -0.48512068,
         -0.25775339,  0.        ]],

       [[ 0.        ,  0.11087986,  0.08567899, ...,  0.54408581,
          0.85756337,  0.83629684],
        [-0.11087986,  0.        , -0.02532145, ...,  0.4476994 ,
          0.79524128,  0.77034722],
        [-0.08567899,  0.02532145,  0.        , ...,  0.47019789,
          0.81033851,  0.78624579],
        ...,
        [-0.54408581, -0.4476994 , -0.47019789, ...,  0.        ,
          0.43965507,  0.40336809],
        [-0.85756337, -0.79524128, -0.81033851, ..., -0.43965507,
          0.        , -0.04000923],
        [-0.83629684, -0.77034722, -0.78624579, ..., -0.40336809,
          0.04000923,  0.        ]],

       [[ 0.        , -0.20553336, -0.24831222, ..., -0.51318643,
         -0.24081309, -0.04076774],
        [ 0.20553336,  0.        , -0.04391472, ..., -0.32582537,
         -0.03618694,  0.16546514],
        [ 0.24831222,  0.04391472,  0.        , ..., -0.28399275,
          0.00773392,  0.20861489],
        ...,
        [ 0.51318643,  0.32582537,  0.28399275, ...,  0.        ,
          0.29139975,  0.47776978],
        [ 0.24081309,  0.03618694, -0.00773392, ..., -0.29139975,
          0.        ,  0.20104489],
        [ 0.04076774, -0.16546514, -0.20861489, ..., -0.47776978,
         -0.20104489,  0.        ]],

       ...,

       [[ 0.        , -0.44322587, -0.48459177, ...,  0.23720655,
          0.5554094 ,  0.98813525],
        [ 0.44322587,  0.        , -0.04668531, ...,  0.64321019,
          0.86645099,  0.95384767],
        [ 0.48459177,  0.04668531,  0.        , ...,  0.67825532,
          0.88881446,  0.93878847],
        ...,
        [-0.23720655, -0.64321019, -0.67825532, ...,  0.        ,
          0.34230207,  0.92350146],
        [-0.5554094 , -0.86645099, -0.88881446, ..., -0.34230207,
          0.        ,  0.73640736],
        [-0.98813525, -0.95384767, -0.93878847, ..., -0.92350146,
         -0.73640736,  0.        ]],

       [[ 0.        , -0.59907119, -0.87223643, ..., -0.51639882,
         -0.72682614, -0.89656133],
        [ 0.59907119,  0.        , -0.4053996 , ..., -0.92649189,
         -0.99342158, -0.98321324],
        [ 0.87223643,  0.4053996 ,  0.        , ..., -0.99950074,
         -0.9545501 , -0.82482483],
        ...,
        [ 0.51639882,  0.92649189,  0.99950074, ...,  0.        ,
          0.26774245,  0.53904553],
        [ 0.72682614,  0.99342158,  0.9545501 , ..., -0.26774245,
          0.        ,  0.29385205],
        [ 0.89656133,  0.98321324,  0.82482483, ..., -0.53904553,
         -0.29385205,  0.        ]],

       [[ 0.        , -0.06511275,  0.04639936, ..., -0.999223  ,
         -0.99383716, -0.81761372],
        [ 0.06511275,  0.        ,  0.11134352, ..., -0.99453626,
         -0.99894589, -0.85336846],
        [-0.04639936, -0.11134352,  0.        , ..., -0.99997555,
         -0.9876234 , -0.7900179 ],
        ...,
        [ 0.999223  ,  0.99453626,  0.99997555, ...,  0.        ,
         -0.1499341 , -0.60754455],
        [ 0.99383716,  0.99894589,  0.9876234 , ...,  0.1499341 ,
          0.        , -0.48158636],
        [ 0.81761372,  0.85336846,  0.7900179 , ...,  0.60754455,
          0.48158636,  0.        ]]]), 'num': array([ 9.84689429e-01,  1.73008131e-01,  1.69276600e-05,  1.51530601e-07,
        1.39464140e-03,  1.44408646e-03,  1.39027861e-03,  2.09862556e-02,
       -1.16341306e-05,  1.36555608e-03,  1.27342831e-03,  1.32796329e-03,
        2.20507359e-06,  1.40735755e-03,  1.13949906e-03])}
{'img': array([[[ 0.        ,  0.27567449,  0.20535994, ...,  0.51026439,
          0.71469539,  0.64177546],
        [-0.27567449,  0.        , -0.07239645, ...,  0.25340727,
          0.49418507,  0.40549461],
        [-0.20535994,  0.07239645,  0.        , ...,  0.32277572,
          0.55582664,  0.47060798],
        ...,
        [-0.51026439, -0.25340727, -0.32277572, ...,  0.        ,
          0.25775339,  0.1606202 ],
        [-0.71469539, -0.49418507, -0.55582664, ..., -0.25775339,
          0.        , -0.09921384],
        [-0.64177546, -0.40549461, -0.47060798, ..., -0.1606202 ,
          0.09921384,  0.        ]],

       [[ 0.        , -0.02532145, -0.22549104, ...,  0.79524128,
          0.77034722,  0.75965519],
        [ 0.02532145,  0.        , -0.20074944, ...,  0.81033851,
          0.78624579,  0.77587881],
        [ 0.22549104,  0.20074944,  0.        , ...,  0.91147369,
          0.89428575,  0.88673316],
        ...,
        [-0.79524128, -0.81033851, -0.91147369, ...,  0.        ,
         -0.04000923, -0.05659244],
        [-0.77034722, -0.78624579, -0.89428575, ...,  0.04000923,
          0.        , -0.01660202],
        [-0.75965519, -0.77587881, -0.88673316, ...,  0.05659244,
          0.01660202,  0.        ]],

       [[ 0.        , -0.04391472, -0.05934234, ..., -0.03618694,
          0.16546514,  0.33021976],
        [ 0.04391472,  0.        , -0.01544777, ...,  0.00773392,
          0.20861489,  0.37135247],
        [ 0.05934234,  0.01544777,  0.        , ...,  0.02318031,
          0.22369788,  0.38565129],
        ...,
        [ 0.03618694, -0.00773392, -0.02318031, ...,  0.        ,
          0.20104489,  0.36416048],
        [-0.16546514, -0.20861489, -0.22369788, ..., -0.20104489,
          0.        ,  0.16948468],
        [-0.33021976, -0.37135247, -0.38565129, ..., -0.36416048,
         -0.16948468,  0.        ]],

       ...,

       [[ 0.        , -0.04602924, -0.07998804, ...,  0.85215965,
          0.99899764,  0.94964278],
        [ 0.04602924,  0.        , -0.03402151, ...,  0.8753427 ,
          0.99587839,  0.93421369],
        [ 0.07998804,  0.03402151,  0.        , ...,  0.89128547,
          0.99221618,  0.92153694],
        ...,
        [-0.85215965, -0.8753427 , -0.89128547, ...,  0.        ,
          0.56090251,  0.763942  ],
        [-0.99899764, -0.99587839, -0.99221618, ..., -0.56090251,
          0.        ,  0.27051179],
        [-0.94964278, -0.93421369, -0.92153694, ..., -0.763942  ,
         -0.27051179,  0.        ]],

       [[ 0.        , -0.75658185, -0.89598408, ..., -0.75808278,
         -0.92446746, -0.98821471],
        [ 0.75658185,  0.        , -0.24989556, ..., -0.98912073,
         -0.89296346, -0.76200571],
        [ 0.89598408,  0.24989556,  0.        , ..., -0.92097756,
         -0.75214695, -0.57600445],
        ...,
        [ 0.75808278,  0.98912073,  0.92097756, ...,  0.        ,
          0.3138718 ,  0.52842961],
        [ 0.92446746,  0.89296346,  0.75214695, ..., -0.3138718 ,
          0.        ,  0.23525563],
        [ 0.98821471,  0.76200571,  0.57600445, ..., -0.52842961,
         -0.23525563,  0.        ]],

       [[ 0.        ,  0.10872411,  0.13114429, ..., -0.99805345,
         -0.9834193 , -0.8423062 ],
        [-0.10872411,  0.        ,  0.02258177, ..., -0.99891746,
         -0.95787283, -0.77871076],
        [-0.13114429, -0.02258177,  0.        , ..., -0.99761228,
         -0.95114326, -0.76434477],
        ...,
        [ 0.99805345,  0.99891746,  0.99761228, ...,  0.        ,
         -0.24232356, -0.59047995],
        [ 0.9834193 ,  0.95787283,  0.95114326, ...,  0.24232356,
          0.        , -0.3773132 ],
        [ 0.8423062 ,  0.77871076,  0.76434477, ...,  0.59047995,
          0.3773132 ,  0.        ]]]), 'num': array([7.07064389e-01, 7.07064389e-01, 0.00000000e+00, 9.09710233e-08,
       1.02579563e-03, 1.03416094e-03, 9.95471401e-04, 1.05977342e-02,
       2.30045912e-05, 9.98399258e-04, 9.20340497e-04, 9.56363596e-04,
       1.75861544e-06, 1.02786046e-03, 8.12820534e-04])}
{'img': array([[[ 0.        , -0.07239645, -0.03110692, ...,  0.49418507,
          0.40549461,  0.65366677],
        [ 0.07239645,  0.        ,  0.04133612, ...,  0.55582664,
          0.47060798,  0.70673987],
        [ 0.03110692, -0.04133612,  0.        , ...,  0.52098892,
          0.43373313,  0.67689161],
        ...,
        [-0.49418507, -0.55582664, -0.52098892, ...,  0.        ,
         -0.09921384,  0.19427899],
        [-0.40549461, -0.47060798, -0.43373313, ...,  0.09921384,
          0.        ,  0.2906439 ],
        [-0.65366677, -0.70673987, -0.67689161, ..., -0.19427899,
         -0.2906439 ,  0.        ]],

       [[ 0.        , -0.20074944, -0.11423166, ...,  0.78624579,
          0.77587881,  0.3506709 ],
        [ 0.20074944,  0.        ,  0.08752916, ...,  0.89428575,
          0.88673316,  0.53153376],
        [ 0.11423166, -0.08752916,  0.        , ...,  0.85168447,
          0.84286672,  0.45535327],
        ...,
        [-0.78624579, -0.89428575, -0.85168447, ...,  0.        ,
         -0.01660202, -0.5196338 ],
        [-0.77587881, -0.88673316, -0.84286672, ...,  0.01660202,
          0.        , -0.50537759],
        [-0.3506709 , -0.53153376, -0.45535327, ...,  0.5196338 ,
          0.50537759,  0.        ]],

       [[ 0.        , -0.01544777,  0.04132548, ...,  0.20861489,
          0.37135247,  0.5883637 ],
        [ 0.01544777,  0.        ,  0.05675512, ...,  0.22369788,
          0.38565129,  0.60078451],
        [-0.04132548, -0.05675512,  0.        , ...,  0.16802045,
          0.33266487,  0.55444545],
        ...,
        [-0.20861489, -0.22369788, -0.16802045, ...,  0.        ,
          0.16948468,  0.4067332 ],
        [-0.37135247, -0.38565129, -0.33266487, ..., -0.16948468,
          0.        ,  0.2460167 ],
        [-0.5883637 , -0.60078451, -0.55444545, ..., -0.4067332 ,
         -0.2460167 ,  0.        ]],

       ...,

       [[ 0.        , -0.03085954, -0.01380207, ...,  0.94721195,
          0.96129937,  0.8981971 ],
        [ 0.03085954,  0.        ,  0.01706111, ...,  0.95665464,
          0.96934352,  0.88420368],
        [ 0.01380207, -0.01706111,  0.        , ...,  0.95154678,
          0.96501036,  0.89204425],
        ...,
        [-0.94721195, -0.95665464, -0.95154678, ...,  0.        ,
          0.04723781,  0.70435694],
        [-0.96129937, -0.96934352, -0.96501036, ..., -0.04723781,
          0.        ,  0.67003907],
        [-0.8981971 , -0.88420368, -0.89204425, ..., -0.70435694,
         -0.67003907,  0.        ]],

       [[ 0.        , -0.26550173, -0.27314113, ..., -0.91084242,
         -0.78511572, -0.55448865],
        [ 0.26550173,  0.        , -0.00793245, ..., -0.76856566,
         -0.59249997, -0.31364004],
        [ 0.27314113,  0.00793245,  0.        , ..., -0.76346653,
         -0.58609118, -0.30609798],
        ...,
        [ 0.91084242,  0.76856566,  0.76346653, ...,  0.        ,
          0.24006955,  0.52912756],
        [ 0.78511572,  0.59249997,  0.58609118, ..., -0.24006955,
          0.        ,  0.30994442],
        [ 0.55448865,  0.31364004,  0.30609798, ..., -0.52912756,
         -0.30994442,  0.        ]],

       [[ 0.        ,  0.02190264, -0.01856344, ..., -0.99359517,
         -0.96755142, -0.76364057],
        [-0.02190264,  0.        , -0.04045786, ..., -0.99088185,
         -0.96178508, -0.74931612],
        [ 0.01856344,  0.04045786,  0.        , ..., -0.99552159,
         -0.9720752 , -0.77549431],
        ...,
        [ 0.99359517,  0.99088185,  0.99552159, ...,  0.        ,
         -0.14172408, -0.55521619],
        [ 0.96755142,  0.96178508,  0.9720752 , ...,  0.14172408,
          0.        , -0.43173917],
        [ 0.76364057,  0.74931612,  0.77549431, ...,  0.55521619,
          0.43173917,  0.        ]]]), 'num': array([9.99870194e-01, 2.64801127e-04, 1.99921079e-05, 1.25787933e-07,
       1.45080609e-03, 1.47401898e-03, 1.41018352e-03, 1.56362947e-02,
       2.75653156e-05, 1.40786223e-03, 1.28584943e-03, 1.32881747e-03,
       2.59617931e-06, 1.45311699e-03, 1.11858187e-03])}
{'img': array([[[ 0.        ,  0.04133612,  0.29128222, ...,  0.47060798,
          0.70673987,  0.91904951],
        [-0.04133612,  0.        ,  0.25148959, ...,  0.43373313,
          0.67689161,  0.90197169],
        [-0.29128222, -0.25148959,  0.        , ...,  0.19319042,
          0.47001918,  0.76439033],
        ...,
        [-0.47060798, -0.43373313, -0.19319042, ...,  0.        ,
          0.2906439 ,  0.62542994],
        [-0.70673987, -0.67689161, -0.47001918, ..., -0.2906439 ,
          0.        ,  0.37164723],
        [-0.91904951, -0.90197169, -0.76439033, ..., -0.62542994,
         -0.37164723,  0.        ]],

       [[ 0.        ,  0.08752916, -0.12947696, ...,  0.88673316,
          0.53153376,  0.59477804],
        [-0.08752916,  0.        , -0.2157724 , ...,  0.84286672,
          0.45535327,  0.52213144],
        [ 0.12947696,  0.2157724 ,  0.        , ...,  0.93912384,
          0.63673133,  0.69385668],
        ...,
        [-0.88673316, -0.84286672, -0.93912384, ...,  0.        ,
         -0.50537759, -0.43788093],
        [-0.53153376, -0.45535327, -0.63673133, ...,  0.50537759,
          0.        ,  0.07650441],
        [-0.59477804, -0.52213144, -0.69385668, ...,  0.43788093,
         -0.07650441,  0.        ]],

       [[ 0.        ,  0.05675512,  0.10602489, ...,  0.38565129,
          0.60078451,  0.82390422],
        [-0.05675512,  0.        ,  0.04941877, ...,  0.33266487,
          0.55444545,  0.79041142],
        [-0.10602489, -0.04941877,  0.        , ...,  0.28565427,
          0.51264071,  0.75917288],
        ...,
        [-0.38565129, -0.33266487, -0.28565427, ...,  0.        ,
          0.2460167 ,  0.54161099],
        [-0.60078451, -0.55444545, -0.51264071, ..., -0.2460167 ,
          0.        ,  0.31815607],
        [-0.82390422, -0.79041142, -0.75917288, ..., -0.54161099,
         -0.31815607,  0.        ]],

       ...,

       [[ 0.        ,  0.01615876,  0.20613939, ...,  0.92697969,
          0.99954072,  0.86118028],
        [-0.01615876,  0.        ,  0.19030076, ...,  0.92079733,
          0.99892054,  0.86928134],
        [-0.20613939, -0.19030076,  0.        , ...,  0.82974535,
          0.97182631,  0.94746498],
        ...,
        [-0.92697969, -0.92079733, -0.82974535, ...,  0.        ,
          0.34684778,  0.79422208],
        [-0.99954072, -0.99892054, -0.97182631, ..., -0.34684778,
          0.        ,  0.53416363],
        [-0.86118028, -0.86928134, -0.94746498, ..., -0.79422208,
         -0.53416363,  0.        ]],

       [[ 0.        , -0.00793245, -0.01136503, ..., -0.59249997,
         -0.31364004,  0.09900859],
        [ 0.00793245,  0.        , -0.00343273, ..., -0.58609118,
         -0.30609798,  0.10689895],
        [ 0.01136503,  0.00343273,  0.        , ..., -0.58330637,
         -0.30282821,  0.11031138],
        ...,
        [ 0.59249997,  0.58609118,  0.58330637, ...,  0.        ,
          0.30994442,  0.66934716],
        [ 0.31364004,  0.30609798,  0.30282821, ..., -0.30994442,
          0.        ,  0.40611181],
        [-0.09900859, -0.10689895, -0.11031138, ..., -0.66934716,
         -0.40611181,  0.        ]],

       [[ 0.        , -0.03929035,  0.03491937, ..., -0.99256418,
         -0.95334622, -0.73487517],
        [ 0.03929035,  0.        ,  0.07415879, ..., -0.99658028,
         -0.96447102, -0.76095454],
        [-0.03491937, -0.07415879,  0.        , ..., -0.98770838,
         -0.94222338, -0.7107446 ],
        ...,
        [ 0.99256418,  0.99658028,  0.98770838, ...,  0.        ,
         -0.18359078, -0.58370863],
        [ 0.95334622,  0.96447102,  0.94222338, ...,  0.18359078,
          0.        , -0.42471824],
        [ 0.73487517,  0.76095454,  0.7107446 , ...,  0.58370863,
          0.42471824,  0.        ]]]), 'num': array([7.07088867e-01, 7.07088867e-01, 0.00000000e+00, 1.27034990e-07,
       1.02766903e-03, 1.04000106e-03, 1.00917099e-03, 6.56144066e-03,
       0.00000000e+00, 1.00855438e-03, 9.16475240e-04, 9.42732183e-04,
       1.84708795e-06, 1.04546404e-03, 7.87486441e-04])}
{'img': array([[[ 0.        ,  0.25148959,  0.6996082 , ...,  0.67689161,
          0.90197169,  0.90197169],
        [-0.25148959,  0.        ,  0.49742678, ...,  0.47001918,
          0.76439033,  0.76439033],
        [-0.6996082 , -0.49742678,  0.        , ..., -0.03131239,
          0.34239538,  0.34239538],
        ...,
        [-0.67689161, -0.47001918,  0.03131239, ...,  0.        ,
          0.37164723,  0.37164723],
        [-0.90197169, -0.76439033, -0.34239538, ..., -0.37164723,
          0.        ,  0.        ],
        [-0.90197169, -0.76439033, -0.34239538, ..., -0.37164723,
          0.        ,  0.        ]],

       [[ 0.        , -0.2157724 ,  0.86605772, ...,  0.45535327,
          0.52213144,  0.00290498],
        [ 0.2157724 ,  0.        ,  0.73778247, ...,  0.63673133,
          0.69385668,  0.21860804],
        [-0.86605772, -0.73778247,  0.        , ..., -0.99871173,
         -0.99966684, -0.8675064 ],
        ...,
        [-0.45535327, -0.63673133,  0.99871173, ...,  0.        ,
          0.07650441, -0.45276501],
        [-0.52213144, -0.69385668,  0.99966684, ..., -0.07650441,
          0.        , -0.51965168],
        [-0.00290498, -0.21860804,  0.8675064 , ...,  0.45276501,
          0.51965168,  0.        ]],

       [[ 0.        ,  0.0489642 ,  0.28327664, ...,  0.54753285,
          0.77810095,  0.98963825],
        [-0.0489642 ,  0.        ,  0.23597832, ...,  0.50590363,
          0.7464113 ,  0.98142077],
        [-0.28327664, -0.23597832,  0.        , ...,  0.28806353,
          0.56829139,  0.90842715],
        ...,
        [-0.54753285, -0.50590363, -0.28806353, ...,  0.        ,
          0.3071757 ,  0.7494971 ],
        [-0.77810095, -0.7464113 , -0.56829139, ..., -0.3071757 ,
          0.        ,  0.50990838],
        [-0.98963825, -0.98142077, -0.90842715, ..., -0.7494971 ,
         -0.50990838,  0.        ]],

       ...,

       [[ 0.        ,  0.18954871,  0.59919516, ...,  0.99805696,
          0.93228007,  0.86765646],
        [-0.18954871,  0.        ,  0.43657928, ...,  0.96815306,
          0.9839459 ,  0.94616383],
        [-0.59919516, -0.43657928,  0.        , ...,  0.76171261,
          0.96313745,  0.99254676],
        ...,
        [-0.99805696, -0.96815306, -0.76171261, ...,  0.        ,
          0.41912312,  0.55026034],
        [-0.93228007, -0.9839459 , -0.96313745, ..., -0.41912312,
          0.        ,  0.14963262],
        [-0.86765646, -0.94616383, -0.99254676, ..., -0.55026034,
         -0.14963262,  0.        ]],

       [[ 0.        , -0.00343273,  0.11585383, ..., -0.30609798,
          0.10689895,  0.56703021],
        [ 0.00343273,  0.        ,  0.11926276, ..., -0.30282821,
          0.11031138,  0.5698544 ],
        [-0.11585383, -0.11926276,  0.        , ..., -0.41432964,
         -0.00901085,  0.46778353],
        ...,
        [ 0.30609798,  0.30282821,  0.41432964, ...,  0.        ,
          0.40611181,  0.79194475],
        [-0.10689895, -0.11031138,  0.00901085, ..., -0.40611181,
          0.        ,  0.47572872],
        [-0.56703021, -0.5698544 , -0.46778353, ..., -0.79194475,
         -0.47572872,  0.        ]],

       [[ 0.        ,  0.07264391,  0.11167454, ..., -0.98895493,
         -0.93936703, -0.75055508],
        [-0.07264391,  0.        ,  0.03918998, ..., -0.97557503,
         -0.9119746 , -0.70056841],
        [-0.11167454, -0.03918998,  0.        , ..., -0.96621685,
         -0.89519645, -0.67206482],
        ...,
        [ 0.98895493,  0.97557503,  0.96621685, ...,  0.        ,
         -0.19989614, -0.54226455],
        [ 0.93936703,  0.9119746 ,  0.89519645, ...,  0.19989614,
          0.        , -0.36336578],
        [ 0.75055508,  0.70056841,  0.67206482, ...,  0.54226455,
          0.36336578,  0.        ]]]), 'num': array([9.99940546e-01, 1.37238182e-03, 1.97736270e-05, 1.77464189e-07,
       1.45351989e-03, 1.45351989e-03, 1.39883300e-03, 1.00979625e-02,
       1.43912860e-05, 1.42473732e-03, 1.29298509e-03, 1.32239129e-03,
       2.67803062e-06, 1.48781457e-03, 1.09815562e-03])}
{'img': array([[[ 0.        ,  0.47578083,  0.82322834, ...,  0.71663763,
          0.71663763,  0.94970984],
        [-0.47578083,  0.        ,  0.45397618, ...,  0.29849727,
          0.29849727,  0.68634859],
        [-0.82322834, -0.45397618,  0.        , ..., -0.16731443,
         -0.16731443,  0.28138158],
        ...,
        [-0.71663763, -0.29849727,  0.16731443, ...,  0.        ,
          0.        ,  0.43796936],
        [-0.71663763, -0.29849727,  0.16731443, ...,  0.        ,
          0.        ,  0.43796936],
        [-0.94970984, -0.68634859, -0.28138158, ..., -0.43796936,
         -0.43796936,  0.        ]],

