state_0,state_1,state_2,state_3,state_4,state_5,state_6,state_7,state_8,state_9,state_10,state_11,state_12,state_13,state_14,state_15,state_16,state_17,state_18,state_19,state_20,state_21,state_22,state_23,state_24,state_25,state_26,state_27,state_28,state_29,state_30,state_31,state_32,state_33,state_34,state_35,state_36,state_37,state_38,state_39,state_40,state_41,state_42,state_43,state_44,state_45,state_46,state_47,state_48,state_49,state_50,state_51,state_52,state_53,state_54,state_55,state_56,state_57,state_58,state_59,state_60,state_61,state_62,state_63,state_64,state_65,state_66,state_67,state_68,state_69,state_70,state_71,state_72,state_73,state_74,state_75,state_76,state_77,state_78,state_79,state_80,state_81,state_82,state_83,state_84,state_85,state_86,state_87,state_88,state_89,state_90,state_91,state_92,state_93,state_94,state_95,state_96,state_97,state_98,state_99,state_100,state_101,state_102,state_103,state_104,state_105,state_106,state_107,state_108,state_109,state_110,state_111,state_112,state_113,state_114,state_115,state_116,state_117,state_118,state_119,state_120,state_121,state_122,state_123,state_124,state_125,state_126,state_127,state_128,state_129,state_130,state_131,state_132,state_133,state_134,state_135,state_136,state_137,state_138,state_139,state_140,state_141,state_142,state_143,state_144,state_145,state_146,state_147,state_148,state_149,state_150,state_151,state_152,state_153,state_154,state_155,state_156,state_157,state_158,state_159,state_160,state_161,state_162,state_163,state_164,state_165,state_166,state_167,state_168,state_169,state_170,state_171,state_172,state_173,state_174,state_175,state_176,state_177,state_178,state_179,state_180,state_181,state_182,state_183,state_184,state_185,state_186,state_187,state_188,state_189,state_190,state_191,state_192,state_193,state_194,state_195,state_196,state_197,state_198,state_199,state_200,state_201,state_202,state_203,state_204,state_205,state_206,state_207,state_208,state_209,state_210,state_211,state_212,state_213,state_214,state_215,state_216,state_217,state_218,state_219,state_220,state_221,state_222,state_223,state_224,state_225,state_226,state_227,state_228,state_229,state_230,state_231,state_232,state_233,state_234,state_235,state_236,state_237,state_238,state_239,state_240,state_241,state_242,state_243,state_244,state_245,state_246,state_247,state_248,state_249,state_250,state_251,state_252,state_253,state_254,state_255,state_256,state_257,state_258,state_259,state_260,state_261,state_262,state_263,state_264,state_265,state_266,state_267,state_268,state_269,state_270,state_271,state_272,state_273,state_274,state_275,state_276,state_277,state_278,state_279,state_280,state_281,state_282,state_283,state_284,state_285,state_286,state_287
{'img': array([[[ 0.        ,  0.03091585,  0.12996624, ..., -0.84014491,
         -0.92589748, -0.92589748],
        [-0.03091585,  0.        ,  0.09925048, ..., -0.8565109 ,
         -0.93713412, -0.93713412],
        [-0.12996624, -0.09925048,  0.        , ..., -0.9035079 ,
         -0.96714238, -0.96714238],
        ...,
        [ 0.84014491,  0.8565109 ,  0.9035079 , ...,  0.        ,
         -0.18478595, -0.18478595],
        [ 0.92589748,  0.93713412,  0.96714238, ...,  0.18478595,
          0.        ,  0.        ],
        [ 0.92589748,  0.93713412,  0.96714238, ...,  0.18478595,
          0.        ,  0.        ]],

       [[ 0.        , -0.25684947, -0.18812279, ..., -0.03271136,
         -0.08862054, -0.20072338],
        [ 0.25684947,  0.        ,  0.07045202, ...,  0.22509807,
          0.17019144,  0.05763266],
        [ 0.18812279, -0.07045202,  0.        , ...,  0.1558948 ,
          0.10034435, -0.01284546],
        ...,
        [ 0.03271136, -0.22509807, -0.1558948 , ...,  0.        ,
         -0.05599046, -0.16857034],
        [ 0.08862054, -0.17019144, -0.10034435, ...,  0.05599046,
          0.        , -0.11311669],
        [ 0.20072338, -0.05763266,  0.01284546, ...,  0.16857034,
          0.11311669,  0.        ]],

       [[ 0.        ,  0.08252381,  0.12634883, ..., -0.91775926,
         -0.9304167 , -0.93244662],
        [-0.08252381,  0.        ,  0.04405541, ..., -0.94740214,
         -0.95748839, -0.95908263],
        [-0.12634883, -0.04405541,  0.        , ..., -0.96058204,
         -0.9692675 , -0.97062469],
        ...,
        [ 0.91775926,  0.94740214,  0.96058204, ...,  0.        ,
         -0.03314115, -0.03871569],
        [ 0.9304167 ,  0.95748839,  0.9692675 , ...,  0.03314115,
          0.        , -0.00557812],
        [ 0.93244662,  0.95908263,  0.97062469, ...,  0.03871569,
          0.00557812,  0.        ]],

       ...,

       [[ 0.        ,  0.1993328 ,  0.15477964, ...,  0.00371946,
         -0.02187424, -0.34612395],
        [-0.1993328 ,  0.        , -0.04525715, ..., -0.1956866 ,
         -0.22072037, -0.52618968],
        [-0.15477964,  0.04525715,  0.        , ..., -0.15110393,
         -0.17635324, -0.48716533],
        ...,
        [-0.00371946,  0.1956866 ,  0.15110393, ...,  0.        ,
         -0.02559265, -0.3496111 ],
        [ 0.02187424,  0.22072037,  0.17635324, ...,  0.02559265,
          0.        , -0.32551896],
        [ 0.34612395,  0.52618968,  0.48716533, ...,  0.3496111 ,
          0.32551896,  0.        ]],

       [[ 0.        ,  0.01045032,  0.03941868, ..., -0.87876333,
         -0.88078517, -0.88871418],
        [-0.01045032,  0.        ,  0.02897433, ..., -0.88370284,
         -0.88568547, -0.89345672],
        [-0.03941868, -0.02897433,  0.        , ..., -0.89689321,
         -0.89876599, -0.90609541],
        ...,
        [ 0.87876333,  0.88370284,  0.89689321, ...,  0.        ,
         -0.00425302, -0.02126648],
        [ 0.88078517,  0.88568547,  0.89876599, ...,  0.00425302,
          0.        , -0.01701423],
        [ 0.88871418,  0.89345672,  0.90609541, ...,  0.02126648,
          0.01701423,  0.        ]],

       [[ 0.        , -0.08468292, -0.15367067, ..., -0.99272498,
         -0.99399942, -0.99480522],
        [ 0.08468292,  0.        , -0.06944161, ..., -0.97896291,
         -0.98116586, -0.98261138],
        [ 0.15367067,  0.06944161,  0.        , ..., -0.96243096,
         -0.9653835 , -0.96734587],
        ...,
        [ 0.99272498,  0.97896291,  0.96243096, ...,  0.        ,
         -0.01109191, -0.0187223 ],
        [ 0.99399942,  0.98116586,  0.9653835 , ...,  0.01109191,
          0.        , -0.00763118],
        [ 0.99480522,  0.98261138,  0.96734587, ...,  0.0187223 ,
          0.00763118,  0.        ]]]), 'num': array([7.06939924e-01, 7.06939924e-01, 0.00000000e+00, 0.00000000e+00,
       9.49510076e-04, 9.53219100e-04, 9.23546910e-04, 2.15593978e-02,
       2.59631661e-05, 9.38383005e-04, 9.37455749e-04, 9.47779198e-04,
       3.63904215e-07, 9.63774141e-04, 9.11137357e-04])}
{'img': array([[[ 0.        ,  0.09925048,  0.39863813, ..., -0.93713412,
         -0.93713412, -0.86798076],
        [-0.09925048,  0.        ,  0.30564641, ..., -0.96714238,
         -0.96714238, -0.91298266],
        [-0.39863813, -0.30564641,  0.        , ..., -0.99856599,
         -0.99856599, -0.99399519],
        ...,
        [ 0.93713412,  0.96714238,  0.99856599, ...,  0.        ,
          0.        ,  0.16248005],
        [ 0.93713412,  0.96714238,  0.99856599, ...,  0.        ,
          0.        ,  0.16248005],
        [ 0.86798076,  0.91298266,  0.99399519, ..., -0.16248005,
         -0.16248005,  0.        ]],

       [[ 0.        ,  0.07045202,  0.38914114, ...,  0.17019144,
          0.05763266,  0.36027526],
        [-0.07045202,  0.        ,  0.32327533, ...,  0.10034435,
         -0.01284546,  0.29365916],
        [-0.38914114, -0.32327533,  0.        , ..., -0.22668733,
         -0.33540438, -0.03113107],
        ...,
        [-0.17019144, -0.10034435,  0.22668733, ...,  0.        ,
         -0.11311669,  0.19625681],
        [-0.05763266,  0.01284546,  0.33540438, ...,  0.11311669,
          0.        ,  0.30591403],
        [-0.36027526, -0.29365916,  0.03113107, ..., -0.19625681,
         -0.30591403,  0.        ]],

       [[ 0.        ,  0.04405541,  0.13930296, ..., -0.95748839,
         -0.95908263, -0.94740214],
        [-0.04405541,  0.        ,  0.09554185, ..., -0.9692675 ,
         -0.97062469, -0.96058204],
        [-0.13930296, -0.09554185,  0.        , ..., -0.98833767,
         -0.98917172, -0.98274809],
        ...,
        [ 0.95748839,  0.9692675 ,  0.98833767, ...,  0.        ,
         -0.00557812,  0.03314115],
        [ 0.95908263,  0.97062469,  0.98917172, ...,  0.00557812,
          0.        ,  0.03871569],
        [ 0.94740214,  0.96058204,  0.98274809, ..., -0.03314115,
         -0.03871569,  0.        ]],

       ...,

       [[ 0.        , -0.04525715,  0.20321539, ..., -0.22072037,
         -0.52618968, -0.24824833],
        [ 0.04525715,  0.        ,  0.24731998, ..., -0.17635324,
         -0.48716533, -0.20415353],
        [-0.20321539, -0.24731998,  0.        , ..., -0.41431834,
         -0.68801794, -0.43992242],
        ...,
        [ 0.22072037,  0.17635324,  0.41431834, ...,  0.        ,
         -0.32551896, -0.02831479],
        [ 0.52618968,  0.48716533,  0.68801794, ...,  0.32551896,
          0.        ,  0.29861581],
        [ 0.24824833,  0.20415353,  0.43992242, ...,  0.02831479,
         -0.29861581,  0.        ]],

       [[ 0.        ,  0.02897433,  0.096406  , ..., -0.88568547,
         -0.89345672, -0.88725366],
        [-0.02897433,  0.        ,  0.06752615, ..., -0.89876599,
         -0.90609541, -0.90024649],
        [-0.096406  , -0.06752615,  0.        , ..., -0.92631996,
         -0.93259577, -0.92759125],
        ...,
        [ 0.88568547,  0.89876599,  0.92631996, ...,  0.        ,
         -0.01701423, -0.00338861],
        [ 0.89345672,  0.90609541,  0.93259577, ...,  0.01701423,
          0.        ,  0.01362601],
        [ 0.88725366,  0.90024649,  0.92759125, ...,  0.00338861,
         -0.01362601,  0.        ]],

       [[ 0.        , -0.12857905, -0.25755587, ..., -0.99377774,
         -0.99460037, -0.9942956 ],
        [ 0.12857905,  0.        , -0.13117673, ..., -0.97120734,
         -0.97300062, -0.97232802],
        [ 0.25755587,  0.13117673,  0.        , ..., -0.93156413,
         -0.93431701, -0.93328065],
        ...,
        [ 0.99377774,  0.97120734,  0.93156413, ...,  0.        ,
         -0.00764655, -0.0047501 ],
        [ 0.99460037,  0.97300062,  0.93431701, ...,  0.00764655,
          0.        ,  0.0028965 ],
        [ 0.9942956 ,  0.97232802,  0.93328065, ...,  0.0047501 ,
         -0.0028965 ,  0.        ]]]), 'num': array([ 9.99831049e-01,  5.83033799e-04,  7.96213558e-06, -1.51823998e-10,
        1.34307529e-03,  1.37518068e-03,  1.33772439e-03,  1.79687421e-02,
       -2.67544878e-05,  1.35056655e-03,  1.35243936e-03,  1.36296279e-03,
        5.45581713e-07,  1.39040812e-03,  1.31447060e-03])}
{'img': array([[[ 0.        ,  0.30564641,  0.20118659, ..., -0.96714238,
         -0.91298266, -0.95394213],
        [-0.30564641,  0.        , -0.10783801, ..., -0.99856599,
         -0.99399519, -0.99998239],
        [-0.20118659,  0.10783801,  0.        , ..., -0.9985159 ,
         -0.97639864, -0.99479092],
        ...,
        [ 0.96714238,  0.99856599,  0.9985159 , ...,  0.        ,
          0.16248005,  0.04760789],
        [ 0.91298266,  0.99399519,  0.97639864, ..., -0.16248005,
          0.        , -0.11532054],
        [ 0.95394213,  0.99998239,  0.99479092, ..., -0.04760789,
          0.11532054,  0.        ]],

       [[ 0.        ,  0.32327533,  0.10795391, ..., -0.01284546,
          0.29365916,  0.01607912],
        [-0.32327533,  0.        , -0.21922875, ..., -0.33540438,
         -0.03113107, -0.30801779],
        [-0.10795391,  0.21922875,  0.        , ..., -0.1207154 ,
          0.18874874, -0.0919548 ],
        ...,
        [ 0.01284546,  0.33540438,  0.1207154 , ...,  0.        ,
          0.30591403,  0.0289216 ],
        [-0.29365916,  0.03113107, -0.18874874, ..., -0.30591403,
          0.        , -0.278251  ],
        [-0.01607912,  0.30801779,  0.0919548 , ..., -0.0289216 ,
          0.278251  ,  0.        ]],

       [[ 0.        ,  0.09554185,  0.1480556 , ..., -0.97062469,
         -0.96058204, -0.96503971],
        [-0.09554185,  0.        ,  0.05288943, ..., -0.98917172,
         -0.98274809, -0.98566693],
        [-0.1480556 , -0.05288943,  0.        , ..., -0.99554945,
         -0.99115446, -0.99320997],
        ...,
        [ 0.97062469,  0.98917172,  0.99554945, ...,  0.        ,
          0.03871569,  0.02221708],
        [ 0.96058204,  0.98274809,  0.99115446, ..., -0.03871569,
          0.        , -0.01650571],
        [ 0.96503971,  0.98566693,  0.99320997, ..., -0.02221708,
          0.01650571,  0.        ]],

       ...,

       [[ 0.        ,  0.24731998,  0.35997784, ..., -0.48716533,
         -0.20415353, -0.14711922],
        [-0.24731998,  0.        ,  0.11805485, ..., -0.68801794,
         -0.43992242, -0.38717763],
        [-0.35997784, -0.11805485,  0.        , ..., -0.76887834,
         -0.54286356, -0.4933173 ],
        ...,
        [ 0.48716533,  0.68801794,  0.76887834, ...,  0.        ,
          0.29861581,  0.35338373],
        [ 0.20415353,  0.43992242,  0.54286356, ..., -0.29861581,
          0.        ,  0.05791137],
        [ 0.14711922,  0.38717763,  0.4933173 , ..., -0.35338373,
         -0.05791137,  0.        ]],

       [[ 0.        ,  0.06752615,  0.10798412, ..., -0.90609541,
         -0.90024649, -0.90024649],
        [-0.06752615,  0.        ,  0.04060635, ..., -0.93259577,
         -0.92759125, -0.92759125],
        [-0.10798412, -0.04060635,  0.        , ..., -0.94648234,
         -0.94199659, -0.94199659],
        ...,
        [ 0.90609541,  0.93259577,  0.94648234, ...,  0.        ,
          0.01362601,  0.01362601],
        [ 0.90024649,  0.92759125,  0.94199659, ..., -0.01362601,
          0.        ,  0.        ],
        [ 0.90024649,  0.92759125,  0.94199659, ..., -0.01362601,
          0.        ,  0.        ]],

       [[ 0.        , -0.22456923, -0.19464947, ..., -0.99410961,
         -0.99379001, -0.99379001],
        [ 0.22456923,  0.        ,  0.0305961 , ..., -0.94437954,
         -0.94341855, -0.94341855],
        [ 0.19464947, -0.0305961 ,  0.        , ..., -0.95399916,
         -0.95312267, -0.95312267],
        ...,
        [ 0.99410961,  0.94437954,  0.95399916, ...,  0.        ,
          0.00291003,  0.00291003],
        [ 0.99379001,  0.94341855,  0.95312267, ..., -0.00291003,
          0.        ,  0.        ],
        [ 0.99379001,  0.94341855,  0.95312267, ..., -0.00291003,
          0.        ,  0.        ]]]), 'num': array([ 8.41012687e-01,  5.40691528e-01,  2.44163544e-06, -1.87763353e-08,
        1.11643554e-03,  1.13912732e-03,  1.10735882e-03,  1.84391946e-02,
       -2.26917792e-05,  1.13549663e-03,  1.14593485e-03,  1.15168343e-03,
        4.12577804e-07,  1.18067625e-03,  1.11119345e-03])}
{'img': array([[[ 0.        , -0.10783801,  0.        , ..., -0.99399519,
         -0.99998239, -0.99194704],
        [ 0.10783801,  0.        ,  0.10783801, ..., -0.97639864,
         -0.99479092, -0.99982052],
        [ 0.        , -0.10783801,  0.        , ..., -0.99399519,
         -0.99998239, -0.99194704],
        ...,
        [ 0.99399519,  0.97639864,  0.99399519, ...,  0.        ,
         -0.11532054, -0.23443543],
        [ 0.99998239,  0.99479092,  0.99998239, ...,  0.11532054,
          0.        , -0.1207646 ],
        [ 0.99194704,  0.99982052,  0.99194704, ...,  0.23443543,
          0.1207646 ,  0.        ]],

       [[ 0.        , -0.21922875, -0.31690776, ..., -0.03113107,
         -0.30801779, -0.21433794],
        [ 0.21922875,  0.        , -0.1012696 , ...,  0.18874874,
         -0.0919548 ,  0.00500994],
        [ 0.31690776,  0.1012696 ,  0.        , ...,  0.2872277 ,
          0.00935847,  0.10625251],
        ...,
        [ 0.03113107, -0.18874874, -0.2872277 , ...,  0.        ,
         -0.278251  , -0.18382648],
        [ 0.30801779,  0.0919548 , -0.00935847, ...,  0.278251  ,
          0.        ,  0.09694236],
        [ 0.21433794, -0.00500994, -0.10625251, ...,  0.18382648,
         -0.09694236,  0.        ]],

       [[ 0.        ,  0.05288943,  0.16288951, ..., -0.98274809,
         -0.98566693, -0.99419757],
        [-0.05288943,  0.        ,  0.11047847, ..., -0.99115446,
         -0.99320997, -0.99849535],
        [-0.16288951, -0.11047847,  0.        , ..., -0.9997491 ,
         -0.99998262, -0.99844132],
        ...,
        [ 0.98274809,  0.99115446,  0.9997491 , ...,  0.        ,
         -0.01650571, -0.07816234],
        [ 0.98566693,  0.99320997,  0.99998262, ...,  0.01650571,
          0.        , -0.06169648],
        [ 0.99419757,  0.99849535,  0.99844132, ...,  0.07816234,
          0.06169648,  0.        ]],

       ...,

       [[ 0.        ,  0.11805485,  0.00299373, ..., -0.43992242,
         -0.38717763, -0.5332057 ],
        [-0.11805485,  0.        , -0.11508152, ..., -0.54286356,
         -0.4933173 , -0.62934974],
        [-0.00299373,  0.11508152,  0.        , ..., -0.44260893,
         -0.38993613, -0.53573597],
        ...,
        [ 0.43992242,  0.54286356,  0.44260893, ...,  0.        ,
          0.05791137, -0.10666975],
        [ 0.38717763,  0.4933173 ,  0.38993613, ..., -0.05791137,
          0.        , -0.16407169],
        [ 0.5332057 ,  0.62934974,  0.53573597, ...,  0.10666975,
          0.16407169,  0.        ]],

       [[ 0.        ,  0.04060635,  0.08483161, ..., -0.92759125,
         -0.92759125, -0.9233938 ],
        [-0.04060635,  0.        ,  0.04430167, ..., -0.94199659,
         -0.94199659, -0.93821911],
        [-0.08483161, -0.04430167,  0.        , ..., -0.95594037,
         -0.95594037, -0.95262819],
        ...,
        [ 0.92759125,  0.94199659,  0.95594037, ...,  0.        ,
          0.        ,  0.01108278],
        [ 0.92759125,  0.94199659,  0.95594037, ...,  0.        ,
          0.        ,  0.01108278],
        [ 0.9233938 ,  0.93821911,  0.95262819, ..., -0.01108278,
         -0.01108278,  0.        ]],

       [[ 0.        ,  0.11362831, -0.07321126, ..., -0.97223866,
         -0.97223866, -0.97649544],
        [-0.11362831,  0.        , -0.18606048, ..., -0.99252984,
         -0.99252984, -0.99466223],
        [ 0.07321126,  0.18606048,  0.        , ..., -0.95249881,
         -0.95249881, -0.95809515],
        ...,
        [ 0.97223866,  0.99252984,  0.95249881, ...,  0.        ,
          0.        , -0.01893712],
        [ 0.97223866,  0.99252984,  0.95249881, ...,  0.        ,
          0.        , -0.01893712],
        [ 0.97649544,  0.99466223,  0.95809515, ...,  0.01893712,
          0.01893712,  0.        ]]]), 'num': array([ 9.99135488e-01,  3.11446179e-04,  8.18708231e-06, -3.02602792e-08,
        1.32645955e-03,  1.35364110e-03,  1.32102324e-03,  4.13943339e-02,
       -1.08726193e-05,  1.35472836e-03,  1.36940640e-03,  1.37357423e-03,
        5.03362003e-07,  1.41461610e-03,  1.32419669e-03])}
{'img': array([[[ 0.        ,  0.10783801,  0.45574596, ..., -0.99479092,
         -0.99982052, -0.99758382],
        [-0.10783801,  0.        ,  0.35710059, ..., -0.99998239,
         -0.99194704, -0.98427455],
        [-0.45574596, -0.35710059,  0.        , ..., -0.93193033,
         -0.88131594, -0.85629713],
        ...,
        [ 0.99479092,  0.99998239,  0.93193033, ...,  0.        ,
         -0.1207646 , -0.17080132],
        [ 0.99982052,  0.99194704,  0.88131594, ...,  0.1207646 ,
          0.        , -0.05056124],
        [ 0.99758382,  0.98427455,  0.85629713, ...,  0.17080132,
          0.05056124,  0.        ]],

       [[ 0.        , -0.1012696 , -0.01966477, ..., -0.0919548 ,
          0.00500994,  0.33516533],
        [ 0.1012696 ,  0.        ,  0.08168635, ...,  0.00935847,
          0.10625251,  0.42885435],
        [ 0.01966477, -0.08168635,  0.        , ..., -0.07235557,
          0.02467349,  0.35362786],
        ...,
        [ 0.0919548 , -0.00935847,  0.07235557, ...,  0.        ,
          0.09694236,  0.42038137],
        [-0.00500994, -0.10625251, -0.02467349, ..., -0.09694236,
          0.        ,  0.33044096],
        [-0.33516533, -0.42885435, -0.35362786, ..., -0.42038137,
         -0.33044096,  0.        ]],

       [[ 0.        ,  0.11047847,  0.28459649, ..., -0.99320997,
         -0.99849535, -0.99965969],
        [-0.11047847,  0.        ,  0.17694444, ..., -0.99998262,
         -0.99844132, -0.99642227],
        [-0.28459649, -0.17694444,  0.        , ..., -0.98524684,
         -0.97281121, -0.96574524],
        ...,
        [ 0.99320997,  0.99998262,  0.98524684, ...,  0.        ,
         -0.06169648, -0.09038678],
        [ 0.99849535,  0.99844132,  0.97281121, ...,  0.06169648,
          0.        , -0.02877065],
        [ 0.99965969,  0.99642227,  0.96574524, ...,  0.09038678,
          0.02877065,  0.        ]],

       ...,

       [[ 0.        , -0.11508152,  0.0984679 , ..., -0.4933173 ,
         -0.62934974, -0.60985577],
        [ 0.11508152,  0.        ,  0.21233594, ..., -0.38993613,
         -0.53573597, -0.51460038],
        [-0.0984679 , -0.21233594,  0.        , ..., -0.57657214,
         -0.70281283, -0.68492904],
        ...,
        [ 0.4933173 ,  0.38993613,  0.57657214, ...,  0.        ,
         -0.16407169, -0.1395226 ],
        [ 0.62934974,  0.53573597,  0.70281283, ...,  0.16407169,
          0.        ,  0.02483504],
        [ 0.60985577,  0.51460038,  0.68492904, ...,  0.1395226 ,
         -0.02483504,  0.        ]],

       [[ 0.        ,  0.04430167,  0.1032354 , ..., -0.94199659,
         -0.93821911, -0.93746438],
        [-0.04430167,  0.        ,  0.05906909, ..., -0.95594037,
         -0.95262819, -0.95196456],
        [-0.1032354 , -0.05906909,  0.        , ..., -0.97161158,
         -0.96892992, -0.96838977],
        ...,
        [ 0.94199659,  0.95594037,  0.97161158, ...,  0.        ,
          0.01108278,  0.01325725],
        [ 0.93821911,  0.95262819,  0.96892992, ..., -0.01108278,
          0.        ,  0.00217463],
        [ 0.93746438,  0.95196456,  0.96838977, ..., -0.01325725,
         -0.00217463,  0.        ]],

       [[ 0.        , -0.18606048, -0.27589837, ..., -0.99252984,
         -0.99466223, -0.99726865],
        [ 0.18606048,  0.        , -0.09224184, ..., -0.95249881,
         -0.95809515, -0.96611228],
        [ 0.27589837,  0.09224184,  0.        , ..., -0.92034641,
         -0.92758776, -0.93818372],
        ...,
        [ 0.99252984,  0.95249881,  0.92034641, ...,  0.        ,
         -0.01893712, -0.04836099],
        [ 0.99466223,  0.95809515,  0.92758776, ...,  0.01893712,
          0.        , -0.02943736],
        [ 0.99726865,  0.96611228,  0.93818372, ...,  0.04836099,
          0.02943736,  0.        ]]]), 'num': array([ 7.45242522e-01,  6.66678759e-01,  6.41336838e-07, -3.01589144e-08,
        9.94478008e-04,  1.00259620e-03,  9.82300726e-04,  1.20358710e-02,
        4.05909391e-06,  1.00827893e-03,  1.02167394e-03,  1.02133568e-03,
        3.59073692e-07,  1.05725532e-03,  9.86092558e-04])}
{'img': array([[[ 0.        ,  0.35710059,  0.06751388, ..., -0.99194704,
         -0.98427455, -0.9884545 ],
        [-0.35710059,  0.        , -0.29322339, ..., -0.88131594,
         -0.85629713, -0.8691745 ],
        [-0.06751388,  0.29322339,  0.        , ..., -0.98113288,
         -0.97010274, -0.97596961],
        ...,
        [ 0.99194704,  0.88131594,  0.98113288, ...,  0.        ,
         -0.05056124, -0.02510674],
        [ 0.98427455,  0.85629713,  0.97010274, ...,  0.05056124,
          0.        ,  0.02547067],
        [ 0.9884545 ,  0.8691745 ,  0.97596961, ...,  0.02510674,
         -0.02547067,  0.        ]],

       [[ 0.        ,  0.08168635,  0.06813183, ...,  0.10625251,
          0.42885435, -0.0571243 ],
        [-0.08168635,  0.        , -0.0135924 , ...,  0.02467349,
          0.35362786, -0.13848635],
        [-0.06813183,  0.0135924 ,  0.        , ...,  0.03825947,
          0.36630933, -0.12501214],
        ...,
        [-0.10625251, -0.02467349, -0.03825947, ...,  0.        ,
          0.33044096, -0.16287994],
        [-0.42885435, -0.35362786, -0.36630933, ..., -0.33044096,
          0.        , -0.47975865],
        [ 0.0571243 ,  0.13848635,  0.12501214, ...,  0.16287994,
          0.47975865,  0.        ]],

       [[ 0.        ,  0.17694444,  0.44449438, ..., -0.99844132,
         -0.99642227, -0.99417361],
        [-0.17694444,  0.        ,  0.27897706, ..., -0.97281121,
         -0.96574524, -0.95941341],
        [-0.44449438, -0.27897706,  0.        , ..., -0.86957748,
         -0.85501066, -0.84265009],
        ...,
        [ 0.99844132,  0.97281121,  0.86957748, ...,  0.        ,
         -0.02877065, -0.05213634],
        [ 0.99642227,  0.96574524,  0.85501066, ...,  0.02877065,
          0.        , -0.02338324],
        [ 0.99417361,  0.95941341,  0.84265009, ...,  0.05213634,
          0.02338324,  0.        ]],

       ...,

       [[ 0.        ,  0.21233594,  0.79298672, ..., -0.53573597,
         -0.51460038, -0.56579288],
        [-0.21233594,  0.        ,  0.64554071, ..., -0.70281283,
         -0.68492904, -0.727972  ],
        [-0.79298672, -0.64554071,  0.        , ..., -0.99597774,
         -0.9934453 , -0.99855818],
        ...,
        [ 0.53573597,  0.70281283,  0.99597774, ...,  0.        ,
          0.02483504, -0.03600764],
        [ 0.51460038,  0.68492904,  0.9934453 , ..., -0.02483504,
          0.        , -0.06081547],
        [ 0.56579288,  0.727972  ,  0.99855818, ...,  0.03600764,
          0.06081547,  0.        ]],

       [[ 0.        ,  0.05906909,  0.10220104, ..., -0.95262819,
         -0.95196456, -0.94922938],
        [-0.05906909,  0.        ,  0.0432628 , ..., -0.96892992,
         -0.96838977, -0.96615417],
        [-0.10220104, -0.0432628 ,  0.        , ..., -0.97872316,
         -0.97827464, -0.97640989],
        ...,
        [ 0.95262819,  0.96892992,  0.97872316, ...,  0.        ,
          0.00217463,  0.01098622],
        [ 0.95196456,  0.96838977,  0.97827464, ..., -0.00217463,
          0.        ,  0.00881169],
        [ 0.94922938,  0.96615417,  0.97640989, ..., -0.01098622,
         -0.00881169,  0.        ]],

       [[ 0.        , -0.20643431, -0.17369599, ..., -0.99360622,
         -0.99652302, -0.99767982],
        [ 0.20643431,  0.        ,  0.03334171, ..., -0.94889773,
         -0.95785869, -0.96213609],
        [ 0.17369599, -0.03334171,  0.        , ..., -0.95889226,
         -0.9669032 , -0.97068909],
        ...,
        [ 0.99360622,  0.94889773,  0.95889226, ...,  0.        ,
         -0.0297234 , -0.04499389],
        [ 0.99652302,  0.95785869,  0.9669032 , ...,  0.0297234 ,
          0.        , -0.01528072],
        [ 0.99767982,  0.96213609,  0.97068909, ...,  0.04499389,
          0.01528072,  0.        ]]]), 'num': array([ 9.62903908e-01,  2.68979435e-01,  5.66468958e-06, -3.86242404e-08,
        1.28504532e-03,  1.29029040e-03,  1.25881991e-03,  2.12751159e-02,
        0.00000000e+00,  1.29133942e-03,  1.31625357e-03,  1.31406811e-03,
        4.28170036e-07,  1.36007120e-03,  1.27243593e-03])}
{'img': array([[[ 0.        , -0.29322339, -0.45574596, ..., -0.85629713,
         -0.8691745 , -0.8691745 ],
        [ 0.29322339,  0.        , -0.17471214, ..., -0.97010274,
         -0.97596961, -0.97596961],
        [ 0.45574596,  0.17471214,  0.        , ..., -0.99758382,
         -0.9990297 , -0.9990297 ],
        ...,
        [ 0.85629713,  0.97010274,  0.99758382, ...,  0.        ,
          0.02547067,  0.02547067],
        [ 0.8691745 ,  0.97596961,  0.9990297 , ..., -0.02547067,
          0.        ,  0.        ],
        [ 0.8691745 ,  0.97596961,  0.9990297 , ..., -0.02547067,
          0.        ,  0.        ]],

       [[ 0.        , -0.0135924 , -0.42917075, ...,  0.35362786,
         -0.13848635,  0.0238319 ],
        [ 0.0135924 ,  0.        , -0.41685413, ...,  0.36630933,
         -0.12501214,  0.03741824],
        [ 0.42917075,  0.41685413,  0.        , ...,  0.72084535,
          0.2999513 ,  0.45057439],
        ...,
        [-0.35362786, -0.36630933, -0.72084535, ...,  0.        ,
         -0.47975865, -0.33123539],
        [ 0.13848635,  0.12501214, -0.2999513 , ...,  0.47975865,
          0.        ,  0.16204929],
        [-0.0238319 , -0.03741824, -0.45057439, ...,  0.33123539,
         -0.16204929,  0.        ]],

       [[ 0.        ,  0.27897706,  0.14124402, ..., -0.96574524,
         -0.95941341, -0.9386452 ],
        [-0.27897706,  0.        , -0.14054394, ..., -0.85501066,
         -0.84265009, -0.80516408],
        [-0.14124402,  0.14054394,  0.        , ..., -0.91941176,
         -0.90996382, -0.88052226],
        ...,
        [ 0.96574524,  0.85501066,  0.91941176, ...,  0.        ,
         -0.02338324, -0.08949939],
        [ 0.95941341,  0.84265009,  0.90996382, ...,  0.02338324,
          0.        , -0.06618552],
        [ 0.9386452 ,  0.80516408,  0.88052226, ...,  0.08949939,
          0.06618552,  0.        ]],

       ...,

       [[ 0.        ,  0.64554071, -0.01513977, ..., -0.68492904,
         -0.727972  , -0.79294321],
        [-0.64554071,  0.        , -0.65702935, ..., -0.9934453 ,
         -0.99855818, -0.99891632],
        [ 0.01513977,  0.65702935,  0.        , ..., -0.67381956,
         -0.71750863, -0.78362774],
        ...,
        [ 0.68492904,  0.9934453 ,  0.67381956, ...,  0.        ,
         -0.06081547, -0.16042197],
        [ 0.727972  ,  0.99855818,  0.71750863, ...,  0.06081547,
          0.        , -0.10009721],
        [ 0.79294321,  0.99891632,  0.78362774, ...,  0.16042197,
          0.10009721,  0.        ]],

       [[ 0.        ,  0.0432628 ,  0.06998926, ..., -0.96838977,
         -0.96615417, -0.97610393],
        [-0.0432628 ,  0.        ,  0.02676703, ..., -0.97827464,
         -0.97640989, -0.98459122],
        [-0.06998926, -0.02676703,  0.        , ..., -0.98347328,
         -0.98183972, -0.98891924],
        ...,
        [ 0.96838977,  0.97827464,  0.98347328, ...,  0.        ,
          0.00881169, -0.03304604],
        [ 0.96615417,  0.97640989,  0.98183972, ..., -0.00881169,
          0.        , -0.04185164],
        [ 0.97610393,  0.98459122,  0.98891924, ...,  0.03304604,
          0.04185164,  0.        ]],

       [[ 0.        ,  0.05687087,  0.14029388, ..., -0.97353501,
         -0.97693444, -0.97861139],
        [-0.05687087,  0.        ,  0.08375841, ..., -0.98495654,
         -0.98749749, -0.98872689],
        [-0.14029388, -0.08375841,  0.        , ..., -0.99596913,
         -0.99723075, -0.99779376],
        ...,
        [ 0.97353501,  0.98495654,  0.99596913, ...,  0.        ,
         -0.01537842, -0.02337647],
        [ 0.97693444,  0.98749749,  0.99723075, ...,  0.01537842,
          0.        , -0.00799949],
        [ 0.97861139,  0.98872689,  0.99779376, ...,  0.02337647,
          0.00799949,  0.        ]]]), 'num': array([ 7.07057577e-01,  7.07057577e-01,  0.00000000e+00, -2.92742377e-08,
        9.52435013e-04,  9.56291025e-04,  9.37010964e-04,  1.14824486e-02,
        7.71202440e-06,  9.46265394e-04,  9.65738255e-04,  9.61817976e-04,
        2.95354126e-07,  9.96728217e-04,  9.34748293e-04])}
{'img': array([[[ 0.        , -0.36095232, -0.97176397, ..., -0.87553976,
         -0.87553976, -0.8988764 ],
        [ 0.36095232,  0.        , -0.82108327, ..., -0.99090731,
         -0.99090731, -0.99644811],
        [ 0.97176397,  0.82108327,  0.        , ..., -0.67609197,
         -0.67609197, -0.63792359],
        ...,
        [ 0.87553976,  0.99090731,  0.67609197, ...,  0.        ,
          0.        ,  0.05062511],
        [ 0.87553976,  0.99090731,  0.67609197, ...,  0.        ,
          0.        ,  0.05062511],
        [ 0.8988764 ,  0.99644811,  0.63792359, ..., -0.05062511,
         -0.05062511,  0.        ]],

       [[ 0.        , -0.41685413,  0.89510334, ..., -0.12501214,
          0.03741824, -0.12267434],
        [ 0.41685413,  0.        ,  0.62776706, ...,  0.2999513 ,
          0.45057439,  0.30219792],
        [-0.89510334, -0.62776706,  0.        , ..., -0.83234369,
         -0.91115974, -0.83364718],
        ...,
        [ 0.12501214, -0.2999513 ,  0.83234369, ...,  0.        ,
          0.16204929,  0.00235593],
        [-0.03741824, -0.45057439,  0.91115974, ..., -0.16204929,
          0.        , -0.15972405],
        [ 0.12267434, -0.30219792,  0.83364718, ..., -0.00235593,
          0.15972405,  0.        ]],

       [[ 0.        , -0.14054394, -0.54838148, ..., -0.84265009,
         -0.80516408, -0.79015798],
        [ 0.14054394,  0.        , -0.42541167, ..., -0.90996382,
         -0.88052226, -0.86845506],
        [ 0.54838148,  0.42541167,  0.        , ..., -0.99993018,
         -0.99851978, -0.99685724],
        ...,
        [ 0.84265009,  0.90996382,  0.99993018, ...,  0.        ,
         -0.06618552, -0.09099328],
        [ 0.80516408,  0.88052226,  0.99851978, ...,  0.06618552,
          0.        , -0.0248828 ],
        [ 0.79015798,  0.86845506,  0.99685724, ...,  0.09099328,
          0.0248828 ,  0.        ]],

       ...,

       [[ 0.        , -0.65702935, -0.99629925, ..., -0.99855818,
         -0.99891632, -0.99271754],
        [ 0.65702935,  0.        , -0.80754831, ..., -0.71750863,
         -0.78362774, -0.82752426],
        [ 0.99629925,  0.80754831,  0.        , ...,  0.13930984,
          0.03948903, -0.03469317],
        ...,
        [ 0.99855818,  0.71750863, -0.13930984, ...,  0.        ,
         -0.10009721, -0.17358085],
        [ 0.99891632,  0.78362774, -0.03948903, ...,  0.10009721,
          0.        , -0.07413137],
        [ 0.99271754,  0.82752426,  0.03469317, ...,  0.17358085,
          0.07413137,  0.        ]],

       [[ 0.        ,  0.02676703,  0.06873013, ..., -0.97640989,
         -0.98459122, -0.98952028],
        [-0.02676703,  0.        ,  0.04200178, ..., -0.98183972,
         -0.98891924, -0.99303073],
        [-0.06873013, -0.04200178,  0.        , ..., -0.98894153,
         -0.9942819 , -0.99710457],
        ...,
        [ 0.97640989,  0.98183972,  0.98894153, ...,  0.        ,
         -0.04185164, -0.0726748 ],
        [ 0.98459122,  0.98891924,  0.9942819 , ...,  0.04185164,
          0.        , -0.03087015],
        [ 0.98952028,  0.99303073,  0.99710457, ...,  0.0726748 ,
          0.03087015,  0.        ]],

       [[ 0.        ,  0.08375841, -0.30349345, ..., -0.98749749,
         -0.98872689, -0.98936462],
        [-0.08375841,  0.        , -0.38223482, ..., -0.99723075,
         -0.99779376, -0.9980713 ],
        [ 0.30349345,  0.38223482,  0.        , ..., -0.8930796 ,
         -0.89664999, -0.89855463],
        ...,
        [ 0.98749749,  0.99723075,  0.8930796 , ...,  0.        ,
         -0.00799949, -0.01232013],
        [ 0.98872689,  0.99779376,  0.89664999, ...,  0.00799949,
          0.        , -0.00432085],
        [ 0.98936462,  0.9980713 ,  0.89855463, ...,  0.01232013,
          0.00432085,  0.        ]]]), 'num': array([ 9.50011545e-01,  3.11807153e-01,  5.27441646e-06, -3.99800605e-08,
        1.27132349e-03,  1.28708370e-03,  1.26607009e-03,  1.55227127e-02,
       -2.62670143e-05,  1.28498234e-03,  1.31361338e-03,  1.30433237e-03,
        3.85964291e-07,  1.36006666e-03,  1.26716011e-03])}
