state_0,state_1,state_2,state_3,state_4,state_5,state_6,state_7,state_8,state_9,state_10,state_11,state_12,state_13,state_14,state_15,state_16,state_17,state_18,state_19,state_20,state_21,state_22,state_23,state_24,state_25,state_26,state_27,state_28,state_29,state_30,state_31,state_32,state_33,state_34,state_35,state_36,state_37,state_38,state_39,state_40,state_41,state_42,state_43,state_44,state_45,state_46,state_47,state_48,state_49,state_50,state_51,state_52,state_53,state_54,state_55,state_56,state_57,state_58,state_59,state_60,state_61,state_62,state_63,state_64,state_65,state_66,state_67,state_68,state_69,state_70,state_71,state_72,state_73,state_74,state_75,state_76,state_77,state_78,state_79,state_80,state_81,state_82,state_83,state_84,state_85,state_86,state_87,state_88,state_89,state_90,state_91,state_92,state_93,state_94,state_95,state_96,state_97,state_98,state_99,state_100,state_101,state_102,state_103,state_104,state_105,state_106,state_107,state_108,state_109,state_110,state_111,state_112,state_113,state_114,state_115,state_116,state_117,state_118,state_119,state_120,state_121,state_122,state_123,state_124,state_125,state_126,state_127,state_128,state_129,state_130,state_131,state_132,state_133,state_134,state_135,state_136,state_137,state_138,state_139,state_140,state_141,state_142,state_143,state_144,state_145,state_146,state_147,state_148,state_149,state_150,state_151,state_152,state_153,state_154,state_155,state_156,state_157,state_158,state_159,state_160,state_161,state_162,state_163,state_164,state_165,state_166,state_167,state_168,state_169,state_170,state_171,state_172,state_173,state_174,state_175,state_176,state_177,state_178,state_179,state_180,state_181,state_182,state_183,state_184,state_185,state_186,state_187,state_188,state_189,state_190,state_191,state_192,state_193,state_194,state_195,state_196,state_197,state_198,state_199,state_200,state_201,state_202,state_203,state_204,state_205,state_206,state_207,state_208,state_209,state_210,state_211,state_212,state_213,state_214,state_215,state_216,state_217,state_218,state_219,state_220,state_221,state_222,state_223,state_224,state_225,state_226,state_227,state_228,state_229,state_230,state_231,state_232,state_233,state_234,state_235,state_236,state_237,state_238,state_239,state_240,state_241,state_242,state_243,state_244,state_245,state_246,state_247,state_248,state_249,state_250,state_251,state_252,state_253,state_254,state_255,state_256,state_257,state_258,state_259,state_260,state_261,state_262,state_263,state_264,state_265,state_266,state_267,state_268,state_269,state_270,state_271,state_272,state_273,state_274,state_275,state_276,state_277,state_278,state_279,state_280,state_281,state_282,state_283,state_284,state_285,state_286,state_287
{'img': array([[[ 0.        ,  0.03117114,  0.45585076, ..., -0.88570334,
         -0.71342664, -0.96689704],
        [-0.03117114,  0.        ,  0.42788518, ..., -0.8997442 ,
         -0.69123741, -0.95847335],
        [-0.45585076, -0.42788518,  0.        , ..., -0.99995524,
         -0.31556155, -0.74427474],
        ...,
        [ 0.88570334,  0.8997442 ,  0.99995524, ...,  0.        ,
         -0.95184833, -0.67488565],
        [ 0.71342664,  0.69123741,  0.31556155, ...,  0.95184833,
          0.        ,  0.49549088],
        [ 0.96689704,  0.95847335,  0.74427474, ...,  0.67488565,
         -0.49549088,  0.        ]],

       [[ 0.        , -0.80659925, -0.01210936, ..., -0.99716456,
          0.96851235, -0.68171247],
        [ 0.80659925,  0.        ,  0.79938228, ..., -0.52872461,
          0.77330177,  0.18716495],
        [ 0.01210936, -0.79938228,  0.        , ..., -0.9961802 ,
          0.97145615, -0.67280303],
        ...,
        [ 0.99716456,  0.52872461,  0.9961802 , ...,  0.        ,
          0.32114188,  0.67824564],
        [-0.96851235, -0.77330177, -0.97145615, ..., -0.32114188,
          0.        , -0.87830609],
        [ 0.68171247, -0.18716495,  0.67280303, ..., -0.67824564,
          0.87830609,  0.        ]],

       [[ 0.        ,  0.16192156,  0.35759433, ..., -0.87452111,
         -0.98825312, -0.91355794],
        [-0.16192156,  0.        ,  0.20166056, ..., -0.94151054,
         -0.99995758, -0.83564741],
        [-0.35759433, -0.20166056,  0.        , ..., -0.99012393,
         -0.97755658, -0.70771409],
        ...,
        [ 0.87452111,  0.94151054,  0.99012393, ...,  0.        ,
         -0.34564083, -0.79873939],
        [ 0.98825312,  0.99995758,  0.97755658, ...,  0.34564083,
          0.        , -0.5415464 ],
        [ 0.91355794,  0.83564741,  0.70771409, ...,  0.79873939,
          0.5415464 ,  0.        ]],

       ...,

       [[ 0.        , -0.00828113,  0.15645388, ..., -0.99988562,
         -0.76787619, -0.99860795],
        [ 0.00828113,  0.        ,  0.16462766, ..., -0.99997658,
         -0.77315473, -0.9990105 ],
        [-0.15645388, -0.16462766,  0.        , ..., -0.98520602,
         -0.65819591, -0.978058  ],
        ...,
        [ 0.99988562,  0.99997658,  0.98520602, ...,  0.        ,
         -0.62891135, -0.03763688],
        [ 0.76787619,  0.77315473,  0.65819591, ...,  0.62891135,
          0.        ,  0.59920395],
        [ 0.99860795,  0.9990105 ,  0.978058  , ...,  0.03763688,
         -0.59920395,  0.        ]],

       [[ 0.        ,  0.24243322,  0.57416191, ...,  0.95264567,
          0.97267949,  0.92147395],
        [-0.24243322,  0.        ,  0.35854337, ...,  0.85050671,
          0.999944  ,  0.98815543],
        [-0.57416191, -0.35854337,  0.        , ...,  0.60537815,
          0.92966625,  0.97747677],
        ...,
        [-0.95264567, -0.85050671, -0.60537815, ...,  0.        ,
          0.51693364,  0.65025005],
        [-0.97267949, -0.999944  , -0.92966625, ..., -0.51693364,
          0.        ,  0.16390564],
        [-0.92147395, -0.98815543, -0.97747677, ..., -0.65025005,
         -0.16390564,  0.        ]],

       [[ 0.        ,  0.00542389, -0.02331207, ..., -0.2249614 ,
         -0.66274498, -0.9968626 ],
        [-0.00542389,  0.        , -0.02873414, ..., -0.23024295,
         -0.66679688, -0.99727724],
        [ 0.02331207,  0.02873414,  0.        , ..., -0.20218574,
         -0.64510774, -0.9947465 ],
        ...,
        [ 0.2249614 ,  0.23024295,  0.20218574, ...,  0.        ,
         -0.47729603, -0.95350466],
        [ 0.66274498,  0.66679688,  0.64510774, ...,  0.47729603,
          0.        , -0.69403847],
        [ 0.9968626 ,  0.99727724,  0.9947465 , ...,  0.95350466,
          0.69403847,  0.        ]]]), 'num': array([7.06639099e-01, 7.06639099e-01, 0.00000000e+00, 0.00000000e+00,
       2.37009387e-05, 2.43227226e-05, 2.28231262e-05, 3.63642991e-02,
       1.46302091e-07, 2.45933815e-05, 2.82198446e-05, 2.94560972e-05,
       1.18484088e-07, 3.38467471e-05, 2.25929420e-05])}
{'img': array([[[ 0.        ,  0.42788518,  0.69123741, ..., -0.69123741,
         -0.95847335, -0.97297626],
        [-0.42788518,  0.        ,  0.31556155, ..., -0.31556155,
         -0.74427474, -0.78060726],
        [-0.69123741, -0.31556155,  0.        , ..., -0.        ,
         -0.49549088, -0.54348936],
        ...,
        [ 0.69123741,  0.31556155,  0.        , ...,  0.        ,
          0.49549088,  0.54348936],
        [ 0.95847335,  0.74427474,  0.49549088, ..., -0.49549088,
          0.        ,  0.05615899],
        [ 0.97297626,  0.78060726,  0.54348936, ..., -0.54348936,
         -0.05615899,  0.        ]],

       [[ 0.        ,  0.79938228,  0.41407815, ...,  0.77330177,
          0.18716495, -0.03146812],
        [-0.79938228,  0.        , -0.47884322, ...,  0.97145615,
         -0.67280303, -0.81789315],
        [-0.41407815,  0.47884322,  0.        , ...,  0.96643258,
         -0.23639549, -0.44251666],
        ...,
        [-0.77330177, -0.97145615, -0.96643258, ...,  0.        ,
         -0.87830609, -0.75296681],
        [-0.18716495,  0.67280303,  0.23639549, ...,  0.87830609,
          0.        , -0.21798429],
        [ 0.03146812,  0.81789315,  0.44251666, ...,  0.75296681,
          0.21798429,  0.        ]],

       [[ 0.        ,  0.19359628,  0.48177889, ..., -0.98879308,
         -0.99508377, -0.81543811],
        [-0.19359628,  0.        ,  0.30301722, ..., -0.99898885,
         -0.9570849 , -0.68794897],
        [-0.48177889, -0.30301722,  0.        , ..., -0.93839824,
         -0.82427091, -0.43568761],
        ...,
        [ 0.98879308,  0.99898885,  0.93839824, ...,  0.        ,
         -0.24648544, -0.69409598],
        [ 0.99508377,  0.9570849 ,  0.82427091, ...,  0.24648544,
          0.        , -0.49524015],
        [ 0.81543811,  0.68794897,  0.43568761, ...,  0.69409598,
          0.49524015,  0.        ]],

       ...,

       [[ 0.        ,  0.16462766,  0.27366597, ..., -0.77315473,
         -0.9990105 , -0.99585268],
        [-0.16462766,  0.        ,  0.11158904, ..., -0.65819591,
         -0.978058  , -0.96728716],
        [-0.27366597, -0.11158904,  0.        , ..., -0.57007566,
         -0.94870182, -0.93293755],
        ...,
        [ 0.77315473,  0.65819591,  0.57007566, ...,  0.        ,
          0.59920395,  0.56124518],
        [ 0.9990105 ,  0.978058  ,  0.94870182, ..., -0.59920395,
          0.        , -0.04660002],
        [ 0.99585268,  0.96728716,  0.93293755, ..., -0.56124518,
          0.04660002,  0.        ]],

       [[ 0.        ,  0.35854337,  0.68316774, ...,  0.999944  ,
          0.98815543,  0.96635658],
        [-0.35854337,  0.        ,  0.37591561, ...,  0.92966625,
          0.97747677,  0.80988697],
        [-0.68316774, -0.37591561,  0.        , ...,  0.72299047,
          0.82644829,  0.5299781 ],
        ...,
        [-0.999944  , -0.92966625, -0.72299047, ...,  0.        ,
          0.16390564, -0.24696449],
        [-0.98815543, -0.97747677, -0.82644829, ..., -0.16390564,
          0.        , -0.40245314],
        [-0.96635658, -0.80988697, -0.5299781 , ...,  0.24696449,
          0.40245314,  0.        ]],

       [[ 0.        , -0.02577042, -0.05236527, ..., -0.57588423,
         -0.81991515, -0.99943959],
        [ 0.02577042,  0.        , -0.02661282, ..., -0.55462485,
         -0.80488967, -0.9999703 ],
        [ 0.05236527,  0.02661282,  0.        , ..., -0.53228387,
         -0.78881189, -0.99982123],
        ...,
        [ 0.57588423,  0.55462485,  0.53228387, ...,  0.        ,
         -0.34062114, -0.8363502 ],
        [ 0.81991515,  0.80488967,  0.78881189, ...,  0.34062114,
          0.        , -0.59961001],
        [ 0.99943959,  0.9999703 ,  0.99982123, ...,  0.8363502 ,
          0.59961001,  0.        ]]]), 'num': array([ 9.97610785e-01,  1.81818645e-05,  2.87077003e-04, -1.36697353e-10,
        3.34650313e-05,  3.39465426e-05,  3.11537774e-05,  6.90842187e-02,
        2.26310284e-06,  3.21071696e-05,  3.67176398e-05,  3.86444872e-05,
        2.72222161e-07,  4.39202803e-05,  2.95149993e-05])}
{'img': array([[[ 0.        ,  0.31556155, -0.35699752, ..., -0.74427474,
         -0.78060726, -0.98039477],
        [-0.31556155,  0.        , -0.6335245 , ..., -0.49549088,
         -0.54348936, -0.86812229],
        [ 0.35699752,  0.6335245 ,  0.        , ..., -0.93366021,
         -0.95230065, -0.98613598],
        ...,
        [ 0.74427474,  0.49549088,  0.93366021, ...,  0.        ,
          0.05615899,  0.50812535],
        [ 0.78060726,  0.54348936,  0.95230065, ..., -0.05615899,
          0.        ,  0.45895465],
        [ 0.98039477,  0.86812229,  0.98613598, ..., -0.50812535,
         -0.45895465,  0.        ]],

       [[ 0.        , -0.47884322, -0.82572452, ..., -0.67280303,
         -0.81789315, -0.6719605 ],
        [ 0.47884322,  0.        , -0.4548011 , ..., -0.23639549,
         -0.44251666, -0.23528935],
        [ 0.82572452,  0.4548011 ,  0.        , ...,  0.23137846,
          0.01374531,  0.23248567],
        ...,
        [ 0.67280303,  0.23639549, -0.23137846, ...,  0.        ,
         -0.21798429,  0.00113824],
        [ 0.81789315,  0.44251666, -0.01374531, ...,  0.21798429,
          0.        ,  0.21909502],
        [ 0.6719605 ,  0.23528935, -0.23248567, ..., -0.00113824,
         -0.21909502,  0.        ]],

       [[ 0.        ,  0.29868626,  0.68014337, ..., -0.97771917,
         -0.88015272, -0.68014337],
        [-0.29868626,  0.        ,  0.43013508, ..., -0.87038823,
         -0.69819137, -0.43013508],
        [-0.68014337, -0.43013508,  0.        , ..., -0.57397172,
         -0.32236389, -0.        ],
        ...,
        [ 0.97771917,  0.87038823,  0.57397172, ...,  0.        ,
         -0.27935494, -0.57397172],
        [ 0.88015272,  0.69819137,  0.32236389, ...,  0.27935494,
          0.        , -0.32236389],
        [ 0.68014337,  0.43013508,  0.        , ...,  0.57397172,
          0.32236389,  0.        ]],

       ...,

       [[ 0.        ,  0.11158904,  0.01145687, ..., -0.978058  ,
         -0.96728716, -0.96985042],
        [-0.11158904,  0.        , -0.1001964 , ..., -0.94870182,
         -0.93293755, -0.99098752],
        [-0.01145687,  0.1001964 ,  0.        , ..., -0.97560697,
         -0.96431725, -0.97257882],
        ...,
        [ 0.978058  ,  0.94870182,  0.97560697, ...,  0.        ,
         -0.04660002,  0.44040532],
        [ 0.96728716,  0.93293755,  0.96431725, ...,  0.04660002,
          0.        ,  0.48176432],
        [ 0.96985042,  0.99098752,  0.97257882, ..., -0.44040532,
         -0.48176432,  0.        ]],

       [[ 0.        ,  0.37591561,  0.56509729, ...,  0.97747677,
          0.80988697,  0.41773343],
        [-0.37591561,  0.        ,  0.21351011, ...,  0.82644829,
          0.5299781 ,  0.0455488 ],
        [-0.56509729, -0.21351011,  0.        , ...,  0.6871822 ,
          0.33669826, -0.16879003],
        ...,
        [-0.97747677, -0.82644829, -0.6871822 , ...,  0.        ,
         -0.40245314, -0.79994597],
        [-0.80988697, -0.5299781 , -0.33669826, ...,  0.40245314,
          0.        , -0.49080214],
        [-0.41773343, -0.0455488 ,  0.16879003, ...,  0.79994597,
          0.49080214,  0.        ]],

       [[ 0.        , -0.02590739,  0.01047666, ..., -0.77430124,
         -0.95704756, -0.9994144 ],
        [ 0.02590739,  0.        ,  0.03637911, ..., -0.75764671,
         -0.94921497, -0.99996544],
        [-0.01047666, -0.03637911,  0.        , ..., -0.78088856,
         -0.96003254, -0.99900106],
        ...,
        [ 0.77430124,  0.75764671,  0.78088856, ...,  0.        ,
         -0.38114223, -0.65894146],
        [ 0.95704756,  0.94921497,  0.96003254, ...,  0.38114223,
          0.        , -0.32250922],
        [ 0.9994144 ,  0.99996544,  0.99900106, ...,  0.65894146,
          0.32250922,  0.        ]]]), 'num': array([7.21748677e-01, 6.74156330e-01, 1.35784156e-05, 4.93282203e-08,
       2.44439376e-05, 2.80006875e-05, 2.44090675e-05, 1.56818635e-01,
       2.09220579e-07, 2.31118999e-05, 2.63251793e-05, 2.78739928e-05,
       1.87845102e-07, 3.14102139e-05, 2.12401448e-05])}
{'img': array([[[ 0.        , -0.6335245 , -0.74752509, ..., -0.54348936,
         -0.86812229, -0.89173662],
        [ 0.6335245 ,  0.        , -0.15756883, ..., -0.95230065,
         -0.98613598, -0.97666132],
        [ 0.74752509,  0.15756883,  0.        , ..., -0.98848844,
         -0.94767033, -0.93061743],
        ...,
        [ 0.54348936,  0.95230065,  0.98848844, ...,  0.        ,
          0.45895465,  0.50257935],
        [ 0.86812229,  0.98613598,  0.94767033, ..., -0.45895465,
          0.        ,  0.04974094],
        [ 0.89173662,  0.97666132,  0.93061743, ..., -0.50257935,
         -0.04974094,  0.        ]],

       [[ 0.        , -0.4548011 , -0.69149706, ..., -0.44251666,
         -0.23528935,  0.91520755],
        [ 0.4548011 ,  0.        , -0.28730358, ...,  0.01374531,
          0.23248567,  0.99835449],
        [ 0.69149706,  0.28730358,  0.        , ...,  0.30044224,
          0.50211539,  0.93978838],
        ...,
        [ 0.44251666, -0.01374531, -0.30044224, ...,  0.        ,
          0.21909502,  0.99904839],
        [ 0.23528935, -0.23248567, -0.50211539, ..., -0.21909502,
          0.        ,  0.984331  ],
        [-0.91520755, -0.99835449, -0.93978838, ..., -0.99904839,
         -0.984331  ,  0.        ]],

       [[ 0.        ,  0.42629601,  0.29886793, ..., -0.76267071,
         -0.65547894, -0.42629601],
        [-0.42629601,  0.        , -0.13646086, ..., -0.41417681,
         -0.2709911 , -0.        ],
        [-0.29886793,  0.13646086,  0.        , ..., -0.53450857,
         -0.39981085, -0.13646086],
        ...,
        [ 0.76267071,  0.41417681,  0.53450857, ...,  0.        ,
         -0.15202394, -0.41417681],
        [ 0.65547894,  0.2709911 ,  0.39981085, ...,  0.15202394,
          0.        , -0.2709911 ],
        [ 0.42629601,  0.        ,  0.13646086, ...,  0.41417681,
          0.2709911 ,  0.        ]],

       ...,

       [[ 0.        , -0.1001964 , -0.0479536 , ..., -0.93293755,
         -0.99098752, -0.99616792],
        [ 0.1001964 ,  0.        ,  0.05236885, ..., -0.96431725,
         -0.97257882, -0.98239157],
        [ 0.0479536 , -0.05236885,  0.        , ..., -0.9491294 ,
         -0.98342386, -0.9908278 ],
        ...,
        [ 0.93293755,  0.96431725,  0.9491294 , ...,  0.        ,
          0.48176432,  0.44025448],
        [ 0.99098752,  0.97257882,  0.98342386, ..., -0.48176432,
          0.        , -0.04676784],
        [ 0.99616792,  0.98239157,  0.9908278 , ..., -0.44025448,
          0.04676784,  0.        ]],

       [[ 0.        ,  0.21351011,  0.34936946, ...,  0.5299781 ,
          0.0455488 , -0.25877489],
        [-0.21351011,  0.        ,  0.14125751, ...,  0.33669826,
         -0.16879003, -0.45904522],
        [-0.34936946, -0.14125751,  0.        , ...,  0.2003123 ,
         -0.30632831, -0.57993732],
        ...,
        [-0.5299781 , -0.33669826, -0.2003123 , ...,  0.        ,
         -0.49080214, -0.73136984],
        [-0.0455488 ,  0.16879003,  0.30632831, ...,  0.49080214,
          0.        , -0.30250361],
        [ 0.25877489,  0.45904522,  0.57993732, ...,  0.73136984,
          0.30250361,  0.        ]],

       [[ 0.        ,  0.0356351 ,  0.09120116, ..., -0.91736626,
         -0.96563451, -0.99956945],
        [-0.0356351 ,  0.        ,  0.05565665, ..., -0.93096796,
         -0.9742829 , -0.99788901],
        [-0.09120116, -0.05565665,  0.        , ..., -0.94984522,
         -0.98531375, -0.99272777],
        ...,
        [ 0.91736626,  0.93096796,  0.94984522, ...,  0.        ,
         -0.14593817, -0.42478954],
        [ 0.96563451,  0.9742829 ,  0.98531375, ...,  0.14593817,
          0.        , -0.28812494],
        [ 0.99956945,  0.99788901,  0.99272777, ...,  0.42478954,
          0.28812494,  0.        ]]]), 'num': array([9.75969415e-01, 2.33805848e-05, 2.52835760e-04, 6.09727757e-08,
       3.30582628e-05, 3.39575161e-05, 2.77483864e-05, 2.17907385e-01,
       3.04033246e-06, 2.96325361e-05, 3.21590095e-05, 3.41387941e-05,
       3.62778030e-07, 3.81258865e-05, 2.61921326e-05])}
{'img': array([[[ 0.        , -0.17443553, -0.58906461, ..., -0.99451893,
         -0.98795049, -0.76305936],
        [ 0.17443553,  0.        , -0.43907452, ..., -0.96103316,
         -0.94580639, -0.63861795],
        [ 0.58906461,  0.43907452,  0.        , ..., -0.74206612,
         -0.70717923, -0.23588835],
        ...,
        [ 0.99451893,  0.96103316,  0.74206612, ...,  0.        ,
          0.05062511,  0.56300288],
        [ 0.98795049,  0.94580639,  0.70717923, ..., -0.05062511,
          0.        ,  0.52044159],
        [ 0.76305936,  0.63861795,  0.23588835, ..., -0.56300288,
         -0.52044159,  0.        ]],

       [[ 0.        , -0.28542916, -0.17872785, ...,  0.23076894,
          0.99956156,  0.74030722],
        [ 0.28542916,  0.        ,  0.1095406 , ...,  0.49889393,
          0.94952836,  0.51762521],
        [ 0.17872785, -0.1095406 ,  0.        , ...,  0.40095696,
          0.97817523,  0.60823406],
        ...,
        [-0.23076894, -0.49889393, -0.40095696, ...,  0.        ,
          0.97941479,  0.87546402],
        [-0.99956156, -0.94952836, -0.97817523, ..., -0.97941479,
          0.        ,  0.65005426],
        [-0.74030722, -0.51762521, -0.60823406, ..., -0.87546402,
         -0.65005426,  0.        ]],

       [[ 0.        , -0.13646086, -0.47448808, ..., -0.2709911 ,
         -0.        , -0.68679887],
        [ 0.13646086,  0.        , -0.34992817, ..., -0.39981085,
         -0.13646086, -0.77956042],
        [ 0.47448808,  0.34992817,  0.        , ..., -0.69527677,
         -0.47448808, -0.94944338],
        ...,
        [ 0.2709911 ,  0.39981085,  0.69527677, ...,  0.        ,
         -0.2709911 ,  0.46413091],
        [ 0.        ,  0.13646086,  0.47448808, ...,  0.2709911 ,
          0.        ,  0.68679887],
        [ 0.68679887,  0.77956042,  0.94944338, ..., -0.46413091,
         -0.68679887,  0.        ]],

       ...,

       [[ 0.        ,  0.05236885, -0.81466113, ..., -0.97257882,
         -0.98239157, -0.77297691],
        [-0.05236885,  0.        , -0.8439139 , ..., -0.98342386,
         -0.9908278 , -0.80514083],
        [ 0.81466113,  0.8439139 ,  0.        , ..., -0.37456611,
         -0.4175194 ,  0.06857071],
        ...,
        [ 0.97257882,  0.98342386,  0.37456611, ...,  0.        ,
         -0.04676784,  0.43726325],
        [ 0.98239157,  0.9908278 ,  0.4175194 , ...,  0.04676784,
          0.        ,  0.47884468],
        [ 0.77297691,  0.80514083, -0.06857071, ..., -0.43726325,
         -0.47884468,  0.        ]],

       [[ 0.        ,  0.14125751,  0.11438984, ..., -0.16879003,
         -0.45904522, -0.66785878],
        [-0.14125751,  0.        , -0.02708745, ..., -0.30632831,
         -0.57993732, -0.76629836],
        [-0.11438984,  0.02708745,  0.        , ..., -0.28043066,
         -0.55765743, -0.7486139 ],
        ...,
        [ 0.16879003,  0.30632831,  0.28043066, ...,  0.        ,
         -0.30250361, -0.53264797],
        [ 0.45904522,  0.57993732,  0.55765743, ...,  0.30250361,
          0.        , -0.25167251],
        [ 0.66785878,  0.76629836,  0.7486139 , ...,  0.53264797,
          0.25167251,  0.        ]],

       [[ 0.        ,  0.05565665,  0.10868226, ..., -0.9742829 ,
         -0.99788901, -0.98523076],
        [-0.05565665,  0.        ,  0.05318683, ..., -0.98531375,
         -0.99272777, -0.99323381],
        [-0.10868226, -0.05318683,  0.        , ..., -0.99300096,
         -0.98491996, -0.99800465],
        ...,
        [ 0.9742829 ,  0.98531375,  0.99300096, ...,  0.        ,
         -0.28812494, -0.05517205],
        [ 0.99788901,  0.99272777,  0.98491996, ...,  0.28812494,
          0.        ,  0.23485373],
        [ 0.98523076,  0.99323381,  0.99800465, ...,  0.05517205,
         -0.23485373,  0.        ]]]), 'num': array([8.06922517e-01, 5.77622136e-01, 5.76131609e-05, 1.25309936e-07,
       2.79736953e-05, 2.87819805e-05, 2.65328391e-05, 1.23404664e-01,
       8.43427999e-07, 2.53871828e-05, 2.62868393e-05, 2.79742810e-05,
       3.93599733e-07, 3.09464663e-05, 2.16272124e-05])}
{'img': array([[[ 0.00000000e+00, -4.39074518e-01, -3.50144706e-01, ...,
         -9.45806394e-01, -6.38617950e-01, -4.87772905e-01],
        [ 4.39074518e-01,  0.00000000e+00,  9.66914394e-02, ...,
         -7.07179232e-01, -2.35888353e-01, -5.49407561e-02],
        [ 3.50144706e-01, -9.66914394e-02,  0.00000000e+00, ...,
         -7.72229843e-01, -3.28745899e-01, -1.51228724e-01],
        ...,
        [ 9.45806394e-01,  7.07179232e-01,  7.72229843e-01, ...,
          0.00000000e+00,  5.20441588e-01,  6.67266120e-01],
        [ 6.38617950e-01,  2.35888353e-01,  3.28745899e-01, ...,
         -5.20441588e-01,  0.00000000e+00,  1.82141734e-01],
        [ 4.87772905e-01,  5.49407561e-02,  1.51228724e-01, ...,
         -6.67266120e-01, -1.82141734e-01,  0.00000000e+00]],

       [[ 0.00000000e+00,  1.09540603e-01, -1.18117067e-01, ...,
          9.49528360e-01,  5.17625208e-01,  9.84540019e-01],
        [-1.09540603e-01,  0.00000000e+00, -2.26180060e-01, ...,
          9.78175232e-01,  6.08234064e-01,  9.59428265e-01],
        [ 1.18117067e-01,  2.26180060e-01,  0.00000000e+00, ...,
          9.05830252e-01,  4.12939819e-01,  9.98337281e-01],
        ...,
        [-9.49528360e-01, -9.78175232e-01, -9.05830252e-01, ...,
          0.00000000e+00,  6.50054265e-01, -4.75150878e-01],
        [-5.17625208e-01, -6.08234064e-01, -4.12939819e-01, ...,
         -6.50054265e-01,  0.00000000e+00, -9.33046917e-01],
        [-9.84540019e-01, -9.59428265e-01, -9.98337281e-01, ...,
          4.75150878e-01,  9.33046917e-01,  0.00000000e+00]],

       [[ 0.00000000e+00, -4.57717381e-01, -6.69866900e-01, ...,
         -0.00000000e+00, -6.88154788e-01, -8.98071438e-01],
        [ 4.57717381e-01,  0.00000000e+00, -2.55730598e-01, ...,
         -4.57717381e-01, -9.43940083e-01, -9.99800108e-01],
        [ 6.69866900e-01,  2.55730598e-01,  0.00000000e+00, ...,
         -6.69866900e-01, -9.96973242e-01, -9.61441866e-01],
        ...,
        [ 0.00000000e+00,  4.57717381e-01,  6.69866900e-01, ...,
          0.00000000e+00,  6.88154788e-01,  8.98071438e-01],
        [ 6.88154788e-01,  9.43940083e-01,  9.96973242e-01, ...,
         -6.88154788e-01,  0.00000000e+00,  3.48923599e-01],
        [ 8.98071438e-01,  9.99800108e-01,  9.61441866e-01, ...,
         -8.98071438e-01, -3.48923599e-01,  0.00000000e+00]],

       ...,

       [[ 0.00000000e+00, -8.43913903e-01, -8.04891023e-01, ...,
         -9.90827804e-01, -8.05140829e-01, -4.82040333e-01],
        [ 8.43913903e-01,  0.00000000e+00,  6.89907887e-02, ...,
         -4.17519404e-01,  6.85707075e-02,  4.80790005e-01],
        [ 8.04891023e-01, -6.89907887e-02,  0.00000000e+00, ...,
         -4.79214302e-01, -4.21078375e-04,  4.19150834e-01],
        ...,
        [ 9.90827804e-01,  4.17519404e-01,  4.79214302e-01, ...,
          0.00000000e+00,  4.78844680e-01,  8.02974445e-01],
        [ 8.05140829e-01, -6.85707075e-02,  4.21078375e-04, ...,
         -4.78844680e-01,  0.00000000e+00,  4.19533101e-01],
        [ 4.82040333e-01, -4.80790005e-01, -4.19150834e-01, ...,
         -8.02974445e-01, -4.19533101e-01,  0.00000000e+00]],

       [[ 0.00000000e+00, -2.70874477e-02, -3.78999902e-02, ...,
         -5.79937317e-01, -7.66298360e-01, -8.93760701e-01],
        [ 2.70874477e-02,  0.00000000e+00, -1.08180970e-02, ...,
         -5.57657429e-01, -7.48613905e-01, -8.81282836e-01],
        [ 3.78999902e-02,  1.08180970e-02,  0.00000000e+00, ...,
         -5.48645006e-01, -7.41397632e-01, -8.76118750e-01],
        ...,
        [ 5.79937317e-01,  5.57657429e-01,  5.48645006e-01, ...,
          0.00000000e+00, -2.51672506e-01, -4.67984614e-01],
        [ 7.66298360e-01,  7.48613905e-01,  7.41397632e-01, ...,
          2.51672506e-01,  0.00000000e+00, -2.30509130e-01],
        [ 8.93760701e-01,  8.81282836e-01,  8.76118750e-01, ...,
          4.67984614e-01,  2.30509130e-01,  0.00000000e+00]],

       [[ 0.00000000e+00,  5.31868299e-02,  1.10148818e-01, ...,
         -9.92727767e-01, -9.93233810e-01, -9.67924771e-01],
        [-5.31868299e-02,  0.00000000e+00,  5.71297175e-02, ...,
         -9.84919957e-01, -9.98004649e-01, -9.79917420e-01],
        [-1.10148818e-01, -5.71297175e-02,  0.00000000e+00, ...,
         -9.73427302e-01, -9.99981870e-01, -9.89708862e-01],
        ...,
        [ 9.92727767e-01,  9.84919957e-01,  9.73427302e-01, ...,
          0.00000000e+00,  2.34853735e-01,  3.65932853e-01],
        [ 9.93233810e-01,  9.98004649e-01,  9.99981870e-01, ...,
         -2.34853735e-01,  0.00000000e+00,  1.37133400e-01],
        [ 9.67924771e-01,  9.79917420e-01,  9.89708862e-01, ...,
         -3.65932853e-01, -1.37133400e-01,  0.00000000e+00]]]), 'num': array([8.43452578e-01, 6.41366272e-02, 1.81658733e-04, 1.29157299e-07,
       2.94159199e-05, 3.42842889e-05, 2.84559598e-05, 5.33361231e-01,
       2.12562591e-06, 2.62069104e-05, 2.56875034e-05, 2.72931510e-05,
       4.29672550e-07, 3.03568612e-05, 2.10181457e-05])}
{'img': array([[[ 0.00000000e+00,  9.66914394e-02, -1.01229150e-01, ...,
         -2.35888353e-01, -5.49407561e-02,  4.77619766e-01],
        [-9.66914394e-02,  0.00000000e+00, -1.96949580e-01, ...,
         -3.28745899e-01, -1.51228724e-01,  3.90431959e-01],
        [ 1.01229150e-01,  1.96949580e-01,  0.00000000e+00, ...,
         -1.36304147e-01,  4.64177219e-02,  5.64102853e-01],
        ...,
        [ 2.35888353e-01,  3.28745899e-01,  1.36304147e-01, ...,
          0.00000000e+00,  1.82141734e-01,  6.71385054e-01],
        [ 5.49407561e-02,  1.51228724e-01, -4.64177219e-02, ...,
         -1.82141734e-01,  0.00000000e+00,  5.25167493e-01],
        [-4.77619766e-01, -3.90431959e-01, -5.64102853e-01, ...,
         -6.71385054e-01, -5.25167493e-01,  0.00000000e+00]],

       [[ 0.00000000e+00, -1.25454708e-01, -1.17857523e-01, ...,
          7.42793520e-01,  5.68927405e-01,  3.57281822e-01],
        [ 1.25454708e-01,  0.00000000e+00,  7.65398146e-03, ...,
          8.20919474e-01,  6.67604922e-01,  2.37284788e-01],
        [ 1.17857523e-01, -7.65398146e-03,  0.00000000e+00, ...,
          8.16524667e-01,  6.61886857e-01,  2.44713222e-01],
        ...,
        [-7.42793520e-01, -8.20919474e-01, -8.16524667e-01, ...,
          0.00000000e+00, -2.29955692e-01,  9.32974169e-01],
        [-5.68927405e-01, -6.67604922e-01, -6.61886857e-01, ...,
          2.29955692e-01,  0.00000000e+00,  8.25200470e-01],
        [-3.57281822e-01, -2.37284788e-01, -2.44713222e-01, ...,
         -9.32974169e-01, -8.25200470e-01,  0.00000000e+00]],

       [[ 0.00000000e+00, -2.87458262e-01, -5.46502150e-01, ...,
         -9.16802860e-01, -9.98735787e-01, -9.33738312e-01],
        [ 2.87458262e-01,  0.00000000e+00, -2.82701889e-01, ...,
         -9.92901125e-01, -9.71032136e-01, -7.91430657e-01],
        [ 5.46502150e-01,  2.82701889e-01,  0.00000000e+00, ...,
         -9.86023838e-01, -8.63870305e-01, -5.86342413e-01],
        ...,
        [ 9.16802860e-01,  9.92901125e-01,  9.86023838e-01, ...,
          0.00000000e+00,  3.52749807e-01,  7.01054576e-01],
        [ 9.98735787e-01,  9.71032136e-01,  8.63870305e-01, ...,
         -3.52749807e-01,  0.00000000e+00,  4.04440585e-01],
        [ 9.33738312e-01,  7.91430657e-01,  5.86342413e-01, ...,
         -7.01054576e-01, -4.04440585e-01,  0.00000000e+00]],

       ...,

       [[ 0.00000000e+00,  6.89907887e-02,  1.53520434e-01, ...,
          6.85707075e-02,  4.80790005e-01,  6.75060753e-01],
        [-6.89907887e-02,  0.00000000e+00,  8.49817050e-02, ...,
         -4.21078375e-04,  4.19150834e-01,  6.22553491e-01],
        [-1.53520434e-01, -8.49817050e-02,  0.00000000e+00, ...,
         -8.54012526e-02,  3.40478259e-01,  5.53796663e-01],
        ...,
        [-6.85707075e-02,  4.21078375e-04,  8.54012526e-02, ...,
          0.00000000e+00,  4.19533101e-01,  6.22882963e-01],
        [-4.80790005e-01, -4.19150834e-01, -3.40478259e-01, ...,
         -4.19533101e-01,  0.00000000e+00,  2.37208751e-01],
        [-6.75060753e-01, -6.22553491e-01, -5.53796663e-01, ...,
         -6.22882963e-01, -2.37208751e-01,  0.00000000e+00]],

       [[ 0.00000000e+00, -1.08180970e-02, -5.49557215e-02, ...,
         -7.48613905e-01, -8.81282836e-01, -8.20652596e-01],
        [ 1.08180970e-02,  0.00000000e+00, -4.41507570e-02, ...,
         -7.41397632e-01, -8.76118750e-01, -8.14422816e-01],
        [ 5.49557215e-02,  4.41507570e-02,  0.00000000e+00, ...,
         -7.11046609e-01, -8.53979554e-01, -7.88009212e-01],
        ...,
        [ 7.48613905e-01,  7.41397632e-01,  7.11046609e-01, ...,
          0.00000000e+00, -2.30509130e-01, -1.16319234e-01],
        [ 8.81282836e-01,  8.76118750e-01,  8.53979554e-01, ...,
          2.30509130e-01,  0.00000000e+00,  1.15757630e-01],
        [ 8.20652596e-01,  8.14422816e-01,  7.88009212e-01, ...,
          1.16319234e-01, -1.15757630e-01,  0.00000000e+00]],

       [[ 0.00000000e+00,  5.71297175e-02,  1.02135435e-01, ...,
         -9.98004649e-01, -9.79917420e-01, -9.92595983e-01],
        [-5.71297175e-02,  0.00000000e+00,  4.51376664e-02, ...,
         -9.99981870e-01, -9.89708862e-01, -9.97913975e-01],
        [-1.02135435e-01, -4.51376664e-02,  0.00000000e+00, ...,
         -9.99234467e-01, -9.95159132e-01, -9.99810862e-01],
        ...,
        [ 9.98004649e-01,  9.99981870e-01,  9.99234467e-01, ...,
          0.00000000e+00,  1.37133400e-01,  5.85474656e-02],
        [ 9.79917420e-01,  9.89708862e-01,  9.95159132e-01, ...,
         -1.37133400e-01,  0.00000000e+00, -7.89038217e-02],
        [ 9.92595983e-01,  9.97913975e-01,  9.99810862e-01, ...,
         -5.85474656e-02,  7.89038217e-02,  0.00000000e+00]]]), 'num': array([5.53190973e-01, 5.40017758e-01, 2.36502960e-06, 1.21605403e-07,
       2.49492706e-05, 2.49492706e-05, 2.09179702e-05, 6.34318978e-01,
       5.73340510e-06, 1.89963836e-05, 1.70871149e-05, 1.79452593e-05,
       3.53210569e-07, 2.17182820e-05, 1.24559479e-05])}
{'img': array([[[ 0.        , -0.10648092,  0.01679386, ..., -0.08068006,
          0.17722245,  0.97426403],
        [ 0.10648092,  0.        ,  0.12316428, ...,  0.02591243,
          0.2810103 ,  0.94472325],
        [-0.01679386, -0.12316428,  0.        , ..., -0.09740779,
          0.16066943,  0.97791214],
        ...,
        [ 0.08068006, -0.02591243,  0.09740779, ...,  0.        ,
          0.25604767,  0.9529019 ],
        [-0.17722245, -0.2810103 , -0.16066943, ..., -0.25604767,
          0.        ,  0.99878992],
        [-0.97426403, -0.94472325, -0.97791214, ..., -0.9529019 ,
         -0.99878992,  0.        ]],

       [[ 0.        ,  0.00564015, -0.02709968, ...,  0.50320088,
          0.99652159,  0.17601938],
        [-0.00564015,  0.        , -0.03273733, ...,  0.49831883,
          0.99603572,  0.18156867],
        [ 0.02709968,  0.03273733,  0.        , ...,  0.52643479,
          0.99841395,  0.14927816],
        ...,
        [-0.50320088, -0.49831883, -0.52643479, ...,  0.        ,
          0.81922929,  0.64745482],
        [-0.99652159, -0.99603572, -0.99841395, ..., -0.81922929,
          0.        ,  0.99563118],
        [-0.17601938, -0.18156867, -0.14927816, ..., -0.64745482,
         -0.99563118,  0.        ]],

       [[ 0.        , -0.28270189, -0.38797171, ..., -0.97103214,
         -0.79143066,  0.        ],
        [ 0.28270189,  0.        , -0.11158728, ..., -0.8638703 ,
         -0.58634241,  0.28270189],
        [ 0.38797171,  0.11158728,  0.        , ..., -0.80226701,
         -0.49228773,  0.38797171],
        ...,
        [ 0.97103214,  0.8638703 ,  0.80226701, ...,  0.        ,
          0.40444058,  0.97103214],
        [ 0.79143066,  0.58634241,  0.49228773, ..., -0.40444058,
          0.        ,  0.79143066],
        [ 0.        , -0.28270189, -0.38797171, ..., -0.97103214,
         -0.79143066,  0.        ]],

       ...,

       [[ 0.        ,  0.08066896,  0.23655819, ...,  0.39471878,
          0.58309241,  0.99759887],
        [-0.08066896,  0.        ,  0.15740787, ...,  0.31931356,
          0.51565615,  0.99993451],
        [-0.23655819, -0.15740787,  0.        , ...,  0.16616547,
          0.37436144,  0.98566759],
        ...,
        [-0.39471878, -0.31931356, -0.16616547, ...,  0.        ,
          0.21507463,  0.94393275],
        [-0.58309241, -0.51565615, -0.37436144, ..., -0.21507463,
          0.        ,  0.85083821],
        [-0.99759887, -0.99993451, -0.98566759, ..., -0.94393275,
         -0.85083821,  0.        ]],

       [[ 0.        , -0.01898031, -0.05018321, ..., -0.60631834,
         -0.53710171,  0.97814823],
        [ 0.01898031,  0.        , -0.03121778, ..., -0.59111556,
         -0.52099473,  0.9819182 ],
        [ 0.05018321,  0.03121778,  0.        , ..., -0.5656476 ,
         -0.49409456,  0.98734932],
        ...,
        [ 0.60631834,  0.59111556,  0.5656476 , ...,  0.        ,
          0.08432502,  0.90390389],
        [ 0.53710171,  0.52099473,  0.49409456, ..., -0.08432502,
          0.        ,  0.93675327],
        [-0.97814823, -0.9819182 , -0.98734932, ..., -0.90390389,
         -0.93675327,  0.        ]],

       [[ 0.        ,  0.03726984,  0.11962261, ..., -0.80281453,
         -0.81647407, -0.9150669 ],
        [-0.03726984,  0.        ,  0.08253727, ..., -0.82447812,
         -0.83742575, -0.89940014],
        [-0.11962261, -0.08253727,  0.        , ..., -0.86837231,
         -0.87967928, -0.86025216],
        ...,
        [ 0.80281453,  0.82447812,  0.86837231, ...,  0.        ,
         -0.02327465, -0.86936605],
        [ 0.81647407,  0.83742575,  0.87967928, ...,  0.02327465,
          0.        , -0.85762894],
        [ 0.9150669 ,  0.89940014,  0.86025216, ...,  0.86936605,
          0.85762894,  0.        ]]]), 'num': array([6.63197349e-01, 9.57727648e-02, 9.78318248e-05, 1.44409831e-07,
       3.00925214e-05, 3.60591420e-05, 2.89510809e-05, 7.42291613e-01,
       1.19332413e-06, 2.43853191e-05, 2.02099817e-05, 2.09354882e-05,
       4.23508169e-07, 2.71770022e-05, 1.32429613e-05])}
{'img': array([[[ 0.        ,  0.11495484,  0.13039497, ...,  0.26149945,
          0.9801197 ,  0.92259591],
        [-0.11495484,  0.        ,  0.01555717, ...,  0.14881107,
          0.95081435,  0.96082564],
        [-0.13039497, -0.01555717,  0.        , ...,  0.1334091 ,
          0.94588027,  0.96502108],
        ...,
        [-0.26149945, -0.14881107, -0.1334091 , ...,  0.        ,
          0.89413174,  0.99137098],
        [-0.9801197 , -0.95081435, -0.94588027, ..., -0.89413174,
          0.        ,  0.56114819],
        [-0.92259591, -0.96082564, -0.96502108, ..., -0.99137098,
         -0.56114819,  0.        ]],

       [[ 0.        , -0.0325684 , -0.0487966 , ...,  0.99506801,
          0.37485859,  0.18064559],
        [ 0.0325684 ,  0.        , -0.01624111, ...,  0.99777076,
          0.34446615,  0.14851716],
        [ 0.0487966 ,  0.01624111,  0.        , ...,  0.998723  ,
          0.32917359,  0.13243659],
        ...,
        [-0.99506801, -0.99777076, -0.998723  , ...,  0.        ,
          0.95969375,  0.99661655],
        [-0.37485859, -0.34446615, -0.32917359, ..., -0.95969375,
          0.        ,  0.20121824],
        [-0.18064559, -0.14851716, -0.13243659, ..., -0.99661655,
         -0.20121824,  0.        ]],

       [[ 0.        , -0.07285033, -0.11753972, ..., -0.43508552,
          0.16378993,  0.98386141],
        [ 0.07285033,  0.        , -0.04488206, ..., -0.3683358 ,
          0.23522123,  0.99428245],
        [ 0.11753972,  0.04488206,  0.        , ..., -0.32623811,
          0.27860694,  0.9980731 ],
        ...,
        [ 0.43508552,  0.3683358 ,  0.32623811, ...,  0.        ,
          0.57668447,  0.96370892],
        [-0.16378993, -0.23522123, -0.27860694, ..., -0.57668447,
          0.        ,  0.94126731],
        [-0.98386141, -0.99428245, -0.9980731 , ..., -0.96370892,
         -0.94126731,  0.        ]],

       ...,

       [[ 0.        ,  0.1508565 ,  0.27856353, ...,  0.4905145 ,
          0.9324428 ,  0.99960715],
        [-0.1508565 ,  0.        ,  0.13049029, ...,  0.35343955,
          0.86726451,  0.99239545],
        [-0.27856353, -0.13049029,  0.        , ...,  0.2283494 ,
          0.79488476,  0.96784795],
        ...,
        [-0.4905145 , -0.35343955, -0.2283494 , ...,  0.        ,
          0.63532993,  0.8848386 ],
        [-0.9324428 , -0.86726451, -0.79488476, ..., -0.63532993,
          0.        ,  0.38730974],
        [-0.99960715, -0.99239545, -0.96784795, ..., -0.8848386 ,
         -0.38730974,  0.        ]],

       [[ 0.        , -0.01970613, -0.07898825, ..., -0.36372847,
          0.48356739,  0.96355348],
        [ 0.01970613,  0.        , -0.05932836, ..., -0.34530148,
          0.5007224 ,  0.95809467],
        [ 0.07898825,  0.05932836,  0.        , ..., -0.28901406,
          0.55119549,  0.93941229],
        ...,
        [ 0.36372847,  0.34530148,  0.28901406, ...,  0.        ,
          0.76881957,  0.80025179],
