state_0,state_1,state_2,state_3,state_4,state_5,state_6,state_7,state_8,state_9,state_10,state_11,state_12,state_13,state_14,state_15,state_16,state_17,state_18,state_19,state_20,state_21,state_22,state_23,state_24,state_25,state_26,state_27,state_28,state_29,state_30,state_31,state_32,state_33,state_34,state_35,state_36,state_37,state_38,state_39,state_40,state_41,state_42,state_43,state_44,state_45,state_46,state_47,state_48,state_49,state_50,state_51,state_52,state_53,state_54,state_55,state_56,state_57,state_58,state_59,state_60,state_61,state_62,state_63,state_64,state_65,state_66,state_67,state_68,state_69,state_70,state_71,state_72,state_73,state_74,state_75,state_76,state_77,state_78,state_79,state_80,state_81,state_82,state_83,state_84,state_85,state_86,state_87,state_88,state_89,state_90,state_91,state_92,state_93,state_94,state_95,state_96,state_97,state_98,state_99,state_100,state_101,state_102,state_103,state_104,state_105,state_106,state_107,state_108,state_109,state_110,state_111,state_112,state_113,state_114,state_115,state_116,state_117,state_118,state_119,state_120,state_121,state_122,state_123,state_124,state_125,state_126,state_127,state_128,state_129,state_130,state_131,state_132,state_133,state_134,state_135,state_136,state_137,state_138,state_139,state_140,state_141,state_142,state_143,state_144,state_145,state_146,state_147,state_148,state_149,state_150,state_151,state_152,state_153,state_154,state_155,state_156,state_157,state_158,state_159,state_160,state_161,state_162,state_163,state_164,state_165,state_166,state_167,state_168,state_169,state_170,state_171,state_172,state_173,state_174,state_175,state_176,state_177,state_178,state_179,state_180,state_181,state_182,state_183,state_184,state_185,state_186,state_187,state_188,state_189,state_190,state_191,state_192,state_193,state_194,state_195,state_196,state_197,state_198,state_199,state_200,state_201,state_202,state_203,state_204,state_205,state_206,state_207,state_208,state_209,state_210,state_211,state_212,state_213,state_214,state_215,state_216,state_217,state_218,state_219,state_220,state_221,state_222,state_223,state_224,state_225,state_226,state_227,state_228,state_229,state_230,state_231,state_232,state_233,state_234,state_235,state_236,state_237,state_238,state_239,state_240,state_241,state_242,state_243,state_244,state_245,state_246,state_247,state_248,state_249,state_250,state_251,state_252,state_253,state_254,state_255,state_256,state_257,state_258,state_259,state_260,state_261,state_262,state_263,state_264,state_265,state_266,state_267,state_268,state_269,state_270,state_271,state_272,state_273,state_274,state_275,state_276,state_277,state_278,state_279,state_280,state_281,state_282,state_283,state_284,state_285,state_286,state_287
{'img': array([[[ 0.00000000e+00,  4.88208058e-01,  8.02492534e-02, ...,
         -9.41100511e-01, -9.74153531e-01, -9.96079557e-01],
        [-4.88208058e-01,  0.00000000e+00, -4.16597790e-01, ...,
         -6.56247786e-01, -7.39890544e-01, -9.12493632e-01],
        [-8.02492534e-02,  4.16597790e-01,  0.00000000e+00, ...,
         -9.10930866e-01, -9.52884462e-01, -9.99966034e-01],
        ...,
        [ 9.41100511e-01,  6.56247786e-01,  9.10930866e-01, ...,
          0.00000000e+00,  1.16805263e-01,  4.20052919e-01],
        [ 9.74153531e-01,  7.39890544e-01,  9.52884462e-01, ...,
         -1.16805263e-01,  0.00000000e+00,  3.11176857e-01],
        [ 9.96079557e-01,  9.12493632e-01,  9.99966034e-01, ...,
         -4.20052919e-01, -3.11176857e-01,  0.00000000e+00]],

       [[ 0.00000000e+00, -4.30063200e-01, -4.73387116e-01, ...,
         -7.04545836e-01, -1.86693473e-01,  4.74924864e-01],
        [ 4.30063200e-01,  0.00000000e+00, -4.85502108e-02, ...,
         -3.30865125e-01,  2.53955280e-01,  8.07228536e-01],
        [ 4.73387116e-01,  4.85502108e-02,  0.00000000e+00, ...,
         -2.84659182e-01,  3.00614341e-01,  8.34932835e-01],
        ...,
        [ 7.04545836e-01,  3.30865125e-01,  2.84659182e-01, ...,
          0.00000000e+00,  5.59670055e-01,  9.57053358e-01],
        [ 1.86693473e-01, -2.53955280e-01, -3.00614341e-01, ...,
         -5.59670055e-01,  0.00000000e+00,  6.30870011e-01],
        [-4.74924864e-01, -8.07228536e-01, -8.34932835e-01, ...,
         -9.57053358e-01, -6.30870011e-01,  0.00000000e+00]],

       [[ 0.00000000e+00,  2.44214891e-01,  3.52272607e-01, ...,
         -6.72642778e-01, -7.32299308e-01, -8.40269182e-01],
        [-2.44214891e-01,  0.00000000e+00,  1.13046103e-01, ...,
         -4.71564872e-01, -5.43819952e-01, -6.82420938e-01],
        [-3.52272607e-01, -1.13046103e-01,  0.00000000e+00, ...,
         -3.68854420e-01, -4.45465420e-01, -5.95414332e-01],
        ...,
        [ 6.72642778e-01,  4.71564872e-01,  3.68854420e-01, ...,
          0.00000000e+00,  8.38193498e-02,  2.57085411e-01],
        [ 7.32299308e-01,  5.43819952e-01,  4.45465420e-01, ...,
         -8.38193498e-02,  0.00000000e+00,  1.75178647e-01],
        [ 8.40269182e-01,  6.82420938e-01,  5.95414332e-01, ...,
         -2.57085411e-01, -1.75178647e-01,  0.00000000e+00]],

       ...,

       [[ 0.00000000e+00,  1.48205744e-01, -2.25014134e-01, ...,
         -3.09245101e-01,  1.01971636e-01,  7.95059274e-01],
        [-1.48205744e-01,  0.00000000e+00, -3.66934283e-01, ...,
         -4.46771018e-01, -4.65876757e-02,  6.96387588e-01],
        [ 2.25014134e-01,  3.66934283e-01,  0.00000000e+00, ...,
         -8.73301905e-02,  3.23197828e-01,  9.11148590e-01],
        ...,
        [ 3.09245101e-01,  4.46771018e-01,  8.73301905e-02, ...,
          0.00000000e+00,  4.04606329e-01,  9.43654321e-01],
        [-1.01971636e-01,  4.65876757e-02, -3.23197828e-01, ...,
         -4.04606329e-01,  0.00000000e+00,  7.29065840e-01],
        [-7.95059274e-01, -6.96387588e-01, -9.11148590e-01, ...,
         -9.43654321e-01, -7.29065840e-01,  0.00000000e+00]],

       [[ 0.00000000e+00, -2.37241908e-01, -2.75340178e-01, ...,
         -5.95272144e-02, -6.62666448e-02, -2.36756497e-01],
        [ 2.37241908e-01,  0.00000000e+00, -3.94076193e-02, ...,
         -2.94648951e-01, -3.01095210e-01, -4.60494130e-01],
        [ 2.75340178e-01,  3.94076193e-02,  0.00000000e+00, ...,
         -3.32078213e-01, -3.38440197e-01, -4.95117102e-01],
        ...,
        [ 5.95272144e-02,  2.94648951e-01,  3.32078213e-01, ...,
          0.00000000e+00,  6.75276234e-03,  1.78501856e-01],
        [ 6.62666448e-02,  3.01095210e-01,  3.38440197e-01, ...,
         -6.75276234e-03,  0.00000000e+00,  1.71853476e-01],
        [ 2.36756497e-01,  4.60494130e-01,  4.95117102e-01, ...,
         -1.78501856e-01, -1.71853476e-01,  0.00000000e+00]],

       [[ 0.00000000e+00,  2.13163604e-01,  3.39251461e-01, ...,
         -9.99713967e-01, -9.99699098e-01, -9.99999473e-01],
        [-2.13163604e-01,  0.00000000e+00,  1.30932190e-01, ...,
         -9.81835125e-01, -9.81951403e-01, -9.77234789e-01],
        [-3.39251461e-01, -1.30932190e-01,  0.00000000e+00, ...,
         -9.48540263e-01, -9.48734453e-01, -9.41043428e-01],
        ...,
        [ 9.99713967e-01,  9.81835125e-01,  9.48540263e-01, ...,
          0.00000000e+00,  6.13816278e-04, -2.28901166e-02],
        [ 9.99699098e-01,  9.81951403e-01,  9.48734453e-01, ...,
         -6.13816278e-04,  0.00000000e+00, -2.35037678e-02],
        [ 9.99999473e-01,  9.77234789e-01,  9.41043428e-01, ...,
          2.28901166e-02,  2.35037678e-02,  0.00000000e+00]]]), 'num': array([7.07106148e-01, 7.07106148e-01, 0.00000000e+00, 0.00000000e+00,
       2.04223420e-04, 2.06549427e-04, 1.98641003e-04, 1.21639935e-03,
       3.25640989e-06, 1.91383861e-04, 1.88104191e-04, 2.10984348e-04,
       6.46743428e-07, 2.01671095e-04, 1.74537288e-04])}
{'img': array([[[ 0.        , -0.41659779, -0.62350648, ..., -0.73989054,
         -0.91249363, -0.93843548],
        [ 0.41659779,  0.        , -0.24112035, ..., -0.95288446,
         -0.99996603, -0.99703877],
        [ 0.62350648,  0.24112035,  0.        , ..., -0.99790969,
         -0.96847494, -0.94907907],
        ...,
        [ 0.73989054,  0.95288446,  0.99790969, ...,  0.        ,
          0.31117686,  0.37571259],
        [ 0.91249363,  0.99996603,  0.96847494, ..., -0.31117686,
          0.        ,  0.06868035],
        [ 0.93843548,  0.99703877,  0.94907907, ..., -0.37571259,
         -0.06868035,  0.        ]],

       [[ 0.        , -0.04855021, -0.07862094, ...,  0.25395528,
          0.80722854,  0.46976412],
        [ 0.04855021,  0.        , -0.0301283 , ...,  0.30061434,
          0.83493284,  0.51206988],
        [ 0.07862094,  0.0301283 ,  0.        , ...,  0.32921261,
          0.85113497,  0.53771594],
        ...,
        [-0.25395528, -0.30061434, -0.32921261, ...,  0.        ,
          0.63087001,  0.23017367],
        [-0.80722854, -0.83493284, -0.85113497, ..., -0.63087001,
          0.        , -0.43534177],
        [-0.46976412, -0.51206988, -0.53771594, ..., -0.23017367,
          0.43534177,  0.        ]],

       [[ 0.        ,  0.1130461 , -0.05985042, ..., -0.54381995,
         -0.68242094, -0.78610978],
        [-0.1130461 ,  0.        , -0.17231021, ..., -0.44546542,
         -0.59541433, -0.7111983 ],
        [ 0.05985042,  0.17231021,  0.        , ..., -0.59307166,
         -0.72494583, -0.82169332],
        ...,
        [ 0.54381995,  0.44546542,  0.59307166, ...,  0.        ,
          0.17517865,  0.32357684],
        [ 0.68242094,  0.59541433,  0.72494583, ..., -0.17517865,
          0.        ,  0.1528189 ],
        [ 0.78610978,  0.7111983 ,  0.82169332, ..., -0.32357684,
         -0.1528189 ,  0.        ]],

       ...,

       [[ 0.        , -0.36693428, -0.39838289, ..., -0.04658768,
          0.69638759,  0.91953742],
        [ 0.36693428,  0.        , -0.03403526, ...,  0.32319783,
          0.91114859,  0.99960288],
        [ 0.39838289,  0.03403526,  0.        , ...,  0.35521922,
          0.92464588,  0.99998284],
        ...,
        [ 0.04658768, -0.32319783, -0.35521922, ...,  0.        ,
          0.72906584,  0.93684806],
        [-0.69638759, -0.91114859, -0.92464588, ..., -0.72906584,
          0.        ,  0.38623861],
        [-0.91953742, -0.99960288, -0.99998284, ..., -0.93684806,
         -0.38623861,  0.        ]],

       [[ 0.        , -0.0719158 , -0.0719158 , ..., -0.17235969,
         -0.34002308, -0.47792564],
        [ 0.0719158 ,  0.        ,  0.        , ..., -0.24275291,
         -0.40677351, -0.53985901],
        [ 0.0719158 ,  0.        ,  0.        , ..., -0.24275291,
         -0.40677351, -0.53985901],
        ...,
        [ 0.17235969,  0.24275291,  0.24275291, ...,  0.        ,
          0.17284432,  0.31937224],
        [ 0.34002308,  0.40677351,  0.40677351, ..., -0.17284432,
          0.        ,  0.15077306],
        [ 0.47792564,  0.53985901,  0.53985901, ..., -0.31937224,
         -0.15077306,  0.        ]],

       [[ 0.        ,  0.13093219,  0.13093219, ..., -0.9819514 ,
         -0.97723479, -0.9682876 ],
        [-0.13093219,  0.        ,  0.        , ..., -0.94873445,
         -0.94104343, -0.92724007],
        [-0.13093219,  0.        ,  0.        , ..., -0.94873445,
         -0.94104343, -0.92724007],
        ...,
        [ 0.9819514 ,  0.94873445,  0.94873445, ...,  0.        ,
         -0.02350377, -0.06219343],
        [ 0.97723479,  0.94104343,  0.94104343, ...,  0.02350377,
          0.        , -0.03871798],
        [ 0.9682876 ,  0.92724007,  0.92724007, ...,  0.06219343,
          0.03871798,  0.        ]]]), 'num': array([ 9.99998915e-01,  2.72883510e-04,  4.66072754e-05, -1.91081395e-10,
        2.88854683e-04,  2.94241251e-04,  2.85488078e-04,  1.20263200e-03,
       -6.73320940e-06,  2.82390802e-04,  2.72627648e-04,  3.03600412e-04,
        8.28702695e-07,  2.93200441e-04,  2.52054856e-04])}
{'img': array([[[ 0.        , -0.49888765, -0.62459057, ..., -0.92459466,
         -0.94932844, -0.91229943],
        [ 0.49888765,  0.        , -0.15170433, ..., -0.99136781,
         -0.97954458, -0.99496588],
        [ 0.62459057,  0.15170433,  0.        , ..., -0.96000366,
         -0.9376802 , -0.96824712],
        ...,
        [ 0.92459466,  0.99136781,  0.96000366, ...,  0.        ,
          0.07106204, -0.03110089],
        [ 0.94932844,  0.97954458,  0.9376802 , ..., -0.07106204,
          0.        , -0.10204992],
        [ 0.91229943,  0.99496588,  0.96824712, ...,  0.03110089,
          0.10204992,  0.        ]],

       [[ 0.        , -0.0301283 , -0.17041498, ...,  0.83493284,
          0.51206988,  0.26445843],
        [ 0.0301283 ,  0.        , -0.14065002, ...,  0.85113497,
          0.53771594,  0.29339403],
        [ 0.17041498,  0.14065002,  0.        , ...,  0.91650796,
          0.65095641,  0.42493775],
        ...,
        [-0.83493284, -0.85113497, -0.91650796, ...,  0.        ,
         -0.43534177, -0.6596616 ],
        [-0.51206988, -0.53771594, -0.65095641, ...,  0.43534177,
          0.        , -0.26668377],
        [-0.26445843, -0.29339403, -0.42493775, ...,  0.6596616 ,
          0.26668377,  0.        ]],

       [[ 0.        , -0.17231021,  0.        , ..., -0.59541433,
         -0.7111983 , -0.78655411],
        [ 0.17231021,  0.        ,  0.17231021, ..., -0.72494583,
         -0.82169332, -0.88119465],
        [ 0.        , -0.17231021,  0.        , ..., -0.59541433,
         -0.7111983 , -0.78655411],
        ...,
        [ 0.59541433,  0.72494583,  0.59541433, ...,  0.        ,
          0.1528189 ,  0.26425129],
        [ 0.7111983 ,  0.82169332,  0.7111983 , ..., -0.1528189 ,
          0.        ,  0.11376067],
        [ 0.78655411,  0.88119465,  0.78655411, ..., -0.26425129,
         -0.11376067,  0.        ]],

       ...,

       [[ 0.        , -0.03403526,  0.01521403, ...,  0.91114859,
          0.99960288,  0.8932332 ],
        [ 0.03403526,  0.        ,  0.04923654, ...,  0.92464588,
          0.99998284,  0.90801772],
        [-0.01521403, -0.04923654,  0.        , ...,  0.90477377,
          0.99905846,  0.88628968],
        ...,
        [-0.91114859, -0.92464588, -0.90477377, ...,  0.        ,
          0.38623861, -0.04156491],
        [-0.99960288, -0.99998284, -0.99905846, ..., -0.38623861,
          0.        , -0.42424425],
        [-0.8932332 , -0.90801772, -0.88628968, ...,  0.04156491,
          0.42424425,  0.        ]],

       [[ 0.        ,  0.        ,  0.02660443, ..., -0.40677351,
         -0.53985901, -0.57368355],
        [ 0.        ,  0.        ,  0.02660443, ..., -0.40677351,
         -0.53985901, -0.57368355],
        [-0.02660443, -0.02660443,  0.        , ..., -0.3823256 ,
         -0.51727349, -0.55168941],
        ...,
        [ 0.40677351,  0.40677351,  0.3823256 , ...,  0.        ,
          0.15077306,  0.19089775],
        [ 0.53985901,  0.53985901,  0.51727349, ..., -0.15077306,
          0.        ,  0.04071515],
        [ 0.57368355,  0.57368355,  0.55168941, ..., -0.19089775,
         -0.04071515,  0.        ]],

       [[ 0.        ,  0.        , -0.05321296, ..., -0.94104343,
         -0.92724007, -0.92303034],
        [ 0.        ,  0.        , -0.05321296, ..., -0.94104343,
         -0.92724007, -0.92303034],
        [ 0.05321296,  0.05321296,  0.        , ..., -0.95771133,
         -0.94585286, -0.94219505],
        ...,
        [ 0.94104343,  0.94104343,  0.95771133, ...,  0.        ,
         -0.03871798, -0.04979694],
        [ 0.92724007,  0.92724007,  0.94585286, ...,  0.03871798,
          0.        , -0.01108965],
        [ 0.92303034,  0.92303034,  0.94219505, ...,  0.04979694,
          0.01108965,  0.        ]]]), 'num': array([ 8.12301329e-01,  5.83237375e-01,  1.05559426e-05, -2.62724501e-08,
        2.36881028e-04,  2.37972645e-04,  2.30877131e-04,  5.35176464e-04,
        2.72904410e-06,  2.33278689e-04,  2.21516509e-04,  2.44804352e-04,
        7.31743692e-07,  2.39444564e-04,  2.03588455e-04])}
{'img': array([[[ 0.        , -0.41861615, -0.63133503, ..., -0.96416423,
         -0.93008399, -0.94865037],
        [ 0.41861615,  0.        , -0.24871419, ..., -0.98667996,
         -0.99844547, -0.99394881],
        [ 0.63133503,  0.24871419,  0.        , ..., -0.91521625,
         -0.95320862, -0.93539606],
        ...,
        [ 0.96416423,  0.98667996,  0.91521625, ...,  0.        ,
         -0.1074258 , -0.05330797],
        [ 0.93008399,  0.99844547,  0.95320862, ...,  0.1074258 ,
          0.        ,  0.05427357],
        [ 0.94865037,  0.99394881,  0.93539606, ...,  0.05330797,
         -0.05427357,  0.        ]],

       [[ 0.        , -0.14065002,  0.305824  , ...,  0.53771594,
          0.29339403, -0.02501969],
        [ 0.14065002,  0.        ,  0.43669512, ...,  0.65095641,
          0.42493775,  0.11583501],
        [-0.305824  , -0.43669512,  0.        , ...,  0.25410474,
         -0.01302822, -0.32954921],
        ...,
        [-0.53771594, -0.65095641, -0.25410474, ...,  0.        ,
         -0.26668377, -0.55864237],
        [-0.29339403, -0.42493775,  0.01302822, ...,  0.26668377,
          0.        , -0.3172208 ],
        [ 0.02501969, -0.11583501,  0.32954921, ...,  0.55864237,
          0.3172208 ,  0.        ]],

       [[ 0.        ,  0.17231021, -0.19745964, ..., -0.82169332,
         -0.88119465, -0.9257255 ],
        [-0.17231021,  0.        , -0.36342379, ..., -0.7111983 ,
         -0.78655411, -0.84671213],
        [ 0.19745964,  0.36342379,  0.        , ..., -0.91805317,
         -0.95719458, -0.98217738],
        ...,
        [ 0.82169332,  0.7111983 ,  0.91805317, ...,  0.        ,
          0.11376067,  0.21683743],
        [ 0.88119465,  0.78655411,  0.95719458, ..., -0.11376067,
          0.        ,  0.10437571],
        [ 0.9257255 ,  0.84671213,  0.98217738, ..., -0.21683743,
         -0.10437571,  0.        ]],

       ...,

       [[ 0.        ,  0.04923654,  0.05438962, ...,  0.99998284,
          0.90801772,  0.98670684],
        [-0.04923654,  0.        ,  0.00515999, ...,  0.99905846,
          0.88628968,  0.97750866],
        [-0.05438962, -0.00515999,  0.        , ...,  0.9988213 ,
          0.88388813,  0.97640742],
        ...,
        [-0.99998284, -0.99905846, -0.9988213 , ...,  0.        ,
         -0.42424425, -0.16828828],
        [-0.90801772, -0.88628968, -0.88388813, ...,  0.42424425,
          0.        ,  0.26580053],
        [-0.98670684, -0.97750866, -0.97640742, ...,  0.16828828,
         -0.26580053,  0.        ]],

       [[ 0.        ,  0.02660443,  0.17755709, ..., -0.53985901,
         -0.57368355, -0.62257345],
        [-0.02660443,  0.        ,  0.15131254, ..., -0.51727349,
         -0.55168941, -0.60153348],
        [-0.17755709, -0.15131254,  0.        , ..., -0.38182127,
         -0.41913508, -0.47373175],
        ...,
        [ 0.53985901,  0.51727349,  0.38182127, ...,  0.        ,
          0.04071515,  0.10158179],
        [ 0.57368355,  0.55168941,  0.41913508, ..., -0.04071515,
          0.        ,  0.06099302],
        [ 0.62257345,  0.60153348,  0.47373175, ..., -0.10158179,
         -0.06099302,  0.        ]],

       [[ 0.        , -0.05321296, -0.14564296, ..., -0.92724007,
         -0.92303034, -0.91599017],
        [ 0.05321296,  0.        , -0.09279106, ..., -0.94585286,
         -0.94219505, -0.93604146],
        [ 0.14564296,  0.09279106,  0.        , ..., -0.97189165,
         -0.96922107, -0.96465523],
        ...,
        [ 0.92724007,  0.94585286,  0.97189165, ...,  0.        ,
         -0.01108965, -0.02900088],
        [ 0.92303034,  0.94219505,  0.96922107, ...,  0.01108965,
          0.        , -0.01791411],
        [ 0.91599017,  0.93604146,  0.96465523, ...,  0.02900088,
          0.01791411,  0.        ]]]), 'num': array([ 9.99999359e-01,  2.39933128e-04,  4.71584635e-05, -2.88705305e-08,
        2.91645107e-04,  2.98523529e-04,  2.87518053e-04,  7.40517191e-04,
       -6.87842233e-06,  2.96872708e-04,  2.79435907e-04,  3.06915204e-04,
        9.02330671e-07,  3.02491964e-04,  2.56379850e-04])}
{'img': array([[[ 0.        , -0.28001745, -0.16976215, ..., -0.99993824,
         -0.99904021, -0.99774117],
        [ 0.28001745,  0.        ,  0.11298221, ..., -0.96304768,
         -0.94680808, -0.97663679],
        [ 0.16976215, -0.11298221,  0.        , ..., -0.98731091,
         -0.97710322, -0.9946629 ],
        ...,
        [ 0.99993824,  0.96304768,  0.98731091, ...,  0.        ,
          0.05490287, -0.05608276],
        [ 0.99904021,  0.94680808,  0.97710322, ..., -0.05490287,
          0.        , -0.11081463],
        [ 0.99774117,  0.97663679,  0.9946629 , ...,  0.05608276,
          0.11081463,  0.        ]],

       [[ 0.        ,  0.43669512, -0.01708918, ...,  0.42493775,
          0.11583501,  0.15991165],
        [-0.43669512,  0.        , -0.45200494, ..., -0.01302822,
         -0.32954921, -0.28721739],
        [ 0.01708918,  0.45200494,  0.        , ...,  0.4403452 ,
          0.13279223,  0.17675756],
        ...,
        [-0.42493775,  0.01302822, -0.4403452 , ...,  0.        ,
         -0.3172208 , -0.27471373],
        [-0.11583501,  0.32954921, -0.13279223, ...,  0.3172208 ,
          0.        ,  0.04449083],
        [-0.15991165,  0.28721739, -0.17675756, ...,  0.27471373,
         -0.04449083,  0.        ]],

       [[ 0.        , -0.36342379, -0.53293871, ..., -0.78655411,
         -0.84671213, -0.87330186],
        [ 0.36342379,  0.        , -0.18898602, ..., -0.95719458,
         -0.98217738, -0.99064153],
        [ 0.53293871,  0.18898602,  0.        , ..., -0.99464682,
         -0.99999945, -0.99858454],
        ...,
        [ 0.78655411,  0.95719458,  0.99464682, ...,  0.        ,
          0.10437571,  0.15608954],
        [ 0.84671213,  0.98217738,  0.99999945, ..., -0.10437571,
          0.        ,  0.05214059],
        [ 0.87330186,  0.99064153,  0.99858454, ..., -0.15608954,
         -0.05214059,  0.        ]],

       ...,

       [[ 0.        ,  0.00515999,  0.06553337, ...,  0.88628968,
          0.97750866,  0.95760145],
        [-0.00515999,  0.        ,  0.06038359, ...,  0.88388813,
          0.97640742,  0.95610213],
        [-0.06553337, -0.06038359,  0.        , ...,  0.85403394,
          0.9615867 ,  0.93666305],
        ...,
        [-0.88628968, -0.88388813, -0.85403394, ...,  0.        ,
          0.26580053,  0.18815846],
        [-0.97750866, -0.97640742, -0.9615867 , ..., -0.26580053,
          0.        , -0.07966295],
        [-0.95760145, -0.95610213, -0.93666305, ..., -0.18815846,
          0.07966295,  0.        ]],

       [[ 0.        ,  0.15131254, -0.10589492, ..., -0.55168941,
         -0.60153348, -0.61637163],
        [-0.15131254,  0.        , -0.2551374 , ..., -0.41913508,
         -0.47373175, -0.49012283],
        [ 0.10589492,  0.2551374 ,  0.        , ..., -0.63690906,
         -0.68274515, -0.6962935 ],
        ...,
        [ 0.55168941,  0.41913508,  0.63690906, ...,  0.        ,
          0.06099302,  0.07965373],
        [ 0.60153348,  0.47373175,  0.68274515, ..., -0.06099302,
          0.        ,  0.0187062 ],
        [ 0.61637163,  0.49012283,  0.6962935 , ..., -0.07965373,
         -0.0187062 ,  0.        ]],

       [[ 0.        , -0.09279106, -0.19372944, ..., -0.94219505,
         -0.93604146, -0.93474369],
        [ 0.09279106,  0.        , -0.10186049, ..., -0.96922107,
         -0.96465523, -0.9636816 ],
        [ 0.19372944,  0.10186049,  0.        , ..., -0.9892571 ,
         -0.98647955, -0.98587144],
        ...,
        [ 0.94219505,  0.96922107,  0.9892571 , ...,  0.        ,
         -0.01791411, -0.02158351],
        [ 0.93604146,  0.96465523,  0.98647955, ...,  0.01791411,
          0.        , -0.00367011],
        [ 0.93474369,  0.9636816 ,  0.98587144, ...,  0.02158351,
          0.00367011,  0.        ]]]), 'num': array([ 7.07106640e-01,  7.07106640e-01,  0.00000000e+00, -4.39522777e-08,
        2.08512131e-04,  2.08999309e-04,  2.05589064e-04,  2.46443800e-04,
        1.94871150e-06,  2.09876229e-04,  1.98232678e-04,  2.16355695e-04,
        6.73756637e-07,  2.15117169e-04,  1.81348186e-04])}
{'img': array([[[ 0.        ,  0.11298221,  0.03564025, ..., -0.94680808,
         -0.97663679, -0.96598303],
        [-0.11298221,  0.        , -0.07749839, ..., -0.97710322,
         -0.9946629 , -0.98901567],
        [-0.03564025,  0.07749839,  0.        , ..., -0.95767555,
         -0.98367529, -0.97458609],
        ...,
        [ 0.94680808,  0.97710322,  0.95767555, ...,  0.        ,
         -0.11081463, -0.06600242],
        [ 0.97663679,  0.9946629 ,  0.98367529, ...,  0.11081463,
          0.        ,  0.04497708],
        [ 0.96598303,  0.98901567,  0.97458609, ...,  0.06600242,
         -0.04497708,  0.        ]],

       [[ 0.        , -0.45200494, -0.21077716, ..., -0.32954921,
         -0.28721739, -0.57766133],
        [ 0.45200494,  0.        ,  0.25383378, ...,  0.13279223,
          0.17675756, -0.14632179],
        [ 0.21077716, -0.25383378,  0.        , ..., -0.12314279,
         -0.07886864, -0.39263121],
        ...,
        [ 0.32954921, -0.13279223,  0.12314279, ...,  0.        ,
          0.04449083, -0.27638895],
        [ 0.28721739, -0.17675756,  0.07886864, ..., -0.04449083,
          0.        , -0.318873  ],
        [ 0.57766133,  0.14632179,  0.39263121, ...,  0.27638895,
          0.318873  ,  0.        ]],

       [[ 0.        , -0.41129027, -0.54829776, ..., -0.85689756,
         -0.88318407, -0.87842725],
        [ 0.41129027,  0.        , -0.1558207 , ..., -0.99308059,
         -0.99793224, -0.99723611],
        [ 0.54829776,  0.1558207 ,  0.        , ..., -0.99924924,
         -0.99575819, -0.99663233],
        ...,
        [ 0.85689756,  0.99308059,  0.99924924, ...,  0.        ,
          0.05336196,  0.04332671],
        [ 0.88318407,  0.99793224,  0.99575819, ..., -0.05336196,
          0.        , -0.01004686],
        [ 0.87842725,  0.99723611,  0.99663233, ..., -0.04332671,
          0.01004686,  0.        ]],

       ...,

       [[ 0.        ,  0.06038359,  0.08174922, ...,  0.97640742,
          0.95610213,  0.99701689],
        [-0.06038359,  0.        ,  0.02141856, ...,  0.9615867 ,
          0.93666305,  0.99053695],
        [-0.08174922, -0.02141856,  0.        , ...,  0.95548669,
          0.92894672,  0.9873701 ],
        ...,
        [-0.97640742, -0.9615867 , -0.95548669, ...,  0.        ,
         -0.07966295,  0.13992957],
        [-0.95610213, -0.93666305, -0.92894672, ...,  0.07966295,
          0.        ,  0.21836403],
        [-0.99701689, -0.99053695, -0.9873701 , ..., -0.13992957,
         -0.21836403,  0.        ]],

       [[ 0.        , -0.2551374 , -0.3626082 , ..., -0.47373175,
         -0.49012283, -0.5159451 ],
        [ 0.2551374 ,  0.        , -0.11283444, ..., -0.68274515,
         -0.6962935 , -0.71742602],
        [ 0.3626082 ,  0.11283444,  0.        , ..., -0.76082823,
         -0.77283456, -0.79144878],
        ...,
        [ 0.47373175,  0.68274515,  0.76082823, ...,  0.        ,
          0.0187062 ,  0.04856809],
        [ 0.49012283,  0.6962935 ,  0.77283456, ..., -0.0187062 ,
          0.        ,  0.02987546],
        [ 0.5159451 ,  0.71742602,  0.79144878, ..., -0.04856809,
         -0.02987546,  0.        ]],

       [[ 0.        , -0.10186049, -0.18520228, ..., -0.96465523,
         -0.9636816 , -0.96189746],
        [ 0.10186049,  0.        , -0.08414065, ..., -0.98647955,
         -0.98587144, -0.98474406],
        [ 0.18520228,  0.08414065,  0.        , ..., -0.99677072,
         -0.9964693 , -0.99589328],
        ...,
        [ 0.96465523,  0.98647955,  0.99677072, ...,  0.        ,
         -0.00367011, -0.01027215],
        [ 0.9636816 ,  0.98587144,  0.9964693 , ...,  0.00367011,
          0.        , -0.00660217],
        [ 0.96189746,  0.98474406,  0.99589328, ...,  0.01027215,
          0.00660217,  0.        ]]]), 'num': array([ 9.99999400e-01,  2.11384144e-04,  4.65017682e-05, -6.20635441e-08,
        2.94922719e-04,  3.01781386e-04,  2.93550985e-04,  6.88898318e-04,
        1.37173357e-06,  2.94236852e-04,  2.79696476e-04,  3.03324587e-04,
        9.77724995e-07,  3.04420428e-04,  2.54972524e-04])}
{'img': array([[[ 0.        , -0.07749839,  0.06575286, ..., -0.9946629 ,
         -0.98901567, -0.98549206],
        [ 0.07749839,  0.        ,  0.14288578, ..., -0.98367529,
         -0.97458609, -0.96937503],
        [-0.06575286, -0.14288578,  0.        , ..., -0.99929464,
         -0.99659436, -0.99451907],
        ...,
        [ 0.9946629 ,  0.98367529,  0.99929464, ...,  0.        ,
          0.04497708,  0.06713448],
        [ 0.98901567,  0.97458609,  0.99659436, ..., -0.04497708,
          0.        ,  0.02219094],
        [ 0.98549206,  0.96937503,  0.99451907, ..., -0.06713448,
         -0.02219094,  0.        ]],

       [[ 0.        ,  0.25383378, -0.09150523, ...,  0.17675756,
         -0.14632179,  0.14398839],
        [-0.25383378,  0.        , -0.34127707, ..., -0.07886864,
         -0.39263121, -0.1119162 ],
        [ 0.09150523,  0.34127707,  0.        , ...,  0.26608041,
         -0.05518755,  0.23393599],
        ...,
        [-0.17675756,  0.07886864, -0.26608041, ...,  0.        ,
         -0.318873  , -0.03319442],
        [ 0.14632179,  0.39263121,  0.05518755, ...,  0.318873  ,
          0.        ,  0.28723568],
        [-0.14398839,  0.1119162 , -0.23393599, ...,  0.03319442,
         -0.28723568,  0.        ]],

       [[ 0.        , -0.38886133, -0.45360331, ..., -0.89580642,
         -0.8911526 , -0.88023554],
        [ 0.38886133,  0.        , -0.07134839, ..., -0.99813039,
         -0.99744341, -0.99548684],
        [ 0.45360331,  0.07134839,  0.        , ..., -0.99994747,
         -0.99999999, -0.99972074],
        ...,
        [ 0.89580642,  0.99813039,  0.99994747, ...,  0.        ,
         -0.01036287, -0.03387753],
        [ 0.8911526 ,  0.99744341,  0.99999999, ...,  0.01036287,
          0.        , -0.02351879],
        [ 0.88023554,  0.99548684,  0.99972074, ...,  0.03387753,
          0.02351879,  0.        ]],

       ...,

       [[ 0.        ,  0.02141856,  0.34309753, ...,  0.93666305,
          0.99053695,  0.99691567],
        [-0.02141856,  0.        ,  0.32290038, ...,  0.92894672,
          0.9873701 ,  0.99836791],
        [-0.34309753, -0.32290038,  0.        , ...,  0.75964373,
          0.88332229,  0.96332906],
        ...,
        [-0.93666305, -0.92894672, -0.75964373, ...,  0.        ,
          0.21836403,  0.42266115],
        [-0.99053695, -0.9873701 , -0.88332229, ..., -0.21836403,
          0.        ,  0.21456057],
        [-0.99691567, -0.99836791, -0.96332906, ..., -0.42266115,
         -0.21456057,  0.        ]],

       [[ 0.        , -0.26427058, -0.52295982, ..., -0.49394383,
         -0.51992952, -0.55080013],
        [ 0.26427058,  0.        , -0.2791149 , ..., -0.70616506,
         -0.72718764, -0.75178845],
        [ 0.52295982,  0.2791149 ,  0.        , ..., -0.87572698,
         -0.88988281, -0.90596024],
        ...,
        [ 0.49394383,  0.70616506,  0.87572698, ...,  0.        ,
          0.03014416,  0.06665342],
        [ 0.51992952,  0.72718764,  0.88988281, ..., -0.03014416,
          0.        ,  0.03654601],
        [ 0.55080013,  0.75178845,  0.90596024, ..., -0.06665342,
         -0.03654601,  0.        ]],

       [[ 0.        , -0.08414065, -0.04263513, ..., -0.98587144,
         -0.98474406, -0.98356311],
        [ 0.08414065,  0.        ,  0.0415802 , ..., -0.9964693 ,
         -0.99589328, -0.99526811],
        [ 0.04263513, -0.0415802 ,  0.        , ..., -0.99211654,
         -0.99126754, -0.99036716],
        ...,
        [ 0.98587144,  0.9964693 ,  0.99211654, ...,  0.        ,
         -0.00660217, -0.01326306],
        [ 0.98474406,  0.99589328,  0.99126754, ...,  0.00660217,
          0.        , -0.00666118],
        [ 0.98356311,  0.99526811,  0.99036716, ...,  0.01326306,
          0.00666118,  0.        ]]]), 'num': array([ 7.24386576e-01,  6.89393695e-01,  1.64285823e-06, -4.20990938e-08,
        2.12078063e-04,  2.14567242e-04,  2.12078063e-04,  2.58984154e-04,
       -1.99134331e-06,  2.13272869e-04,  2.03490395e-04,  2.19163926e-04,
        6.77467312e-07,  2.21862830e-04,  1.85117959e-04])}
{'img': array([[[ 0.        ,  0.14288578,  0.05722731, ..., -0.97458609,
         -0.96937503, -0.97935693],
        [-0.14288578,  0.        , -0.08601151, ..., -0.99659436,
         -0.99451907, -0.99819066],
        [-0.05722731,  0.08601151,  0.        , ..., -0.98580859,
         -0.98184057, -0.98931978],
        ...,
        [ 0.97458609,  0.99659436,  0.98580859, ...,  0.        ,
          0.02219094, -0.02238751],
        [ 0.96937503,  0.99451907,  0.98184057, ..., -0.02219094,
          0.        , -0.04456738],
        [ 0.97935693,  0.99819066,  0.98931978, ...,  0.02238751,
          0.04456738,  0.        ]],

       [[ 0.        , -0.34127707, -0.27155243, ..., -0.39263121,
         -0.1119162 , -0.38234286],
        [ 0.34127707,  0.        ,  0.07320396, ..., -0.05518755,
          0.23393599, -0.04404102],
        [ 0.27155243, -0.07320396,  0.        , ..., -0.12813188,
          0.16213564, -0.11705579],
        ...,
        [ 0.39263121,  0.05518755,  0.12813188, ...,  0.        ,
          0.28723568,  0.01116011],
        [ 0.1119162 , -0.23393599, -0.16213564, ..., -0.28723568,
          0.        , -0.27652797],
        [ 0.38234286,  0.04404102,  0.11705579, ..., -0.01116011,
          0.27652797,  0.        ]],

       [[ 0.        , -0.14736375, -0.2078787 , ..., -0.95222157,
         -0.94458562, -0.94189612],
        [ 0.14736375,  0.        , -0.06146463, ..., -0.98683164,
         -0.98264736, -0.98111296],
        [ 0.2078787 ,  0.06146463,  0.        , ..., -0.99490775,
         -0.99219011, -0.99114739],
        ...,
        [ 0.95222157,  0.98683164,  0.99490775, ...,  0.        ,
         -0.0240971 , -0.03219265],
        [ 0.94458562,  0.98264736,  0.99219011, ...,  0.0240971 ,
          0.        , -0.0080987 ],
        [ 0.94189612,  0.98111296,  0.99114739, ...,  0.03219265,
          0.0080987 ,  0.        ]],

       ...,

       [[ 0.        ,  0.32290038,  0.33882075, ...,  0.9873701 ,
          0.99836791,  0.97201738],
        [-0.32290038,  0.        ,  0.01687   , ...,  0.88332229,
          0.96332906,  0.8440971 ],
        [-0.33882075, -0.01687   ,  0.        , ...,  0.87528849,
          0.95866536,  0.83493144],
        ...,
        [-0.9873701 , -0.88332229, -0.87528849, ...,  0.        ,
          0.21456057, -0.0779447 ],
        [-0.99836791, -0.96332906, -0.95866536, ..., -0.21456057,
          0.        , -0.29003723],
        [-0.97201738, -0.8440971 , -0.83493144, ...,  0.0779447 ,
          0.29003723,  0.        ]],

       [[ 0.        , -0.46391409, -0.64235892, ..., -0.52423973,
         -0.55530835, -0.5781616 ],
        [ 0.46391409,  0.        , -0.21350745, ..., -0.85946926,
         -0.87774829, -0.89069975],
        [ 0.64235892,  0.21350745,  0.        , ..., -0.94879346,
         -0.9598048 , -0.96722029],
        ...,
        [ 0.52423973,  0.85946926,  0.94879346, ...,  0.        ,
          0.03690322,  0.06460662],
        [ 0.55530835,  0.87774829,  0.9598048 , ..., -0.03690322,
          0.        ,  0.02773649],
        [ 0.5781616 ,  0.89069975,  0.96722029, ..., -0.06460662,
         -0.02773649,  0.        ]],

       [[ 0.        ,  0.0415802 ,  0.10535463, ..., -0.99589328,
         -0.99526811, -0.99539063],
        [-0.0415802 ,  0.        ,  0.06391472, ..., -0.99126754,
         -0.99036716, -0.99054209],
        [-0.10535463, -0.06391472,  0.        , ..., -0.98081257,
         -0.9794922 , -0.9797471 ],
        ...,
        [ 0.99589328,  0.99126754,  0.98081257, ...,  0.        ,
         -0.00666118, -0.00539212],
        [ 0.99526811,  0.99036716,  0.9794922 , ...,  0.00666118,
          0.        ,  0.00126908],
        [ 0.99539063,  0.99054209,  0.9797471 , ...,  0.00539212,
         -0.00126908,  0.        ]]]), 'num': array([ 9.94363469e-01,  1.06020122e-01,  4.26063956e-05, -5.96760493e-08,
        2.90498151e-04,  3.00251087e-04,  2.86318322e-04,  5.83908251e-04,
       -6.26974428e-06,  2.96071258e-04,  2.85064373e-04,  3.05220440e-04,
        9.01531857e-07,  3.10893029e-04,  2.59235717e-04])}
