state_0,state_1,state_2,state_3,state_4,state_5,state_6,state_7,state_8,state_9,state_10,state_11,state_12,state_13,state_14,state_15,state_16,state_17,state_18,state_19,state_20,state_21,state_22,state_23,state_24,state_25,state_26,state_27,state_28,state_29,state_30,state_31,state_32,state_33,state_34,state_35,state_36,state_37,state_38,state_39,state_40,state_41,state_42,state_43,state_44,state_45,state_46,state_47,state_48,state_49,state_50,state_51,state_52,state_53,state_54,state_55,state_56,state_57,state_58,state_59,state_60,state_61,state_62,state_63,state_64,state_65,state_66,state_67,state_68,state_69,state_70,state_71,state_72,state_73,state_74,state_75,state_76,state_77,state_78,state_79,state_80,state_81,state_82,state_83,state_84,state_85,state_86,state_87,state_88,state_89,state_90,state_91,state_92,state_93,state_94,state_95,state_96,state_97,state_98,state_99,state_100,state_101,state_102,state_103,state_104,state_105,state_106,state_107,state_108,state_109,state_110,state_111,state_112,state_113,state_114,state_115,state_116,state_117,state_118,state_119,state_120,state_121,state_122,state_123,state_124,state_125,state_126,state_127,state_128,state_129,state_130,state_131,state_132,state_133,state_134,state_135,state_136,state_137,state_138,state_139,state_140,state_141,state_142,state_143,state_144,state_145,state_146,state_147,state_148,state_149,state_150,state_151,state_152,state_153,state_154,state_155,state_156,state_157,state_158,state_159,state_160,state_161,state_162,state_163,state_164,state_165,state_166,state_167,state_168,state_169,state_170,state_171,state_172,state_173,state_174,state_175,state_176,state_177,state_178,state_179,state_180,state_181,state_182,state_183,state_184,state_185,state_186,state_187,state_188,state_189,state_190,state_191,state_192,state_193,state_194,state_195,state_196,state_197,state_198,state_199,state_200,state_201,state_202,state_203,state_204,state_205,state_206,state_207,state_208,state_209,state_210,state_211,state_212,state_213,state_214,state_215,state_216,state_217,state_218,state_219,state_220,state_221,state_222,state_223,state_224,state_225,state_226,state_227,state_228,state_229,state_230,state_231,state_232,state_233,state_234,state_235,state_236,state_237,state_238,state_239,state_240,state_241,state_242,state_243,state_244,state_245,state_246,state_247,state_248,state_249,state_250,state_251,state_252,state_253,state_254,state_255,state_256,state_257,state_258,state_259,state_260,state_261,state_262,state_263,state_264,state_265,state_266,state_267,state_268,state_269,state_270,state_271,state_272,state_273,state_274,state_275,state_276,state_277,state_278,state_279,state_280,state_281,state_282,state_283,state_284,state_285,state_286,state_287
{'img': array([[[ 0.        ,  0.06284453, -0.1751425 , ...,  0.98874458,
          0.9768056 ,  0.99961956],
        [-0.06284453,  0.        , -0.23666945, ...,  0.97738778,
          0.98833156,  0.99937699],
        [ 0.1751425 ,  0.23666945,  0.        , ...,  0.9996653 ,
          0.92420429,  0.97933784],
        ...,
        [-0.98874458, -0.97738778, -0.9996653 , ...,  0.        ,
          0.35786109,  0.17682748],
        [-0.9768056 , -0.98833156, -0.92420429, ..., -0.35786109,
          0.        , -0.18710481],
        [-0.99961956, -0.99937699, -0.97933784, ..., -0.17682748,
          0.18710481,  0.        ]],

       [[ 0.        ,  0.55851938,  0.53453474, ...,  0.76576896,
          0.59982248,  0.50327917],
        [-0.55851938,  0.        , -0.02863869, ...,  0.2760062 ,
          0.05065778, -0.06516415],
        [-0.53453474,  0.02863869,  0.        , ...,  0.30341924,
          0.07923892, -0.0365596 ],
        ...,
        [-0.76576896, -0.2760062 , -0.30341924, ...,  0.        ,
         -0.2269618 , -0.33805247],
        [-0.59982248, -0.05065778, -0.07923892, ...,  0.2269618 ,
          0.        , -0.11563059],
        [-0.50327917,  0.06516415,  0.0365596 , ...,  0.33805247,
          0.11563059,  0.        ]],

       [[ 0.        ,  0.02519617, -0.0073838 , ...,  0.96201047,
          0.98314758,  0.96008257],
        [-0.02519617,  0.        , -0.03257695, ...,  0.95482618,
          0.97822925,  0.96682556],
        [ 0.0073838 ,  0.03257695,  0.        , ...,  0.96400011,
          0.98447064,  0.95799103],
        ...,
        [-0.96201047, -0.95482618, -0.96400011, ...,  0.        ,
          0.09254299,  0.53120504],
        [-0.98314758, -0.97822925, -0.98447064, ..., -0.09254299,
          0.        ,  0.45051904],
        [-0.96008257, -0.96682556, -0.95799103, ..., -0.53120504,
         -0.45051904,  0.        ]],

       ...,

       [[ 0.        ,  0.0937379 , -0.22142497, ...,  0.54622693,
          0.57003677,  0.49363081],
        [-0.0937379 ,  0.        , -0.3118611 , ...,  0.46530349,
          0.49050999,  0.40993612],
        [ 0.22142497,  0.3118611 ,  0.        , ...,  0.71814196,
          0.73781399,  0.67394461],
        ...,
        [-0.54622693, -0.46530349, -0.71814196, ...,  0.        ,
          0.0286935 , -0.06155448],
        [-0.57003677, -0.49050999, -0.73781399, ..., -0.0286935 ,
          0.        , -0.09016823],
        [-0.49363081, -0.40993612, -0.67394461, ...,  0.06155448,
          0.09016823,  0.        ]],

       [[ 0.        , -0.11193224, -0.2238898 , ...,  0.86162592,
          0.94901969,  0.99795973],
        [ 0.11193224,  0.        , -0.11339206, ...,  0.91302185,
          0.97833882,  0.98454191],
        [ 0.2238898 ,  0.11339206,  0.        , ...,  0.95338698,
          0.99550214,  0.95833141],
        ...,
        [-0.86162592, -0.91302185, -0.95338698, ...,  0.        ,
          0.21007016,  0.56152013],
        [-0.94901969, -0.97833882, -0.99550214, ..., -0.21007016,
          0.        ,  0.37516524],
        [-0.99795973, -0.98454191, -0.95833141, ..., -0.56152013,
         -0.37516524,  0.        ]],

       [[ 0.        ,  0.0830355 ,  0.13301894, ...,  0.69439641,
          0.7890775 ,  0.98017165],
        [-0.0830355 ,  0.        ,  0.05026197, ...,  0.63224664,
          0.73534431,  0.96033321],
        [-0.13301894, -0.05026197,  0.        , ...,  0.5925062 ,
          0.70035267,  0.94510361],
        ...,
        [-0.69439641, -0.63224664, -0.5925062 , ...,  0.        ,
          0.14125108,  0.5677295 ],
        [-0.7890775 , -0.73534431, -0.70035267, ..., -0.14125108,
          0.        ,  0.4457573 ],
        [-0.98017165, -0.96033321, -0.94510361, ..., -0.5677295 ,
         -0.4457573 ,  0.        ]]]), 'num': array([ 7.06978220e-01,  7.06978220e-01,  0.00000000e+00,  0.00000000e+00,
        1.88644769e-04,  1.96969056e-04,  1.87472334e-04,  1.90611294e-02,
       -1.40692183e-06,  1.88597872e-04,  1.77195943e-04,  1.58059852e-04,
        7.74885109e-07,  1.94305664e-04,  1.60086221e-04])}
{'img': array([[[ 0.        , -0.23666945, -0.14913907, ...,  0.98833156,
          0.99937699,  0.97474762],
        [ 0.23666945,  0.        ,  0.08912053, ...,  0.92420429,
          0.97933784,  0.99990577],
        [ 0.14913907, -0.08912053,  0.        , ...,  0.95456173,
          0.99346385,  0.99715042],
        ...,
        [-0.98833156, -0.92420429, -0.95456173, ...,  0.        ,
         -0.18710481, -0.36917519],
        [-0.99937699, -0.97933784, -0.99346385, ...,  0.18710481,
          0.        , -0.18876784],
        [-0.97474762, -0.99990577, -0.99715042, ...,  0.36917519,
          0.18876784,  0.        ]],

       [[ 0.        , -0.02863869, -0.64777843, ...,  0.05065778,
         -0.06516415,  0.27821939],
        [ 0.02863869,  0.        , -0.62569495, ...,  0.07923892,
         -0.0365596 ,  0.30561324],
        [ 0.64777843,  0.62569495,  0.        , ...,  0.68553928,
          0.59675768,  0.83415809],
        ...,
        [-0.05065778, -0.07923892, -0.68553928, ...,  0.        ,
         -0.11563059,  0.22920449],
        [ 0.06516415,  0.0365596 , -0.59675768, ...,  0.11563059,
          0.        ,  0.34021936],
        [-0.27821939, -0.30561324, -0.83415809, ..., -0.22920449,
         -0.34021936,  0.        ]],

       [[ 0.        , -0.03157541, -0.02544074, ...,  0.9480767 ,
          0.99387986,  0.95860405],
        [ 0.03157541,  0.        ,  0.00613714, ...,  0.95764626,
          0.99687231,  0.9491352 ],
        [ 0.02544074, -0.00613714,  0.        , ...,  0.95586106,
          0.99636852,  0.95104972],
        ...,
        [-0.9480767 , -0.95764626, -0.95586106, ...,  0.        ,
          0.21136473,  0.57483383],
        [-0.99387986, -0.99687231, -0.99636852, ..., -0.21136473,
          0.        ,  0.38889331],
        [-0.95860405, -0.9491352 , -0.95104972, ..., -0.57483383,
         -0.38889331,  0.        ]],

       ...,

       [[ 0.        , -0.3118611 , -0.21834928, ...,  0.49050999,
          0.40993612,  0.23264136],
        [ 0.3118611 ,  0.        ,  0.0968764 , ...,  0.73781399,
          0.67394461,  0.52434344],
        [ 0.21834928, -0.0968764 ,  0.        , ...,  0.66895165,
          0.59920413,  0.43938622],
        ...,
        [-0.49050999, -0.73781399, -0.66895165, ...,  0.        ,
         -0.09016823, -0.27431972],
        [-0.40993612, -0.67394461, -0.59920413, ...,  0.09016823,
          0.        , -0.18649305],
        [-0.23264136, -0.52434344, -0.43938622, ...,  0.27431972,
          0.18649305,  0.        ]],

       [[ 0.        , -0.11132443, -0.17935017, ...,  0.95744468,
          0.99428514,  0.98103802],
        [ 0.11132443,  0.        , -0.06871601, ...,  0.98362342,
          0.99998944,  0.95336362],
        [ 0.17935017,  0.06871601,  0.        , ...,  0.99368348,
          0.99730999,  0.93036997],
        ...,
        [-0.95744468, -0.98362342, -0.99368348, ...,  0.        ,
          0.1847535 ,  0.4687116 ],
        [-0.99428514, -0.99998944, -0.99730999, ..., -0.1847535 ,
          0.        ,  0.29744044],
        [-0.98103802, -0.95336362, -0.93036997, ..., -0.4687116 ,
         -0.29744044,  0.        ]],

       [[ 0.        ,  0.04628363,  0.07460221, ...,  0.64073365,
          0.76799453,  0.97905484],
        [-0.04628363,  0.        ,  0.02836761, ...,  0.60451213,
          0.73752886,  0.96858243],
        [-0.07460221, -0.02836761,  0.        , ...,  0.58167133,
          0.71807496,  0.96113782],
        ...,
        [-0.64073365, -0.60451213, -0.58167133, ...,  0.        ,
          0.17927601,  0.62123106],
        [-0.76799453, -0.73752886, -0.71807496, ..., -0.17927601,
          0.        ,  0.47068078],
        [-0.97905484, -0.96858243, -0.96113782, ..., -0.62123106,
         -0.47068078,  0.        ]]]), 'num': array([ 9.23302401e-01,  3.83212246e-01,  3.37134928e-05, -1.27706096e-10,
        2.45942693e-04,  2.47017349e-04,  2.37652490e-04,  2.57022089e-02,
       -1.07465596e-06,  2.47692847e-04,  2.33829786e-04,  2.07577476e-04,
        1.01758284e-06,  2.54552655e-04,  2.13106916e-04])}
{'img': array([[[ 0.        ,  0.08912053,  0.19729306, ...,  0.97933784,
          0.99990577,  0.99803441],
        [-0.08912053,  0.        ,  0.10913917, ...,  0.99346385,
          0.99715042,  0.98847804],
        [-0.19729306, -0.10913917,  0.        , ...,  0.9999873 ,
          0.98296058,  0.96605357],
        ...,
        [-0.97933784, -0.99346385, -0.9999873 , ...,  0.        ,
         -0.18876784, -0.263207  ],
        [-0.99990577, -0.99715042, -0.98296058, ...,  0.18876784,
          0.        , -0.07636322],
        [-0.99803441, -0.98847804, -0.96605357, ...,  0.263207  ,
          0.07636322,  0.        ]],

       [[ 0.        , -0.62569495, -0.14388276, ..., -0.0365596 ,
          0.30561324,  0.33746251],
        [ 0.62569495,  0.        ,  0.50694611, ...,  0.59675768,
          0.83415809,  0.85223469],
        [ 0.14388276, -0.50694611,  0.        , ...,  0.10760739,
          0.43943206,  0.46939358],
        ...,
        [ 0.0365596 , -0.59675768, -0.10760739, ...,  0.        ,
          0.34021936,  0.37165189],
        [-0.30561324, -0.83415809, -0.43943206, ..., -0.34021936,
          0.        ,  0.03363121],
        [-0.33746251, -0.85223469, -0.46939358, ..., -0.37165189,
         -0.03363121,  0.        ]],

       [[ 0.        ,  0.0060833 ,  0.0222442 , ...,  0.99227786,
          0.99356521,  0.9464786 ],
        [-0.0060833 ,  0.        ,  0.01616199, ...,  0.99150496,
          0.99423583,  0.94842457],
        [-0.0222442 , -0.01616199,  0.        , ...,  0.98927328,
          0.99583878,  0.9534241 ],
        ...,
        [-0.99227786, -0.99150496, -0.98927328, ...,  0.        ,
          0.23562365,  0.43767048],
        [-0.99356521, -0.99423583, -0.99583878, ..., -0.23562365,
          0.        ,  0.21349002],
        [-0.9464786 , -0.94842457, -0.9534241 , ..., -0.43767048,
         -0.21349002,  0.        ]],

       ...,

       [[ 0.        ,  0.0968764 ,  0.37860103, ...,  0.67394461,
          0.52434344,  0.52935227],
        [-0.0968764 ,  0.        ,  0.28715533, ...,  0.59920413,
          0.43938622,  0.44467227],
        [-0.37860103, -0.28715533,  0.        , ...,  0.34407257,
          0.16292991,  0.16874135],
        ...,
        [-0.67394461, -0.59920413, -0.34407257, ...,  0.        ,
         -0.18649305, -0.18070018],
        [-0.52434344, -0.43938622, -0.16292991, ...,  0.18649305,
          0.        ,  0.00589301],
        [-0.52935227, -0.44467227, -0.16874135, ...,  0.18070018,
         -0.00589301,  0.        ]],

       [[ 0.        , -0.06860452, -0.21235971, ...,  0.99996992,
          0.97697101,  0.95288298],
        [ 0.06860452,  0.        , -0.14481962, ...,  0.99814606,
          0.96003091,  0.92982756],
        [ 0.21235971,  0.14481962,  0.        , ...,  0.97880934,
          0.90937619,  0.86673241],
        ...,
        [-0.99996992, -0.99814606, -0.97880934, ...,  0.        ,
          0.22094359,  0.31072008],
        [-0.97697101, -0.96003091, -0.90937619, ..., -0.22094359,
          0.        ,  0.09303393],
        [-0.95288298, -0.92982756, -0.86673241, ..., -0.31072008,
         -0.09303393,  0.        ]],

       [[ 0.        ,  0.0253351 ,  0.14260591, ...,  0.61568006,
          0.74111179,  0.98989084],
        [-0.0253351 ,  0.        ,  0.11748397, ...,  0.59551848,
          0.72386439,  0.9859798 ],
        [-0.14260591, -0.11748397,  0.        , ...,  0.49701462,
          0.63779431,  0.95954773],
        ...,
        [-0.61568006, -0.59551848, -0.49701462, ...,  0.        ,
          0.17063701,  0.69270756],
        [-0.74111179, -0.72386439, -0.63779431, ..., -0.17063701,
          0.        ,  0.5594817 ],
        [-0.98989084, -0.9859798 , -0.95954773, ..., -0.69270756,
         -0.5594817 ,  0.        ]]]), 'num': array([ 9.75704641e-01,  2.18851778e-01,  4.72442486e-05, -4.31466562e-09,
        2.59908263e-04,  2.62666341e-04,  2.57799145e-04,  1.01903833e-02,
        0.00000000e+00,  2.61498214e-04,  2.48510913e-04,  2.20148681e-04,
        1.11057050e-06,  2.69908838e-04,  2.27112988e-04])}
{'img': array([[[ 0.        ,  0.10913917, -0.09865148, ...,  0.99715042,
          0.98847804,  0.98847804],
        [-0.10913917,  0.        , -0.20666898, ...,  0.98296058,
          0.96605357,  0.96605357],
        [ 0.09865148,  0.20666898,  0.        , ...,  0.99972853,
          0.99858861,  0.99858861],
        ...,
        [-0.99715042, -0.98296058, -0.99972853, ...,  0.        ,
         -0.07636322, -0.07636322],
        [-0.98847804, -0.96605357, -0.99858861, ...,  0.07636322,
          0.        ,  0.        ],
        [-0.98847804, -0.96605357, -0.99858861, ...,  0.07636322,
          0.        ,  0.        ]],

       [[ 0.        ,  0.50694611,  0.49034051, ...,  0.83415809,
          0.85223469,  0.17694685],
        [-0.50694611,  0.        , -0.01915661, ...,  0.43943206,
          0.46939358, -0.34642246],
        [-0.49034051,  0.01915661,  0.        , ...,  0.45655934,
          0.48622252, -0.32838848],
        ...,
        [-0.83415809, -0.43943206, -0.45655934, ...,  0.        ,
          0.03363121, -0.72340474],
        [-0.85223469, -0.46939358, -0.48622252, ..., -0.03363121,
          0.        , -0.74621532],
        [-0.17694685,  0.34642246,  0.32838848, ...,  0.72340474,
          0.74621532,  0.        ]],

       [[ 0.        ,  0.01616199, -0.02440805, ...,  0.99423583,
          0.94842457,  0.98036091],
        [-0.01616199,  0.        , -0.04056204, ...,  0.99583878,
          0.9534241 ,  0.9834202 ],
        [ 0.02440805,  0.04056204,  0.        , ...,  0.99132271,
          0.9404046 ,  0.97525528],
        ...,
        [-0.99423583, -0.99583878, -0.99132271, ...,  0.        ,
          0.21349002,  0.09096535],
        [-0.94842457, -0.9534241 , -0.9404046 , ..., -0.21349002,
          0.        , -0.12373673],
        [-0.98036091, -0.9834202 , -0.97525528, ..., -0.09096535,
          0.12373673,  0.        ]],

       ...,

       [[ 0.        ,  0.28715533, -0.0293974 , ...,  0.43938622,
          0.44467227,  0.50475993],
        [-0.28715533,  0.        , -0.31519053, ...,  0.16292991,
          0.16874135,  0.23561183],
        [ 0.0293974 ,  0.31519053,  0.        , ...,  0.46560395,
          0.47081114,  0.52991936],
        ...,
        [-0.43938622, -0.16292991, -0.46560395, ...,  0.        ,
          0.00589301,  0.07412051],
        [-0.44467227, -0.16874135, -0.47081114, ..., -0.00589301,
          0.        ,  0.06824242],
        [-0.50475993, -0.23561183, -0.52991936, ..., -0.07412051,
         -0.06824242,  0.        ]],

       [[ 0.        , -0.14333049, -0.25878412, ...,  0.99212745,
          0.98984407,  0.92605826],
        [ 0.14333049,  0.        , -0.11766418, ...,  0.96393401,
          0.95924833,  0.86240645],
        [ 0.25878412,  0.11766418,  0.        , ...,  0.92592269,
          0.91933715,  0.79685215],
        ...,
        [-0.99212745, -0.96393401, -0.92592269, ...,  0.        ,
          0.0170778 ,  0.25843726],
        [-0.98984407, -0.95924833, -0.91933715, ..., -0.0170778 ,
          0.        ,  0.24190194],
        [-0.92605826, -0.86240645, -0.79685215, ..., -0.25843726,
         -0.24190194,  0.        ]],

       [[ 0.        ,  0.11131937,  0.17294087, ...,  0.66864404,
          0.86158273,  0.9930846 ],
        [-0.11131937,  0.        ,  0.06222395, ...,  0.58171306,
          0.7997201 ,  0.97384327],
        [-0.17294087, -0.06222395,  0.        , ...,  0.52997323,
          0.76081283,  0.95781759],
        ...,
        [-0.66864404, -0.58171306, -0.52997323, ...,  0.        ,
          0.30124276,  0.65994104],
        [-0.86158273, -0.7997201 , -0.76081283, ..., -0.30124276,
          0.        ,  0.4029562 ],
        [-0.9930846 , -0.97384327, -0.95781759, ..., -0.65994104,
         -0.4029562 ,  0.        ]]]), 'num': array([ 9.98627682e-01,  4.95788472e-02,  6.04104945e-05, -4.54101372e-09,
        2.65765575e-04,  2.73885720e-04,  2.64919727e-04,  1.68564565e-02,
       -5.24426024e-06,  2.70840666e-04,  2.60343687e-04,  2.30228663e-04,
        1.06308818e-06,  2.81269772e-04,  2.39417602e-04])}
{'img': array([[[ 0.        , -0.20666898, -0.3449173 , ...,  0.96605357,
          0.96605357,  0.87187391],
        [ 0.20666898,  0.        , -0.14348452, ...,  0.99858861,
          0.99858861,  0.95426304],
        [ 0.3449173 ,  0.14348452,  0.        , ...,  0.9958764 ,
          0.9958764 ,  0.98728619],
        ...,
        [-0.96605357, -0.99858861, -0.9958764 , ...,  0.        ,
          0.        , -0.24786434],
        [-0.96605357, -0.99858861, -0.9958764 , ...,  0.        ,
          0.        , -0.24786434],
        [-0.87187391, -0.95426304, -0.98728619, ...,  0.24786434,
          0.24786434,  0.        ]],

       [[ 0.        , -0.01915661,  0.01231249, ...,  0.46939358,
         -0.34642246, -0.00952724],
        [ 0.01915661,  0.        ,  0.03146539, ...,  0.48622252,
         -0.32838848,  0.00963025],
        [-0.01231249, -0.03146539,  0.        , ...,  0.45848621,
         -0.35794629, -0.02183845],
        ...,
        [-0.46939358, -0.48622252, -0.45848621, ...,  0.        ,
         -0.74621532, -0.47778473],
        [ 0.34642246,  0.32838848,  0.35794629, ...,  0.74621532,
          0.        ,  0.33746944],
        [ 0.00952724, -0.00963025,  0.02183845, ...,  0.47778473,
         -0.33746944,  0.        ]],

       [[ 0.        , -0.04056204, -0.12646788, ...,  0.9534241 ,
          0.9834202 ,  0.99918146],
        [ 0.04056204,  0.        , -0.08612744, ...,  0.9404046 ,
          0.97525528,  0.99999999],
        [ 0.12646788,  0.08612744,  0.        , ...,  0.90762188,
          0.95259016,  0.99627468],
        ...,
        [-0.9534241 , -0.9404046 , -0.90762188, ...,  0.        ,
         -0.12373673, -0.3399545 ],
        [-0.9834202 , -0.97525528, -0.95259016, ...,  0.12373673,
          0.        , -0.22097478],
        [-0.99918146, -0.99999999, -0.99627468, ...,  0.3399545 ,
          0.22097478,  0.        ]],

       ...,

       [[ 0.        , -0.31519053, -0.49756548, ...,  0.16874135,
          0.23561183,  0.06509694],
        [ 0.31519053,  0.        , -0.19879919, ...,  0.47081114,
          0.52991936,  0.37630083],
        [ 0.49756548,  0.19879919,  0.        , ...,  0.63680127,
          0.68793356,  0.55297692],
        ...,
        [-0.16874135, -0.47081114, -0.63680127, ...,  0.        ,
          0.06824242, -0.10421996],
        [-0.23561183, -0.52991936, -0.68793356, ..., -0.06824242,
          0.        , -0.1718478 ],
        [-0.06509694, -0.37630083, -0.55297692, ...,  0.10421996,
          0.1718478 ,  0.        ]],

       [[ 0.        , -0.11766418, -0.08836563, ...,  0.95924833,
          0.86240645,  0.909886  ],
        [ 0.11766418,  0.        ,  0.02945209, ...,  0.91933715,
          0.79685215,  0.85475145],
        [ 0.08836563, -0.02945209,  0.        , ...,  0.93052687,
          0.81430067,  0.8696674 ],
        ...,
        [-0.95924833, -0.91933715, -0.93052687, ...,  0.        ,
          0.24190194,  0.14085082],
        [-0.86240645, -0.79685215, -0.81430067, ..., -0.24190194,
          0.        , -0.10282273],
        [-0.909886  , -0.85475145, -0.8696674 , ..., -0.14085082,
          0.10282273,  0.        ]],

       [[ 0.        ,  0.05803599, -0.01045447, ...,  0.70919115,
          0.81017729,  0.98668905],
        [-0.05803599,  0.        , -0.06846966, ...,  0.66707948,
          0.77479191,  0.97558826],
        [ 0.01045447,  0.06846966,  0.        , ...,  0.71652296,
          0.81626127,  0.98833521],
        ...,
        [-0.70919115, -0.66707948, -0.71652296, ...,  0.        ,
          0.15547101,  0.58030433],
        [-0.81017729, -0.77479191, -0.81626127, ..., -0.15547101,
          0.        ,  0.44663255],
        [-0.98668905, -0.97558826, -0.98833521, ..., -0.58030433,
         -0.44663255,  0.        ]]]), 'num': array([ 7.40927954e-01,  6.71253886e-01,  4.28499802e-06, -2.80955294e-08,
        2.03725345e-04,  2.06105899e-04,  1.98838943e-04,  2.10637222e-02,
        6.89107869e-06,  2.00718328e-04,  1.94046511e-04,  1.71080425e-04,
        8.83869229e-07,  2.08902374e-04,  1.79190649e-04])}
{'img': array([[[ 0.        , -0.14326876,  0.04740772, ...,  0.99813332,
          0.95290557,  0.91993518],
        [ 0.14326876,  0.        ,  0.19002633, ...,  0.99658621,
          0.98652394,  0.85427351],
        [-0.04740772, -0.19002633,  0.        , ...,  0.99411572,
          0.93745694,  0.93748799],
        ...,
        [-0.99813332, -0.99658621, -0.99411572, ...,  0.        ,
         -0.2445045 ,  0.44752159],
        [-0.95290557, -0.98652394, -0.93745694, ...,  0.2445045 ,
          0.        ,  0.65259229],
        [-0.91993518, -0.85427351, -0.93748799, ..., -0.44752159,
         -0.65259229,  0.        ]],

       [[ 0.        ,  0.03146539, -0.05586345, ..., -0.32838848,
          0.00963025,  0.49046147],
        [-0.03146539,  0.        , -0.08725204, ..., -0.35794629,
         -0.02183845,  0.46279769],
        [ 0.05586345,  0.08725204,  0.        , ..., -0.27511027,
          0.06547606,  0.53837849],
        ...,
        [ 0.32838848,  0.35794629,  0.27511027, ...,  0.        ,
          0.33746944,  0.7494402 ],
        [-0.00963025,  0.02183845, -0.06547606, ..., -0.33746944,
          0.        ,  0.48204632],
        [-0.49046147, -0.46279769, -0.53837849, ..., -0.7494402 ,
         -0.48204632,  0.        ]],

       [[ 0.        , -0.08612744, -0.07770519, ...,  0.97525528,
          0.99999999,  0.9998945 ],
        [ 0.08612744,  0.        ,  0.00845058, ...,  0.95259016,
          0.99627468,  0.99492795],
        [ 0.07770519, -0.00845058,  0.        , ...,  0.95512729,
          0.99696785,  0.99574247],
        ...,
        [-0.97525528, -0.95259016, -0.95512729, ...,  0.        ,
         -0.22097478, -0.20689213],
        [-0.99999999, -0.99627468, -0.99696785, ...,  0.22097478,
          0.        ,  0.01441605],
        [-0.9998945 , -0.99492795, -0.99574247, ...,  0.20689213,
         -0.01441605,  0.        ]],

       ...,

       [[ 0.        , -0.19879919,  0.03457643, ...,  0.52991936,
          0.37630083,  0.58650403],
        [ 0.19879919,  0.        ,  0.23256661, ...,  0.68793356,
          0.55297692,  0.73581422],
        [-0.03457643, -0.23256661,  0.        , ...,  0.50028002,
          0.34404085,  0.55814828],
        ...,
        [-0.52991936, -0.68793356, -0.50028002, ...,  0.        ,
         -0.1718478 ,  0.06817736],
        [-0.37630083, -0.55297692, -0.34404085, ...,  0.1718478 ,
          0.        ,  0.23861107],
        [-0.58650403, -0.73581422, -0.55814828, ..., -0.06817736,
         -0.23861107,  0.        ]],

       [[ 0.        ,  0.029272  ,  0.02411137, ...,  0.89785106,
          0.90864091,  0.79391617],
        [-0.029272  ,  0.        , -0.00516246, ...,  0.91035475,
          0.9204749 ,  0.81137414],
        [-0.02411137,  0.00516246,  0.        , ...,  0.90820625,
          0.91844514,  0.80834573],
        ...,
        [-0.89785106, -0.91035475, -0.90820625, ...,  0.        ,
         -0.0251508 ,  0.19635715],
        [-0.90864091, -0.9204749 , -0.91844514, ...,  0.0251508 ,
          0.        ,  0.2209562 ],
        [-0.79391617, -0.81137414, -0.80834573, ..., -0.19635715,
         -0.2209562 ,  0.        ]],

       [[ 0.        , -0.06454452, -0.07047845, ...,  0.69664516,
          0.82220843,  0.98705842],
        [ 0.06454452,  0.        , -0.00594748, ...,  0.7414978 ,
          0.85723185,  0.99535066],
        [ 0.07047845,  0.00594748,  0.        , ...,  0.74547518,
          0.86027923,  0.9959059 ],
        ...,
        [-0.69664516, -0.7414978 , -0.74547518, ...,  0.        ,
          0.19334433,  0.59641659],
        [-0.82220843, -0.85723185, -0.86027923, ..., -0.19334433,
          0.        ,  0.42997012],
        [-0.98705842, -0.99535066, -0.9959059 , ..., -0.59641659,
         -0.42997012,  0.        ]]]), 'num': array([ 9.99784707e-01,  1.16405280e-04,  6.07331897e-05, -3.24556704e-08,
        2.74936277e-04,  2.78778035e-04,  2.67586826e-04,  2.07356739e-02,
        3.34065950e-06,  2.68822870e-04,  2.60279133e-04,  2.29010560e-04,
        1.16455560e-06,  2.79949881e-04,  2.40608385e-04])}
{'img': array([[[ 0.        ,  0.18450834,  0.1299249 , ...,  0.96949078,
          0.98773704,  0.84161087],
        [-0.18450834,  0.        , -0.05525021, ...,  0.90761743,
          0.99958521,  0.92681128],
        [-0.1299249 ,  0.05525021,  0.        , ...,  0.92942502,
          0.99964956,  0.90464765],
        ...,
        [-0.96949078, -0.90761743, -0.92942502, ...,  0.        ,
          0.39348516,  0.72990902],
        [-0.98773704, -0.99958521, -0.99964956, ..., -0.39348516,
          0.        ,  0.40206343],
        [-0.84161087, -0.92681128, -0.90464765, ..., -0.72990902,
         -0.40206343,  0.        ]],

       [[ 0.        , -0.08725204, -0.06282274, ..., -0.02183845,
          0.46279769,  0.16739668],
        [ 0.08725204,  0.        ,  0.02449654, ...,  0.06547606,
          0.53837849,  0.25277916],
        [ 0.06282274, -0.02449654,  0.        , ...,  0.04101244,
          0.51757362,  0.22900231],
        ...,
        [ 0.02183845, -0.06547606, -0.04101244, ...,  0.        ,
          0.48204632,  0.18888707],
        [-0.46279769, -0.53837849, -0.51757362, ..., -0.48204632,
          0.        , -0.30787632],
        [-0.16739668, -0.25277916, -0.22900231, ..., -0.18888707,
          0.30787632,  0.        ]],

       [[ 0.        ,  0.00845058, -0.01593452, ...,  0.99627468,
          0.99492795,  0.97207597],
        [-0.00845058,  0.        , -0.02438346, ...,  0.99696785,
          0.99574247,  0.97402433],
        [ 0.01593452,  0.02438346,  0.        , ...,  0.99477405,
          0.99319878,  0.96821326],
        ...,
        [-0.99627468, -0.99696785, -0.99477405, ...,  0.        ,
          0.01441605,  0.14996355],
        [-0.99492795, -0.99574247, -0.99319878, ..., -0.01441605,
          0.        ,  0.13569494],
        [-0.97207597, -0.97402433, -0.96821326, ..., -0.14996355,
         -0.13569494,  0.        ]],

       ...,

       [[ 0.        ,  0.23256661,  0.05262056, ...,  0.55297692,
          0.73581422,  0.7171224 ],
        [-0.23256661,  0.        , -0.18106668, ...,  0.34404085,
          0.55814828,  0.53537258],
        [-0.05262056,  0.18106668,  0.        , ...,  0.50836754,
          0.69916104,  0.67945513],
        ...,
        [-0.55297692, -0.34404085, -0.50836754, ...,  0.        ,
          0.23861107,  0.21210819],
        [-0.73581422, -0.55814828, -0.69916104, ..., -0.23861107,
          0.        , -0.02720027],
        [-0.7171224 , -0.53537258, -0.67945513, ..., -0.21210819,
          0.02720027,  0.        ]],

       [[ 0.        , -0.00508918, -0.0036877 , ...,  0.96592039,
          0.94447995,  0.80455994],
        [ 0.00508918,  0.        ,  0.0014015 , ...,  0.9645906 ,
          0.94279557,  0.8015272 ],
        [ 0.0036877 , -0.0014015 ,  0.        , ...,  0.9649593 ,
          0.94326186,  0.80236445],
        ...,
        [-0.96592039, -0.9645906 , -0.9649593 , ...,  0.        ,
          0.07290302,  0.3653808 ],
        [-0.94447995, -0.94279557, -0.94326186, ..., -0.07290302,
          0.        ,  0.29654617],
        [-0.80455994, -0.8015272 , -0.80236445, ..., -0.3653808 ,
         -0.29654617,  0.        ]],

       [[ 0.        , -0.00573903, -0.01719515, ...,  0.80670176,
          0.91186495,  0.99815287],
        [ 0.00573903,  0.        , -0.01145669, ...,  0.81008001,
          0.91420575,  0.99848509],
        [ 0.01719515,  0.01145669,  0.        , ...,  0.81674412,
          0.91878858,  0.99904994],
        ...,
        [-0.80670176, -0.81008001, -0.81674412, ...,  0.        ,
          0.20773131,  0.54085818],
        [-0.91186495, -0.91420575, -0.91878858, ..., -0.20773131,
          0.        ,  0.35433419],
        [-0.99815287, -0.99848509, -0.99904994, ..., -0.54085818,
         -0.35433419,  0.        ]]]), 'num': array([ 9.83413554e-01,  1.81060465e-01,  4.91939376e-05, -1.26984242e-08,
        2.70061637e-04,  2.74863468e-04,  2.69730476e-04,  1.06930499e-02,
       -2.48370604e-06,  2.67445466e-04,  2.59125051e-04,  2.27984897e-04,
        1.00129742e-06,  2.78714962e-04,  2.39535140e-04])}
{'img': array([[[ 0.        , -0.05525021, -0.14060334, ...,  0.99958521,
          0.92681128,  0.99962798],
        [ 0.05525021,  0.        , -0.08568723, ...,  0.99964956,
          0.90464765,  0.99659416],
        [ 0.14060334,  0.08568723,  0.        , ...,  0.99370465,
          0.86480393,  0.98586278],
        ...,
        [-0.99958521, -0.99964956, -0.99370465, ...,  0.        ,
          0.40206343,  0.05605219],
        [-0.92681128, -0.90464765, -0.86480393, ..., -0.40206343,
          0.        , -0.35010928],
        [-0.99962798, -0.99659416, -0.98586278, ..., -0.05605219,
          0.35010928,  0.        ]],

       [[ 0.        ,  0.02449654, -0.27523924, ...,  0.53837849,
          0.25277916, -0.25628263],
        [-0.02449654,  0.        , -0.29870703, ...,  0.51757362,
          0.22900231, -0.27988413],
        [ 0.27523924,  0.29870703,  0.        , ...,  0.74952901,
          0.50931633,  0.01966286],
        ...,
        [-0.53837849, -0.51757362, -0.74952901, ...,  0.        ,
         -0.30787632, -0.73636785],
        [-0.25277916, -0.22900231, -0.50931633, ...,  0.30787632,
          0.        , -0.49229641],
        [ 0.25628263,  0.27988413, -0.01966286, ...,  0.73636785,
          0.49229641,  0.        ]],

       [[ 0.        , -0.02430974, -0.09453666, ...,  0.99752856,
          0.9817275 ,  0.9099882 ],
        [ 0.02430974,  0.        , -0.07030785, ...,  0.99552571,
          0.97681142,  0.89963963],
        [ 0.09453666,  0.07030785,  0.        , ...,  0.98641866,
          0.95934113,  0.86671458],
        ...,
        [-0.99752856, -0.99552571, -0.98641866, ...,  0.        ,
          0.12084358,  0.34967167],
        [-0.9817275 , -0.97681142, -0.95934113, ..., -0.12084358,
          0.        ,  0.23389411],
        [-0.9099882 , -0.89963963, -0.86671458, ..., -0.34967167,
         -0.23389411,  0.        ]],

       ...,

       [[ 0.        , -0.18106668, -0.29701172, ...,  0.55814828,
          0.53537258,  0.27765628],
        [ 0.18106668,  0.        , -0.11920653, ...,  0.69916104,
          0.67945513,  0.44701408],
        [ 0.29701172,  0.11920653,  0.        , ...,  0.77940406,
          0.76207413,  0.55046008],
        ...,
        [-0.55814828, -0.69916104, -0.77940406, ...,  0.        ,
         -0.02720027, -0.3058193 ],
        [-0.53537258, -0.67945513, -0.76207413, ...,  0.02720027,
          0.        , -0.27980905],
        [-0.27765628, -0.44701408, -0.55046008, ...,  0.3058193 ,
          0.27980905,  0.        ]],

       [[ 0.        ,  0.00138534,  0.01010571, ...,  0.97011269,
          0.92935681,  0.79595708],
        [-0.00138534,  0.        ,  0.00872043, ...,  0.97044792,
          0.92986736,  0.79679494],
        [-0.01010571, -0.00872043,  0.        , ...,  0.97251535,
          0.93304021,  0.80203396],
        ...,
        [-0.97011269, -0.97044792, -0.97251535, ...,  0.        ,
          0.13263596,  0.39411784],
        [-0.92935681, -0.92986736, -0.93304021, ..., -0.13263596,
          0.        ,  0.26873535],
        [-0.79595708, -0.79679494, -0.80203396, ..., -0.39411784,
         -0.26873535,  0.        ]],

       [[ 0.        , -0.01123007, -0.04379009, ...,  0.88242121,
          0.9518414 ,  0.99938847],
        [ 0.01123007,  0.        , -0.03256803, ...,  0.88764887,
          0.95522441,  0.99971813],
        [ 0.04379009,  0.03256803,  0.        , ...,  0.90217625,
          0.96435399,  0.99996101],
        ...,
        [-0.88242121, -0.88764887, -0.90217625, ...,  0.        ,
          0.17726123,  0.43931705],
        [-0.9518414 , -0.95522441, -0.96435399, ..., -0.17726123,
          0.        ,  0.27312051],
        [-0.99938847, -0.99971813, -0.99996101, ..., -0.43931705,
         -0.27312051,  0.        ]]]), 'num': array([ 9.36260755e-01,  3.51008049e-01,  3.62834927e-05, -2.43967914e-08,
        2.56128113e-04,  2.62162129e-04,  2.52475945e-04,  1.44446093e-02,
       -2.85821825e-06,  2.56826788e-04,  2.49482755e-04,  2.19410594e-04,
        8.71695311e-07,  2.67692925e-04,  2.31272586e-04])}
{'img': array([[[ 0.        , -0.08568723, -0.26389942, ...,  0.90464765,
          0.99659416,  0.99560473],
        [ 0.08568723,  0.        , -0.18027919, ...,  0.86480393,
          0.98586278,  0.999968  ],
        [ 0.26389942,  0.18027919,  0.        , ...,  0.76011461,
          0.93950326,  0.9850262 ],
        ...,
        [-0.90464765, -0.86480393, -0.76011461, ...,  0.        ,
         -0.35010928, -0.50901188],
        [-0.99659416, -0.98586278, -0.93950326, ...,  0.35010928,
          0.        , -0.17543605],
        [-0.99560473, -0.999968  , -0.9850262 , ...,  0.50901188,
          0.17543605,  0.        ]],

       [[ 0.        , -0.29870703,  0.24686392, ...,  0.22900231,
         -0.27988413, -0.03154333],
        [ 0.29870703,  0.        ,  0.5250554 , ...,  0.50931633,
          0.01966286,  0.26845517],
        [-0.24686392, -0.5250554 ,  0.        , ..., -0.018389  ,
         -0.50821946, -0.27730815],
        ...,
        [-0.22900231, -0.50931633,  0.018389  , ...,  0.        ,
         -0.49229641, -0.25959345],
        [ 0.27988413, -0.01966286,  0.50821946, ...,  0.49229641,
          0.        ,  0.24946219],
        [ 0.03154333, -0.26845517,  0.27730815, ...,  0.25959345,
         -0.24946219,  0.        ]],

       [[ 0.        , -0.0700576 , -0.13135779, ...,  0.98413686,
          0.95223421,  0.89820278],
        [ 0.0700576 ,  0.        , -0.06158448, ...,  0.96928979,
          0.92850112,  0.86519983],
        [ 0.13135779,  0.06158448,  0.        , ...,  0.95230502,
          0.90387057,  0.83267744],
        ...,
        [-0.98413686, -0.96928979, -0.95230502, ...,  0.        ,
          0.13158776,  0.2732572 ],
        [-0.95223421, -0.92850112, -0.90387057, ..., -0.13158776,
          0.        ,  0.14430143],
        [-0.89820278, -0.86519983, -0.83267744, ..., -0.2732572 ,
         -0.14430143,  0.        ]],

       ...,

       [[ 0.        , -0.11920653, -0.21078731, ...,  0.67945513,
          0.44701408,  0.2983567 ],
        [ 0.11920653,  0.        , -0.0927561 , ...,  0.76207413,
          0.55046008,  0.41000646],
        [ 0.21078731,  0.0927561 ,  0.        , ...,  0.81884735,
          0.62552547,  0.49284009],
        ...,
        [-0.67945513, -0.76207413, -0.81884735, ...,  0.        ,
         -0.27980905, -0.42959957],
        [-0.44701408, -0.55046008, -0.62552547, ...,  0.27980905,
          0.        , -0.15976647],
        [-0.2983567 , -0.41000646, -0.49284009, ...,  0.42959957,
          0.15976647,  0.        ]],

       [[ 0.        ,  0.0086851 ,  0.05201346, ...,  0.94406504,
          0.8819383 ,  0.79484272],
        [-0.0086851 ,  0.        ,  0.04333815, ...,  0.94689343,
          0.88599889,  0.80008299],
        [-0.05201346, -0.04333815,  0.        , ...,  0.95993906,
          0.90526181,  0.82532938],
        ...,
        [-0.94406504, -0.94689343, -0.95993906, ...,  0.        ,
          0.15417172,  0.31076652],
        [-0.8819383 , -0.88599889, -0.90526181, ..., -0.15417172,
          0.        ,  0.16051291],
        [-0.79484272, -0.80008299, -0.82532938, ..., -0.31076652,
         -0.16051291,  0.        ]],

       [[ 0.        , -0.03161561, -0.10530018, ...,  0.90689593,
          0.94322373,  0.99997937],
        [ 0.03161561,  0.        , -0.0738077 , ...,  0.91976396,
          0.95325359,  0.99927643],
        [ 0.10530018,  0.0738077 ,  0.        , ...,  0.94622275,
          0.97295617,  0.99374366],
        ...,
        [-0.90689593, -0.91976396, -0.94622275, ...,  0.        ,
          0.09619891,  0.42717067],
        [-0.94322373, -0.95325359, -0.97295617, ..., -0.09619891,
          0.        ,  0.33820924],
        [-0.99997937, -0.99927643, -0.99374366, ..., -0.42717067,
         -0.33820924,  0.        ]]]), 'num': array([ 9.99908539e-01,  6.75337205e-05,  6.24900628e-05, -3.80191157e-08,
        2.73554311e-04,  2.77657625e-04,  2.73212368e-04,  1.35028117e-02,
       -2.22262877e-06,  2.77520848e-04,  2.69664710e-04,  2.37074704e-04,
        1.10981464e-06,  2.87946627e-04,  2.51382794e-04])}
{'img': array([[[ 0.        , -0.18027919, -0.18027919, ...,  0.98586278,
          0.999968  ,  0.99422168],
        [ 0.18027919,  0.        ,  0.        , ...,  0.93950326,
          0.9850262 ,  0.99728416],
        [ 0.18027919,  0.        ,  0.        , ...,  0.93950326,
          0.9850262 ,  0.99728416],
        ...,
        [-0.98586278, -0.93950326, -0.93950326, ...,  0.        ,
         -0.17543605, -0.27241532],
        [-0.999968  , -0.9850262 , -0.9850262 , ...,  0.17543605,
          0.        , -0.09938937],
