state_0,state_1,state_2,state_3,state_4,state_5,state_6,state_7,state_8,state_9,state_10,state_11,state_12,state_13,state_14,state_15,state_16,state_17,state_18,state_19,state_20,state_21,state_22,state_23,state_24,state_25,state_26,state_27,state_28,state_29,state_30,state_31,state_32,state_33,state_34,state_35,state_36,state_37,state_38,state_39,state_40,state_41,state_42,state_43,state_44,state_45,state_46,state_47,state_48,state_49,state_50,state_51,state_52,state_53,state_54,state_55,state_56,state_57,state_58,state_59,state_60,state_61,state_62,state_63,state_64,state_65,state_66,state_67,state_68,state_69,state_70,state_71,state_72,state_73,state_74,state_75,state_76,state_77,state_78,state_79,state_80,state_81,state_82,state_83,state_84,state_85,state_86,state_87,state_88,state_89,state_90,state_91,state_92,state_93,state_94,state_95,state_96,state_97,state_98,state_99,state_100,state_101,state_102,state_103,state_104,state_105,state_106,state_107,state_108,state_109,state_110,state_111,state_112,state_113,state_114,state_115,state_116,state_117,state_118,state_119,state_120,state_121,state_122,state_123,state_124,state_125,state_126,state_127,state_128,state_129,state_130,state_131,state_132,state_133,state_134,state_135,state_136,state_137,state_138,state_139,state_140,state_141,state_142,state_143,state_144,state_145,state_146,state_147,state_148,state_149,state_150,state_151,state_152,state_153,state_154,state_155,state_156,state_157,state_158,state_159,state_160,state_161,state_162,state_163,state_164,state_165,state_166,state_167,state_168,state_169,state_170,state_171,state_172,state_173,state_174,state_175,state_176,state_177,state_178,state_179,state_180,state_181,state_182,state_183,state_184,state_185,state_186,state_187,state_188,state_189,state_190,state_191,state_192,state_193,state_194,state_195,state_196,state_197,state_198,state_199,state_200,state_201,state_202,state_203,state_204,state_205,state_206,state_207,state_208,state_209,state_210,state_211,state_212,state_213,state_214,state_215,state_216,state_217,state_218,state_219,state_220,state_221,state_222,state_223,state_224,state_225,state_226,state_227,state_228,state_229,state_230,state_231,state_232,state_233,state_234,state_235,state_236,state_237,state_238,state_239,state_240,state_241,state_242,state_243,state_244,state_245,state_246,state_247,state_248,state_249,state_250,state_251,state_252,state_253,state_254,state_255,state_256,state_257,state_258,state_259,state_260,state_261,state_262,state_263,state_264,state_265,state_266,state_267,state_268,state_269,state_270,state_271,state_272,state_273,state_274,state_275,state_276,state_277,state_278,state_279,state_280,state_281,state_282,state_283,state_284,state_285,state_286,state_287
{'img': array([[[ 0.00000000e+00, -3.04910678e-01,  3.12298068e-01, ...,
          8.25563471e-01,  6.92273161e-01,  7.29807712e-01],
        [ 3.04910678e-01,  0.00000000e+00,  5.87087048e-01, ...,
          9.58314847e-01,  8.79342158e-01,  9.03507903e-01],
        [-3.12298068e-01, -5.87087048e-01,  0.00000000e+00, ...,
          6.08039530e-01,  4.32283153e-01,  4.79802425e-01],
        ...,
        [-8.25563471e-01, -9.58314847e-01, -6.08039530e-01, ...,
          0.00000000e+00, -2.05099787e-01, -1.52561248e-01],
        [-6.92273161e-01, -8.79342158e-01, -4.32283153e-01, ...,
          2.05099787e-01,  0.00000000e+00,  5.33809338e-02],
        [-7.29807712e-01, -9.03507903e-01, -4.79802425e-01, ...,
          1.52561248e-01, -5.33809338e-02,  0.00000000e+00]],

       [[ 0.00000000e+00, -1.01175029e-01, -1.99615699e-01, ...,
         -2.94910444e-01, -4.00906072e-01, -3.89028066e-01],
        [ 1.01175029e-01,  0.00000000e+00, -9.94525919e-02, ...,
         -1.96721893e-01, -3.06160496e-01, -2.93826766e-01],
        [ 1.99615699e-01,  9.94525919e-02,  0.00000000e+00, ...,
         -9.82373835e-02, -2.09965775e-01, -1.97307437e-01],
        ...,
        [ 2.94910444e-01,  1.96721893e-01,  9.82373835e-02, ...,
          0.00000000e+00, -1.12902625e-01, -1.00046863e-01],
        [ 4.00906072e-01,  3.06160496e-01,  2.09965775e-01, ...,
          1.12902625e-01,  0.00000000e+00,  1.29289918e-02],
        [ 3.89028066e-01,  2.93826766e-01,  1.97307437e-01, ...,
          1.00046863e-01, -1.29289918e-02,  0.00000000e+00]],

       [[ 0.00000000e+00, -5.93334985e-01, -8.56634621e-01, ...,
         -7.61005542e-02, -7.61005542e-02, -3.00129422e-02],
        [ 5.93334985e-01,  0.00000000e+00, -3.83437374e-01, ...,
          5.30356831e-01,  5.30356831e-01,  5.68908606e-01],
        [ 8.56634621e-01,  3.83437374e-01,  0.00000000e+00, ...,
          8.14888438e-01,  8.14888438e-01,  8.40764331e-01],
        ...,
        [ 7.61005542e-02, -5.30356831e-01, -8.14888438e-01, ...,
          0.00000000e+00,  0.00000000e+00,  4.61403626e-02],
        [ 7.61005542e-02, -5.30356831e-01, -8.14888438e-01, ...,
          0.00000000e+00,  0.00000000e+00,  4.61403626e-02],
        [ 3.00129422e-02, -5.68908606e-01, -8.40764331e-01, ...,
         -4.61403626e-02, -4.61403626e-02,  0.00000000e+00]],

       ...,

       [[ 0.00000000e+00,  2.65567149e-01,  7.65289890e-01, ...,
          5.61237229e-01,  9.91431172e-01,  9.91431172e-01],
        [-2.65567149e-01,  0.00000000e+00,  5.66868343e-01, ...,
          7.60882502e-01,  9.90522296e-01,  9.90522296e-01],
        [-7.65289890e-01, -5.66868343e-01,  0.00000000e+00, ...,
          9.94656416e-01,  7.38140068e-01,  7.38140068e-01],
        ...,
        [-5.61237229e-01, -7.60882502e-01, -9.94656416e-01, ...,
          0.00000000e+00, -7.47248457e-01, -7.47248457e-01],
        [-9.91431172e-01, -9.90522296e-01, -7.38140068e-01, ...,
          7.47248457e-01,  0.00000000e+00,  0.00000000e+00],
        [-9.91431172e-01, -9.90522296e-01, -7.38140068e-01, ...,
          7.47248457e-01,  0.00000000e+00,  0.00000000e+00]],

       [[ 0.00000000e+00,  5.35958747e-02,  3.11818758e-03, ...,
         -9.84429988e-01, -8.92488720e-01, -7.69820390e-01],
        [-5.35958747e-02,  0.00000000e+00, -5.04819083e-02, ...,
         -9.73594147e-01, -8.67030478e-01, -7.34505800e-01],
        [-3.11818758e-03,  5.04819083e-02,  0.00000000e+00, ...,
         -9.83877097e-01, -8.91077861e-01, -7.67826432e-01],
        ...,
        [ 9.84429988e-01,  9.73594147e-01,  9.83877097e-01, ...,
          0.00000000e+00, -2.87167449e-01, -4.93006039e-01],
        [ 8.92488720e-01,  8.67030478e-01,  8.91077861e-01, ...,
          2.87167449e-01,  0.00000000e+00, -2.22397706e-01],
        [ 7.69820390e-01,  7.34505800e-01,  7.67826432e-01, ...,
          4.93006039e-01,  2.22397706e-01,  0.00000000e+00]],

       [[ 0.00000000e+00, -4.27726978e-01, -7.09634635e-01, ...,
         -1.08553250e-01, -5.17166998e-02, -5.20033113e-02],
        [ 4.27726978e-01,  0.00000000e+00, -3.40080872e-01, ...,
          3.27077234e-01,  3.80407455e-01,  3.80142018e-01],
        [ 7.09634635e-01,  3.40080872e-01,  0.00000000e+00, ...,
          6.28957798e-01,  6.72246972e-01,  6.72034472e-01],
        ...,
        [ 1.08553250e-01, -3.27077234e-01, -6.28957798e-01, ...,
          0.00000000e+00,  5.69968970e-02,  5.67103635e-02],
        [ 5.17166998e-02, -3.80407455e-01, -6.72246972e-01, ...,
         -5.69968970e-02,  0.00000000e+00, -2.86997701e-04],
        [ 5.20033113e-02, -3.80142018e-01, -6.72034472e-01, ...,
         -5.67103635e-02,  2.86997701e-04,  0.00000000e+00]]]), 'num': array([7.06833594e-01, 7.06833594e-01, 0.00000000e+00, 0.00000000e+00,
       9.57170492e-03, 9.60115631e-03, 9.48335072e-03, 6.03459181e-03,
       0.00000000e+00, 9.58348548e-03, 9.56728721e-03, 9.79209956e-03,
       2.94513997e-05, 9.74524289e-03, 9.38933152e-03])}
{'img': array([[[ 0.00000000e+00,  5.87087048e-01,  9.71241812e-01, ...,
          8.79342158e-01,  9.03507903e-01,  9.03507903e-01],
        [-5.87087048e-01,  0.00000000e+00,  9.26026002e-01, ...,
          4.32283153e-01,  4.79802425e-01,  4.79802425e-01],
        [-9.71241812e-01, -9.26026002e-01,  0.00000000e+00, ...,
         -6.71863281e-01, -6.31367420e-01, -6.31367420e-01],
        ...,
        [-8.79342158e-01, -4.32283153e-01,  6.71863281e-01, ...,
          0.00000000e+00,  5.33809338e-02,  5.33809338e-02],
        [-9.03507903e-01, -4.79802425e-01,  6.31367420e-01, ...,
         -5.33809338e-02,  0.00000000e+00,  0.00000000e+00],
        [-9.03507903e-01, -4.79802425e-01,  6.31367420e-01, ...,
         -5.33809338e-02,  0.00000000e+00,  0.00000000e+00]],

       [[ 0.00000000e+00, -9.94525919e-02,  6.68880956e-01, ...,
         -3.06160496e-01, -2.93826766e-01, -3.34109381e-01],
        [ 9.94525919e-02,  0.00000000e+00,  5.91634819e-01, ...,
         -2.09965775e-01, -1.97307437e-01, -2.38715487e-01],
        [-6.68880956e-01, -5.91634819e-01,  0.00000000e+00, ...,
         -4.09170847e-01, -4.20933807e-01, -3.82076514e-01],
        ...,
        [ 3.06160496e-01,  2.09965775e-01,  4.09170847e-01, ...,
          0.00000000e+00,  1.29289918e-02, -2.94986469e-02],
        [ 2.93826766e-01,  1.97307437e-01,  4.20933807e-01, ...,
         -1.29289918e-02,  0.00000000e+00, -4.24195467e-02],
        [ 3.34109381e-01,  2.38715487e-01,  3.82076514e-01, ...,
          2.94986469e-02,  4.24195467e-02,  0.00000000e+00]],

       [[ 0.00000000e+00, -3.83437374e-01,  2.32816742e-01, ...,
          5.30356831e-01,  5.68908606e-01,  5.81244344e-01],
        [ 3.83437374e-01,  0.00000000e+00,  5.87922586e-01, ...,
          8.14888438e-01,  8.40764331e-01,  8.48832166e-01],
        [-2.32816742e-01, -5.87922586e-01,  0.00000000e+00, ...,
          3.18406855e-01,  3.61806689e-01,  3.75822359e-01],
        ...,
        [-5.30356831e-01, -8.14888438e-01, -3.18406855e-01, ...,
          0.00000000e+00,  4.61403626e-02,  6.11973677e-02],
        [-5.68908606e-01, -8.40764331e-01, -3.61806689e-01, ...,
         -4.61403626e-02,  0.00000000e+00,  1.50783094e-02],
        [-5.81244344e-01, -8.48832166e-01, -3.75822359e-01, ...,
         -6.11973677e-02, -1.50783094e-02,  0.00000000e+00]],

       ...,

       [[ 0.00000000e+00,  7.38972375e-01,  9.49143093e-01, ...,
          9.93395988e-01,  9.93395988e-01,  9.74705987e-01],
        [-7.38972375e-01,  0.00000000e+00,  8.72133386e-01, ...,
          7.54073301e-01,  7.54073301e-01,  8.21847941e-01],
        [-9.49143093e-01, -8.72133386e-01,  0.00000000e+00, ...,
         -2.03864646e-01, -2.03864646e-01, -9.47563650e-02],
        ...,
        [-9.93395988e-01, -7.54073301e-01,  2.03864646e-01, ...,
          0.00000000e+00,  0.00000000e+00,  1.10180961e-01],
        [-9.93395988e-01, -7.54073301e-01,  2.03864646e-01, ...,
          0.00000000e+00,  0.00000000e+00,  1.10180961e-01],
        [-9.74705987e-01, -8.21847941e-01,  9.47563650e-02, ...,
         -1.10180961e-01, -1.10180961e-01,  0.00000000e+00]],

       [[ 0.00000000e+00, -4.94528813e-02, -1.63601186e-01, ...,
         -9.46315734e-01, -9.24441640e-01, -7.24334940e-01],
        [ 4.94528813e-02,  0.00000000e+00, -1.14614433e-01, ...,
         -9.61143212e-01, -9.42168095e-01, -7.57543888e-01],
        [ 1.63601186e-01,  1.14614433e-01,  0.00000000e+00, ...,
         -9.86448668e-01, -9.74371217e-01, -8.27370208e-01],
        ...,
        [ 9.46315734e-01,  9.61143212e-01,  9.86448668e-01, ...,
          0.00000000e+00, -6.20324830e-02, -4.18298977e-01],
        [ 9.24441640e-01,  9.42168095e-01,  9.74371217e-01, ...,
          6.20324830e-02,  0.00000000e+00, -3.61148701e-01],
        [ 7.24334940e-01,  7.57543888e-01,  8.27370208e-01, ...,
          4.18298977e-01,  3.61148701e-01,  0.00000000e+00]],

       [[ 0.00000000e+00, -3.40080872e-01, -2.78935450e-01, ...,
          3.80407455e-01,  3.80142018e-01,  4.17522851e-01],
        [ 3.40080872e-01,  0.00000000e+00,  6.42731776e-02, ...,
          6.72246972e-01,  6.72034472e-01,  7.01656970e-01],
        [ 2.78935450e-01, -6.42731776e-02,  0.00000000e+00, ...,
          6.23273828e-01,  6.23049370e-01,  6.54410585e-01],
        ...,
        [-3.80407455e-01, -6.72246972e-01, -6.23273828e-01, ...,
          0.00000000e+00, -2.86997701e-04,  4.04695813e-02],
        [-3.80142018e-01, -6.72034472e-01, -6.23049370e-01, ...,
          2.86997701e-04,  0.00000000e+00,  4.07563423e-02],
        [-4.17522851e-01, -7.01656970e-01, -6.54410585e-01, ...,
         -4.04695813e-02, -4.07563423e-02,  0.00000000e+00]]]), 'num': array([ 7.66255237e-01,  6.41735959e-01,  7.66272478e-06, -1.43676090e-09,
        1.03766065e-02,  1.03766065e-02,  1.02169664e-02,  1.28689077e-02,
        0.00000000e+00,  1.03893777e-02,  1.03558533e-02,  1.06219201e-02,
        3.19280199e-05,  1.04791384e-02,  1.02325681e-02])}
{'img': array([[[ 0.        ,  0.98745595,  0.998614  , ...,  0.81536491,
          0.81536491,  0.81536491],
        [-0.98745595,  0.        , -0.20964726, ..., -0.70042685,
         -0.70042685, -0.70042685],
        [-0.998614  ,  0.20964726,  0.        , ..., -0.535231  ,
         -0.535231  , -0.535231  ],
        ...,
        [-0.81536491,  0.70042685,  0.535231  , ...,  0.        ,
          0.        ,  0.        ],
        [-0.81536491,  0.70042685,  0.535231  , ...,  0.        ,
          0.        ,  0.        ],
        [-0.81536491,  0.70042685,  0.535231  , ...,  0.        ,
          0.        ,  0.        ]],

       [[ 0.        ,  0.59163482,  0.19443271, ..., -0.19730744,
         -0.23871549, -0.04805285],
        [-0.59163482,  0.        , -0.73709681, ..., -0.42093381,
         -0.38207651, -0.55221086],
        [-0.19443271,  0.73709681,  0.        , ..., -0.38415248,
         -0.42297138, -0.2413439 ],
        ...,
        [ 0.19730744,  0.42093381,  0.38415248, ...,  0.        ,
         -0.04241955,  0.1499713 ],
        [ 0.23871549,  0.38207651,  0.42297138, ...,  0.04241955,
          0.        ,  0.19177611],
        [ 0.04805285,  0.55221086,  0.2413439 , ..., -0.1499713 ,
         -0.19177611,  0.        ]],

       [[ 0.        ,  0.58792259,  0.76560404, ...,  0.84076433,
          0.84883217,  0.84883217],
        [-0.58792259,  0.        ,  0.24109256, ...,  0.36180669,
          0.37582236,  0.37582236],
        [-0.76560404, -0.24109256,  0.        , ...,  0.12637487,
          0.14131792,  0.14131792],
        ...,
        [-0.84076433, -0.36180669, -0.12637487, ...,  0.        ,
          0.01507831,  0.01507831],
        [-0.84883217, -0.37582236, -0.14131792, ..., -0.01507831,
          0.        ,  0.        ],
        [-0.84883217, -0.37582236, -0.14131792, ..., -0.01507831,
          0.        ,  0.        ]],

       ...,

       [[ 0.        ,  0.87213339,  0.7246644 , ...,  0.7540733 ,
          0.82184794,  0.82184794],
        [-0.87213339,  0.        , -0.24643359, ..., -0.20386465,
         -0.09475636, -0.09475636],
        [-0.7246644 ,  0.24643359,  0.        , ...,  0.04368086,
          0.15349071,  0.15349071],
        ...,
        [-0.7540733 ,  0.20386465, -0.04368086, ...,  0.        ,
          0.11018096,  0.11018096],
        [-0.82184794,  0.09475636, -0.15349071, ..., -0.11018096,
          0.        ,  0.        ],
        [-0.82184794,  0.09475636, -0.15349071, ..., -0.11018096,
          0.        ,  0.        ]],

       [[ 0.        , -0.10922215, -0.18860194, ..., -0.99673269,
         -0.98206999, -0.73413526],
        [ 0.10922215,  0.        , -0.0802116 , ..., -0.99959158,
         -0.99678482, -0.80390539],
        [ 0.18860194,  0.0802116 ,  0.        , ..., -0.9940785 ,
         -1.        , -0.84902152],
        ...,
        [ 0.99673269,  0.99959158,  0.9940785 , ...,  0.        ,
         -0.10857803, -0.61748797],
        [ 0.98206999,  0.99678482,  1.        , ...,  0.10857803,
          0.        , -0.52843199],
        [ 0.73413526,  0.80390539,  0.84902152, ...,  0.61748797,
          0.52843199,  0.        ]],

       [[ 0.        ,  0.06427318,  0.0764335 , ...,  0.67203447,
          0.70165697,  0.8095954 ],
        [-0.06427318,  0.        ,  0.01219031, ...,  0.62304937,
          0.65441059,  0.77019383],
        [-0.0764335 , -0.01219031,  0.        , ...,  0.61346803,
          0.64514439,  0.76236151],
        ...,
        [-0.67203447, -0.62304937, -0.61346803, ...,  0.        ,
          0.04075634,  0.2050451 ],
        [-0.70165697, -0.65441059, -0.64514439, ..., -0.04075634,
          0.        ,  0.16498435],
        [-0.8095954 , -0.77019383, -0.76236151, ..., -0.2050451 ,
         -0.16498435,  0.        ]]]), 'num': array([ 9.02651768e-01,  4.28690137e-01,  2.95303197e-05, -5.61580866e-09,
        1.21528623e-02,  1.22664405e-02,  1.21150030e-02,  1.54640441e-02,
       -1.51437537e-04,  1.22664405e-02,  1.22645475e-02,  1.25977101e-02,
        3.44176220e-05,  1.23967305e-02,  1.21323646e-02])}
{'img': array([[[ 0.        , -0.22716654, -0.6128443 , ..., -0.77164447,
         -0.77164447, -0.96794697],
        [ 0.22716654,  0.        , -0.41731422, ..., -0.60698034,
         -0.60698034, -0.88558695],
        [ 0.6128443 ,  0.41731422,  0.        , ..., -0.21995418,
         -0.21995418, -0.61095654],
        ...,
        [ 0.77164447,  0.60698034,  0.21995418, ...,  0.        ,
          0.        , -0.42186451],
        [ 0.77164447,  0.60698034,  0.21995418, ...,  0.        ,
          0.        , -0.42186451],
        [ 0.96794697,  0.88558695,  0.61095654, ...,  0.42186451,
          0.42186451,  0.        ]],

       [[ 0.        , -0.73709681, -0.6424665 , ..., -0.38207651,
         -0.55221086, -0.55591327],
        [ 0.73709681,  0.        , -0.13067682, ..., -0.42297138,
         -0.2413439 , -0.23702552],
        [ 0.6424665 ,  0.13067682,  0.        , ..., -0.30093252,
         -0.11246041, -0.10804006],
        ...,
        [ 0.38207651,  0.42297138,  0.30093252, ...,  0.        ,
          0.19177611,  0.19613911],
        [ 0.55221086,  0.2413439 ,  0.11246041, ..., -0.19177611,
          0.        ,  0.00444745],
        [ 0.55591327,  0.23702552,  0.10804006, ..., -0.19613911,
         -0.00444745,  0.        ]],

       [[ 0.        ,  0.57677733,  0.78482432, ...,  0.72367507,
          0.72367507,  0.6147367 ],
        [-0.57677733,  0.        ,  0.28368462, ...,  0.19311359,
          0.19311359,  0.04725631],
        [-0.78482432, -0.28368462,  0.        , ..., -0.09316463,
         -0.09316463, -0.23805278],
        ...,
        [-0.72367507, -0.19311359,  0.09316463, ...,  0.        ,
          0.        , -0.14653107],
        [-0.72367507, -0.19311359,  0.09316463, ...,  0.        ,
          0.        , -0.14653107],
        [-0.6147367 , -0.04725631,  0.23805278, ...,  0.14653107,
          0.14653107,  0.        ]],

       ...,

       [[ 0.        , -0.24643359, -0.37307708, ..., -0.09475636,
         -0.09475636, -0.29974409],
        [ 0.24643359,  0.        , -0.1329301 , ...,  0.15349071,
          0.15349071, -0.0553974 ],
        [ 0.37307708,  0.1329301 ,  0.        , ...,  0.28348343,
          0.28348343,  0.0778202 ],
        ...,
        [ 0.09475636, -0.15349071, -0.28348343, ...,  0.        ,
          0.        , -0.20799595],
        [ 0.09475636, -0.15349071, -0.28348343, ...,  0.        ,
          0.        , -0.20799595],
        [ 0.29974409,  0.0553974 , -0.0778202 , ...,  0.20799595,
          0.20799595,  0.        ]],

       [[ 0.        , -0.07912272, -0.16231781, ..., -0.99978777,
         -0.93754654, -0.79747001],
        [ 0.07912272,  0.        , -0.08373549, ..., -0.99828334,
         -0.96213084, -0.84270922],
        [ 0.16231781,  0.08373549,  0.        , ..., -0.98987305,
         -0.98157715, -0.88483023],
        ...,
        [ 0.99978777,  0.99828334,  0.98987305, ...,  0.        ,
         -0.32847149, -0.58680173],
        [ 0.93754654,  0.96213084,  0.98157715, ...,  0.32847149,
          0.        , -0.28826894],
        [ 0.79747001,  0.84270922,  0.88483023, ...,  0.58680173,
          0.28826894,  0.        ]],

       [[ 0.        ,  0.01219031, -0.04943497, ...,  0.65441059,
          0.77019383,  0.76830994],
        [-0.01219031,  0.        , -0.0616067 , ...,  0.64514439,
          0.76236151,  0.76045011],
        [ 0.04943497,  0.0616067 ,  0.        , ...,  0.6909902 ,
          0.80078227,  0.7990128 ],
        ...,
        [-0.65441059, -0.64514439, -0.6909902 , ...,  0.        ,
          0.16498435,  0.16207561],
        [-0.77019383, -0.76236151, -0.80078227, ..., -0.16498435,
          0.        , -0.00294844],
        [-0.76830994, -0.76045011, -0.7990128 , ..., -0.16207561,
          0.00294844,  0.        ]]]), 'num': array([ 9.99072421e-01,  3.63075969e-03,  6.20212873e-05, -5.56515335e-07,
        1.34519143e-02,  1.35776332e-02,  1.33261955e-02,  1.91796640e-02,
        0.00000000e+00,  1.35524894e-02,  1.35713472e-02,  1.39317412e-02,
        3.80966138e-05,  1.37265137e-02,  1.34161808e-02])}
{'img': array([[[ 0.        , -0.41731422,  0.50025631, ..., -0.60698034,
         -0.88558695, -0.88558695],
        [ 0.41731422,  0.        ,  0.81595699, ..., -0.21995418,
         -0.61095654, -0.61095654],
        [-0.50025631, -0.81595699,  0.        , ..., -0.92313266,
         -0.99916557, -0.99916557],
        ...,
        [ 0.60698034,  0.21995418,  0.92313266, ...,  0.        ,
         -0.42186451, -0.42186451],
        [ 0.88558695,  0.61095654,  0.99916557, ...,  0.42186451,
          0.        ,  0.        ],
        [ 0.88558695,  0.61095654,  0.99916557, ...,  0.42186451,
          0.        ,  0.        ]],

       [[ 0.        , -0.27642796,  0.06280027, ..., -0.48286828,
         -0.47530791, -0.40644044],
        [ 0.27642796,  0.        ,  0.33623556, ..., -0.22198711,
         -0.21358064, -0.1380374 ],
        [-0.06280027, -0.33623556,  0.        , ..., -0.53690891,
         -0.52962261, -0.46301736],
        ...,
        [ 0.48286828,  0.22198711,  0.53690891, ...,  0.        ,
          0.00861313,  0.08526873],
        [ 0.47530791,  0.21358064,  0.52962261, ..., -0.00861313,
          0.        ,  0.0766838 ],
        [ 0.40644044,  0.1380374 ,  0.46301736, ..., -0.08526873,
         -0.0766838 ,  0.        ]],

       [[ 0.        ,  0.35729948,  0.78272058, ...,  0.25209967,
          0.06693147, -0.03749903],
        [-0.35729948,  0.        ,  0.50867945, ..., -0.11030063,
         -0.29398494, -0.39207189],
        [-0.78272058, -0.50867945,  0.        , ..., -0.60053961,
         -0.73930903, -0.80550846],
        ...,
        [-0.25209967,  0.11030063,  0.60053961, ...,  0.        ,
         -0.18676468, -0.28821022],
        [-0.06693147,  0.29398494,  0.73930903, ...,  0.18676468,
          0.        , -0.10429934],
        [ 0.03749903,  0.39207189,  0.80550846, ...,  0.28821022,
          0.10429934,  0.        ]],

       ...,

       [[ 0.        , -0.1329301 ,  0.29901601, ...,  0.15349071,
         -0.0553974 , -0.0553974 ],
        [ 0.1329301 ,  0.        ,  0.42321066, ...,  0.28348343,
          0.0778202 ,  0.0778202 ],
        [-0.29901601, -0.42321066,  0.        , ..., -0.14900448,
         -0.3514197 , -0.3514197 ],
        ...,
        [-0.15349071, -0.28348343,  0.14900448, ...,  0.        ,
         -0.20799595, -0.20799595],
        [ 0.0553974 , -0.0778202 ,  0.3514197 , ...,  0.20799595,
          0.        ,  0.        ],
        [ 0.0553974 , -0.0778202 ,  0.3514197 , ...,  0.20799595,
          0.        ,  0.        ]],

       [[ 0.        , -0.08373549, -0.104027  , ..., -0.96213084,
         -0.84270922, -0.89708559],
        [ 0.08373549,  0.        , -0.02038048, ..., -0.98157715,
         -0.88483023, -0.93093414],
        [ 0.104027  ,  0.02038048,  0.        , ..., -0.98526729,
         -0.89414199, -0.93818347],
        ...,
        [ 0.96213084,  0.98157715,  0.98526729, ...,  0.        ,
         -0.28826894, -0.18058925],
        [ 0.84270922,  0.88483023,  0.89414199, ...,  0.28826894,
          0.        ,  0.11060626],
        [ 0.89708559,  0.93093414,  0.93818347, ...,  0.18058925,
         -0.11060626,  0.        ]],

       [[ 0.        , -0.0616067 , -0.0405016 , ...,  0.76236151,
          0.76045011,  0.74027042],
        [ 0.0616067 ,  0.        ,  0.02113148, ...,  0.80078227,
          0.7990128 ,  0.78028303],
        [ 0.0405016 , -0.02113148,  0.        , ...,  0.78794664,
          0.78612773,  0.76689261],
        ...,
        [-0.76236151, -0.80078227, -0.78794664, ...,  0.        ,
         -0.00294844, -0.03347564],
        [-0.76045011, -0.7990128 , -0.78612773, ...,  0.00294844,
          0.        , -0.03052871],
        [-0.74027042, -0.78028303, -0.76689261, ...,  0.03347564,
          0.03052871,  0.        ]]]), 'num': array([ 9.42409929e-01,  3.32319363e-01,  3.78938240e-05, -5.69196814e-07,
        1.27102201e-02,  1.27496929e-02,  1.26312747e-02,  1.09339471e-02,
        3.94727333e-05,  1.27417983e-02,  1.27773238e-02,  1.31141578e-02,
        4.13523873e-05,  1.29252281e-02,  1.26294195e-02])}
{'img': array([[[ 0.        ,  0.81595699,  0.83982505, ..., -0.61095654,
         -0.61095654, -0.49183406],
        [-0.81595699,  0.        ,  0.92846153, ..., -0.99916557,
         -0.99916557, -0.99478021],
        [-0.83982505, -0.92846153,  0.        , ..., -0.33319725,
         -0.33319725, -0.46423077],
        ...,
        [ 0.61095654,  0.99916557,  0.33319725, ...,  0.        ,
          0.        ,  0.14258573],
        [ 0.61095654,  0.99916557,  0.33319725, ...,  0.        ,
          0.        ,  0.14258573],
        [ 0.49183406,  0.99478021,  0.46423077, ..., -0.14258573,
         -0.14258573,  0.        ]],

       [[ 0.        ,  0.33623556,  0.95773506, ..., -0.21358064,
         -0.1380374 , -0.4262346 ],
        [-0.33623556,  0.        ,  0.99869249, ..., -0.52962261,
         -0.46301736, -0.70558128],
        [-0.95773506, -0.99869249,  0.        , ..., -0.87419888,
         -0.90885997, -0.74377211],
        ...,
        [ 0.21358064,  0.52962261,  0.87419888, ...,  0.        ,
          0.0766838 , -0.22319167],
        [ 0.1380374 ,  0.46301736,  0.90885997, ..., -0.0766838 ,
          0.        , -0.29728389],
        [ 0.4262346 ,  0.70558128,  0.74377211, ...,  0.22319167,
          0.29728389,  0.        ]],

       [[ 0.        ,  0.50867945,  0.89335781, ..., -0.29398494,
         -0.39207189, -0.51941138],
        [-0.50867945,  0.        ,  0.54056867, ..., -0.73930903,
         -0.80550846, -0.8818693 ],
        [-0.89335781, -0.54056867,  0.        , ..., -0.98598133,
         -0.99800668, -0.9967914 ],
        ...,
        [ 0.29398494,  0.73930903,  0.98598133, ...,  0.        ,
         -0.10429934, -0.24524133],
        [ 0.39207189,  0.80550846,  0.99800668, ...,  0.10429934,
          0.        , -0.14278952],
        [ 0.51941138,  0.8818693 ,  0.9967914 , ...,  0.24524133,
          0.14278952,  0.        ]],

       ...,

       [[ 0.        ,  0.42321066,  0.60048001, ...,  0.0778202 ,
          0.0778202 ,  0.39007552],
        [-0.42321066,  0.        ,  0.20563762, ..., -0.3514197 ,
         -0.3514197 , -0.03626449],
        [-0.60048001, -0.20563762,  0.        , ..., -0.53643088,
         -0.53643088, -0.24099181],
        ...,
        [-0.0778202 ,  0.3514197 ,  0.53643088, ...,  0.        ,
          0.        ,  0.31723708],
        [-0.0778202 ,  0.3514197 ,  0.53643088, ...,  0.        ,
          0.        ,  0.31723708],
        [-0.39007552,  0.03626449,  0.24099181, ..., -0.31723708,
         -0.31723708,  0.        ]],

       [[ 0.        , -0.02038048,  0.13001944, ..., -0.88483023,
         -0.93093414, -0.89611509],
        [ 0.02038048,  0.        ,  0.15019991, ..., -0.89414199,
         -0.93818347, -0.90497426],
        [-0.13001944, -0.15019991,  0.        , ..., -0.81674148,
         -0.87555043, -0.83080291],
        ...,
        [ 0.88483023,  0.89414199,  0.81674148, ...,  0.        ,
          0.11060626,  0.02480527],
        [ 0.93093414,  0.93818347,  0.87555043, ..., -0.11060626,
          0.        , -0.08591915],
        [ 0.89611509,  0.90497426,  0.83080291, ..., -0.02480527,
          0.08591915,  0.        ]],

       [[ 0.        ,  0.02113148, -0.19528637, ...,  0.7990128 ,
          0.78028303,  0.76820976],
        [-0.02113148,  0.        , -0.21596739, ...,  0.78612773,
          0.76689261,  0.75450988],
        [ 0.19528637,  0.21596739,  0.        , ...,  0.90105725,
          0.88739695,  0.87844084],
        ...,
        [-0.7990128 , -0.78612773, -0.90105725, ...,  0.        ,
         -0.03052871, -0.04959129],
        [-0.78028303, -0.76689261, -0.88739695, ...,  0.03052871,
          0.        , -0.01907703],
        [-0.76820976, -0.75450988, -0.87844084, ...,  0.04959129,
          0.01907703,  0.        ]]]), 'num': array([ 9.70372245e-01,  2.38589080e-01,  4.57364478e-05, -4.26737392e-07,
        1.30675565e-02,  1.31492287e-02,  1.30675565e-02,  7.65758811e-03,
       -8.16722282e-05,  1.31410615e-02,  1.32063993e-02,  1.35616735e-02,
        3.90606309e-05,  1.33664435e-02,  1.30463551e-02])}
{'img': array([[[ 0.        ,  0.92846153,  0.25993406, ..., -0.99916557,
         -0.99478021, -0.92846153],
        [-0.92846153,  0.        , -0.8       , ..., -0.33319725,
         -0.46423077, -0.        ],
        [-0.25993406,  0.8       ,  0.        , ..., -0.95420406,
         -0.98710989, -0.8       ],
        ...,
        [ 0.99916557,  0.33319725,  0.95420406, ...,  0.        ,
          0.14258573, -0.33319725],
        [ 0.99478021,  0.46423077,  0.98710989, ..., -0.14258573,
          0.        , -0.46423077],
        [ 0.92846153,  0.        ,  0.8       , ...,  0.33319725,
          0.46423077,  0.        ]],

       [[ 0.        ,  0.99869249, -0.31184261, ..., -0.46301736,
         -0.70558128, -0.82301638],
        [-0.99869249,  0.        , -0.96483301, ..., -0.90885997,
         -0.74377211, -0.60934794],
        [ 0.31184261,  0.96483301,  0.        , ..., -0.16352698,
         -0.44941589, -0.60484356],
        ...,
        [ 0.46301736,  0.90885997,  0.16352698, ...,  0.        ,
         -0.29728389, -0.46647789],
        [ 0.70558128,  0.74377211,  0.44941589, ...,  0.29728389,
          0.        , -0.18243065],
        [ 0.82301638,  0.60934794,  0.60484356, ...,  0.46647789,
          0.18243065,  0.        ]],

       [[ 0.        ,  0.53032   ,  0.64527615, ..., -0.76131156,
         -0.82410741, -0.97608454],
        [-0.53032   ,  0.        ,  0.1419259 , ..., -0.98929027,
         -0.99906729, -0.94280904],
        [-0.64527615, -0.1419259 ,  0.        , ..., -0.99999168,
         -0.99508243, -0.88595662],
        ...,
        [ 0.76131156,  0.98929027,  0.99999168, ...,  0.        ,
         -0.10310749, -0.46737726],
        [ 0.82410741,  0.99906729,  0.99508243, ...,  0.10310749,
          0.        , -0.37373325],
        [ 0.97608454,  0.94280904,  0.88595662, ...,  0.46737726,
          0.37373325,  0.        ]],

       ...,

       [[ 0.        ,  0.20563762,  0.04602188, ..., -0.3514197 ,
         -0.03626449, -0.24783158],
        [-0.20563762,  0.        , -0.16038142, ..., -0.53643088,
         -0.24099181, -0.44175734],
        [-0.04602188,  0.16038142,  0.        , ..., -0.39413386,
         -0.08221767, -0.29215512],
        ...,
        [ 0.3514197 ,  0.53643088,  0.39413386, ...,  0.        ,
          0.31723708,  0.10843211],
        [ 0.03626449,  0.24099181,  0.08221767, ..., -0.31723708,
          0.        , -0.21253541],
        [ 0.24783158,  0.44175734,  0.29215512, ..., -0.10843211,
          0.21253541,  0.        ]],

       [[ 0.        ,  0.14986891,  0.23230054, ..., -0.95354952,
         -0.94013484, -0.89321082],
        [-0.14986891,  0.        ,  0.08390781, ..., -0.89763407,
         -0.87844111, -0.81573602],
        [-0.23230054, -0.08390781,  0.        , ..., -0.85748692,
         -0.83524791, -0.76432502],
        ...,
        [ 0.95354952,  0.89763407,  0.85748692, ...,  0.        ,
         -0.04176952, -0.15968469],
        [ 0.94013484,  0.87844111,  0.83524791, ...,  0.04176952,
          0.        , -0.11831179],
        [ 0.89321082,  0.81573602,  0.76432502, ...,  0.15968469,
          0.11831179,  0.        ]],

       [[ 0.        , -0.21596739, -0.29215017, ...,  0.76689261,
          0.75450988,  0.7232039 ],
        [ 0.21596739,  0.        , -0.07871033, ...,  0.88739695,
          0.87844084,  0.85529125],
        [ 0.29215017,  0.07871033,  0.        , ...,  0.92092978,
          0.91332732,  0.8934213 ],
        ...,
        [-0.76689261, -0.88739695, -0.92092978, ...,  0.        ,
         -0.01907703, -0.06550805],
        [-0.75450988, -0.87844084, -0.91332732, ...,  0.01907703,
          0.        , -0.04646008],
        [-0.7232039 , -0.85529125, -0.8934213 , ...,  0.06550805,
          0.04646008,  0.        ]]]), 'num': array([ 9.94442538e-01,  9.71805086e-02,  5.60788768e-05, -8.29604678e-07,
        1.33919706e-02,  1.34756704e-02,  1.32245710e-02,  1.35083133e-02,
        0.00000000e+00,  1.34254505e-02,  1.35237978e-02,  1.38816145e-02,
        3.34799265e-05,  1.36958920e-02,  1.33517036e-02])}
{'img': array([[[ 0.        , -0.8       , -0.8       , ..., -0.46423077,
         -0.        , -0.        ],
        [ 0.8       ,  0.        ,  0.        , ..., -0.98710989,
         -0.8       , -0.8       ],
        [ 0.8       ,  0.        ,  0.        , ..., -0.98710989,
         -0.8       , -0.8       ],
        ...,
        [ 0.46423077,  0.98710989,  0.98710989, ...,  0.        ,
         -0.46423077, -0.46423077],
        [ 0.        ,  0.8       ,  0.8       , ...,  0.46423077,
          0.        ,  0.        ],
        [ 0.        ,  0.8       ,  0.8       , ...,  0.46423077,
          0.        ,  0.        ]],

       [[ 0.        , -0.96483301, -0.81484041, ..., -0.74377211,
         -0.60934794, -0.79641402],
        [ 0.96483301,  0.        , -0.34510769, ..., -0.44941589,
         -0.60484356, -0.37413623],
        [ 0.81484041,  0.34510769,  0.        , ..., -0.11351265,
         -0.29285929, -0.03110664],
        ...,
        [ 0.74377211,  0.44941589,  0.11351265, ...,  0.        ,
         -0.18243065,  0.08255214],
        [ 0.60934794,  0.60484356,  0.29285929, ...,  0.18243065,
          0.        ,  0.26297478],
        [ 0.79641402,  0.37413623,  0.03110664, ..., -0.08255214,
         -0.26297478,  0.        ]],

       [[ 0.        ,  0.13840838,  0.35408186, ..., -0.98548647,
         -0.99993364, -0.93424061],
        [-0.13840838,  0.        ,  0.22123239, ..., -0.99949678,
         -0.99190404, -0.87588634],
        [-0.35408186, -0.22123239,  0.        , ..., -0.98174798,
         -0.93923154, -0.74743436],
        ...,
        [ 0.98548647,  0.99949678,  0.98174798, ...,  0.        ,
         -0.15838948, -0.51005825],
        [ 0.99993364,  0.99190404,  0.93923154, ...,  0.15838948,
          0.        , -0.36738253],
        [ 0.93424061,  0.87588634,  0.74743436, ...,  0.51005825,
          0.36738253,  0.        ]],

       ...,

       [[ 0.        , -0.16038142, -0.28514403, ..., -0.24099181,
         -0.44175734, -0.72945139],
        [ 0.16038142,  0.        , -0.12772974, ..., -0.08221767,
         -0.29215512, -0.6103026 ],
        [ 0.28514403,  0.12772974,  0.        , ...,  0.04575307,
         -0.16760508, -0.50412016],
        ...,
        [ 0.24099181,  0.08221767, -0.04575307, ...,  0.        ,
         -0.21253541, -0.54310612],
        [ 0.44175734,  0.29215512,  0.16760508, ...,  0.21253541,
          0.        , -0.35223962],
        [ 0.72945139,  0.6103026 ,  0.50412016, ...,  0.54310612,
          0.35223962,  0.        ]],

       [[ 0.        ,  0.08382658,  0.18601819, ..., -0.88925858,
         -0.85848235, -0.81526814],
        [-0.08382658,  0.        ,  0.10299997, ..., -0.84778603,
         -0.81247091, -0.76385609],
        [-0.18601819, -0.10299997,  0.        , ..., -0.78865211,
         -0.74810051, -0.6933186 ],
        ...,
        [ 0.88925858,  0.84778603,  0.78865211, ...,  0.        ,
         -0.06337617, -0.14204751],
        [ 0.85848235,  0.81247091,  0.74810051, ...,  0.06337617,
          0.        , -0.07902843],
        [ 0.81526814,  0.76385609,  0.6933186 , ...,  0.14204751,
          0.07902843,  0.        ]],

       [[ 0.        , -0.07871033, -0.13050982, ...,  0.87844084,
          0.85529125,  0.83177103],
        [ 0.07871033,  0.        , -0.05206779, ...,  0.91332732,
          0.8934213 ,  0.87288407],
        [ 0.13050982,  0.05206779,  0.        , ...,  0.93329181,
          0.9155993 ,  0.89710536],
        ...,
        [-0.87844084, -0.91332732, -0.93329181, ...,  0.        ,
         -0.04646008, -0.09017636],
        [-0.85529125, -0.8934213 , -0.9155993 , ...,  0.04646008,
          0.        , -0.0438082 ],
        [-0.83177103, -0.87288407, -0.89710536, ...,  0.09017636,
          0.0438082 ,  0.        ]]]), 'num': array([ 9.54194409e-01,  2.96703775e-01,  4.07114944e-05, -8.19152520e-07,
        1.28919732e-02,  1.30516261e-02,  1.26924071e-02,  1.20146804e-02,
        1.19739689e-04,  1.28201294e-02,  1.28939689e-02,  1.32179313e-02,
        3.81778720e-05,  1.30545669e-02,  1.27333708e-02])}
{'img': array([[[ 0.        ,  0.        , -0.22336909, ..., -0.49888765,
         -0.49888765, -0.91911012],
        [ 0.        ,  0.        , -0.22336909, ..., -0.49888765,
         -0.49888765, -0.91911012],
        [ 0.22336909,  0.22336909,  0.        , ..., -0.67986927,
         -0.67986927, -0.98389541],
        ...,
        [ 0.49888765,  0.49888765,  0.67986927, ...,  0.        ,
          0.        ,  0.6       ],
        [ 0.49888765,  0.49888765,  0.67986927, ...,  0.        ,
          0.        ,  0.6       ],
        [ 0.91911012,  0.91911012,  0.98389541, ..., -0.6       ,
         -0.6       ,  0.        ]],

       [[ 0.        , -0.99009507, -0.8857194 , ..., -0.89892436,
         -0.99737653, -0.99995259],
        [ 0.99009507,  0.        , -0.58397666, ..., -0.55997215,
         -0.06835893, -0.15003277],
        [ 0.8857194 ,  0.58397666,  0.        , ...,  0.02926249,
          0.52711885,  0.45557447],
        ...,
        [ 0.89892436,  0.55997215, -0.02926249, ...,  0.        ,
          0.5020261 ,  0.42932998],
        [ 0.99737653,  0.06835893, -0.52711885, ..., -0.5020261 ,
          0.        , -0.08209663],
        [ 0.99995259,  0.15003277, -0.45557447, ..., -0.42932998,
          0.08209663,  0.        ]],

       [[ 0.        ,  0.22123239,  0.60890234, ..., -0.99190404,
         -0.87588634, -0.96471255],
        [-0.22123239,  0.        ,  0.41832289, ..., -0.93923154,
         -0.74743436, -0.88255638],
        [-0.60890234, -0.41832289,  0.        , ..., -0.70949881,
         -0.40098661, -0.60492635],
        ...,
        [ 0.99190404,  0.93923154,  0.70949881, ...,  0.        ,
         -0.36738253, -0.13866512],
        [ 0.87588634,  0.74743436,  0.40098661, ...,  0.36738253,
          0.        ,  0.23486511],
        [ 0.96471255,  0.88255638,  0.60492635, ...,  0.13866512,
         -0.23486511,  0.        ]],

       ...,

       [[ 0.        , -0.12772974, -0.17277295, ..., -0.29215512,
         -0.6103026 , -0.29215512],
        [ 0.12772974,  0.        , -0.04554887, ..., -0.16760508,
         -0.50412016, -0.16760508],
        [ 0.17277295,  0.04554887,  0.        , ..., -0.12252658,
         -0.46425941, -0.12252658],
        ...,
        [ 0.29215512,  0.16760508,  0.12252658, ...,  0.        ,
         -0.35223962,  0.        ],
        [ 0.6103026 ,  0.50412016,  0.46425941, ...,  0.35223962,
          0.        ,  0.35223962],
        [ 0.29215512,  0.16760508,  0.12252658, ...,  0.        ,
         -0.35223962,  0.        ]],

       [[ 0.        ,  0.10268614,  0.15944789, ..., -0.85769399,
         -0.84706964, -0.76231103],
        [-0.10268614,  0.        ,  0.05723261, ..., -0.8003629 ,
         -0.78801604, -0.69182173],
        [-0.15944789, -0.05723261,  0.        , ..., -0.76473915,
         -0.75148886, -0.64936188],
        ...,
