state_0,state_1,state_2,state_3,state_4,state_5,state_6,state_7,state_8,state_9,state_10,state_11,state_12,state_13,state_14,state_15,state_16,state_17,state_18,state_19,state_20,state_21,state_22,state_23,state_24,state_25,state_26,state_27,state_28,state_29,state_30,state_31,state_32,state_33,state_34,state_35,state_36,state_37,state_38,state_39,state_40,state_41,state_42,state_43,state_44,state_45,state_46,state_47,state_48,state_49,state_50,state_51,state_52,state_53,state_54,state_55,state_56,state_57,state_58,state_59,state_60,state_61,state_62,state_63,state_64,state_65,state_66,state_67,state_68,state_69,state_70,state_71,state_72,state_73,state_74,state_75,state_76,state_77,state_78,state_79,state_80,state_81,state_82,state_83,state_84,state_85,state_86,state_87,state_88,state_89,state_90,state_91,state_92,state_93,state_94,state_95,state_96,state_97,state_98,state_99,state_100,state_101,state_102,state_103,state_104,state_105,state_106,state_107,state_108,state_109,state_110,state_111,state_112,state_113,state_114,state_115,state_116,state_117,state_118,state_119,state_120,state_121,state_122,state_123,state_124,state_125,state_126,state_127,state_128,state_129,state_130,state_131,state_132,state_133,state_134,state_135,state_136,state_137,state_138,state_139,state_140,state_141,state_142,state_143,state_144,state_145,state_146,state_147,state_148,state_149,state_150,state_151,state_152,state_153,state_154,state_155,state_156,state_157,state_158,state_159,state_160,state_161,state_162,state_163,state_164,state_165,state_166,state_167,state_168,state_169,state_170,state_171,state_172,state_173,state_174,state_175,state_176,state_177,state_178,state_179,state_180,state_181,state_182,state_183,state_184,state_185,state_186,state_187,state_188,state_189,state_190,state_191,state_192,state_193,state_194,state_195,state_196,state_197,state_198,state_199,state_200,state_201,state_202,state_203,state_204,state_205,state_206,state_207,state_208,state_209,state_210,state_211,state_212,state_213,state_214,state_215,state_216,state_217,state_218,state_219,state_220,state_221,state_222,state_223,state_224,state_225,state_226,state_227,state_228,state_229,state_230,state_231,state_232,state_233,state_234,state_235,state_236,state_237,state_238,state_239,state_240,state_241,state_242,state_243,state_244,state_245,state_246,state_247,state_248,state_249,state_250,state_251,state_252,state_253,state_254,state_255,state_256,state_257,state_258,state_259,state_260,state_261,state_262,state_263,state_264,state_265,state_266,state_267,state_268,state_269,state_270,state_271,state_272,state_273,state_274,state_275,state_276,state_277,state_278,state_279,state_280,state_281,state_282,state_283,state_284,state_285,state_286,state_287
{'img': array([[[ 0.        ,  0.00702349,  0.09544685, ..., -0.82580655,
         -0.41297039, -0.07218487],
        [-0.00702349,  0.        ,  0.08845307, ..., -0.82974711,
         -0.4193568 , -0.07918826],
        [-0.09544685, -0.08845307,  0.        , ..., -0.87586394,
         -0.49801267, -0.16705317],
        ...,
        [ 0.82580655,  0.82974711,  0.87586394, ...,  0.        ,
          0.51920265,  0.78294334],
        [ 0.41297039,  0.4193568 ,  0.49801267, ..., -0.51920265,
          0.        ,  0.34615109],
        [ 0.07218487,  0.07918826,  0.16705317, ..., -0.78294334,
         -0.34615109,  0.        ]],

       [[ 0.        , -0.97101344, -0.97853114, ..., -0.81418028,
         -0.99869114, -0.9885255 ],
        [ 0.97101344,  0.        ,  0.0337684 , ...,  0.75839157,
          0.18904774,  0.38295778],
        [ 0.97853114, -0.0337684 ,  0.        , ...,  0.73594883,
          0.15578043,  0.35154528],
        ...,
        [ 0.81418028, -0.75839157, -0.73594883, ...,  0.        ,
         -0.62149501, -0.45096464],
        [ 0.99869114, -0.18904774, -0.15578043, ...,  0.62149501,
          0.        ,  0.20141641],
        [ 0.9885255 , -0.38295778, -0.35154528, ...,  0.45096464,
         -0.20141641,  0.        ]],

       [[ 0.        ,  0.48224146,  0.69251263, ...,  0.7545609 ,
          0.65614759,  0.65614759],
        [-0.48224146,  0.        ,  0.25877585, ...,  0.34456294,
          0.21089532,  0.21089532],
        [-0.69251263, -0.25877585,  0.        , ...,  0.08989698,
         -0.04924395, -0.04924395],
        ...,
        [-0.7545609 , -0.34456294, -0.08989698, ...,  0.        ,
         -0.13883249, -0.13883249],
        [-0.65614759, -0.21089532,  0.04924395, ...,  0.13883249,
          0.        ,  0.        ],
        [-0.65614759, -0.21089532,  0.04924395, ...,  0.13883249,
          0.        ,  0.        ]],

       ...,

       [[ 0.        ,  0.06190794,  0.19882982, ..., -0.77815496,
         -0.60547205, -0.50172204],
        [-0.06190794,  0.        ,  0.13777656, ..., -0.81554501,
         -0.65358113, -0.55431182],
        [-0.19882982, -0.13777656,  0.        , ..., -0.88749785,
         -0.75162522, -0.66369821],
        ...,
        [ 0.77815496,  0.81554501,  0.88749785, ...,  0.        ,
          0.23902727,  0.3580088 ],
        [ 0.60547205,  0.65358113,  0.75162522, ..., -0.23902727,
          0.        ,  0.12444703],
        [ 0.50172204,  0.55431182,  0.66369821, ..., -0.3580088 ,
         -0.12444703,  0.        ]],

       [[ 0.        , -0.30165761, -0.65401289, ...,  0.96217062,
          0.89268807,  0.74542967],
        [ 0.30165761,  0.        , -0.39534759, ...,  0.99953507,
          0.98705294,  0.91178504],
        [ 0.65401289,  0.39534759,  0.        , ...,  0.90605035,
          0.97005101,  0.99985989],
        ...,
        [-0.96217062, -0.99953507, -0.90605035, ...,  0.        ,
         -0.19041558, -0.4382773 ],
        [-0.89268807, -0.98705294, -0.97005101, ...,  0.19041558,
          0.        , -0.25910528],
        [-0.74542967, -0.91178504, -0.99985989, ...,  0.4382773 ,
          0.25910528,  0.        ]],

       [[ 0.        ,  0.42068005,  0.61566226, ...,  0.962888  ,
          0.93200425,  0.92462872],
        [-0.42068005,  0.        ,  0.22703424, ...,  0.75999866,
          0.69304835,  0.67860727],
        [-0.61566226, -0.22703424,  0.        , ...,  0.59259749,
          0.51128365,  0.4941297 ],
        ...,
        [-0.962888  , -0.75999866, -0.59259749, ...,  0.        ,
         -0.09744708, -0.11717641],
        [-0.93200425, -0.69304835, -0.51128365, ...,  0.09744708,
          0.        , -0.01984296],
        [-0.92462872, -0.67860727, -0.4941297 , ...,  0.11717641,
          0.01984296,  0.        ]]]), 'num': array([7.06957522e-01, 7.06957522e-01, 0.00000000e+00, 0.00000000e+00,
       2.89852584e-03, 2.92209109e-03, 2.84255837e-03, 1.87070976e-02,
       4.41848451e-05, 2.81192354e-03, 3.07379239e-03, 3.23359425e-03,
       1.90601293e-06, 3.54181446e-03, 2.60577033e-03])}
{'img': array([[[ 0.00000000e+00,  8.84530726e-02,  2.33632405e-01, ...,
         -4.19356804e-01, -7.91882551e-02,  2.77682068e-02],
        [-8.84530726e-02,  0.00000000e+00,  1.46711513e-01, ...,
         -4.98012671e-01, -1.67053166e-01, -6.07595991e-02],
        [-2.33632405e-01, -1.46711513e-01,  0.00000000e+00, ...,
         -6.19847623e-01, -3.09895445e-01, -2.06542592e-01],
        ...,
        [ 4.19356804e-01,  4.98012671e-01,  6.19847623e-01, ...,
          0.00000000e+00,  3.46151089e-01,  4.44403671e-01],
        [ 7.91882551e-02,  1.67053166e-01,  3.09895445e-01, ...,
         -3.46151089e-01,  0.00000000e+00,  1.06838725e-01],
        [-2.77682068e-02,  6.07595991e-02,  2.06542592e-01, ...,
         -4.44403671e-01, -1.06838725e-01,  0.00000000e+00]],

       [[ 0.00000000e+00,  3.37684006e-02,  1.89503338e-01, ...,
          1.89047736e-01,  3.82957785e-01,  8.57120404e-02],
        [-3.37684006e-02,  0.00000000e+00,  1.56238741e-01, ...,
          1.55780434e-01,  3.51545283e-01,  5.20190263e-02],
        [-1.89503338e-01, -1.56238741e-01,  0.00000000e+00, ...,
         -4.63988801e-04,  2.00961908e-01, -1.04647012e-01],
        ...,
        [-1.89047736e-01, -1.55780434e-01,  4.63988801e-04, ...,
          0.00000000e+00,  2.01416410e-01, -1.04185559e-01],
        [-3.82957785e-01, -3.51545283e-01, -2.00961908e-01, ...,
         -2.01416410e-01,  0.00000000e+00, -3.02370626e-01],
        [-8.57120404e-02, -5.20190263e-02,  1.04647012e-01, ...,
          1.04185559e-01,  3.02370626e-01,  0.00000000e+00]],

       [[ 0.00000000e+00,  5.50022459e-01,  7.45761932e-01, ...,
          4.92040682e-01,  4.92040682e-01,  5.66225056e-01],
        [-5.50022459e-01,  0.00000000e+00,  2.56391120e-01, ...,
         -6.79065577e-02, -6.79065577e-02,  1.95263925e-02],
        [-7.45761932e-01, -2.56391120e-01,  0.00000000e+00, ...,
         -3.21435942e-01, -3.21435942e-01, -2.37468551e-01],
        ...,
        [-4.92040682e-01,  6.79065577e-02,  3.21435942e-01, ...,
          0.00000000e+00,  0.00000000e+00,  8.73749302e-02],
        [-4.92040682e-01,  6.79065577e-02,  3.21435942e-01, ...,
          0.00000000e+00,  0.00000000e+00,  8.73749302e-02],
        [-5.66225056e-01, -1.95263925e-02,  2.37468551e-01, ...,
         -8.73749302e-02, -8.73749302e-02,  0.00000000e+00]],

       ...,

       [[ 0.00000000e+00,  1.37776558e-01,  1.94735084e-01, ...,
         -6.53581129e-01, -5.54311819e-01, -4.85630790e-01],
        [-1.37776558e-01,  0.00000000e+00,  5.77390155e-02, ...,
         -7.51625224e-01, -6.63698214e-01, -6.01438802e-01],
        [-1.94735084e-01, -5.77390155e-02,  0.00000000e+00, ...,
         -7.88455398e-01, -7.05779783e-01, -6.46564218e-01],
        ...,
        [ 6.53581129e-01,  7.51625224e-01,  7.88455398e-01, ...,
          0.00000000e+00,  1.24447026e-01,  2.03784305e-01],
        [ 5.54311819e-01,  6.63698214e-01,  7.05779783e-01, ...,
         -1.24447026e-01,  0.00000000e+00,  8.03645318e-02],
        [ 4.85630790e-01,  6.01438802e-01,  6.46564218e-01, ...,
         -2.03784305e-01, -8.03645318e-02,  0.00000000e+00]],

       [[ 0.00000000e+00, -3.95347586e-01, -6.05512244e-01, ...,
          9.87052940e-01,  9.11785036e-01,  8.31578066e-01],
        [ 3.95347586e-01,  0.00000000e+00, -2.41550288e-01, ...,
          9.70051008e-01,  9.99859887e-01,  9.83409892e-01],
        [ 6.05512244e-01,  2.41550288e-01,  0.00000000e+00, ...,
          8.82653272e-01,  9.74295732e-01,  9.98106029e-01],
        ...,
        [-9.87052940e-01, -9.70051008e-01, -8.82653272e-01, ...,
          0.00000000e+00, -2.59105284e-01, -4.14836185e-01],
        [-9.11785036e-01, -9.99859887e-01, -9.74295732e-01, ...,
          2.59105284e-01,  0.00000000e+00, -1.64910259e-01],
        [-8.31578066e-01, -9.83409892e-01, -9.98106029e-01, ...,
          4.14836185e-01,  1.64910259e-01,  0.00000000e+00]],

       [[ 0.00000000e+00,  4.84119813e-01,  5.67221512e-01, ...,
          9.03430710e-01,  8.94007102e-01,  8.85458299e-01],
        [-4.84119813e-01,  0.00000000e+00,  9.76155324e-02, ...,
          5.82944738e-01,  5.65346517e-01,  5.49797935e-01],
        [-5.67221512e-01, -9.76155324e-02,  0.00000000e+00, ...,
          5.00846938e-01,  4.82128021e-01,  4.65634181e-01],
        ...,
        [-9.03430710e-01, -5.82944738e-01, -5.00846938e-01, ...,
          0.00000000e+00, -2.14932954e-02, -4.02150809e-02],
        [-8.94007102e-01, -5.65346517e-01, -4.82128021e-01, ...,
          2.14932954e-02,  0.00000000e+00, -1.87298825e-02],
        [-8.85458299e-01, -5.49797935e-01, -4.65634181e-01, ...,
          4.02150809e-02,  1.87298825e-02,  0.00000000e+00]]]), 'num': array([ 9.99046787e-01,  3.80210535e-03,  2.16357540e-05, -1.25911778e-09,
        4.09565713e-03,  4.42509042e-03,  4.08675352e-03,  4.16214033e-02,
       -2.84915278e-04,  4.19003531e-03,  4.59025224e-03,  4.88251299e-03,
        2.88057726e-06,  5.28820552e-03,  3.89229897e-03])}
