state_0,state_1,state_2,state_3,state_4,state_5,state_6,state_7,state_8,state_9,state_10,state_11,state_12,state_13,state_14,state_15,state_16,state_17,state_18,state_19,state_20,state_21,state_22,state_23,state_24,state_25,state_26,state_27,state_28,state_29,state_30,state_31,state_32,state_33,state_34,state_35,state_36,state_37,state_38,state_39,state_40,state_41,state_42,state_43,state_44,state_45,state_46,state_47,state_48,state_49,state_50,state_51,state_52,state_53,state_54,state_55,state_56,state_57,state_58,state_59,state_60,state_61,state_62,state_63,state_64,state_65,state_66,state_67,state_68,state_69,state_70,state_71,state_72,state_73,state_74,state_75,state_76,state_77,state_78,state_79,state_80,state_81,state_82,state_83,state_84,state_85,state_86,state_87,state_88,state_89,state_90,state_91,state_92,state_93,state_94,state_95,state_96,state_97,state_98,state_99,state_100,state_101,state_102,state_103,state_104,state_105,state_106,state_107,state_108,state_109,state_110,state_111,state_112,state_113,state_114,state_115,state_116,state_117,state_118,state_119,state_120,state_121,state_122,state_123,state_124,state_125,state_126,state_127,state_128,state_129,state_130,state_131,state_132,state_133,state_134,state_135,state_136,state_137,state_138,state_139,state_140,state_141,state_142,state_143,state_144,state_145,state_146,state_147,state_148,state_149,state_150,state_151,state_152,state_153,state_154,state_155,state_156,state_157,state_158,state_159,state_160,state_161,state_162,state_163,state_164,state_165,state_166,state_167,state_168,state_169,state_170,state_171,state_172,state_173,state_174,state_175,state_176,state_177,state_178,state_179,state_180,state_181,state_182,state_183,state_184,state_185,state_186,state_187,state_188,state_189,state_190,state_191,state_192,state_193,state_194,state_195,state_196,state_197,state_198,state_199,state_200,state_201,state_202,state_203,state_204,state_205,state_206,state_207,state_208,state_209,state_210,state_211,state_212,state_213,state_214,state_215,state_216,state_217,state_218,state_219,state_220,state_221,state_222,state_223,state_224,state_225,state_226,state_227,state_228,state_229,state_230,state_231,state_232,state_233,state_234,state_235,state_236,state_237,state_238,state_239,state_240,state_241,state_242,state_243,state_244,state_245,state_246,state_247,state_248,state_249,state_250,state_251,state_252,state_253,state_254,state_255,state_256,state_257,state_258,state_259,state_260,state_261,state_262,state_263,state_264,state_265,state_266,state_267,state_268,state_269,state_270,state_271,state_272,state_273,state_274,state_275,state_276,state_277,state_278,state_279,state_280,state_281,state_282,state_283,state_284,state_285,state_286,state_287
{'img': array([[[ 0.        , -0.03507591, -0.07036275, ...,  0.26220393,
          0.54400734,  0.9860133 ],
        [ 0.03507591,  0.        , -0.03533047, ...,  0.29589128,
          0.5731041 ,  0.97956057],
        [ 0.07036275,  0.03533047,  0.        , ...,  0.32945498,
          0.60169901,  0.97184231],
        ...,
        [-0.26220393, -0.29589128, -0.32945498, ...,  0.        ,
          0.30496368,  0.9952158 ],
        [-0.54400734, -0.5731041 , -0.60169901, ..., -0.30496368,
          0.        ,  0.91801238],
        [-0.9860133 , -0.97956057, -0.97184231, ..., -0.9952158 ,
         -0.91801238,  0.        ]],

       [[ 0.        ,  0.08627598, -0.00792512, ...,  0.98930073,
          0.71475427,  0.45777329],
        [-0.08627598,  0.        , -0.09416883, ...,  0.99819875,
          0.77242847,  0.53277168],
        [ 0.00792512,  0.09416883,  0.        , ...,  0.98811346,
          0.70918919,  0.45071294],
        ...,
        [-0.98930073, -0.99819875, -0.98811346, ...,  0.        ,
          0.58761693,  0.81277175],
        [-0.71475427, -0.77242847, -0.70918919, ..., -0.58761693,
          0.        ,  0.31531033],
        [-0.45777329, -0.53277168, -0.45071294, ..., -0.81277175,
         -0.31531033,  0.        ]],

       [[ 0.        ,  0.10407677,  0.17314546, ...,  0.11148913,
          0.45399421,  0.99864139],
        [-0.10407677,  0.        ,  0.06970033, ...,  0.00745575,
          0.35879581,  0.99864139],
        [-0.17314546, -0.06970033,  0.        , ..., -0.06226078,
          0.29286379,  0.99258064],
        ...,
        [-0.11148913, -0.00745575,  0.06226078, ...,  0.        ,
          0.35182652,  0.99822512],
        [-0.45399421, -0.35879581, -0.29286379, ..., -0.35182652,
          0.        ,  0.91345137],
        [-0.99864139, -0.99864139, -0.99258064, ..., -0.99822512,
         -0.91345137,  0.        ]],

       ...,

       [[ 0.        , -0.50725109, -0.66484296, ..., -0.78302595,
         -0.74959819, -0.38420863],
        [ 0.50725109,  0.        , -0.19405252, ..., -0.35930582,
         -0.31025644,  0.13720734],
        [ 0.66484296,  0.19405252,  0.        , ..., -0.17138216,
         -0.11988223,  0.32681642],
        ...,
        [ 0.78302595,  0.35930582,  0.17138216, ...,  0.        ,
          0.05203765,  0.48395225],
        [ 0.74959819,  0.31025644,  0.11988223, ..., -0.05203765,
          0.        ,  0.4377587 ],
        [ 0.38420863, -0.13720734, -0.32681642, ..., -0.48395225,
         -0.4377587 ,  0.        ]],

       [[ 0.        ,  0.3863852 ,  0.51404265, ...,  0.88375762,
          0.99884683,  0.        ],
        [-0.3863852 ,  0.        ,  0.14269326, ...,  0.6343158 ,
          0.93982444,  0.3863852 ],
        [-0.51404265, -0.14269326,  0.        , ...,  0.51751237,
          0.88145491,  0.51404265],
        ...,
        [-0.88375762, -0.6343158 , -0.51751237, ...,  0.        ,
          0.50983495,  0.88375762],
        [-0.99884683, -0.93982444, -0.88145491, ..., -0.50983495,
          0.        ,  0.99884683],
        [-0.        , -0.3863852 , -0.51404265, ..., -0.88375762,
         -0.99884683,  0.        ]],

       [[ 0.        , -0.03628346, -0.04825793, ..., -0.76799168,
         -0.88336056, -0.87360121],
        [ 0.03628346,  0.        , -0.01198496, ..., -0.74424788,
         -0.86577306, -0.89068305],
        [ 0.04825793,  0.01198496,  0.        , ..., -0.73618963,
         -0.85971316, -0.89606774],
        ...,
        [ 0.76799168,  0.74424788,  0.73618963, ...,  0.        ,
         -0.20580381, -0.93324387],
        [ 0.88336056,  0.86577306,  0.85971316, ...,  0.20580381,
          0.        , -0.83933249],
        [ 0.87360121,  0.89068305,  0.89606774, ...,  0.93324387,
          0.83933249,  0.        ]]]), 'num': array([ 7.07068973e-01,  7.07068973e-01,  0.00000000e+00,  0.00000000e+00,
        6.72112754e-04,  7.08657892e-04,  6.37950994e-04,  1.02030688e-02,
       -2.14504070e-05,  6.11892722e-04,  5.13419465e-04,  5.16769436e-04,
        5.60483921e-07,  6.53849596e-04,  3.72989334e-04])}
{'img': array([[[ 0.        , -0.03533047, -0.19766403, ...,  0.5731041 ,
          0.97956057,  0.93518251],
        [ 0.03533047,  0.        , -0.16290722, ...,  0.60169901,
          0.97184231,  0.94711152],
        [ 0.19766403,  0.16290722,  0.        , ...,  0.72377888,
          0.92047366,  0.98673711],
        ...,
        [-0.5731041 , -0.60169901, -0.72377888, ...,  0.        ,
          0.91801238,  0.56339169],
        [-0.97956057, -0.97184231, -0.92047366, ..., -0.91801238,
          0.        , -0.53503864],
        [-0.93518251, -0.94711152, -0.98673711, ..., -0.56339169,
          0.53503864,  0.        ]],

       [[ 0.        , -0.09416883,  0.07935578, ...,  0.77242847,
          0.53277168,  0.8785746 ],
        [ 0.09416883,  0.        ,  0.172875  , ...,  0.70918919,
          0.45071294,  0.91964594],
        [-0.07935578, -0.172875  ,  0.        , ...,  0.8203915 ,
          0.59824705,  0.83790315],
        ...,
        [-0.77242847, -0.70918919, -0.8203915 , ...,  0.        ,
          0.31531033, -0.9269001 ],
        [-0.53277168, -0.45071294, -0.59824705, ..., -0.31531033,
          0.        , -0.99795618],
        [-0.8785746 , -0.91964594, -0.83790315, ...,  0.9269001 ,
          0.99795618,  0.        ]],

       [[ 0.        ,  0.05621392,  0.03819913, ...,  0.28197999,
          0.72187101,  0.98785501],
        [-0.05621392,  0.        , -0.01803416, ...,  0.22760133,
          0.68182797,  0.9950274 ],
        [-0.03819913,  0.01803416,  0.        , ...,  0.24512516,
          0.6949093 ,  0.99306935],
        ...,
        [-0.28197999, -0.22760133, -0.24512516, ...,  0.        ,
          0.49743975,  0.99158176],
        [-0.72187101, -0.68182797, -0.6949093 , ..., -0.49743975,
          0.        ,  0.79578619],
        [-0.98785501, -0.9950274 , -0.99306935, ..., -0.99158176,
         -0.79578619,  0.        ]],

       ...,

       [[ 0.        , -0.19405252, -0.59016599, ..., -0.31025644,
          0.13720734,  0.08880446],
        [ 0.19405252,  0.        , -0.42229252, ..., -0.11988223,
          0.32681642,  0.28040222],
        [ 0.59016599,  0.42229252,  0.        , ...,  0.3105786 ,
          0.69534941,  0.65952453],
        ...,
        [ 0.31025644,  0.11988223, -0.3105786 , ...,  0.        ,
          0.4377587 ,  0.39345286],
        [-0.13720734, -0.32681642, -0.69534941, ..., -0.4377587 ,
          0.        , -0.04870066],
        [-0.08880446, -0.28040222, -0.65952453, ..., -0.39345286,
          0.04870066,  0.        ]],

       [[ 0.        ,  0.31663572,  0.32504454, ...,  0.97393902,
          0.84690035,  0.        ],
        [-0.31663572,  0.        ,  0.0088781 , ...,  0.85201099,
          0.97169653,  0.31663572],
        [-0.32504454, -0.0088781 ,  0.        , ...,  0.84732952,
          0.97375553,  0.32504454],
        ...,
        [-0.97393902, -0.85201099, -0.84732952, ...,  0.        ,
          0.70997914,  0.97393902],
        [-0.84690035, -0.97169653, -0.97375553, ..., -0.70997914,
          0.        ,  0.84690035],
        [-0.        , -0.31663572, -0.32504454, ..., -0.97393902,
         -0.84690035,  0.        ]],

       [[ 0.        , -0.0112781 , -0.00870877, ..., -0.81290909,
         -0.99762725, -0.86524956],
        [ 0.0112781 ,  0.        ,  0.00256946, ..., -0.80628913,
         -0.99678734, -0.87084871],
        [ 0.00870877, -0.00256946,  0.        , ..., -0.80780636,
         -0.99698985, -0.86958282],
        ...,
        [ 0.81290909,  0.80628913,  0.80780636, ...,  0.        ,
         -0.52504266, -0.91145819],
        [ 0.99762725,  0.99678734,  0.99698985, ...,  0.52504266,
          0.        , -0.55972138],
        [ 0.86524956,  0.87084871,  0.86958282, ...,  0.91145819,
          0.55972138,  0.        ]]]), 'num': array([ 9.20090609e-01,  3.91411490e-01,  6.48686035e-06, -8.75582511e-11,
        8.61040909e-04,  9.84650463e-04,  8.43080546e-04,  1.50058512e-02,
       -3.27512493e-05,  8.48996901e-04,  6.93005870e-04,  6.89871611e-04,
        7.42873252e-07,  8.94671857e-04,  4.91339883e-04])}
{'img': array([[[ 0.        , -0.16290722, -0.04160543, ...,  0.97184231,
          0.94711152,  0.82352473],
        [ 0.16290722,  0.        ,  0.12171653, ...,  0.92047366,
          0.98673711,  0.90493766],
        [ 0.04160543, -0.12171653,  0.        , ...,  0.96119723,
          0.9596428 ,  0.8464136 ],
        ...,
        [-0.97184231, -0.92047366, -0.96119723, ...,  0.        ,
         -0.53503864, -0.74535599],
        [-0.94711152, -0.98673711, -0.9596428 , ...,  0.53503864,
          0.        , -0.27300488],
        [-0.82352473, -0.90493766, -0.8464136 , ...,  0.74535599,
          0.27300488,  0.        ]],

       [[ 0.        ,  0.172875  , -0.03804647, ...,  0.45071294,
          0.91964594,  0.96065087],
        [-0.172875  ,  0.        , -0.21022347, ...,  0.59824705,
          0.83790315,  0.89816956],
        [ 0.03804647,  0.21022347,  0.        , ...,  0.41642371,
          0.93392278,  0.97052307],
        ...,
        [-0.45071294, -0.59824705, -0.41642371, ...,  0.        ,
         -0.99795618, -0.98273264],
        [-0.91964594, -0.83790315, -0.93392278, ...,  0.99795618,
          0.        ,  0.12185447],
        [-0.96065087, -0.89816956, -0.97052307, ...,  0.98273264,
         -0.12185447,  0.        ]],

       [[ 0.        , -0.01581663, -0.04408135, ...,  0.57790415,
          0.85540595,  0.97365873],
        [ 0.01581663,  0.        , -0.02827458, ...,  0.59073988,
          0.86349129,  0.96993058],
        [ 0.04408135,  0.02827458,  0.        , ...,  0.61331738,
          0.87740674,  0.96266128],
        ...,
        [-0.57790415, -0.59073988, -0.61331738, ...,  0.        ,
          0.39877059,  0.92637549],
        [-0.85540595, -0.86349129, -0.87740674, ..., -0.39877059,
          0.        ,  0.69935582],
        [-0.97365873, -0.96993058, -0.96266128, ..., -0.92637549,
         -0.69935582,  0.        ]],

       ...,

       [[ 0.        , -0.42229252, -0.0457046 , ...,  0.32681642,
          0.28040222,  0.26583104],
        [ 0.42229252,  0.        ,  0.38042186, ...,  0.69534941,
          0.65952453,  0.64806339],
        [ 0.0457046 , -0.38042186,  0.        , ...,  0.36966975,
          0.32398025,  0.30961338],
        ...,
        [-0.32681642, -0.69534941, -0.36966975, ...,  0.        ,
         -0.04870066, -0.06382376],
        [-0.28040222, -0.65952453, -0.32398025, ...,  0.04870066,
          0.        , -0.01514666],
        [-0.26583104, -0.64806339, -0.30961338, ...,  0.06382376,
          0.01514666,  0.        ]],

       [[ 0.        ,  0.01041185,  0.10427913, ...,  0.99554051,
          0.8310019 ,  0.23472762],
        [-0.01041185,  0.        ,  0.09391839, ...,  0.99646875,
          0.83674866,  0.24483585],
        [-0.10427913, -0.09391839,  0.        , ...,  0.99995006,
          0.88447865,  0.33481359],
        ...,
        [-0.99554051, -0.99646875, -0.99995006, ...,  0.        ,
          0.47539631,  0.94558325],
        [-0.8310019 , -0.83674866, -0.88447865, ..., -0.47539631,
          0.        ,  0.67721286],
        [-0.23472762, -0.24483585, -0.33481359, ..., -0.94558325,
         -0.67721286,  0.        ]],

       [[ 0.        ,  0.00252216,  0.02343745, ..., -0.98897179,
         -0.9806768 , -0.86281273],
        [-0.00252216,  0.        ,  0.02091591, ..., -0.98934218,
         -0.98018025, -0.86153497],
        [-0.02343745, -0.02091591,  0.        , ..., -0.9921713 ,
         -0.97582222, -0.85072753],
        ...,
        [ 0.98897179,  0.98934218,  0.9921713 , ...,  0.        ,
         -0.3387196 , -0.62773471],
        [ 0.9806768 ,  0.98018025,  0.97582222, ...,  0.3387196 ,
          0.        , -0.32695905],
        [ 0.86281273,  0.86153497,  0.85072753, ...,  0.62773471,
          0.32695905,  0.        ]]]), 'num': array([ 9.82302661e-01,  1.87140280e-01,  9.87779299e-06, -2.44977536e-08,
        9.17142255e-04,  9.44485627e-04,  8.73848584e-04,  7.36480042e-03,
       -1.13930715e-05,  9.35826893e-04,  7.57924081e-04,  7.46739883e-04,
        8.50468717e-07,  9.86525855e-04,  5.29322308e-04])}
{'img': array([[[ 0.        ,  0.12171653,  0.34267076, ...,  0.98673711,
          0.90493766,  0.87066425],
        [-0.12171653,  0.        ,  0.2257757 , ...,  0.9596428 ,
          0.8464136 ,  0.80432111],
        [-0.34267076, -0.2257757 ,  0.        , ...,  0.87137112,
          0.70432717,  0.64939822],
        ...,
        [-0.98673711, -0.9596428 , -0.87137112, ...,  0.        ,
         -0.27300488, -0.34402222],
        [-0.90493766, -0.8464136 , -0.70432717, ...,  0.27300488,
          0.        , -0.07461266],
        [-0.87066425, -0.80432111, -0.64939822, ...,  0.34402222,
          0.07461266,  0.        ]],

       [[ 0.        , -0.21022347,  0.84176622, ...,  0.83790315,
          0.89816956,  0.39067005],
        [ 0.21022347,  0.        ,  0.93644308, ...,  0.93392278,
          0.97052307,  0.57545706],
        [-0.84176622, -0.93644308,  0.        , ..., -0.00711643,
          0.11478799, -0.56397153],
        ...,
        [-0.83790315, -0.93392278,  0.00711643, ...,  0.        ,
          0.12185447, -0.55808054],
        [-0.89816956, -0.97052307, -0.11478799, ..., -0.12185447,
          0.        , -0.65503494],
        [-0.39067005, -0.57545706,  0.56397153, ...,  0.55808054,
          0.65503494,  0.        ]],

       [[ 0.        , -0.0267063 ,  0.006642  , ...,  0.80575816,
          0.97213037,  0.95493177],
        [ 0.0267063 ,  0.        ,  0.03334535, ...,  0.82128743,
          0.97804468,  0.94666406],
        [-0.006642  , -0.03334535,  0.        , ...,  0.80180669,
          0.97055177,  0.95688222],
        ...,
        [-0.80575816, -0.82128743, -0.80180669, ...,  0.        ,
          0.38683639,  0.80472277],
        [-0.97213037, -0.97804468, -0.97055177, ..., -0.38683639,
          0.        ,  0.51242806],
        [-0.95493177, -0.94666406, -0.95688222, ..., -0.80472277,
         -0.51242806,  0.        ]],

       ...,

       [[ 0.        ,  0.38042186,  0.80647253, ...,  0.65952453,
          0.64806339,  0.94750789],
        [-0.38042186,  0.        ,  0.5209037 , ...,  0.32398025,
          0.30961338,  0.75463448],
        [-0.80647253, -0.5209037 ,  0.        , ..., -0.21625362,
         -0.23101705,  0.30237908],
        ...,
        [-0.65952453, -0.32398025,  0.21625362, ...,  0.        ,
         -0.01514666,  0.50135425],
        [-0.64806339, -0.30961338,  0.23101705, ...,  0.01514666,
          0.        ,  0.51440226],
        [-0.94750789, -0.75463448, -0.30237908, ..., -0.50135425,
         -0.51440226,  0.        ]],

       [[ 0.        ,  0.08923307,  0.32964109, ...,  0.93193469,
          0.76042131,  0.23300674],
        [-0.08923307,  0.        ,  0.24408057, ...,  0.96057523,
          0.81533846,  0.31885417],
        [-0.32964109, -0.24408057,  0.        , ...,  0.99938192,
          0.93199741,  0.54055089],
        ...,
        [-0.93193469, -0.96057523, -0.99938192, ...,  0.        ,
          0.32947775,  0.82178895],
        [-0.76042131, -0.81533846, -0.93199741, ..., -0.32947775,
          0.        ,  0.58816922],
        [-0.23300674, -0.31885417, -0.54055089, ..., -0.82178895,
         -0.58816922,  0.        ]],

       [[ 0.        ,  0.02087598, -0.02254684, ..., -0.98307118,
         -0.91042185, -0.86069335],
        [-0.02087598,  0.        , -0.04341261, ..., -0.97903196,
         -0.90158744, -0.84987732],
        [ 0.02254684,  0.04341261,  0.        , ..., -0.98695239,
         -0.91951761, -0.87195368],
        ...,
        [ 0.98307118,  0.97903196,  0.98695239, ...,  0.        ,
         -0.23986678, -0.34280512],
        [ 0.91042185,  0.90158744,  0.91951761, ...,  0.23986678,
          0.        , -0.10746477],
        [ 0.86069335,  0.84987732,  0.87195368, ...,  0.34280512,
          0.10746477,  0.        ]]]), 'num': array([ 8.40119619e-01,  5.42207969e-01,  3.67792160e-06, -3.11067528e-08,
        7.88126058e-04,  8.41640790e-04,  7.58936204e-04,  1.43247360e-02,
        4.86497566e-06,  8.07391361e-04,  6.57209562e-04,  6.40636212e-04,
        7.20542342e-07,  8.59752914e-04,  4.54666211e-04])}
{'img': array([[[ 0.        ,  0.2257757 ,  0.08272417, ...,  0.8464136 ,
          0.80432111,  0.82561713],
        [-0.2257757 ,  0.        , -0.14441367, ...,  0.70432717,
          0.64939822,  0.67690953],
        [-0.08272417,  0.14441367,  0.        , ...,  0.79945972,
          0.75241001,  0.77611179],
        ...,
        [-0.8464136 , -0.70432717, -0.79945972, ...,  0.        ,
         -0.07461266, -0.03790995],
        [-0.80432111, -0.64939822, -0.75241001, ...,  0.07461266,
          0.        ,  0.03675475],
        [-0.82561713, -0.67690953, -0.77611179, ...,  0.03790995,
         -0.03675475,  0.        ]],

       [[ 0.        ,  0.93644308,  0.28178188, ...,  0.97052307,
          0.57545706,  0.9808187 ],
        [-0.93644308,  0.        , -0.7996424 , ...,  0.11478799,
         -0.56397153,  0.16155679],
        [-0.28178188,  0.7996424 ,  0.        , ...,  0.86328426,
          0.32168843,  0.88614889],
        ...,
        [-0.97052307, -0.11478799, -0.86328426, ...,  0.        ,
         -0.65503494,  0.04720884],
        [-0.57545706,  0.56397153, -0.32168843, ...,  0.65503494,
          0.        ,  0.68997554],
        [-0.9808187 , -0.16155679, -0.88614889, ..., -0.04720884,
         -0.68997554,  0.        ]],

       [[ 0.        ,  0.03252601,  0.03414225, ...,  0.95701086,
          0.99995094,  0.93893813],
        [-0.03252601,  0.        ,  0.00161714, ...,  0.94707026,
          0.99909969,  0.94963307],
        [-0.03414225, -0.00161714,  0.        , ...,  0.94654988,
          0.99902977,  0.95013858],
        ...,
        [-0.95701086, -0.94707026, -0.94654988, ...,  0.        ,
          0.28055859,  0.60163502],
        [-0.99995094, -0.99909969, -0.99902977, ..., -0.28055859,
          0.        ,  0.35336939],
        [-0.93893813, -0.94963307, -0.95013858, ..., -0.60163502,
         -0.35336939,  0.        ]],

       ...,

       [[ 0.        ,  0.5209037 ,  0.00270516, ...,  0.30961338,
          0.75463448,  0.61087864],
        [-0.5209037 ,  0.        , -0.51859263, ..., -0.23101705,
          0.30237908,  0.10904335],
        [-0.00270516,  0.51859263,  0.        , ...,  0.30704001,
          0.75285674,  0.60873467],
        ...,
        [-0.30961338,  0.23101705, -0.30704001, ...,  0.        ,
          0.51440226,  0.33573319],
        [-0.75463448, -0.30237908, -0.75285674, ..., -0.51440226,
          0.        , -0.1966372 ],
        [-0.61087864, -0.10904335, -0.60873467, ..., -0.33573319,
          0.1966372 ,  0.        ]],

       [[ 0.        ,  0.23360578,  0.29204962, ...,  0.91653802,
          0.77723995,  0.30590214],
        [-0.23360578,  0.        ,  0.0605477 , ...,  0.98460875,
          0.90272057,  0.51984567],
        [-0.29204962, -0.0605477 ,  0.        , ...,  0.9933844 ,
          0.92711363,  0.5706154 ],
        ...,
        [-0.91653802, -0.98460875, -0.9933844 , ...,  0.        ,
          0.26583443,  0.75025708],
        [-0.77723995, -0.90272057, -0.92711363, ..., -0.26583443,
          0.        ,  0.54750642],
        [-0.30590214, -0.51984567, -0.5706154 , ..., -0.75025708,
         -0.54750642,  0.        ]],

       [[ 0.        , -0.04341261, -0.02465348, ..., -0.90158744,
         -0.84987732, -0.95641953],
        [ 0.04341261,  0.        ,  0.01876917, ..., -0.91951761,
         -0.87195368, -0.96819415],
        [ 0.02465348, -0.01876917,  0.        , ..., -0.91197843,
         -0.86261091, -0.96332755],
        ...,
        [ 0.90158744,  0.91951761,  0.91197843, ...,  0.        ,
         -0.10746477,  0.15048418],
        [ 0.84987732,  0.87195368,  0.86261091, ...,  0.10746477,
          0.        ,  0.25585372],
        [ 0.95641953,  0.96819415,  0.96332755, ..., -0.15048418,
         -0.25585372,  0.        ]]]), 'num': array([ 9.99972782e-01,  8.09581908e-04,  1.21849171e-05, -3.42496634e-08,
        9.38181409e-04,  9.58775635e-04,  9.24451925e-04,  6.90734918e-03,
        1.14412367e-05,  9.37266110e-04,  7.83038239e-04,  7.56532708e-04,
        8.13292729e-07,  1.03095630e-03,  5.35120183e-04])}
{'img': array([[[ 0.        , -0.14441367, -0.11544288, ...,  0.64939822,
          0.67690953,  0.73164147],
        [ 0.14441367,  0.        ,  0.0292154 , ...,  0.75241001,
          0.77611179,  0.82241728],
        [ 0.11544288, -0.0292154 ,  0.        , ...,  0.73284479,
          0.7573574 ,  0.80544602],
        ...,
        [-0.64939822, -0.75241001, -0.73284479, ...,  0.        ,
          0.03675475,  0.11368764],
        [-0.67690953, -0.77611179, -0.7573574 , ..., -0.03675475,
          0.        ,  0.07709437],
        [-0.73164147, -0.82241728, -0.80544602, ..., -0.11368764,
         -0.07709437,  0.        ]],

       [[ 0.        , -0.7996424 , -0.92684175, ..., -0.56397153,
          0.16155679, -0.60023441],
        [ 0.7996424 ,  0.        , -0.25631918, ...,  0.32168843,
          0.88614889,  0.27914664],
        [ 0.92684175,  0.25631918,  0.        , ...,  0.55363621,
          0.97532307,  0.51595107],
        ...,
        [ 0.56397153, -0.32168843, -0.55363621, ...,  0.        ,
          0.68997554, -0.04459207],
        [-0.16155679, -0.88614889, -0.97532307, ..., -0.68997554,
          0.        , -0.7215664 ],
        [ 0.60023441, -0.27914664, -0.51595107, ...,  0.04459207,
          0.7215664 ,  0.        ]],

       [[ 0.        ,  0.00161714,  0.02095595, ...,  0.99909969,
          0.94963307,  0.99616792],
        [-0.00161714,  0.        ,  0.01933914, ...,  0.99902977,
          0.95013858,  0.99602518],
        [-0.02095595, -0.01933914,  0.        , ...,  0.99799124,
          0.95599137,  0.99411633],
        ...,
        [-0.99909969, -0.99902977, -0.99799124, ...,  0.        ,
          0.35336939, -0.04512084],
        [-0.94963307, -0.95013858, -0.95599137, ..., -0.35336939,
          0.        , -0.39521932],
        [-0.99616792, -0.99602518, -0.99411633, ...,  0.04512084,
          0.39521932,  0.        ]],

       ...,

       [[ 0.        , -0.51859263, -0.47391493, ...,  0.30237908,
          0.10904335, -0.18073541],
        [ 0.51859263,  0.        ,  0.05145001, ...,  0.75285674,
          0.60873467,  0.35551966],
        [ 0.47391493, -0.05145001,  0.        , ...,  0.71799604,
          0.56710934,  0.30696008],
        ...,
        [-0.30237908, -0.75285674, -0.71799604, ...,  0.        ,
         -0.1966372 , -0.46967421],
        [-0.10904335, -0.60873467, -0.56710934, ...,  0.1966372 ,
          0.        , -0.28690529],
        [ 0.18073541, -0.35551966, -0.30696008, ...,  0.46967421,
          0.28690529,  0.        ]],

       [[ 0.        ,  0.05806146,  0.11801012, ...,  0.96892448,
          0.88114971,  0.50157105],
        [-0.05806146,  0.        ,  0.06015529, ...,  0.98165181,
          0.90711685,  0.55095483],
        [-0.11801012, -0.06015529,  0.        , ...,  0.99134462,
          0.93079218,  0.60015877],
        ...,
        [-0.96892448, -0.98165181, -0.99134462, ...,  0.        ,
          0.24018541,  0.71416555],
        [-0.88114971, -0.90711685, -0.93079218, ..., -0.24018541,
          0.        ,  0.52513557],
        [-0.50157105, -0.55095483, -0.60015877, ..., -0.71416555,
         -0.52513557,  0.        ]],

       [[ 0.        ,  0.01876917,  0.02936999, ..., -0.87195368,
         -0.96819415, -0.97298647],
        [-0.01876917,  0.        ,  0.01060374, ..., -0.86261091,
         -0.96332755, -0.96848199],
        [-0.02936999, -0.01060374,  0.        , ..., -0.85719832,
         -0.96042811, -0.96578632],
        ...,
        [ 0.87195368,  0.86261091,  0.85719832, ...,  0.        ,
          0.25585372,  0.27506179],
        [ 0.96819415,  0.96332755,  0.96042811, ..., -0.25585372,
          0.        ,  0.01992194],
        [ 0.97298647,  0.96848199,  0.96578632, ..., -0.27506179,
         -0.01992194,  0.        ]]]), 'num': array([ 8.05859032e-01,  5.92081031e-01,  2.65233251e-06, -1.77571963e-08,
        7.47475527e-04,  7.65095917e-04,  7.29855136e-04,  5.22754336e-03,
       -1.29834459e-05,  7.52297949e-04,  6.43329743e-04,  6.15013466e-04,
        6.21486150e-07,  8.48061528e-04,  4.38597958e-04])}
{'img': array([[[ 0.        ,  0.0292154 , -0.01761117, ...,  0.77611179,
          0.82241728,  0.75717716],
        [-0.0292154 ,  0.        , -0.04681453, ...,  0.7573574 ,
          0.80544602,  0.73777017],
        [ 0.01761117,  0.04681453,  0.        , ...,  0.78709694,
          0.83230846,  0.76856351],
        ...,
        [-0.77611179, -0.7573574 , -0.78709694, ...,  0.        ,
          0.07709437, -0.02949126],
        [-0.82241728, -0.80544602, -0.83230846, ..., -0.07709437,
          0.        , -0.10646433],
        [-0.75717716, -0.73777017, -0.76856351, ...,  0.02949126,
          0.10646433,  0.        ]],

       [[ 0.        , -0.25631918, -0.45038118, ...,  0.88614889,
          0.27914664,  0.23758965],
        [ 0.25631918,  0.        , -0.20648385, ...,  0.97532307,
          0.51595107,  0.47863194],
        [ 0.45038118,  0.20648385,  0.        , ...,  0.99989289,
          0.68171012,  0.64961348],
        ...,
        [-0.88614889, -0.97532307, -0.99989289, ...,  0.        ,
         -0.7215664 , -0.75067537],
        [-0.27914664, -0.51595107, -0.68171012, ...,  0.7215664 ,
          0.        , -0.04300835],
        [-0.23758965, -0.47863194, -0.64961348, ...,  0.75067537,
          0.04300835,  0.        ]],

       [[ 0.        ,  0.01933914,  0.06874217, ...,  0.95013858,
          0.99602518,  0.97502045],
        [-0.01933914,  0.        ,  0.04943592, ...,  0.95599137,
          0.99411633,  0.97054259],
        [-0.06874217, -0.04943592,  0.        , ...,  0.96932672,
          0.98754604,  0.95744533],
        ...,
        [-0.95013858, -0.95599137, -0.96932672, ...,  0.        ,
         -0.39521932, -0.51507875],
        [-0.99602518, -0.99411633, -0.98754604, ...,  0.39521932,
          0.        , -0.13438512],
        [-0.97502045, -0.97054259, -0.95744533, ...,  0.51507875,
          0.13438512,  0.        ]],

       ...,

       [[ 0.        ,  0.05145001, -0.09554147, ...,  0.60873467,
          0.35551966,  0.12785329],
        [-0.05145001,  0.        , -0.14662958, ...,  0.56710934,
          0.30696008,  0.07665619],
        [ 0.09554147,  0.14662958,  0.        , ...,  0.68175008,
          0.44319295,  0.22202578],
        ...,
        [-0.60873467, -0.56710934, -0.68175008, ...,  0.        ,
         -0.28690529, -0.50230338],
        [-0.35551966, -0.30696008, -0.44319295, ...,  0.28690529,
          0.        , -0.23310147],
        [-0.12785329, -0.07665619, -0.22202578, ...,  0.50230338,
          0.23310147,  0.        ]],

       [[ 0.        ,  0.0583547 ,  0.09087664, ...,  0.96029362,
          0.86030693,  0.53719241],
        [-0.0583547 ,  0.        ,  0.03260854, ...,  0.97493765,
          0.88858874,  0.58549682],
        [-0.09087664, -0.03260854,  0.        , ...,  0.98167387,
          0.90307388,  0.61162037],
        ...,
        [-0.96029362, -0.97493765, -0.98167387, ...,  0.        ,
          0.24951685,  0.66009696],
        [-0.86030693, -0.88858874, -0.90307388, ..., -0.24951685,
          0.        ,  0.45178623],
        [-0.53719241, -0.58549682, -0.61162037, ..., -0.66009696,
         -0.45178623,  0.        ]],

       [[ 0.        ,  0.01060374,  0.03213755, ..., -0.96332755,
         -0.96848199, -0.9974306 ],
        [-0.01060374,  0.        ,  0.02153748, ..., -0.96042811,
         -0.96578632, -0.99661488],
        [-0.03213755, -0.02153748,  0.        , ..., -0.95420654,
         -0.95997678, -0.99461307],
        ...,
        [ 0.96332755,  0.96042811,  0.95420654, ...,  0.        ,
          0.01992194,  0.19862664],
        [ 0.96848199,  0.96578632,  0.95997678, ..., -0.01992194,
          0.        ,  0.17906223],
        [ 0.9974306 ,  0.99661488,  0.99461307, ..., -0.19862664,
         -0.17906223,  0.        ]]]), 'num': array([ 9.89589599e-01,  1.43675147e-01,  1.06942409e-05, -2.74629474e-08,
        9.15491832e-04,  9.66416788e-04,  9.15491832e-04,  7.98026475e-03,
       -1.73607806e-05,  9.33315567e-04,  8.13989134e-04,  7.69969911e-04,
        8.88805515e-07,  1.06878967e-03,  5.59188595e-04])}
{'img': array([[[ 0.        , -0.04681453, -0.05269267, ...,  0.80544602,
          0.73777017,  0.66280479],
        [ 0.04681453,  0.        , -0.00588541, ...,  0.83230846,
          0.76856351,  0.69713244],
        [ 0.05269267,  0.00588541,  0.        , ...,  0.8355564 ,
          0.77231553,  0.70133987],
        ...,
        [-0.80544602, -0.83230846, -0.8355564 , ...,  0.        ,
         -0.10646433, -0.21028778],
        [-0.73777017, -0.76856351, -0.77231553, ...,  0.10646433,
          0.        , -0.10500888],
        [-0.66280479, -0.69713244, -0.70133987, ...,  0.21028778,
          0.10500888,  0.        ]],

       [[ 0.        , -0.20648385, -0.25425212, ...,  0.51595107,
          0.47863194,  0.58961077],
        [ 0.20648385,  0.        , -0.04907462, ...,  0.68171012,
          0.64961348,  0.74367909],
        [ 0.25425212,  0.04907462,  0.        , ...,  0.71679283,
          0.68614047,  0.77559123],
        ...,
        [-0.51595107, -0.68171012, -0.71679283, ...,  0.        ,
         -0.04300835,  0.08834399],
        [-0.47863194, -0.64961348, -0.68614047, ...,  0.04300835,
          0.        ,  0.13110243],
        [-0.58961077, -0.74367909, -0.77559123, ..., -0.08834399,
         -0.13110243,  0.        ]],

       [[ 0.        ,  0.04943592,  0.06522575, ...,  0.99411633,
          0.97054259,  0.95198944],
        [-0.04943592,  0.        ,  0.01581535, ...,  0.98754604,
          0.95744533,  0.93569158],
        [-0.06522575, -0.01581535,  0.        , ...,  0.98493429,
          0.95276104,  0.9299946 ],
        ...,
        [-0.99411633, -0.98754604, -0.98493429, ...,  0.        ,
         -0.13438512, -0.20121239],
        [-0.97054259, -0.95744533, -0.95276104, ...,  0.13438512,
          0.        , -0.0677506 ],
        [-0.95198944, -0.93569158, -0.9299946 , ...,  0.20121239,
          0.0677506 ,  0.        ]],

       ...,

       [[ 0.        , -0.13405186, -0.28263352, ...,  0.26372038,
          0.06843159,  0.76983401],
        [ 0.13405186,  0.        , -0.15149626, ...,  0.39064644,
          0.20155157,  0.84844355],
        [ 0.28263352,  0.15149626,  0.        , ...,  0.52559602,
          0.34761247,  0.9188355 ],
        ...,
        [-0.26372038, -0.39064644, -0.52559602, ...,  0.        ,
         -0.19709311,  0.57426326],
        [-0.06843159, -0.20155157, -0.34761247, ...,  0.19709311,
          0.        ,  0.72435331],
        [-0.76983401, -0.84844355, -0.9188355 , ..., -0.57426326,
         -0.72435331,  0.        ]],

       [[ 0.        ,  0.03197142,  0.05627775, ...,  0.93668965,
          0.83625721,  0.5762133 ],
        [-0.03197142,  0.        ,  0.02432822, ...,  0.94740593,
          0.85336083,  0.60204895],
        [-0.05627775, -0.02432822,  0.        , ...,  0.95491139,
          0.86579106,  0.62129586],
        ...,
        [-0.93668965, -0.94740593, -0.95491139, ...,  0.        ,
          0.22079755,  0.5637886 ],
        [-0.83625721, -0.85336083, -0.86579106, ..., -0.22079755,
          0.        ,  0.36751318],
        [-0.5762133 , -0.60204895, -0.62129586, ..., -0.5637886 ,
         -0.36751318,  0.        ]],

       [[ 0.        ,  0.02153748,  0.05391394, ..., -0.96578632,
         -0.99661488, -0.98864347],
        [-0.02153748,  0.        ,  0.03239528, ..., -0.95997678,
         -0.99461307, -0.9916508 ],
        [-0.05391394, -0.03239528,  0.        , ..., -0.95039967,
         -0.99073303, -0.99530777],
        ...,
        [ 0.96578632,  0.95997678,  0.95039967, ...,  0.        ,
          0.17906223,  0.40153232],
        [ 0.99661488,  0.99461307,  0.99073303, ..., -0.17906223,
          0.        ,  0.23104943],
        [ 0.98864347,  0.9916508 ,  0.99530777, ..., -0.40153232,
         -0.23104943,  0.        ]]]), 'num': array([ 7.07099617e-01,  7.07099617e-01,  0.00000000e+00, -3.36645403e-08,
        6.68323903e-04,  6.74949171e-04,  6.55073367e-04,  4.13092909e-03,
        1.32505359e-05,  6.68158271e-04,  5.92257545e-04,  5.52837201e-04,
        6.12792879e-07,  7.70844524e-04,  4.13670567e-04])}
{'img': array([[[ 0.        , -0.00588541,  0.        , ...,  0.76856351,
          0.69713244,  0.77321899],
        [ 0.00588541,  0.        ,  0.00588541, ...,  0.77231553,
          0.70133987,  0.77693777],
        [ 0.        , -0.00588541,  0.        , ...,  0.76856351,
          0.69713244,  0.77321899],
        ...,
        [-0.76856351, -0.77231553, -0.76856351, ...,  0.        ,
         -0.10500888,  0.00730885],
        [-0.69713244, -0.70133987, -0.69713244, ...,  0.10500888,
          0.        ,  0.11227451],
        [-0.77321899, -0.77693777, -0.77321899, ..., -0.00730885,
         -0.11227451,  0.        ]],

       [[ 0.        , -0.04907462, -0.00994867, ...,  0.64961348,
          0.74367909,  0.59269361],
        [ 0.04907462,  0.        ,  0.03913551, ...,  0.68614047,
          0.77559123,  0.63150556],
        [ 0.00994867, -0.03913551,  0.        , ...,  0.65714495,
          0.75029334,  0.60067722],
        ...,
        [-0.64961348, -0.68614047, -0.65714495, ...,  0.        ,
          0.13110243, -0.0726129 ],
        [-0.74367909, -0.77559123, -0.75029334, ..., -0.13110243,
          0.        , -0.2027425 ],
        [-0.59269361, -0.63150556, -0.60067722, ...,  0.0726129 ,
          0.2027425 ,  0.        ]],

       [[ 0.        ,  0.01581535, -0.02862864, ...,  0.95744533,
          0.93569158,  0.93758042],
        [-0.01581535,  0.        , -0.04443393, ...,  0.95276104,
          0.9299946 ,  0.93196308],
        [ 0.02862864,  0.04443393,  0.        , ...,  0.96531554,
          0.94540879,  0.94715227],
        ...,
        [-0.95744533, -0.95276104, -0.96531554, ...,  0.        ,
         -0.0677506 , -0.06236987],
        [-0.93569158, -0.9299946 , -0.94540879, ...,  0.0677506 ,
          0.        ,  0.00539213],
        [-0.93758042, -0.93196308, -0.94715227, ...,  0.06236987,
         -0.00539213,  0.        ]],

       ...,

       [[ 0.        , -0.15149626, -0.04500005, ...,  0.20155157,
          0.84844355,  0.55483845],
        [ 0.15149626,  0.        ,  0.10686214, ...,  0.34761247,
          0.9188355 ,  0.67447295],
        [ 0.04500005, -0.10686214,  0.        , ...,  0.24542395,
          0.87140196,  0.59171454],
        ...,
        [-0.20155157, -0.34761247, -0.24542395, ...,  0.        ,
          0.72435331,  0.37576953],
        [-0.84844355, -0.9188355 , -0.87140196, ..., -0.72435331,
          0.        , -0.41220134],
        [-0.55483845, -0.67447295, -0.59171454, ..., -0.37576953,
          0.41220134,  0.        ]],

       [[ 0.        ,  0.02394922,  0.03548516, ...,  0.90828386,
          0.82579891,  0.59455086],
        [-0.02394922,  0.        ,  0.01154085, ...,  0.9180426 ,
          0.83906856,  0.61363689],
        [-0.03548516, -0.01154085,  0.        , ...,  0.9225572 ,
          0.8452912 ,  0.62270854],
        ...,
        [-0.90828386, -0.9180426 , -0.9225572 , ...,  0.        ,
          0.16676339,  0.48157992],
        [-0.82579891, -0.83906856, -0.8452912 , ..., -0.16676339,
          0.        ,  0.32868453],
        [-0.59455086, -0.61363689, -0.62270854, ..., -0.48157992,
         -0.32868453,  0.        ]],

       [[ 0.        ,  0.03239528,  0.09901662, ..., -0.99461307,
         -0.9916508 , -0.9190791 ],
        [-0.03239528,  0.        ,  0.06672856, ..., -0.99073303,
         -0.99530777, -0.93136282],
        [-0.09901662, -0.06672856,  0.        , ..., -0.97946153,
         -0.99954603, -0.95358233],
        ...,
        [ 0.99461307,  0.99073303,  0.97946153, ...,  0.        ,
          0.23104943,  0.48721951],
        [ 0.9916508 ,  0.99530777,  0.99954603, ..., -0.23104943,
          0.        ,  0.27226559],
        [ 0.9190791 ,  0.93136282,  0.95358233, ..., -0.48721951,
         -0.27226559,  0.        ]]]), 'num': array([ 9.95285245e-01,  9.64720157e-02,  1.10964596e-05, -4.73753483e-08,
        9.41165685e-04,  9.85319137e-04,  9.21412825e-04,  9.69418085e-03,
        3.48579883e-06,  9.37447500e-04,  8.47513890e-04,  7.78514438e-04,
        8.57318091e-07,  1.08064803e-03,  6.14379754e-04])}
{'img': array([[[ 0.        ,  0.00588541,  0.08170182, ...,  0.70133987,
          0.77693777,  0.79071361],
        [-0.00588541,  0.        ,  0.07583467, ...,  0.69713244,
          0.77321899,  0.78709694],
        [-0.08170182, -0.07583467,  0.        , ...,  0.6407559 ,
          0.7229027 ,  0.73805338],
        ...,
        [-0.70133987, -0.69713244, -0.6407559 , ...,  0.        ,
          0.11227451,  0.13429142],
        [-0.77693777, -0.77321899, -0.7229027 , ..., -0.11227451,
          0.        ,  0.02218481],
