state_0,state_1,state_2,state_3,state_4,state_5,state_6,state_7,state_8,state_9,state_10,state_11,state_12,state_13,state_14,state_15,state_16,state_17,state_18,state_19,state_20,state_21,state_22,state_23,state_24,state_25,state_26,state_27,state_28,state_29,state_30,state_31,state_32,state_33,state_34,state_35,state_36,state_37,state_38,state_39,state_40,state_41,state_42,state_43,state_44,state_45,state_46,state_47,state_48,state_49,state_50,state_51,state_52,state_53,state_54,state_55,state_56,state_57,state_58,state_59,state_60,state_61,state_62,state_63,state_64,state_65,state_66,state_67,state_68,state_69,state_70,state_71,state_72,state_73,state_74,state_75,state_76,state_77,state_78,state_79,state_80,state_81,state_82,state_83,state_84,state_85,state_86,state_87,state_88,state_89,state_90,state_91,state_92,state_93,state_94,state_95,state_96,state_97,state_98,state_99,state_100,state_101,state_102,state_103,state_104,state_105,state_106,state_107,state_108,state_109,state_110,state_111,state_112,state_113,state_114,state_115,state_116,state_117,state_118,state_119,state_120,state_121,state_122,state_123,state_124,state_125,state_126,state_127,state_128,state_129,state_130,state_131,state_132,state_133,state_134,state_135,state_136,state_137,state_138,state_139,state_140,state_141,state_142,state_143,state_144,state_145,state_146,state_147,state_148,state_149,state_150,state_151,state_152,state_153,state_154,state_155,state_156,state_157,state_158,state_159,state_160,state_161,state_162,state_163,state_164,state_165,state_166,state_167,state_168,state_169,state_170,state_171,state_172,state_173,state_174,state_175,state_176,state_177,state_178,state_179,state_180,state_181,state_182,state_183,state_184,state_185,state_186,state_187,state_188,state_189,state_190,state_191,state_192,state_193,state_194,state_195,state_196,state_197,state_198,state_199,state_200,state_201,state_202,state_203,state_204,state_205,state_206,state_207,state_208,state_209,state_210,state_211,state_212,state_213,state_214,state_215,state_216,state_217,state_218,state_219,state_220,state_221,state_222,state_223,state_224,state_225,state_226,state_227,state_228,state_229,state_230,state_231,state_232,state_233,state_234,state_235,state_236,state_237,state_238,state_239,state_240,state_241,state_242,state_243,state_244,state_245,state_246,state_247,state_248,state_249,state_250,state_251,state_252,state_253,state_254,state_255,state_256,state_257,state_258,state_259,state_260,state_261,state_262,state_263,state_264,state_265,state_266,state_267,state_268,state_269,state_270,state_271,state_272,state_273,state_274,state_275,state_276,state_277,state_278,state_279,state_280,state_281,state_282,state_283,state_284,state_285,state_286,state_287
{'img': array([[[ 0.        , -0.58179798, -0.81932221, ..., -0.77928742,
         -0.61737797, -0.        ],
        [ 0.58179798,  0.        , -0.33281789, ..., -0.99841384,
         -0.95981516, -0.58179798],
        [ 0.81932221,  0.33281789,  0.        , ..., -0.96023338,
         -0.99849684, -0.81932221],
        ...,
        [ 0.77928742,  0.99841384,  0.96023338, ...,  0.        ,
         -0.22614925, -0.77928742],
        [ 0.61737797,  0.95981516,  0.99849684, ...,  0.22614925,
          0.        , -0.61737797],
        [ 0.        ,  0.58179798,  0.81932221, ...,  0.77928742,
          0.61737797,  0.        ]],

       [[ 0.        , -0.13111131,  0.10825449, ...,  0.39499941,
          0.56106636, -0.08175337],
        [ 0.13111131,  0.        ,  0.23766079, ...,  0.51203915,
          0.66475316,  0.04962478],
        [-0.10825449, -0.23766079,  0.        , ...,  0.2932267 ,
          0.46815919, -0.18916504],
        ...,
        [-0.39499941, -0.51203915, -0.2932267 , ...,  0.        ,
          0.18847223, -0.46878248],
        [-0.56106636, -0.66475316, -0.46815919, ..., -0.18847223,
          0.        , -0.62686129],
        [ 0.08175337, -0.04962478,  0.18916504, ...,  0.46878248,
          0.62686129,  0.        ]],

       [[ 0.        , -0.46922825, -0.66404534, ..., -0.69076752,
         -0.57891962, -0.        ],
        [ 0.46922825,  0.        , -0.23556476, ..., -0.94928897,
         -0.89383205, -0.46922825],
        [ 0.66404534,  0.23556476,  0.        , ..., -0.99663742,
         -0.9743061 , -0.66404534],
        ...,
        [ 0.69076752,  0.94928897,  0.99663742, ...,  0.        ,
         -0.14463779, -0.69076752],
        [ 0.57891962,  0.89383205,  0.9743061 , ...,  0.14463779,
          0.        , -0.57891962],
        [ 0.        ,  0.46922825,  0.66404534, ...,  0.69076752,
          0.57891962,  0.        ]],

       ...,

       [[ 0.        , -0.24067254, -0.47466047, ..., -0.903117  ,
         -0.95206114, -0.98240331],
        [ 0.24067254,  0.        , -0.24887597, ..., -0.77322763,
         -0.85045299, -0.90857605],
        [ 0.47466047,  0.24887597,  0.        , ..., -0.59107895,
         -0.69277233, -0.7760277 ],
        ...,
        [ 0.903117  ,  0.77322763,  0.59107895, ...,  0.        ,
         -0.13253932, -0.25316178],
        [ 0.95206114,  0.85045299,  0.69277233, ...,  0.13253932,
          0.        , -0.12270661],
        [ 0.98240331,  0.90857605,  0.7760277 , ...,  0.25316178,
          0.12270661,  0.        ]],

       [[ 0.        , -0.0073408 ,  0.01936762, ..., -0.71528388,
         -0.74916845, -0.82201458],
        [ 0.0073408 ,  0.        ,  0.02670652, ..., -0.72039461,
         -0.75401065, -0.82617277],
        [-0.01936762, -0.02670652,  0.        , ..., -0.70161496,
         -0.73619921, -0.81083118],
        ...,
        [ 0.71528388,  0.72039461,  0.70161496, ...,  0.        ,
          0.04975499,  0.16712157],
        [ 0.74916845,  0.75401065,  0.73619921, ..., -0.04975499,
          0.        ,  0.11785933],
        [ 0.82201458,  0.82617277,  0.81083118, ..., -0.16712157,
         -0.11785933,  0.        ]],

       [[ 0.        ,  0.19602793, -0.14498798, ..., -0.88103353,
         -0.75734637, -0.19602793],
        [-0.19602793,  0.        , -0.33613156, ..., -0.77120823,
         -0.61464371, -0.        ],
        [ 0.14498798,  0.33613156,  0.        , ..., -0.94031114,
         -0.8440229 , -0.33613156],
        ...,
        [ 0.88103353,  0.77120823,  0.94031114, ...,  0.        ,
         -0.2170611 , -0.77120823],
        [ 0.75734637,  0.61464371,  0.8440229 , ...,  0.2170611 ,
          0.        , -0.61464371],
        [ 0.19602793,  0.        ,  0.33613156, ...,  0.77120823,
          0.61464371,  0.        ]]]), 'num': array([7.07106734e-01, 7.07106734e-01, 0.00000000e+00, 0.00000000e+00,
       1.19324261e-04, 1.19609385e-04, 1.16758148e-04, 1.28205864e-04,
       1.28305657e-06, 1.19267237e-04, 1.21797709e-04, 1.24109587e-04,
       4.95867275e-07, 1.25362639e-04, 1.18232780e-04])}
{'img': array([[[ 0.        , -0.41985449, -0.48483049, ..., -0.89061833,
         -0.402334  , -0.90951119],
        [ 0.41985449,  0.        , -0.07281985, ..., -0.99924705,
         -0.74952872, -0.99998944],
        [ 0.48483049,  0.07281985,  0.        , ..., -0.99941947,
         -0.79574349, -0.99699995],
        ...,
        [ 0.89061833,  0.99924705,  0.99941947, ...,  0.        ,
         -0.6323928 ,  0.0433899 ],
        [ 0.402334  ,  0.74952872,  0.79574349, ...,  0.6323928 ,
          0.        ,  0.66540912],
        [ 0.90951119,  0.99998944,  0.99699995, ..., -0.0433899 ,
         -0.66540912,  0.        ]],

       [[ 0.        ,  0.23766079,  0.07916086, ...,  0.66475316,
          0.04962478,  0.0408066 ],
        [-0.23766079,  0.        , -0.16002222, ...,  0.46815919,
         -0.18916504, -0.19782542],
        [-0.07916086,  0.16002222,  0.        , ...,  0.60352891,
         -0.02959428, -0.03841638],
        ...,
        [-0.66475316, -0.46815919, -0.60352891, ...,  0.        ,
         -0.62686129, -0.63371436],
        [-0.04962478,  0.18916504,  0.02959428, ...,  0.62686129,
          0.        , -0.00882712],
        [-0.0408066 ,  0.19782542,  0.03841638, ...,  0.63371436,
          0.00882712,  0.        ]],

       [[ 0.        , -0.50679098, -0.6623254 , ..., -0.6830116 ,
         -0.3954319 , -0.        ],
        [ 0.50679098,  0.        , -0.19127411, ..., -0.95896705,
         -0.8063747 , -0.50679098],
        [ 0.6623254 ,  0.19127411,  0.        , ..., -0.99549088,
         -0.90460679, -0.6623254 ],
        ...,
        [ 0.6830116 ,  0.95896705,  0.99549088, ...,  0.        ,
         -0.33851651, -0.6830116 ],
        [ 0.3954319 ,  0.8063747 ,  0.90460679, ...,  0.33851651,
          0.        , -0.3954319 ],
        [ 0.        ,  0.50679098,  0.6623254 , ...,  0.6830116 ,
          0.3954319 ,  0.        ]],

       ...,

       [[ 0.        , -0.24887597, -0.71225648, ..., -0.85045299,
         -0.90857605, -0.50534762],
        [ 0.24887597,  0.        , -0.51515474, ..., -0.69277233,
         -0.7760277 , -0.27468802],
        [ 0.71225648,  0.51515474,  0.        , ..., -0.2222661 ,
         -0.34022367,  0.25990416],
        ...,
        [ 0.85045299,  0.69277233,  0.2222661 , ...,  0.        ,
         -0.12270661,  0.46803072],
        [ 0.90857605,  0.7760277 ,  0.34022367, ...,  0.12270661,
          0.        ,  0.57293114],
        [ 0.50534762,  0.27468802, -0.25990416, ..., -0.46803072,
         -0.57293114,  0.        ]],

       [[ 0.        ,  0.02666617,  0.06711803, ..., -0.77196443,
         -0.83557876, -0.62893259],
        [-0.02666617,  0.        ,  0.04048812, ..., -0.75473914,
         -0.82063201, -0.60797706],
        [-0.06711803, -0.04048812,  0.        , ..., -0.72755905,
         -0.79682188, -0.5753328 ],
        ...,
        [ 0.77196443,  0.75473914,  0.72755905, ...,  0.        ,
          0.10705415, -0.20038045],
        [ 0.83557876,  0.82063201,  0.79682188, ..., -0.10705415,
          0.        , -0.3041118 ],
        [ 0.62893259,  0.60797706,  0.5753328 , ...,  0.20038045,
          0.3041118 ,  0.        ]],

       [[ 0.        , -0.32997064, -0.52819318, ..., -0.69199481,
         -0.37948281, -0.        ],
        [ 0.32997064,  0.        , -0.21842365, ..., -0.89144363,
         -0.66351687, -0.32997064],
        [ 0.52819318,  0.21842365,  0.        , ..., -0.96889353,
         -0.81091174, -0.52819318],
        ...,
        [ 0.69199481,  0.89144363,  0.96889353, ...,  0.        ,
         -0.36628317, -0.69199481],
        [ 0.37948281,  0.66351687,  0.81091174, ...,  0.36628317,
          0.        , -0.37948281],
        [ 0.        ,  0.32997064,  0.52819318, ...,  0.69199481,
          0.37948281,  0.        ]]]), 'num': array([ 9.99999860e-01,  1.42378020e-05,  1.18481709e-04, -2.83827151e-10,
        1.68773945e-04,  1.68773945e-04,  1.66174346e-04,  1.88370919e-04,
        1.39978390e-06,  1.67454148e-04,  1.70543671e-04,  1.73913151e-04,
        8.15663552e-07,  1.75277959e-04,  1.65809384e-04])}
{'img': array([[[ 0.        , -0.07281985, -0.20646476, ..., -0.74952872,
         -0.99998944, -0.96487515],
        [ 0.07281985,  0.        , -0.13466574, ..., -0.79574349,
         -0.99699995, -0.9431831 ],
        [ 0.20646476,  0.13466574,  0.        , ..., -0.87005325,
         -0.97749495, -0.88984587],
        ...,
        [ 0.74952872,  0.79574349,  0.87005325, ...,  0.        ,
          0.66540912,  0.835628  ],
        [ 0.99998944,  0.99699995,  0.97749495, ..., -0.66540912,
          0.        ,  0.25827223],
        [ 0.96487515,  0.9431831 ,  0.88984587, ..., -0.835628  ,
         -0.25827223,  0.        ]],

       [[ 0.        , -0.16002222, -0.26103554, ..., -0.18916504,
         -0.19782542, -0.16145709],
        [ 0.16002222,  0.        , -0.10319757, ..., -0.02959428,
         -0.03841638, -0.00145377],
        [ 0.26103554,  0.10319757,  0.        , ...,  0.0737161 ,
          0.06491012,  0.10175145],
        ...,
        [ 0.18916504,  0.02959428, -0.0737161 , ...,  0.        ,
         -0.00882712,  0.02814111],
        [ 0.19782542,  0.03841638, -0.06491012, ...,  0.00882712,
          0.        ,  0.03696364],
        [ 0.16145709,  0.00145377, -0.10175145, ..., -0.02814111,
         -0.03696364,  0.        ]],

       [[ 0.        , -0.4772126 , -0.58442489, ..., -0.40917057,
         -0.        , -0.23053526],
        [ 0.4772126 ,  0.        , -0.12635239, ..., -0.79501055,
         -0.4772126 , -0.66694998],
        [ 0.58442489,  0.12635239,  0.        , ..., -0.86528368,
         -0.58442489, -0.75575013],
        ...,
        [ 0.40917057,  0.79501055,  0.86528368, ...,  0.        ,
         -0.40917057, -0.18779543],
        [ 0.        ,  0.4772126 ,  0.58442489, ...,  0.40917057,
          0.        ,  0.23053526],
        [ 0.23053526,  0.66694998,  0.75575013, ...,  0.18779543,
         -0.23053526,  0.        ]],

       ...,

       [[ 0.        , -0.51515474, -0.54781493, ..., -0.7760277 ,
         -0.27468802, -0.03510681],
        [ 0.51515474,  0.        , -0.03855241, ..., -0.34022367,
          0.25990416,  0.48474723],
        [ 0.54781493,  0.03855241,  0.        , ..., -0.30371818,
          0.29693848,  0.51810689],
        ...,
        [ 0.7760277 ,  0.34022367,  0.30371818, ...,  0.        ,
          0.57293114,  0.7534075 ],
        [ 0.27468802, -0.25990416, -0.29693848, ..., -0.57293114,
          0.        ,  0.24076232],
        [ 0.03510681, -0.48474723, -0.51810689, ..., -0.7534075 ,
         -0.24076232,  0.        ]],

       [[ 0.        ,  0.03964576,  0.0924647 , ..., -0.90708551,
         -0.85715836, -0.59779253],
        [-0.03964576,  0.        ,  0.05291608, ..., -0.88968361,
         -0.83606479, -0.56554048],
        [-0.0924647 , -0.05291608,  0.        , ..., -0.86427683,
         -0.80586204, -0.52110716],
        ...,
        [ 0.90708551,  0.88968361,  0.86427683, ...,  0.        ,
         -0.10637933, -0.47552725],
        [ 0.85715836,  0.83606479,  0.80586204, ...,  0.10637933,
          0.        , -0.37924692],
        [ 0.59779253,  0.56554048,  0.52110716, ...,  0.47552725,
          0.37924692,  0.        ]],

       [[ 0.        , -0.43019196, -0.60983595, ..., -0.40028392,
         -0.11742899, -0.        ],
        [ 0.43019196,  0.        , -0.20958271, ..., -0.75557539,
         -0.53322312, -0.43019196],
        [ 0.60983595,  0.20958271,  0.        , ..., -0.87608437,
         -0.69868239, -0.60983595],
        ...,
        [ 0.40028392,  0.75557539,  0.87608437, ...,  0.        ,
         -0.28990358, -0.40028392],
        [ 0.11742899,  0.53322312,  0.69868239, ...,  0.28990358,
          0.        , -0.11742899],
        [ 0.        ,  0.43019196,  0.60983595, ...,  0.40028392,
          0.11742899,  0.        ]]]), 'num': array([ 7.07106740e-01,  7.07106740e-01,  0.00000000e+00,  9.29751855e-09,
        1.18404428e-04,  1.19395853e-04,  1.17554635e-04,  5.37635417e-05,
       -1.13305673e-06,  1.18432754e-04,  1.20514746e-04,  1.23057042e-04,
        5.48824352e-07,  1.23694252e-04,  1.17335240e-04])}
{'img': array([[[ 0.        , -0.13466574, -0.25752629, ..., -0.99699995,
         -0.9431831 , -0.99941947],
        [ 0.13466574,  0.        , -0.12505686, ..., -0.97749495,
         -0.88984587, -0.98572784],
        [ 0.25752629,  0.12505686,  0.        , ..., -0.94343935,
         -0.8258016 , -0.95693655],
        ...,
        [ 0.99699995,  0.97749495,  0.94343935, ...,  0.        ,
          0.25827223, -0.0433899 ],
        [ 0.9431831 ,  0.88984587,  0.8258016 , ..., -0.25827223,
          0.        , -0.29994677],
        [ 0.99941947,  0.98572784,  0.95693655, ...,  0.0433899 ,
          0.29994677,  0.        ]],

       [[ 0.        , -0.10319757, -0.0351787 , ..., -0.03841638,
         -0.00145377, -0.61554745],
        [ 0.10319757,  0.        ,  0.06814282, ...,  0.06491012,
          0.10175145, -0.53093098],
        [ 0.0351787 , -0.06814282,  0.        , ..., -0.00323988,
          0.03372579, -0.58744212],
        ...,
        [ 0.03841638, -0.06491012,  0.00323988, ...,  0.        ,
          0.03696364, -0.58481712],
        [ 0.00145377, -0.10175145, -0.03372579, ..., -0.03696364,
          0.        , -0.61440108],
        [ 0.61554745,  0.53093098,  0.58744212, ...,  0.58481712,
          0.61440108,  0.        ]],

       [[ 0.        , -0.15174664, -0.42139689, ..., -0.52810867,
         -0.62750384, -0.38079974],
        [ 0.15174664,  0.        , -0.27890144, ..., -0.65085259,
         -0.73838896, -0.51670354],
        [ 0.42139689,  0.27890144,  0.        , ..., -0.83676971,
         -0.89717367, -0.73498608],
        ...,
        [ 0.52810867,  0.65085259,  0.83676971, ...,  0.        ,
          0.12166918, -0.16495335],
        [ 0.62750384,  0.73838896,  0.89717367, ..., -0.12166918,
          0.        , -0.28373034],
        [ 0.38079974,  0.51670354,  0.73498608, ...,  0.16495335,
          0.28373034,  0.        ]],

       ...,

       [[ 0.        , -0.03855241, -0.15618504, ...,  0.25990416,
          0.48474723,  0.41169121],
        [ 0.03855241,  0.        , -0.11798964, ...,  0.29693848,
          0.51810689,  0.44651887],
        [ 0.15618504,  0.11798964,  0.        , ...,  0.40753222,
          0.61540624,  0.54897395],
        ...,
        [-0.25990416, -0.29693848, -0.40753222, ...,  0.        ,
          0.24076232,  0.16068646],
        [-0.48474723, -0.51810689, -0.61540624, ..., -0.24076232,
          0.        , -0.08167401],
        [-0.41169121, -0.44651887, -0.54897395, ..., -0.16068646,
          0.08167401,  0.        ]],

       [[ 0.        ,  0.05175127,  0.12159633, ..., -0.9116824 ,
         -0.83730437, -0.55512056],
        [-0.05175127,  0.        ,  0.07006614, ..., -0.88919638,
         -0.80788806, -0.51133155],
        [-0.12159633, -0.07006614,  0.        , ..., -0.85495399,
         -0.76461005, -0.44986119],
        ...,
        [ 0.9116824 ,  0.88919638,  0.85495399, ...,  0.        ,
         -0.15440584, -0.53021338],
        [ 0.83730437,  0.80788806,  0.76461005, ...,  0.15440584,
          0.        , -0.39293961],
        [ 0.55512056,  0.51133155,  0.44986119, ...,  0.53021338,
          0.39293961,  0.        ]],

       [[ 0.        , -0.46381034, -0.69032826, ..., -0.27253962,
         -0.24586007, -0.        ],
        [ 0.46381034,  0.        , -0.27602056, ..., -0.68770486,
         -0.66738976, -0.46381034],
        [ 0.69032826,  0.27602056,  0.        , ..., -0.86137699,
         -0.84701771, -0.69032826],
        ...,
        [ 0.27253962,  0.68770486,  0.86137699, ...,  0.        ,
         -0.02762118, -0.27253962],
        [ 0.24586007,  0.66738976,  0.84701771, ...,  0.02762118,
          0.        , -0.24586007],
        [ 0.        ,  0.46381034,  0.69032826, ...,  0.27253962,
          0.24586007,  0.        ]]]), 'num': array([ 9.99999870e-01,  1.92030221e-05,  1.20189984e-04,  1.29261162e-08,
        1.67472897e-04,  1.69083213e-04,  1.67070318e-04,  1.17069996e-04,
       -8.05158158e-07,  1.68157281e-04,  1.70914948e-04,  1.74712611e-04,
        6.45158780e-07,  1.75433708e-04,  1.66396188e-04])}
{'img': array([[[ 0.        , -0.12505686,  0.06598728, ..., -0.88984587,
         -0.98572784, -0.99934489],
        [ 0.12505686,  0.        ,  0.19025355, ..., -0.8258016 ,
         -0.95693655, -0.99602555],
        [-0.06598728, -0.19025355,  0.        , ..., -0.91801386,
         -0.99468816, -0.99477863],
        ...,
        [ 0.88984587,  0.8258016 ,  0.91801386, ...,  0.        ,
         -0.29994677, -0.48816683],
        [ 0.98572784,  0.95693655,  0.99468816, ...,  0.29994677,
          0.        , -0.203911  ],
        [ 0.99934489,  0.99602555,  0.99477863, ...,  0.48816683,
          0.203911  ,  0.        ]],

       [[ 0.        ,  0.06814282,  0.50717014, ...,  0.10175145,
         -0.53093098, -0.25054605],
        [-0.06814282,  0.        ,  0.44726265, ...,  0.03372579,
         -0.58744212, -0.31593306],
        [-0.50717014, -0.44726265,  0.        , ..., -0.41684377,
         -0.88736433, -0.70692589],
        ...,
        [-0.10175145, -0.03372579,  0.41684377, ...,  0.        ,
         -0.61440108, -0.34775174],
        [ 0.53093098,  0.58744212,  0.88736433, ...,  0.61440108,
          0.        ,  0.30168026],
        [ 0.25054605,  0.31593306,  0.70692589, ...,  0.34775174,
         -0.30168026,  0.        ]],

       [[ 0.        , -0.27682505, -0.38463501, ..., -0.78884774,
         -0.697745  , -0.51346906],
        [ 0.27682505,  0.        , -0.11407505, ..., -0.92815338,
         -0.86877994, -0.73094868],
        [ 0.38463501,  0.11407505,  0.        , ..., -0.96455302,
         -0.91959844, -0.80402566],
        ...,
        [ 0.78884774,  0.92815338,  0.96455302, ...,  0.        ,
         -0.13626193, -0.36134438],
        [ 0.697745  ,  0.86877994,  0.91959844, ...,  0.13626193,
          0.        , -0.23091902],
        [ 0.51346906,  0.73094868,  0.80402566, ...,  0.36134438,
          0.23091902,  0.        ]],

       ...,

       [[ 0.        , -0.11798964, -0.47452048, ...,  0.51810689,
          0.44651887,  0.18549748],
        [ 0.11798964,  0.        , -0.36734615, ...,  0.61540624,
          0.54897395,  0.30014364],
        [ 0.47452048,  0.36734615,  0.        , ...,  0.86192562,
          0.81763446,  0.62956818],
        ...,
        [-0.51810689, -0.61540624, -0.86192562, ...,  0.        ,
         -0.08167401, -0.35045608],
        [-0.44651887, -0.54897395, -0.81763446, ...,  0.08167401,
          0.        , -0.27279106],
        [-0.18549748, -0.30014364, -0.62956818, ...,  0.35045608,
          0.27279106,  0.        ]],

       [[ 0.        ,  0.06923164,  0.10106527, ..., -0.85844567,
         -0.73810568, -0.50602774],
        [-0.06923164,  0.        ,  0.03194561, ..., -0.82087671,
         -0.68962512, -0.44510011],
        [-0.10106527, -0.03194561,  0.        , ..., -0.80221343,
         -0.6661392 , -0.41626625],
        ...,
        [ 0.85844567,  0.82087671,  0.80221343, ...,  0.        ,
         -0.20060279, -0.48088025],
        [ 0.73810568,  0.68962512,  0.6661392 , ...,  0.20060279,
          0.        , -0.29521946],
        [ 0.50602774,  0.44510011,  0.41626625, ...,  0.48088025,
          0.29521946,  0.        ]],

       [[ 0.        , -0.55110351, -0.65159999, ..., -0.45414087,
         -0.3866774 , -0.        ],
        [ 0.55110351,  0.        , -0.12567248, ..., -0.86994649,
         -0.83089383, -0.55110351],
        [ 0.65159999,  0.12567248,  0.        , ..., -0.92502426,
         -0.89423439, -0.65159999],
        ...,
        [ 0.45414087,  0.86994649,  0.92502426, ...,  0.        ,
         -0.07431309, -0.45414087],
        [ 0.3866774 ,  0.83089383,  0.89423439, ...,  0.07431309,
          0.        , -0.3866774 ],
        [ 0.        ,  0.55110351,  0.65159999, ...,  0.45414087,
          0.3866774 ,  0.        ]]]), 'num': array([ 7.07106737e-01,  7.07106737e-01,  0.00000000e+00, -5.46124751e-11,
        1.19328833e-04,  1.20326804e-04,  1.18330862e-04,  8.79212560e-05,
        7.12836517e-07,  1.19357346e-04,  1.20832918e-04,  1.23639118e-04,
        5.34627388e-07,  1.23864577e-04,  1.17801259e-04])}
{'img': array([[[ 0.        ,  0.19025355, -0.25997696, ..., -0.95693655,
         -0.99602555, -0.94343935],
        [-0.19025355,  0.        , -0.43894012, ..., -0.99468816,
         -0.99477863, -0.98928506],
        [ 0.25997696,  0.43894012,  0.        , ..., -0.84856154,
         -0.93862141, -0.82480492],
        ...,
        [ 0.95693655,  0.99468816,  0.84856154, ...,  0.        ,
         -0.203911  ,  0.0433899 ],
        [ 0.99602555,  0.99477863,  0.93862141, ...,  0.203911  ,
          0.        ,  0.24619722],
        [ 0.94343935,  0.98928506,  0.82480492, ..., -0.0433899 ,
         -0.24619722,  0.        ]],

       [[ 0.        ,  0.44726265,  0.44006352, ..., -0.58744212,
         -0.31593306, -0.27701958],
        [-0.44726265,  0.        , -0.00803296, ..., -0.88736433,
         -0.70692589, -0.67752575],
        [-0.44006352,  0.00803296,  0.        , ..., -0.88363195,
         -0.70122147, -0.67159565],
        ...,
        [ 0.58744212,  0.88736433,  0.88363195, ...,  0.        ,
          0.30168026,  0.34026957],
        [ 0.31593306,  0.70692589,  0.70122147, ..., -0.30168026,
          0.        ,  0.04073775],
        [ 0.27701958,  0.67752575,  0.67159565, ..., -0.34026957,
         -0.04073775,  0.        ]],

       [[ 0.        , -0.11407505, -0.26294792, ..., -0.86877994,
         -0.73094868, -0.9208465 ],
        [ 0.11407505,  0.        , -0.15117068, ..., -0.91959844,
         -0.80402566, -0.95931609],
        [ 0.26294792,  0.15117068,  0.        , ..., -0.96841898,
         -0.88467081, -0.99097198],
        ...,
        [ 0.86877994,  0.91959844,  0.96841898, ...,  0.        ,
         -0.23091902,  0.11724242],
        [ 0.73094868,  0.80402566,  0.88467081, ...,  0.23091902,
          0.        ,  0.34340016],
        [ 0.9208465 ,  0.95931609,  0.99097198, ..., -0.11724242,
         -0.34340016,  0.        ]],

       ...,

       [[ 0.        , -0.36734615, -0.78163535, ...,  0.54897395,
          0.30014364,  0.50617972],
        [ 0.36734615,  0.        , -0.49785987, ...,  0.81763446,
          0.62956818,  0.78759942],
        [ 0.78163535,  0.49785987,  0.        , ...,  0.9957363 ,
          0.93280757,  0.98982657],
        ...,
        [-0.54897395, -0.81763446, -0.9957363 , ...,  0.        ,
         -0.27279106, -0.05036553],
        [-0.30014364, -0.62956818, -0.93280757, ...,  0.27279106,
          0.        ,  0.22398952],
        [-0.50617972, -0.78759942, -0.98982657, ...,  0.05036553,
         -0.22398952,  0.        ]],

       [[ 0.        ,  0.03139208,  0.15921001, ..., -0.79796195,
         -0.72940203, -0.43814729],
        [-0.03139208,  0.        ,  0.12813987, ..., -0.77864841,
         -0.70756768, -0.4097129 ],
        [-0.15921001, -0.12813987,  0.        , ..., -0.69182661,
         -0.61118509, -0.28944422],
        ...,
        [ 0.79796195,  0.77864841,  0.69182661, ...,  0.        ,
         -0.10625771, -0.45321574],
        [ 0.72940203,  0.70756768,  0.61118509, ...,  0.10625771,
          0.        , -0.3559317 ],
        [ 0.43814729,  0.4097129 ,  0.28944422, ...,  0.45321574,
          0.3559317 ,  0.        ]],

       [[ 0.        , -0.39661611, -0.73680102, ..., -0.43828439,
         -0.18404791, -0.        ],
        [ 0.39661611,  0.        , -0.40821598, ..., -0.75883128,
         -0.55879397, -0.39661611],
        [ 0.73680102,  0.40821598,  0.        , ..., -0.95859185,
         -0.84865102, -0.73680102],
        ...,
        [ 0.43828439,  0.75883128,  0.95859185, ...,  0.        ,
         -0.26536834, -0.43828439],
        [ 0.18404791,  0.55879397,  0.84865102, ...,  0.26536834,
          0.        , -0.18404791],
        [ 0.        ,  0.39661611,  0.73680102, ...,  0.43828439,
          0.18404791,  0.        ]]]), 'num': array([ 9.99999850e-01,  1.44784139e-04,  1.19456997e-04, -3.63456455e-10,
        1.68780396e-04,  1.70998537e-04,  1.68175448e-04,  1.80274401e-04,
        0.00000000e+00,  1.68820726e-04,  1.70615404e-04,  1.74742491e-04,
        7.75573918e-07,  1.74638091e-04,  1.66592717e-04])}
{'img': array([[[ 0.        , -0.43894012, -0.58411344, ..., -0.99477863,
         -0.98928506, -0.98928506],
        [ 0.43894012,  0.        , -0.16856003, ..., -0.93862141,
         -0.82480492, -0.82480492],
        [ 0.58411344,  0.16856003,  0.        , ..., -0.86704642,
         -0.71769633, -0.71769633],
        ...,
        [ 0.99477863,  0.93862141,  0.86704642, ...,  0.        ,
          0.24619722,  0.24619722],
        [ 0.98928506,  0.82480492,  0.71769633, ..., -0.24619722,
          0.        ,  0.        ],
        [ 0.98928506,  0.82480492,  0.71769633, ..., -0.24619722,
          0.        ,  0.        ]],

       [[ 0.        , -0.00803296, -0.0889189 , ..., -0.70692589,
         -0.67752575, -0.45430848],
        [ 0.00803296,  0.        , -0.08091489, ..., -0.70122147,
         -0.67159565, -0.44713771],
        [ 0.0889189 ,  0.08091489,  0.        , ..., -0.64123443,
         -0.60944221, -0.373296  ],
        ...,
        [ 0.70692589,  0.70122147,  0.64123443, ...,  0.        ,
          0.04073775,  0.30843423],
        [ 0.67752575,  0.67159565,  0.60944221, ..., -0.04073775,
          0.        ,  0.26942658],
        [ 0.45430848,  0.44713771,  0.373296  , ..., -0.30843423,
         -0.26942658,  0.        ]],

       [[ 0.        , -0.15117068, -0.31524553, ..., -0.80402566,
         -0.95931609, -0.95931609],
        [ 0.15117068,  0.        , -0.16816011, ..., -0.88467081,
         -0.99097198, -0.99097198],
        [ 0.31524553,  0.16816011,  0.        , ..., -0.9504718 ,
         -0.99940532, -0.99940532],
        ...,
        [ 0.80402566,  0.88467081,  0.9504718 , ...,  0.        ,
          0.34340016,  0.34340016],
        [ 0.95931609,  0.99097198,  0.99940532, ..., -0.34340016,
          0.        ,  0.        ],
        [ 0.95931609,  0.99097198,  0.99940532, ..., -0.34340016,
          0.        ,  0.        ]],

       ...,

       [[ 0.        , -0.49785987, -0.22525398, ...,  0.62956818,
          0.78759942,  0.81089976],
        [ 0.49785987,  0.        ,  0.2897117 , ...,  0.93280757,
          0.98982657,  0.99459906],
        [ 0.22525398, -0.2897117 ,  0.        , ...,  0.78839834,
          0.90615689,  0.92187497],
        ...,
        [-0.62956818, -0.93280757, -0.78839834, ...,  0.        ,
          0.22398952,  0.26161081],
        [-0.78759942, -0.98982657, -0.90615689, ..., -0.22398952,
          0.        ,  0.03877495],
        [-0.81089976, -0.99459906, -0.92187497, ..., -0.26161081,
         -0.03877495,  0.        ]],

       [[ 0.        ,  0.12601371,  0.40338829, ..., -0.79906212,
         -0.69990396, -0.40338829],
        [-0.12601371,  0.        ,  0.28486649, ..., -0.71692685,
         -0.60432103, -0.28486649],
        [-0.40338829, -0.28486649,  0.        , ..., -0.48862834,
         -0.35231752, -0.        ],
        ...,
        [ 0.79906212,  0.71692685,  0.48862834, ...,  0.        ,
         -0.14990352, -0.48862834],
        [ 0.69990396,  0.60432103,  0.35231752, ...,  0.14990352,
          0.        , -0.35231752],
        [ 0.40338829,  0.28486649,  0.        , ...,  0.48862834,
          0.35231752,  0.        ]],

       [[ 0.        , -0.6630177 , -0.89634543, ..., -0.21897464,
         -0.11395653, -0.        ],
        [ 0.6630177 ,  0.        , -0.37705439, ..., -0.81085185,
         -0.74400691, -0.6630177 ],
        [ 0.89634543,  0.37705439,  0.        , ..., -0.97167542,
         -0.94102975, -0.89634543],
        ...,
        [ 0.21897464,  0.81085185,  0.97167542, ...,  0.        ,
         -0.10635731, -0.21897464],
        [ 0.11395653,  0.74400691,  0.94102975, ...,  0.10635731,
          0.        , -0.11395653],
        [ 0.        ,  0.6630177 ,  0.89634543, ...,  0.21897464,
          0.11395653,  0.        ]]]), 'num': array([ 8.58947831e-01,  5.12062931e-01,  4.13450417e-05, -2.00971589e-09,
        1.45322539e-04,  1.46535003e-04,  1.44629702e-04,  6.56982585e-05,
        3.46418447e-07,  1.44837553e-04,  1.46387775e-04,  1.49970320e-04,
        7.19830540e-07,  1.49746918e-04,  1.43028633e-04])}
{'img': array([[[ 0.        , -0.16856003,  0.        , ..., -0.82480492,
         -0.82480492, -0.77630718],
        [ 0.16856003,  0.        ,  0.16856003, ..., -0.71769633,
         -0.71769633, -0.65894667],
        [ 0.        , -0.16856003,  0.        , ..., -0.82480492,
         -0.82480492, -0.77630718],
        ...,
        [ 0.82480492,  0.71769633,  0.82480492, ...,  0.        ,
          0.        ,  0.08098214],
        [ 0.82480492,  0.71769633,  0.82480492, ...,  0.        ,
          0.        ,  0.08098214],
        [ 0.77630718,  0.65894667,  0.77630718, ..., -0.08098214,
         -0.08098214,  0.        ]],

       [[ 0.        , -0.08091489,  0.70573639, ..., -0.67159565,
         -0.44713771, -0.88393168],
        [ 0.08091489,  0.        ,  0.76074843, ..., -0.60944221,
         -0.373296  , -0.84319618],
        [-0.70573639, -0.76074843,  0.        , ..., -0.99870111,
         -0.94804227, -0.95625675],
        ...,
        [ 0.67159565,  0.60944221,  0.99870111, ...,  0.        ,
          0.26942658, -0.34087185],
        [ 0.44713771,  0.373296  ,  0.94804227, ..., -0.26942658,
          0.        , -0.58155729],
        [ 0.88393168,  0.84319618,  0.95625675, ...,  0.34087185,
          0.58155729,  0.        ]],

       [[ 0.        , -0.16816011, -0.25722137, ..., -0.99097198,
         -0.99097198, -0.96841898],
        [ 0.16816011,  0.        , -0.09105651, ..., -0.99940532,
         -0.99940532, -0.9965555 ],
        [ 0.25722137,  0.09105651,  0.        , ..., -0.9921137 ,
         -0.9921137 , -0.99996672],
        ...,
        [ 0.99097198,  0.99940532,  0.9921137 , ...,  0.        ,
          0.        , -0.11724242],
        [ 0.99097198,  0.99940532,  0.9921137 , ...,  0.        ,
          0.        , -0.11724242],
        [ 0.96841898,  0.9965555 ,  0.99996672, ...,  0.11724242,
          0.11724242,  0.        ]],

       ...,

       [[ 0.        ,  0.2897117 ,  0.73075176, ...,  0.98982657,
          0.99459906,  0.99979661],
        [-0.2897117 ,  0.        ,  0.50164296, ...,  0.90615689,
          0.92187497,  0.96276218],
        [-0.73075176, -0.50164296,  0.        , ...,  0.57172772,
          0.60311041,  0.69724222],
        ...,
        [-0.98982657, -0.90615689, -0.57172772, ...,  0.        ,
          0.03877495,  0.16221301],
        [-0.99459906, -0.92187497, -0.60311041, ..., -0.03877495,
          0.        ,  0.12382962],
        [-0.99979661, -0.96276218, -0.69724222, ..., -0.16221301,
         -0.12382962,  0.        ]],

       [[ 0.        ,  0.2824644 , -0.00648634, ..., -0.6677644 ,
         -0.5218634 , -0.2824644 ],
        [-0.2824644 ,  0.        , -0.28868066, ..., -0.43031277,
         -0.25966162, -0.        ],
        [ 0.00648634,  0.28868066,  0.        , ..., -0.67257861,
         -0.52738545, -0.28868066],
        ...,
        [ 0.6677644 ,  0.43031277,  0.67257861, ...,  0.        ,
         -0.18116159, -0.43031277],
        [ 0.5218634 ,  0.25966162,  0.52738545, ...,  0.18116159,
          0.        , -0.25966162],
        [ 0.2824644 ,  0.        ,  0.28868066, ...,  0.43031277,
          0.25966162,  0.        ]],

       [[ 0.        , -0.51602262, -0.71192887, ..., -0.59245089,
         -0.56607284, -0.38689372],
        [ 0.51602262,  0.        , -0.24744274, ..., -0.92318981,
         -0.91026976, -0.80724048],
        [ 0.71192887,  0.24744274,  0.        , ..., -0.98958415,
         -0.98440783, -0.92818365],
        ...,
        [ 0.59245089,  0.92318981,  0.98958415, ...,  0.        ,
         -0.03235798, -0.23462924],
        [ 0.56607284,  0.91026976,  0.98440783, ...,  0.03235798,
          0.        , -0.20305167],
        [ 0.38689372,  0.80724048,  0.92818365, ...,  0.23462924,
          0.20305167,  0.        ]]]), 'num': array([ 9.52828455e-01,  3.03508971e-01,  7.81371220e-05, -4.59306711e-10,
        1.60722645e-04,  1.62463323e-04,  1.60142418e-04,  1.48131737e-04,
       -1.54726974e-06,  1.61534961e-04,  1.63198276e-04,  1.67340446e-04,
        7.36795116e-07,  1.66947812e-04,  1.59448740e-04])}
{'img': array([[[ 0.        ,  0.16856003,  0.16856003, ..., -0.71769633,
         -0.65894667, -0.89767532],
        [-0.16856003,  0.        ,  0.        , ..., -0.82480492,
         -0.77630718, -0.95910808],
        [-0.16856003,  0.        ,  0.        , ..., -0.82480492,
         -0.77630718, -0.95910808],
        ...,
        [ 0.71769633,  0.82480492,  0.82480492, ...,  0.        ,
          0.08098214, -0.30884353],
        [ 0.65894667,  0.77630718,  0.77630718, ..., -0.08098214,
          0.        , -0.38485231],
        [ 0.89767532,  0.95910808,  0.95910808, ...,  0.30884353,
          0.38485231,  0.        ]],

       [[ 0.        ,  0.76074843, -0.18912123, ..., -0.373296  ,
         -0.84319618, -0.47966111],
        [-0.76074843,  0.        , -0.86976831, ..., -0.94804227,
         -0.95625675, -0.97884416],
        [ 0.18912123,  0.86976831,  0.        , ..., -0.19110931,
         -0.72630694, -0.30505988],
        ...,
        [ 0.373296  ,  0.94804227,  0.19110931, ...,  0.        ,
         -0.58155729, -0.11743751],
        [ 0.84319618,  0.95625675,  0.72630694, ...,  0.58155729,
          0.        ,  0.48199702],
        [ 0.47966111,  0.97884416,  0.30505988, ...,  0.11743751,
         -0.48199702,  0.        ]],

       [[ 0.        , -0.09081527, -0.15215415, ..., -0.99872056,
         -0.99830365, -0.94970984],
        [ 0.09081527,  0.        , -0.06176752, ..., -0.99000114,
         -0.99946588, -0.97422251],
        [ 0.15215415,  0.06176752,  0.        , ..., -0.97939791,
         -0.99553891, -0.98629638],
        ...,
        [ 0.99872056,  0.99000114,  0.97939791, ...,  0.        ,
         -0.10863105, -0.36075677],
        [ 0.99830365,  0.99946588,  0.99553891, ...,  0.10863105,
          0.        , -0.25730604],
        [ 0.94970984,  0.97422251,  0.98629638, ...,  0.36075677,
          0.25730604,  0.        ]],

       ...,

       [[ 0.        ,  0.5601372 ,  0.61639573, ...,  0.95107324,
          0.9823086 ,  0.94634642],
        [-0.5601372 ,  0.        ,  0.06954964, ...,  0.61480586,
          0.70884776,  0.6029427 ],
        [-0.61639573, -0.06954964,  0.        , ...,  0.5584648 ,
          0.65807364,  0.54599704],
        ...,
        [-0.95107324, -0.61480586, -0.5584648 , ...,  0.        ,
          0.1253926 , -0.01495464],
        [-0.9823086 , -0.70884776, -0.65807364, ..., -0.1253926 ,
          0.        , -0.14021519],
        [-0.94634642, -0.6029427 , -0.54599704, ...,  0.01495464,
          0.14021519,  0.        ]],

       [[ 0.        , -0.28652223, -0.42917107, ..., -0.35260056,
         -0.24488523, -0.        ],
        [ 0.28652223,  0.        , -0.15238394, ..., -0.60593732,
         -0.51241629, -0.28652223],
        [ 0.42917107,  0.15238394,  0.        , ..., -0.72008412,
         -0.63728973, -0.42917107],
        ...,
        [ 0.35260056,  0.60593732,  0.72008412, ...,  0.        ,
         -0.1127074 , -0.35260056],
        [ 0.24488523,  0.51241629,  0.63728973, ...,  0.1127074 ,
          0.        , -0.24488523],
        [ 0.        ,  0.28652223,  0.42917107, ...,  0.35260056,
          0.24488523,  0.        ]],

       [[ 0.        , -0.24184037, -0.41653199, ..., -0.97485496,
         -0.96198305, -0.79679349],
        [ 0.24184037,  0.        , -0.1843055 , ..., -0.9998092 ,
         -0.99947641, -0.91927397],
        [ 0.41653199,  0.1843055 ,  0.        , ..., -0.9790813 ,
         -0.98831775, -0.97607191],
        ...,
        [ 0.97485496,  0.9998092 ,  0.9790813 , ...,  0.        ,
         -0.05187321, -0.41150006],
        [ 0.96198305,  0.99947641,  0.98831775, ...,  0.05187321,
          0.        , -0.3636683 ],
        [ 0.79679349,  0.91927397,  0.97607191, ...,  0.41150006,
          0.3636683 ,  0.        ]]]), 'num': array([ 9.79709351e-01,  2.00422832e-01,  9.48037127e-05, -1.35804801e-08,
        1.64893466e-04,  1.67701870e-04,  1.64492265e-04,  2.03488968e-04,
       -1.80540291e-06,  1.67140189e-04,  1.68945592e-04,  1.73429009e-04,
        5.83140474e-07,  1.73152655e-04,  1.64738529e-04])}
{'img': array([[[ 0.        ,  0.        ,  0.08008195, ..., -0.70934236,
         -0.87672862, -0.98084195],
        [ 0.        ,  0.        ,  0.08008195, ..., -0.70934236,
         -0.87672862, -0.98084195],
        [-0.08008195, -0.08008195,  0.        , ..., -0.76351105,
         -0.91243106, -0.96209139],
        ...,
        [ 0.70934236,  0.70934236,  0.76351105, ...,  0.        ,
         -0.27679124, -0.82954387],
        [ 0.87672862,  0.87672862,  0.91243106, ...,  0.27679124,
          0.        , -0.64256192],
