state_0,state_1,state_2,state_3,state_4,state_5,state_6,state_7,state_8,state_9,state_10,state_11,state_12,state_13,state_14,state_15,state_16,state_17,state_18,state_19,state_20,state_21,state_22,state_23,state_24,state_25,state_26,state_27,state_28,state_29,state_30,state_31,state_32,state_33,state_34,state_35,state_36,state_37,state_38,state_39,state_40,state_41,state_42,state_43,state_44,state_45,state_46,state_47,state_48,state_49,state_50,state_51,state_52,state_53,state_54,state_55,state_56,state_57,state_58,state_59,state_60,state_61,state_62,state_63,state_64,state_65,state_66,state_67,state_68,state_69,state_70,state_71,state_72,state_73,state_74,state_75,state_76,state_77,state_78,state_79,state_80,state_81,state_82,state_83,state_84,state_85,state_86,state_87,state_88,state_89,state_90,state_91,state_92,state_93,state_94,state_95,state_96,state_97,state_98,state_99,state_100,state_101,state_102,state_103,state_104,state_105,state_106,state_107,state_108,state_109,state_110,state_111,state_112,state_113,state_114,state_115,state_116,state_117,state_118,state_119,state_120,state_121,state_122,state_123,state_124,state_125,state_126,state_127,state_128,state_129,state_130,state_131,state_132,state_133,state_134,state_135,state_136,state_137,state_138,state_139,state_140,state_141,state_142,state_143,state_144,state_145,state_146,state_147,state_148,state_149,state_150,state_151,state_152,state_153,state_154,state_155,state_156,state_157,state_158,state_159,state_160,state_161,state_162,state_163,state_164,state_165,state_166,state_167,state_168,state_169,state_170,state_171,state_172,state_173,state_174,state_175,state_176,state_177,state_178,state_179,state_180,state_181,state_182,state_183,state_184,state_185,state_186,state_187,state_188,state_189,state_190,state_191,state_192,state_193,state_194,state_195,state_196,state_197,state_198,state_199,state_200,state_201,state_202,state_203,state_204,state_205,state_206,state_207,state_208,state_209,state_210,state_211,state_212,state_213,state_214,state_215,state_216,state_217,state_218,state_219,state_220,state_221,state_222,state_223,state_224,state_225,state_226,state_227,state_228,state_229,state_230,state_231,state_232,state_233,state_234,state_235,state_236,state_237,state_238,state_239,state_240,state_241,state_242,state_243,state_244,state_245,state_246,state_247,state_248,state_249,state_250,state_251,state_252,state_253,state_254,state_255,state_256,state_257,state_258,state_259,state_260,state_261,state_262,state_263,state_264,state_265,state_266,state_267,state_268,state_269,state_270,state_271,state_272,state_273,state_274,state_275,state_276,state_277,state_278,state_279,state_280,state_281,state_282,state_283,state_284,state_285,state_286,state_287
{'img': array([[[ 0.        ,  0.06722655,  0.13523214, ..., -0.78347846,
         -0.70844358, -0.98632113],
        [-0.06722655,  0.        ,  0.06831721, ..., -0.82348188,
         -0.75428721, -0.97300851],
        [-0.13523214, -0.06831721,  0.        , ..., -0.8603172 ,
         -0.79737822, -0.95496971],
        ...,
        [ 0.78347846,  0.82348188,  0.8603172 , ...,  0.        ,
          0.11271334, -0.74206343],
        [ 0.70844358,  0.75428721,  0.79737822, ..., -0.11271334,
          0.        , -0.81288976],
        [ 0.98632113,  0.97300851,  0.95496971, ...,  0.74206343,
          0.81288976,  0.        ]],

       [[ 0.        , -0.14443772,  0.29083801, ...,  0.58603588,
          0.26589744,  0.52783591],
        [ 0.14443772,  0.        ,  0.42598226, ...,  0.69692637,
          0.40234736,  0.64497862],
        [-0.29083801, -0.42598226,  0.        , ...,  0.32504119,
         -0.02596492,  0.25799657],
        ...,
        [-0.58603588, -0.69692637, -0.32504119, ...,  0.        ,
         -0.34948663, -0.07004987],
        [-0.26589744, -0.40234736,  0.02596492, ...,  0.34948663,
          0.        ,  0.28299549],
        [-0.52783591, -0.64497862, -0.25799657, ...,  0.07004987,
         -0.28299549,  0.        ]],

       [[ 0.        , -0.08180144, -0.11641153, ..., -0.82350436,
         -0.9002636 , -0.98154338],
        [ 0.08180144,  0.        , -0.03477611, ..., -0.77433773,
         -0.86163463, -0.96261021],
        [ 0.11641153,  0.03477611,  0.        , ..., -0.75186399,
         -0.84346356, -0.95260744],
        ...,
        [ 0.82350436,  0.77433773,  0.75186399, ...,  0.        ,
         -0.15221982, -0.39935268],
        [ 0.9002636 ,  0.86163463,  0.84346356, ...,  0.15221982,
          0.        , -0.25514416],
        [ 0.98154338,  0.96261021,  0.95260744, ...,  0.39935268,
          0.25514416,  0.        ]],

       ...,

       [[ 0.        ,  0.        ,  0.32331053, ...,  0.05510712,
          0.23992407, -0.04971834],
        [ 0.        ,  0.        ,  0.32331053, ...,  0.05510712,
          0.23992407, -0.04971834],
        [-0.32331053, -0.32331053,  0.        , ..., -0.27067177,
         -0.08682872, -0.3699588 ],
        ...,
        [-0.05510712, -0.05510712,  0.27067177, ...,  0.        ,
          0.18606196, -0.10468175],
        [-0.23992407, -0.23992407,  0.08682872, ..., -0.18606196,
          0.        , -0.2878935 ],
        [ 0.04971834,  0.04971834,  0.3699588 , ...,  0.10468175,
          0.2878935 ,  0.        ]],

       [[ 0.        ,  0.        , -0.00916531, ..., -0.99539077,
         -0.95342461, -0.99303923],
        [ 0.        ,  0.        , -0.00916531, ..., -0.99539077,
         -0.95342461, -0.99303923],
        [ 0.00916531,  0.00916531,  0.        , ..., -0.99622794,
         -0.95614911, -0.99191799],
        ...,
        [ 0.99539077,  0.99539077,  0.99622794, ...,  0.        ,
         -0.20880573,  0.21247573],
        [ 0.95342461,  0.95342461,  0.95614911, ...,  0.20880573,
          0.        ,  0.41183009],
        [ 0.99303923,  0.99303923,  0.99191799, ..., -0.21247573,
         -0.41183009,  0.        ]],

       [[ 0.        ,  0.        ,  0.1739619 , ..., -0.99292214,
         -0.99802604, -0.97643631],
        [ 0.        ,  0.        ,  0.1739619 , ..., -0.99292214,
         -0.99802604, -0.97643631],
        [-0.1739619 , -0.1739619 ,  0.        , ..., -0.9984434 ,
         -0.99373359, -0.92400599],
        ...,
        [ 0.99292214,  0.99292214,  0.9984434 , ...,  0.        ,
         -0.0561757 , -0.33024688],
        [ 0.99802604,  0.99802604,  0.99373359, ...,  0.0561757 ,
          0.        , -0.27670145],
        [ 0.97643631,  0.97643631,  0.92400599, ...,  0.33024688,
          0.27670145,  0.        ]]]), 'num': array([7.07105232e-01, 7.07105232e-01, 0.00000000e+00, 0.00000000e+00,
       6.54463595e-04, 6.63000076e-04, 6.46638487e-04, 8.50276257e-04,
       2.84549389e-06, 6.69971536e-04, 6.88751796e-04, 7.07057807e-04,
       5.39914225e-07, 7.18180999e-04, 6.59322593e-04])}
{'img': array([[[ 0.        ,  0.06831721,  0.        , ..., -0.75428721,
         -0.97300851, -0.99790584],
        [-0.06831721,  0.        , -0.06831721, ..., -0.79737822,
         -0.95496971, -0.99999337],
        [ 0.        ,  0.06831721,  0.        , ..., -0.75428721,
         -0.97300851, -0.99790584],
        ...,
        [ 0.75428721,  0.79737822,  0.75428721, ...,  0.        ,
         -0.81288976, -0.60637989],
        [ 0.97300851,  0.95496971,  0.97300851, ...,  0.81288976,
          0.        ,  0.29322339],
        [ 0.99790584,  0.99999337,  0.99790584, ...,  0.60637989,
         -0.29322339,  0.        ]],

       [[ 0.        ,  0.42598226, -0.08342404, ...,  0.40234736,
          0.64497862, -0.20619021],
        [-0.42598226,  0.        , -0.4999737 , ..., -0.02596492,
          0.25799657, -0.60337551],
        [ 0.08342404,  0.4999737 ,  0.        , ...,  0.47731846,
          0.70648301, -0.12384005],
        ...,
        [-0.40234736,  0.02596492, -0.47731846, ...,  0.        ,
          0.28299549, -0.58246617],
        [-0.64497862, -0.25799657, -0.70648301, ..., -0.28299549,
          0.        , -0.78868996],
        [ 0.20619021,  0.60337551,  0.12384005, ...,  0.58246617,
          0.78868996,  0.        ]],

       [[ 0.        , -0.03358866, -0.02241401, ..., -0.82357706,
         -0.92173709, -0.98542258],
        [ 0.03358866,  0.        ,  0.01117886, ..., -0.80406071,
         -0.90819079, -0.9905808 ],
        [ 0.02241401, -0.01117886,  0.        , ..., -0.81065683,
         -0.91281302, -0.98898819],
        ...,
        [ 0.82357706,  0.80406071,  0.81065683, ...,  0.        ,
         -0.20341751, -0.69904664],
        [ 0.92173709,  0.90819079,  0.91281302, ...,  0.20341751,
          0.        , -0.53897205],
        [ 0.98542258,  0.9905808 ,  0.98898819, ...,  0.69904664,
          0.53897205,  0.        ]],

       ...,

       [[ 0.        ,  0.32331053,  0.32331053, ...,  0.23992407,
         -0.04971834,  0.03178383],
        [-0.32331053,  0.        ,  0.        , ..., -0.08682872,
         -0.3699588 , -0.29307037],
        [-0.32331053,  0.        ,  0.        , ..., -0.08682872,
         -0.3699588 , -0.29307037],
        ...,
        [-0.23992407,  0.08682872,  0.08682872, ...,  0.        ,
         -0.2878935 , -0.20894737],
        [ 0.04971834,  0.3699588 ,  0.3699588 , ...,  0.2878935 ,
          0.        ,  0.08143774],
        [-0.03178383,  0.29307037,  0.29307037, ...,  0.20894737,
         -0.08143774,  0.        ]],

       [[ 0.        , -0.00916531, -0.01101528, ..., -0.95342461,
         -0.99303923, -0.98719504],
        [ 0.00916531,  0.        , -0.00185007, ..., -0.95614911,
         -0.99191799, -0.98569155],
        [ 0.01101528,  0.00185007,  0.        , ..., -0.95668932,
         -0.99168156, -0.98537801],
        ...,
        [ 0.95342461,  0.95614911,  0.95668932, ...,  0.        ,
          0.41183009,  0.44985732],
        [ 0.99303923,  0.99191799,  0.99168156, ..., -0.41183009,
          0.        ,  0.04213164],
        [ 0.98719504,  0.98569155,  0.98537801, ..., -0.44985732,
         -0.04213164,  0.        ]],

       [[ 0.        ,  0.1739619 ,  0.2814501 , ..., -0.99802604,
         -0.97643631, -0.91066724],
        [-0.1739619 ,  0.        ,  0.11022901, ..., -0.99373359,
         -0.92400599, -0.824911  ],
        [-0.2814501 , -0.11022901,  0.        , ..., -0.97535718,
         -0.87622615, -0.75757583],
        ...,
        [ 0.99802604,  0.99373359,  0.97535718, ...,  0.        ,
         -0.27670145, -0.46951636],
        [ 0.97643631,  0.92400599,  0.87622615, ...,  0.27670145,
          0.        , -0.20687825],
        [ 0.91066724,  0.824911  ,  0.75757583, ...,  0.46951636,
          0.20687825,  0.        ]]]), 'num': array([ 7.07105155e-01,  7.07105155e-01,  0.00000000e+00,  0.00000000e+00,
        6.43792923e-04,  6.67979619e-04,  6.38813309e-04,  9.92252067e-04,
       -1.06706009e-05,  6.60296786e-04,  6.85301561e-04,  7.05599415e-04,
        5.03747668e-07,  7.18574602e-04,  6.52028520e-04])}
{'img': array([[[ 0.        , -0.06527108,  0.02209862, ..., -0.99040697,
         -0.97555777, -0.94158066],
        [ 0.06527108,  0.        ,  0.08730664, ..., -0.97927577,
         -0.95913459, -0.96155529],
        [-0.02209862, -0.08730664,  0.        , ..., -0.99321872,
         -0.98017556, -0.93390818],
        ...,
        [ 0.99040697,  0.97927577,  0.99321872, ...,  0.        ,
          0.08283142, -0.46366544],
        [ 0.97555777,  0.95913459,  0.98017556, ..., -0.08283142,
          0.        , -0.53546158],
        [ 0.94158066,  0.96155529,  0.93390818, ...,  0.46366544,
          0.53546158,  0.        ]],

       [[ 0.        , -0.4999737 ,  0.06100568, ...,  0.25799657,
         -0.60337551, -0.47972988],
        [ 0.4999737 ,  0.        ,  0.55187586, ...,  0.70648301,
         -0.12384005,  0.0232195 ],
        [-0.06100568, -0.55187586,  0.        , ...,  0.19857564,
         -0.6509011 , -0.53236372],
        ...,
        [-0.25799657, -0.70648301, -0.19857564, ...,  0.        ,
         -0.78868996, -0.6898594 ],
        [ 0.60337551,  0.12384005,  0.6509011 , ...,  0.78868996,
          0.        ,  0.14684742],
        [ 0.47972988, -0.0232195 ,  0.53236372, ...,  0.6898594 ,
         -0.14684742,  0.        ]],

       [[ 0.        ,  0.0103586 ,  0.07300545, ..., -0.82255062,
         -0.92776365, -0.97745904],
        [-0.0103586 ,  0.        ,  0.06267058, ..., -0.82839734,
         -0.93157938, -0.97521963],
        [-0.07300545, -0.06267058,  0.        , ..., -0.86187329,
         -0.95253128, -0.95943744],
        ...,
        [ 0.82255062,  0.82839734,  0.86187329, ...,  0.        ,
         -0.22066182, -0.72953416],
        [ 0.92776365,  0.93157938,  0.95253128, ...,  0.22066182,
          0.        , -0.56063101],
        [ 0.97745904,  0.97521963,  0.95943744, ...,  0.72953416,
          0.56063101,  0.        ]],

       ...,

       [[ 0.        ,  0.        ,  0.13356341, ..., -0.3699588 ,
         -0.29307037, -0.37396827],
        [ 0.        ,  0.        ,  0.13356341, ..., -0.3699588 ,
         -0.29307037, -0.37396827],
        [-0.13356341, -0.13356341,  0.        , ..., -0.49073091,
         -0.4181433 , -0.49448987],
        ...,
        [ 0.3699588 ,  0.3699588 ,  0.49073091, ...,  0.        ,
          0.08143774, -0.00431939],
        [ 0.29307037,  0.29307037,  0.4181433 , ..., -0.08143774,
          0.        , -0.08574203],
        [ 0.37396827,  0.37396827,  0.49448987, ...,  0.00431939,
          0.08574203,  0.        ]],

       [[ 0.        , -0.00185007, -0.02131926, ..., -0.99191799,
         -0.98569155, -0.98211548],
        [ 0.00185007,  0.        , -0.01946958, ..., -0.99168156,
         -0.98537801, -0.98176546],
        [ 0.02131926,  0.01946958,  0.        , ..., -0.98898754,
         -0.98187396, -0.97787828],
        ...,
        [ 0.99191799,  0.99168156,  0.98898754, ...,  0.        ,
          0.04213164,  0.06214643],
        [ 0.98569155,  0.98537801,  0.98187396, ..., -0.04213164,
          0.        ,  0.02004105],
        [ 0.98211548,  0.98176546,  0.97787828, ..., -0.06214643,
         -0.02004105,  0.        ]],

       [[ 0.        ,  0.11022901, -0.07634264, ..., -0.92400599,
         -0.824911  , -0.6072483 ],
        [-0.11022901,  0.        , -0.18578475, ..., -0.87622615,
         -0.75757583, -0.51596957],
        [ 0.07634264,  0.18578475,  0.        , ..., -0.95050116,
         -0.86565726, -0.66613128],
        ...,
        [ 0.92400599,  0.87622615,  0.95050116, ...,  0.        ,
         -0.20687825, -0.50193558],
        [ 0.824911  ,  0.75757583,  0.86565726, ...,  0.20687825,
          0.        , -0.31214702],
        [ 0.6072483 ,  0.51596957,  0.66613128, ...,  0.50193558,
          0.31214702,  0.        ]]]), 'num': array([ 7.72434492e-01,  6.35090450e-01,  3.04870237e-06, -3.94029102e-11,
        7.00734907e-04,  7.09289939e-04,  6.92179875e-04,  9.09026608e-04,
       -3.11092079e-06,  7.14889597e-04,  7.46115464e-04,  7.69693651e-04,
        4.95612380e-07,  7.87554035e-04,  7.04676893e-04])}
{'img': array([[[ 0.00000000e+00,  8.59665033e-02,  2.19489666e-01, ...,
         -9.43411769e-01, -9.99971304e-01, -9.57226361e-01],
        [-8.59665033e-02,  0.00000000e+00,  1.34806926e-01, ...,
         -9.68427809e-01, -9.95618176e-01, -9.28809179e-01],
        [-2.19489666e-01, -1.34806926e-01,  0.00000000e+00, ...,
         -9.93194468e-01, -9.73924027e-01, -8.70377066e-01],
        ...,
        [ 9.43411769e-01,  9.68427809e-01,  9.93194468e-01, ...,
          0.00000000e+00, -3.38761178e-01, -5.90405740e-01],
        [ 9.99971304e-01,  9.95618176e-01,  9.73924027e-01, ...,
          3.38761178e-01,  0.00000000e+00, -2.82080081e-01],
        [ 9.57226361e-01,  9.28809179e-01,  8.70377066e-01, ...,
          5.90405740e-01,  2.82080081e-01,  0.00000000e+00]],

       [[ 0.00000000e+00,  5.51875861e-01,  5.93493230e-01, ...,
         -1.23840047e-01,  2.32194991e-02, -1.46097641e-01],
        [-5.51875861e-01,  0.00000000e+00,  5.07583933e-02, ...,
         -6.50901096e-01, -5.32363720e-01, -6.67788991e-01],
        [-5.93493230e-01, -5.07583933e-02,  0.00000000e+00, ...,
         -6.88595931e-01, -5.74645261e-01, -7.04710228e-01],
        ...,
        [ 1.23840047e-01,  6.50901096e-01,  6.88595931e-01, ...,
          0.00000000e+00,  1.46847418e-01, -2.24617447e-02],
        [-2.32194991e-02,  5.32363720e-01,  5.74645261e-01, ...,
         -1.46847418e-01,  0.00000000e+00, -1.69028610e-01],
        [ 1.46097641e-01,  6.67788991e-01,  7.04710228e-01, ...,
          2.24617447e-02,  1.69028610e-01,  0.00000000e+00]],

       [[ 0.00000000e+00,  6.00054931e-02,  1.26167163e-01, ...,
         -8.83895013e-01, -9.79669453e-01, -9.64752778e-01],
        [-6.00054931e-02,  0.00000000e+00,  6.64138266e-02, ...,
         -9.10365967e-01, -9.89942344e-01, -9.47223419e-01],
        [-1.26167163e-01, -6.64138266e-02,  0.00000000e+00, ...,
         -9.35838340e-01, -9.97152371e-01, -9.23841549e-01],
        ...,
        [ 8.83895013e-01,  9.10365967e-01,  9.35838340e-01, ...,
          0.00000000e+00, -2.80851424e-01, -6.83804711e-01],
        [ 9.79669453e-01,  9.89942344e-01,  9.97152371e-01, ...,
          2.80851424e-01,  0.00000000e+00, -4.51354957e-01],
        [ 9.64752778e-01,  9.47223419e-01,  9.23841549e-01, ...,
          6.83804711e-01,  4.51354957e-01,  0.00000000e+00]],

       ...,

       [[ 0.00000000e+00,  1.33563415e-01, -7.51457557e-02, ...,
         -2.93070370e-01, -3.73968272e-01, -4.86025839e-01],
        [-1.33563415e-01,  0.00000000e+00, -2.07658242e-01, ...,
         -4.18143300e-01, -4.94489870e-01, -5.98398182e-01],
        [ 7.51457557e-02,  2.07658242e-01,  0.00000000e+00, ...,
         -2.20395560e-01, -3.03217607e-01, -4.18978415e-01],
        ...,
        [ 2.93070370e-01,  4.18143300e-01,  2.20395560e-01, ...,
          0.00000000e+00, -8.57420293e-02, -2.08557649e-01],
        [ 3.73968272e-01,  4.94489870e-01,  3.03217607e-01, ...,
          8.57420293e-02,  0.00000000e+00, -1.23933040e-01],
        [ 4.86025839e-01,  5.98398182e-01,  4.18978415e-01, ...,
          2.08557649e-01,  1.23933040e-01,  0.00000000e+00]],

       [[ 0.00000000e+00, -1.94695782e-02, -3.67716625e-02, ...,
         -9.85378013e-01, -9.81765465e-01, -9.62694117e-01],
        [ 1.94695782e-02,  0.00000000e+00, -1.73082816e-02, ...,
         -9.81873960e-01, -9.77878277e-01, -9.57243325e-01],
        [ 3.67716625e-02,  1.73082816e-02,  0.00000000e+00, ...,
         -9.78446350e-01, -9.74111336e-01, -9.52092922e-01],
        ...,
        [ 9.85378013e-01,  9.81873960e-01,  9.78446350e-01, ...,
          0.00000000e+00,  2.00410515e-02,  1.02609260e-01],
        [ 9.81765465e-01,  9.77878277e-01,  9.74111336e-01, ...,
         -2.00410515e-02,  0.00000000e+00,  8.26533822e-02],
        [ 9.62694117e-01,  9.57243325e-01,  9.52092922e-01, ...,
         -1.02609260e-01, -8.26533822e-02,  0.00000000e+00]],

       [[ 0.00000000e+00, -1.82839066e-01, -1.82344789e-01, ...,
         -7.99769666e-01, -6.03056532e-01, -0.00000000e+00],
        [ 1.82839066e-01,  0.00000000e+00,  5.02728532e-04, ...,
         -8.96047403e-01, -7.38741161e-01, -1.82839066e-01],
        [ 1.82344789e-01, -5.02728532e-04,  0.00000000e+00, ...,
         -8.95824100e-01, -7.38402234e-01, -1.82344789e-01],
        ...,
        [ 7.99769666e-01,  8.96047403e-01,  8.95824100e-01, ...,
          0.00000000e+00, -2.75955974e-01, -7.99769666e-01],
        [ 6.03056532e-01,  7.38741161e-01,  7.38402234e-01, ...,
          2.75955974e-01,  0.00000000e+00, -6.03056532e-01],
        [ 0.00000000e+00,  1.82839066e-01,  1.82344789e-01, ...,
          7.99769666e-01,  6.03056532e-01,  0.00000000e+00]]]), 'num': array([ 7.65947262e-01,  6.42899364e-01,  2.67495431e-06, -1.30178140e-09,
        7.07171829e-04,  7.12552484e-04,  6.85649208e-04,  1.01431500e-03,
        1.46046356e-05,  7.01329974e-04,  7.34997503e-04,  7.59338562e-04,
        5.70412059e-07,  7.77078245e-04,  6.92916760e-04])}
{'img': array([[[ 0.        ,  0.13480693,  0.92880918, ..., -0.99561818,
         -0.92880918, -0.96842781],
        [-0.13480693,  0.        ,  0.87037707, ..., -0.97392403,
         -0.87037707, -0.99319447],
        [-0.92880918, -0.87037707,  0.        , ..., -0.28208008,
         -0.        , -0.59040574],
        ...,
        [ 0.99561818,  0.97392403,  0.28208008, ...,  0.        ,
         -0.28208008,  0.33876118],
        [ 0.92880918,  0.87037707,  0.        , ...,  0.28208008,
          0.        ,  0.59040574],
        [ 0.96842781,  0.99319447,  0.59040574, ..., -0.33876118,
         -0.59040574,  0.        ]],

       [[ 0.        ,  0.05075839,  0.93920819, ..., -0.53236372,
         -0.66778899, -0.57552452],
        [-0.05075839,  0.        ,  0.95542532, ..., -0.57464526,
         -0.70471023, -0.61629207],
        [-0.93920819, -0.95542532,  0.        , ..., -0.61226839,
         -0.46981607, -0.57046463],
        ...,
        [ 0.53236372,  0.57464526,  0.61226839, ...,  0.        ,
         -0.16902861, -0.05183174],
        [ 0.66778899,  0.70471023,  0.46981607, ...,  0.16902861,
          0.        ,  0.11771546],
        [ 0.57552452,  0.61629207,  0.57046463, ...,  0.05183174,
         -0.11771546,  0.        ]],

       [[ 0.        ,  0.06450399,  0.24676933, ..., -0.9669823 ,
         -0.99905438, -0.93781834],
        [-0.06450399,  0.        ,  0.18374626, ..., -0.98140694,
         -0.99977831, -0.91347424],
        [-0.24676933, -0.18374626,  0.        , ..., -0.99996522,
         -0.97888696, -0.82315544],
        ...,
        [ 0.9669823 ,  0.98140694,  0.99996522, ...,  0.        ,
         -0.2125599 , -0.57466207],
        [ 0.99905438,  0.99977831,  0.97888696, ...,  0.2125599 ,
          0.        , -0.38757284],
        [ 0.93781834,  0.91347424,  0.82315544, ...,  0.57466207,
          0.38757284,  0.        ]],

       ...,

       [[ 0.        , -0.20765824,  0.30716421, ..., -0.49448987,
         -0.59839818, -0.44366942],
        [ 0.20765824,  0.        ,  0.4980878 , ..., -0.30321761,
         -0.41897842, -0.24789671],
        [-0.30716421, -0.4980878 ,  0.        , ..., -0.73756655,
         -0.81556915, -0.69749855],
        ...,
        [ 0.49448987,  0.30321761,  0.73756655, ...,  0.        ,
         -0.12393304,  0.05752705],
        [ 0.59839818,  0.41897842,  0.81556915, ...,  0.12393304,
          0.        ,  0.18081135],
        [ 0.44366942,  0.24789671,  0.69749855, ..., -0.05752705,
         -0.18081135,  0.        ]],

       [[ 0.        , -0.01730828,  0.09649242, ..., -0.97787828,
         -0.95724333, -0.9715318 ],
        [ 0.01730828,  0.        ,  0.11370548, ..., -0.97411134,
         -0.95209292, -0.96728577],
        [-0.09649242, -0.11370548,  0.        , ..., -0.993499  ,
         -0.98069027, -0.9898583 ],
        ...,
        [ 0.97787828,  0.97411134,  0.993499  , ...,  0.        ,
          0.08265338,  0.02844844],
        [ 0.95724333,  0.95209292,  0.98069027, ..., -0.08265338,
          0.        , -0.05426883],
        [ 0.9715318 ,  0.96728577,  0.9898583 , ..., -0.02844844,
          0.05426883,  0.        ]],

       [[ 0.        ,  0.0133115 , -0.37123306, ..., -0.70451886,
         -0.41724643, -0.0133115 ],
        [-0.0133115 ,  0.        , -0.38356043, ..., -0.69500946,
         -0.40511206, -0.        ],
        [ 0.37123306,  0.38356043,  0.        , ..., -0.91763238,
         -0.72480403, -0.38356043],
        ...,
        [ 0.70451886,  0.69500946,  0.91763238, ...,  0.        ,
         -0.34414843, -0.69500946],
        [ 0.41724643,  0.40511206,  0.72480403, ...,  0.34414843,
          0.        , -0.40511206],
        [ 0.0133115 ,  0.        ,  0.38356043, ...,  0.69500946,
          0.40511206,  0.        ]]]), 'num': array([ 7.76721022e-01,  6.29840636e-01,  3.19652635e-06,  3.85939339e-09,
        7.16489687e-04,  7.26625014e-04,  7.09472922e-04,  9.60548372e-04,
       -7.79640573e-07,  7.11811843e-04,  7.43426269e-04,  7.68660635e-04,
        5.57907933e-07,  7.87500378e-04,  6.99352159e-04])}
{'img': array([[[ 0.        ,  0.87037707,  0.60530941, ..., -0.87037707,
         -0.99319447, -0.99507089],
        [-0.87037707,  0.        , -0.39476593, ..., -0.        ,
         -0.59040574, -0.5762707 ],
        [-0.60530941,  0.39476593,  0.        , ..., -0.39476593,
         -0.86107219, -0.85209295],
        ...,
        [ 0.87037707,  0.        ,  0.39476593, ...,  0.        ,
          0.59040574,  0.5762707 ],
        [ 0.99319447,  0.59040574,  0.86107219, ..., -0.59040574,
          0.        , -0.01740245],
        [ 0.99507089,  0.5762707 ,  0.85209295, ..., -0.5762707 ,
          0.01740245,  0.        ]],

       [[ 0.        ,  0.95542532,  0.00898801, ..., -0.70471023,
         -0.61629207, -0.66665977],
        [-0.95542532,  0.        , -0.95804028, ..., -0.46981607,
         -0.57046463, -0.51531799],
        [-0.00898801,  0.95804028,  0.        , ..., -0.71105871,
         -0.62334539, -0.67333216],
        ...,
        [ 0.70471023,  0.46981607,  0.71105871, ...,  0.        ,
          0.11771546,  0.05227241],
        [ 0.61629207,  0.57046463,  0.62334539, ..., -0.11771546,
          0.        , -0.06564555],
        [ 0.66665977,  0.51531799,  0.67333216, ..., -0.05227241,
          0.06564555,  0.        ]],

       [[ 0.        ,  0.18374626,  0.34433111, ..., -0.99977831,
         -0.91347424, -0.95487954],
        [-0.18374626,  0.        ,  0.16595856, ..., -0.97888696,
         -0.82315544, -0.88405005],
        [-0.34433111, -0.16595856,  0.        , ..., -0.93139014,
         -0.71750658, -0.79422295],
        ...,
        [ 0.99977831,  0.97888696,  0.93139014, ...,  0.        ,
         -0.38757284, -0.27682224],
        [ 0.91347424,  0.82315544,  0.71750658, ...,  0.38757284,
          0.        ,  0.11724138],
        [ 0.95487954,  0.88405005,  0.79422295, ...,  0.27682224,
         -0.11724138,  0.        ]],

       ...,

       [[ 0.        ,  0.4980878 ,  0.55884402, ..., -0.41897842,
         -0.24789671, -0.29105044],
        [-0.4980878 ,  0.        ,  0.07153786, ..., -0.81556915,
         -0.69749855, -0.72890202],
        [-0.55884402, -0.07153786,  0.        , ..., -0.85487564,
         -0.74697452, -0.77601059],
        ...,
        [ 0.41897842,  0.81556915,  0.85487564, ...,  0.        ,
          0.18081135,  0.13656719],
        [ 0.24789671,  0.69749855,  0.74697452, ..., -0.18081135,
          0.        , -0.04480103],
        [ 0.29105044,  0.72890202,  0.77601059, ..., -0.13656719,
          0.04480103,  0.        ]],

       [[ 0.        ,  0.11370548,  0.1570305 , ..., -0.95209292,
         -0.96728577, -0.97444521],
        [-0.11370548,  0.        ,  0.04371726, ..., -0.98069027,
         -0.9898583 , -0.99366657],
        [-0.1570305 , -0.04371726,  0.        , ..., -0.98830234,
         -0.99512234, -0.99762903],
        ...,
        [ 0.95209292,  0.98069027,  0.98830234, ...,  0.        ,
         -0.05426883, -0.0841298 ],
        [ 0.96728577,  0.9898583 ,  0.99512234, ...,  0.05426883,
          0.        , -0.02992939],
        [ 0.97444521,  0.99366657,  0.99762903, ...,  0.0841298 ,
          0.02992939,  0.        ]],

       [[ 0.        , -0.37618808, -0.43376049, ..., -0.54491249,
         -0.38995897, -0.        ],
        [ 0.37618808,  0.        , -0.06294182, ..., -0.82031607,
         -0.70771998, -0.37618808],
        [ 0.43376049,  0.06294182,  0.        , ..., -0.85468663,
         -0.75078467, -0.43376049],
        ...,
        [ 0.54491249,  0.82031607,  0.85468663, ...,  0.        ,
         -0.17479516, -0.54491249],
        [ 0.38995897,  0.70771998,  0.75078467, ...,  0.17479516,
          0.        , -0.38995897],
        [ 0.        ,  0.37618808,  0.43376049, ...,  0.54491249,
          0.38995897,  0.        ]]]), 'num': array([ 8.66102474e-01,  4.99860574e-01,  8.04927252e-06,  3.90288731e-09,
        7.94450975e-04,  8.11911436e-04,  7.87466791e-04,  7.48302977e-04,
       -7.85720745e-06,  7.95323998e-04,  8.29721107e-04,  8.58720022e-04,
        5.74150294e-07,  8.81072082e-04,  7.78370131e-04])}
{'img': array([[[ 0.        , -0.39476593, -0.5762707 , ..., -0.59040574,
         -0.5762707 , -0.41760333],
        [ 0.39476593,  0.        , -0.20684102, ..., -0.86107219,
         -0.85209295, -0.74238225],
        [ 0.5762707 ,  0.20684102,  0.        , ..., -0.94762622,
         -0.94192469, -0.86490655],
        ...,
        [ 0.59040574,  0.86107219,  0.94762622, ...,  0.        ,
         -0.01740245, -0.19940964],
        [ 0.5762707 ,  0.85209295,  0.94192469, ...,  0.01740245,
          0.        , -0.1823265 ],
        [ 0.41760333,  0.74238225,  0.86490655, ...,  0.19940964,
          0.1823265 ,  0.        ]],

       [[ 0.        , -0.95989299, -0.67892314, ..., -0.58302972,
         -0.53006994, -0.        ],
        [ 0.95989299,  0.        , -0.51441502, ..., -0.61640377,
         -0.66533111, -0.95989299],
        [ 0.67892314,  0.51441502,  0.        , ..., -0.12352579,
         -0.18651324, -0.67892314],
        ...,
        [ 0.58302972,  0.61640377,  0.12352579, ...,  0.        ,
         -0.06372659, -0.58302972],
        [ 0.53006994,  0.66533111,  0.18651324, ...,  0.06372659,
          0.        , -0.53006994],
        [ 0.        ,  0.95989299,  0.67892314, ...,  0.58302972,
          0.53006994,  0.        ]],

       [[ 0.        ,  0.16515425,  0.342065  , ..., -0.90932925,
         -0.92335247, -0.82076521],
        [-0.16515425,  0.        ,  0.18217614, ..., -0.82812518,
         -0.84726123, -0.7151473 ],
        [-0.342065  , -0.18217614,  0.        , ..., -0.71214966,
         -0.73631541, -0.57584362],
        ...,
        [ 0.90932925,  0.82812518,  0.71214966, ...,  0.        ,
          0.03504594, -0.17796682],
        [ 0.92335247,  0.84726123,  0.73631541, ..., -0.03504594,
          0.        , -0.21234398],
        [ 0.82076521,  0.7151473 ,  0.57584362, ...,  0.17796682,
          0.21234398,  0.        ]],

       ...,

       [[ 0.        ,  0.07153786, -0.18463281, ..., -0.69749855,
         -0.72890202, -0.79394508],
        [-0.07153786,  0.        , -0.25446771, ..., -0.74697452,
         -0.77601059, -0.83540517],
        [ 0.18463281,  0.25446771,  0.        , ..., -0.55320154,
         -0.58996747, -0.66804044],
        ...,
        [ 0.69749855,  0.74697452,  0.55320154, ...,  0.        ,
         -0.04480103, -0.1448583 ],
        [ 0.72890202,  0.77601059,  0.58996747, ...,  0.04480103,
          0.        , -0.10038437],
        [ 0.79394508,  0.83540517,  0.66804044, ...,  0.1448583 ,
          0.10038437,  0.        ]],

       [[ 0.        ,  0.04371726,  0.12441892, ..., -0.9898583 ,
         -0.99366657, -0.99672497],
        [-0.04371726,  0.        ,  0.0809224 , ..., -0.99512234,
         -0.99762903, -0.99930729],
        [-0.12441892, -0.0809224 ,  0.        , ..., -0.99984161,
         -0.99992636, -0.99904148],
        ...,
        [ 0.9898583 ,  0.99512234,  0.99984161, ...,  0.        ,
         -0.02992939, -0.06154696],
        [ 0.99366657,  0.99762903,  0.99992636, ...,  0.02992939,
          0.        , -0.03164675],
        [ 0.99672497,  0.99930729,  0.99904148, ...,  0.06154696,
          0.03164675,  0.        ]],

       [[ 0.        , -0.22315734, -0.27613217, ..., -0.56391633,
         -0.42737074, -0.        ],
        [ 0.22315734,  0.        , -0.05468788, ..., -0.73398619,
         -0.61834479, -0.22315734],
        [ 0.27613217,  0.05468788,  0.        , ..., -0.77002984,
         -0.66039902, -0.27613217],
        ...,
        [ 0.56391633,  0.73398619,  0.77002984, ...,  0.        ,
         -0.15688707, -0.56391633],
        [ 0.42737074,  0.61834479,  0.66039902, ...,  0.15688707,
          0.        , -0.42737074],
        [ 0.        ,  0.22315734,  0.27613217, ...,  0.56391633,
          0.42737074,  0.        ]]]), 'num': array([ 9.84803860e-01,  1.73648756e-01,  1.80658152e-05, -4.00626517e-09,
        9.01283449e-04,  9.18345608e-04,  8.99276136e-04,  6.94329499e-04,
       -1.20438768e-05,  9.12925863e-04,  9.50412430e-04,  9.83867643e-04,
        6.94473150e-07,  1.01314047e-03,  8.87684386e-04])}
{'img': array([[[ 0.        , -0.20520138, -0.16996807, ..., -0.8736738 ,
         -0.78186394, -0.39191836],
        [ 0.20520138,  0.        ,  0.03586451, ..., -0.95491479,
         -0.89315832, -0.57236352],
        [ 0.16996807, -0.03586451,  0.        , ..., -0.943653  ,
         -0.87645392, -0.5425864 ],
        ...,
        [ 0.8736738 ,  0.95491479,  0.943653  , ...,  0.        ,
         -0.16430481, -0.61310684],
        [ 0.78186394,  0.89315832,  0.87645392, ...,  0.16430481,
          0.        , -0.47497368],
        [ 0.39191836,  0.57236352,  0.5425864 , ...,  0.61310684,
          0.47497368,  0.        ]],

       [[ 0.        , -0.54069979, -0.41366308, ..., -0.68275757,
         -0.88317352, -0.99575184],
        [ 0.54069979,  0.        ,  0.14428948, ..., -0.17928675,
         -0.48932608, -0.7878557 ],
        [ 0.41366308, -0.14428948,  0.        , ..., -0.31936215,
         -0.61004052, -0.8684733 ],
        ...,
        [ 0.68275757,  0.17928675,  0.31936215, ...,  0.        ,
         -0.32504131, -0.66467445],
        [ 0.88317352,  0.48932608,  0.61004052, ...,  0.32504131,
          0.        , -0.38573337],
        [ 0.99575184,  0.7878557 ,  0.8684733 , ...,  0.66467445,
          0.38573337,  0.        ]],

       [[ 0.        ,  0.18136455,  0.38822534, ..., -0.87803605,
         -0.82584803, -0.71280973],
        [-0.18136455,  0.        ,  0.21464785, ..., -0.77667456,
         -0.70988196, -0.57378706],
        [-0.38822534, -0.21464785,  0.        , ..., -0.62336432,
         -0.54215476, -0.38461538],
        ...,
        [ 0.87803605,  0.77667456,  0.62336432, ...,  0.        ,
         -0.09987183, -0.27467032],
        [ 0.82584803,  0.70988196,  0.54215476, ...,  0.09987183,
          0.        , -0.17726645],
        [ 0.71280973,  0.57378706,  0.38461538, ...,  0.27467032,
          0.17726645,  0.        ]],

       ...,

       [[ 0.        , -0.25446771, -0.07903024, ..., -0.77601059,
         -0.83540517, -0.80096305],
        [ 0.25446771,  0.        ,  0.17724312, ..., -0.58996747,
         -0.66804044, -0.62224304],
        [ 0.07903024, -0.17724312,  0.        , ..., -0.72373746,
         -0.78935445, -0.75114132],
        ...,
        [ 0.77601059,  0.58996747,  0.72373746, ...,  0.        ,
         -0.10038437, -0.04057508],
        [ 0.83540517,  0.66804044,  0.78935445, ...,  0.10038437,
          0.        ,  0.05993158],
        [ 0.80096305,  0.62224304,  0.75114132, ...,  0.04057508,
         -0.05993158,  0.        ]],

       [[ 0.        ,  0.0809224 ,  0.16574882, ..., -0.99762903,
         -0.99930729, -0.99894855],
        [-0.0809224 ,  0.        ,  0.08540215, ..., -0.99992636,
         -0.99904148, -0.99938232],
        [-0.16574882, -0.08540215,  0.        , ..., -0.99523682,
         -0.99165318, -0.99272992],
        ...,
        [ 0.99762903,  0.99992636,  0.99523682, ...,  0.        ,
         -0.03164675, -0.02301186],
        [ 0.99930729,  0.99904148,  0.99165318, ...,  0.03164675,
          0.        ,  0.00863803],
        [ 0.99894855,  0.99938232,  0.99272992, ...,  0.02301186,
         -0.00863803,  0.        ]],

       [[ 0.        , -0.0816868 , -0.0827338 , ..., -0.70247835,
         -0.57437761, -0.11806984],
        [ 0.0816868 ,  0.        , -0.00105056, ..., -0.75826761,
         -0.63932611, -0.19879068],
        [ 0.0827338 ,  0.00105056,  0.        , ..., -0.7589521 ,
         -0.64013357, -0.19982017],
        ...,
        [ 0.70247835,  0.75826761,  0.7589521 , ...,  0.        ,
         -0.16625459, -0.6135338 ],
        [ 0.57437761,  0.63932611,  0.64013357, ...,  0.16625459,
          0.        , -0.47370916],
        [ 0.11806984,  0.19879068,  0.19982017, ...,  0.6135338 ,
          0.47370916,  0.        ]]]), 'num': array([ 8.41854330e-01,  5.39699036e-01,  6.75962626e-06, -2.34146205e-08,
        7.68842987e-04,  7.79163027e-04,  7.67122980e-04,  1.07466018e-03,
       -3.44001337e-06,  7.81055035e-04,  8.11284152e-04,  8.40237598e-04,
        4.20852699e-07,  8.67956415e-04,  7.54611889e-04])}
{'img': array([[[ 0.        ,  0.03547904,  0.03547904, ..., -0.92109993,
         -0.7733896 , -0.56727357],
        [-0.03547904,  0.        ,  0.        , ..., -0.90670711,
         -0.75041143, -0.5376984 ],
        [-0.03547904,  0.        ,  0.        , ..., -0.90670711,
         -0.75041143, -0.5376984 ],
        ...,
        [ 0.92109993,  0.90670711,  0.90670711, ...,  0.        ,
         -0.28281294, -0.5376984 ],
        [ 0.7733896 ,  0.75041143,  0.75041143, ...,  0.28281294,
          0.        , -0.27729678],
        [ 0.56727357,  0.5376984 ,  0.5376984 , ...,  0.5376984 ,
          0.27729678,  0.        ]],

       [[ 0.        ,  0.14428948,  0.46982495, ..., -0.48932608,
         -0.7878557 , -0.16719124],
        [-0.14428948,  0.        ,  0.33753555, ..., -0.61004052,
         -0.8684733 , -0.3077002 ],
        [-0.46982495, -0.33753555,  0.        , ..., -0.84169206,
         -0.98483352, -0.61080159],
        ...,
        [ 0.48932608,  0.61004052,  0.84169206, ...,  0.        ,
         -0.38573337,  0.33663093],
        [ 0.7878557 ,  0.8684733 ,  0.98483352, ...,  0.38573337,
          0.        ,  0.67379985],
        [ 0.16719124,  0.3077002 ,  0.61080159, ..., -0.33663093,
         -0.67379985,  0.        ]],

       [[ 0.        ,  0.21376057,  0.57175203, ..., -0.75784352,
         -0.70763448, -0.57175203],
        [-0.21376057,  0.        ,  0.38316176, ..., -0.60086162,
         -0.54023962, -0.38316176],
        [-0.57175203, -0.38316176,  0.        , ..., -0.24872309,
         -0.17657428, -0.        ],
        ...,
        [ 0.75784352,  0.60086162,  0.24872309, ...,  0.        ,
         -0.07378962, -0.24872309],
        [ 0.70763448,  0.54023962,  0.17657428, ...,  0.07378962,
          0.        , -0.17657428],
        [ 0.57175203,  0.38316176,  0.        , ...,  0.24872309,
          0.17657428,  0.        ]],

       ...,

       [[ 0.        ,  0.17724312,  0.10670384, ..., -0.66804044,
         -0.62224304, -0.87190353],
        [-0.17724312,  0.        , -0.0712168 , ..., -0.78935445,
         -0.75114132, -0.94489077],
        [-0.10670384,  0.0712168 ,  0.        , ..., -0.74362748,
         -0.7022209 , -0.91917619],
        ...,
        [ 0.66804044,  0.78935445,  0.74362748, ...,  0.        ,
          0.05993158, -0.32168069],
        [ 0.62224304,  0.75114132,  0.7022209 , ..., -0.05993158,
          0.        , -0.37784858],
        [ 0.87190353,  0.94489077,  0.91917619, ...,  0.32168069,
          0.37784858,  0.        ]],

       [[ 0.        ,  0.08540215,  0.16236488, ..., -0.99904148,
         -0.99938232, -0.99908734],
        [-0.08540215,  0.        ,  0.07750276, ..., -0.99165318,
         -0.99272992, -0.99178938],
        [-0.16236488, -0.07750276,  0.        , ..., -0.97867768,
         -0.98041544, -0.97889499],
        ...,
        [ 0.99904148,  0.99165318,  0.97867768, ...,  0.        ,
          0.00863803,  0.00106067],
        [ 0.99938232,  0.99272992,  0.98041544, ..., -0.00863803,
          0.        , -0.0075774 ],
        [ 0.99908734,  0.99178938,  0.97889499, ..., -0.00106067,
          0.0075774 ,  0.        ]],

       [[ 0.        , -0.0010208 ,  0.19326789, ..., -0.76816301,
         -0.62046819, -0.19326789],
        [ 0.0010208 ,  0.        ,  0.19426934, ..., -0.76881618,
         -0.62126842, -0.19426934],
        [-0.19326789, -0.19426934,  0.        , ..., -0.62993949,
         -0.45720312, -0.        ],
        ...,
        [ 0.76816301,  0.76881618,  0.62993949, ...,  0.        ,
         -0.20516027, -0.62993949],
        [ 0.62046819,  0.62126842,  0.45720312, ...,  0.20516027,
          0.        , -0.45720312],
        [ 0.19326789,  0.19426934,  0.        , ...,  0.62993949,
