state_0,state_1,state_2,state_3,state_4,state_5,state_6,state_7,state_8,state_9,state_10,state_11,state_12,state_13,state_14,state_15,state_16,state_17,state_18,state_19,state_20,state_21,state_22,state_23,state_24,state_25,state_26,state_27,state_28,state_29,state_30,state_31,state_32,state_33,state_34,state_35,state_36,state_37,state_38,state_39,state_40,state_41,state_42,state_43,state_44,state_45,state_46,state_47,state_48,state_49,state_50,state_51,state_52,state_53,state_54,state_55,state_56,state_57,state_58,state_59,state_60,state_61,state_62,state_63,state_64,state_65,state_66,state_67,state_68,state_69,state_70,state_71,state_72,state_73,state_74,state_75,state_76,state_77,state_78,state_79,state_80,state_81,state_82,state_83,state_84,state_85,state_86,state_87,state_88,state_89,state_90,state_91,state_92,state_93,state_94,state_95,state_96,state_97,state_98,state_99,state_100,state_101,state_102,state_103,state_104,state_105,state_106,state_107,state_108,state_109,state_110,state_111,state_112,state_113,state_114,state_115,state_116,state_117,state_118,state_119,state_120,state_121,state_122,state_123,state_124,state_125,state_126,state_127,state_128,state_129,state_130,state_131,state_132,state_133,state_134,state_135,state_136,state_137,state_138,state_139,state_140,state_141,state_142,state_143,state_144,state_145,state_146,state_147,state_148,state_149,state_150,state_151,state_152,state_153,state_154,state_155,state_156,state_157,state_158,state_159,state_160,state_161,state_162,state_163,state_164,state_165,state_166,state_167,state_168,state_169,state_170,state_171,state_172,state_173,state_174,state_175,state_176,state_177,state_178,state_179,state_180,state_181,state_182,state_183,state_184,state_185,state_186,state_187,state_188,state_189,state_190,state_191,state_192,state_193,state_194,state_195,state_196,state_197,state_198,state_199,state_200,state_201,state_202,state_203,state_204,state_205,state_206,state_207,state_208,state_209,state_210,state_211,state_212,state_213,state_214,state_215,state_216,state_217,state_218,state_219,state_220,state_221,state_222,state_223,state_224,state_225,state_226,state_227,state_228,state_229,state_230,state_231,state_232,state_233,state_234,state_235,state_236,state_237,state_238,state_239,state_240,state_241,state_242,state_243,state_244,state_245,state_246,state_247,state_248,state_249,state_250,state_251,state_252,state_253,state_254,state_255,state_256,state_257,state_258,state_259,state_260,state_261,state_262,state_263,state_264,state_265,state_266,state_267,state_268,state_269,state_270,state_271,state_272,state_273,state_274,state_275,state_276,state_277,state_278,state_279,state_280,state_281,state_282,state_283,state_284,state_285,state_286,state_287
{'img': array([[[ 0.        ,  0.06202144, -0.06698415, ...,  0.99585904,
          0.98535268,  0.93274217],
        [-0.06202144,  0.        , -0.12873734, ...,  0.99958025,
          0.97287925,  0.908585  ],
        [ 0.06698415,  0.12873734,  0.        , ...,  0.98753279,
          0.99456235,  0.95479801],
        ...,
        [-0.99585904, -0.99958025, -0.98753279, ...,  0.        ,
         -0.25940195, -0.44384746],
        [-0.98535268, -0.97287925, -0.99456235, ...,  0.25940195,
          0.        , -0.19620362],
        [-0.93274217, -0.908585  , -0.95479801, ...,  0.44384746,
          0.19620362,  0.        ]],

       [[ 0.        , -0.81409571, -0.41471442, ..., -0.41802431,
         -0.69290445, -0.3167139 ],
        [ 0.81409571,  0.        ,  0.4999503 , ...,  0.49679415,
          0.18459605,  0.58826147],
        [ 0.41471442, -0.4999503 ,  0.        , ..., -0.00364046,
         -0.33148823,  0.10517105],
        ...,
        [ 0.41802431, -0.49679415,  0.00364046, ...,  0.        ,
         -0.3280514 ,  0.10879063],
        [ 0.69290445, -0.18459605,  0.33148823, ...,  0.3280514 ,
          0.        ,  0.42887446],
        [ 0.3167139 , -0.58826147, -0.10517105, ..., -0.10879063,
         -0.42887446,  0.        ]],

       [[ 0.        ,  0.0900704 ,  0.12132741, ...,  0.91482293,
          0.86291401,  0.90500677],
        [-0.0900704 ,  0.        ,  0.03142925, ...,  0.94747994,
          0.90492376,  0.93964397],
        [-0.12132741, -0.03142925,  0.        , ...,  0.95706341,
          0.91785217,  0.9499334 ],
        ...,
        [-0.91482293, -0.94747994, -0.95706341, ...,  0.        ,
          0.11381418,  0.0236714 ],
        [-0.86291401, -0.90492376, -0.91785217, ..., -0.11381418,
          0.        , -0.0902647 ],
        [-0.90500677, -0.93964397, -0.9499334 , ..., -0.0236714 ,
          0.0902647 ,  0.        ]],

       ...,

       [[ 0.        , -0.3992939 , -0.30967331, ...,  0.19552225,
          0.25383575,  0.19552225],
        [ 0.3992939 ,  0.        ,  0.09575021, ...,  0.57084653,
          0.61893841,  0.57084653],
        [ 0.30967331, -0.09575021,  0.        , ...,  0.48960736,
          0.54088864,  0.48960736],
        ...,
        [-0.19552225, -0.57084653, -0.48960736, ...,  0.        ,
          0.05981816,  0.        ],
        [-0.25383575, -0.61893841, -0.54088864, ..., -0.05981816,
          0.        , -0.05981816],
        [-0.19552225, -0.57084653, -0.48960736, ...,  0.        ,
          0.05981816,  0.        ]],

       [[ 0.        , -0.21449807, -0.46463837, ...,  0.96210888,
          0.94230711,  0.93018349],
        [ 0.21449807,  0.        , -0.26388549, ...,  0.99820147,
          0.99217751,  0.98727407],
        [ 0.46463837,  0.26388549,  0.        , ...,  0.97863879,
          0.98995096,  0.99424435],
        ...,
        [-0.96210888, -0.99820147, -0.97863879, ...,  0.        ,
         -0.06513091, -0.0995563 ],
        [-0.94230711, -0.99217751, -0.98995096, ...,  0.06513091,
          0.        , -0.03453758],
        [-0.93018349, -0.98727407, -0.99424435, ...,  0.0995563 ,
          0.03453758,  0.        ]],

       [[ 0.        ,  0.18701908,  0.34743206, ...,  0.98976502,
          0.98849171,  0.99041478],
        [-0.18701908,  0.        ,  0.16593331, ...,  0.99899076,
          0.99934236,  0.99877222],
        [-0.34743206, -0.16593331,  0.        , ...,  0.97768864,
          0.97947158,  0.97670616],
        ...,
        [-0.98976502, -0.99899076, -0.97768864, ...,  0.        ,
          0.0086624 , -0.00462732],
        [-0.98849171, -0.99934236, -0.97947158, ..., -0.0086624 ,
          0.        , -0.01328946],
        [-0.99041478, -0.99877222, -0.97670616, ...,  0.00462732,
          0.01328946,  0.        ]]]), 'num': array([7.07101206e-01, 7.07101206e-01, 0.00000000e+00, 0.00000000e+00,
       1.07313007e-03, 1.07431847e-03, 1.06005761e-03, 2.57109129e-03,
       4.75362156e-06, 1.08572716e-03, 1.07188224e-03, 1.04744070e-03,
       6.48842023e-07, 1.12312153e-03, 1.02064295e-03])}
{'img': array([[[ 0.        , -0.12873734, -0.12873734, ...,  0.97287925,
          0.908585  ,  0.93161609],
        [ 0.12873734,  0.        ,  0.        , ...,  0.99456235,
          0.95479801,  0.97065266],
        [ 0.12873734,  0.        ,  0.        , ...,  0.99456235,
          0.95479801,  0.97065266],
        ...,
        [-0.97287925, -0.99456235, -0.99456235, ...,  0.        ,
         -0.19620362, -0.13809158],
        [-0.908585  , -0.95479801, -0.95479801, ...,  0.19620362,
          0.        ,  0.05891637],
        [-0.93161609, -0.97065266, -0.97065266, ...,  0.13809158,
         -0.05891637,  0.        ]],

       [[ 0.        ,  0.4999503 ,  0.36902052, ...,  0.18459605,
          0.58826147,  0.45521083],
        [-0.4999503 ,  0.        , -0.1450727 , ..., -0.33148823,
          0.10517105, -0.05091038],
        [-0.36902052,  0.1450727 ,  0.        , ..., -0.19111122,
          0.2483266 ,  0.09451278],
        ...,
        [-0.18459605,  0.33148823,  0.19111122, ...,  0.        ,
          0.42887446,  0.28302649],
        [-0.58826147, -0.10517105, -0.2483266 , ..., -0.42887446,
          0.        , -0.15566271],
        [-0.45521083,  0.05091038, -0.09451278, ..., -0.28302649,
          0.15566271,  0.        ]],

       [[ 0.        ,  0.03142925, -0.01654754, ...,  0.90492376,
          0.93964397,  0.96704157],
        [-0.03142925,  0.        , -0.04796431, ...,  0.91785217,
          0.9499334 ,  0.9745663 ],
        [ 0.01654754,  0.04796431,  0.        , ...,  0.89775766,
          0.93385351,  0.96269586],
        ...,
        [-0.90492376, -0.91785217, -0.89775766, ...,  0.        ,
         -0.0902647 , -0.18113712],
        [-0.93964397, -0.9499334 , -0.93385351, ...,  0.0902647 ,
          0.        , -0.09162615],
        [-0.96704157, -0.9745663 , -0.96269586, ...,  0.18113712,
          0.09162615,  0.        ]],

       ...,

       [[ 0.        ,  0.09575021, -0.06621545, ...,  0.61893841,
          0.57084653,  0.57876164],
        [-0.09575021,  0.        , -0.16145129, ...,  0.54088864,
          0.48960736,  0.49801847],
        [ 0.06621545,  0.16145129,  0.        , ...,  0.66958829,
          0.62396037,  0.63148995],
        ...,
        [-0.61893841, -0.54088864, -0.66958829, ...,  0.        ,
         -0.05981816, -0.05016   ],
        [-0.57084653, -0.48960736, -0.62396037, ...,  0.05981816,
          0.        ,  0.00967268],
        [-0.57876164, -0.49801847, -0.63148995, ...,  0.05016   ,
         -0.00967268,  0.        ]],

       [[ 0.        , -0.26388549, -0.48811884, ...,  0.99217751,
          0.98727407,  0.96930297],
        [ 0.26388549,  0.        , -0.24050375, ...,  0.98995096,
          0.99424435,  0.99982643],
        [ 0.48811884,  0.24050375,  0.        , ...,  0.92688423,
          0.93929484,  0.96599898],
        ...,
        [-0.99217751, -0.98995096, -0.92688423, ...,  0.        ,
         -0.03453758, -0.12294305],
        [-0.98727407, -0.99424435, -0.93929484, ...,  0.03453758,
          0.        , -0.08859413],
        [-0.96930297, -0.99982643, -0.96599898, ...,  0.12294305,
          0.08859413,  0.        ]],

       [[ 0.        ,  0.16593331,  0.25375557, ...,  0.99934236,
          0.99877222,  0.99928203],
        [-0.16593331,  0.        ,  0.08973571, ...,  0.97947158,
          0.97670616,  0.97914225],
        [-0.25375557, -0.08973571,  0.        , ...,  0.95743088,
          0.95351016,  0.95695987],
        ...,
        [-0.99934236, -0.97947158, -0.95743088, ...,  0.        ,
         -0.01328946, -0.00162732],
        [-0.99877222, -0.97670616, -0.95351016, ...,  0.01328946,
          0.        ,  0.01166227],
        [-0.99928203, -0.97914225, -0.95695987, ...,  0.00162732,
         -0.01166227,  0.        ]]]), 'num': array([7.07102189e-01, 7.07102189e-01, 0.00000000e+00, 0.00000000e+00,
       1.08026200e-03, 1.09571129e-03, 1.07313156e-03, 1.93879101e-03,
       7.13044225e-06, 1.08145041e-03, 1.06998228e-03, 1.04914554e-03,
       6.29572778e-07, 1.11682587e-03, 1.02313869e-03])}
{'img': array([[[ 0.        ,  0.        ,  0.54757794, ...,  0.95479801,
          0.97065266,  0.98853216],
        [ 0.        ,  0.        ,  0.54757794, ...,  0.95479801,
          0.97065266,  0.98853216],
        [-0.54757794, -0.54757794,  0.        , ...,  0.63616121,
          0.68051344,  0.74446891],
        ...,
        [-0.95479801, -0.95479801, -0.63616121, ...,  0.        ,
          0.05891637,  0.14966201],
        [-0.97065266, -0.97065266, -0.68051344, ..., -0.05891637,
          0.        ,  0.09114922],
        [-0.98853216, -0.98853216, -0.74446891, ..., -0.14966201,
         -0.09114922,  0.        ]],

       [[ 0.        , -0.1450727 ,  0.69266385, ...,  0.10517105,
         -0.05091038, -0.32508341],
        [ 0.1450727 ,  0.        ,  0.78997138, ...,  0.2483266 ,
          0.09451278, -0.18445122],
        [-0.69266385, -0.78997138,  0.        , ..., -0.61296671,
         -0.72848527, -0.8895119 ],
        ...,
        [-0.10517105, -0.2483266 ,  0.61296671, ...,  0.        ,
         -0.15566271, -0.42273927],
        [ 0.05091038, -0.09451278,  0.72848527, ...,  0.15566271,
          0.        , -0.27651665],
        [ 0.32508341,  0.18445122,  0.8895119 , ...,  0.42273927,
          0.27651665,  0.        ]],

       [[ 0.        , -0.04796431,  0.06434366, ...,  0.9499334 ,
          0.9745663 ,  0.98891395],
        [ 0.04796431,  0.        ,  0.11213452, ...,  0.93385351,
          0.96269586,  0.98065356],
        [-0.06434366, -0.11213452,  0.        , ...,  0.96806929,
          0.98696618,  0.9964191 ],
        ...,
        [-0.9499334 , -0.93385351, -0.96806929, ...,  0.        ,
         -0.09162615, -0.16793324],
        [-0.9745663 , -0.96269586, -0.98696618, ...,  0.09162615,
          0.        , -0.07690192],
        [-0.98891395, -0.98065356, -0.9964191 , ...,  0.16793324,
          0.07690192,  0.        ]],

       ...,

       [[ 0.        , -0.16145129,  0.59552376, ...,  0.48960736,
          0.49801847,  0.44550874],
        [ 0.16145129,  0.        ,  0.7174108 , ...,  0.62396037,
          0.63148995,  0.58420769],
        [-0.59552376, -0.7174108 ,  0.        , ..., -0.12594274,
         -0.11634119, -0.17526511],
        ...,
        [-0.48960736, -0.62396037,  0.12594274, ...,  0.        ,
          0.00967268, -0.04987626],
        [-0.49801847, -0.63148995,  0.11634119, ..., -0.00967268,
          0.        , -0.05953456],
        [-0.44550874, -0.58420769,  0.17526511, ...,  0.04987626,
          0.05953456,  0.        ]],

       [[ 0.        , -0.24050375, -0.32296604, ...,  0.99424435,
          0.99982643,  0.99443511],
        [ 0.24050375,  0.        , -0.08587112, ...,  0.93929484,
          0.96599898,  0.99058394],
        [ 0.32296604,  0.08587112,  0.        , ...,  0.90636199,
          0.9402292 ,  0.97516864],
        ...,
        [-0.99424435, -0.93929484, -0.90636199, ...,  0.        ,
         -0.08859413, -0.2112845 ],
        [-0.99982643, -0.96599898, -0.9402292 , ...,  0.08859413,
          0.        , -0.1238596 ],
        [-0.99443511, -0.99058394, -0.97516864, ...,  0.2112845 ,
          0.1238596 ,  0.        ]],

       [[ 0.        ,  0.08973571,  0.12958312, ...,  0.97670616,
          0.97914225,  0.98804577],
        [-0.08973571,  0.        ,  0.04008122, ...,  0.95351016,
          0.95695987,  0.97022588],
        [-0.12958312, -0.04008122,  0.        , ...,  0.94066503,
          0.9445585 ,  0.95973849],
        ...,
        [-0.97670616, -0.95351016, -0.94066503, ...,  0.        ,
          0.01166227,  0.06144618],
        [-0.97914225, -0.95695987, -0.9445585 , ..., -0.01166227,
          0.        ,  0.04980177],
        [-0.98804577, -0.97022588, -0.95973849, ..., -0.06144618,
         -0.04980177,  0.        ]]]), 'num': array([ 8.12568916e-01,  5.82779482e-01,  2.37631266e-06, -5.15358506e-11,
        1.29824539e-03,  1.29824539e-03,  1.23111791e-03,  9.35947660e-03,
        7.78678724e-05,  1.23246046e-03,  1.21091254e-03,  1.18858147e-03,
        9.26548263e-07,  1.27376609e-03,  1.14805900e-03])}
{'img': array([[[ 0.        ,  0.51140021,  0.46367631, ...,  0.93171678,
          0.95652032,  0.55885069],
        [-0.51140021,  0.        , -0.05464614, ...,  0.61493075,
          0.67282083,  0.90433223],
        [-0.46367631,  0.05464614,  0.        , ...,  0.65710482,
          0.712243  ,  0.87965639],
        ...,
        [-0.93171678, -0.61493075, -0.65710482, ...,  0.        ,
          0.07564466,  0.97560976],
        [-0.95652032, -0.67282083, -0.712243  , ..., -0.07564466,
          0.        ,  0.95620955],
        [-0.55885069, -0.90433223, -0.87965639, ..., -0.97560976,
         -0.95620955,  0.        ]],

       [[ 0.        ,  0.78997138, -0.05906241, ...,  0.09451278,
         -0.18445122,  0.9154975 ],
        [-0.78997138,  0.        , -0.82480606, ..., -0.72848527,
         -0.8895119 ,  0.87915572],
        [ 0.05906241,  0.82480606,  0.        , ...,  0.1531458 ,
         -0.12608023,  0.8901371 ],
        ...,
        [-0.09451278,  0.72848527, -0.1531458 , ...,  0.        ,
         -0.27651665,  0.94942414],
        [ 0.18445122,  0.8895119 ,  0.12608023, ...,  0.27651665,
          0.        ,  0.82558   ],
        [-0.9154975 , -0.87915572, -0.8901371 , ..., -0.94942414,
         -0.82558   ,  0.        ]],

       [[ 0.        ,  0.11213452,  0.2647077 , ...,  0.96269586,
          0.98065356,  0.93036759],
        [-0.11213452,  0.        ,  0.15490366, ...,  0.98696618,
          0.9964191 ,  0.96561146],
        [-0.2647077 , -0.15490366,  0.        , ...,  0.99998139,
          0.99748926,  0.99422944],
        ...,
        [-0.96269586, -0.98696618, -0.99998139, ...,  0.        ,
         -0.07690192,  0.10120704],
        [-0.98065356, -0.9964191 , -0.99748926, ...,  0.07690192,
          0.        ,  0.17741439],
        [-0.93036759, -0.96561146, -0.99422944, ..., -0.10120704,
         -0.17741439,  0.        ]],

       ...,

       [[ 0.        ,  0.7174108 ,  0.55902404, ...,  0.63148995,
          0.58420769,  0.95668157],
        [-0.7174108 ,  0.        , -0.20539789, ..., -0.11634119,
         -0.17526511,  0.45760821],
        [-0.55902404,  0.20539789,  0.        , ...,  0.09014247,
          0.03069039,  0.63048168],
        ...,
        [-0.63148995,  0.11634119, -0.09014247, ...,  0.        ,
         -0.05953456,  0.55794596],
        [-0.58420769,  0.17526511, -0.03069039, ...,  0.05953456,
          0.        ,  0.60636268],
        [-0.95668157, -0.45760821, -0.63048168, ..., -0.55794596,
         -0.60636268,  0.        ]],

       [[ 0.        , -0.08587112, -0.00215486, ...,  0.96599898,
          0.99058394,  0.93641614],
        [ 0.08587112,  0.        ,  0.08372401, ...,  0.9402292 ,
          0.97516864,  0.90282581],
        [ 0.00215486, -0.08372401,  0.        , ...,  0.96543961,
          0.99028662,  0.93565784],
        ...,
        [-0.96599898, -0.9402292 , -0.96543961, ...,  0.        ,
         -0.1238596 ,  0.09685427],
        [-0.99058394, -0.97516864, -0.99028662, ...,  0.1238596 ,
          0.        ,  0.21938575],
        [-0.93641614, -0.90282581, -0.93565784, ..., -0.09685427,
         -0.21938575,  0.        ]],

       [[ 0.        ,  0.04008122,  0.02951579, ...,  0.95695987,
          0.97022588,  0.92899687],
        [-0.04008122,  0.        , -0.01057168, ...,  0.9445585 ,
          0.95973849,  0.9134168 ],
        [-0.02951579,  0.01057168,  0.        , ...,  0.94797685,
          0.96265439,  0.9176687 ],
        ...,
        [-0.95695987, -0.9445585 , -0.94797685, ...,  0.        ,
          0.04980177, -0.08454522],
        [-0.97022588, -0.95973849, -0.96265439, ..., -0.04980177,
          0.        , -0.13406377],
        [-0.92899687, -0.9134168 , -0.9176687 , ...,  0.08454522,
          0.13406377,  0.        ]]]), 'num': array([7.44271518e-01, 6.67862299e-01, 7.86912654e-07, 2.07964607e-08,
       1.19389404e-03, 1.20373045e-03, 1.17176212e-03, 3.06411492e-03,
       4.91820409e-06, 1.14323654e-03, 1.11262072e-03, 1.09169786e-03,
       8.53854877e-07, 1.18097270e-03, 1.04426874e-03])}
{'img': array([[[ 0.        , -0.0537511 , -0.25489445, ...,  0.66022955,
          0.98931951,  0.89776429],
        [ 0.0537511 ,  0.        , -0.20255033, ...,  0.69964561,
          0.98005438,  0.87279037],
        [ 0.25489445,  0.20255033,  0.        , ...,  0.82986344,
          0.91948694,  0.7558352 ],
        ...,
        [-0.66022955, -0.69964561, -0.82986344, ...,  0.        ,
          0.83927932,  0.96509372],
        [-0.98931951, -0.98005438, -0.91948694, ..., -0.83927932,
          0.        ,  0.30491068],
        [-0.89776429, -0.87279037, -0.7558352 , ..., -0.96509372,
         -0.30491068,  0.        ]],

       [[ 0.        , -0.82480606, -0.78159457, ..., -0.8895119 ,
          0.87915572, -0.62594463],
        [ 0.82480606,  0.        ,  0.07257723, ..., -0.12608023,
          0.8901371 ,  0.28932049],
        [ 0.78159457, -0.07257723,  0.        , ..., -0.1977458 ,
          0.92086255,  0.21908423],
        ...,
        [ 0.8895119 ,  0.12608023,  0.1977458 , ...,  0.        ,
          0.82558   ,  0.4076998 ],
        [-0.87915572, -0.8901371 , -0.92086255, ..., -0.82558   ,
          0.        , -0.98390924],
        [ 0.62594463, -0.28932049, -0.21908423, ..., -0.4076998 ,
          0.98390924,  0.        ]],

       [[ 0.        ,  0.15490366,  0.20128626, ...,  0.9964191 ,
          0.96561146,  0.81426756],
        [-0.15490366,  0.        ,  0.04712349, ...,  0.99748926,
          0.99422944,  0.89435899],
        [-0.20128626, -0.04712349,  0.        , ...,  0.99304394,
          0.99818007,  0.91444612],
        ...,
        [-0.9964191 , -0.99748926, -0.99304394, ...,  0.        ,
          0.17741439,  0.50956339],
        [-0.96561146, -0.99422944, -0.99818007, ..., -0.17741439,
          0.        ,  0.34882658],
        [-0.81426756, -0.89435899, -0.91444612, ..., -0.50956339,
         -0.34882658,  0.        ]],

       ...,

       [[ 0.        , -0.20539789, -0.26648129, ..., -0.17526511,
          0.45760821,  0.47666486],
        [ 0.20539789,  0.        , -0.0628288 , ...,  0.03069039,
          0.63048168,  0.6470639 ],
        [ 0.26648129,  0.0628288 ,  0.        , ...,  0.09342896,
          0.67800403,  0.69368843],
        ...,
        [ 0.17526511, -0.03069039, -0.09342896, ...,  0.        ,
          0.60636268,  0.62335964],
        [-0.45760821, -0.63048168, -0.67800403, ..., -0.60636268,
          0.        ,  0.02155188],
        [-0.47666486, -0.6470639 , -0.69368843, ..., -0.62335964,
         -0.02155188,  0.        ]],

       [[ 0.        ,  0.08372401,  0.09712167, ...,  0.97516864,
          0.90282581,  0.58894222],
        [-0.08372401,  0.        ,  0.01345246, ...,  0.99028662,
          0.93565784,  0.6545381 ],
        [-0.09712167, -0.01345246,  0.        , ...,  0.99206746,
          0.94032066,  0.66464933],
        ...,
        [-0.97516864, -0.99028662, -0.99206746, ...,  0.        ,
          0.21938575,  0.65767778],
        [-0.90282581, -0.93565784, -0.94032066, ..., -0.21938575,
          0.        ,  0.47639241],
        [-0.58894222, -0.6545381 , -0.66464933, ..., -0.65767778,
         -0.47639241,  0.        ]],

       [[ 0.        , -0.01057168,  0.00303621, ...,  0.95973849,
          0.9134168 ,  0.8544405 ],
        [ 0.01057168,  0.        ,  0.01360767, ...,  0.96265439,
          0.9176687 ,  0.85988526],
        [-0.00303621, -0.01360767,  0.        , ...,  0.95888121,
          0.91217677,  0.8528591 ],
        ...,
        [-0.95973849, -0.96265439, -0.95888121, ...,  0.        ,
         -0.13406377, -0.2586233 ],
        [-0.9134168 , -0.9176687 , -0.91217677, ...,  0.13406377,
          0.        , -0.12678594],
        [-0.8544405 , -0.85988526, -0.8528591 , ...,  0.2586233 ,
          0.12678594,  0.        ]]]), 'num': array([ 7.63335086e-01,  6.45989616e-01,  1.21099557e-06,  2.18694521e-08,
        1.22234865e-03,  1.23622464e-03,  1.21351848e-03,  2.41560818e-03,
       -2.52290743e-06,  1.19056002e-03,  1.14634607e-03,  1.12252561e-03,
        1.03965966e-06,  1.22430707e-03,  1.06838506e-03])}
{'img': array([[[ 0.        , -0.20255033, -0.21805554, ...,  0.98005438,
          0.87279037,  0.95788487],
        [ 0.20255033,  0.        , -0.01585942, ...,  0.91948694,
          0.7558352 ,  0.87986686],
        [ 0.21805554,  0.01585942,  0.        , ...,  0.91313664,
          0.74535599,  0.87221948],
        ...,
        [-0.98005438, -0.91948694, -0.91313664, ...,  0.        ,
          0.30491068,  0.0910651 ],
        [-0.87279037, -0.7558352 , -0.74535599, ..., -0.30491068,
          0.        , -0.21691509],
        [-0.95788487, -0.87986686, -0.87221948, ..., -0.0910651 ,
          0.21691509,  0.        ]],

       [[ 0.        ,  0.07257723,  0.16584651, ...,  0.8901371 ,
          0.28932049,  0.03464174],
        [-0.07257723,  0.        ,  0.09383699, ...,  0.92086255,
          0.21908423, -0.03798329],
        [-0.16584651, -0.09383699,  0.        , ...,  0.95338517,
          0.12656022, -0.13158497],
        ...,
        [-0.8901371 , -0.92086255, -0.95338517, ...,  0.        ,
         -0.98390924, -0.90538883],
        [-0.28932049, -0.21908423, -0.12656022, ...,  0.98390924,
          0.        , -0.25598665],
        [-0.03464174,  0.03798329,  0.13158497, ...,  0.90538883,
          0.25598665,  0.        ]],

       [[ 0.        ,  0.0452409 ,  0.11100612, ...,  0.99969072,
          0.97271999,  0.61163609],
        [-0.0452409 ,  0.        ,  0.06593116, ...,  0.99754205,
          0.98221912,  0.64680169],
        [-0.11100612, -0.06593116,  0.        , ...,  0.99075175,
          0.99245977,  0.6956773 ],
        ...,
        [-0.99969072, -0.99754205, -0.99075175, ...,  0.        ,
          0.25610112,  0.80610528],
        [-0.97271999, -0.98221912, -0.99245977, ..., -0.25610112,
          0.        ,  0.62766816],
        [-0.61163609, -0.64680169, -0.6956773 , ..., -0.80610528,
         -0.62766816,  0.        ]],

       ...,

       [[ 0.        , -0.05804556,  0.07828552, ...,  0.56475471,
          0.5790505 ,  0.99981838],
        [ 0.05804556,  0.        ,  0.13602094, ...,  0.61170511,
          0.62539825,  0.99702641],
        [-0.07828552, -0.13602094,  0.        , ...,  0.49841565,
          0.51344785,  0.99824187],
        ...,
        [-0.56475471, -0.61170511, -0.49841565, ...,  0.        ,
          0.01742672,  0.83587188],
        [-0.5790505 , -0.62539825, -0.51344785, ..., -0.01742672,
          0.        ,  0.826179  ],
        [-0.99981838, -0.99702641, -0.99824187, ..., -0.83587188,
         -0.826179  ,  0.        ]],

       [[ 0.        ,  0.01291212, -0.09566068, ...,  0.9814866 ,
          0.88724898,  0.49229717],
        [-0.01291212,  0.        , -0.10850561, ...,  0.98387785,
          0.89313126,  0.5034952 ],
        [ 0.09566068,  0.10850561,  0.        , ...,  0.95866353,
          0.83905266,  0.40677385],
        ...,
        [-0.9814866 , -0.98387785, -0.95866353, ...,  0.        ,
          0.28281526,  0.76002254],
        [-0.88724898, -0.89313126, -0.83905266, ..., -0.28281526,
          0.        ,  0.54519346],
        [-0.49229717, -0.5034952 , -0.40677385, ..., -0.76002254,
         -0.54519346,  0.        ]],

       [[ 0.        ,  0.01360767,  0.04251387, ...,  0.9176687 ,
          0.85988526,  0.83328958],
        [-0.01360767,  0.        ,  0.02891456, ...,  0.91217677,
          0.8528591 ,  0.8256896 ],
        [-0.04251387, -0.02891456,  0.        , ...,  0.89994628,
          0.83740503,  0.80903295],
        ...,
        [-0.9176687 , -0.91217677, -0.89994628, ...,  0.        ,
         -0.12678594, -0.17621637],
        [-0.85988526, -0.8528591 , -0.83740503, ...,  0.12678594,
          0.        , -0.0499924 ],
        [-0.83328958, -0.8256896 , -0.80903295, ...,  0.17621637,
          0.0499924 ,  0.        ]]]), 'num': array([ 7.20764796e-01,  6.93169227e-01,  2.85964446e-07,  2.00431239e-08,
        1.14981538e-03,  1.15577297e-03,  1.13909171e-03,  2.14225499e-03,
       -4.76607410e-06,  1.13933001e-03,  1.08761811e-03,  1.06265580e-03,
        9.09316769e-07,  1.16542564e-03,  1.00981058e-03])}
{'img': array([[[ 0.        , -0.01585942,  0.        , ...,  0.7558352 ,
          0.87986686,  0.9448643 ],
        [ 0.01585942,  0.        ,  0.01585942, ...,  0.74535599,
          0.87221948,  0.93955211],
        [ 0.        , -0.01585942,  0.        , ...,  0.7558352 ,
          0.87986686,  0.9448643 ],
        ...,
        [-0.7558352 , -0.74535599, -0.7558352 , ...,  0.        ,
         -0.21691509, -0.37115374],
        [-0.87986686, -0.87221948, -0.87986686, ...,  0.21691509,
          0.        , -0.1608956 ],
        [-0.9448643 , -0.93955211, -0.9448643 , ...,  0.37115374,
          0.1608956 ,  0.        ]],

       [[ 0.        ,  0.09383699, -0.1903783 , ...,  0.21908423,
         -0.03798329, -0.10003192],
        [-0.09383699,  0.        , -0.28165906, ...,  0.12656022,
         -0.13158497, -0.19295686],
        [ 0.1903783 ,  0.28165906,  0.        , ...,  0.4008306 ,
          0.15295231,  0.09122099],
        ...,
        [-0.21908423, -0.12656022, -0.4008306 , ...,  0.        ,
         -0.25598665, -0.31558709],
        [ 0.03798329,  0.13158497, -0.15295231, ...,  0.25598665,
          0.        , -0.06216696],
        [ 0.10003192,  0.19295686, -0.09122099, ...,  0.31558709,
          0.06216696,  0.        ]],

       [[ 0.        ,  0.06250728,  0.1247339 , ...,  0.99999854,
          0.95715167,  0.62093549],
        [-0.06250728,  0.        ,  0.06247088, ...,  0.99793636,
          0.97338127,  0.66871831],
        [-0.1247339 , -0.06247088,  0.        , ...,  0.99197587,
          0.98579787,  0.71386025],
        ...,
        [-0.99999854, -0.99793636, -0.99197587, ...,  0.        ,
          0.2912205 ,  0.78492046],
        [-0.95715167, -0.97338127, -0.98579787, ..., -0.2912205 ,
          0.        ,  0.57045962],
        [-0.62093549, -0.66871831, -0.71386025, ..., -0.78492046,
         -0.57045962,  0.        ]],

       ...,

       [[ 0.        ,  0.13602094,  0.34531081, ...,  0.62539825,
          0.99702641,  0.8390707 ],
        [-0.13602094,  0.        ,  0.2144474 , ...,  0.51344785,
          0.99824187,  0.75727391],
        [-0.34531081, -0.2144474 ,  0.        , ...,  0.31748099,
          0.96230757,  0.5996013 ],
        ...,
        [-0.62539825, -0.51344785, -0.31748099, ...,  0.        ,
          0.826179  ,  0.31450103],
        [-0.99702641, -0.99824187, -0.96230757, ..., -0.826179  ,
          0.        , -0.607064  ],
        [-0.8390707 , -0.75727391, -0.5996013 , ..., -0.31450103,
          0.607064  ,  0.        ]],

       [[ 0.        , -0.10519432, -0.13220881, ...,  0.95202396,
          0.83872123,  0.48990586],
        [ 0.10519432,  0.        , -0.02720437, ...,  0.9145499 ,
          0.77678301,  0.39548189],
        [ 0.13220881,  0.02720437,  0.        , ...,  0.90320798,
          0.75936307,  0.37034902],
        ...,
        [-0.95202396, -0.9145499 , -0.90320798, ...,  0.        ,
          0.26176673,  0.68002831],
        [-0.83872123, -0.77678301, -0.75936307, ..., -0.26176673,
          0.        ,  0.46439285],
        [-0.48990586, -0.39548189, -0.37034902, ..., -0.68002831,
         -0.46439285,  0.        ]],

       [[ 0.        ,  0.02891456,  0.03122566, ...,  0.8528591 ,
          0.8256896 ,  0.83218575],
        [-0.02891456,  0.        ,  0.00231214, ...,  0.83740503,
          0.80903295,  0.81580476],
        [-0.03122566, -0.00231214,  0.        , ...,  0.83613901,
          0.80767179,  0.81446541],
        ...,
        [-0.8528591 , -0.83740503, -0.83613901, ...,  0.        ,
         -0.0499924 , -0.03838938],
        [-0.8256896 , -0.80903295, -0.80767179, ...,  0.0499924 ,
          0.        ,  0.01161417],
        [-0.83218575, -0.81580476, -0.81446541, ...,  0.03838938,
         -0.01161417,  0.        ]]]), 'num': array([7.13331178e-01, 7.00813228e-01, 1.29719692e-07, 1.96060066e-08,
       1.13799548e-03, 1.14389183e-03, 1.12856132e-03, 3.10500591e-03,
       0.00000000e+00, 1.14082572e-03, 1.08103674e-03, 1.05434593e-03,
       9.11968740e-07, 1.16115110e-03, 1.00092238e-03])}
{'img': array([[[ 0.        ,  0.01585942, -0.25261613, ...,  0.87221948,
          0.93955211,  0.93955211],
        [-0.01585942,  0.        , -0.2679294 , ...,  0.87986686,
          0.9448643 ,  0.9448643 ],
        [ 0.25261613,  0.2679294 ,  0.        , ...,  0.72037216,
          0.82258196,  0.82258196],
        ...,
        [-0.87221948, -0.87986686, -0.72037216, ...,  0.        ,
         -0.1608956 , -0.1608956 ],
        [-0.93955211, -0.9448643 , -0.82258196, ...,  0.1608956 ,
          0.        ,  0.        ],
        [-0.93955211, -0.9448643 , -0.82258196, ...,  0.1608956 ,
          0.        ,  0.        ]],

       [[ 0.        , -0.28165906, -0.1300137 , ..., -0.13158497,
         -0.19295686,  0.18166296],
        [ 0.28165906,  0.        ,  0.15451836, ...,  0.15295231,
          0.09122099,  0.45128075],
        [ 0.1300137 , -0.15451836,  0.        , ..., -0.00158489,
         -0.0637487 ,  0.30797142],
        ...,
        [ 0.13158497, -0.15295231,  0.00158489, ...,  0.        ,
         -0.06216696,  0.30947888],
        [ 0.19295686, -0.09122099,  0.0637487 , ...,  0.06216696,
          0.        ,  0.36799523],
        [-0.18166296, -0.45128075, -0.30797142, ..., -0.30947888,
         -0.36799523,  0.        ]],

       [[ 0.        ,  0.05973786, -0.07778511, ...,  0.99866431,
          0.9511422 ,  0.64679174],
        [-0.05973786,  0.        , -0.13720306, ...,  0.99996734,
          0.96788781,  0.69119671],
        [ 0.07778511,  0.13720306,  0.        , ...,  0.9916195 ,
          0.92424398,  0.58550795],
        ...,
        [-0.99866431, -0.99996734, -0.9916195 , ...,  0.        ,
          0.2591971 ,  0.72822951],
        [-0.9511422 , -0.96788781, -0.92424398, ..., -0.2591971 ,
          0.        ,  0.52570545],
        [-0.64679174, -0.69119671, -0.58550795, ..., -0.72822951,
         -0.52570545,  0.        ]],

       ...,

       [[ 0.        ,  0.2144474 , -0.07703849, ...,  0.99824187,
          0.75727391,  0.79428274],
        [-0.2144474 ,  0.        , -0.28905632, ...,  0.96230757,
          0.5996013 ,  0.64551703],
        [ 0.07703849,  0.28905632,  0.        , ...,  0.99984144,
          0.80533702,  0.83872683],
        ...,
        [-0.99824187, -0.96230757, -0.99984144, ...,  0.        ,
         -0.607064  , -0.55940138],
        [-0.75727391, -0.5996013 , -0.80533702, ...,  0.607064  ,
          0.        ,  0.05866353],
        [-0.79428274, -0.64551703, -0.83872683, ...,  0.55940138,
         -0.05866353,  0.        ]],

       [[ 0.        , -0.02653041, -0.14414548, ...,  0.86530321,
          0.74103175,  0.38642907],
        [ 0.02653041,  0.        , -0.1178414 , ...,  0.85170029,
          0.72295654,  0.36182354],
        [ 0.14414548,  0.1178414 ,  0.        , ...,  0.78401367,
          0.63650343,  0.24944527],
        ...,
        [-0.86530321, -0.85170029, -0.78401367, ...,  0.        ,
          0.20958386,  0.60438859],
        [-0.74103175, -0.72295654, -0.63650343, ..., -0.20958386,
          0.        ,  0.42399223],
        [-0.38642907, -0.36182354, -0.24944527, ..., -0.60438859,
         -0.42399223,  0.        ]],

       [[ 0.        ,  0.00231214, -0.00552513, ...,  0.80903295,
          0.81580476,  0.83100996],
        [-0.00231214,  0.        , -0.00783722, ...,  0.80767179,
          0.81446541,  0.82972159],
        [ 0.00552513,  0.00783722,  0.        , ...,  0.81226807,
          0.81898764,  0.83407067],
        ...,
        [-0.80903295, -0.80767179, -0.81226807, ...,  0.        ,
          0.01161417,  0.03840647],
        [-0.81580476, -0.81446541, -0.81898764, ..., -0.01161417,
          0.        ,  0.02679828],
        [-0.83100996, -0.82972159, -0.83407067, ..., -0.03840647,
         -0.02679828,  0.        ]]]), 'num': array([ 8.97236238e-01,  4.41524355e-01,  4.74205913e-06,  2.46090896e-08,
        1.42856390e-03,  1.43005043e-03,  1.40923889e-03,  2.79955414e-03,
       -5.94615565e-06,  1.43629390e-03,  1.36731849e-03,  1.33228572e-03,
        1.10486000e-06,  1.47144670e-03,  1.26319029e-03])}
{'img': array([[[ 0.        , -0.2679294 , -0.7558352 , ...,  0.9448643 ,
          0.9448643 ,  0.97569138],
        [ 0.2679294 ,  0.        , -0.5527708 , ...,  0.82258196,
          0.82258196,  0.88130219],
        [ 0.7558352 ,  0.5527708 ,  0.        , ...,  0.37115374,
          0.37115374,  0.47320493],
        ...,
        [-0.9448643 , -0.82258196, -0.37115374, ...,  0.        ,
          0.        , -0.1124358 ],
        [-0.9448643 , -0.82258196, -0.37115374, ...,  0.        ,
          0.        , -0.1124358 ],
        [-0.97569138, -0.88130219, -0.47320493, ...,  0.1124358 ,
          0.1124358 ,  0.        ]],

       [[ 0.        ,  0.15451836,  0.69140563, ...,  0.09122099,
          0.45128075,  0.13675969],
        [-0.15451836,  0.        ,  0.5714674 , ..., -0.0637487 ,
          0.30797142, -0.01794936],
        [-0.69140563, -0.5714674 ,  0.        , ..., -0.62261879,
         -0.29096261, -0.58610503],
        ...,
        [-0.09122099,  0.0637487 ,  0.62261879, ...,  0.        ,
          0.36799523,  0.04582558],
        [-0.45128075, -0.30797142,  0.29096261, ..., -0.36799523,
          0.        , -0.32499874],
        [-0.13675969,  0.01794936,  0.58610503, ..., -0.04582558,
          0.32499874,  0.        ]],

       [[ 0.        , -0.13720306, -0.36558495, ...,  0.96788781,
          0.69119671,  0.80889397],
        [ 0.13720306,  0.        , -0.23442201, ...,  0.92424398,
          0.58550795,  0.72057505],
        [ 0.36558495,  0.23442201,  0.        , ...,  0.80898697,
          0.37915462,  0.53795336],
        ...,
        [-0.96788781, -0.92424398, -0.80898697, ...,  0.        ,
          0.52570545,  0.3657322 ],
        [-0.69119671, -0.58550795, -0.37915462, ..., -0.52570545,
          0.        , -0.17816846],
        [-0.80889397, -0.72057505, -0.53795336, ..., -0.3657322 ,
          0.17816846,  0.        ]],

       ...,

       [[ 0.        , -0.28905632, -0.47919316, ...,  0.5996013 ,
          0.64551703,  0.51364893],
        [ 0.28905632,  0.        , -0.20502994, ...,  0.80533702,
          0.83872683,  0.73973278],
        [ 0.47919316,  0.20502994,  0.        , ...,  0.90977349,
          0.93255821,  0.86198248],
        ...,
        [-0.5996013 , -0.80533702, -0.90977349, ...,  0.        ,
          0.05866353, -0.10338553],
        [-0.64551703, -0.83872683, -0.93255821, ..., -0.05866353,
          0.        , -0.16155665],
        [-0.51364893, -0.73973278, -0.86198248, ...,  0.10338553,
          0.16155665,  0.        ]],

       [[ 0.        , -0.11564318, -0.08787465, ...,  0.80942495,
          0.67910022,  0.35542947],
        [ 0.11564318,  0.        ,  0.02791073, ...,  0.736086  ,
          0.58965665,  0.24495279],
        [ 0.08787465, -0.02791073,  0.        , ...,  0.75469168,
          0.61196915,  0.27191779],
        ...,
        [-0.80942495, -0.736086  , -0.75469168, ...,  0.        ,
          0.1953713 ,  0.54785554],
        [-0.67910022, -0.58965665, -0.61196915, ..., -0.1953713 ,
          0.        ,  0.37385566],
        [-0.35542947, -0.24495279, -0.27191779, ..., -0.54785554,
         -0.37385566,  0.        ]],

       [[ 0.        , -0.00783722, -0.09931565, ...,  0.81446541,
          0.82972159,  0.84130039],
        [ 0.00783722,  0.        , -0.09151412, ...,  0.81898764,
          0.83407067,  0.84551111],
        [ 0.09931565,  0.09151412,  0.        , ...,  0.86806282,
          0.88105518,  0.89082784],
        ...,
        [-0.81446541, -0.81898764, -0.86806282, ...,  0.        ,
          0.02679828,  0.04785883],
        [-0.82972159, -0.83407067, -0.88105518, ..., -0.02679828,
          0.        ,  0.02107407],
        [-0.84130039, -0.84551111, -0.89082784, ..., -0.04785883,
         -0.02107407,  0.        ]]]), 'num': array([9.99984736e-01, 3.89330523e-05, 1.02558544e-05, 2.34173604e-08,
       1.59227039e-03, 1.59880278e-03, 1.55470914e-03, 3.39223816e-03,
       2.28633697e-05, 1.57920560e-03, 1.50939067e-03, 1.46752893e-03,
       1.16998054e-06, 1.62724954e-03, 1.39153180e-03])}
{'img': array([[[ 0.        , -0.54688261, -0.11678654, ...,  0.87511747,
          0.91571041,  0.54688261],
        [ 0.54688261,  0.        ,  0.44536553, ...,  0.46801423,
          0.54688261,  0.        ],
        [ 0.11678654, -0.44536553,  0.        , ...,  0.81261484,
          0.86251487,  0.44536553],
        ...,
        [-0.87511747, -0.46801423, -0.81261484, ...,  0.        ,
         -0.09146574,  0.46801423],
        [-0.91571041, -0.54688261, -0.86251487, ...,  0.09146574,
          0.        ,  0.54688261],
        [-0.54688261, -0.        , -0.44536553, ..., -0.46801423,
