state_0,state_1,state_2,state_3,state_4,state_5,state_6,state_7,state_8,state_9,state_10,state_11,state_12,state_13,state_14,state_15,state_16,state_17,state_18,state_19,state_20,state_21,state_22,state_23,state_24,state_25,state_26,state_27,state_28,state_29,state_30,state_31,state_32,state_33,state_34,state_35,state_36,state_37,state_38,state_39,state_40,state_41,state_42,state_43,state_44,state_45,state_46,state_47,state_48,state_49,state_50,state_51,state_52,state_53,state_54,state_55,state_56,state_57,state_58,state_59,state_60,state_61,state_62,state_63,state_64,state_65,state_66,state_67,state_68,state_69,state_70,state_71,state_72,state_73,state_74,state_75,state_76,state_77,state_78,state_79,state_80,state_81,state_82,state_83,state_84,state_85,state_86,state_87,state_88,state_89,state_90,state_91,state_92,state_93,state_94,state_95,state_96,state_97,state_98,state_99,state_100,state_101,state_102,state_103,state_104,state_105,state_106,state_107,state_108,state_109,state_110,state_111,state_112,state_113,state_114,state_115,state_116,state_117,state_118,state_119,state_120,state_121,state_122,state_123,state_124,state_125,state_126,state_127,state_128,state_129,state_130,state_131,state_132,state_133,state_134,state_135,state_136,state_137,state_138,state_139,state_140,state_141,state_142,state_143,state_144,state_145,state_146,state_147,state_148,state_149,state_150,state_151,state_152,state_153,state_154,state_155,state_156,state_157,state_158,state_159,state_160,state_161,state_162,state_163,state_164,state_165,state_166,state_167,state_168,state_169,state_170,state_171,state_172,state_173,state_174,state_175,state_176,state_177,state_178,state_179,state_180,state_181,state_182,state_183,state_184,state_185,state_186,state_187,state_188,state_189,state_190,state_191,state_192,state_193,state_194,state_195,state_196,state_197,state_198,state_199,state_200,state_201,state_202,state_203,state_204,state_205,state_206,state_207,state_208,state_209,state_210,state_211,state_212,state_213,state_214,state_215,state_216,state_217,state_218,state_219,state_220,state_221,state_222,state_223,state_224,state_225,state_226,state_227,state_228,state_229,state_230,state_231,state_232,state_233,state_234,state_235,state_236,state_237,state_238,state_239,state_240,state_241,state_242,state_243,state_244,state_245,state_246,state_247,state_248,state_249,state_250,state_251,state_252,state_253,state_254,state_255,state_256,state_257,state_258,state_259,state_260,state_261,state_262,state_263,state_264,state_265,state_266,state_267,state_268,state_269,state_270,state_271,state_272,state_273,state_274,state_275,state_276,state_277,state_278,state_279,state_280,state_281,state_282,state_283,state_284,state_285,state_286,state_287
{'img': array([[[ 0.        ,  0.06234675,  0.32462655, ..., -0.99999934,
         -0.99991104, -0.99504127],
        [-0.06234675,  0.        ,  0.26502482, ..., -0.99798212,
         -0.99713414, -0.99930665],
        [-0.32462655, -0.26502482,  0.        , ..., -0.94546797,
         -0.94142808, -0.9734404 ],
        ...,
        [ 0.99999934,  0.99798212,  0.94546797, ...,  0.        ,
         -0.01218755,  0.10060827],
        [ 0.99991104,  0.99713414,  0.94142808, ...,  0.01218755,
          0.        ,  0.11272651],
        [ 0.99504127,  0.99930665,  0.9734404 , ..., -0.10060827,
         -0.11272651,  0.        ]],

       [[ 0.        ,  0.11455297,  0.76593753, ...,  0.09731624,
          0.06275204,  0.11044522],
        [-0.11455297,  0.        ,  0.68724766, ..., -0.01733362,
         -0.05198824, -0.00413398],
        [-0.76593753, -0.68724766,  0.        , ..., -0.69973595,
         -0.72408376, -0.6902448 ],
        ...,
        [-0.09731624,  0.01733362,  0.69973595, ...,  0.        ,
         -0.03467026,  0.01320011],
        [-0.06275204,  0.05198824,  0.72408376, ...,  0.03467026,
          0.        ,  0.04785941],
        [-0.11044522,  0.00413398,  0.6902448 , ..., -0.01320011,
         -0.04785941,  0.        ]],

       [[ 0.        , -0.01824002,  0.03758668, ..., -0.87863607,
         -0.92210724, -0.92210724],
        [ 0.01824002,  0.        ,  0.05580755, ..., -0.88719936,
         -0.92901153, -0.92901153],
        [-0.03758668, -0.05580755,  0.        , ..., -0.86006786,
         -0.90691208, -0.90691208],
        ...,
        [ 0.87863607,  0.88719936,  0.86006786, ...,  0.        ,
          0.10032434,  0.10032434],
        [ 0.92210724,  0.92901153,  0.90691208, ..., -0.10032434,
          0.        ,  0.        ],
        [ 0.92210724,  0.92901153,  0.90691208, ..., -0.10032434,
          0.        ,  0.        ]],

       ...,

       [[ 0.        ,  0.24673899,  0.77069043, ..., -0.26606538,
         -0.24045447, -0.02006632],
        [-0.24673899,  0.        ,  0.58963771, ..., -0.49568445,
         -0.47251987, -0.26613522],
        [-0.77069043, -0.58963771,  0.        , ..., -0.91245034,
         -0.90129863, -0.78332171],
        ...,
        [ 0.26606538,  0.49568445,  0.91245034, ...,  0.        ,
          0.02647185,  0.24666878],
        [ 0.24045447,  0.47251987,  0.90129863, ..., -0.02647185,
          0.        ,  0.22092847],
        [ 0.02006632,  0.26613522,  0.78332171, ..., -0.24666878,
         -0.22092847,  0.        ]],

       [[ 0.        , -0.03775911, -0.09987626, ..., -0.90383072,
         -0.81404013, -0.43105275],
        [ 0.03775911,  0.        , -0.06223472, ..., -0.91934292,
         -0.83539043, -0.46481641],
        [ 0.09987626,  0.06223472,  0.        , ..., -0.94204751,
         -0.86797881, -0.51901845],
        ...,
        [ 0.90383072,  0.91934292,  0.94204751, ...,  0.        ,
         -0.17663287, -0.63110735],
        [ 0.81404013,  0.83539043,  0.86797881, ...,  0.17663287,
          0.        , -0.48417101],
        [ 0.43105275,  0.46481641,  0.51901845, ...,  0.63110735,
          0.48417101,  0.        ]],

       [[ 0.        , -0.22370647, -0.22533456, ..., -0.42734423,
         -0.27341768, -0.        ],
        [ 0.22370647,  0.        , -0.00167075, ..., -0.61876442,
         -0.48167056, -0.22370647],
        [ 0.22533456,  0.00167075,  0.        , ..., -0.62007606,
         -0.48313405, -0.22533456],
        ...,
        [ 0.42734423,  0.61876442,  0.62007606, ...,  0.        ,
         -0.16386654, -0.42734423],
        [ 0.27341768,  0.48167056,  0.48313405, ...,  0.16386654,
          0.        , -0.27341768],
        [ 0.        ,  0.22370647,  0.22533456, ...,  0.42734423,
          0.27341768,  0.        ]]]), 'num': array([7.01778994e-01, 7.01778994e-01, 0.00000000e+00, 0.00000000e+00,
       1.00209912e-02, 1.01035535e-02, 9.35017306e-03, 1.19257020e-01,
       7.01778994e-04, 9.42241502e-03, 9.82748598e-03, 1.08674261e-02,
       8.60583552e-06, 1.10943334e-02, 8.56063859e-03])}
{'img': array([[[ 0.        ,  0.26502482,  0.30568572, ..., -0.99713414,
         -0.99930665, -0.83234079],
        [-0.26502482,  0.        ,  0.04241614, ..., -0.94142808,
         -0.9734404 , -0.94947138],
        [-0.30568572, -0.04241614,  0.        , ..., -0.92627751,
         -0.96285356, -0.96192935],
        ...,
        [ 0.99713414,  0.94142808,  0.92627751, ...,  0.        ,
          0.11272651,  0.61564551],
        [ 0.99930665,  0.9734404 ,  0.96285356, ..., -0.11272651,
          0.        ,  0.5228903 ],
        [ 0.83234079,  0.94947138,  0.96192935, ..., -0.61564551,
         -0.5228903 ,  0.        ]],

       [[ 0.        ,  0.68724766,  0.17768221, ..., -0.05198824,
         -0.00413398,  0.66800608],
        [-0.68724766,  0.        , -0.54723964, ..., -0.72408376,
         -0.6902448 , -0.02616424],
        [-0.17768221,  0.54723964,  0.        , ..., -0.22860293,
         -0.18174889,  0.52515346],
        ...,
        [ 0.05198824,  0.72408376,  0.22860293, ...,  0.        ,
          0.04785941,  0.70579008],
        [ 0.00413398,  0.6902448 ,  0.18174889, ..., -0.04785941,
          0.        ,  0.67107669],
        [-0.66800608,  0.02616424, -0.52515346, ..., -0.70579008,
         -0.67107669,  0.        ]],

       [[ 0.        ,  0.05580755,  0.17924966, ..., -0.92901153,
         -0.92901153, -0.97759001],
        [-0.05580755,  0.        ,  0.12406663, ..., -0.90691208,
         -0.90691208, -0.96431799],
        [-0.17924966, -0.12406663,  0.        , ..., -0.84763343,
         -0.84763343, -0.92402133],
        ...,
        [ 0.92901153,  0.90691208,  0.84763343, ...,  0.        ,
          0.        ,  0.16618442],
        [ 0.92901153,  0.90691208,  0.84763343, ...,  0.        ,
          0.        ,  0.16618442],
        [ 0.97759001,  0.96431799,  0.92402133, ..., -0.16618442,
         -0.16618442,  0.        ]],

       ...,

       [[ 0.        ,  0.58963771,  0.17396801, ..., -0.47251987,
         -0.26613522,  0.35808705],
        [-0.58963771,  0.        , -0.44013814, ..., -0.90129863,
         -0.78332171, -0.26132238],
        [-0.17396801,  0.44013814,  0.        , ..., -0.61863605,
         -0.42977099,  0.1901948 ],
        ...,
        [ 0.47251987,  0.90129863,  0.61863605, ...,  0.        ,
          0.22092847,  0.75677551],
        [ 0.26613522,  0.78332171,  0.42977099, ..., -0.22092847,
          0.        ,  0.59366021],
        [-0.35808705,  0.26132238, -0.1901948 , ..., -0.75677551,
         -0.59366021,  0.        ]],

       [[ 0.        , -0.0592625 , -0.09833053, ..., -0.94648755,
         -0.87384219, -0.44511955],
        [ 0.0592625 ,  0.        , -0.0391824 , ..., -0.96395044,
         -0.90112035, -0.49740509],
        [ 0.09833053,  0.0391824 ,  0.        , ..., -0.97363592,
         -0.91741663, -0.53101457],
        ...,
        [ 0.94648755,  0.96395044,  0.97363592, ...,  0.        ,
         -0.17816729, -0.70389427],
        [ 0.87384219,  0.90112035,  0.91741663, ...,  0.17816729,
          0.        , -0.56607904],
        [ 0.44511955,  0.49740509,  0.53101457, ...,  0.70389427,
          0.56607904,  0.        ]],

       [[ 0.        , -0.01777459,  0.01248684, ..., -0.2871106 ,
         -0.01248684, -0.22590334],
        [ 0.01777459,  0.        ,  0.03025807, ..., -0.30409147,
         -0.03025807, -0.24318276],
        [-0.01248684, -0.03025807,  0.        , ..., -0.2751271 ,
         -0.        , -0.21372167],
        ...,
        [ 0.2871106 ,  0.30409147,  0.2751271 , ...,  0.        ,
         -0.2751271 , -0.06329648],
        [ 0.01248684,  0.03025807,  0.        , ...,  0.2751271 ,
          0.        ,  0.21372167],
        [ 0.22590334,  0.24318276,  0.21372167, ...,  0.06329648,
         -0.21372167,  0.        ]]]), 'num': array([ 9.92483593e-01,  3.03451820e-04,  2.08660387e-05, -4.22581120e-09,
        1.41740020e-02,  1.46062271e-02,  1.41740020e-02,  1.15421686e-01,
       -2.98086267e-04,  1.37477387e-02,  1.41277986e-02,  1.56535035e-02,
        1.19608283e-05,  1.58609569e-02,  1.23946404e-02])}
{'img': array([[[ 0.        ,  0.04241614, -0.31006674, ..., -0.9734404 ,
         -0.94947138, -0.98430876],
        [-0.04241614,  0.        , -0.35011334, ..., -0.96285356,
         -0.96192935, -0.99090744],
        [ 0.31006674,  0.35011334,  0.        , ..., -0.99645104,
         -0.80536092, -0.88108416],
        ...,
        [ 0.9734404 ,  0.96285356,  0.99645104, ...,  0.        ,
          0.5228903 ,  0.39711635],
        [ 0.94947138,  0.96192935,  0.80536092, ..., -0.5228903 ,
          0.        , -0.14139016],
        [ 0.98430876,  0.99090744,  0.88108416, ..., -0.39711635,
          0.14139016,  0.        ]],

       [[ 0.        , -0.54723964, -0.47426031, ..., -0.6902448 ,
         -0.02616424, -0.36049492],
        [ 0.54723964,  0.        ,  0.08483691, ..., -0.18174889,
          0.52515346,  0.20871831],
        [ 0.47426031, -0.08483691,  0.        , ..., -0.2645176 ,
          0.45106336,  0.1249974 ],
        ...,
        [ 0.6902448 ,  0.18174889,  0.2645176 , ...,  0.        ,
          0.67107669,  0.38298811],
        [ 0.02616424, -0.52515346, -0.45106336, ..., -0.67107669,
          0.        , -0.33596652],
        [ 0.36049492, -0.20871831, -0.1249974 , ..., -0.38298811,
          0.33596652,  0.        ]],

       [[ 0.        ,  0.12406663,  0.15265178, ..., -0.90691208,
         -0.96431799, -0.98948975],
        [-0.12406663,  0.        ,  0.0288598 , ..., -0.84763343,
         -0.92402133, -0.96390443],
        [-0.15265178, -0.0288598 ,  0.        , ..., -0.83196786,
         -0.91260217, -0.95581906],
        ...,
        [ 0.90691208,  0.84763343,  0.83196786, ...,  0.        ,
          0.16618442,  0.28574952],
        [ 0.96431799,  0.92402133,  0.91260217, ..., -0.16618442,
          0.        ,  0.12252084],
        [ 0.98948975,  0.96390443,  0.95581906, ..., -0.28574952,
         -0.12252084,  0.        ]],

       ...,

       [[ 0.        , -0.44013814, -0.57335348, ..., -0.78332171,
         -0.26132238, -0.32706747],
        [ 0.44013814,  0.        , -0.15422259, ..., -0.42977099,
          0.1901948 ,  0.12224726],
        [ 0.57335348,  0.15422259,  0.        , ..., -0.28537584,
          0.3393268 ,  0.27385058],
        ...,
        [ 0.78332171,  0.42977099,  0.28537584, ...,  0.        ,
          0.59366021,  0.53692925],
        [ 0.26132238, -0.1901948 , -0.3393268 , ..., -0.59366021,
          0.        , -0.06875248],
        [ 0.32706747, -0.12224726, -0.27385058, ..., -0.53692925,
          0.06875248,  0.        ]],

       [[ 0.        , -0.0374781 , -0.13175579, ..., -0.96948456,
         -0.87762762, -0.47855341],
        [ 0.0374781 ,  0.        , -0.09451185, ..., -0.97799129,
         -0.89497591, -0.51112517],
        [ 0.13175579,  0.09451185,  0.        , ..., -0.99333304,
         -0.93313287, -0.59007077],
        ...,
        [ 0.96948456,  0.97799129,  0.99333304, ...,  0.        ,
         -0.24956319, -0.7339456 ],
        [ 0.87762762,  0.89497591,  0.93313287, ...,  0.24956319,
          0.        , -0.5412171 ],
        [ 0.47855341,  0.51112517,  0.59007077, ...,  0.7339456 ,
          0.5412171 ,  0.        ]],

       [[ 0.        ,  0.03025807, -0.17574684, ..., -0.03025807,
         -0.24318276, -0.30526546],
        [-0.03025807,  0.        , -0.20545349, ..., -0.        ,
         -0.21372167, -0.27631191],
        [ 0.17574684,  0.20545349,  0.        , ..., -0.20545349,
         -0.40986873, -0.46787209],
        ...,
        [ 0.03025807,  0.        ,  0.20545349, ...,  0.        ,
          0.21372167,  0.27631191],
        [ 0.24318276,  0.21372167,  0.40986873, ..., -0.21372167,
          0.        ,  0.06452655],
        [ 0.30526546,  0.27631191,  0.46787209, ..., -0.27631191,
         -0.06452655,  0.        ]]]), 'num': array([ 6.82143779e-01,  6.82143779e-01,  0.00000000e+00, -4.58388634e-07,
        1.02196776e-02,  1.03017634e-02,  9.79898806e-03,  2.61837170e-01,
        4.61732422e-04,  9.67380727e-03,  9.70356336e-03,  1.07508409e-02,
        1.01725194e-05,  1.08401085e-02,  8.56701822e-03])}
{'img': array([[[ 0.        , -0.35011334, -0.44601653, ..., -0.96192935,
         -0.99090744, -0.90284122],
        [ 0.35011334,  0.        , -0.10442686, ..., -0.80536092,
         -0.88108416, -0.69515832],
        [ 0.44601653,  0.10442686,  0.        , ..., -0.73905501,
         -0.82687721, -0.61628965],
        ...,
        [ 0.96192935,  0.80536092,  0.73905501, ...,  0.        ,
         -0.14139016,  0.1668598 ],
        [ 0.99090744,  0.88108416,  0.82687721, ...,  0.14139016,
          0.        ,  0.30459147],
        [ 0.90284122,  0.69515832,  0.61628965, ..., -0.1668598 ,
         -0.30459147,  0.        ]],

       [[ 0.        ,  0.08483691,  0.0662844 , ...,  0.52515346,
          0.20871831,  0.94538967],
        [-0.08483691,  0.        , -0.0186049 , ...,  0.45106336,
          0.1249974 ,  0.96963333],
        [-0.0662844 ,  0.0186049 ,  0.        , ...,  0.46759001,
          0.14343475,  0.96491543],
        ...,
        [-0.52515346, -0.45106336, -0.46759001, ...,  0.        ,
         -0.33596652,  0.97570346],
        [-0.20871831, -0.1249974 , -0.14343475, ...,  0.33596652,
          0.        ,  0.99259834],
        [-0.94538967, -0.96963333, -0.96491543, ..., -0.97570346,
         -0.99259834,  0.        ]],

       [[ 0.        ,  0.0288598 , -0.00562458, ..., -0.92402133,
         -0.96390443, -0.99879635],
        [-0.0288598 ,  0.        , -0.03448158, ..., -0.91260217,
         -0.95581906, -0.99696476],
        [ 0.00562458,  0.03448158,  0.        , ..., -0.92615722,
         -0.96538672, -0.99905643],
        ...,
        [ 0.92402133,  0.91260217,  0.92615722, ...,  0.        ,
          0.12252084,  0.33655798],
        [ 0.96390443,  0.95581906,  0.96538672, ..., -0.12252084,
          0.        ,  0.21864903],
        [ 0.99879635,  0.99696476,  0.99905643, ..., -0.33655798,
         -0.21864903,  0.        ]],

       ...,

       [[ 0.        , -0.15422259, -0.24808509, ...,  0.1901948 ,
          0.12224726,  0.52856187],
        [ 0.15422259,  0.        , -0.09571571, ...,  0.3393268 ,
          0.27385058,  0.65315697],
        [ 0.24808509,  0.09571571,  0.        , ...,  0.42780562,
          0.36464997,  0.72263624],
        ...,
        [-0.1901948 , -0.3393268 , -0.42780562, ...,  0.        ,
         -0.06875248,  0.35745832],
        [-0.12224726, -0.27385058, -0.36464997, ...,  0.06875248,
          0.        ,  0.42082243],
        [-0.52856187, -0.65315697, -0.72263624, ..., -0.35745832,
         -0.42082243,  0.        ]],

       [[ 0.        , -0.09172336, -0.15590179, ..., -0.95095309,
         -0.83566815, -0.49821461],
        [ 0.09172336,  0.        , -0.06464278, ..., -0.97531763,
         -0.88252306, -0.57564348],
        [ 0.15590179,  0.06464278,  0.        , ..., -0.98755127,
         -0.91107674, -0.62729796],
        ...,
        [ 0.95095309,  0.97531763,  0.98755127, ...,  0.        ,
         -0.26379491, -0.67041216],
        [ 0.83566815,  0.88252306,  0.91107674, ...,  0.26379491,
          0.        , -0.45093246],
        [ 0.49821461,  0.57564348,  0.62729796, ...,  0.67041216,
          0.45093246,  0.        ]],

       [[ 0.        , -0.20545349, -0.3334623 , ..., -0.21372167,
         -0.27631191, -0.35130549],
        [ 0.20545349,  0.        , -0.13265448, ..., -0.40986873,
         -0.46787209, -0.53616911],
        [ 0.3334623 ,  0.13265448,  0.        , ..., -0.5272465 ,
         -0.58097672, -0.64340568],
        ...,
        [ 0.21372167,  0.40986873,  0.5272465 , ...,  0.        ,
          0.06452655,  0.14308919],
        [ 0.27631191,  0.46787209,  0.58097672, ..., -0.06452655,
          0.        ,  0.07892843],
        [ 0.35130549,  0.53616911,  0.64340568, ..., -0.14308919,
         -0.07892843,  0.        ]]]), 'num': array([ 9.63236318e-01,  9.52079601e-02,  1.70201639e-05, -6.37171527e-07,
        1.44671393e-02,  1.50344781e-02,  1.40132683e-02,  2.48046479e-01,
        3.40403278e-04,  1.37324356e-02,  1.34047974e-02,  1.48302361e-02,
        1.92699557e-05,  1.49508841e-02,  1.18587107e-02])}
{'img': array([[[ 0.        , -0.10442686, -0.10442686, ..., -0.88108416,
         -0.69515832, -0.57507669],
        [ 0.10442686,  0.        ,  0.        , ..., -0.82687721,
         -0.61628965, -0.48650093],
        [ 0.10442686,  0.        ,  0.        , ..., -0.82687721,
         -0.61628965, -0.48650093],
        ...,
        [ 0.88108416,  0.82687721,  0.82687721, ...,  0.        ,
          0.30459147,  0.44882652],
        [ 0.69515832,  0.61628965,  0.61628965, ..., -0.30459147,
          0.        ,  0.15531097],
        [ 0.57507669,  0.48650093,  0.48650093, ..., -0.44882652,
         -0.15531097,  0.        ]],

       [[ 0.        , -0.0186049 ,  0.23722321, ...,  0.1249974 ,
          0.96963333,  0.81739456],
        [ 0.0186049 ,  0.        ,  0.25525597, ...,  0.14343475,
          0.96491543,  0.82797096],
        [-0.23722321, -0.25525597,  0.        , ..., -0.11393331,
          0.9999714 ,  0.65740305],
        ...,
        [-0.1249974 , -0.14343475,  0.11393331, ...,  0.        ,
          0.99259834,  0.73897551],
        [-0.96963333, -0.96491543, -0.9999714 , ..., -0.99259834,
          0.        , -0.75848936],
        [-0.81739456, -0.82797096, -0.65740305, ..., -0.73897551,
          0.75848936,  0.        ]],

       [[ 0.        , -0.03448158, -0.0882791 , ..., -0.95581906,
         -0.99696476, -0.98817711],
        [ 0.03448158,  0.        , -0.05387965, ..., -0.96538672,
         -0.99905643, -0.98230288],
        [ 0.0882791 ,  0.05387965,  0.        , ..., -0.97803747,
         -0.99994528, -0.97078439],
        ...,
        [ 0.95581906,  0.96538672,  0.97803747, ...,  0.        ,
          0.21864903,  0.43702324],
        [ 0.99696476,  0.99905643,  0.99994528, ..., -0.21864903,
          0.        ,  0.22978492],
        [ 0.98817711,  0.98230288,  0.97078439, ..., -0.43702324,
         -0.22978492,  0.        ]],

       ...,

       [[ 0.        , -0.08597279, -0.01792063, ...,  0.24240136,
          0.57108755,  0.95561386],
        [ 0.08597279,  0.        ,  0.0681047 , ...,  0.32491261,
          0.63954722,  0.92674621],
        [ 0.01792063, -0.0681047 ,  0.        , ...,  0.2597486 ,
          0.5857067 ,  0.95018059],
        ...,
        [-0.24240136, -0.32491261, -0.2597486 , ...,  0.        ,
          0.35507082,  0.99853047],
        [-0.57108755, -0.63954722, -0.5857067 , ..., -0.35507082,
          0.        ,  0.95270804],
        [-0.95561386, -0.92674621, -0.95018059, ..., -0.99853047,
         -0.95270804,  0.        ]],

       [[ 0.        , -0.0640611 , -0.13048004, ..., -0.90859356,
         -0.75992608, -0.57143546],
        [ 0.0640611 ,  0.        , -0.06669859, ..., -0.93348442,
         -0.8000055 , -0.62283327],
        [ 0.13048004,  0.06669859,  0.        , ..., -0.95532502,
         -0.83824269, -0.67362827],
        ...,
        [ 0.90859356,  0.93348442,  0.95532502, ...,  0.        ,
         -0.27318747, -0.50695664],
        [ 0.75992608,  0.8000055 ,  0.83824269, ...,  0.27318747,
          0.        , -0.25219259],
        [ 0.57143546,  0.62283327,  0.67362827, ...,  0.50695664,
          0.25219259,  0.        ]],

       [[ 0.        , -0.26695333, -0.35937127, ..., -0.27776773,
         -0.35313154, -0.37553672],
        [ 0.26695333,  0.        , -0.09721006, ..., -0.52413564,
         -0.59007072, -0.60932264],
        [ 0.35937127,  0.09721006,  0.        , ..., -0.60444074,
         -0.66575877, -0.68351686],
        ...,
        [ 0.27776773,  0.52413564,  0.60444074, ...,  0.        ,
          0.07936303,  0.10332148],
        [ 0.35313154,  0.59007072,  0.66575877, ..., -0.07936303,
          0.        ,  0.02405731],
        [ 0.37553672,  0.60932264,  0.68351686, ..., -0.10332148,
         -0.02405731,  0.        ]]]), 'num': array([ 7.04940343e-01,  7.04940343e-01,  0.00000000e+00, -5.74442652e-08,
        1.04786558e-02,  1.07905206e-02,  1.04370739e-02,  7.25813243e-02,
       -1.24745903e-04,  1.02832206e-02,  9.81542344e-03,  1.08518540e-02,
        1.36527460e-05,  1.09234795e-02,  8.70736738e-03])}
{'img': array([[[ 0.        ,  0.        ,  0.13538513, ..., -0.61628965,
         -0.48650093, -0.55279546],
        [ 0.        ,  0.        ,  0.13538513, ..., -0.61628965,
         -0.48650093, -0.55279546],
        [-0.13538513, -0.13538513,  0.        , ..., -0.71723394,
         -0.60030503, -0.66052463],
        ...,
        [ 0.61628965,  0.61628965,  0.71723394, ...,  0.        ,
          0.15531097,  0.07822738],
        [ 0.48650093,  0.48650093,  0.60030503, ..., -0.15531097,
          0.        , -0.07755688],
        [ 0.55279546,  0.55279546,  0.66052463, ..., -0.07822738,
          0.07755688,  0.        ]],

       [[ 0.        ,  0.25525597, -0.12380834, ...,  0.96491543,
          0.82797096,  0.06676644],
        [-0.25525597,  0.        , -0.37299907, ...,  0.9999714 ,
          0.65740305, -0.1901317 ],
        [ 0.12380834,  0.37299907,  0.        , ...,  0.92498428,
          0.8910288 ,  0.18978483],
        ...,
        [-0.96491543, -0.9999714 , -0.92498428, ...,  0.        ,
         -0.75848936, -0.9802926 ],
        [-0.82797096, -0.65740305, -0.8910288 , ...,  0.75848936,
          0.        , -0.78868277],
        [-0.06676644,  0.1901317 , -0.18978483, ...,  0.9802926 ,
          0.78868277,  0.        ]],

       [[ 0.        , -0.05387965, -0.13265303, ..., -0.99905643,
         -0.98230288, -0.93480678],
        [ 0.05387965,  0.        , -0.07905685, ..., -0.99994528,
         -0.97078439, -0.91431319],
        [ 0.13265303,  0.07905685,  0.        , ..., -0.99598855,
         -0.94877598, -0.87943284],
        ...,
        [ 0.99905643,  0.99994528,  0.99598855, ...,  0.        ,
          0.22978492,  0.39542106],
        [ 0.98230288,  0.97078439,  0.94877598, ..., -0.22978492,
          0.        ,  0.17378272],
        [ 0.93480678,  0.91431319,  0.87943284, ..., -0.39542106,
         -0.17378272,  0.        ]],

       ...,

       [[ 0.        ,  0.0681047 ,  0.35483036, ...,  0.63954722,
          0.92674621,  0.99948007],
        [-0.0681047 ,  0.        ,  0.29033333, ...,  0.5857067 ,
          0.95018059,  0.99496358],
        [-0.35483036, -0.29033333,  0.        , ...,  0.32515585,
          0.99974899,  0.92300394],
        ...,
        [-0.63954722, -0.5857067 , -0.32515585, ...,  0.        ,
          0.95270804,  0.74773144],
        [-0.92674621, -0.95018059, -0.99974899, ..., -0.95270804,
          0.        , -0.40537339],
        [-0.99948007, -0.99496358, -0.92300394, ..., -0.74773144,
          0.40537339,  0.        ]],

       [[ 0.        , -0.06585606, -0.14024564, ..., -0.87087032,
         -0.82129779, -0.61671472],
        [ 0.06585606,  0.        , -0.074736  , ..., -0.90134887,
         -0.85708573, -0.66721693],
        [ 0.14024564,  0.074736  ,  0.        , ..., -0.93119581,
         -0.89319079, -0.72101908],
        ...,
        [ 0.87087032,  0.90134887,  0.93119581, ...,  0.        ,
         -0.09315285, -0.38241434],
        [ 0.82129779,  0.85708573,  0.89319079, ...,  0.09315285,
          0.        , -0.29467915],
        [ 0.61671472,  0.66721693,  0.72101908, ...,  0.38241434,
          0.29467915,  0.        ]],

       [[ 0.        , -0.1333868 , -0.15610256, ..., -0.50474724,
         -0.52549034, -0.55044976],
        [ 0.1333868 ,  0.        , -0.02295605, ..., -0.61538529,
         -0.63428002, -0.65689138],
        [ 0.15610256,  0.02295605,  0.        , ..., -0.63331768,
         -0.65186027, -0.67402679],
        ...,
        [ 0.50474724,  0.61538529,  0.63331768, ...,  0.        ,
          0.02419984,  0.05378775],
        [ 0.52549034,  0.63428002,  0.65186027, ..., -0.02419984,
          0.        ,  0.02960719],
        [ 0.55044976,  0.65689138,  0.67402679, ..., -0.05378775,
         -0.02960719,  0.        ]]]), 'num': array([ 9.09939886e-01,  4.09442915e-01,  9.93049544e-06, -7.62390500e-08,
        1.35269451e-02,  1.36879802e-02,  1.32853925e-02,  5.43979121e-02,
        0.00000000e+00,  1.33739618e-02,  1.26667495e-02,  1.39890263e-02,
        1.92266103e-05,  1.40869935e-02,  1.12465056e-02])}
{'img': array([[[ 0.        ,  0.13538513,  0.29944219, ..., -0.48650093,
         -0.55279546, -0.55279546],
        [-0.13538513,  0.        ,  0.16751233, ..., -0.60030503,
         -0.66052463, -0.66052463],
        [-0.29944219, -0.16751233,  0.        , ..., -0.72579423,
         -0.77696039, -0.77696039],
        ...,
        [ 0.48650093,  0.60030503,  0.72579423, ...,  0.        ,
         -0.07755688, -0.07755688],
        [ 0.55279546,  0.66052463,  0.77696039, ...,  0.07755688,
          0.        ,  0.        ],
        [ 0.55279546,  0.66052463,  0.77696039, ...,  0.07755688,
          0.        ,  0.        ]],

       [[ 0.        , -0.37299907, -0.47254154, ...,  0.65740305,
         -0.1901317 , -0.52856991],
        [ 0.37299907,  0.        , -0.10971181, ...,  0.8910288 ,
          0.18978483, -0.17378882],
        [ 0.47254154,  0.10971181,  0.        , ...,  0.93545337,
          0.29635705, -0.06469742],
        ...,
        [-0.65740305, -0.8910288 , -0.93545337, ...,  0.        ,
         -0.78868277, -0.95636084],
        [ 0.1901317 , -0.18978483, -0.29635705, ...,  0.78868277,
          0.        , -0.35752719],
        [ 0.52856991,  0.17378882,  0.06469742, ...,  0.95636084,
          0.35752719,  0.        ]],

       [[ 0.        , -0.07905685, -0.1159044 , ..., -0.97078439,
         -0.91431319, -0.88858052],
        [ 0.07905685,  0.        , -0.0370176 , ..., -0.94877598,
         -0.87943284, -0.84953435],
        [ 0.1159044 ,  0.0370176 ,  0.        , ..., -0.93643   ,
         -0.86120886, -0.82942407],
        ...,
        [ 0.97078439,  0.94877598,  0.93643   , ...,  0.        ,
          0.17378272,  0.2321009 ],
        [ 0.91431319,  0.87943284,  0.86120886, ..., -0.17378272,
          0.        ,  0.05953225],
        [ 0.88858052,  0.84953435,  0.82942407, ..., -0.2321009 ,
         -0.05953225,  0.        ]],

       ...,

       [[ 0.        ,  0.27466931,  0.53147216, ...,  0.9882839 ,
          0.95608097,  0.93415287],
        [-0.27466931,  0.        ,  0.27836536, ...,  0.90835138,
          0.83880259,  0.99624627],
        [-0.53147216, -0.27836536,  0.        , ...,  0.75603446,
          0.6540971 ,  0.98096638],
        ...,
        [-0.9882839 , -0.90835138, -0.75603446, ...,  0.        ,
         -0.14374511,  0.49526869],
        [-0.95608097, -0.83880259, -0.6540971 , ...,  0.14374511,
          0.        ,  0.6150023 ],
        [-0.93415287, -0.99624627, -0.98096638, ..., -0.49526869,
         -0.6150023 ,  0.        ]],

       [[ 0.        , -0.07443097, -0.11569838, ..., -0.87741317,
         -0.78057196, -0.66521116],
        [ 0.07443097,  0.        , -0.04144632, ..., -0.91068656,
         -0.82493105, -0.71894025],
        [ 0.11569838,  0.04144632,  0.        , ..., -0.92702543,
         -0.84764906, -0.74713066],
        ...,
        [ 0.87741317,  0.91068656,  0.92702543, ...,  0.        ,
         -0.17397302, -0.3359998 ],
        [ 0.78057196,  0.82493105,  0.84764906, ...,  0.17397302,
          0.        , -0.16701735],
        [ 0.66521116,  0.71894025,  0.74713066, ...,  0.3359998 ,
          0.16701735,  0.        ]],

       [[ 0.        , -0.02295605, -0.01599613, ..., -0.63428002,
         -0.65689138, -0.6633007 ],
        [ 0.02295605,  0.        ,  0.0069612 , ..., -0.65186027,
         -0.67402679, -0.68030513],
        [ 0.01599613, -0.0069612 ,  0.        , ..., -0.64656553,
         -0.66886817, -0.67518659],
        ...,
        [ 0.63428002,  0.65186027,  0.64656553, ...,  0.        ,
          0.02960719,  0.03813468],
        [ 0.65689138,  0.67402679,  0.66886817, ..., -0.02960719,
          0.        ,  0.00853231],
        [ 0.6633007 ,  0.68030513,  0.67518659, ..., -0.03813468,
         -0.00853231,  0.        ]]]), 'num': array([ 9.69353068e-01,  2.32662876e-01,  1.44732847e-05, -8.14477002e-08,
        1.44449057e-02,  1.46435586e-02,  1.42746318e-02,  6.80420331e-02,
        1.41894948e-04,  1.43313898e-02,  1.33906263e-02,  1.47731560e-02,
        2.10553794e-05,  1.48841567e-02,  1.18970958e-02])}
{'img': array([[[ 0.        ,  0.16751233,  0.06450144, ..., -0.66052463,
         -0.66052463, -0.61058214],
        [-0.16751233,  0.        , -0.10357346, ..., -0.77696039,
         -0.77696039, -0.73461648],
        [-0.06450144,  0.10357346,  0.        , ..., -0.70757712,
         -0.70757712, -0.66039278],
        ...,
        [ 0.66052463,  0.77696039,  0.70757712, ...,  0.        ,
          0.        ,  0.06467667],
        [ 0.66052463,  0.77696039,  0.70757712, ...,  0.        ,
          0.        ,  0.06467667],
        [ 0.61058214,  0.73461648,  0.66039278, ..., -0.06467667,
         -0.06467667,  0.        ]],

       [[ 0.        , -0.10971181, -0.03019549, ...,  0.18978483,
         -0.17378882, -0.06560736],
        [ 0.10971181,  0.        ,  0.07964857, ...,  0.29635705,
         -0.06469742,  0.04426412],
        [ 0.03019549, -0.07964857,  0.        , ...,  0.21934499,
         -0.14397358, -0.03544701],
        ...,
        [-0.18978483, -0.29635705, -0.21934499, ...,  0.        ,
         -0.35752719, -0.25379093],
        [ 0.17378882,  0.06469742,  0.14397358, ...,  0.35752719,
          0.        ,  0.10880539],
        [ 0.06560736, -0.04426412,  0.03544701, ...,  0.25379093,
         -0.10880539,  0.        ]],

       [[ 0.        , -0.0370176 , -0.00939632, ..., -0.87943284,
         -0.84953435, -0.7886857 ],
        [ 0.0370176 ,  0.        ,  0.02762608, ..., -0.86120886,
         -0.82942407, -0.76538685],
        [ 0.00939632, -0.02762608,  0.        , ..., -0.87492115,
         -0.84453997, -0.78287405],
        ...,
        [ 0.87943284,  0.86120886,  0.87492115, ...,  0.        ,
          0.05953225,  0.16523981],
        [ 0.84953435,  0.82942407,  0.84453997, ..., -0.05953225,
          0.        ,  0.10623286],
        [ 0.7886857 ,  0.76538685,  0.78287405, ..., -0.16523981,
         -0.10623286,  0.        ]],

       ...,

       [[ 0.        ,  0.26615315,  0.28425999, ...,  0.79404711,
          0.95740828,  0.99201189],
        [-0.26615315,  0.        ,  0.01883334, ...,  0.60362358,
          0.84602687,  0.9898045 ],
        [-0.28425999, -0.01883334,  0.        , ...,  0.58850127,
          0.835836  ,  0.98694646],
        ...,
        [-0.79404711, -0.60362358, -0.58850127, ...,  0.        ,
          0.35269535,  0.7031652 ],
        [-0.95740828, -0.84602687, -0.835836  , ..., -0.35269535,
          0.        ,  0.4072028 ],
        [-0.99201189, -0.9898045 , -0.98694646, ..., -0.7031652 ,
         -0.4072028 ,  0.        ]],

       [[ 0.        , -0.04131945, -0.21640088, ..., -0.85253159,
         -0.80970058, -0.71742084],
        [ 0.04131945,  0.        , -0.17587571, ..., -0.87340019,
         -0.83325712, -0.74559293],
        [ 0.21640088,  0.17587571,  0.        , ..., -0.94543799,
         -0.91750779, -0.85117478],
        ...,
        [ 0.85253159,  0.87340019,  0.94543799, ...,  0.        ,
         -0.07709158, -0.2189292 ],
        [ 0.80970058,  0.83325712,  0.91750779, ...,  0.07709158,
          0.        , -0.14305628],
        [ 0.71742084,  0.74559293,  0.85117478, ...,  0.2189292 ,
          0.14305628,  0.        ]],

       [[ 0.        ,  0.0069612 ,  0.148302  , ..., -0.67402679,
         -0.68030513, -0.68537445],
        [-0.0069612 ,  0.        ,  0.14141418, ..., -0.66886817,
         -0.67518659, -0.68028876],
        [-0.148302  , -0.14141418,  0.        , ..., -0.55702178,
         -0.56408757, -0.56980351],
        ...,
        [ 0.67402679,  0.66886817,  0.55702178, ...,  0.        ,
          0.00853231,  0.01547072],
        [ 0.68030513,  0.67518659,  0.56408757, ..., -0.00853231,
          0.        ,  0.00693887],
        [ 0.68537445,  0.68028876,  0.56980351, ..., -0.01547072,
         -0.00693887,  0.        ]]]), 'num': array([ 8.27084497e-01,  5.58625142e-01,  5.35847016e-06,  9.54137220e-08,
        1.22026980e-02,  1.25193348e-02,  1.21661629e-02,  5.20068757e-02,
       -1.94853460e-04,  1.23147387e-02,  1.14853936e-02,  1.26565441e-02,
        1.78788414e-05,  1.27491722e-02,  1.02216151e-02])}
{'img': array([[[ 0.        , -0.10357346, -0.05305355, ..., -0.77696039,
         -0.73461648, -0.80093891],
        [ 0.10357346,  0.        ,  0.05065938, ..., -0.70757712,
         -0.66039278, -0.7346171 ],
        [ 0.05305355, -0.05065938,  0.        , ..., -0.74246633,
         -0.69758598, -0.76804531],
        ...,
        [ 0.77696039,  0.70757712,  0.74246633, ...,  0.        ,
          0.06467667, -0.03902869],
        [ 0.73461648,  0.66039278,  0.69758598, ..., -0.06467667,
          0.        , -0.10357437],
        [ 0.80093891,  0.7346171 ,  0.76804531, ...,  0.03902869,
          0.10357437,  0.        ]],

       [[ 0.        ,  0.07964857, -0.15024524, ..., -0.06469742,
          0.04426412, -0.03095154],
        [-0.07964857,  0.        , -0.22851237, ..., -0.14397358,
         -0.03544701, -0.11046361],
        [ 0.15024524,  0.22851237,  0.        , ...,  0.08596744,
          0.19385965,  0.11957306],
        ...,
        [ 0.06469742,  0.14397358, -0.08596744, ...,  0.        ,
          0.10880539,  0.03377973],
        [-0.04426412,  0.03544701, -0.19385965, ..., -0.10880539,
          0.        , -0.07516411],
        [ 0.03095154,  0.11046361, -0.11957306, ..., -0.03377973,
          0.07516411,  0.        ]],

       [[ 0.        ,  0.02762608,  0.10564266, ..., -0.82942407,
         -0.76538685, -0.75925435],
        [-0.02762608,  0.        ,  0.07813085, ..., -0.84453997,
         -0.78287405, -0.77694345],
        [-0.10564266, -0.07813085,  0.        , ..., -0.88379679,
         -0.82909236, -0.82375729],
        ...,
        [ 0.82942407,  0.84453997,  0.88379679, ...,  0.        ,
          0.10623286,  0.11564995],
        [ 0.76538685,  0.78287405,  0.82909236, ..., -0.10623286,
          0.        ,  0.00947548],
        [ 0.75925435,  0.77694345,  0.82375729, ..., -0.11564995,
         -0.00947548,  0.        ]],

       ...,

       [[ 0.        ,  0.01883334,  0.07567175, ...,  0.84602687,
          0.9898045 ,  0.93060527],
        [-0.01883334,  0.        ,  0.05687899, ...,  0.835836  ,
          0.98694646,  0.92354675],
        [-0.07567175, -0.05687899,  0.        , ...,  0.80325747,
          0.97618839,  0.90023932],
        ...,
        [-0.84602687, -0.835836  , -0.80325747, ...,  0.        ,
          0.4072028 ,  0.18647669],
        [-0.9898045 , -0.98694646, -0.97618839, ..., -0.4072028 ,
          0.        , -0.22974401],
        [-0.93060527, -0.92354675, -0.90023932, ..., -0.18647669,
          0.22974401,  0.        ]],

       [[ 0.        , -0.17439224, -0.24029084, ..., -0.8954418 ,
         -0.87673339, -0.74151529],
        [ 0.17439224,  0.        , -0.06732598, ..., -0.95935598,
         -0.94717716, -0.84715853],
        [ 0.24029084,  0.06732598,  0.        , ..., -0.97617853,
         -0.96662022, -0.88100935],
        ...,
        [ 0.8954418 ,  0.95935598,  0.97617853, ...,  0.        ,
         -0.04038367, -0.27067737],
        [ 0.87673339,  0.94717716,  0.96662022, ...,  0.04038367,
          0.        , -0.23158042],
        [ 0.74151529,  0.84715853,  0.88100935, ...,  0.27067737,
          0.23158042,  0.        ]],

       [[ 0.        ,  0.14141418,  0.22543689, ..., -0.67518659,
         -0.68028876, -0.69181414],
        [-0.14141418,  0.        ,  0.0853975 , ..., -0.56408757,
         -0.56980351, -0.58275003],
        [-0.22543689, -0.0853975 ,  0.        , ..., -0.49151294,
         -0.49754396, -0.51122282],
        ...,
        [ 0.67518659,  0.56408757,  0.49151294, ...,  0.        ,
          0.00693887,  0.02277884],
        [ 0.68028876,  0.56980351,  0.49754396, ..., -0.00693887,
          0.        ,  0.01584123],
        [ 0.69181414,  0.58275003,  0.51122282, ..., -0.02277884,
         -0.01584123,  0.        ]]]), 'num': array([ 9.51649165e-01,  1.19660268e-01,  1.60615617e-05, -3.63827200e-08,
        1.41015067e-02,  1.46731894e-02,  1.36931619e-02,  2.80272346e-01,
        4.62790761e-04,  1.38074985e-02,  1.28621803e-02,  1.41237388e-02,
        2.00084137e-05,  1.43442831e-02,  1.13800774e-02])}
{'img': array([[[ 0.        ,  0.05065938, -0.08013498, ..., -0.66039278,
         -0.7346171 , -0.56887525],
        [-0.05065938,  0.        , -0.13052854, ..., -0.69758598,
         -0.76804531, -0.60980828],
        [ 0.08013498,  0.13052854,  0.        , ..., -0.59809398,
         -0.67788445, -0.50114084],
        ...,
        [ 0.66039278,  0.69758598,  0.59809398, ...,  0.        ,
         -0.10357437,  0.11594276],
        [ 0.7346171 ,  0.76804531,  0.67788445, ...,  0.10357437,
          0.        ,  0.21819504],
