state_0,state_1,state_2,state_3,state_4,state_5,state_6,state_7,state_8,state_9,state_10,state_11,state_12,state_13,state_14,state_15,state_16,state_17,state_18,state_19,state_20,state_21,state_22,state_23,state_24,state_25,state_26,state_27,state_28,state_29,state_30,state_31,state_32,state_33,state_34,state_35,state_36,state_37,state_38,state_39,state_40,state_41,state_42,state_43,state_44,state_45,state_46,state_47,state_48,state_49,state_50,state_51,state_52,state_53,state_54,state_55,state_56,state_57,state_58,state_59,state_60,state_61,state_62,state_63,state_64,state_65,state_66,state_67,state_68,state_69,state_70,state_71,state_72,state_73,state_74,state_75,state_76,state_77,state_78,state_79,state_80,state_81,state_82,state_83,state_84,state_85,state_86,state_87,state_88,state_89,state_90,state_91,state_92,state_93,state_94,state_95,state_96,state_97,state_98,state_99,state_100,state_101,state_102,state_103,state_104,state_105,state_106,state_107,state_108,state_109,state_110,state_111,state_112,state_113,state_114,state_115,state_116,state_117,state_118,state_119,state_120,state_121,state_122,state_123,state_124,state_125,state_126,state_127,state_128,state_129,state_130,state_131,state_132,state_133,state_134,state_135,state_136,state_137,state_138,state_139,state_140,state_141,state_142,state_143,state_144,state_145,state_146,state_147,state_148,state_149,state_150,state_151,state_152,state_153,state_154,state_155,state_156,state_157,state_158,state_159,state_160,state_161,state_162,state_163,state_164,state_165,state_166,state_167,state_168,state_169,state_170,state_171,state_172,state_173,state_174,state_175,state_176,state_177,state_178,state_179,state_180,state_181,state_182,state_183,state_184,state_185,state_186,state_187,state_188,state_189,state_190,state_191,state_192,state_193,state_194,state_195,state_196,state_197,state_198,state_199,state_200,state_201,state_202,state_203,state_204,state_205,state_206,state_207,state_208,state_209,state_210,state_211,state_212,state_213,state_214,state_215,state_216,state_217,state_218,state_219,state_220,state_221,state_222,state_223,state_224,state_225,state_226,state_227,state_228,state_229,state_230,state_231,state_232,state_233,state_234,state_235,state_236,state_237,state_238,state_239,state_240,state_241,state_242,state_243,state_244,state_245,state_246,state_247,state_248,state_249,state_250,state_251,state_252,state_253,state_254,state_255,state_256,state_257,state_258,state_259,state_260,state_261,state_262,state_263,state_264,state_265,state_266,state_267,state_268,state_269,state_270,state_271,state_272,state_273,state_274,state_275,state_276,state_277,state_278,state_279,state_280,state_281,state_282,state_283,state_284,state_285,state_286,state_287
{'img': array([[[ 0.00000000e+00,  0.00000000e+00, -1.10275050e-01, ...,
         -9.48147610e-01, -7.70833194e-01, -9.97390263e-01],
        [ 0.00000000e+00,  0.00000000e+00, -1.10275050e-01, ...,
         -9.48147610e-01, -7.70833194e-01, -9.97390263e-01],
        [ 1.10275050e-01,  1.10275050e-01,  0.00000000e+00, ...,
         -9.77413715e-01, -8.36381257e-01, -9.99269011e-01],
        ...,
        [ 9.48147610e-01,  9.48147610e-01,  9.77413715e-01, ...,
          0.00000000e+00, -3.59010987e-01,  2.48545768e-01],
        [ 7.70833194e-01,  7.70833194e-01,  8.36381257e-01, ...,
          3.59010987e-01,  0.00000000e+00,  5.79721327e-01],
        [ 9.97390263e-01,  9.97390263e-01,  9.99269011e-01, ...,
         -2.48545768e-01, -5.79721327e-01,  0.00000000e+00]],

       [[ 0.00000000e+00, -2.26745481e-01, -1.44498571e-01, ...,
         -1.43682850e-01, -1.31643066e-01, -1.51794981e-01],
        [ 2.26745481e-01,  0.00000000e+00,  8.36308209e-02, ...,
          8.44522278e-02,  9.65578589e-02,  7.62766182e-02],
        [ 1.44498571e-01, -8.36308209e-02,  0.00000000e+00, ...,
          8.24323093e-04,  1.29795528e-02, -7.37777232e-03],
        ...,
        [ 1.43682850e-01, -8.44522278e-02, -8.24323093e-04, ...,
          0.00000000e+00,  1.21552947e-02, -8.20207047e-03],
        [ 1.31643066e-01, -9.65578589e-02, -1.29795528e-02, ...,
         -1.21552947e-02,  0.00000000e+00, -2.03563503e-02],
        [ 1.51794981e-01, -7.62766182e-02,  7.37777232e-03, ...,
          8.20207047e-03,  2.03563503e-02,  0.00000000e+00]],

       [[ 0.00000000e+00,  4.38447790e-01, -9.58840693e-02, ...,
         -7.55492421e-01, -6.13675023e-01, -4.38447790e-01],
        [-4.38447790e-01,  0.00000000e+00, -5.22604092e-01, ...,
         -3.91751537e-01, -2.05364241e-01, -0.00000000e+00],
        [ 9.58840693e-02,  5.22604092e-01,  0.00000000e+00, ...,
         -8.14830652e-01, -6.86553623e-01, -5.22604092e-01],
        ...,
        [ 7.55492421e-01,  3.91751537e-01,  8.14830652e-01, ...,
          0.00000000e+00, -1.94451901e-01, -3.91751537e-01],
        [ 6.13675023e-01,  2.05364241e-01,  6.86553623e-01, ...,
          1.94451901e-01,  0.00000000e+00, -2.05364241e-01],
        [ 4.38447790e-01,  0.00000000e+00,  5.22604092e-01, ...,
          3.91751537e-01,  2.05364241e-01,  0.00000000e+00]],

       ...,

       [[ 0.00000000e+00,  5.35906169e-03, -7.72167602e-02, ...,
         -9.99999999e-01, -9.94748881e-01, -9.73319014e-01],
        [-5.35906169e-03,  0.00000000e+00, -8.25587127e-02, ...,
         -9.99985893e-01, -9.94186119e-01, -9.72075368e-01],
        [ 7.72167602e-02,  8.25587127e-02,  0.00000000e+00, ...,
         -9.97010665e-01, -9.99681699e-01, -9.88130859e-01],
        ...,
        [ 9.99999999e-01,  9.99985893e-01,  9.97010665e-01, ...,
          0.00000000e+00, -1.02392988e-01, -2.29502256e-01],
        [ 9.94748881e-01,  9.94186119e-01,  9.99681699e-01, ...,
          1.02392988e-01,  0.00000000e+00, -1.28636071e-01],
        [ 9.73319014e-01,  9.72075368e-01,  9.88130859e-01, ...,
          2.29502256e-01,  1.28636071e-01,  0.00000000e+00]],

       [[ 0.00000000e+00, -4.55428454e-02,  1.92021295e-02, ...,
          7.05469665e-01,  9.19251046e-01,  7.59970225e-01],
        [ 4.55428454e-02,  0.00000000e+00,  6.47166534e-02, ...,
          7.37015701e-01,  9.36226154e-01,  7.88782601e-01],
        [-1.92021295e-02, -6.47166534e-02,  0.00000000e+00, ...,
          6.91730272e-01,  9.11522219e-01,  7.47349528e-01],
        ...,
        [-7.05469665e-01, -7.37015701e-01, -6.91730272e-01, ...,
          0.00000000e+00,  3.73786555e-01,  8.00958115e-02],
        [-9.19251046e-01, -9.36226154e-01, -9.11522219e-01, ...,
         -3.73786555e-01,  0.00000000e+00, -2.98295596e-01],
        [-7.59970225e-01, -7.88782601e-01, -7.47349528e-01, ...,
         -8.00958115e-02,  2.98295596e-01,  0.00000000e+00]],

       [[ 0.00000000e+00,  1.77910491e-01,  1.84030607e-01, ...,
         -8.64700923e-01, -9.73848556e-01, -9.66937121e-01],
        [-1.77910491e-01,  0.00000000e+00,  6.22283515e-03, ...,
         -9.40268209e-01, -9.98733364e-01, -9.06141430e-01],
        [-1.84030607e-01, -6.22283515e-03,  0.00000000e+00, ...,
         -9.42368472e-01, -9.99027132e-01, -9.03491783e-01],
        ...,
        [ 8.64700923e-01,  9.40268209e-01,  9.42368472e-01, ...,
          0.00000000e+00, -2.92693121e-01, -7.06191654e-01],
        [ 9.73848556e-01,  9.98733364e-01,  9.99027132e-01, ...,
          2.92693121e-01,  0.00000000e+00, -4.68032205e-01],
        [ 9.66937121e-01,  9.06141430e-01,  9.03491783e-01, ...,
          7.06191654e-01,  4.68032205e-01,  0.00000000e+00]]]), 'num': array([7.06930848e-01, 7.06930848e-01, 0.00000000e+00, 0.00000000e+00,
       3.56886057e-04, 3.68288168e-04, 3.36362258e-04, 2.22739087e-02,
       6.84126627e-06, 3.42975482e-04, 4.50326352e-04, 4.96105826e-04,
       3.02328686e-07, 6.47065431e-04, 2.53587273e-04])}
{'img': array([[[ 0.        , -0.11027505, -0.01906895, ..., -0.77083319,
         -0.99739026, -0.99999974],
        [ 0.11027505,  0.        ,  0.09130234, ..., -0.83638126,
         -0.99926901, -0.99382076],
        [ 0.01906895, -0.09130234,  0.        , ..., -0.78284066,
         -0.99858566, -0.99980406],
        ...,
        [ 0.77083319,  0.83638126,  0.78284066, ...,  0.        ,
          0.57972133,  0.63759665],
        [ 0.99739026,  0.99926901,  0.99858566, ..., -0.57972133,
          0.        ,  0.07292307],
        [ 0.99999974,  0.99382076,  0.99980406, ..., -0.63759665,
         -0.07292307,  0.        ]],

       [[ 0.        ,  0.08363082,  0.57663314, ...,  0.09655786,
          0.07627662,  0.06516349],
        [-0.08363082,  0.        ,  0.50628644, ...,  0.01297955,
         -0.00737777, -0.01851786],
        [-0.57663314, -0.50628644,  0.        , ..., -0.49505067,
         -0.51263499, -0.52216879],
        ...,
        [-0.09655786, -0.01297955,  0.49505067, ...,  0.        ,
         -0.02035635, -0.03149363],
        [-0.07627662,  0.00737777,  0.51263499, ...,  0.02035635,
          0.        , -0.01114085],
        [-0.06516349,  0.01851786,  0.52216879, ...,  0.03149363,
          0.01114085,  0.        ]],

       [[ 0.        , -0.52260409, -0.62387075, ..., -0.20536424,
         -0.        , -0.05957552],
        [ 0.52260409,  0.        , -0.12346743, ..., -0.68655362,
         -0.52260409, -0.57246847],
        [ 0.62387075,  0.12346743,  0.        , ..., -0.77107114,
         -0.62387075, -0.66932255],
        ...,
        [ 0.20536424,  0.68655362,  0.77107114, ...,  0.        ,
         -0.20536424, -0.14669377],
        [ 0.        ,  0.52260409,  0.62387075, ...,  0.20536424,
          0.        ,  0.05957552],
        [ 0.05957552,  0.57246847,  0.66932255, ...,  0.14669377,
         -0.05957552,  0.        ]],

       ...,

       [[ 0.        , -0.08255871, -0.06498624, ..., -0.99418612,
         -0.97207537, -0.99536533],
        [ 0.08255871,  0.        ,  0.01761981, ..., -0.9996817 ,
         -0.98813086, -0.98402803],
        [ 0.06498624, -0.01761981,  0.        , ..., -0.99908198,
         -0.9852708 , -0.98701184],
        ...,
        [ 0.99418612,  0.9996817 ,  0.99908198, ...,  0.        ,
         -0.12863607,  0.20278289],
        [ 0.97207537,  0.98813086,  0.9852708 , ...,  0.12863607,
          0.        ,  0.32706164],
        [ 0.99536533,  0.98402803,  0.98701184, ..., -0.20278289,
         -0.32706164,  0.        ]],

       [[ 0.        ,  0.06471665,  0.13456054, ...,  0.93622615,
          0.7887826 ,  0.63134087],
        [-0.06471665,  0.        ,  0.07015038, ...,  0.91152222,
          0.74734953,  0.57982926],
        [-0.13456054, -0.07015038,  0.        , ...,  0.88042722,
          0.69889828,  0.52124663],
        ...,
        [-0.93622615, -0.91152222, -0.88042722, ...,  0.        ,
         -0.2982956 , -0.50419654],
        [-0.7887826 , -0.74734953, -0.69889828, ...,  0.2982956 ,
          0.        , -0.22363748],
        [-0.63134087, -0.57982926, -0.52124663, ...,  0.50419654,
          0.22363748,  0.        ]],

       [[ 0.        ,  0.00602583,  0.07228574, ..., -0.98379733,
         -0.99931212, -0.89349371],
        [-0.00602583,  0.        ,  0.06627436, ..., -0.9848598 ,
         -0.99907051, -0.89077144],
        [-0.07228574, -0.06627436,  0.        , ..., -0.99418337,
         -0.99401718, -0.85869453],
        ...,
        [ 0.98379733,  0.9848598 ,  0.99418337, ...,  0.        ,
         -0.21564484, -0.60198877],
        [ 0.99931212,  0.99907051,  0.99401718, ...,  0.21564484,
          0.        , -0.41563171],
        [ 0.89349371,  0.89077144,  0.85869453, ...,  0.60198877,
          0.41563171,  0.        ]]]), 'num': array([ 9.99614476e-01,  2.62273153e-04,  6.03838189e-05, -4.32858917e-10,
        5.04723335e-04,  5.07773022e-04,  4.75751300e-04,  2.77173622e-02,
        2.74471904e-05,  4.64772424e-04,  5.91486953e-04,  6.59088367e-04,
        6.16921582e-07,  8.52070063e-04,  3.30903844e-04])}
{'img': array([[[ 0.        ,  0.09130234,  0.12951053, ..., -0.99926901,
         -0.99382076, -0.95533663],
        [-0.09130234,  0.        ,  0.0384362 , ..., -0.99858566,
         -0.99980406, -0.97832804],
        [-0.12951053, -0.0384362 ,  0.        , ..., -0.99580425,
         -0.99982611, -0.98556375],
        ...,
        [ 0.99926901,  0.99858566,  0.99580425, ...,  0.        ,
          0.07292307,  0.25878235],
        [ 0.99382076,  0.99980406,  0.99982611, ..., -0.07292307,
          0.        ,  0.18765437],
        [ 0.95533663,  0.97832804,  0.98556375, ..., -0.25878235,
         -0.18765437,  0.        ]],

       [[ 0.        ,  0.50628644, -0.16807075, ..., -0.00737777,
         -0.01851786, -0.04047117],
        [-0.50628644,  0.        , -0.64402288, ..., -0.51263499,
         -0.52216879, -0.54077257],
        [ 0.16807075,  0.64402288,  0.        , ...,  0.16079336,
          0.14978749,  0.12803759],
        ...,
        [ 0.00737777,  0.51263499, -0.16079336, ...,  0.        ,
         -0.01114085, -0.03309834],
        [ 0.01851786,  0.52216879, -0.14978749, ...,  0.01114085,
          0.        , -0.02196154],
        [ 0.04047117,  0.54077257, -0.12803759, ...,  0.03309834,
          0.02196154,  0.        ]],

       [[ 0.        , -0.12662333, -0.13522067, ..., -0.50887819,
         -0.55936934, -0.72323981],
        [ 0.12662333,  0.        , -0.0086719 , ..., -0.61378441,
         -0.65982733, -0.80486405],
        [ 0.13522067,  0.0086719 ,  0.        , ..., -0.62060757,
         -0.66631874, -0.80998021],
        ...,
        [ 0.50887819,  0.61378441,  0.62060757, ...,  0.        ,
          0.05970812,  0.27116296],
        [ 0.55936934,  0.65982733,  0.66631874, ..., -0.05970812,
          0.        ,  0.21320811],
        [ 0.72323981,  0.80486405,  0.80998021, ..., -0.27116296,
         -0.21320811,  0.        ]],

       ...,

       [[ 0.        ,  0.01761981,  0.17190482, ..., -0.98813086,
         -0.98402803, -0.86139542],
        [-0.01761981,  0.        ,  0.15452062, ..., -0.9852708 ,
         -0.98701184, -0.87021141],
        [-0.17190482, -0.15452062,  0.        , ..., -0.94701405,
         -0.99998075, -0.93588878],
        ...,
        [ 0.98813086,  0.9852708 ,  0.94701405, ...,  0.        ,
          0.32706164,  0.63422902],
        [ 0.98402803,  0.98701184,  0.99998075, ..., -0.32706164,
          0.        ,  0.34648219],
        [ 0.86139542,  0.87021141,  0.93588878, ..., -0.63422902,
         -0.34648219,  0.        ]],

       [[ 0.        ,  0.07015038,  0.15430948, ...,  0.74734953,
          0.57982926,  0.3091745 ],
        [-0.07015038,  0.        ,  0.08461917, ...,  0.69889828,
          0.52124663,  0.24169944],
        [-0.15430948, -0.08461917,  0.        , ...,  0.63587018,
          0.44716259,  0.15872224],
        ...,
        [-0.74734953, -0.69889828, -0.63587018, ...,  0.        ,
         -0.22363748, -0.50530823],
        [-0.57982926, -0.52124663, -0.44716259, ...,  0.22363748,
          0.        , -0.2995245 ],
        [-0.3091745 , -0.24169944, -0.15872224, ...,  0.50530823,
          0.2995245 ,  0.        ]],

       [[ 0.        ,  0.06516303,  0.11875182, ..., -0.99900522,
         -0.9855761 , -0.88370474],
        [-0.06516303,  0.        ,  0.0537975 , ..., -0.99978781,
         -0.97245366, -0.85132733],
        [-0.11875182, -0.0537975 ,  0.        , ..., -0.99723177,
         -0.95850542, -0.82187045],
        ...,
        [ 0.99900522,  0.99978781,  0.99723177, ...,  0.        ,
         -0.21301466, -0.50698657],
        [ 0.9855761 ,  0.97245366,  0.95850542, ...,  0.21301466,
          0.        , -0.31174189],
        [ 0.88370474,  0.85132733,  0.82187045, ...,  0.50698657,
          0.31174189,  0.        ]]]), 'num': array([ 7.58528253e-01,  6.51314128e-01,  6.51757601e-06,  1.29545708e-07,
        3.81544930e-04,  4.00100307e-04,  3.72267242e-04,  2.05745494e-02,
       -2.31942207e-06,  3.62293727e-04,  4.41444005e-04,  4.98134546e-04,
        4.65641552e-07,  6.36209558e-04,  2.46678452e-04])}
{'img': array([[[ 0.        ,  0.0384362 , -0.04645304, ..., -0.99980406,
         -0.97832804, -0.98215608],
        [-0.0384362 ,  0.        , -0.08481342, ..., -0.99982611,
         -0.98556375, -0.98865893],
        [ 0.04645304,  0.08481342,  0.        , ..., -0.99780521,
         -0.9676533 , -0.9723595 ],
        ...,
        [ 0.99980406,  0.99982611,  0.99780521, ...,  0.        ,
          0.18765437,  0.16858899],
        [ 0.97832804,  0.98556375,  0.9676533 , ..., -0.18765437,
          0.        , -0.01937434],
        [ 0.98215608,  0.98865893,  0.9723595 , ..., -0.16858899,
          0.01937434,  0.        ]],

       [[ 0.        , -0.64402288, -0.63761193, ..., -0.52216879,
         -0.54077257, -0.54689909],
        [ 0.64402288,  0.        ,  0.0083509 , ...,  0.14978749,
          0.12803759,  0.1207938 ],
        [ 0.63761193, -0.0083509 ,  0.        , ...,  0.14152558,
          0.11975096,  0.11249984],
        ...,
        [ 0.52216879, -0.14978749, -0.14152558, ...,  0.        ,
         -0.02196154, -0.02925966],
        [ 0.54077257, -0.12803759, -0.11975096, ...,  0.02196154,
          0.        , -0.00730047],
        [ 0.54689909, -0.1207938 , -0.11249984, ...,  0.02925966,
          0.00730047,  0.        ]],

       [[ 0.        , -0.0086719 , -0.02854348, ..., -0.65982733,
         -0.80486405, -0.90174954],
        [ 0.0086719 ,  0.        , -0.01987404, ..., -0.66631874,
         -0.80998021, -0.90546414],
        [ 0.02854348,  0.01987404,  0.        , ..., -0.68100655,
         -0.8214755 , -0.9137203 ],
        ...,
        [ 0.65982733,  0.66631874,  0.68100655, ...,  0.        ,
          0.21320811,  0.39237392],
        [ 0.80486405,  0.80998021,  0.8214755 , ..., -0.21320811,
          0.        ,  0.18724194],
        [ 0.90174954,  0.90546414,  0.9137203 , ..., -0.39237392,
         -0.18724194,  0.        ]],

       ...,

       [[ 0.        ,  0.15452062,  0.10247039, ..., -0.98701184,
         -0.87021141, -0.8731413 ],
        [-0.15452062,  0.        , -0.05246755, ..., -0.99998075,
         -0.93588878, -0.93797823],
        [-0.10247039,  0.05246755,  0.        , ..., -0.99827788,
         -0.91611562, -0.91849609],
        ...,
        [ 0.98701184,  0.99998075,  0.99827788, ...,  0.        ,
          0.34648219,  0.34086789],
        [ 0.87021141,  0.93588878,  0.91611562, ..., -0.34648219,
          0.        , -0.00597843],
        [ 0.8731413 ,  0.93797823,  0.91849609, ..., -0.34086789,
          0.00597843,  0.        ]],

       [[ 0.        ,  0.08461917,  0.12294959, ...,  0.52124663,
          0.24169944, -0.0277921 ],
        [-0.08461917,  0.        ,  0.03853146, ...,  0.44716259,
          0.15872224, -0.1122789 ],
        [-0.12294959, -0.03853146,  0.        , ...,  0.41236595,
          0.12056137, -0.15048334],
        ...,
        [-0.52124663, -0.44716259, -0.41236595, ...,  0.        ,
         -0.2995245 , -0.54476323],
        [-0.24169944, -0.15872224, -0.12056137, ...,  0.2995245 ,
          0.        , -0.26857417],
        [ 0.0277921 ,  0.1122789 ,  0.15048334, ...,  0.54476323,
          0.26857417,  0.        ]],

       [[ 0.        ,  0.05312045,  0.11935518, ..., -0.99007871,
         -0.96017746, -0.84555146],
        [-0.05312045,  0.        ,  0.06644594, ..., -0.98121667,
         -0.94398043, -0.81599695],
        [-0.11935518, -0.06644594,  0.        , ..., -0.9662302 ,
         -0.919967  , -0.77578413],
        ...,
        [ 0.99007871,  0.98121667,  0.9662302 , ...,  0.        ,
         -0.1417007 , -0.40978532],
        [ 0.96017746,  0.94398043,  0.919967  , ...,  0.1417007 ,
          0.        , -0.27639357],
        [ 0.84555146,  0.81599695,  0.77578413, ...,  0.40978532,
          0.27639357,  0.        ]]]), 'num': array([ 9.99297845e-01,  4.30723458e-04,  6.48615014e-05,  1.78940643e-07,
        5.02701118e-04,  5.48401220e-04,  4.97804678e-04,  3.74275998e-02,
       -3.42750762e-05,  5.18369724e-04,  6.06832064e-04,  6.95811250e-04,
        6.31414334e-07,  8.73873575e-04,  3.39790552e-04])}
{'img': array([[[ 0.        , -0.08481342, -0.29409356, ..., -0.98556375,
         -0.98865893, -0.99688333],
        [ 0.08481342,  0.        , -0.21197121, ..., -0.9676533 ,
         -0.9723595 , -0.99998234],
        [ 0.29409356,  0.21197121,  0.        , ..., -0.89218737,
         -0.90077062, -0.97599883],
        ...,
        [ 0.98556375,  0.9676533 ,  0.89218737, ...,  0.        ,
         -0.01937434, -0.24652821],
        [ 0.98865893,  0.9723595 ,  0.90077062, ...,  0.01937434,
          0.        , -0.22770557],
        [ 0.99688333,  0.99998234,  0.97599883, ...,  0.24652821,
          0.22770557,  0.        ]],

       [[ 0.        ,  0.0083509 ,  0.04508066, ...,  0.12803759,
          0.1207938 ,  0.19974451],
        [-0.0083509 ,  0.        ,  0.03673668, ...,  0.11975096,
          0.11249984,  0.19155493],
        [-0.04508066, -0.03673668,  0.        , ...,  0.08319781,
          0.07592044,  0.15536925],
        ...,
        [-0.12803759, -0.11975096, -0.08319781, ...,  0.        ,
         -0.00730047,  0.07264309],
        [-0.1207938 , -0.11249984, -0.07592044, ...,  0.00730047,
          0.        ,  0.07992234],
        [-0.19974451, -0.19155493, -0.15536925, ..., -0.07264309,
         -0.07992234,  0.        ]],

       [[ 0.        , -0.01987404, -0.10511726, ..., -0.80998021,
         -0.90546414, -0.94163454],
        [ 0.01987404,  0.        , -0.08533257, ..., -0.8214755 ,
         -0.9137203 , -0.94813889],
        [ 0.10511726,  0.08533257,  0.        , ..., -0.86713956,
         -0.94506188, -0.97180407],
        ...,
        [ 0.80998021,  0.8214755 ,  0.86713956, ...,  0.        ,
          0.18724194,  0.27955914],
        [ 0.90546414,  0.9137203 ,  0.94506188, ..., -0.18724194,
          0.        ,  0.0948385 ],
        [ 0.94163454,  0.94813889,  0.97180407, ..., -0.27955914,
         -0.0948385 ,  0.        ]],

       ...,

       [[ 0.        , -0.05246755, -0.23437741, ..., -0.93588878,
         -0.93797823, -0.94770658],
        [ 0.05246755,  0.        , -0.18304848, ..., -0.91611562,
         -0.91849609, -0.92965659],
        [ 0.23437741,  0.18304848,  0.        , ..., -0.8272501 ,
         -0.8305942 , -0.84650896],
        ...,
        [ 0.93588878,  0.91611562,  0.8272501 , ...,  0.        ,
         -0.00597843, -0.03519054],
        [ 0.93797823,  0.91849609,  0.8305942 , ...,  0.00597843,
          0.        , -0.02921518],
        [ 0.94770658,  0.92965659,  0.84650896, ...,  0.03519054,
          0.02921518,  0.        ]],

       [[ 0.        ,  0.03853146,  0.04082547, ...,  0.15872224,
         -0.1122789 , -0.40521357],
        [-0.03853146,  0.        ,  0.00229582, ...,  0.12056137,
         -0.15048334, -0.44013896],
        [-0.04082547, -0.00229582,  0.        , ...,  0.11828198,
         -0.15275261, -0.44219928],
        ...,
        [-0.15872224, -0.12056137, -0.11828198, ...,  0.        ,
         -0.26857417, -0.54518416],
        [ 0.1122789 ,  0.15048334,  0.15275261, ...,  0.26857417,
          0.        , -0.30000345],
        [ 0.40521357,  0.44013896,  0.44219928, ...,  0.54518416,
          0.30000345,  0.        ]],

       [[ 0.        ,  0.0656154 ,  0.10077257, ..., -0.97402518,
         -0.94190408, -0.80993482],
        [-0.0656154 ,  0.        ,  0.03527402, ..., -0.95706821,
         -0.91783523, -0.76970466],
        [-0.10077257, -0.03527402,  0.        , ..., -0.94624798,
         -0.90326161, -0.74670672],
        ...,
        [ 0.97402518,  0.95706821,  0.94624798, ...,  0.        ,
         -0.11387302, -0.38788374],
        [ 0.94190408,  0.91783523,  0.90326161, ...,  0.11387302,
          0.        , -0.28040297],
        [ 0.80993482,  0.76970466,  0.74670672, ...,  0.38788374,
          0.28040297,  0.        ]]]), 'num': array([ 7.06927409e-01,  7.06927409e-01,  0.00000000e+00, -3.26249240e-08,
        3.50424942e-04,  3.59677085e-04,  3.38859762e-04,  2.24931872e-02,
       -5.78258980e-06,  3.66384890e-04,  4.19411238e-04,  4.89149271e-04,
        6.77297811e-07,  6.01440368e-04,  2.37382108e-04])}
{'img': array([[[ 0.        , -0.21197121, -0.05376502, ..., -0.9723595 ,
         -0.99998234, -0.99821017],
        [ 0.21197121,  0.        ,  0.15912135, ..., -0.90077062,
         -0.97599883, -0.98820338],
        [ 0.05376502, -0.15912135,  0.        , ..., -0.95839957,
         -0.99821643, -0.99998171],
        ...,
        [ 0.9723595 ,  0.90077062,  0.95839957, ...,  0.        ,
         -0.22770557, -0.29122137],
        [ 0.99998234,  0.97599883,  0.99821643, ...,  0.22770557,
          0.        , -0.06573517],
        [ 0.99821017,  0.98820338,  0.99998171, ...,  0.29122137,
          0.06573517,  0.        ]],

       [[ 0.        ,  0.03673668,  0.62696272, ...,  0.11249984,
          0.19155493,  0.14018259],
        [-0.03673668,  0.        ,  0.59791983, ...,  0.07592044,
          0.15536925,  0.10371404],
        [-0.62696272, -0.59791983,  0.        , ..., -0.53533969,
         -0.46612184, -0.51156274],
        ...,
        [-0.11249984, -0.07592044,  0.53533969, ...,  0.        ,
          0.07992234,  0.0279037 ],
        [-0.19155493, -0.15536925,  0.46612184, ..., -0.07992234,
          0.        , -0.05207678],
        [-0.14018259, -0.10371404,  0.51156274, ..., -0.0279037 ,
          0.05207678,  0.        ]],

       [[ 0.        , -0.08533257, -0.08786991, ..., -0.9137203 ,
         -0.94813889, -0.94371903],
        [ 0.08533257,  0.        , -0.00254691, ..., -0.94506188,
         -0.97180407, -0.96850043],
        [ 0.08786991,  0.00254691,  0.        , ..., -0.94589138,
         -0.97240146, -0.9691315 ],
        ...,
        [ 0.9137203 ,  0.94506188,  0.94589138, ...,  0.        ,
          0.0948385 ,  0.08126291],
        [ 0.94813889,  0.97180407,  0.97240146, ..., -0.0948385 ,
          0.        , -0.01362821],
        [ 0.94371903,  0.96850043,  0.9691315 , ..., -0.08126291,
          0.01362821,  0.        ]],

       ...,

       [[ 0.        , -0.18304848, -0.14716772, ..., -0.91849609,
         -0.92965659, -0.75577424],
        [ 0.18304848,  0.        ,  0.03637421, ..., -0.8305942 ,
         -0.84650896, -0.62313855],
        [ 0.14716772, -0.03637421,  0.        , ..., -0.85030055,
         -0.86531347, -0.65117487],
        ...,
        [ 0.91849609,  0.8305942 ,  0.85030055, ...,  0.        ,
         -0.02921518,  0.30260501],
        [ 0.92965659,  0.84650896,  0.86531347, ...,  0.02921518,
          0.        ,  0.3303213 ],
        [ 0.75577424,  0.62313855,  0.65117487, ..., -0.30260501,
         -0.3303213 ,  0.        ]],

       [[ 0.        ,  0.00229582,  0.02935656, ..., -0.15048334,
         -0.44013896, -0.71318768],
        [-0.00229582,  0.        ,  0.02706165, ..., -0.15275261,
         -0.44219928, -0.71479511],
        [-0.02935656, -0.02706165,  0.        , ..., -0.17944074,
         -0.46630939, -0.73345846],
        ...,
        [ 0.15048334,  0.15275261,  0.17944074, ...,  0.        ,
         -0.30000345, -0.59958151],
        [ 0.44013896,  0.44219928,  0.46630939, ...,  0.30000345,
          0.        , -0.33186679],
        [ 0.71318768,  0.71479511,  0.73345846, ...,  0.59958151,
          0.33186679,  0.        ]],

       [[ 0.        ,  0.03499969,  0.08442966, ..., -0.94436061,
         -0.89094174, -0.76583115],
        [-0.03499969,  0.        ,  0.04950321, ..., -0.93227021,
         -0.87450191, -0.74285568],
        [-0.08442966, -0.04950321,  0.        , ..., -0.91321879,
         -0.84941959, -0.70880491],
        ...,
        [ 0.94436061,  0.93227021,  0.91321879, ...,  0.        ,
         -0.13580944, -0.35537229],
        [ 0.89094174,  0.87450191,  0.84941959, ...,  0.13580944,
          0.        , -0.2251353 ],
        [ 0.76583115,  0.74285568,  0.70880491, ...,  0.35537229,
          0.2251353 ,  0.        ]]]), 'num': array([ 9.26515290e-01,  3.75955194e-01,  3.72000065e-05, -4.36216936e-08,
        4.55008344e-04,  4.76529009e-04,  4.44248011e-04,  1.49950767e-02,
       -1.07603325e-05,  4.81755456e-04,  5.40860425e-04,  6.45030691e-04,
        9.58483395e-07,  7.62203612e-04,  3.19517238e-04])}
{'img': array([[[ 0.        ,  0.15912135,  0.3128677 , ..., -0.97599883,
         -0.98820338, -0.9988514 ],
        [-0.15912135,  0.        ,  0.15774852, ..., -0.99821643,
         -0.99998171, -0.99374942],
        [-0.3128677 , -0.15774852,  0.        , ..., -0.99513549,
         -0.98650716, -0.96369694],
        ...,
        [ 0.97599883,  0.99821643,  0.99513549, ...,  0.        ,
         -0.06573517, -0.1707603 ],
        [ 0.98820338,  0.99998171,  0.98650716, ...,  0.06573517,
          0.        , -0.10562127],
        [ 0.9988514 ,  0.99374942,  0.96369694, ...,  0.1707603 ,
          0.10562127,  0.        ]],

       [[ 0.        ,  0.59791983,  0.0775335 , ...,  0.15536925,
          0.10371404, -0.09485223],
        [-0.59791983,  0.        , -0.5339725 , ..., -0.46612184,
         -0.51156274, -0.67125339],
        [-0.0775335 ,  0.5339725 ,  0.        , ...,  0.07830957,
          0.02628646, -0.17175063],
        ...,
        [-0.15536925,  0.46612184, -0.07830957, ...,  0.        ,
         -0.05207678, -0.24836913],
        [-0.10371404,  0.51156274, -0.02628646, ...,  0.05207678,
          0.        , -0.19758714],
        [ 0.09485223,  0.67125339,  0.17175063, ...,  0.24836913,
          0.19758714,  0.        ]],

       [[ 0.        , -0.00254691,  0.01283525, ..., -0.97180407,
         -0.96850043, -0.95128441],
        [ 0.00254691,  0.        ,  0.01538191, ..., -0.97240146,
         -0.9691315 , -0.95206658],
        [-0.01283525, -0.01538191,  0.        , ..., -0.9686976 ,
         -0.96522452, -0.94724875],
        ...,
        [ 0.97180407,  0.97240146,  0.9686976 , ...,  0.        ,
         -0.01362821, -0.07531831],
        [ 0.96850043,  0.9691315 ,  0.96522452, ...,  0.01362821,
          0.        , -0.06172182],
        [ 0.95128441,  0.95206658,  0.94724875, ...,  0.07531831,
          0.06172182,  0.        ]],

       ...,

       [[ 0.        ,  0.03637421,  0.1308635 , ..., -0.84650896,
         -0.62313855, -0.57923544],
        [-0.03637421,  0.        ,  0.09471549, ..., -0.86531347,
         -0.65117487, -0.60850293],
        [-0.1308635 , -0.09471549,  0.        , ..., -0.9088977 ,
         -0.72012965, -0.68092897],
        ...,
        [ 0.84650896,  0.86531347,  0.9088977 , ...,  0.        ,
          0.3303213 ,  0.38167033],
        [ 0.62313855,  0.65117487,  0.72012965, ..., -0.3303213 ,
          0.        ,  0.05493112],
        [ 0.57923544,  0.60850293,  0.68092897, ..., -0.38167033,
         -0.05493112,  0.        ]],

       [[ 0.        ,  0.02706165,  0.09955755, ..., -0.44219928,
         -0.71479511, -0.98601522],
        [-0.02706165,  0.        ,  0.07259389, ..., -0.46630939,
         -0.73345846, -0.99016407],
        [-0.09955755, -0.07259389,  0.        , ..., -0.52929719,
         -0.78086784, -0.9977083 ],
        ...,
        [ 0.44219928,  0.46630939,  0.52929719, ...,  0.        ,
         -0.33186679, -0.81067879],
        [ 0.71479511,  0.73345846,  0.78086784, ...,  0.33186679,
          0.        , -0.57042951],
        [ 0.98601522,  0.99016407,  0.9977083 , ...,  0.81067879,
          0.57042951,  0.        ]],

       [[ 0.        ,  0.04950321,  0.09527878, ..., -0.87450191,
         -0.74285568, -0.86804747],
        [-0.04950321,  0.        ,  0.04588396, ..., -0.84941959,
         -0.70880491, -0.84240579],
        [-0.09527878, -0.04588396,  0.        , ..., -0.82431116,
         -0.67569162, -0.81679427],
        ...,
        [ 0.87450191,  0.84941959,  0.82431116, ...,  0.        ,
         -0.2251353 , -0.01315159],
        [ 0.74285568,  0.70880491,  0.67569162, ...,  0.2251353 ,
          0.        ,  0.21230187],
        [ 0.86804747,  0.84240579,  0.81679427, ...,  0.01315159,
         -0.21230187,  0.        ]]]), 'num': array([ 9.99374036e-01,  6.60573924e-05,  6.36501897e-05, -8.72408766e-08,
        4.90819243e-04,  5.11139785e-04,  4.65809345e-04,  3.53442063e-02,
        2.81361349e-05,  4.84566768e-04,  5.34899188e-04,  6.51820459e-04,
        1.45073753e-06,  7.31587962e-04,  3.38210414e-04])}
{'img': array([[[ 0.        ,  0.15774852,  0.30325283, ..., -0.99998171,
         -0.99374942, -0.99135392],
        [-0.15774852,  0.        ,  0.14913574, ..., -0.98650716,
         -0.96369694, -0.99964048],
        [-0.30325283, -0.14913574,  0.        , ..., -0.95105856,
         -0.91310064, -0.98446255],
        ...,
        [ 0.99998171,  0.98650716,  0.95105856, ...,  0.        ,
         -0.10562127,  0.13720864],
        [ 0.99374942,  0.96369694,  0.91310064, ...,  0.10562127,
          0.        ,  0.24106348],
        [ 0.99135392,  0.99964048,  0.98446255, ..., -0.13720864,
         -0.24106348,  0.        ]],

       [[ 0.        , -0.5339725 , -0.1169595 , ..., -0.51156274,
         -0.67125339, -0.47015484],
        [ 0.5339725 ,  0.        ,  0.43141821, ...,  0.02628646,
         -0.17175063,  0.07375878],
        [ 0.1169595 , -0.43141821,  0.        , ..., -0.40755475,
         -0.57995272, -0.36370144],
        ...,
        [ 0.51156274, -0.02628646,  0.40755475, ...,  0.        ,
         -0.19758714,  0.04751844],
        [ 0.67125339,  0.17175063,  0.57995272, ...,  0.19758714,
          0.        ,  0.24394556],
        [ 0.47015484, -0.07375878,  0.36370144, ..., -0.04751844,
         -0.24394556,  0.        ]],

       [[ 0.        ,  0.01538191,  0.05764956, ..., -0.9691315 ,
         -0.95206658, -0.92829983],
        [-0.01538191,  0.        ,  0.0422864 , ..., -0.96522452,
         -0.94724875, -0.92247051],
        [-0.05764956, -0.0422864 ,  0.        , ..., -0.95330654,
         -0.9328487 , -0.90531997],
        ...,
        [ 0.9691315 ,  0.96522452,  0.95330654, ...,  0.        ,
         -0.06172182, -0.1314875 ],
        [ 0.95206658,  0.94724875,  0.9328487 , ...,  0.06172182,
          0.        , -0.07005087],
        [ 0.92829983,  0.92247051,  0.90531997, ...,  0.1314875 ,
          0.07005087,  0.        ]],

       ...,

       [[ 0.        ,  0.09471549,  0.10100564, ..., -0.65117487,
         -0.60850293, -0.25224498],
        [-0.09471549,  0.        ,  0.00632045, ..., -0.72012965,
         -0.68092897, -0.3427637 ],
        [-0.10100564, -0.00632045,  0.        , ..., -0.72450064,
         -0.68554415, -0.34869442],
        ...,
        [ 0.65117487,  0.72012965,  0.72450064, ...,  0.        ,
          0.05493112,  0.43868238],
        [ 0.60850293,  0.68092897,  0.68554415, ..., -0.05493112,
          0.        ,  0.38865661],
        [ 0.25224498,  0.3427637 ,  0.34869442, ..., -0.43868238,
         -0.38865661,  0.        ]],

       [[ 0.        ,  0.06646582,  0.18122998, ..., -0.66843666,
         -0.93556905, -0.75421616],
        [-0.06646582,  0.        ,  0.11546403, ..., -0.71639377,
         -0.95697222, -0.70890517],
        [-0.18122998, -0.11546403,  0.        , ..., -0.7921611 ,
         -0.98407697, -0.62272655],
        ...,
        [ 0.66843666,  0.71639377,  0.7921611 , ...,  0.        ,
         -0.45979305, -0.99987569],
        [ 0.93556905,  0.95697222,  0.98407697, ...,  0.45979305,
          0.        , -0.88066593],
        [ 0.75421616,  0.70890517,  0.62272655, ...,  0.99987569,
          0.88066593,  0.        ]],

       [[ 0.        ,  0.04588396,  0.0858846 , ..., -0.70880491,
         -0.84240579, -0.94339784],
        [-0.04588396,  0.        ,  0.04007972, ..., -0.67569162,
         -0.81679427, -0.92718621],
        [-0.0858846 , -0.04007972,  0.        , ..., -0.64560255,
         -0.79301481, -0.91142731],
        ...,
        [ 0.70880491,  0.67569162,  0.64560255, ...,  0.        ,
          0.21230187,  0.43039261],
        [ 0.84240579,  0.81679427,  0.79301481, ..., -0.21230187,
          0.        ,  0.22894889],
        [ 0.94339784,  0.92718621,  0.91142731, ..., -0.43039261,
         -0.22894889,  0.        ]]]), 'num': array([7.06848429e-01, 7.06848429e-01, 0.00000000e+00, 6.53597166e-08,
       3.72085813e-04, 3.82052397e-04, 3.44400857e-04, 2.70078487e-02,
       2.43627616e-05, 3.44843816e-04, 3.70590825e-04, 4.58942749e-04,
       1.24833985e-06, 4.88930773e-04, 2.52250878e-04])}
{'img': array([[[ 0.        ,  0.14913574,  0.47510234, ..., -0.96369694,
         -0.99964048, -0.98054693],
        [-0.14913574,  0.        ,  0.33856005, ..., -0.91310064,
         -0.98446255, -0.99885429],
        [-0.47510234, -0.33856005,  0.        , ..., -0.72113476,
         -0.86687556, -0.95606856],
        ...,
        [ 0.96369694,  0.91310064,  0.72113476, ...,  0.        ,
          0.24106348,  0.45096362],
        [ 0.99964048,  0.98446255,  0.86687556, ..., -0.24106348,
          0.        ,  0.22250505],
        [ 0.98054693,  0.99885429,  0.95606856, ..., -0.45096362,
         -0.22250505,  0.        ]],

       [[ 0.        ,  0.43141821,  0.38352043, ..., -0.17175063,
          0.07375878,  0.09850505],
        [-0.43141821,  0.        ,  0.74442244, ..., -0.57995272,
         -0.36370144, -0.3404535 ],
        [-0.38352043, -0.74442244,  0.        , ..., -0.21920422,
         -0.45059439, -0.4726278 ],
        ...,
        [ 0.17175063,  0.57995272,  0.21920422, ...,  0.        ,
          0.24394556,  0.26795664],
        [-0.07375878,  0.36370144,  0.45059439, ..., -0.24394556,
          0.        ,  0.02483667],
        [-0.09850505,  0.3404535 ,  0.4726278 , ..., -0.26795664,
         -0.02483667,  0.        ]],

       [[ 0.        ,  0.0422864 ,  0.18311538, ..., -0.94724875,
         -0.92247051, -0.93368013],
        [-0.0422864 ,  0.        ,  0.14138019, ..., -0.9328487 ,
         -0.90531997, -0.91770187],
        [-0.18311538, -0.14138019,  0.        , ..., -0.87254378,
         -0.83617794, -0.85231783],
        ...,
        [ 0.94724875,  0.9328487 ,  0.87254378, ...,  0.        ,
         -0.07005087, -0.03997364],
        [ 0.92247051,  0.90531997,  0.83617794, ...,  0.07005087,
          0.        ,  0.03011944],
        [ 0.93368013,  0.91770187,  0.85231783, ...,  0.03997364,
         -0.03011944,  0.        ]],

       ...,

       [[ 0.        ,  0.00632045,  0.10871986, ..., -0.68092897,
         -0.3427637 , -0.10355544],
        [-0.00632045,  0.        ,  0.1024347 , ..., -0.68554415,
         -0.34869442, -0.10983985],
        [-0.10871986, -0.1024347 ,  0.        , ..., -0.75651365,
         -0.44286573, -0.21107696],
        ...,
        [ 0.68092897,  0.68554415,  0.75651365, ...,  0.        ,
          0.38865661,  0.60142931],
        [ 0.3427637 ,  0.34869442,  0.44286573, ..., -0.38865661,
          0.        ,  0.24363866],
        [ 0.10355544,  0.10983985,  0.21107696, ..., -0.60142931,
         -0.24363866,  0.        ]],

       [[ 0.        ,  0.10180397,  0.24899654, ..., -0.86703986,
         -0.99828356, -0.64472804],
        [-0.10180397,  0.        ,  0.14910528, ..., -0.91325782,
         -0.99905917, -0.56355816],
        [-0.24899654, -0.14910528,  0.        , ..., -0.96379163,
         -0.98142463, -0.43408597],
        ...,
        [ 0.86703986,  0.91325782,  0.96379163, ...,  0.        ,
         -0.44660489, -0.98400421],
        [ 0.99828356,  0.99905917,  0.98142463, ...,  0.44660489,
          0.        , -0.80085884],
        [ 0.64472804,  0.56355816,  0.43408597, ...,  0.98400421,
          0.80085884,  0.        ]],

       [[ 0.        ,  0.04007972,  0.14168981, ..., -0.81679427,
         -0.92718621, -0.98204942],
        [-0.04007972,  0.        ,  0.1019006 , ..., -0.79301481,
         -0.91142731, -0.97370034],
        [-0.14168981, -0.1019006 ,  0.        , ..., -0.72680875,
         -0.86475482, -0.94541556],
        ...,
        [ 0.81679427,  0.79301481,  0.72680875, ...,  0.        ,
          0.22894889,  0.412506  ],
        [ 0.92718621,  0.91142731,  0.86475482, ..., -0.22894889,
          0.        ,  0.19298709],
        [ 0.98204942,  0.97370034,  0.94541556, ..., -0.412506  ,
