state_0,state_1,state_2,state_3,state_4,state_5,state_6,state_7,state_8,state_9,state_10,state_11,state_12,state_13,state_14,state_15,state_16,state_17,state_18,state_19,state_20,state_21,state_22,state_23,state_24,state_25,state_26,state_27,state_28,state_29,state_30,state_31,state_32,state_33,state_34,state_35,state_36,state_37,state_38,state_39,state_40,state_41,state_42,state_43,state_44,state_45,state_46,state_47,state_48,state_49,state_50,state_51,state_52,state_53,state_54,state_55,state_56,state_57,state_58,state_59,state_60,state_61,state_62,state_63,state_64,state_65,state_66,state_67,state_68,state_69,state_70,state_71,state_72,state_73,state_74,state_75,state_76,state_77,state_78,state_79,state_80,state_81,state_82,state_83,state_84,state_85,state_86,state_87,state_88,state_89,state_90,state_91,state_92,state_93,state_94,state_95,state_96,state_97,state_98,state_99,state_100,state_101,state_102,state_103,state_104,state_105,state_106,state_107,state_108,state_109,state_110,state_111,state_112,state_113,state_114,state_115,state_116,state_117,state_118,state_119,state_120,state_121,state_122,state_123,state_124,state_125,state_126,state_127,state_128,state_129,state_130,state_131,state_132,state_133,state_134,state_135,state_136,state_137,state_138,state_139,state_140,state_141,state_142,state_143,state_144,state_145,state_146,state_147,state_148,state_149,state_150,state_151,state_152,state_153,state_154,state_155,state_156,state_157,state_158,state_159,state_160,state_161,state_162,state_163,state_164,state_165,state_166,state_167,state_168,state_169,state_170,state_171,state_172,state_173,state_174,state_175,state_176,state_177,state_178,state_179,state_180,state_181,state_182,state_183,state_184,state_185,state_186,state_187,state_188,state_189,state_190,state_191,state_192,state_193,state_194,state_195,state_196,state_197,state_198,state_199,state_200,state_201,state_202,state_203,state_204,state_205,state_206,state_207,state_208,state_209,state_210,state_211,state_212,state_213,state_214,state_215,state_216,state_217,state_218,state_219,state_220,state_221,state_222,state_223,state_224,state_225,state_226,state_227,state_228,state_229,state_230,state_231,state_232,state_233,state_234,state_235,state_236,state_237,state_238,state_239,state_240,state_241,state_242,state_243,state_244,state_245,state_246,state_247,state_248,state_249,state_250,state_251,state_252,state_253,state_254,state_255,state_256,state_257,state_258,state_259,state_260,state_261,state_262,state_263,state_264,state_265,state_266,state_267,state_268,state_269,state_270,state_271,state_272,state_273,state_274,state_275,state_276,state_277,state_278,state_279,state_280,state_281,state_282,state_283,state_284,state_285,state_286,state_287
{'img': array([[[ 0.        , -0.10094315, -0.33859365, ...,  0.98698692,
          0.83851272,  0.99873519],
        [ 0.10094315,  0.        , -0.24188347, ...,  0.9981773 ,
          0.88923187,  0.9885585 ],
        [ 0.33859365,  0.24188347,  0.        , ...,  0.98313431,
          0.97347763,  0.92271834],
        ...,
        [-0.98698692, -0.9981773 , -0.98313431, ...,  0.        ,
         -0.40295812,  0.21022221],
        [-0.83851272, -0.88923187, -0.97347763, ...,  0.40295812,
          0.        ,  0.5863527 ],
        [-0.99873519, -0.9885585 , -0.92271834, ..., -0.21022221,
         -0.5863527 ,  0.        ]],

       [[ 0.        , -0.45436086, -0.47399022, ...,  0.57110417,
         -0.07159399, -0.30649618],
        [ 0.45436086,  0.        , -0.02216047, ...,  0.88172436,
          0.38941771,  0.1594611 ],
        [ 0.47399022,  0.02216047,  0.        , ...,  0.89196237,
          0.40973324,  0.18129885],
        ...,
        [-0.57110417, -0.88172436, -0.89196237, ...,  0.        ,
         -0.62840853, -0.79521385],
        [ 0.07159399, -0.38941771, -0.40973324, ...,  0.62840853,
          0.        , -0.23756136],
        [ 0.30649618, -0.1594611 , -0.18129885, ...,  0.79521385,
          0.23756136,  0.        ]],

       [[ 0.        ,  0.05805746,  0.1230032 , ...,  0.99341495,
          0.99851508,  0.86641358],
        [-0.05805746,  0.        ,  0.06517914, ...,  0.98508755,
          0.99999357,  0.89394181],
        [-0.1230032 , -0.06517914,  0.        , ...,  0.97177851,
          0.99763336,  0.9212531 ],
        ...,
        [-0.99341495, -0.98508755, -0.97177851, ...,  0.        ,
          0.16851917,  0.59530566],
        [-0.99851508, -0.99999357, -0.99763336, ..., -0.16851917,
          0.        ,  0.45138678],
        [-0.86641358, -0.89394181, -0.9212531 , ..., -0.59530566,
         -0.45138678,  0.        ]],

       ...,

       [[ 0.        ,  0.10024327, -0.05543991, ...,  0.82020871,
          0.82499633,  0.77630437],
        [-0.10024327,  0.        , -0.15524976, ...,  0.75873168,
          0.7641895 ,  0.70920492],
        [ 0.05543991,  0.15524976,  0.        , ...,  0.85066245,
          0.85505872,  0.81005744],
        ...,
        [-0.82020871, -0.75873168, -0.85066245, ...,  0.        ,
          0.00841985, -0.07292924],
        [-0.82499633, -0.7641895 , -0.85505872, ..., -0.00841985,
          0.        , -0.08132408],
        [-0.77630437, -0.70920492, -0.81005744, ...,  0.07292924,
          0.08132408,  0.        ]],

       [[ 0.        , -0.13024413, -0.31893226, ..., -0.06912435,
         -0.06484601,  0.1270466 ],
        [ 0.13024413,  0.        , -0.19277312, ...,  0.06139705,
          0.06567636,  0.25515314],
        [ 0.31893226,  0.19277312,  0.        , ...,  0.25265489,
          0.25680141,  0.43675978],
        ...,
        [ 0.06912435, -0.06139705, -0.25265489, ...,  0.        ,
          0.00428796,  0.19530693],
        [ 0.06484601, -0.06567636, -0.25680141, ..., -0.00428796,
          0.        ,  0.19109975],
        [-0.1270466 , -0.25515314, -0.43675978, ..., -0.19530693,
         -0.19109975,  0.        ]],

       [[ 0.        , -0.02512836, -0.05140284, ...,  0.98775379,
          0.98491355,  0.92970237],
        [ 0.02512836,  0.        , -0.02629147, ...,  0.99136244,
          0.98025415,  0.92015373],
        [ 0.05140284,  0.02629147,  0.        , ...,  0.99446789,
          0.97471638,  0.90954103],
        ...,
        [-0.98775379, -0.99136244, -0.99446789, ...,  0.        ,
          0.3245948 ,  0.50885404],
        [-0.98491355, -0.98025415, -0.97471638, ..., -0.3245948 ,
          0.        ,  0.20187287],
        [-0.92970237, -0.92015373, -0.90954103, ..., -0.50885404,
         -0.20187287,  0.        ]]]), 'num': array([ 7.07101842e-01,  7.07101842e-01,  0.00000000e+00,  0.00000000e+00,
        1.21504181e-03,  1.23974406e-03,  1.20886625e-03,  1.60583137e-03,
       -2.93339192e-05,  1.22399638e-03,  1.18794653e-03,  1.08509770e-03,
        1.70954397e-06,  1.24695042e-03,  1.12894264e-03])}
{'img': array([[[ 0.        , -0.24188347, -0.24188347, ...,  0.88923187,
          0.9885585 ,  0.87162019],
        [ 0.24188347,  0.        ,  0.        , ...,  0.97347763,
          0.92271834,  0.96430458],
        [ 0.24188347,  0.        ,  0.        , ...,  0.97347763,
          0.92271834,  0.96430458],
        ...,
        [-0.88923187, -0.97347763, -0.97347763, ...,  0.        ,
          0.5863527 , -0.03715679],
        [-0.9885585 , -0.92271834, -0.92271834, ..., -0.5863527 ,
          0.        , -0.61604687],
        [-0.87162019, -0.96430458, -0.96430458, ...,  0.03715679,
          0.61604687,  0.        ]],

       [[ 0.        , -0.02216047, -0.10066612, ...,  0.38941771,
          0.1594611 , -0.25398886],
        [ 0.02216047,  0.        , -0.0785935 , ...,  0.40973324,
          0.18129885, -0.23249272],
        [ 0.10066612,  0.0785935 ,  0.        , ...,  0.48015924,
          0.2580291 , -0.15533368],
        ...,
        [-0.38941771, -0.40973324, -0.48015924, ...,  0.        ,
         -0.23756136, -0.6105869 ],
        [-0.1594611 , -0.18129885, -0.2580291 , ...,  0.23756136,
          0.        , -0.40497079],
        [ 0.25398886,  0.23249272,  0.15533368, ...,  0.6105869 ,
          0.40497079,  0.        ]],

       [[ 0.        ,  0.06517914,  0.12834409, ...,  0.99999357,
          0.89394181,  0.92439785],
        [-0.06517914,  0.        ,  0.0634311 , ...,  0.99763336,
          0.9212531 ,  0.94729345],
        [-0.12834409, -0.0634311 ,  0.        , ...,  0.99126294,
          0.94407029,  0.96570705],
        ...,
        [-0.99999357, -0.99763336, -0.99126294, ...,  0.        ,
          0.45138678,  0.38474311],
        [-0.89394181, -0.9212531 , -0.94407029, ..., -0.45138678,
          0.        , -0.07332349],
        [-0.92439785, -0.94729345, -0.96570705, ..., -0.38474311,
          0.07332349,  0.        ]],

       ...,

       [[ 0.        , -0.15524976,  0.03535399, ...,  0.7641895 ,
          0.70920492,  0.72746866],
        [ 0.15524976,  0.        ,  0.19007804, ...,  0.85505872,
          0.81005744,  0.8251715 ],
        [-0.03535399, -0.19007804,  0.        , ...,  0.74090874,
          0.68383692,  0.70275607],
        ...,
        [-0.7641895 , -0.85505872, -0.74090874, ...,  0.        ,
         -0.08132408, -0.05513037],
        [-0.70920492, -0.81005744, -0.68383692, ...,  0.08132408,
          0.        ,  0.02625264],
        [-0.72746866, -0.8251715 , -0.70275607, ...,  0.05513037,
         -0.02625264,  0.        ]],

       [[ 0.        , -0.19277312, -0.34007679, ...,  0.06567636,
          0.25515314,  0.30788119],
        [ 0.19277312,  0.        , -0.1524147 , ...,  0.25680141,
          0.43675978,  0.4855155 ],
        [ 0.34007679,  0.1524147 ,  0.        , ...,  0.40110445,
          0.56876589,  0.61308825],
        ...,
        [-0.06567636, -0.25680141, -0.40110445, ...,  0.        ,
          0.19109975,  0.24473035],
        [-0.25515314, -0.43675978, -0.56876589, ..., -0.19109975,
          0.        ,  0.05493149],
        [-0.30788119, -0.4855155 , -0.61308825, ..., -0.24473035,
         -0.05493149,  0.        ]],

       [[ 0.        , -0.02576321, -0.04538251, ...,  0.9996266 ,
          0.99653513,  0.91264561],
        [ 0.02576321,  0.        , -0.01963079, ...,  0.99859081,
          0.99406155,  0.90181193],
        [ 0.04538251,  0.01963079,  0.        , ...,  0.99735658,
          0.99173379,  0.89315512],
        ...,
        [-0.9996266 , -0.99859081, -0.99735658, ...,  0.        ,
          0.05591136,  0.3836609 ],
        [-0.99653513, -0.99406155, -0.99173379, ..., -0.05591136,
          0.        ,  0.33142806],
        [-0.91264561, -0.90181193, -0.89315512, ..., -0.3836609 ,
         -0.33142806,  0.        ]]]), 'num': array([ 9.99980204e-01,  1.52184962e-03,  2.57003438e-05, -6.27011972e-10,
        1.71851696e-03,  1.76053990e-03,  1.70303483e-03,  3.75282524e-03,
       -2.21173354e-05,  1.75302000e-03,  1.70546773e-03,  1.55720786e-03,
        2.58202377e-06,  1.78617510e-03,  1.62476037e-03])}
{'img': array([[[ 0.        ,  0.        ,  0.02409667, ...,  0.92271834,
          0.96430458,  0.90780193],
        [ 0.        ,  0.        ,  0.02409667, ...,  0.92271834,
          0.96430458,  0.90780193],
        [-0.02409667, -0.02409667,  0.        , ...,  0.93173907,
          0.95764389,  0.89743221],
        ...,
        [-0.92271834, -0.92271834, -0.93173907, ...,  0.        ,
         -0.61604687, -0.73692212],
        [-0.96430458, -0.96430458, -0.95764389, ...,  0.61604687,
          0.        , -0.16404663],
        [-0.90780193, -0.90780193, -0.89743221, ...,  0.73692212,
          0.16404663,  0.        ]],

       [[ 0.        , -0.0785935 , -0.38350171, ...,  0.18129885,
         -0.23249272,  0.07519872],
        [ 0.0785935 ,  0.        , -0.30973119, ...,  0.2580291 ,
         -0.15533368,  0.15333707],
        [ 0.38350171,  0.30973119,  0.        , ...,  0.54458311,
          0.15827668,  0.45186489],
        ...,
        [-0.18129885, -0.2580291 , -0.54458311, ...,  0.        ,
         -0.40497079, -0.10683299],
        [ 0.23249272,  0.15533368, -0.15827668, ...,  0.40497079,
          0.        ,  0.30497257],
        [-0.07519872, -0.15333707, -0.45186489, ...,  0.10683299,
         -0.30497257,  0.        ]],

       [[ 0.        ,  0.0634311 ,  0.04055889, ...,  0.9212531 ,
          0.94729345,  0.95659989],
        [-0.0634311 ,  0.        , -0.02290169, ...,  0.94407029,
          0.96570705,  0.97315762],
        [-0.04055889,  0.02290169,  0.        , ...,  0.93627098,
          0.95950771,  0.9676318 ],
        ...,
        [-0.9212531 , -0.94407029, -0.93627098, ...,  0.        ,
         -0.07332349, -0.10362518],
        [-0.94729345, -0.96570705, -0.95950771, ...,  0.07332349,
          0.        , -0.03041749],
        [-0.95659989, -0.97315762, -0.9676318 , ...,  0.10362518,
          0.03041749,  0.        ]],

       ...,

       [[ 0.        ,  0.19007804,  0.39954449, ...,  0.81005744,
          0.8251715 ,  0.88259205],
        [-0.19007804,  0.        ,  0.21801323, ...,  0.68383692,
          0.70275607,  0.77713828],
        [-0.39954449, -0.21801323,  0.        , ...,  0.50831772,
          0.5307505 ,  0.62124262],
        ...,
        [-0.81005744, -0.68383692, -0.50831772, ...,  0.        ,
          0.02625264,  0.13666821],
        [-0.8251715 , -0.70275607, -0.5307505 , ..., -0.02625264,
          0.        ,  0.11061479],
        [-0.88259205, -0.77713828, -0.62124262, ..., -0.13666821,
         -0.11061479,  0.        ]],

       [[ 0.        , -0.1524147 , -0.24106104, ...,  0.43675978,
          0.4855155 ,  0.48215107],
        [ 0.1524147 ,  0.        , -0.09032466, ...,  0.56876589,
          0.61308825,  0.61004662],
        [ 0.24106104,  0.09032466,  0.        , ...,  0.64073297,
          0.68193995,  0.67912313],
        ...,
        [-0.43675978, -0.56876589, -0.64073297, ...,  0.        ,
          0.05493149,  0.05109254],
        [-0.4855155 , -0.61308825, -0.68193995, ..., -0.05493149,
          0.        , -0.00384435],
        [-0.48215107, -0.61004662, -0.67912313, ..., -0.05109254,
          0.00384435,  0.        ]],

       [[ 0.        , -0.01927027, -0.05006693, ...,  0.99998509,
          0.99068247,  0.89444742],
        [ 0.01927027,  0.        , -0.03081153, ...,  0.99990462,
          0.98787406,  0.88566418],
        [ 0.05006693,  0.03081153,  0.        , ...,  0.99900434,
          0.98262132,  0.87093707],
        ...,
        [-0.99998509, -0.99990462, -0.99900434, ...,  0.        ,
          0.14159886,  0.45205003],
        [-0.99068247, -0.98787406, -0.98262132, ..., -0.14159886,
          0.        ,  0.3211901 ],
        [-0.89444742, -0.88566418, -0.87093707, ..., -0.45205003,
         -0.3211901 ,  0.        ]]]), 'num': array([ 7.07100476e-01,  7.07100476e-01,  0.00000000e+00, -4.52590714e-08,
        1.22501632e-03,  1.25321363e-03,  1.21561722e-03,  2.47995312e-03,
        7.83258518e-06,  1.23472873e-03,  1.20864622e-03,  1.10554329e-03,
        1.70610766e-06,  1.26628447e-03,  1.15100797e-03])}
{'img': array([[[ 0.00000000e+00,  2.40966703e-02, -1.37146357e-01, ...,
          9.64304580e-01,  9.07801929e-01,  9.37976065e-01],
        [-2.40966703e-02,  0.00000000e+00, -1.60975511e-01, ...,
          9.57643887e-01,  8.97432210e-01,  9.29349392e-01],
        [ 1.37146357e-01,  1.60975511e-01,  0.00000000e+00, ...,
          9.91508412e-01,  9.56742989e-01,  9.76661581e-01],
        ...,
        [-9.64304580e-01, -9.57643887e-01, -9.91508412e-01, ...,
          0.00000000e+00, -1.64046634e-01, -8.59525382e-02],
        [-9.07801929e-01, -8.97432210e-01, -9.56742989e-01, ...,
          1.64046634e-01,  0.00000000e+00,  7.86514324e-02],
        [-9.37976065e-01, -9.29349392e-01, -9.76661581e-01, ...,
          8.59525382e-02, -7.86514324e-02,  0.00000000e+00]],

       [[ 0.00000000e+00, -3.09731192e-01,  7.95103679e-02, ...,
         -1.55333676e-01,  1.53337071e-01,  1.06583018e-01],
        [ 3.09731192e-01,  0.00000000e+00,  3.84350974e-01, ...,
          1.58276681e-01,  4.51864886e-01,  4.09308612e-01],
        [-7.95103679e-02, -3.84350974e-01,  0.00000000e+00, ...,
         -2.33387172e-01,  7.42815385e-02,  2.71881189e-02],
        ...,
        [ 1.55333676e-01, -1.58276681e-01,  2.33387172e-01, ...,
          0.00000000e+00,  3.04972567e-01,  2.59738185e-01],
        [-1.53337071e-01, -4.51864886e-01, -7.42815385e-02, ...,
         -3.04972567e-01,  0.00000000e+00, -4.71410727e-02],
        [-1.06583018e-01, -4.09308612e-01, -2.71881189e-02, ...,
         -2.59738185e-01,  4.71410727e-02,  0.00000000e+00]],

       [[ 0.00000000e+00, -2.29016899e-02, -1.43317441e-01, ...,
          9.65707051e-01,  9.73157620e-01,  9.99677859e-01],
        [ 2.29016899e-02,  0.00000000e+00, -1.20614581e-01, ...,
          9.59507707e-01,  9.67631796e-01,  9.99996926e-01],
        [ 1.43317441e-01,  1.20614581e-01,  0.00000000e+00, ...,
          9.18527735e-01,  9.30128469e-01,  9.92995446e-01],
        ...,
        [-9.65707051e-01, -9.59507707e-01, -9.18527735e-01, ...,
          0.00000000e+00, -3.04174912e-02, -2.84060788e-01],
        [-9.73157620e-01, -9.67631796e-01, -9.30128469e-01, ...,
          3.04174912e-02,  0.00000000e+00, -2.54764866e-01],
        [-9.99677859e-01, -9.99996926e-01, -9.92995446e-01, ...,
          2.84060788e-01,  2.54764866e-01,  0.00000000e+00]],

       ...,

       [[ 0.00000000e+00,  2.18013230e-01, -1.22624967e-01, ...,
          7.02756068e-01,  7.77138283e-01,  6.78200036e-01],
        [-2.18013230e-01,  0.00000000e+00, -3.36043225e-01, ...,
          5.30750497e-01,  6.21242615e-01,  5.01673502e-01],
        [ 1.22624967e-01,  3.36043225e-01,  0.00000000e+00, ...,
          7.84691614e-01,  8.48444838e-01,  7.63196025e-01],
        ...,
        [-7.02756068e-01, -5.30750497e-01, -7.84691614e-01, ...,
          0.00000000e+00,  1.10614791e-01, -3.39470598e-02],
        [-7.77138283e-01, -6.21242615e-01, -8.48444838e-01, ...,
         -1.10614791e-01,  0.00000000e+00, -1.44289775e-01],
        [-6.78200036e-01, -5.01673502e-01, -7.63196025e-01, ...,
          3.39470598e-02,  1.44289775e-01,  0.00000000e+00]],

       [[ 0.00000000e+00, -9.03246586e-02, -2.92753128e-01, ...,
          6.13088246e-01,  6.10046625e-01,  6.41156914e-01],
        [ 9.03246586e-02,  0.00000000e+00, -2.05189103e-01, ...,
          6.81939954e-01,  6.79123127e-01,  7.07852133e-01],
        [ 2.92753128e-01,  2.05189103e-01,  0.00000000e+00, ...,
          8.17506856e-01,  8.15286783e-01,  8.37728207e-01],
        ...,
        [-6.13088246e-01, -6.81939954e-01, -8.17506856e-01, ...,
          0.00000000e+00, -3.84434783e-03,  3.60332831e-02],
        [-6.10046625e-01, -6.79123127e-01, -8.15286783e-01, ...,
          3.84434783e-03,  0.00000000e+00,  3.98748681e-02],
        [-6.41156914e-01, -7.07852133e-01, -8.37728207e-01, ...,
         -3.60332831e-02, -3.98748681e-02,  0.00000000e+00]],

       [[ 0.00000000e+00, -3.07875783e-02, -6.21128705e-04, ...,
          9.88817820e-01,  9.14811090e-01,  8.85341170e-01],
        [ 3.07875783e-02,  0.00000000e+00,  3.01667381e-02, ...,
          9.83757765e-01,  9.01942876e-01,  8.70607037e-01],
        [ 6.21128705e-04, -3.01667381e-02,  0.00000000e+00, ...,
          9.88725002e-01,  9.14560051e-01,  8.85052210e-01],
        ...,
        [-9.88817820e-01, -9.83757765e-01, -9.88725002e-01, ...,
          0.00000000e+00,  2.62941285e-01,  3.27713255e-01],
        [-9.14811090e-01, -9.01942876e-01, -9.14560051e-01, ...,
         -2.62941285e-01,  0.00000000e+00,  6.77606872e-02],
        [-8.85341170e-01, -8.70607037e-01, -8.85052210e-01, ...,
         -3.27713255e-01, -6.77606872e-02,  0.00000000e+00]]]), 'num': array([ 9.99985281e-01,  2.38337015e-04,  2.60012209e-05, -6.57269100e-08,
        1.73266368e-03,  1.77096704e-03,  1.71013229e-03,  2.36160483e-03,
       -2.92908035e-05,  1.76691139e-03,  1.73818387e-03,  1.59338216e-03,
        2.34924417e-06,  1.82112233e-03,  1.65524541e-03])}
{'img': array([[[ 0.        , -0.16097551, -0.08536488, ...,  0.89743221,
          0.92934939,  0.84064225],
        [ 0.16097551,  0.        ,  0.07613632, ...,  0.95674299,
          0.97666158,  0.91686179],
        [ 0.08536488, -0.07613632,  0.        , ...,  0.93181529,
          0.95747388,  0.88380654],
        ...,
        [-0.89743221, -0.95674299, -0.93181529, ...,  0.        ,
          0.07865143, -0.1151897 ],
        [-0.92934939, -0.97666158, -0.95747388, ..., -0.07865143,
          0.        , -0.19296075],
        [-0.84064225, -0.91686179, -0.88380654, ...,  0.1151897 ,
          0.19296075,  0.        ]],

       [[ 0.        ,  0.38435097,  0.30200812, ...,  0.45186489,
          0.40930861,  0.16279412],
        [-0.38435097,  0.        , -0.08759386, ...,  0.07428154,
          0.02718812, -0.22893433],
        [-0.30200812,  0.08759386,  0.        , ...,  0.16134788,
          0.11464509, -0.14278684],
        ...,
        [-0.45186489, -0.07428154, -0.16134788, ...,  0.        ,
         -0.04714107, -0.30061062],
        [-0.40930861, -0.02718812, -0.11464509, ...,  0.04714107,
          0.        , -0.25531576],
        [-0.16279412,  0.22893433,  0.14278684, ...,  0.30061062,
          0.25531576,  0.        ]],

       [[ 0.        , -0.12061458, -0.20022325, ...,  0.9676318 ,
          0.99999693,  0.99120818],
        [ 0.12061458,  0.        , -0.08058933, ...,  0.93012847,
          0.99299545,  0.99993048],
        [ 0.20022325,  0.08058933,  0.        , ...,  0.89750796,
          0.98024378,  0.99762836],
        ...,
        [-0.9676318 , -0.93012847, -0.89750796, ...,  0.        ,
         -0.25476487, -0.37817632],
        [-0.99999693, -0.99299545, -0.98024378, ...,  0.25476487,
          0.        , -0.12985325],
        [-0.99120818, -0.99993048, -0.99762836, ...,  0.37817632,
          0.12985325,  0.        ]],

       ...,

       [[ 0.        , -0.33604323,  0.16228678, ...,  0.62124262,
          0.5016735 ,  0.4236289 ],
        [ 0.33604323,  0.        ,  0.48443776, ...,  0.84844484,
          0.76319602,  0.70339342],
        [-0.16228678, -0.48443776,  0.        , ...,  0.48583631,
          0.35463581,  0.27100794],
        ...,
        [-0.62124262, -0.84844484, -0.48583631, ...,  0.        ,
         -0.14428978, -0.23078047],
        [-0.5016735 , -0.76319602, -0.35463581, ...,  0.14428978,
          0.        , -0.08797066],
        [-0.4236289 , -0.70339342, -0.27100794, ...,  0.23078047,
          0.08797066,  0.        ]],

       [[ 0.        , -0.2051891 , -0.39895061, ...,  0.67912313,
          0.70785213,  0.70451163],
        [ 0.2051891 ,  0.        , -0.20230913, ...,  0.81528678,
          0.83772821,  0.83514243],
        [ 0.39895061,  0.20230913,  0.        , ...,  0.91557665,
          0.93088389,  0.92914996],
        ...,
        [-0.67912313, -0.81528678, -0.91557665, ...,  0.        ,
          0.03987487,  0.03516015],
        [-0.70785213, -0.83772821, -0.93088389, ..., -0.03987487,
          0.        , -0.00471803],
        [-0.70451163, -0.83514243, -0.92914996, ..., -0.03516015,
          0.00471803,  0.        ]],

       [[ 0.        ,  0.03016674,  0.09600335, ...,  0.90194288,
          0.87060704,  0.89871053],
        [-0.03016674,  0.        ,  0.06593226, ...,  0.91456005,
          0.88505221,  0.9115309 ],
        [-0.09600335, -0.06593226,  0.        , ...,  0.93923637,
          0.91381735,  0.93666093],
        ...,
        [-0.90194288, -0.91456005, -0.93923637, ...,  0.        ,
          0.06776069,  0.00742719],
        [-0.87060704, -0.88505221, -0.91381735, ..., -0.06776069,
          0.        , -0.0603487 ],
        [-0.89871053, -0.9115309 , -0.93666093, ..., -0.00742719,
          0.0603487 ,  0.        ]]]), 'num': array([ 8.87377297e-01,  4.61018907e-01,  1.07802374e-05, -1.25577687e-07,
        1.56175234e-03,  1.57557316e-03,  1.51436669e-03,  2.13128848e-03,
        4.34368541e-05,  1.54240320e-03,  1.52670670e-03,  1.39978553e-03,
        2.17623027e-06,  1.59963542e-03,  1.45377798e-03])}
{'img': array([[[ 0.        ,  0.07613632, -0.39947584, ...,  0.97666158,
          0.91686179,  0.99853882],
        [-0.07613632,  0.        , -0.46811383, ...,  0.95747388,
          0.88380654,  0.99152614],
        [ 0.39947584,  0.46811383,  0.        , ...,  0.98114938,
          0.99999996,  0.93699152],
        ...,
        [-0.97666158, -0.95747388, -0.98114938, ...,  0.        ,
         -0.19296075,  0.1616922 ],
        [-0.91686179, -0.88380654, -0.99999996, ...,  0.19296075,
          0.        ,  0.34907506],
        [-0.99853882, -0.99152614, -0.93699152, ..., -0.1616922 ,
         -0.34907506,  0.        ]],

       [[ 0.        , -0.08759386,  0.41959356, ...,  0.02718812,
         -0.22893433, -0.21178123],
        [ 0.08759386,  0.        ,  0.49749076, ...,  0.11464509,
         -0.14278684, -0.12536023],
        [-0.41959356, -0.49749076,  0.        , ..., -0.39475946,
         -0.6162564 , -0.60231234],
        ...,
        [-0.02718812, -0.11464509,  0.39475946, ...,  0.        ,
         -0.25531576, -0.23827436],
        [ 0.22893433,  0.14278684,  0.6162564 , ...,  0.25531576,
          0.        ,  0.01758472],
        [ 0.21178123,  0.12536023,  0.60231234, ...,  0.23827436,
         -0.01758472,  0.        ]],

       [[ 0.        , -0.08058933, -0.20529144, ...,  0.99299545,
          0.99993048,  0.99581851],
        [ 0.08058933,  0.        , -0.12575086, ...,  0.98024378,
          0.99762836,  0.99994163],
        [ 0.20529144,  0.12575086,  0.        , ...,  0.9475898 ,
          0.98105352,  0.99336258],
        ...,
        [-0.99299545, -0.98024378, -0.9475898 , ...,  0.        ,
         -0.12985325, -0.20837234],
        [-0.99993048, -0.99762836, -0.98105352, ...,  0.12985325,
          0.        , -0.07960518],
        [-0.99581851, -0.99994163, -0.99336258, ...,  0.20837234,
          0.07960518,  0.        ]],

       ...,

       [[ 0.        ,  0.48443776,  0.25542714, ...,  0.76319602,
          0.70339342,  0.7788003 ],
        [-0.48443776,  0.        , -0.2449139 , ...,  0.35463581,
          0.27100794,  0.37744032],
        [-0.25542714,  0.2449139 ,  0.        , ...,  0.57283092,
          0.49850287,  0.59274389],
        ...,
        [-0.76319602, -0.35463581, -0.57283092, ...,  0.        ,
         -0.08797066,  0.02450361],
        [-0.70339342, -0.27100794, -0.49850287, ...,  0.08797066,
          0.        ,  0.11235287],
        [-0.7788003 , -0.37744032, -0.59274389, ..., -0.02450361,
         -0.11235287,  0.        ]],

       [[ 0.        , -0.20230913, -0.31799439, ...,  0.83772821,
          0.83514243,  0.90732734],
        [ 0.20230913,  0.        , -0.11961102, ...,  0.93088389,
          0.92914996,  0.97362116],
        [ 0.31799439,  0.11961102,  0.        , ...,  0.96789664,
          0.9667    ,  0.99392309],
        ...,
        [-0.83772821, -0.93088389, -0.96789664, ...,  0.        ,
         -0.00471803,  0.14327822],
        [-0.83514243, -0.92914996, -0.9667    , ...,  0.00471803,
          0.        ,  0.14794598],
        [-0.90732734, -0.97362116, -0.99392309, ..., -0.14327822,
         -0.14794598,  0.        ]],

       [[ 0.        ,  0.06537992,  0.01067886, ...,  0.9633749 ,
          0.96551651,  0.88163422],
        [-0.06537992,  0.        , -0.05472018, ...,  0.97884586,
          0.98047186,  0.91060288],
        [-0.01067886,  0.05472018,  0.        , ...,  0.96618359,
          0.96824161,  0.88662365],
        ...,
        [-0.9633749 , -0.97884586, -0.96618359, ...,  0.        ,
         -0.00810438,  0.21823134],
        [-0.96551651, -0.98047186, -0.96824161, ...,  0.00810438,
          0.        ,  0.22613321],
        [-0.88163422, -0.91060288, -0.88662365, ..., -0.21823134,
         -0.22613321,  0.        ]]]), 'num': array([ 9.91532297e-01,  1.29746441e-01,  2.15177492e-05, -8.18016400e-08,
        1.74804433e-03,  1.75895597e-03,  1.68693916e-03,  2.58016581e-03,
        2.18232751e-05,  1.71094476e-03,  1.68933972e-03,  1.55192583e-03,
        2.57649239e-06,  1.77364538e-03,  1.60503406e-03])}
{'img': array([[[ 0.        , -0.46811383, -0.89733958, ...,  0.88380654,
          0.99152614,  0.99265784],
        [ 0.46811383,  0.        , -0.5863527 , ...,  0.99999996,
          0.93699152,  0.82055887],
        [ 0.89733958,  0.5863527 ,  0.        , ...,  0.80988247,
          0.55417192,  0.32956159],
        ...,
        [-0.88380654, -0.99999996, -0.80988247, ...,  0.        ,
          0.34907506,  0.57131939],
        [-0.99152614, -0.93699152, -0.55417192, ..., -0.34907506,
          0.        ,  0.24888479],
        [-0.99265784, -0.82055887, -0.32956159, ..., -0.57131939,
         -0.24888479,  0.        ]],

       [[ 0.        ,  0.49749076,  0.63405575, ..., -0.14278684,
         -0.12536023, -0.07072919],
        [-0.49749076,  0.        ,  0.16532057, ..., -0.6162564 ,
         -0.60231234, -0.55760022],
        [-0.63405575, -0.16532057,  0.        , ..., -0.73797413,
         -0.72599334, -0.68716178],
        ...,
        [ 0.14278684,  0.6162564 ,  0.73797413, ...,  0.        ,
          0.01758472,  0.07242477],
        [ 0.12536023,  0.60231234,  0.72599334, ..., -0.01758472,
          0.        ,  0.05487504],
        [ 0.07072919,  0.55760022,  0.68716178, ..., -0.07242477,
         -0.05487504,  0.        ]],

       [[ 0.        , -0.12575086, -0.33093093, ...,  0.99762836,
          0.99994163,  0.99800272],
        [ 0.12575086,  0.        , -0.20963853, ...,  0.98105352,
          0.99336258,  0.98213663],
        [ 0.33093093,  0.20963853,  0.        , ...,  0.91863878,
          0.94717534,  0.92086502],
        ...,
        [-0.99762836, -0.98105352, -0.91863878, ...,  0.        ,
         -0.07960518, -0.00567206],
        [-0.99994163, -0.99336258, -0.94717534, ...,  0.07960518,
          0.        ,  0.07394984],
        [-0.99800272, -0.98213663, -0.92086502, ...,  0.00567206,
         -0.07394984,  0.        ]],

       ...,

       [[ 0.        , -0.2449139 , -0.65068793, ...,  0.27100794,
          0.37744032,  0.50678986],
        [ 0.2449139 ,  0.        , -0.44489691, ...,  0.49850287,
          0.59274389,  0.70248832],
        [ 0.65068793,  0.44489691,  0.        , ...,  0.8321259 ,
          0.88916661,  0.94576677],
        ...,
        [-0.27100794, -0.49850287, -0.8321259 , ...,  0.        ,
          0.11235287,  0.2541966 ],
        [-0.37744032, -0.59274389, -0.88916661, ..., -0.11235287,
          0.        ,  0.14392476],
        [-0.50678986, -0.70248832, -0.94576677, ..., -0.2541966 ,
         -0.14392476,  0.        ]],

       [[ 0.        , -0.11773928, -0.19414785, ...,  0.89724311,
          0.93316511,  0.9954816 ],
        [ 0.11773928,  0.        , -0.0772985 , ...,  0.9429886 ,
          0.96899567,  0.99973746],
        [ 0.19414785,  0.0772985 ,  0.        , ...,  0.96589405,
          0.98519517,  0.99497509],
        ...,
        [-0.89724311, -0.9429886 , -0.96589405, ...,  0.        ,
          0.08951456,  0.35434448],
        [-0.93316511, -0.96899567, -0.98519517, ..., -0.08951456,
          0.        ,  0.26921557],
        [-0.9954816 , -0.99973746, -0.99497509, ..., -0.35434448,
         -0.26921557,  0.        ]],

       [[ 0.        , -0.05472018, -0.17643575, ...,  0.98047186,
          0.91060288,  0.96529638],
        [ 0.05472018,  0.        , -0.12230966, ...,  0.96824161,
          0.88662365,  0.94955955],
        [ 0.17643575,  0.12230966,  0.        , ...,  0.93039263,
          0.82339968,  0.90407556],
        ...,
        [-0.98047186, -0.96824161, -0.93039263, ...,  0.        ,
          0.22613321,  0.06622232],
        [-0.91060288, -0.88662365, -0.82339968, ..., -0.22613321,
          0.        , -0.1611299 ],
        [-0.96529638, -0.94955955, -0.90407556, ..., -0.06622232,
          0.1611299 ,  0.        ]]]), 'num': array([ 9.30371068e-01,  3.66576248e-01,  1.44377675e-05, -3.49371334e-08,
        1.62476893e-03,  1.68093892e-03,  1.62060819e-03,  3.28024413e-03,
       -4.16073991e-05,  1.63267434e-03,  1.61239073e-03,  1.48302639e-03,
        2.52280157e-06,  1.69212592e-03,  1.53265555e-03])}
{'img': array([[[ 0.        , -0.5863527 ,  0.41129199, ...,  0.93699152,
          0.82055887,  0.98416083],
        [ 0.5863527 ,  0.        ,  0.86763212, ...,  0.55417192,
          0.32956159,  0.69327786],
        [-0.41129199, -0.86763212,  0.        , ...,  0.99775691,
          0.98302128,  0.96997918],
        ...,
        [-0.93699152, -0.55417192, -0.99775691, ...,  0.        ,
          0.24888479, -0.17771074],
        [-0.82055887, -0.32956159, -0.98302128, ..., -0.24888479,
          0.        , -0.41704197],
        [-0.98416083, -0.69327786, -0.96997918, ...,  0.17771074,
          0.41704197,  0.        ]],

       [[ 0.        ,  0.16532057,  0.12160208, ..., -0.60231234,
         -0.55760022, -0.39722619],
        [-0.16532057,  0.        , -0.04416489, ..., -0.72599334,
         -0.68716178, -0.54347843],
        [-0.12160208,  0.04416489,  0.        , ..., -0.69491268,
         -0.65440529, -0.5058751 ],
        ...,
        [ 0.60231234,  0.72599334,  0.69491268, ...,  0.        ,
          0.05487504,  0.23566454],
        [ 0.55760022,  0.68716178,  0.65440529, ..., -0.05487504,
          0.        ,  0.18198   ],
        [ 0.39722619,  0.54347843,  0.5058751 , ..., -0.23566454,
         -0.18198   ,  0.        ]],

       [[ 0.        , -0.20963853, -0.26177187, ...,  0.99336258,
          0.98213663,  0.97753637],
        [ 0.20963853,  0.        , -0.05362664, ...,  0.94717534,
          0.92086502,  0.91162965],
        [ 0.26177187,  0.05362664,  0.        , ...,  0.92861347,
          0.89863191,  0.88827664],
        ...,
        [-0.99336258, -0.94717534, -0.92861347, ...,  0.        ,
          0.07394984,  0.09692662],
        [-0.98213663, -0.92086502, -0.89863191, ..., -0.07394984,
          0.        ,  0.02305958],
        [-0.97753637, -0.91162965, -0.88827664, ..., -0.09692662,
         -0.02305958,  0.        ]],

       ...,

       [[ 0.        , -0.44489691,  0.18023349, ...,  0.59274389,
          0.70248832,  0.74290068],
        [ 0.44489691,  0.        ,  0.59902505, ...,  0.88916661,
          0.94576677,  0.96314305],
        [-0.18023349, -0.59902505,  0.        , ...,  0.43787859,
          0.56271295,  0.61008624],
        ...,
        [-0.59274389, -0.88916661, -0.43787859, ...,  0.        ,
          0.14392476,  0.20154179],
        [-0.70248832, -0.94576677, -0.56271295, ..., -0.14392476,
          0.        ,  0.05847206],
        [-0.74290068, -0.96314305, -0.61008624, ..., -0.20154179,
         -0.05847206,  0.        ]],

       [[ 0.        , -0.07695976, -0.18672961, ...,  0.96180026,
          0.9940353 ,  0.99962251],
        [ 0.07695976,  0.        , -0.11056967, ...,  0.98001565,
          0.99948033,  0.99454341],
        [ 0.18672961,  0.11056967,  0.        , ...,  0.99600113,
          0.99691607,  0.97691023],
        ...,
        [-0.96180026, -0.98001565, -0.99600113, ...,  0.        ,
          0.16722652,  0.30007367],
        [-0.9940353 , -0.99948033, -0.99691607, ..., -0.16722652,
          0.        ,  0.13632812],
        [-0.99962251, -0.99454341, -0.97691023, ..., -0.30007367,
         -0.13632812,  0.        ]],

       [[ 0.        , -0.12205569, -0.094916  , ...,  0.93225307,
          0.95946857,  0.88573512],
        [ 0.12205569,  0.        ,  0.0272983 , ...,  0.88112226,
          0.91789766,  0.82245555],
        [ 0.094916  , -0.0272983 ,  0.        , ...,  0.89370295,
          0.92838803,  0.83767713],
        ...,
        [-0.93225307, -0.88112226, -0.89370295, ...,  0.        ,
         -0.08441882,  0.11227843],
        [-0.95946857, -0.91789766, -0.92838803, ...,  0.08441882,
          0.        ,  0.19576266],
        [-0.88573512, -0.82245555, -0.83767713, ..., -0.11227843,
         -0.19576266,  0.        ]]]), 'num': array([ 9.99135973e-01,  4.11611316e-02,  2.45320062e-05, -1.05450103e-07,
        1.74494507e-03,  1.76281902e-03,  1.72483686e-03,  3.04299652e-03,
        0.00000000e+00,  1.75298835e-03,  1.73623151e-03,  1.59782006e-03,
        2.51492864e-06,  1.81406408e-03,  1.65839894e-03])}
{'img': array([[[ 0.        ,  0.86763212,  0.86113291, ...,  0.32956159,
          0.69327786,  0.69327786],
        [-0.86763212,  0.        , -0.01292566, ...,  0.98302128,
          0.96997918,  0.96997918],
        [-0.86113291,  0.01292566,  0.        , ...,  0.98056741,
          0.97304151,  0.97304151],
        ...,
        [-0.32956159, -0.98302128, -0.98056741, ...,  0.        ,
         -0.41704197, -0.41704197],
        [-0.69327786, -0.96997918, -0.97304151, ...,  0.41704197,
          0.        ,  0.        ],
        [-0.69327786, -0.96997918, -0.97304151, ...,  0.41704197,
          0.        ,  0.        ]],

       [[ 0.        , -0.04416489, -0.79949273, ..., -0.68716178,
         -0.54347843, -0.62083337],
        [ 0.04416489,  0.        , -0.77218385, ..., -0.65440529,
         -0.5058751 , -0.58560485],
        [ 0.79949273,  0.77218385,  0.        , ...,  0.16807359,
          0.34465837,  0.25383682],
        ...,
        [ 0.68716178,  0.65440529, -0.16807359, ...,  0.        ,
          0.18198   ,  0.08765717],
        [ 0.54347843,  0.5058751 , -0.34465837, ..., -0.18198   ,
          0.        , -0.09508602],
        [ 0.62083337,  0.58560485, -0.25383682, ..., -0.08765717,
          0.09508602,  0.        ]],

       [[ 0.        , -0.05362664, -0.05362664, ...,  0.92086502,
          0.91162965,  0.91402292],
        [ 0.05362664,  0.        ,  0.        , ...,  0.89863191,
          0.88827664,  0.89095337],
        [ 0.05362664,  0.        ,  0.        , ...,  0.89863191,
          0.88827664,  0.89095337],
        ...,
        [-0.92086502, -0.89863191, -0.89863191, ...,  0.        ,
          0.02305958,  0.0171998 ],
        [-0.91162965, -0.88827664, -0.88827664, ..., -0.02305958,
          0.        , -0.00586094],
        [-0.91402292, -0.89095337, -0.89095337, ..., -0.0171998 ,
          0.00586094,  0.        ]],

       ...,

       [[ 0.        ,  0.59902505,  0.70389714, ...,  0.94576677,
          0.96314305,  0.90819873],
        [-0.59902505,  0.        ,  0.13814312, ...,  0.56271295,
          0.61008624,  0.47650676],
        [-0.70389714, -0.13814312,  0.        , ...,  0.44312147,
          0.49478126,  0.35048674],
        ...,
        [-0.94576677, -0.56271295, -0.44312147, ...,  0.        ,
          0.05847206, -0.10081536],
        [-0.96314305, -0.61008624, -0.49478126, ..., -0.05847206,
          0.        , -0.15881702],
        [-0.90819873, -0.47650676, -0.35048674, ...,  0.10081536,
          0.15881702,  0.        ]],

       [[ 0.        , -0.11056967, -0.17800995, ...,  0.99948033,
          0.99454341,  0.99501483],
        [ 0.11056967,  0.        , -0.06811473, ...,  0.99691607,
          0.97691023,  0.99994056],
        [ 0.17800995,  0.06811473,  0.        , ...,  0.98925541,
          0.96008862,  0.99687555],
        ...,
        [-0.99948033, -0.99691607, -0.98925541, ...,  0.        ,
          0.13632812, -0.06760129],
        [-0.99454341, -0.97691023, -0.96008862, ..., -0.13632812,
          0.        , -0.2029864 ],
        [-0.99501483, -0.99994056, -0.99687555, ...,  0.06760129,
          0.2029864 ,  0.        ]],

       [[ 0.        ,  0.02657853,  0.02787257, ...,  0.9848287 ,
          0.97613275,  0.80994167],
        [-0.02657853,  0.        ,  0.00129452, ...,  0.98909295,
          0.9815601 ,  0.82524413],
        [-0.02787257, -0.00129452,  0.        , ...,  0.98928279,
          0.98180673,  0.82597455],
        ...,
        [-0.9848287 , -0.98909295, -0.98928279, ...,  0.        ,
          0.04449223,  0.43706368],
        [-0.97613275, -0.9815601 , -0.98180673, ..., -0.04449223,
          0.        ,  0.3966132 ],
        [-0.80994167, -0.82524413, -0.82597455, ..., -0.43706368,
