state_0,state_1,state_2,state_3,state_4,state_5,state_6,state_7,state_8,state_9,state_10,state_11,state_12,state_13,state_14,state_15,state_16,state_17,state_18,state_19,state_20,state_21,state_22,state_23,state_24,state_25,state_26,state_27,state_28,state_29,state_30,state_31,state_32,state_33,state_34,state_35,state_36,state_37,state_38,state_39,state_40,state_41,state_42,state_43,state_44,state_45,state_46,state_47,state_48,state_49,state_50,state_51,state_52,state_53,state_54,state_55,state_56,state_57,state_58,state_59,state_60,state_61,state_62,state_63,state_64,state_65,state_66,state_67,state_68,state_69,state_70,state_71,state_72,state_73,state_74,state_75,state_76,state_77,state_78,state_79,state_80,state_81,state_82,state_83,state_84,state_85,state_86,state_87,state_88,state_89,state_90,state_91,state_92,state_93,state_94,state_95,state_96,state_97,state_98,state_99,state_100,state_101,state_102,state_103,state_104,state_105,state_106,state_107,state_108,state_109,state_110,state_111,state_112,state_113,state_114,state_115,state_116,state_117,state_118,state_119,state_120,state_121,state_122,state_123,state_124,state_125,state_126,state_127,state_128,state_129,state_130,state_131,state_132,state_133,state_134,state_135,state_136,state_137,state_138,state_139,state_140,state_141,state_142,state_143,state_144,state_145,state_146,state_147,state_148,state_149,state_150,state_151,state_152,state_153,state_154,state_155,state_156,state_157,state_158,state_159,state_160,state_161,state_162,state_163,state_164,state_165,state_166,state_167,state_168,state_169,state_170,state_171,state_172,state_173,state_174,state_175,state_176,state_177,state_178,state_179,state_180,state_181,state_182,state_183,state_184,state_185,state_186,state_187,state_188,state_189,state_190,state_191,state_192,state_193,state_194,state_195,state_196,state_197,state_198,state_199,state_200,state_201,state_202,state_203,state_204,state_205,state_206,state_207,state_208,state_209,state_210,state_211,state_212,state_213,state_214,state_215,state_216,state_217,state_218,state_219,state_220,state_221,state_222,state_223,state_224,state_225,state_226,state_227,state_228,state_229,state_230,state_231,state_232,state_233,state_234,state_235,state_236,state_237,state_238,state_239,state_240,state_241,state_242,state_243,state_244,state_245,state_246,state_247,state_248,state_249,state_250,state_251,state_252,state_253,state_254,state_255,state_256,state_257,state_258,state_259,state_260,state_261,state_262,state_263,state_264,state_265,state_266,state_267,state_268,state_269,state_270,state_271,state_272,state_273,state_274,state_275,state_276,state_277,state_278,state_279,state_280,state_281,state_282,state_283,state_284,state_285,state_286,state_287
{'img': array([[[ 0.        ,  0.82110564,  0.86733955, ...,  0.99237097,
          0.98993075,  0.99948904],
        [-0.82110564,  0.        ,  0.08637867, ...,  0.46518959,
          0.68125853,  0.54423922],
        [-0.86733955, -0.08637867,  0.        , ...,  0.38698753,
          0.61547935,  0.4697394 ],
        ...,
        [-0.99237097, -0.46518959, -0.38698753, ...,  0.        ,
          0.26251886,  0.09150506],
        [-0.98993075, -0.68125853, -0.61547935, ..., -0.26251886,
          0.        , -0.17312181],
        [-0.99948904, -0.54423922, -0.4697394 , ..., -0.09150506,
          0.17312181,  0.        ]],

       [[ 0.        , -0.20386219, -0.66170425, ..., -0.95685414,
         -0.96865817, -0.94638298],
        [ 0.20386219,  0.        , -0.49495947, ..., -0.99599578,
         -0.89767708, -0.86065152],
        [ 0.66170425,  0.49495947,  0.        , ..., -0.90968623,
         -0.56190022, -0.49580333],
        ...,
        [ 0.95685414,  0.99599578,  0.90968623, ...,  0.        ,
          0.51914196,  0.58409794],
        [ 0.96865817,  0.89767708,  0.56190022, ..., -0.51914196,
          0.        ,  0.07784272],
        [ 0.94638298,  0.86065152,  0.49580333, ..., -0.58409794,
         -0.07784272,  0.        ]],

       [[ 0.        ,  0.15214258,  0.27855909, ...,  0.9999939 ,
          0.99991801,  0.99994511],
        [-0.15214258,  0.        ,  0.12919563, ...,  0.98888388,
          0.99022579,  0.98671026],
        [-0.27855909, -0.12919563,  0.        , ...,  0.96138608,
          0.96390746,  0.95744783],
        ...,
        [-0.9999939 , -0.98888388, -0.96138608, ...,  0.        ,
          0.00931336, -0.01396948],
        [-0.99991801, -0.99022579, -0.96390746, ..., -0.00931336,
          0.        , -0.02328133],
        [-0.99994511, -0.98671026, -0.95744783, ...,  0.01396948,
          0.02328133,  0.        ]],

       ...,

       [[ 0.        ,  0.30687   ,  0.58675354, ..., -0.92348692,
         -0.75020811, -0.99345641],
        [-0.30687   ,  0.        ,  0.30995077, ..., -0.99665452,
         -0.91691464, -0.98057177],
        [-0.58675354, -0.30995077,  0.        , ..., -0.97290412,
         -0.99545518, -0.87148102],
        ...,
        [ 0.92348692,  0.99665452,  0.97290412, ...,  0.        ,
          0.32280892, -0.27564643],
        [ 0.75020811,  0.91691464,  0.99545518, ..., -0.32280892,
          0.        , -0.57119247],
        [ 0.99345641,  0.98057177,  0.87148102, ...,  0.27564643,
          0.57119247,  0.        ]],

       [[ 0.        ,  0.27380856,  0.44870204, ...,  0.44833613,
          0.5527766 ,  0.670552  ],
        [-0.27380856,  0.        ,  0.18685692, ...,  0.67595051,
          0.75982455,  0.84805464],
        [-0.44870204, -0.18685692,  0.        , ...,  0.80174874,
          0.86792282,  0.93213509],
        ...,
        [-0.44833613, -0.67595051, -0.80174874, ...,  0.        ,
         -0.12049596, -0.26677921],
        [-0.5527766 , -0.75982455, -0.86792282, ...,  0.12049596,
          0.        , -0.1487065 ],
        [-0.670552  , -0.84805464, -0.93213509, ...,  0.26677921,
          0.1487065 ,  0.        ]],

       [[ 0.        , -0.02963716, -0.07382813, ...,  0.85048993,
          0.87855625,  0.90555745],
        [ 0.02963716,  0.        , -0.04423942, ...,  0.83452744,
          0.86401446,  0.89258687],
        [ 0.07382813,  0.04423942,  0.        , ...,  0.80933597,
          0.84089546,  0.87176652],
        ...,
        [-0.85048993, -0.83452744, -0.80933597, ...,  0.        ,
         -0.0558859 , -0.11551742],
        [-0.87855625, -0.86401446, -0.84089546, ...,  0.0558859 ,
          0.        , -0.05982512],
        [-0.90555745, -0.89258687, -0.87176652, ...,  0.11551742,
          0.05982512,  0.        ]]]), 'num': array([ 7.07084379e-01,  7.07084379e-01,  0.00000000e+00,  1.02514410e-03,
        1.03198409e-03,  1.01317411e-03,  7.39186181e-03, -9.40499174e-06,
        1.03472009e-03,  1.06904831e-03,  1.03600259e-03,  2.37947904e-07,
        1.13029939e-03,  1.00779724e-03])}
{'img': array([[[ 0.        ,  0.10008286,  0.13551922, ...,  0.73221481,
          0.5946558 ,  0.50445867],
        [-0.10008286,  0.        ,  0.03567923, ...,  0.66037462,
          0.51120544,  0.41551071],
        [-0.13551922, -0.03567923,  0.        , ...,  0.63316133,
          0.48021513,  0.38279274],
        ...,
        [-0.73221481, -0.66037462, -0.63316133, ...,  0.        ,
         -0.18368189, -0.28864694],
        [-0.5946558 , -0.51120544, -0.48021513, ...,  0.18368189,
          0.        , -0.10787225],
        [-0.50445867, -0.41551071, -0.38279274, ...,  0.28864694,
          0.10787225,  0.        ]],

       [[ 0.        , -0.49495947, -0.67840089, ..., -0.89767708,
         -0.86065152, -0.91560091],
        [ 0.49495947,  0.        , -0.22583071, ..., -0.56190022,
         -0.49580333, -0.59656294],
        [ 0.67840089,  0.22583071,  0.        , ..., -0.36057611,
         -0.28687577, -0.39990756],
        ...,
        [ 0.89767708,  0.56190022,  0.36057611, ...,  0.        ,
          0.07784272, -0.04251768],
        [ 0.86065152,  0.49580333,  0.28687577, ..., -0.07784272,
          0.        , -0.120161  ],
        [ 0.91560091,  0.59656294,  0.39990756, ...,  0.04251768,
          0.120161  ,  0.        ]],

       [[ 0.        ,  0.23540669,  0.43733756, ...,  0.99997532,
          0.99986562,  0.99736117],
        [-0.23540669,  0.        ,  0.21334642, ...,  0.97352688,
          0.96790722,  0.95224187],
        [-0.43733756, -0.21334642,  0.        , ...,  0.90234786,
          0.89200711,  0.86517383],
        ...,
        [-0.99997532, -0.97352688, -0.90234786, ...,  0.        ,
         -0.02341786, -0.07960496],
        [-0.99986562, -0.96790722, -0.89200711, ...,  0.02341786,
          0.        , -0.05623959],
        [-0.99736117, -0.95224187, -0.86517383, ...,  0.07960496,
          0.05623959,  0.        ]],

       ...,

       [[ 0.        ,  0.30995077,  0.58447373, ..., -0.91691464,
         -0.98057177, -0.99240345],
        [-0.30995077,  0.        ,  0.30419195, ..., -0.99545518,
         -0.87148102, -0.98166216],
        [-0.58447373, -0.30419195,  0.        , ..., -0.97724987,
         -0.68099758, -0.87715414],
        ...,
        [ 0.91691464,  0.99545518,  0.97724987, ...,  0.        ,
         -0.57119247, -0.28324743],
        [ 0.98057177,  0.87148102,  0.68099758, ...,  0.57119247,
          0.        ,  0.31530628],
        [ 0.99240345,  0.98166216,  0.87715414, ...,  0.28324743,
         -0.31530628,  0.        ]],

       [[ 0.        ,  0.36611261,  0.44574359, ...,  0.55764027,
          0.67607373,  0.7357434 ],
        [-0.36611261,  0.        ,  0.08706625, ...,  0.82282737,
          0.89889851,  0.93261472],
        [-0.44574359, -0.08706625,  0.        , ...,  0.8691817 ,
          0.93363365,  0.96049305],
        ...,
        [-0.55764027, -0.82282737, -0.8691817 , ...,  0.        ,
         -0.15030882, -0.23306021],
        [-0.67607373, -0.89889851, -0.93363365, ...,  0.15030882,
          0.        , -0.08424278],
        [-0.7357434 , -0.93261472, -0.96049305, ...,  0.23306021,
          0.08424278,  0.        ]],

       [[ 0.        , -0.04423942, -0.08209768, ...,  0.86401446,
          0.89258687,  0.9310422 ],
        [ 0.04423942,  0.        , -0.03792722, ...,  0.84089546,
          0.87176652,  0.9139872 ],
        [ 0.08209768,  0.03792722,  0.        , ...,  0.81976432,
          0.85255793,  0.89794088],
        ...,
        [-0.86401446, -0.84089546, -0.81976432, ...,  0.        ,
         -0.05982512, -0.15346019],
        [-0.89258687, -0.87176652, -0.85255793, ...,  0.05982512,
          0.        , -0.09406884],
        [-0.9310422 , -0.9139872 , -0.89794088, ...,  0.15346019,
          0.09406884,  0.        ]]]), 'num': array([ 9.80669672e-01,  1.94776958e-01,  6.75746099e-06,  1.41347610e-03,
        1.43899889e-03,  1.39403017e-03,  1.82136666e-02, -4.37533446e-05,
        1.45868789e-03,  1.51258958e-03,  1.47290773e-03,  2.97538881e-07,
        1.60951027e-03,  1.41566889e-03])}
{'img': array([[[ 0.        ,  0.03567923,  0.08187576, ...,  0.51120544,
          0.41551071,  0.04737113],
        [-0.03567923,  0.        ,  0.0462642 , ...,  0.48021513,
          0.38279274,  0.0117018 ],
        [-0.08187576, -0.0462642 ,  0.        , ...,  0.43912026,
          0.33964241, -0.03457176],
        ...,
        [-0.51120544, -0.48021513, -0.43912026, ...,  0.        ,
         -0.10787225, -0.46991801],
        [-0.41551071, -0.38279274, -0.33964241, ...,  0.10787225,
          0.        , -0.37195601],
        [-0.04737113, -0.0117018 ,  0.03457176, ...,  0.46991801,
          0.37195601,  0.        ]],

       [[ 0.        , -0.22583071,  0.30774706, ..., -0.49580333,
         -0.59656294,  0.10617692],
        [ 0.22583071,  0.        ,  0.51466764, ..., -0.28687577,
         -0.39990756,  0.32798816],
        [-0.30774706, -0.51466764,  0.        , ..., -0.73899938,
         -0.81459809, -0.20498348],
        ...,
        [ 0.49580333,  0.28687577,  0.73899938, ...,  0.        ,
         -0.120161  ,  0.58520842],
        [ 0.59656294,  0.39990756,  0.81459809, ...,  0.120161  ,
          0.        ,  0.67840475],
        [-0.10617692, -0.32798816,  0.20498348, ..., -0.58520842,
         -0.67840475,  0.        ]],

       [[ 0.        ,  0.37662503,  0.5697    , ...,  0.99952313,
          0.99613054,  0.97841476],
        [-0.37662503,  0.        ,  0.21822028, ...,  0.91429429,
          0.8896812 ,  0.82854009],
        [-0.5697    , -0.21822028,  0.        , ...,  0.80386913,
          0.76860396,  0.68638386],
        ...,
        [-0.99952313, -0.91429429, -0.80386913, ...,  0.        ,
         -0.0570847 , -0.17633995],
        [-0.99613054, -0.8896812 , -0.76860396, ...,  0.0570847 ,
          0.        , -0.11986226],
        [-0.97841476, -0.82854009, -0.68638386, ...,  0.17633995,
          0.11986226,  0.        ]],

       ...,

       [[ 0.        ,  0.29770491,  0.08414826, ..., -0.98804441,
         -0.99926223, -0.86107689],
        [-0.29770491,  0.        , -0.21631622, ..., -0.8973474 ,
         -0.94252007, -0.67065845],
        [-0.08414826,  0.21631622,  0.        , ..., -0.97156695,
         -0.99248632, -0.81523559],
        ...,
        [ 0.98804441,  0.8973474 ,  0.97156695, ...,  0.        ,
          0.11610931, -0.36964381],
        [ 0.99926223,  0.94252007,  0.99248632, ..., -0.11610931,
          0.        , -0.4750294 ],
        [ 0.86107689,  0.67065845,  0.81523559, ...,  0.36964381,
          0.4750294 ,  0.        ]],

       [[ 0.        ,  0.26836725,  0.42219728, ...,  0.68624582,
          0.74626082,  0.72086878],
        [-0.26836725,  0.        ,  0.1634337 , ...,  0.85627425,
          0.89752513,  0.88042263],
        [-0.42219728, -0.1634337 ,  0.        , ...,  0.92917807,
          0.95752556,  0.94608335],
        ...,
        [-0.68624582, -0.85627425, -0.92917807, ...,  0.        ,
         -0.08600546, -0.04872064],
        [-0.74626082, -0.89752513, -0.95752556, ...,  0.08600546,
          0.        ,  0.03736321],
        [-0.72086878, -0.88042263, -0.94608335, ...,  0.04872064,
         -0.03736321,  0.        ]],

       [[ 0.        , -0.03792722, -0.09757451, ...,  0.87176652,
          0.9139872 ,  0.97735291],
        [ 0.03792722,  0.        , -0.05975806, ...,  0.85255793,
          0.89794088,  0.96862371],
        [ 0.09757451,  0.05975806,  0.        , ...,  0.81980279,
          0.87003568,  0.95204088],
        ...,
        [-0.87176652, -0.85255793, -0.81980279, ...,  0.        ,
         -0.09406884, -0.2943466 ],
        [-0.9139872 , -0.89794088, -0.87003568, ...,  0.09406884,
          0.        , -0.2031399 ],
        [-0.97735291, -0.96862371, -0.95204088, ...,  0.2943466 ,
          0.2031399 ,  0.        ]]]), 'num': array([ 9.66439555e-01,  2.56598521e-01,  6.12459908e-06,  1.39184516e-03,
        1.41105959e-03,  1.36662623e-03,  1.16261343e-02, -4.80360712e-06,
        1.43147492e-03,  1.48713672e-03,  1.45537287e-03,  3.63349770e-07,
        1.59025853e-03,  1.38401491e-03])}
{'img': array([[[ 0.        ,  0.0462642 ,  0.21850362, ...,  0.38279274,
          0.0117018 , -0.03567923],
        [-0.0462642 ,  0.        ,  0.17312338, ...,  0.33964241,
         -0.03457176, -0.08187576],
        [-0.21850362, -0.17312338,  0.        , ...,  0.17168187,
         -0.20706962, -0.25318157],
        ...,
        [-0.38279274, -0.33964241, -0.17168187, ...,  0.        ,
         -0.37195601, -0.41551071],
        [-0.0117018 ,  0.03457176,  0.20706962, ...,  0.37195601,
          0.        , -0.04737113],
        [ 0.03567923,  0.08187576,  0.25318157, ...,  0.41551071,
          0.04737113,  0.        ]],

       [[ 0.        ,  0.51466764,  0.87031257, ..., -0.39990756,
          0.32798816, -0.25511389],
        [-0.51466764,  0.        ,  0.99967079, ..., -0.81459809,
         -0.20498348, -0.71636985],
        [-0.87031257, -0.99967079,  0.        , ..., -0.60073537,
         -0.98370257, -0.71587127],
        ...,
        [ 0.39990756,  0.81459809,  0.60073537, ...,  0.        ,
          0.67840475,  0.15284899],
        [-0.32798816,  0.20498348,  0.98370257, ..., -0.67840475,
          0.        , -0.55813681],
        [ 0.25511389,  0.71636985,  0.71587127, ..., -0.15284899,
          0.55813681,  0.        ]],

       [[ 0.        ,  0.28730221,  0.56138091, ...,  0.94057177,
          0.89150587,  0.83957329],
        [-0.28730221,  0.        ,  0.29995397, ...,  0.80335087,
          0.72376943,  0.64810096],
        [-0.56138091, -0.29995397,  0.        , ...,  0.58773512,
          0.48346171,  0.38982702],
        ...,
        [-0.94057177, -0.80335087, -0.58773512, ...,  0.        ,
         -0.12333672, -0.2258474 ],
        [-0.89150587, -0.72376943, -0.48346171, ...,  0.12333672,
          0.        , -0.103973  ],
        [-0.83957329, -0.64810096, -0.38982702, ...,  0.2258474 ,
          0.103973  ,  0.        ]],

       ...,

       [[ 0.        , -0.21631622,  0.09805997, ..., -0.94252007,
         -0.67065845, -0.98372953],
        [ 0.21631622,  0.        ,  0.31101192, ..., -0.99248632,
         -0.81523559, -0.99930058],
        [-0.09805997, -0.31101192,  0.        , ..., -0.9052109 ,
         -0.59468864, -0.96137141],
        ...,
        [ 0.94252007,  0.99248632,  0.9052109 , ...,  0.        ,
         -0.4750294 ,  0.15938359],
        [ 0.67065845,  0.81523559,  0.59468864, ...,  0.4750294 ,
          0.        ,  0.60920974],
        [ 0.98372953,  0.99930058,  0.96137141, ..., -0.15938359,
         -0.60920974,  0.        ]],

       [[ 0.        ,  0.3352596 ,  0.55609781, ...,  0.75178649,
          0.72633884,  0.72720242],
        [-0.3352596 ,  0.        ,  0.24527419, ...,  0.92934983,
          0.91473882,  0.91524608],
        [-0.55609781, -0.24527419,  0.        , ...,  0.99151699,
          0.98589895,  0.98610856],
        ...,
        [-0.75178649, -0.92934983, -0.99151699, ...,  0.        ,
          0.03777789,  0.03652151],
        [-0.72633884, -0.91473882, -0.98589895, ..., -0.03777789,
          0.        , -0.00125725],
        [-0.72720242, -0.91524608, -0.98610856, ..., -0.03652151,
          0.00125725,  0.        ]],

       [[ 0.        , -0.05975806, -0.19954017, ...,  0.89794088,
          0.96862371,  0.99572766],
        [ 0.05975806,  0.        , -0.14062726, ...,  0.87003568,
          0.95204088,  0.98843021],
        [ 0.19954017,  0.14062726,  0.        , ...,  0.79206214,
          0.89955224,  0.95727796],
        ...,
        [-0.89794088, -0.87003568, -0.79206214, ...,  0.        ,
         -0.2031399 , -0.35532114],
        [-0.96862371, -0.95204088, -0.89955224, ...,  0.2031399 ,
          0.        , -0.15802873],
        [-0.99572766, -0.98843021, -0.95727796, ...,  0.35532114,
          0.15802873,  0.        ]]]), 'num': array([9.91192100e-01, 1.31602118e-01, 7.13352643e-06, 1.43504163e-03,
       1.43623253e-03, 1.39574173e-03, 1.42283246e-02, 5.47816721e-05,
       1.41384350e-03, 1.46969699e-03, 1.44411236e-03, 5.16059230e-07,
       1.56926669e-03, 1.37012728e-03])}
{'img': array([[[ 0.        ,  0.17312338,  0.18338061, ..., -0.03457176,
         -0.08187576,  0.39467029],
        [-0.17312338,  0.        ,  0.01042404, ..., -0.20706962,
         -0.25318157,  0.22964112],
        [-0.18338061, -0.01042404,  0.        , ..., -0.21725648,
         -0.26325223,  0.21948318],
        ...,
        [ 0.03457176,  0.20706962,  0.21725648, ...,  0.        ,
         -0.04737113,  0.42619968],
        [ 0.08187576,  0.25318157,  0.26325223, ...,  0.04737113,
          0.        ,  0.46857452],
        [-0.39467029, -0.22964112, -0.21948318, ..., -0.42619968,
         -0.46857452,  0.        ]],

       [[ 0.        ,  0.99967079,  0.10944769, ..., -0.20498348,
         -0.71636985, -0.49915203],
        [-0.99967079,  0.        , -0.99085718, ..., -0.98370257,
         -0.71587127, -0.87903612],
        [-0.10944769,  0.99085718,  0.        , ..., -0.31087567,
         -0.78843022, -0.59099141],
        ...,
        [ 0.20498348,  0.98370257,  0.31087567, ...,  0.        ,
         -0.55813681, -0.31093161],
        [ 0.71636985,  0.71587127,  0.78843022, ...,  0.55813681,
          0.        ,  0.27247607],
        [ 0.49915203,  0.87903612,  0.59099141, ...,  0.31093161,
         -0.27247607,  0.        ]],

       [[ 0.        ,  0.29995397,  0.39478092, ...,  0.72376943,
          0.64810096,  0.59908081],
        [-0.29995397,  0.        ,  0.10101241, ...,  0.48346171,
          0.38982702,  0.33132562],
        [-0.39478092, -0.10101241,  0.        , ...,  0.3925661 ,
          0.294812  ,  0.23432407],
        ...,
        [-0.72376943, -0.48346171, -0.3925661 , ...,  0.        ,
         -0.103973  , -0.16612306],
        [-0.64810096, -0.38982702, -0.294812  , ...,  0.103973  ,
          0.        , -0.0626944 ],
        [-0.59908081, -0.33132562, -0.23432407, ...,  0.16612306,
          0.0626944 ,  0.        ]],

       ...,

       [[ 0.        ,  0.31101192,  0.11849531, ..., -0.81523559,
         -0.99930058, -0.81221414],
        [-0.31101192,  0.        , -0.19620207, ..., -0.59468864,
         -0.96137141, -0.95336493],
        [-0.11849531,  0.19620207,  0.        , ..., -0.74086782,
         -0.99669119, -0.87561713],
        ...,
        [ 0.81523559,  0.59468864,  0.74086782, ...,  0.        ,
          0.60920974,  0.94595248],
        [ 0.99930058,  0.96137141,  0.99669119, ..., -0.60920974,
          0.        ,  0.55257904],
        [ 0.81221414,  0.95336493,  0.87561713, ..., -0.94595248,
         -0.55257904,  0.        ]],

       [[ 0.        ,  0.46429033,  0.63865814, ...,  0.7350438 ,
          0.73591065,  0.80306424],
        [-0.46429033,  0.        ,  0.20838165, ...,  0.9658138 ,
          0.96614467,  0.9879275 ],
        [-0.63865814, -0.20838165,  0.        , ...,  0.99863205,
          0.99869812,  0.99852195],
        ...,
        [-0.7350438 , -0.9658138 , -0.99863205, ...,  0.        ,
         -0.00127939, -0.10648625],
        [-0.73591065, -0.96614467, -0.99869812, ...,  0.00127939,
          0.        , -0.10521405],
        [-0.80306424, -0.9879275 , -0.99852195, ...,  0.10648625,
          0.10521405,  0.        ]],

       [[ 0.        , -0.14062726, -0.30075029, ...,  0.95204088,
          0.98843021,  0.99183007],
        [ 0.14062726,  0.        , -0.16364499, ...,  0.89955224,
          0.95727796,  0.96403459],
        [ 0.30075029,  0.16364499,  0.        , ...,  0.81594335,
          0.89705207,  0.90754568],
        ...,
        [-0.95204088, -0.89955224, -0.81594335, ...,  0.        ,
         -0.15802873, -0.18202291],
        [-0.98843021, -0.95727796, -0.89705207, ...,  0.15802873,
          0.        , -0.02434696],
        [-0.99183007, -0.96403459, -0.90754568, ...,  0.18202291,
          0.02434696,  0.        ]]]), 'num': array([ 7.08604274e-01,  7.05575652e-01,  2.55795773e-08,  1.00954065e-03,
        1.01806718e-03,  1.00527739e-03,  5.87650714e-03, -1.79057041e-05,
        1.00783535e-03,  1.04697210e-03,  1.03419652e-03,  2.99485409e-07,
        1.11436057e-03,  9.79583626e-04])}
{'img': array([[[ 0.        ,  0.01042404, -0.02097857, ..., -0.25318157,
          0.22964112,  0.0208053 ],
        [-0.01042404,  0.        , -0.03139918, ..., -0.26325223,
          0.21948318,  0.01038238],
        [ 0.02097857,  0.03139918,  0.        , ..., -0.23283079,
          0.25000851,  0.04177475],
        ...,
        [ 0.25318157,  0.26325223,  0.23283079, ...,  0.        ,
          0.46857452,  0.27325421],
        [-0.22964112, -0.21948318, -0.25000851, ..., -0.46857452,
          0.        , -0.20934212],
        [-0.0208053 , -0.01038238, -0.04177475, ..., -0.27325421,
          0.20934212,  0.        ]],

       [[ 0.        , -0.99085718, -0.91290499, ..., -0.71587127,
         -0.87903612, -0.23987647],
        [ 0.99085718,  0.        , -0.52760483, ..., -0.78843022,
         -0.59099141, -0.99429046],
        [ 0.91290499,  0.52760483,  0.        , ..., -0.34522103,
         -0.07643412, -0.78834039],
        ...,
        [ 0.71587127,  0.78843022,  0.34522103, ...,  0.        ,
          0.27247607, -0.52748078],
        [ 0.87903612,  0.59099141,  0.07643412, ..., -0.27247607,
          0.        , -0.73900893],
        [ 0.23987647,  0.99429046,  0.78834039, ...,  0.52748078,
          0.73900893,  0.        ]],

       [[ 0.        ,  0.10101241,  0.16282598, ...,  0.38982702,
          0.33132562,  0.26458135],
        [-0.10101241,  0.        ,  0.06232877, ...,  0.294812  ,
          0.23432407,  0.16581539],
        [-0.16282598, -0.06232877,  0.        , ...,  0.2346802 ,
          0.17327502,  0.10402705],
        ...,
        [-0.38982702, -0.294812  , -0.2346802 , ...,  0.        ,
         -0.0626944 , -0.13228509],
        [-0.33132562, -0.23432407, -0.17327502, ...,  0.0626944 ,
          0.        , -0.06988143],
        [-0.26458135, -0.16581539, -0.10402705, ...,  0.13228509,
          0.06988143,  0.        ]],

       ...,

       [[ 0.        , -0.19620207, -0.16636492, ..., -0.96137141,
         -0.95336493, -0.99954966],
        [ 0.19620207,  0.        ,  0.03033648, ..., -0.99669119,
         -0.87561713, -0.98600951],
        [ 0.16636492, -0.03033648,  0.        , ..., -0.99376667,
         -0.88986682, -0.99061246],
        ...,
        [ 0.96137141,  0.99669119,  0.99376667, ...,  0.        ,
          0.55257904,  0.24628172],
        [ 0.95336493,  0.87561713,  0.88986682, ..., -0.55257904,
          0.        , -0.33029257],
        [ 0.99954966,  0.98600951,  0.99061246, ..., -0.24628172,
          0.33029257,  0.        ]],

       [[ 0.        ,  0.30735471,  0.46396373, ...,  0.88715039,
          0.93182859,  0.97842336],
        [-0.30735471,  0.        ,  0.16923411, ...,  0.98604608,
          0.99826208,  0.99456538],
        [-0.46396373, -0.16923411,  0.        , ...,  0.99999608,
          0.99383611,  0.96260003],
        ...,
        [-0.88715039, -0.98604608, -0.99999608, ...,  0.        ,
         -0.10807492, -0.26822899],
        [-0.93182859, -0.99826208, -0.99383611, ...,  0.10807492,
          0.        , -0.16254337],
        [-0.97842336, -0.99456538, -0.96260003, ...,  0.26822899,
          0.16254337,  0.        ]],

       [[ 0.        , -0.16364499,  0.01744753, ...,  0.95727796,
          0.96403459,  0.96908462],
        [ 0.16364499,  0.        ,  0.18083241, ...,  0.89705207,
          0.90754568,  0.91564478],
        [-0.01744753, -0.18083241,  0.        , ...,  0.96217754,
          0.96852499,  0.97324192],
        ...,
        [-0.95727796, -0.89705207, -0.96217754, ...,  0.        ,
         -0.02434696, -0.04404172],
        [-0.96403459, -0.90754568, -0.96852499, ...,  0.02434696,
          0.        , -0.01970533],
        [-0.96908462, -0.91564478, -0.97324192, ...,  0.04404172,
          0.01970533,  0.        ]]]), 'num': array([ 7.84194832e-01,  6.20412225e-01,  1.42419658e-06,  1.09188404e-03,
        1.12891315e-03,  1.08713672e-03,  1.08115510e-02, -3.22817891e-05,
        1.11296215e-03,  1.15801424e-03,  1.15111480e-03,  2.75309376e-07,
        1.22951155e-03,  1.08651692e-03])}
{'img': array([[[ 0.        , -0.03139918,  0.13187877, ...,  0.21948318,
          0.01038238, -0.3707325 ],
        [ 0.03139918,  0.        ,  0.16293869, ...,  0.25000851,
          0.04177475, -0.34138803],
        [-0.13187877, -0.16293869,  0.        , ...,  0.0889031 ,
         -0.12157996, -0.48997552],
        ...,
        [-0.21948318, -0.25000851, -0.0889031 , ...,  0.        ,
         -0.20934212, -0.5655354 ],
        [-0.01038238, -0.04177475,  0.12157996, ...,  0.20934212,
          0.        , -0.38035505],
        [ 0.3707325 ,  0.34138803,  0.48997552, ...,  0.5655354 ,
          0.38035505,  0.        ]],

       [[ 0.        , -0.53860464, -0.55504205, ..., -0.60252752,
         -0.99677668, -0.65274428],
        [ 0.53860464,  0.        , -0.01963212, ..., -0.07780541,
         -0.79663258, -0.14194013],
        [ 0.55504205,  0.01963212,  0.        , ..., -0.05821781,
         -0.78461214, -0.12247942],
        ...,
        [ 0.60252752,  0.07780541,  0.05821781, ...,  0.        ,
         -0.74718708, -0.0644922 ],
        [ 0.99677668,  0.79663258,  0.78461214, ...,  0.74718708,
          0.        ,  0.70276919],
        [ 0.65274428,  0.14194013,  0.12247942, ...,  0.0644922 ,
         -0.70276919,  0.        ]],

       [[ 0.        ,  0.06232877,  0.15769791, ...,  0.23432407,
          0.16581539,  0.0270613 ],
        [-0.06232877,  0.        ,  0.09584241, ...,  0.17327502,
          0.10402705, -0.03529727],
        [-0.15769791, -0.09584241,  0.        , ...,  0.0780847 ,
          0.00822574, -0.13091746],
        ...,
        [-0.23432407, -0.17327502, -0.0780847 , ...,  0.        ,
         -0.06988143, -0.20793039],
        [-0.16581539, -0.10402705, -0.00822574, ...,  0.06988143,
          0.        , -0.13906798],
        [-0.0270613 ,  0.03529727,  0.13091746, ...,  0.20793039,
          0.13906798,  0.        ]],

       ...,

       [[ 0.        ,  0.03033648, -0.10266628, ..., -0.87561713,
         -0.98600951, -0.98729627],
        [-0.03033648,  0.        , -0.13279521, ..., -0.88986682,
         -0.99061246, -0.9820217 ],
        [ 0.10266628,  0.13279521,  0.        , ..., -0.82140183,
         -0.96368595, -0.99839192],
        ...,
        [ 0.87561713,  0.88986682,  0.82140183, ...,  0.        ,
         -0.33029257, -0.61599677],
        [ 0.98600951,  0.99061246,  0.96368595, ...,  0.33029257,
          0.        , -0.32123864],
        [ 0.98729627,  0.9820217 ,  0.99839192, ...,  0.61599677,
          0.32123864,  0.        ]],

       [[ 0.        ,  0.16923411,  0.29124111, ...,  0.99826208,
          0.99456538,  0.96328131],
        [-0.16923411,  0.        ,  0.12514246, ...,  0.99383611,
          0.96260003,  0.90394845],
        [-0.29124111, -0.12514246,  0.        , ...,  0.97215014,
          0.92112842,  0.84332622],
        ...,
        [-0.99826208, -0.99383611, -0.97215014, ...,  0.        ,
         -0.16254337, -0.32479439],
        [-0.99456538, -0.96260003, -0.92112842, ...,  0.16254337,
          0.        , -0.16674406],
        [-0.96328131, -0.90394845, -0.84332622, ...,  0.32479439,
          0.16674406,  0.        ]],

       [[ 0.        ,  0.18083241,  0.44726959, ...,  0.90754568,
          0.91564478,  0.93598228],
        [-0.18083241,  0.        ,  0.27815951, ...,  0.96852499,
          0.97324192,  0.98421313],
        [-0.44726959, -0.27815951,  0.        , ...,  0.9995405 ,
          0.99874912,  0.99460176],
        ...,
        [-0.90754568, -0.96852499, -0.9995405 , ...,  0.        ,
         -0.01970533, -0.07357008],
        [-0.91564478, -0.97324192, -0.99874912, ...,  0.01970533,
          0.        , -0.05390387],
        [-0.93598228, -0.98421313, -0.99460176, ...,  0.07357008,
          0.05390387,  0.        ]]]), 'num': array([ 7.48029315e-01,  6.63503134e-01,  7.54024812e-07,  1.01838773e-03,
        1.07652940e-03,  9.99309992e-04,  1.43725033e-02, -2.63454452e-05,
        1.05726997e-03,  1.10019488e-03,  1.10046742e-03,  2.55812863e-07,
        1.17198644e-03,  1.02840331e-03])}
{'img': array([[[ 0.        ,  0.16293869, -0.48479783, ...,  0.04177475,
         -0.34138803, -0.77855084],
        [-0.16293869,  0.        , -0.62082953, ..., -0.12157996,
         -0.48997552, -0.87040375],
        [ 0.48479783,  0.62082953,  0.        , ...,  0.52091192,
          0.15708542, -0.37669083],
        ...,
        [-0.04177475,  0.12157996, -0.52091192, ...,  0.        ,
         -0.38035505, -0.80408827],
        [ 0.34138803,  0.48997552, -0.15708542, ...,  0.38035505,
          0.        , -0.51752858],
        [ 0.77855084,  0.87040375,  0.37669083, ...,  0.80408827,
          0.51752858,  0.        ]],

       [[ 0.        , -0.01963212,  0.50271621, ..., -0.79663258,
         -0.14194013,  0.3228727 ],
        [ 0.01963212,  0.        ,  0.51959034, ..., -0.78461214,
         -0.12247942,  0.34139115],
        [-0.50271621, -0.51959034,  0.        , ..., -0.99252401,
         -0.62032669, -0.19668414],
        ...,
        [ 0.79663258,  0.78461214,  0.99252401, ...,  0.        ,
          0.70276919,  0.94913173],
        [ 0.14194013,  0.12247942,  0.62032669, ..., -0.70276919,
          0.        ,  0.45394186],
        [-0.3228727 , -0.34139115,  0.19668414, ..., -0.94913173,
         -0.45394186,  0.        ]],

       [[ 0.        ,  0.09584241,  0.02021855, ...,  0.10402705,
         -0.03529727, -0.16608939],
        [-0.09584241,  0.        , -0.07569734, ...,  0.00822574,
         -0.13091746, -0.25983603],
        [-0.02021855,  0.07569734,  0.        , ...,  0.08389693,
         -0.055496  , -0.18599317],
        ...,
        [-0.10402705, -0.00822574, -0.08389693, ...,  0.        ,
         -0.13906798, -0.26777045],
        [ 0.03529727,  0.13091746,  0.055496  , ...,  0.13906798,
          0.        , -0.13117888],
        [ 0.16608939,  0.25983603,  0.18599317, ...,  0.26777045,
          0.13117888,  0.        ]],

       ...,

       [[ 0.        , -0.13279521, -0.52527293, ..., -0.99061246,
         -0.9820217 , -0.96952223],
        [ 0.13279521,  0.        , -0.40762091, ..., -0.96368595,
         -0.99839192, -0.99347092],
        [ 0.52527293,  0.40762091,  0.        , ..., -0.77114069,
         -0.93479023, -0.95369288],
        ...,
        [ 0.99061246,  0.96368595,  0.77114069, ...,  0.        ,
         -0.32123864, -0.37523734],
        [ 0.9820217 ,  0.99839192,  0.93479023, ...,  0.32123864,
          0.        , -0.05758378],
        [ 0.96952223,  0.99347092,  0.95369288, ...,  0.37523734,
          0.05758378,  0.        ]],

       [[ 0.        ,  0.12514246, -0.02476998, ...,  0.96260003,
          0.90394845,  0.87395799],
        [-0.12514246,  0.        , -0.14967932, ...,  0.92112842,
          0.84332622,  0.8062682 ],
        [ 0.02476998,  0.14967932,  0.        , ...,  0.96901553,
          0.91426377,  0.88572809],
        ...,
        [-0.96260003, -0.92112842, -0.96901553, ...,  0.        ,
         -0.16674406, -0.23104664],
        [-0.90394845, -0.84332622, -0.91426377, ...,  0.16674406,
          0.        , -0.06557963],
        [-0.87395799, -0.8062682 , -0.88572809, ...,  0.23104664,
          0.06557963,  0.        ]],

       [[ 0.        ,  0.41429076,  0.72832192, ...,  0.91781085,
          0.93799026,  0.97784173],
        [-0.41429076,  0.        ,  0.37899167, ...,  0.99982144,
          0.99732546,  0.97670728],
        [-0.72832192, -0.37899167,  0.        , ...,  0.9180731 ,
          0.89522513,  0.82252245],
        ...,
        [-0.91781085, -0.99982144, -0.9180731 , ...,  0.        ,
         -0.05422916, -0.1960811 ],
        [-0.93799026, -0.99732546, -0.89522513, ...,  0.05422916,
          0.        , -0.14261612],
        [-0.97784173, -0.97670728, -0.82252245, ...,  0.1960811 ,
          0.14261612,  0.        ]]]), 'num': array([7.67142318e-01, 6.41373719e-01, 1.10614423e-06, 1.05687898e-03,
       1.07918777e-03, 1.03085206e-03, 1.10850989e-02, 1.48725274e-05,
       1.07770052e-03, 1.11878587e-03, 1.12532359e-03, 3.16580067e-07,
       1.19076414e-03, 1.04680760e-03])}
{'img': array([[[ 0.        , -0.62082953, -0.41047391, ..., -0.48997552,
         -0.87040375, -0.64566693],
        [ 0.62082953,  0.        ,  0.24432806, ...,  0.15708542,
         -0.37669083, -0.03209042],
        [ 0.41047391, -0.24432806,  0.        , ..., -0.08897016,
         -0.59160494, -0.27532007],
        ...,
        [ 0.48997552, -0.15708542,  0.08897016, ...,  0.        ,
         -0.51752858, -0.18869654],
        [ 0.87040375,  0.37669083,  0.59160494, ...,  0.51752858,
          0.        ,  0.34677021],
        [ 0.64566693,  0.03209042,  0.27532007, ...,  0.18869654,
         -0.34677021,  0.        ]],

       [[ 0.        ,  0.51959034, -0.04676865, ..., -0.12247942,
          0.34139115, -0.06070716],
        [-0.51959034,  0.        , -0.55898163, ..., -0.62032669,
         -0.19668414, -0.57050115],
        [ 0.04676865,  0.55898163,  0.        , ..., -0.07592887,
          0.38497643, -0.01395834],
        ...,
        [ 0.12247942,  0.62032669,  0.07592887, ...,  0.        ,
          0.45394186,  0.06200343],
        [-0.34139115,  0.19668414, -0.38497643, ..., -0.45394186,
          0.        , -0.39782145],
        [ 0.06070716,  0.57050115,  0.01395834, ..., -0.06200343,
          0.39782145,  0.        ]],

       [[ 0.        , -0.07569734, -0.14872419, ..., -0.13091746,
         -0.25983603, -0.33203768],
        [ 0.07569734,  0.        , -0.07344199, ..., -0.055496  ,
         -0.18599317, -0.25968227],
        [ 0.14872419,  0.07344199,  0.        , ...,  0.01798267,
         -0.11333039, -0.1880585 ],
        ...,
        [ 0.13091746,  0.055496  , -0.01798267, ...,  0.        ,
         -0.13117888, -0.20568991],
        [ 0.25983603,  0.18599317,  0.11333039, ...,  0.13117888,
          0.        , -0.07553857],
        [ 0.33203768,  0.25968227,  0.1880585 , ...,  0.20568991,
          0.07553857,  0.        ]],

       ...,

       [[ 0.        , -0.40762091, -0.5876097 , ..., -0.99839192,
         -0.99347092, -0.97574365],
        [ 0.40762091,  0.        , -0.2067523 , ..., -0.93479023,
         -0.95369288, -0.80176669],
        [ 0.5876097 ,  0.2067523 ,  0.        , ..., -0.84115404,
         -0.87089935, -0.66088032],
        ...,
        [ 0.99839192,  0.93479023,  0.84115404, ...,  0.        ,
         -0.05758378,  0.27387763],
        [ 0.99347092,  0.95369288,  0.87089935, ...,  0.05758378,
          0.        ,  0.32880522],
        [ 0.97574365,  0.80176669,  0.66088032, ..., -0.27387763,
         -0.32880522,  0.        ]],

       [[ 0.        , -0.14967932, -0.1671178 , ...,  0.84332622,
          0.8062682 ,  0.73009527],
        [ 0.14967932,  0.        , -0.01766079, ...,  0.91426377,
          0.88572809,  0.82415312],
        [ 0.1671178 ,  0.01766079,  0.        , ...,  0.92127591,
          0.89378816,  0.83402707],
        ...,
        [-0.84332622, -0.91426377, -0.92127591, ...,  0.        ,
         -0.06557963, -0.18392843],
        [-0.8062682 , -0.88572809, -0.89378816, ...,  0.06557963,
          0.        , -0.11907167],
        [-0.73009527, -0.82415312, -0.83402707, ...,  0.18392843,
          0.11907167,  0.        ]],

       [[ 0.        ,  0.64461122,  0.76045685, ...,  0.94878323,
          0.98507036,  0.99459991],
        [-0.64461122,  0.        ,  0.16277418, ...,  0.9290054 ,
          0.86406794,  0.82728212],
        [-0.76045685, -0.16277418,  0.        , ...,  0.85637836,
          0.77060768,  0.72480458],
        ...,
        [-0.94878323, -0.9290054 , -0.85637836, ...,  0.        ,
         -0.14787597, -0.21575375],
        [-0.98507036, -0.86406794, -0.77060768, ...,  0.14787597,
          0.        , -0.06898857],
        [-0.99459991, -0.82728212, -0.72480458, ...,  0.21575375,
          0.06898857,  0.        ]]]), 'num': array([ 9.03515477e-01,  4.28456293e-01,  4.25680272e-06,  1.23391996e-03,
        1.27482949e-03,  1.23391996e-03,  8.46508895e-03, -2.32189239e-05,
        1.26222493e-03,  1.32414206e-03,  1.33707832e-03,  3.55932624e-07,
        1.41781045e-03,  1.23047367e-03])}
{'img': array([[[ 0.        ,  0.24040365,  0.27507332, ..., -0.3593523 ,
         -0.03135209, -0.62853936],
        [-0.24040365,  0.        ,  0.03587659, ..., -0.57315874,
         -0.2707181 , -0.79708681],
        [-0.27507332, -0.03587659,  0.        , ..., -0.60218862,
         -0.30508073, -0.81823827],
        ...,
        [ 0.3593523 ,  0.57315874,  0.60218862, ...,  0.        ,
          0.3299178 , -0.30705794],
        [ 0.03135209,  0.2707181 ,  0.30508073, ..., -0.3299178 ,
          0.        , -0.60384541],
        [ 0.62853936,  0.79708681,  0.81823827, ...,  0.30705794,
          0.60384541,  0.        ]],

       [[ 0.        , -0.55898163, -0.9212063 , ..., -0.19668414,
