state_0,state_1,state_2,state_3,state_4,state_5,state_6,state_7,state_8,state_9,state_10,state_11,state_12,state_13,state_14,state_15,state_16,state_17,state_18,state_19,state_20,state_21,state_22,state_23,state_24,state_25,state_26,state_27,state_28,state_29,state_30,state_31,state_32,state_33,state_34,state_35,state_36,state_37,state_38,state_39,state_40,state_41,state_42,state_43,state_44,state_45,state_46,state_47,state_48,state_49,state_50,state_51,state_52,state_53,state_54,state_55,state_56,state_57,state_58,state_59,state_60,state_61,state_62,state_63,state_64,state_65,state_66,state_67,state_68,state_69,state_70,state_71,state_72,state_73,state_74,state_75,state_76,state_77,state_78,state_79,state_80,state_81,state_82,state_83,state_84,state_85,state_86,state_87,state_88,state_89,state_90,state_91,state_92,state_93,state_94,state_95,state_96,state_97,state_98,state_99,state_100,state_101,state_102,state_103,state_104,state_105,state_106,state_107,state_108,state_109,state_110,state_111,state_112,state_113,state_114,state_115,state_116,state_117,state_118,state_119,state_120,state_121,state_122,state_123,state_124,state_125,state_126,state_127,state_128,state_129,state_130,state_131,state_132,state_133,state_134,state_135,state_136,state_137,state_138,state_139,state_140,state_141,state_142,state_143,state_144,state_145,state_146,state_147,state_148,state_149,state_150,state_151,state_152,state_153,state_154,state_155,state_156,state_157,state_158,state_159,state_160,state_161,state_162,state_163,state_164,state_165,state_166,state_167,state_168,state_169,state_170,state_171,state_172,state_173,state_174,state_175,state_176,state_177,state_178,state_179,state_180,state_181,state_182,state_183,state_184,state_185,state_186,state_187,state_188,state_189,state_190,state_191,state_192,state_193,state_194,state_195,state_196,state_197,state_198,state_199,state_200,state_201,state_202,state_203,state_204,state_205,state_206,state_207,state_208,state_209,state_210,state_211,state_212,state_213,state_214,state_215,state_216,state_217,state_218,state_219,state_220,state_221,state_222,state_223,state_224,state_225,state_226,state_227,state_228,state_229,state_230,state_231,state_232,state_233,state_234,state_235,state_236,state_237,state_238,state_239,state_240,state_241,state_242,state_243,state_244,state_245,state_246,state_247,state_248,state_249,state_250,state_251,state_252,state_253,state_254,state_255,state_256,state_257,state_258,state_259,state_260,state_261,state_262,state_263,state_264,state_265,state_266,state_267,state_268,state_269,state_270,state_271,state_272,state_273,state_274,state_275,state_276,state_277,state_278,state_279,state_280,state_281,state_282,state_283,state_284,state_285,state_286,state_287
{'img': array([[[ 0.        ,  0.64829613,  0.28182501, ..., -0.94247998,
         -0.91514738, -0.98119101],
        [-0.64829613,  0.        , -0.40743972, ..., -0.50089206,
         -0.43544173, -0.62192066],
        [-0.28182501,  0.40743972,  0.        , ..., -0.81007376,
         -0.76444349, -0.88701591],
        ...,
        [ 0.94247998,  0.50089206,  0.81007376, ...,  0.        ,
         -0.07403244,  0.14603972],
        [ 0.91514738,  0.43544173,  0.76444349, ...,  0.07403244,
          0.        ,  0.21887768],
        [ 0.98119101,  0.62192066,  0.88701591, ..., -0.14603972,
         -0.21887768,  0.        ]],

       [[ 0.        ,  0.81178876,  0.08074144, ..., -0.42489584,
         -0.55220784, -0.27640003],
        [-0.81178876,  0.        , -0.76198928, ..., -0.98298392,
         -0.99925599, -0.94156777],
        [-0.08074144,  0.76198928,  0.        , ..., -0.49659915,
         -0.61771959, -0.35309357],
        ...,
        [ 0.42489584,  0.98298392,  0.49659915, ...,  0.        ,
         -0.14564345,  0.15813405],
        [ 0.55220784,  0.99925599,  0.61771959, ...,  0.14564345,
          0.        ,  0.30025881],
        [ 0.27640003,  0.94156777,  0.35309357, ..., -0.15813405,
         -0.30025881,  0.        ]],

       [[ 0.        ,  0.08890408,  0.25400053, ..., -0.63054393,
         -0.4791178 , -0.64250317],
        [-0.08890408,  0.        ,  0.16700635, ..., -0.55904388,
         -0.39918497, -0.5718333 ],
        [-0.25400053, -0.16700635,  0.        , ..., -0.41272124,
         -0.24045557, -0.4267954 ],
        ...,
        [ 0.63054393,  0.55904388,  0.41272124, ...,  0.        ,
         -0.18159133,  0.01550602],
        [ 0.4791178 ,  0.39918497,  0.24045557, ...,  0.18159133,
          0.        ,  0.19681772],
        [ 0.64250317,  0.5718333 ,  0.4267954 , ..., -0.01550602,
         -0.19681772,  0.        ]],

       ...,

       [[ 0.        ,  0.68667279,  0.73431656, ...,  0.29234668,
          0.30352372,  0.67058856],
        [-0.68667279,  0.        ,  0.06770522, ..., -0.44414743,
         -0.43362662, -0.02189862],
        [-0.73431656, -0.06770522,  0.        , ..., -0.50378902,
         -0.49364028, -0.08953735],
        ...,
        [-0.29234668,  0.44414743,  0.50378902, ...,  0.        ,
          0.0117086 ,  0.42442077],
        [-0.30352372,  0.43362662,  0.49364028, ..., -0.0117086 ,
          0.        ,  0.41378995],
        [-0.67058856,  0.02189862,  0.08953735, ..., -0.42442077,
         -0.41378995,  0.        ]],

       [[ 0.        , -0.3434941 , -0.49360879, ..., -0.43757765,
         -0.26718534, -0.        ],
        [ 0.3434941 ,  0.        , -0.16484373, ..., -0.71981641,
         -0.58193483, -0.3434941 ],
        [ 0.49360879,  0.16484373,  0.        , ..., -0.82439777,
         -0.70803055, -0.49360879],
        ...,
        [ 0.43757765,  0.71981641,  0.82439777, ...,  0.        ,
         -0.18142171, -0.43757765],
        [ 0.26718534,  0.58193483,  0.70803055, ...,  0.18142171,
          0.        , -0.26718534],
        [ 0.        ,  0.3434941 ,  0.49360879, ...,  0.43757765,
          0.26718534,  0.        ]],

       [[ 0.        ,  0.01161765,  0.02324428, ..., -0.70084776,
         -0.66842219, -0.64138194],
        [-0.01161765,  0.        ,  0.0116282 , ..., -0.69251346,
         -0.65973608, -0.63242534],
        [-0.02324428, -0.0116282 ,  0.        , ..., -0.684078  ,
         -0.65095291, -0.62337513],
        ...,
        [ 0.70084776,  0.69251346,  0.684078  , ...,  0.        ,
         -0.04448518, -0.08020092],
        [ 0.66842219,  0.65973608,  0.65095291, ...,  0.04448518,
          0.        , -0.03577964],
        [ 0.64138194,  0.63242534,  0.62337513, ...,  0.08020092,
          0.03577964,  0.        ]]]), 'num': array([7.07106507e-01, 7.07106507e-01, 0.00000000e+00, 9.21292295e-05,
       9.34006520e-05, 9.08578070e-05, 8.39588730e-04, 1.27142249e-06,
       8.97428673e-05, 9.37771887e-05, 1.06299070e-04, 3.62884246e-07,
       1.02236959e-04, 8.53174182e-05])}
{'img': array([[[ 0.        , -0.40743972, -0.59358374, ..., -0.43544173,
         -0.62192066, -0.68697492],
        [ 0.40743972,  0.        , -0.21418355, ..., -0.76444349,
         -0.88701591, -0.9234463 ],
        [ 0.59358374,  0.21418355,  0.        , ..., -0.88478553,
         -0.96532818, -0.98420444],
        ...,
        [ 0.43544173,  0.76444349,  0.88478553, ...,  0.        ,
          0.21887768,  0.30199916],
        [ 0.62192066,  0.88701591,  0.96532818, ..., -0.21887768,
          0.        ,  0.08601849],
        [ 0.68697492,  0.9234463 ,  0.98420444, ..., -0.30199916,
         -0.08601849,  0.        ]],

       [[ 0.        , -0.76198928, -0.81461072, ..., -0.99925599,
         -0.94156777, -0.91162871],
        [ 0.76198928,  0.        , -0.08557353, ..., -0.61771959,
         -0.35309357, -0.2771725 ],
        [ 0.81461072,  0.08557353,  0.        , ..., -0.54815882,
         -0.27173681, -0.19393502],
        ...,
        [ 0.99925599,  0.61771959,  0.54815882, ...,  0.        ,
          0.30025881,  0.37554942],
        [ 0.94156777,  0.35309357,  0.27173681, ..., -0.30025881,
          0.        ,  0.07994016],
        [ 0.91162871,  0.2771725 ,  0.19393502, ..., -0.37554942,
         -0.07994016,  0.        ]],

       [[ 0.        ,  0.16700635,  0.39918497, ..., -0.39918497,
         -0.5718333 , -0.72863554],
        [-0.16700635,  0.        ,  0.24045557, ..., -0.24045557,
         -0.4267954 , -0.60401953],
        [-0.39918497, -0.24045557,  0.        , ..., -0.        ,
         -0.19681772, -0.39466193],
        ...,
        [ 0.39918497,  0.24045557,  0.        , ...,  0.        ,
          0.19681772,  0.39466193],
        [ 0.5718333 ,  0.4267954 ,  0.19681772, ..., -0.19681772,
          0.        ,  0.20610106],
        [ 0.72863554,  0.60401953,  0.39466193, ..., -0.39466193,
         -0.20610106,  0.        ]],

       ...,

       [[ 0.        ,  0.06770522,  0.04446905, ..., -0.43362662,
         -0.02189862,  0.17068758],
        [-0.06770522,  0.        , -0.02327123, ..., -0.49364028,
         -0.08953735,  0.10358425],
        [-0.04446905,  0.02327123,  0.        , ..., -0.47326839,
         -0.06633534,  0.12670225],
        ...,
        [ 0.43362662,  0.49364028,  0.47326839, ...,  0.        ,
          0.41378995,  0.58106856],
        [ 0.02189862,  0.08953735,  0.06633534, ..., -0.41378995,
          0.        ,  0.1922239 ],
        [-0.17068758, -0.10358425, -0.12670225, ..., -0.58106856,
         -0.1922239 ,  0.        ]],

       [[ 0.        , -0.36939753, -0.43576385, ..., -0.34865835,
         -0.22541462, -0.        ],
        [ 0.36939753,  0.        , -0.07246258, ..., -0.67021606,
         -0.56936169, -0.36939753],
        [ 0.43576385,  0.07246258,  0.        , ..., -0.72223341,
         -0.62743547, -0.43576385],
        ...,
        [ 0.34865835,  0.67021606,  0.72223341, ...,  0.        ,
         -0.12841508, -0.34865835],
        [ 0.22541462,  0.56936169,  0.62743547, ...,  0.12841508,
          0.        , -0.22541462],
        [ 0.        ,  0.36939753,  0.43576385, ...,  0.34865835,
          0.22541462,  0.        ]],

       [[ 0.        ,  0.0116282 , -0.05266279, ..., -0.65973608,
         -0.63242534, -0.61455215],
        [-0.0116282 ,  0.        , -0.06427129, ..., -0.65095291,
         -0.62337513, -0.60533739],
        [ 0.05266279,  0.06427129,  0.        , ..., -0.69839654,
         -0.67234148, -0.65524379],
        ...,
        [ 0.65973608,  0.65095291,  0.69839654, ...,  0.        ,
         -0.03577964, -0.05861576],
        [ 0.63242534,  0.62337513,  0.67234148, ...,  0.03577964,
          0.        , -0.0228601 ],
        [ 0.61455215,  0.60533739,  0.65524379, ...,  0.05861576,
          0.0228601 ,  0.        ]]]), 'num': array([7.07106593e-01, 7.07106593e-01, 0.00000000e+00, 9.29116547e-05,
       9.36940687e-05, 9.13468269e-05, 6.77873653e-04, 7.82413935e-07,
       9.06230940e-05, 9.34593445e-05, 1.05663372e-04, 3.87760210e-07,
       1.01539071e-04, 8.53796183e-05])}
{'img': array([[[ 0.        , -0.4624961 , -0.50358518, ..., -0.63411027,
         -0.69985421, -0.73505772],
        [ 0.4624961 ,  0.        , -0.0469179 , ..., -0.91983738,
         -0.95086002, -0.9652923 ],
        [ 0.50358518,  0.0469179 ,  0.        , ..., -0.9372303 ,
         -0.96433966, -0.9764829 ],
        ...,
        [ 0.63411027,  0.91983738,  0.9372303 , ...,  0.        ,
          0.0882212 ,  0.13844833],
        [ 0.69985421,  0.95086002,  0.96433966, ..., -0.0882212 ,
          0.        ,  0.0505369 ],
        [ 0.73505772,  0.9652923 ,  0.9764829 , ..., -0.13844833,
         -0.0505369 ,  0.        ]],

       [[ 0.        , -0.08557353, -0.07158329, ..., -0.35309357,
         -0.2771725 , -0.35411163],
        [ 0.08557353,  0.        ,  0.01403328, ..., -0.27173681,
         -0.19393502, -0.27278406],
        [ 0.07158329, -0.01403328,  0.        , ..., -0.28521528,
         -0.20768277, -0.28625828],
        ...,
        [ 0.35309357,  0.27173681,  0.28521528, ...,  0.        ,
          0.07994016, -0.00108837],
        [ 0.2771725 ,  0.19393502,  0.20768277, ..., -0.07994016,
          0.        , -0.081025  ],
        [ 0.35411163,  0.27278406,  0.28625828, ...,  0.00108837,
          0.081025  ,  0.        ]],

       [[ 0.        ,  0.24045557,  0.04470916, ..., -0.4267954 ,
         -0.60401953, -0.68059491],
        [-0.24045557,  0.        , -0.19681772, ..., -0.19681772,
         -0.39466193, -0.4844542 ],
        [-0.04470916,  0.19681772,  0.        , ..., -0.38593597,
         -0.5677837 , -0.64715774],
        ...,
        [ 0.4267954 ,  0.19681772,  0.38593597, ...,  0.        ,
          0.20610106,  0.30279891],
        [ 0.60401953,  0.39466193,  0.5677837 , ..., -0.20610106,
          0.        ,  0.0998725 ],
        [ 0.68059491,  0.4844542 ,  0.64715774, ..., -0.30279891,
         -0.0998725 ,  0.        ]],

       ...,

       [[ 0.        , -0.02327123,  0.        , ..., -0.08953735,
          0.10358425,  0.20287406],
        [ 0.02327123,  0.        ,  0.02327123, ..., -0.06633534,
          0.12670225,  0.22560642],
        [ 0.        , -0.02327123,  0.        , ..., -0.08953735,
          0.10358425,  0.20287406],
        ...,
        [ 0.08953735,  0.06633534,  0.08953735, ...,  0.        ,
          0.1922239 ,  0.28973461],
        [-0.10358425, -0.12670225, -0.10358425, ..., -0.1922239 ,
          0.        ,  0.10035253],
        [-0.20287406, -0.22560642, -0.20287406, ..., -0.28973461,
         -0.10035253,  0.        ]],

       [[ 0.        , -0.24227346, -0.43883117, ..., -0.33720087,
         -0.25217285, -0.        ],
        [ 0.24227346,  0.        , -0.20805797, ..., -0.55523915,
         -0.47910383, -0.24227346],
        [ 0.43883117,  0.20805797,  0.        , ..., -0.71612846,
         -0.65124396, -0.43883117],
        ...,
        [ 0.33720087,  0.55523915,  0.71612846, ...,  0.        ,
         -0.08889951, -0.33720087],
        [ 0.25217285,  0.47910383,  0.65124396, ...,  0.08889951,
          0.        , -0.25217285],
        [ 0.        ,  0.24227346,  0.43883117, ...,  0.33720087,
          0.25217285,  0.        ]],

       [[ 0.        , -0.06427129, -0.0718005 , ..., -0.62337513,
         -0.60533739, -0.6169966 ],
        [ 0.06427129,  0.        , -0.00754664, ..., -0.67234148,
         -0.65524379, -0.66630024],
        [ 0.0718005 ,  0.00754664,  0.        , ..., -0.67790866,
         -0.66092599, -0.67190867],
        ...,
        [ 0.62337513,  0.67234148,  0.67790866, ...,  0.        ,
         -0.0228601 , -0.00813114],
        [ 0.60533739,  0.65524379,  0.66092599, ...,  0.0228601 ,
          0.        ,  0.01473033],
        [ 0.6169966 ,  0.66630024,  0.67190867, ...,  0.00813114,
         -0.01473033,  0.        ]]]), 'num': array([7.07106306e-01, 7.07106306e-01, 0.00000000e+00, 9.60412714e-05,
       9.63346765e-05, 9.27160136e-05, 1.12754604e-03, 3.12965447e-06,
       9.20314016e-05, 9.33908453e-05, 1.05112379e-04, 4.73484431e-07,
       1.01357909e-04, 8.54237815e-05])}
{'img': array([[[ 0.        , -0.06983709, -0.2703801 , ..., -0.88988922,
         -0.91223462, -0.97250466],
        [ 0.06983709,  0.        , -0.20248402, ..., -0.91957453,
         -0.93861735, -0.9863941 ],
        [ 0.2703801 ,  0.20248402,  0.        , ..., -0.9800852 ,
         -0.98902333, -0.99924946],
        ...,
        [ 0.88988922,  0.91957453,  0.9800852 , ...,  0.        ,
          0.05158091,  0.23639352],
        [ 0.91223462,  0.93861735,  0.98902333, ..., -0.05158091,
          0.        ,  0.18595987],
        [ 0.97250466,  0.9863941 ,  0.99924946, ..., -0.23639352,
         -0.18595987,  0.        ]],

       [[ 0.        ,  0.01403328, -0.12538206, ..., -0.19393502,
         -0.27278406, -0.08103844],
        [-0.01403328,  0.        , -0.13929225, ..., -0.20768277,
         -0.28625828, -0.09501759],
        [ 0.12538206,  0.13929225,  0.        , ..., -0.06940298,
         -0.15000442,  0.04457074],
        ...,
        [ 0.19393502,  0.20768277,  0.06940298, ...,  0.        ,
         -0.081025  ,  0.11379728],
        [ 0.27278406,  0.28625828,  0.15000442, ...,  0.081025  ,
          0.        ,  0.19392179],
        [ 0.08103844,  0.09501759, -0.04457074, ..., -0.11379728,
         -0.19392179,  0.        ]],

       [[ 0.        , -0.19681772, -0.25939926, ..., -0.39466193,
         -0.4844542 , -0.59408675],
        [ 0.19681772,  0.        , -0.06424475, ..., -0.5677837 ,
         -0.64715774, -0.74078684],
        [ 0.25939926,  0.06424475,  0.        , ..., -0.61949561,
         -0.6947982 , -0.78241228],
        ...,
        [ 0.39466193,  0.5677837 ,  0.61949561, ...,  0.        ,
          0.0998725 ,  0.22839615],
        [ 0.4844542 ,  0.64715774,  0.6947982 , ..., -0.0998725 ,
          0.        ,  0.13002153],
        [ 0.59408675,  0.74078684,  0.78241228, ..., -0.22839615,
         -0.13002153,  0.        ]],

       ...,

       [[ 0.        ,  0.02327123,  0.        , ...,  0.12670225,
          0.22560642,  0.5548067 ],
        [-0.02327123,  0.        , -0.02327123, ...,  0.10358425,
          0.20287406,  0.53529526],
        [ 0.        ,  0.02327123,  0.        , ...,  0.12670225,
          0.22560642,  0.5548067 ],
        ...,
        [-0.12670225, -0.10358425, -0.12670225, ...,  0.        ,
          0.10035253,  0.44492175],
        [-0.22560642, -0.20287406, -0.22560642, ..., -0.10035253,
          0.        ,  0.3528031 ],
        [-0.5548067 , -0.53529526, -0.5548067 , ..., -0.44492175,
         -0.3528031 ,  0.        ]],

       [[ 0.        , -0.3736084 , -0.48581926, ..., -0.28389733,
         -0.12993818, -0.        ],
        [ 0.3736084 ,  0.        , -0.12408351, ..., -0.6215755 ,
         -0.49096988, -0.3736084 ],
        [ 0.48581926,  0.12408351,  0.        , ..., -0.71397317,
         -0.5952742 , -0.48581926],
        ...,
        [ 0.28389733,  0.6215755 ,  0.71397317, ...,  0.        ,
         -0.15689865, -0.28389733],
        [ 0.12993818,  0.49096988,  0.5952742 , ...,  0.15689865,
          0.        , -0.12993818],
        [ 0.        ,  0.3736084 ,  0.48581926, ...,  0.28389733,
          0.12993818,  0.        ]],

       [[ 0.        , -0.00754664, -0.05298224, ..., -0.65524379,
         -0.66630024, -0.67368265],
        [ 0.00754664,  0.        , -0.0454447 , ..., -0.66092599,
         -0.67190867, -0.67924059],
        [ 0.05298224,  0.0454447 ,  0.        , ..., -0.69434718,
         -0.70487238, -0.71189141],
        ...,
        [ 0.65524379,  0.66092599,  0.69434718, ...,  0.        ,
          0.01473033,  0.02467289],
        [ 0.66630024,  0.67190867,  0.70487238, ..., -0.01473033,
          0.        ,  0.00994437],
        [ 0.67368265,  0.67924059,  0.71189141, ..., -0.02467289,
         -0.00994437,  0.        ]]]), 'num': array([7.07106650e-01, 7.07106650e-01, 0.00000000e+00, 9.60413182e-05,
       9.66281287e-05, 9.49654989e-05, 5.44873108e-04, 0.00000000e+00,
       9.35962745e-05, 9.32295179e-05, 1.04602231e-04, 4.77272538e-07,
       1.00836426e-04, 8.56226100e-05])}
{'img': array([[[ 0.        , -0.20248402,  0.36862683, ..., -0.93861735,
         -0.9863941 , -0.9863941 ],
        [ 0.20248402,  0.        ,  0.54921552, ..., -0.98902333,
         -0.99924946, -0.99924946],
        [-0.36862683, -0.54921552,  0.        , ..., -0.74535599,
         -0.85632825, -0.85632825],
        ...,
        [ 0.93861735,  0.98902333,  0.74535599, ...,  0.        ,
          0.18595987,  0.18595987],
        [ 0.9863941 ,  0.99924946,  0.85632825, ..., -0.18595987,
          0.        ,  0.        ],
        [ 0.9863941 ,  0.99924946,  0.85632825, ..., -0.18595987,
          0.        ,  0.        ]],

       [[ 0.        , -0.13929225, -0.06905114, ..., -0.28625828,
         -0.09501759, -0.36898844],
        [ 0.13929225,  0.        ,  0.07058179, ..., -0.15000442,
          0.04457074, -0.23592833],
        [ 0.06905114, -0.07058179,  0.        , ..., -0.21941349,
         -0.02605207, -0.30392923],
        ...,
        [ 0.28625828,  0.15000442,  0.21941349, ...,  0.        ,
          0.19392179, -0.08748902],
        [ 0.09501759, -0.04457074,  0.02605207, ..., -0.19392179,
          0.        , -0.27900641],
        [ 0.36898844,  0.23592833,  0.30392923, ...,  0.08748902,
          0.27900641,  0.        ]],

       [[ 0.        , -0.17149388, -0.31036556, ..., -0.48668013,
         -0.59669363, -0.69036966],
        [ 0.17149388,  0.        , -0.1427425 , ..., -0.62928372,
         -0.72547227, -0.80421038],
        [ 0.31036556,  0.1427425 ,  0.        , ..., -0.73377577,
         -0.81628606, -0.88081341],
        ...,
        [ 0.48668013,  0.62928372,  0.73377577, ...,  0.        ,
          0.13071398,  0.25100125],
        [ 0.59669363,  0.72547227,  0.81628606, ..., -0.13071398,
          0.        ,  0.12231829],
        [ 0.69036966,  0.80421038,  0.88081341, ..., -0.25100125,
         -0.12231829,  0.        ]],

       ...,

       [[ 0.        , -0.02327123,  0.37988269, ...,  0.20287406,
          0.53529526,  0.54959075],
        [ 0.02327123,  0.        ,  0.40130651, ...,  0.22560642,
          0.5548067 ,  0.56888349],
        [-0.37988269, -0.40130651,  0.        , ..., -0.18431743,
          0.17429306,  0.19102357],
        ...,
        [-0.20287406, -0.22560642,  0.18431743, ...,  0.        ,
          0.3528031 ,  0.36867403],
        [-0.53529526, -0.5548067 , -0.17429306, ..., -0.3528031 ,
          0.        ,  0.0170162 ],
        [-0.54959075, -0.56888349, -0.19102357, ..., -0.36867403,
         -0.0170162 ,  0.        ]],

       [[ 0.        , -0.32661787, -0.55086481, ..., -0.25741344,
         -0.22225864, -0.        ],
        [ 0.32661787,  0.        , -0.24805997, ..., -0.55890727,
         -0.52851761, -0.32661787],
        [ 0.55086481,  0.24805997,  0.        , ..., -0.74713726,
         -0.72258227, -0.55086481],
        ...,
        [ 0.25741344,  0.55890727,  0.74713726, ...,  0.        ,
         -0.03620613, -0.25741344],
        [ 0.22225864,  0.52851761,  0.72258227, ...,  0.03620613,
          0.        , -0.22225864],
        [ 0.        ,  0.32661787,  0.55086481, ...,  0.25741344,
          0.22225864,  0.        ]],

       [[ 0.        , -0.0454447 ,  0.04306151, ..., -0.67190867,
         -0.67924059, -0.70845905],
        [ 0.0454447 ,  0.        ,  0.08841956, ..., -0.70487238,
         -0.71189141, -0.73979979],
        [-0.04306151, -0.08841956,  0.        , ..., -0.63939261,
         -0.64700703, -0.67741116],
        ...,
        [ 0.67190867,  0.70487238,  0.63939261, ...,  0.        ,
          0.00994437,  0.05050803],
        [ 0.67924059,  0.71189141,  0.64700703, ..., -0.00994437,
          0.        ,  0.04057385],
        [ 0.70845905,  0.73979979,  0.67741116, ..., -0.05050803,
         -0.04057385,  0.        ]]]), 'num': array([ 9.29528879e-01,  3.68174794e-01,  5.80510919e-05,  1.25498336e-04,
        1.47950469e-04,  1.25368555e-04,  2.05729670e-02, -1.94671670e-06,
        1.25186862e-04,  1.23467262e-04,  1.38106572e-04,  6.33331832e-07,
        1.33124677e-04,  1.13809847e-04])}
{'img': array([[[ 0.        ,  0.54921552,  0.54921552, ..., -0.99924946,
         -0.99924946, -0.99895396],
        [-0.54921552,  0.        ,  0.        , ..., -0.85632825,
         -0.85632825, -0.80969244],
        [-0.54921552,  0.        ,  0.        , ..., -0.85632825,
         -0.85632825, -0.80969244],
        ...,
        [ 0.99924946,  0.85632825,  0.85632825, ...,  0.        ,
          0.        , -0.08438903],
        [ 0.99924946,  0.85632825,  0.85632825, ...,  0.        ,
          0.        , -0.08438903],
        [ 0.99895396,  0.80969244,  0.80969244, ...,  0.08438903,
          0.08438903,  0.        ]],

       [[ 0.        ,  0.06202465,  0.07997696, ...,  0.03917727,
         -0.20845507,  0.39054242],
        [-0.06202465,  0.        ,  0.01799701, ..., -0.02287519,
         -0.2687158 ,  0.44688943],
        [-0.07997696, -0.01799701,  0.        , ..., -0.04086378,
         -0.28600735,  0.46291698],
        ...,
        [-0.03917727,  0.02287519,  0.04086378, ...,  0.        ,
         -0.24661166,  0.4263086 ],
        [ 0.20845507,  0.2687158 ,  0.28600735, ...,  0.24661166,
          0.        ,  0.19006236],
        [-0.39054242, -0.44688943, -0.46291698, ..., -0.4263086 ,
         -0.19006236,  0.        ]],

       [[ 0.        , -0.2616083 , -0.31149206, ..., -0.598671  ,
         -0.69252588, -0.72987364],
        [ 0.2616083 ,  0.        , -0.05205112, ..., -0.78736871,
         -0.85713046, -0.8832859 ],
        [ 0.31149206,  0.05205112,  0.        , ..., -0.81838996,
         -0.88278005, -0.90649191],
        ...,
        [ 0.598671  ,  0.78736871,  0.81838996, ...,  0.        ,
          0.12283269,  0.17538438],
        [ 0.69252588,  0.85713046,  0.88278005, ..., -0.12283269,
          0.        ,  0.05312747],
        [ 0.72987364,  0.8832859 ,  0.90649191, ..., -0.17538438,
         -0.05312747,  0.        ]],

       ...,

       [[ 0.        ,  0.40130651,  0.51662948, ...,  0.5548067 ,
          0.56888349,  0.56888349],
        [-0.40130651,  0.        ,  0.1296013 , ...,  0.17429306,
          0.19102357,  0.19102357],
        [-0.51662948, -0.1296013 ,  0.        , ...,  0.04520551,
          0.06219777,  0.06219777],
        ...,
        [-0.5548067 , -0.17429306, -0.04520551, ...,  0.        ,
          0.0170162 ,  0.0170162 ],
        [-0.56888349, -0.19102357, -0.06219777, ..., -0.0170162 ,
          0.        ,  0.        ],
        [-0.56888349, -0.19102357, -0.06219777, ..., -0.0170162 ,
          0.        ,  0.        ]],

       [[ 0.        , -0.46033345, -0.63318717, ..., -0.31368205,
         -0.22254203, -0.        ],
        [ 0.46033345,  0.        , -0.20581193, ..., -0.71556955,
         -0.64635053, -0.46033345],
        [ 0.63318717,  0.20581193,  0.        , ..., -0.8440185 ,
         -0.78955604, -0.63318717],
        ...,
        [ 0.31368205,  0.71556955,  0.8440185 , ...,  0.        ,
         -0.09450597, -0.31368205],
        [ 0.22254203,  0.64635053,  0.78955604, ...,  0.09450597,
          0.        , -0.22254203],
        [ 0.        ,  0.46033345,  0.63318717, ...,  0.31368205,
          0.22254203,  0.        ]],

       [[ 0.        ,  0.08841956,  0.22435516, ..., -0.71189141,
         -0.73979979, -0.75710672],
        [-0.08841956,  0.        ,  0.13731091, ..., -0.64700703,
         -0.67741116, -0.69637766],
        [-0.22435516, -0.13731091,  0.        , ..., -0.5361812 ,
         -0.56998818, -0.59123688],
        ...,
        [ 0.71189141,  0.64700703,  0.5361812 , ...,  0.        ,
          0.04057385,  0.06663574],
        [ 0.73979979,  0.67741116,  0.56998818, ..., -0.04057385,
          0.        ,  0.02609719],
        [ 0.75710672,  0.69637766,  0.59123688, ..., -0.06663574,
         -0.02609719,  0.        ]]]), 'num': array([ 7.11974060e-01,  7.02205031e-01,  1.02508173e-06,  9.48449409e-05,
        9.68353908e-05,  9.48449409e-05,  9.78236492e-04, -1.39331498e-06,
        9.62183513e-05,  9.44219703e-05,  1.05381056e-04,  5.16669991e-07,
        1.01413488e-04,  8.74304528e-05])}
{'img': array([[[ 0.        ,  0.        , -0.42305654, ..., -0.85632825,
         -0.80969244, -0.75771797],
        [ 0.        ,  0.        , -0.42305654, ..., -0.85632825,
         -0.80969244, -0.75771797],
        [ 0.42305654,  0.42305654,  0.        , ..., -0.99440174,
         -0.98193759, -0.96264989],
        ...,
        [ 0.85632825,  0.85632825,  0.99440174, ...,  0.        ,
         -0.08438903, -0.16751479],
        [ 0.80969244,  0.80969244,  0.98193759, ...,  0.08438903,
          0.        , -0.08372067],
        [ 0.75771797,  0.75771797,  0.96264989, ...,  0.16751479,
          0.08372067,  0.        ]],

       [[ 0.        ,  0.01799701,  0.0340874 , ..., -0.2687158 ,
          0.44688943, -0.07767779],
        [-0.01799701,  0.        ,  0.01609533, ..., -0.28600735,
          0.46291698, -0.09560784],
        [-0.0340874 , -0.01609533,  0.        , ..., -0.30139329,
          0.47712394, -0.11161705],
        ...,
        [ 0.2687158 ,  0.28600735,  0.30139329, ...,  0.        ,
          0.19006236,  0.19308312],
        [-0.44688943, -0.46291698, -0.47712394, ..., -0.19006236,
          0.        , -0.37604945],
        [ 0.07767779,  0.09560784,  0.11161705, ..., -0.19308312,
          0.37604945,  0.        ]],

       [[ 0.        , -0.17363472, -0.22358888, ..., -0.69763259,
         -0.73508525, -0.745205  ],
        [ 0.17363472,  0.        , -0.0509537 , ..., -0.81143722,
         -0.84163934, -0.84967121],
        [ 0.22358888,  0.0509537 ,  0.        , ..., -0.84016254,
         -0.8680631 , -0.87543604],
        ...,
        [ 0.69763259,  0.81143722,  0.84016254, ...,  0.        ,
          0.05367878,  0.06870023],
        [ 0.73508525,  0.84163934,  0.8680631 , ..., -0.05367878,
          0.        ,  0.01504922],
        [ 0.745205  ,  0.84967121,  0.87543604, ..., -0.06870023,
         -0.01504922,  0.        ]],

       ...,

       [[ 0.        ,  0.1296013 ,  0.09505678, ...,  0.19102357,
          0.19102357,  0.32897746],
        [-0.1296013 ,  0.        , -0.03475936, ...,  0.06219777,
          0.06219777,  0.20381553],
        [-0.09505678,  0.03475936,  0.        , ...,  0.09685224,
          0.09685224,  0.2377221 ],
        ...,
        [-0.19102357, -0.06219777, -0.09685224, ...,  0.        ,
          0.        ,  0.14252872],
        [-0.19102357, -0.06219777, -0.09685224, ...,  0.        ,
          0.        ,  0.14252872],
        [-0.32897746, -0.20381553, -0.2377221 , ..., -0.14252872,
         -0.14252872,  0.        ]],

       [[ 0.        , -0.47216513, -0.6047316 , ..., -0.34026359,
         -0.25684526, -0.        ],
        [ 0.47216513,  0.        , -0.15703086, ..., -0.74393688,
         -0.68273689, -0.47216513],
        [ 0.6047316 ,  0.15703086,  0.        , ..., -0.83964323,
         -0.78900349, -0.6047316 ],
        ...,
        [ 0.34026359,  0.74393688,  0.83964323, ...,  0.        ,
         -0.08732928, -0.34026359],
        [ 0.25684526,  0.68273689,  0.78900349, ...,  0.08732928,
          0.        , -0.25684526],
        [ 0.        ,  0.47216513,  0.6047316 , ...,  0.34026359,
          0.25684526,  0.        ]],

       [[ 0.        ,  0.13731091,  0.22639133, ..., -0.67741116,
         -0.69637766, -0.71457902],
        [-0.13731091,  0.        ,  0.09050113, ..., -0.56998818,
         -0.59123688, -0.61175403],
        [-0.22639133, -0.09050113,  0.        , ..., -0.49328864,
         -0.51582168, -0.53765287],
        ...,
        [ 0.67741116,  0.56998818,  0.49328864, ...,  0.        ,
          0.02609719,  0.05176143],
        [ 0.69637766,  0.59123688,  0.51582168, ..., -0.02609719,
          0.        ,  0.02568159],
        [ 0.71457902,  0.61175403,  0.53765287, ..., -0.05176143,
         -0.02568159,  0.        ]]]), 'num': array([7.93716218e-01, 6.08261391e-01, 1.89432918e-05, 1.07948095e-04,
       1.12468903e-04, 1.05301767e-04, 5.70543721e-03, 2.86685440e-06,
       1.07242407e-04, 1.04502356e-04, 1.16155384e-04, 6.04244697e-07,
       1.11988233e-04, 9.70164787e-05])}
{'img': array([[[ 0.        , -0.42305654, -0.42305654, ..., -0.80969244,
         -0.75771797, -0.84767465],
        [ 0.42305654,  0.        ,  0.        , ..., -0.98193759,
         -0.96264989, -0.99251923],
        [ 0.42305654,  0.        ,  0.        , ..., -0.98193759,
         -0.96264989, -0.99251923],
        ...,
        [ 0.80969244,  0.98193759,  0.98193759, ...,  0.        ,
         -0.08372067,  0.06790651],
        [ 0.75771797,  0.96264989,  0.96264989, ...,  0.08372067,
          0.        ,  0.15119552],
        [ 0.84767465,  0.99251923,  0.99251923, ..., -0.06790651,
         -0.15119552,  0.        ]],

       [[ 0.        ,  0.01609533, -0.10071497, ...,  0.46291698,
         -0.09560784,  0.64108798],
        [-0.01609533,  0.        , -0.11671541, ...,  0.47712394,
         -0.11161705,  0.6286523 ],
        [ 0.10071497,  0.11671541,  0.        , ...,  0.37128929,
          0.00513189,  0.71512371],
        ...,
        [-0.46291698, -0.47712394, -0.37128929, ...,  0.        ,
         -0.37604945, -0.92353513],
        [ 0.09560784,  0.11161705, -0.00513189, ...,  0.37604945,
          0.        ,  0.71152711],
        [-0.64108798, -0.6286523 , -0.71512371, ...,  0.92353513,
         -0.71152711,  0.        ]],

       [[ 0.        , -0.14249225, -0.17429276, ..., -0.73735064,
         -0.74747876, -0.77276366],
        [ 0.14249225,  0.        , -0.03220302, ..., -0.82608162,
         -0.83450698, -0.85531728],
        [ 0.17429276,  0.03220302,  0.        , ..., -0.8438012 ,
         -0.85181795, -0.8715582 ],
        ...,
        [ 0.73735064,  0.82608162,  0.8438012 , ...,  0.        ,
          0.01511803,  0.05401781],
        [ 0.74747876,  0.83450698,  0.85181795, ..., -0.01511803,
          0.        ,  0.03891567],
        [ 0.77276366,  0.85531728,  0.8715582 , ..., -0.05401781,
         -0.03891567,  0.        ]],

       ...,

       [[ 0.        , -0.03475936,  0.        , ...,  0.06219777,
          0.20381553,  0.34455399],
        [ 0.03475936,  0.        ,  0.03475936, ...,  0.09685224,
          0.2377221 ,  0.3769767 ],
        [ 0.        , -0.03475936,  0.        , ...,  0.06219777,
          0.20381553,  0.34455399],
        ...,
        [-0.06219777, -0.09685224, -0.06219777, ...,  0.        ,
          0.14252872,  0.2854977 ],
        [-0.20381553, -0.2377221 , -0.20381553, ..., -0.14252872,
          0.        ,  0.14598637],
        [-0.34455399, -0.3769767 , -0.34455399, ..., -0.2854977 ,
         -0.14598637,  0.        ]],

       [[ 0.        , -0.15858976, -0.2671988 , ..., -0.71599524,
         -0.6155264 , -0.46246791],
        [ 0.15858976,  0.        , -0.11099362, ..., -0.81764634,
         -0.73272382, -0.59722657],
        [ 0.2671988 ,  0.11099362,  0.        , ..., -0.87649554,
         -0.80373046, -0.68256132],
        ...,
        [ 0.71599524,  0.81764634,  0.87649554, ...,  0.        ,
         -0.13458533, -0.31197594],
        [ 0.6155264 ,  0.73272382,  0.80373046, ...,  0.13458533,
          0.        , -0.1812694 ],
        [ 0.46246791,  0.59722657,  0.68256132, ...,  0.31197594,
          0.1812694 ,  0.        ]],

       [[ 0.        ,  0.09050113,  0.21547424, ..., -0.59123688,
         -0.61175403, -0.62816715],
        [-0.09050113,  0.        ,  0.1262148 , ..., -0.51582168,
         -0.53765287, -0.5551724 ],
        [-0.21547424, -0.1262148 ,  0.        , ..., -0.40356891,
         -0.42693316, -0.44575535],
        ...,
        [ 0.59123688,  0.51582168,  0.40356891, ...,  0.        ,
          0.02568159,  0.04658686],
        [ 0.61175403,  0.53765287,  0.42693316, ..., -0.02568159,
          0.        ,  0.02091778],
        [ 0.62816715,  0.5551724 ,  0.44575535, ..., -0.04658686,
         -0.02091778,  0.        ]]]), 'num': array([7.82800338e-01, 6.22271984e-01, 1.61822938e-05, 1.07592731e-04,
       1.07701191e-04, 1.05748904e-04, 1.05773850e-03, 1.40998538e-06,
       1.05705520e-04, 1.02766242e-04, 1.13690014e-04, 7.16698771e-07,
       1.10054427e-04, 9.54780576e-05])}
{'img': array([[[ 0.        ,  0.        , -0.480769  , ..., -0.77212722,
         -0.86171703, -0.8963487 ],
        [ 0.        ,  0.        , -0.480769  , ..., -0.77212722,
         -0.86171703, -0.8963487 ],
        [ 0.480769  ,  0.480769  ,  0.        , ..., -0.98255097,
         -0.99953122, -0.99910975],
        ...,
        [ 0.77212722,  0.77212722,  0.98255097, ...,  0.        ,
          0.1558246 ,  0.22727849],
        [ 0.86171703,  0.86171703,  0.99953122, ..., -0.1558246 ,
          0.        ,  0.07275558],
        [ 0.8963487 ,  0.8963487 ,  0.99910975, ..., -0.22727849,
         -0.07275558,  0.        ]],

       [[ 0.        , -0.11671541,  0.17533776, ..., -0.11161705,
          0.6286523 , -0.11426184],
        [ 0.11671541,  0.        ,  0.28904669, ...,  0.00513189,
          0.71512371,  0.00247009],
        [-0.17533776, -0.28904669,  0.        , ..., -0.28413005,
          0.48255562, -0.28668116],
        ...,
        [ 0.11161705, -0.00513189,  0.28413005, ...,  0.        ,
          0.71152711, -0.00266182],
        [-0.6286523 , -0.71512371, -0.48255562, ..., -0.71152711,
          0.        , -0.71339494],
        [ 0.11426184, -0.00247009,  0.28668116, ...,  0.00266182,
          0.71339494,  0.        ]],

       [[ 0.        , -0.10114401, -0.17473564, ..., -0.74900521,
         -0.77429852, -0.78256881],
        [ 0.10114401,  0.        , -0.07425161, ..., -0.81217855,
         -0.83433377, -0.84152427],
        [ 0.17473564,  0.07425161,  0.        , ..., -0.85325562,
         -0.87296253, -0.87931342],
        ...,
        [ 0.74900521,  0.81217855,  0.85325562, ...,  0.        ,
          0.03903654,  0.05219824],
        [ 0.77429852,  0.83433377,  0.87296253, ..., -0.03903654,
          0.        ,  0.01317513],
        [ 0.78256881,  0.84152427,  0.87931342, ..., -0.05219824,
         -0.01317513,  0.        ]],

       ...,

       [[ 0.        ,  0.03165919, -0.11402526, ...,  0.21357528,
          0.33484545,  0.96125949],
        [-0.03165919,  0.        , -0.14542081, ...,  0.18253951,
          0.30484599,  0.95205093],
        [ 0.11402526,  0.14542081,  0.        , ...,  0.32357662,
          0.44010447,  0.98642051],
        ...,
        [-0.21357528, -0.18253951, -0.32357662, ...,  0.        ,
          0.1258732 ,  0.880209  ],
        [-0.33484545, -0.30484599, -0.44010447, ..., -0.1258732 ,
          0.        ,  0.81347043],
        [-0.96125949, -0.95205093, -0.98642051, ..., -0.880209  ,
         -0.81347043,  0.        ]],

       [[ 0.        , -0.11084832, -0.19924408, ..., -0.74824262,
         -0.67108959, -0.59660889],
        [ 0.11084832,  0.        , -0.08939041, ..., -0.81717102,
         -0.7491342 , -0.68189153],
        [ 0.19924408,  0.08939041,  0.        , ..., -0.86542382,
         -0.80534901, -0.7445466 ],
        ...,
        [ 0.74824262,  0.81717102,  0.86542382, ...,  0.        ,
         -0.10951158, -0.20468338],
        [ 0.67108959,  0.7491342 ,  0.80534901, ...,  0.10951158,
          0.        , -0.09625929],
        [ 0.59660889,  0.68189153,  0.7445466 , ...,  0.20468338,
          0.09625929,  0.        ]],

       [[ 0.        ,  0.1262148 ,  0.22656074, ..., -0.53765287,
         -0.5551724 , -0.56063497],
        [-0.1262148 ,  0.        ,  0.10181608, ..., -0.42693316,
         -0.44575535, -0.45163772],
        [-0.22656074, -0.10181608,  0.        , ..., -0.33264393,
         -0.35229771, -0.35845022],
        ...,
        [ 0.53765287,  0.42693316,  0.33264393, ...,  0.        ,
          0.02091778,  0.02749802],
        [ 0.5551724 ,  0.44575535,  0.35229771, ..., -0.02091778,
          0.        ,  0.00658214],
        [ 0.56063497,  0.45163772,  0.35845022, ..., -0.02749802,
         -0.00658214,  0.        ]]]), 'num': array([8.32147430e-01, 5.54552270e-01, 2.76214089e-05, 1.15376209e-04,
       1.16524231e-04, 1.13309770e-04, 1.52698404e-03, 1.49242858e-06,
       1.12414312e-04, 1.08861184e-04, 1.19801834e-04, 8.13598187e-07,
       1.16825801e-04, 1.00896567e-04])}
{'img': array([[[ 0.        , -0.480769  , -0.52318889, ..., -0.86171703,
         -0.8963487 , -0.92526951],
        [ 0.480769  ,  0.        , -0.04903737, ..., -0.99953122,
         -0.99910975, -0.99368072],
        [ 0.52318889,  0.04903737,  0.        , ..., -0.99983006,
         -0.99583904, -0.98698113],
        ...,
        [ 0.86171703,  0.99953122,  0.99983006, ...,  0.        ,
          0.07275558,  0.14261354],
        [ 0.8963487 ,  0.99910975,  0.99583904, ..., -0.07275558,
          0.        ,  0.07022367],
        [ 0.92526951,  0.99368072,  0.98698113, ..., -0.14261354,
         -0.07022367,  0.        ]],

       [[ 0.        ,  0.28904669, -0.06880897, ...,  0.71512371,
          0.00247009,  0.11089403],
