state_0,state_1,state_2,state_3,state_4,state_5,state_6,state_7,state_8,state_9,state_10,state_11,state_12,state_13,state_14,state_15,state_16,state_17,state_18,state_19,state_20,state_21,state_22,state_23,state_24,state_25,state_26,state_27,state_28,state_29,state_30,state_31,state_32,state_33,state_34,state_35,state_36,state_37,state_38,state_39,state_40,state_41,state_42,state_43,state_44,state_45,state_46,state_47,state_48,state_49,state_50,state_51,state_52,state_53,state_54,state_55,state_56,state_57,state_58,state_59,state_60,state_61,state_62,state_63,state_64,state_65,state_66,state_67,state_68,state_69,state_70,state_71,state_72,state_73,state_74,state_75,state_76,state_77,state_78,state_79,state_80,state_81,state_82,state_83,state_84,state_85,state_86,state_87,state_88,state_89,state_90,state_91,state_92,state_93,state_94,state_95,state_96,state_97,state_98,state_99,state_100,state_101,state_102,state_103,state_104,state_105,state_106,state_107,state_108,state_109,state_110,state_111,state_112,state_113,state_114,state_115,state_116,state_117,state_118,state_119,state_120,state_121,state_122,state_123,state_124,state_125,state_126,state_127,state_128,state_129,state_130,state_131,state_132,state_133,state_134,state_135,state_136,state_137,state_138,state_139,state_140,state_141,state_142,state_143,state_144,state_145,state_146,state_147,state_148,state_149,state_150,state_151,state_152,state_153,state_154,state_155,state_156,state_157,state_158,state_159,state_160,state_161,state_162,state_163,state_164,state_165,state_166,state_167,state_168,state_169,state_170,state_171,state_172,state_173,state_174,state_175,state_176,state_177,state_178,state_179,state_180,state_181,state_182,state_183,state_184,state_185,state_186,state_187,state_188,state_189,state_190,state_191,state_192,state_193,state_194,state_195,state_196,state_197,state_198,state_199,state_200,state_201,state_202,state_203,state_204,state_205,state_206,state_207,state_208,state_209,state_210,state_211,state_212,state_213,state_214,state_215,state_216,state_217,state_218,state_219,state_220,state_221,state_222,state_223,state_224,state_225,state_226,state_227,state_228,state_229,state_230,state_231,state_232,state_233,state_234,state_235,state_236,state_237,state_238,state_239,state_240,state_241,state_242,state_243,state_244,state_245,state_246,state_247,state_248,state_249,state_250,state_251,state_252,state_253,state_254,state_255,state_256,state_257,state_258,state_259,state_260,state_261,state_262,state_263,state_264,state_265,state_266,state_267,state_268,state_269,state_270,state_271,state_272,state_273,state_274,state_275,state_276,state_277,state_278,state_279,state_280,state_281,state_282,state_283,state_284,state_285,state_286,state_287
{'img': array([[[ 0.        , -0.10437443,  0.13431314, ...,  0.98116251,
          0.95752059,  0.85222294],
        [ 0.10437443,  0.        ,  0.23700822, ...,  0.99596696,
          0.92219276,  0.79296167],
        [-0.13431314, -0.23700822,  0.        , ...,  0.94632497,
          0.98757563,  0.91477068],
        ...,
        [-0.98116251, -0.99596696, -0.94632497, ...,  0.        ,
          0.46791065,  0.67795941],
        [-0.95752059, -0.92219276, -0.98757563, ..., -0.46791065,
          0.        ,  0.2552033 ],
        [-0.85222294, -0.79296167, -0.91477068, ..., -0.67795941,
         -0.2552033 ,  0.        ]],

       [[ 0.        ,  0.02538824,  0.81129332, ...,  0.17684431,
          0.87361466,  0.95201338],
        [-0.02538824,  0.        ,  0.79618885, ...,  0.15179921,
          0.86097868,  0.94393628],
        [-0.81129332, -0.79618885,  0.        , ..., -0.69511626,
          0.11595926,  0.30828294],
        ...,
        [-0.17684431, -0.15179921,  0.69511626, ...,  0.        ,
          0.77378979,  0.88288421],
        [-0.87361466, -0.86097868, -0.11595926, ..., -0.77378979,
          0.        ,  0.19589182],
        [-0.95201338, -0.94393628, -0.30828294, ..., -0.88288421,
         -0.19589182,  0.        ]],

       [[ 0.        , -0.09141815, -0.1020278 , ...,  0.97097919,
          0.99805078,  0.90587394],
        [ 0.09141815,  0.        , -0.01065948, ...,  0.98877723,
          0.99957667,  0.86336076],
        [ 0.1020278 ,  0.01065948,  0.        , ...,  0.99031356,
          0.99920975,  0.85793307],
        ...,
        [-0.97097919, -0.98877723, -0.99031356, ...,  0.        ,
          0.17810184,  0.62790814],
        [-0.99805078, -0.99957667, -0.99920975, ..., -0.17810184,
          0.        ,  0.47925475],
        [-0.90587394, -0.86336076, -0.85793307, ..., -0.62790814,
         -0.47925475,  0.        ]],

       ...,

       [[ 0.        , -0.33698953,  0.11378283, ...,  0.31303216,
          0.45458214,  0.48373411],
        [ 0.33698953,  0.        ,  0.44192849, ...,  0.61477569,
          0.7281511 ,  0.75037802],
        [-0.11378283, -0.44192849,  0.        , ...,  0.20293482,
          0.35028301,  0.38100813],
        ...,
        [-0.31303216, -0.61477569, -0.20293482, ...,  0.        ,
          0.15291674,  0.18545241],
        [-0.45458214, -0.7281511 , -0.35028301, ..., -0.15291674,
          0.        ,  0.03300719],
        [-0.48373411, -0.75037802, -0.38100813, ..., -0.18545241,
         -0.03300719,  0.        ]],

       [[ 0.        , -0.0461858 , -0.1642078 , ...,  0.99999835,
          0.99083025,  0.86862089],
        [ 0.0461858 ,  0.        , -0.11847371, ...,  0.99884724,
          0.98353261,  0.84480994],
        [ 0.1642078 ,  0.11847371,  0.        , ...,  0.98612558,
          0.95519394,  0.77546879],
        ...,
        [-0.99999835, -0.99884724, -0.98612558, ...,  0.        ,
          0.1333109 ,  0.49389716],
        [-0.99083025, -0.98353261, -0.95519394, ..., -0.1333109 ,
          0.        ,  0.37357223],
        [-0.86862089, -0.84480994, -0.77546879, ..., -0.49389716,
         -0.37357223,  0.        ]],

       [[ 0.        , -0.03850459, -0.01026121, ...,  0.99682122,
          0.99443159,  0.90494733],
        [ 0.03850459,  0.        ,  0.02824896, ...,  0.9991497 ,
          0.98963637,  0.88789164],
        [ 0.01026121, -0.02824896,  0.        , ...,  0.99758626,
          0.99329786,  0.9005333 ],
        ...,
        [-0.99682122, -0.9991497 , -0.99758626, ...,  0.        ,
          0.18427641,  0.49626891],
        [-0.99443159, -0.98963637, -0.99329786, ..., -0.18427641,
          0.        ,  0.32778699],
        [-0.90494733, -0.88789164, -0.9005333 , ..., -0.49626891,
         -0.32778699,  0.        ]]]), 'num': array([ 7.06923539e-01,  7.06923539e-01,  0.00000000e+00,  2.48002684e-03,
        2.52638248e-03,  2.43367120e-03,  2.16914736e-02, -1.04300194e-04,
        2.51711136e-03,  2.44931623e-03,  2.20722389e-03,  1.26926162e-06,
        2.56778981e-03,  2.33084264e-03])}
{'img': array([[[ 0.        ,  0.23700822, -0.1044198 , ...,  0.92219276,
          0.79296167,  0.99056568],
        [-0.23700822,  0.        , -0.3371572 , ...,  0.98757563,
          0.91477068,  0.9298628 ],
        [ 0.1044198 ,  0.3371572 ,  0.        , ...,  0.8767691 ,
          0.72500679,  0.99946013],
        ...,
        [-0.92219276, -0.98757563, -0.8767691 , ...,  0.        ,
          0.2552033 , -0.50945822],
        [-0.79296167, -0.91477068, -0.72500679, ..., -0.2552033 ,
          0.        , -0.71219   ],
        [-0.99056568, -0.9298628 , -0.99946013, ...,  0.50945822,
          0.71219   ,  0.        ]],

       [[ 0.        ,  0.79618885,  0.64153038, ...,  0.86097868,
          0.94393628,  0.97681023],
        [-0.79618885,  0.        , -0.22259778, ...,  0.11595926,
          0.30828294,  0.76148681],
        [-0.64153038,  0.22259778,  0.        , ...,  0.33414601,
          0.51230432,  0.88666491],
        ...,
        [-0.86097868, -0.11595926, -0.33414601, ...,  0.        ,
          0.19589182,  0.68118728],
        [-0.94393628, -0.30828294, -0.51230432, ..., -0.19589182,
          0.        ,  0.52457542],
        [-0.97681023, -0.76148681, -0.88666491, ..., -0.68118728,
         -0.52457542,  0.        ]],

       [[ 0.        , -0.01060589, -0.06467191, ...,  0.9999899 ,
          0.93630755,  0.86115293],
        [ 0.01060589,  0.        , -0.05408458, ...,  0.99988597,
          0.9325303 ,  0.85571303],
        [ 0.06467191,  0.05408458,  0.        , ...,  0.99760577,
          0.91163591,  0.82647447],
        ...,
        [-0.9999899 , -0.99988597, -0.99760577, ...,  0.        ,
          0.3469685 ,  0.50446963],
        [-0.93630755, -0.9325303 , -0.91163591, ..., -0.3469685 ,
          0.        ,  0.17354754],
        [-0.86115293, -0.85571303, -0.82647447, ..., -0.50446963,
         -0.17354754,  0.        ]],

       ...,

       [[ 0.        ,  0.44192849,  0.32776651, ...,  0.7281511 ,
          0.75037802,  0.62015903],
        [-0.44192849,  0.        , -0.12349277, ...,  0.35028301,
          0.38100813,  0.20963148],
        [-0.32776651,  0.12349277,  0.        , ...,  0.46327051,
          0.49226961,  0.32877567],
        ...,
        [-0.7281511 , -0.35028301, -0.46327051, ...,  0.        ,
          0.03300719, -0.14614983],
        [-0.75037802, -0.38100813, -0.49226961, ..., -0.03300719,
          0.        , -0.17872297],
        [-0.62015903, -0.20963148, -0.32877567, ...,  0.14614983,
          0.17872297,  0.        ]],

       [[ 0.        , -0.11794669, -0.21007917, ...,  0.9886755 ,
          0.92103366,  0.84271784],
        [ 0.11794669,  0.        , -0.09329817, ...,  0.96407431,
          0.86866655,  0.77333836],
        [ 0.21007917,  0.09329817,  0.        , ...,  0.93508618,
          0.81865796,  0.71081479],
        ...,
        [-0.9886755 , -0.96407431, -0.93508618, ...,  0.        ,
          0.24685351,  0.4057929 ],
        [-0.92103366, -0.86866655, -0.81865796, ..., -0.24685351,
          0.        ,  0.16761928],
        [-0.84271784, -0.77333836, -0.71081479, ..., -0.4057929 ,
         -0.16761928,  0.        ]],

       [[ 0.        ,  0.02805073, -0.00265107, ...,  0.995543  ,
          0.96042401,  0.88502669],
        [-0.02805073,  0.        , -0.03070066, ...,  0.99779668,
          0.96785939,  0.89773718],
        [ 0.00265107,  0.03070066,  0.        , ...,  0.99528948,
          0.9596822 ,  0.8837894 ],
        ...,
        [-0.995543  , -0.99779668, -0.99528948, ...,  0.        ,
          0.18672435,  0.37999965],
        [-0.96042401, -0.96785939, -0.9596822 , ..., -0.18672435,
          0.        ,  0.20059883],
        [-0.88502669, -0.89773718, -0.8837894 , ..., -0.37999965,
         -0.20059883,  0.        ]]]), 'num': array([ 8.43204173e-01,  5.37375577e-01,  2.88517544e-06,  2.94065958e-03,
        2.96840165e-03,  2.88517544e-03,  1.28982600e-02, -2.77420715e-05,
        3.01278897e-03,  2.93996603e-03,  2.65056999e-03,  1.48387824e-06,
        3.06199173e-03,  2.81794033e-03])}
{'img': array([[[ 0.        , -0.3371572 , -0.43488064, ...,  0.91477068,
          0.9298628 ,  0.89339735],
        [ 0.3371572 ,  0.        , -0.10581162, ...,  0.72500679,
          0.99946013,  0.9925612 ],
        [ 0.43488064,  0.10581162,  0.        , ...,  0.64805986,
          0.99732579,  0.99987137],
        ...,
        [-0.91477068, -0.72500679, -0.64805986, ...,  0.        ,
         -0.71219   , -0.77188548],
        [-0.9298628 , -0.99946013, -0.99732579, ...,  0.71219   ,
          0.        , -0.08907034],
        [-0.89339735, -0.9925612 , -0.99987137, ...,  0.77188548,
          0.08907034,  0.        ]],

       [[ 0.        , -0.22259778, -0.45711454, ...,  0.30828294,
          0.76148681, -0.24125238],
        [ 0.22259778,  0.        , -0.2476655 , ...,  0.51230432,
          0.88666491, -0.01917668],
        [ 0.45711454,  0.2476655 ,  0.        , ...,  0.70903991,
          0.97356502,  0.22904072],
        ...,
        [-0.30828294, -0.51230432, -0.70903991, ...,  0.        ,
          0.52457542, -0.52867912],
        [-0.76148681, -0.88666491, -0.97356502, ..., -0.52457542,
          0.        , -0.89536939],
        [ 0.24125238,  0.01917668, -0.22904072, ...,  0.52867912,
          0.89536939,  0.        ]],

       [[ 0.        , -0.05408458, -0.11197533, ...,  0.9325303 ,
          0.85571303,  0.85571303],
        [ 0.05408458,  0.        , -0.05806699, ...,  0.91163591,
          0.82647447,  0.82647447],
        [ 0.11197533,  0.05806699,  0.        , ...,  0.88623224,
          0.79238973,  0.79238973],
        ...,
        [-0.9325303 , -0.91163591, -0.88623224, ...,  0.        ,
          0.17354754,  0.17354754],
        [-0.85571303, -0.82647447, -0.79238973, ..., -0.17354754,
          0.        ,  0.        ],
        [-0.85571303, -0.82647447, -0.79238973, ..., -0.17354754,
          0.        ,  0.        ]],

       ...,

       [[ 0.        , -0.12349277, -0.19830627, ...,  0.38100813,
          0.20963148,  0.16994736],
        [ 0.12349277,  0.        , -0.07574811, ...,  0.49226961,
          0.32877567,  0.29034283],
        [ 0.19830627,  0.07574811,  0.        , ...,  0.55678971,
          0.39936822,  0.36199376],
        ...,
        [-0.38100813, -0.49226961, -0.55678971, ...,  0.        ,
         -0.17872297, -0.21833714],
        [-0.20963148, -0.32877567, -0.39936822, ...,  0.17872297,
          0.        , -0.04041079],
        [-0.16994736, -0.29034283, -0.36199376, ...,  0.21833714,
          0.04041079,  0.        ]],

       [[ 0.        , -0.09329817, -0.17839797, ...,  0.86866655,
          0.77333836,  0.92695408],
        [ 0.09329817,  0.        , -0.08581832, ...,  0.81865796,
          0.71081479,  0.88790779],
        [ 0.17839797,  0.08581832,  0.        , ...,  0.7663539 ,
          0.64782963,  0.84515385],
        ...,
        [-0.86866655, -0.81865796, -0.7663539 , ...,  0.        ,
          0.16761928, -0.13330869],
        [-0.77333836, -0.71081479, -0.64782963, ..., -0.16761928,
          0.        , -0.29754582],
        [-0.92695408, -0.88790779, -0.84515385, ...,  0.13330869,
          0.29754582,  0.        ]],

       [[ 0.        , -0.02976243, -0.0754613 , ...,  0.99990038,
          0.9982602 ,  0.88508395],
        [ 0.02976243,  0.        , -0.0457503 , ...,  0.99903734,
          0.9960631 ,  0.87083949],
        [ 0.0754613 ,  0.0457503 ,  0.        , ...,  0.99598428,
          0.99096451,  0.84743828],
        ...,
        [-0.99990038, -0.99903734, -0.99598428, ...,  0.        ,
          0.04486646,  0.45289235],
        [-0.9982602 , -0.9960631 , -0.99096451, ..., -0.04486646,
          0.        ,  0.41243491],
        [-0.88508395, -0.87083949, -0.84743828, ..., -0.45289235,
         -0.41243491,  0.        ]]]), 'num': array([7.37999560e-01, 6.74602233e-01, 5.81626854e-07, 2.64155529e-03,
       2.70214143e-03, 2.59308639e-03, 1.46700591e-02, 7.27033567e-05,
       2.63913185e-03, 2.57369883e-03, 2.32299342e-03, 1.43428391e-06,
       2.68353198e-03, 2.46386568e-03])}
{'img': array([[[ 0.        , -0.10581162, -0.07580907, ...,  0.99946013,
          0.9925612 ,  0.98454032],
        [ 0.10581162,  0.        ,  0.03012365, ...,  0.99732579,
          0.99987137,  0.96047955],
        [ 0.07580907, -0.03012365,  0.        , ...,  0.99907474,
          0.99893447,  0.96842859],
        ...,
        [-0.99946013, -0.99732579, -0.99907474, ...,  0.        ,
         -0.08907034,  0.20741059],
        [-0.9925612 , -0.99987137, -0.99893447, ...,  0.08907034,
          0.        ,  0.29371962],
        [-0.98454032, -0.96047955, -0.96842859, ..., -0.20741059,
         -0.29371962,  0.        ]],

       [[ 0.        , -0.2476655 ,  0.02646382, ...,  0.88666491,
         -0.01917668,  0.30603838],
        [ 0.2476655 ,  0.        ,  0.27321812, ...,  0.97356502,
          0.22904072,  0.53228625],
        [-0.02646382, -0.27321812,  0.        , ...,  0.87411717,
         -0.04562892,  0.28073713],
        ...,
        [-0.88666491, -0.97356502, -0.87411717, ...,  0.        ,
         -0.89536939, -0.70260601],
        [ 0.01917668, -0.22904072,  0.04562892, ...,  0.89536939,
          0.        ,  0.32423867],
        [-0.30603838, -0.53228625, -0.28073713, ...,  0.70260601,
         -0.32423867,  0.        ]],

       [[ 0.        , -0.05765534, -0.12179761, ...,  0.92438198,
          0.92438198,  0.8231031 ],
        [ 0.05765534,  0.        , -0.06436891, ...,  0.90085064,
          0.90085064,  0.7889919 ],
        [ 0.12179761,  0.06436891,  0.        , ...,  0.87103801,
          0.87103801,  0.74780718],
        ...,
        [-0.92438198, -0.90085064, -0.87103801, ...,  0.        ,
          0.        ,  0.21096149],
        [-0.92438198, -0.90085064, -0.87103801, ...,  0.        ,
          0.        ,  0.21096149],
        [-0.8231031 , -0.7889919 , -0.74780718, ..., -0.21096149,
         -0.21096149,  0.        ]],

       ...,

       [[ 0.        , -0.07574811,  0.11791136, ...,  0.32877567,
          0.29034283,  0.45568225],
        [ 0.07574811,  0.        ,  0.1927923 , ...,  0.39936822,
          0.36199376,  0.52179968],
        [-0.11791136, -0.1927923 ,  0.        , ...,  0.21512573,
          0.17548538,  0.34754555],
        ...,
        [-0.32877567, -0.39936822, -0.21512573, ...,  0.        ,
         -0.04041079,  0.13769278],
        [-0.29034283, -0.36199376, -0.17548538, ...,  0.04041079,
          0.        ,  0.17760619],
        [-0.45568225, -0.52179968, -0.34754555, ..., -0.13769278,
         -0.17760619,  0.        ]],

       [[ 0.        , -0.08581832, -0.1697163 , ...,  0.71081479,
          0.88790779,  0.78329677],
        [ 0.08581832,  0.        , -0.08451683, ...,  0.64782963,
          0.84515385,  0.72705824],
        [ 0.1697163 ,  0.08451683,  0.        , ...,  0.58112806,
          0.79695373,  0.66642966],
        ...,
        [-0.71081479, -0.64782963, -0.58112806, ...,  0.        ,
         -0.29754582, -0.10907811],
        [-0.88790779, -0.84515385, -0.79695373, ...,  0.29754582,
          0.        ,  0.19163272],
        [-0.78329677, -0.72705824, -0.66642966, ...,  0.10907811,
         -0.19163272,  0.        ]],

       [[ 0.        , -0.0456292 , -0.0838377 , ...,  0.99734262,
          0.9250596 ,  0.86968749],
        [ 0.0456292 ,  0.        , -0.03828183, ...,  0.99297956,
          0.90676513,  0.84625897],
        [ 0.0838377 ,  0.03828183,  0.        , ...,  0.98772348,
          0.88995946,  0.82524317],
        ...,
        [-0.99734262, -0.99297956, -0.98772348, ...,  0.        ,
          0.31141835,  0.42893085],
        [-0.9250596 , -0.90676513, -0.88995946, ..., -0.31141835,
          0.        ,  0.12628554],
        [-0.86968749, -0.84625897, -0.82524317, ..., -0.42893085,
         -0.12628554,  0.        ]]]), 'num': array([7.35800681e-01, 6.77125158e-01, 5.31000202e-07, 2.66706920e-03,
       2.69120557e-03, 2.63086464e-03, 6.74406461e-03, 3.62045592e-05,
       2.62603736e-03, 2.56871348e-03, 2.32344770e-03, 1.44818237e-06,
       2.68702480e-03, 2.45040216e-03])}
{'img': array([[[ 0.        ,  0.03012365, -0.26771373, ...,  0.99987137,
          0.96047955,  0.8776852 ],
        [-0.03012365,  0.        , -0.29661632, ...,  0.99893447,
          0.96842859,  0.89172327],
        [ 0.26771373,  0.29661632,  0.        , ...,  0.96766835,
          0.85090233,  0.71734989],
        ...,
        [-0.99987137, -0.99893447, -0.96766835, ...,  0.        ,
          0.29371962,  0.49325291],
        [-0.96047955, -0.96842859, -0.85090233, ..., -0.29371962,
          0.        ,  0.21599375],
        [-0.8776852 , -0.89172327, -0.71734989, ..., -0.49325291,
         -0.21599375,  0.        ]],

       [[ 0.        ,  0.27321812,  0.42156301, ...,  0.22904072,
          0.53228625, -0.34405722],
        [-0.27321812,  0.        ,  0.15776947, ..., -0.04562892,
          0.28073713, -0.58750437],
        [-0.42156301, -0.15776947,  0.        , ..., -0.20266261,
          0.12579644, -0.70781682],
        ...,
        [-0.22904072,  0.04562892,  0.20266261, ...,  0.        ,
          0.32423867, -0.54996858],
        [-0.53228625, -0.28073713, -0.12579644, ..., -0.32423867,
          0.        , -0.79105608],
        [ 0.34405722,  0.58750437,  0.70781682, ...,  0.54996858,
          0.79105608,  0.        ]],

       [[ 0.        , -0.06436891, -0.15812451, ...,  0.90085064,
          0.7889919 ,  0.85818988],
        [ 0.06436891,  0.        , -0.09423749, ...,  0.87103801,
          0.74780718,  0.82336749],
        [ 0.15812451,  0.09423749,  0.        , ...,  0.82087074,
          0.68191347,  0.76622271],
        ...,
        [-0.90085064, -0.87103801, -0.82087074, ...,  0.        ,
          0.21096149,  0.08987056],
        [-0.7889919 , -0.74780718, -0.68191347, ..., -0.21096149,
          0.        , -0.12225986],
        [-0.85818988, -0.82336749, -0.76622271, ..., -0.08987056,
          0.12225986,  0.        ]],

       ...,

       [[ 0.        ,  0.1927923 , -0.16130537, ...,  0.36199376,
          0.52179968,  0.5431932 ],
        [-0.1927923 ,  0.        , -0.34854682, ...,  0.17548538,
          0.34754555,  0.37113276],
        [ 0.16130537,  0.34854682,  0.        , ...,  0.50761901,
          0.65257093,  0.67151307],
        ...,
        [-0.36199376, -0.17548538, -0.50761901, ...,  0.        ,
          0.17760619,  0.20242136],
        [-0.52179968, -0.34754555, -0.65257093, ..., -0.17760619,
          0.        ,  0.02527371],
        [-0.5431932 , -0.37113276, -0.67151307, ..., -0.20242136,
         -0.02527371,  0.        ]],

       [[ 0.        , -0.0831534 , -0.06979809, ...,  0.91220797,
          0.86838757,  0.63968092],
        [ 0.0831534 ,  0.        ,  0.01339424, ...,  0.87497854,
          0.82414552,  0.57355048],
        [ 0.06979809, -0.01339424,  0.        , ...,  0.88138503,
          0.83165779,  0.58447119],
        ...,
        [-0.91220797, -0.87497854, -0.88138503, ...,  0.        ,
          0.096549  ,  0.43906519],
        [-0.86838757, -0.82414552, -0.83165779, ..., -0.096549  ,
          0.        ,  0.35026903],
        [-0.63968092, -0.57355048, -0.58447119, ..., -0.43906519,
         -0.35026903,  0.        ]],

       [[ 0.        , -0.03828183, -0.14509575, ...,  0.90676513,
          0.84625897,  0.92005987],
        [ 0.03828183,  0.        , -0.10711268, ...,  0.88995946,
          0.82524317,  0.90438748],
        [ 0.14509575,  0.10711268,  0.        , ...,  0.83599179,
          0.76000061,  0.85347815],
        ...,
        [-0.90676513, -0.88995946, -0.83599179, ...,  0.        ,
          0.12628554, -0.03268   ],
        [-0.84625897, -0.82524317, -0.76000061, ..., -0.12628554,
          0.        , -0.15863645],
        [-0.92005987, -0.90438748, -0.85347815, ...,  0.03268   ,
          0.15863645,  0.        ]]]), 'num': array([ 9.99864935e-01,  1.04163268e-02,  9.03606035e-06,  3.62435388e-03,
        3.74020080e-03,  3.60780432e-03,  7.81059845e-03, -3.30991222e-05,
        3.58794484e-03,  3.52588399e-03,  3.19980247e-03,  2.02647687e-06,
        3.69350907e-03,  3.35825891e-03])}
{'img': array([[[ 0.        , -0.29661632, -0.37848861, ...,  0.96842859,
          0.89172327,  0.95076793],
        [ 0.29661632,  0.        , -0.08690556, ...,  0.85090233,
          0.71734989,  0.81605776],
        [ 0.37848861,  0.08690556,  0.        , ...,  0.80202942,
          0.65408759,  0.76274141],
        ...,
        [-0.96842859, -0.85090233, -0.80202942, ...,  0.        ,
          0.21599375,  0.06310166],
        [-0.89172327, -0.71734989, -0.65408759, ..., -0.21599375,
          0.        , -0.15395116],
        [-0.95076793, -0.81605776, -0.76274141, ..., -0.06310166,
          0.15395116,  0.        ]],

       [[ 0.        ,  0.15776947, -0.62458295, ...,  0.28073713,
         -0.58750437, -0.77554401],
        [-0.15776947,  0.        , -0.73997206, ...,  0.12579644,
         -0.70781682, -0.86542992],
        [ 0.62458295,  0.73997206,  0.        , ...,  0.8187092 ,
          0.04660912, -0.21137251],
        ...,
        [-0.28073713, -0.12579644, -0.8187092 , ...,  0.        ,
         -0.79105608, -0.9215828 ],
        [ 0.58750437,  0.70781682, -0.04660912, ...,  0.79105608,
          0.        , -0.25669881],
        [ 0.77554401,  0.86542992,  0.21137251, ...,  0.9215828 ,
          0.25669881,  0.        ]],

       [[ 0.        , -0.09423749, -0.29130715, ...,  0.74780718,
          0.82336749,  0.89988772],
        [ 0.09423749,  0.        , -0.19986039, ...,  0.68191347,
          0.76622271,  0.85478398],
        [ 0.29130715,  0.19986039,  0.        , ...,  0.52197099,
          0.62233839,  0.73381386],
        ...,
        [-0.74780718, -0.68191347, -0.52197099, ...,  0.        ,
         -0.12225986, -0.27131495],
        [-0.82336749, -0.76622271, -0.62233839, ...,  0.12225986,
          0.        , -0.15160561],
        [-0.89988772, -0.85478398, -0.73381386, ...,  0.27131495,
          0.15160561,  0.        ]],

       ...,

       [[ 0.        , -0.34854682, -0.14880614, ...,  0.34754555,
          0.37113276,  0.40601959],
        [ 0.34854682,  0.        ,  0.20519152, ...,  0.65257093,
          0.67151307,  0.69908318],
        [ 0.14880614, -0.20519152,  0.        , ...,  0.48320614,
          0.50517909,  0.53748776],
        ...,
        [-0.34754555, -0.65257093, -0.48320614, ...,  0.        ,
          0.02527371,  0.06310009],
        [-0.37113276, -0.67151307, -0.50517909, ..., -0.02527371,
          0.        ,  0.03785659],
        [-0.40601959, -0.69908318, -0.53748776, ..., -0.06310009,
         -0.03785659,  0.        ]],

       [[ 0.        ,  0.01329223, -0.16468057, ...,  0.85941819,
          0.74590486,  0.56997188],
        [-0.01329223,  0.        , -0.17777677, ...,  0.86613823,
          0.75469229,  0.58084328],
        [ 0.16468057,  0.17777677,  0.        , ...,  0.76348774,
          0.62603508,  0.4268779 ],
        ...,
        [-0.85941819, -0.86613823, -0.76348774, ...,  0.        ,
          0.19105641,  0.41474176],
        [-0.74590486, -0.75469229, -0.62603508, ..., -0.19105641,
          0.        ,  0.23325212],
        [-0.56997188, -0.58084328, -0.4268779 , ..., -0.41474176,
         -0.23325212,  0.        ]],

       [[ 0.        , -0.10711268, -0.15855802, ...,  0.82524317,
          0.90438748,  0.91735439],
        [ 0.10711268,  0.        , -0.05188815, ...,  0.76000061,
          0.85347815,  0.86943824],
        [ 0.15855802,  0.05188815,  0.        , ...,  0.72525354,
          0.82528803,  0.84263211],
        ...,
        [-0.82524317, -0.76000061, -0.72525354, ...,  0.        ,
         -0.15863645, -0.1895954 ],
        [-0.90438748, -0.85347815, -0.82528803, ...,  0.15863645,
          0.        , -0.03143541],
        [-0.91735439, -0.86943824, -0.84263211, ...,  0.1895954 ,
          0.03143541,  0.        ]]]), 'num': array([9.99770195e-01, 6.58188542e-03, 8.78927707e-06, 3.62477485e-03,
       3.68893016e-03, 3.54458072e-03, 1.78763631e-02, 1.12271787e-04,
       3.51571083e-03, 3.42589340e-03, 3.11591634e-03, 2.23938336e-06,
       3.61166705e-03, 3.24011975e-03])}
{'img': array([[[ 0.        , -0.08475102, -0.41091885, ...,  0.83754543,
          0.89161606,  0.41091885],
        [ 0.08475102,  0.        , -0.33217531, ...,  0.78822685,
          0.85003356,  0.33217531],
        [ 0.41091885,  0.33217531,  0.        , ...,  0.53905386,
          0.62680046,  0.        ],
        ...,
        [-0.83754543, -0.78822685, -0.53905386, ...,  0.        ,
         -0.10791615,  0.53905386],
        [-0.89161606, -0.85003356, -0.62680046, ...,  0.10791615,
          0.        ,  0.62680046],
        [-0.41091885, -0.33217531, -0.        , ..., -0.53905386,
         -0.62680046,  0.        ]],

       [[ 0.        , -0.73997206, -0.38567602, ..., -0.70781682,
         -0.86542992,  0.01676538],
        [ 0.73997206,  0.        ,  0.4233034 , ...,  0.04660912,
         -0.21137251,  0.75114508],
        [ 0.38567602, -0.4233034 ,  0.        , ..., -0.38061605,
         -0.60524006,  0.40109012],
        ...,
        [ 0.70781682, -0.04660912,  0.38061605, ...,  0.        ,
         -0.25669881,  0.71956033],
        [ 0.86542992,  0.21137251,  0.60524006, ...,  0.25669881,
          0.        ,  0.87370824],
        [-0.01676538, -0.75114508, -0.40109012, ..., -0.71956033,
         -0.87370824,  0.        ]],

       [[ 0.        , -0.1970362 , -0.34443705, ...,  0.88380126,
          0.91768803,  0.67446799],
        [ 0.1970362 ,  0.        , -0.15270534, ...,  0.77428956,
          0.82141505,  0.51577323],
        [ 0.34443705,  0.15270534,  0.        , ...,  0.66857176,
          0.72468873,  0.37889762],
        ...,
        [-0.88380126, -0.77428956, -0.66857176, ...,  0.        ,
         -0.07821606,  0.3369558 ],
        [-0.91768803, -0.82141505, -0.72468873, ...,  0.07821606,
          0.        ,  0.40956553],
        [-0.67446799, -0.51577323, -0.37889762, ..., -0.3369558 ,
         -0.40956553,  0.        ]],

       ...,

       [[ 0.        ,  0.20519152, -0.55401684, ...,  0.67151307,
          0.69908318,  0.8636679 ],
        [-0.20519152,  0.        , -0.71305144, ...,  0.50517909,
          0.53748776,  0.74186154],
        [ 0.55401684,  0.71305144,  0.        , ...,  0.96956074,
          0.97813496,  0.99826667],
        ...,
        [-0.67151307, -0.50517909, -0.96956074, ...,  0.        ,
          0.03785659,  0.30148789],
        [-0.69908318, -0.53748776, -0.97813496, ..., -0.03785659,
          0.        ,  0.26517665],
        [-0.8636679 , -0.74186154, -0.99826667, ..., -0.30148789,
         -0.26517665,  0.        ]],

       [[ 0.        , -0.17300188, -0.17917423, ...,  0.8963345 ,
          0.869712  ,  0.56758386],
        [ 0.17300188,  0.        , -0.00627029, ...,  0.80611381,
          0.7712113 ,  0.4165904 ],
        [ 0.17917423,  0.00627029,  0.        , ...,  0.80238745,
          0.7672046 ,  0.41088192],
        ...,
        [-0.8963345 , -0.80611381, -0.80238745, ...,  0.        ,
          0.0567829 ,  0.48631171],
        [-0.869712  , -0.7712113 , -0.7672046 , ..., -0.0567829 ,
          0.        ,  0.435911  ],
        [-0.56758386, -0.4165904 , -0.41088192, ..., -0.48631171,
         -0.435911  ,  0.        ]],

       [[ 0.        , -0.05188815, -0.17630247, ...,  0.85347815,
          0.86943824,  0.93372529],
        [ 0.05188815,  0.        , -0.12498959, ...,  0.82528803,
          0.84263211,  0.91389201],
        [ 0.17630247,  0.12498959,  0.        , ...,  0.74823304,
          0.76871863,  0.85598487],
        ...,
        [-0.85347815, -0.82528803, -0.74823304, ...,  0.        ,
         -0.03143541, -0.18105404],
        [-0.86943824, -0.84263211, -0.76871863, ...,  0.03143541,
          0.        , -0.15004868],
        [-0.93372529, -0.91389201, -0.85598487, ...,  0.18105404,
          0.15004868,  0.        ]]]), 'num': array([ 8.24393402e-01,  5.65874745e-01,  2.35016960e-06,  2.93771201e-03,
        3.01783142e-03,  2.88429906e-03,  9.75566085e-03, -8.01194183e-05,
        2.94839459e-03,  2.85892791e-03,  2.60632919e-03,  1.58260579e-06,
        3.01622427e-03,  2.70163155e-03])}
{'img': array([[[ 0.        , -0.33217531, -0.22429405, ...,  0.85003356,
          0.33217531,  0.82148754],
        [ 0.33217531,  0.        ,  0.11215387, ...,  0.62680046,
          0.        ,  0.58542641],
        [ 0.22429405, -0.11215387,  0.        , ...,  0.71023392,
          0.11215387,  0.67265888],
        ...,
        [-0.85003356, -0.62680046, -0.71023392, ...,  0.        ,
          0.62680046,  0.05201071],
        [-0.33217531, -0.        , -0.11215387, ..., -0.62680046,
          0.        , -0.58542641],
        [-0.82148754, -0.58542641, -0.67265888, ..., -0.05201071,
          0.58542641,  0.        ]],

       [[ 0.        ,  0.4233034 , -0.06807113, ..., -0.21137251,
          0.75114508,  0.34931033],
        [-0.4233034 ,  0.        , -0.48399316, ..., -0.60524006,
          0.40109012, -0.08016732],
        [ 0.06807113,  0.48399316,  0.        , ..., -0.14434912,
          0.79433907,  0.41228323],
        ...,
        [ 0.21137251,  0.60524006,  0.14434912, ...,  0.        ,
          0.87370824,  0.53947541],
        [-0.75114508, -0.40109012, -0.79433907, ..., -0.87370824,
          0.        , -0.47323555],
        [-0.34931033,  0.08016732, -0.41228323, ..., -0.53947541,
          0.47323555,  0.        ]],

       [[ 0.        , -0.15041713, -0.31490751, ...,  0.87886954,
          0.76605599,  0.50895106],
        [ 0.15041713,  0.        , -0.16856042, ...,  0.79711199,
          0.66065608,  0.37368215],
        [ 0.31490751,  0.16856042,  0.        , ...,  0.68392428,
          0.52466656,  0.21198589],
        ...,
        [-0.87886954, -0.79711199, -0.68392428, ...,  0.        ,
          0.19945802,  0.51372561],
        [-0.76605599, -0.66065608, -0.52466656, ..., -0.19945802,
          0.        ,  0.33227708],
        [-0.50895106, -0.37368215, -0.21198589, ..., -0.51372561,
         -0.33227708,  0.        ]],

       ...,

       [[ 0.        , -0.71305144, -0.68072312, ...,  0.53748776,
          0.74186154,  0.4852553 ],
        [ 0.71305144,  0.        ,  0.04507633, ...,  0.97813496,
          0.99826667,  0.96369076],
        [ 0.68072312, -0.04507633,  0.        , ...,  0.96776616,
          0.99990485,  0.95067489],
        ...,
        [-0.53748776, -0.97813496, -0.96776616, ...,  0.        ,
          0.26517665, -0.06076254],
        [-0.74186154, -0.99826667, -0.99990485, ..., -0.26517665,
          0.        , -0.3232739 ],
        [-0.4852553 , -0.96369076, -0.95067489, ...,  0.06076254,
          0.3232739 ,  0.        ]],

       [[ 0.        , -0.00621399,  0.01219872, ...,  0.81140774,
          0.63512236,  0.41318299],
        [ 0.00621399,  0.        ,  0.01841201, ...,  0.80776012,
          0.63031034,  0.40751626],
        [-0.01219872, -0.01841201,  0.        , ...,  0.81847728,
          0.64449754,  0.42426099],
        ...,
        [-0.81140774, -0.80776012, -0.81847728, ...,  0.        ,
          0.25552405,  0.49740944],
        [-0.63512236, -0.63031034, -0.64449754, ..., -0.25552405,
          0.        ,  0.25922561],
        [-0.41318299, -0.40751626, -0.42426099, ..., -0.49740944,
         -0.25922561,  0.        ]],

       [[ 0.        , -0.12498959, -0.25325153, ...,  0.84263211,
          0.91389201,  0.89598205],
        [ 0.12498959,  0.        , -0.13035055, ...,  0.76871863,
          0.85598487,  0.83344915],
        [ 0.25325153,  0.13035055,  0.        , ...,  0.67878937,
          0.78129023,  0.75430692],
        ...,
        [-0.84263211, -0.76871863, -0.67878937, ...,  0.        ,
         -0.15004868, -0.10827237],
        [-0.91389201, -0.85598487, -0.78129023, ...,  0.15004868,
          0.        ,  0.04212001],
        [-0.89598205, -0.83344915, -0.75430692, ...,  0.10827237,
         -0.04212001,  0.        ]]]), 'num': array([ 7.80334306e-01,  6.25269556e-01,  1.44920327e-06,  2.72043421e-03,
        2.77128344e-03,  2.70772190e-03,  7.58858766e-03, -7.62738563e-05,
        2.79670806e-03,  2.72488352e-03,  2.49173976e-03,  1.37896237e-06,
        2.87165978e-03,  2.57810726e-03])}
{'img': array([[[ 0.        ,  0.11215387,  0.51880997, ...,  0.        ,
          0.58542641,  0.78345295],
        [-0.11215387,  0.        ,  0.41965755, ...,  0.11215387,
          0.67265888,  0.84820818],
        [-0.51880997, -0.41965755,  0.        , ...,  0.51880997,
          0.92108744,  0.9921808 ],
        ...,
        [-0.        , -0.11215387, -0.51880997, ...,  0.        ,
         -0.58542641, -0.78345295],
        [-0.58542641, -0.67265888, -0.92108744, ...,  0.58542641,
          0.        , -0.27135144],
        [-0.78345295, -0.84820818, -0.9921808 , ...,  0.78345295,
          0.27135144,  0.        ]],

       [[ 0.        , -0.48399316,  0.88350698, ...,  0.40109012,
         -0.08016732, -0.30470279],
        [ 0.48399316,  0.        ,  0.99984313, ...,  0.79433907,
          0.41228323,  0.19434125],
        [-0.88350698, -0.99984313,  0.        , ..., -0.62144866,
         -0.91821516, -0.98422227],
        ...,
        [-0.40109012, -0.79433907,  0.62144866, ...,  0.        ,
         -0.47323555, -0.6611368 ],
        [ 0.08016732, -0.41228323,  0.91821516, ...,  0.47323555,
          0.        , -0.22736692],
        [ 0.30470279, -0.19434125,  0.98422227, ...,  0.6611368 ,
          0.22736692,  0.        ]],

       [[ 0.        , -0.16856042, -0.37368215, ...,  0.66065608,
          0.37368215,  0.58258795],
        [ 0.16856042,  0.        , -0.21198589, ...,  0.52466656,
          0.21198589,  0.43725143],
        [ 0.37368215,  0.21198589,  0.        , ...,  0.33227708,
          0.        ,  0.23666665],
        ...,
        [-0.66065608, -0.52466656, -0.33227708, ...,  0.        ,
          0.33227708,  0.0996177 ],
        [-0.37368215, -0.21198589, -0.        , ..., -0.33227708,
          0.        , -0.23666665],
        [-0.58258795, -0.43725143, -0.23666665, ..., -0.0996177 ,
          0.23666665,  0.        ]],

       ...,

       [[ 0.        ,  0.04507633, -0.20088269, ...,  0.99826667,
          0.96369076,  0.91005506],
        [-0.04507633,  0.        , -0.24483596, ...,  0.99990485,
          0.95067489,  0.89044646],
        [ 0.20088269,  0.24483596,  0.        , ...,  0.9660948 ,
          0.99768608,  0.9747672 ],
        ...,
        [-0.99826667, -0.99990485, -0.9660948 , ...,  0.        ,
         -0.3232739 , -0.46732823],
        [-0.96369076, -0.95067489, -0.99768608, ...,  0.3232739 ,
          0.        , -0.156434  ],
        [-0.91005506, -0.89044646, -0.9747672 , ...,  0.46732823,
          0.156434  ,  0.        ]],

       [[ 0.        ,  0.01840815, -0.04333168, ...,  0.63258814,
          0.44367306,  0.40743827],
        [-0.01840815,  0.        , -0.06171519, ...,  0.64673785,
          0.46009505,  0.42418016],
        [ 0.04333168,  0.06171519,  0.        , ...,  0.59843409,
          0.40442297,  0.36748367],
        ...,
        [-0.63258814, -0.64673785, -0.59843409, ...,  0.        ,
          0.22329873,  0.262144  ],
        [-0.44367306, -0.46009505, -0.40442297, ..., -0.22329873,
          0.        ,  0.04003518],
        [-0.40743827, -0.42418016, -0.36748367, ..., -0.262144  ,
         -0.04003518,  0.        ]],

       [[ 0.        , -0.13035055, -0.19081563, ...,  0.85598487,
          0.83344915,  0.78472146],
        [ 0.13035055,  0.        , -0.06123211, ...,  0.78129023,
          0.75430692,  0.69722859],
        [ 0.19081563,  0.06123211,  0.        , ...,  0.74160506,
          0.71269128,  0.65202611],
        ...,
        [-0.85598487, -0.78129023, -0.74160506, ...,  0.        ,
          0.04212001,  0.1248793 ],
        [-0.83344915, -0.75430692, -0.71269128, ..., -0.04212001,
          0.        ,  0.08297819],
        [-0.78472146, -0.69722859, -0.65202611, ..., -0.1248793 ,
         -0.08297819,  0.        ]]]), 'num': array([ 7.63902415e-01,  6.44998240e-01,  1.12173750e-06,  2.64231500e-03,
        2.67970625e-03,  2.53014125e-03,  1.93625353e-02, -2.49275000e-05,
        2.71959025e-03,  2.67347438e-03,  2.45328146e-03,  1.35200000e-06,
        2.81481572e-03,  2.53213303e-03])}
{'img': array([[[ 0.        ,  0.50901188,  0.46354009, ...,  0.586255  ,
          0.78440169,  0.83053796],
        [-0.50901188,  0.        , -0.05202665, ...,  0.91698861,
          0.99089743,  0.99839372],
        [-0.46354009,  0.05202665,  0.        , ...,  0.8949926 ,
          0.98255168,  0.99409394],
        ...,
        [-0.586255  , -0.91698861, -0.8949926 , ...,  0.        ,
         -0.27183814, -0.34631911],
        [-0.78440169, -0.99089743, -0.98255168, ...,  0.27183814,
          0.        , -0.07826184],
        [-0.83053796, -0.99839372, -0.99409394, ...,  0.34631911,
          0.07826184,  0.        ]],

       [[ 0.        ,  0.99984313,  0.52732483, ...,  0.41228323,
          0.19434125,  0.98745805],
