state_0,state_1,state_2,state_3,state_4,state_5,state_6,state_7,state_8,state_9,state_10,state_11,state_12,state_13,state_14,state_15,state_16,state_17,state_18,state_19,state_20,state_21,state_22,state_23,state_24,state_25,state_26,state_27,state_28,state_29,state_30,state_31,state_32,state_33,state_34,state_35,state_36,state_37,state_38,state_39,state_40,state_41,state_42,state_43,state_44,state_45,state_46,state_47,state_48,state_49,state_50,state_51,state_52,state_53,state_54,state_55,state_56,state_57,state_58,state_59,state_60,state_61,state_62,state_63,state_64,state_65,state_66,state_67,state_68,state_69,state_70,state_71,state_72,state_73,state_74,state_75,state_76,state_77,state_78,state_79,state_80,state_81,state_82,state_83,state_84,state_85,state_86,state_87,state_88,state_89,state_90,state_91,state_92,state_93,state_94,state_95,state_96,state_97,state_98,state_99,state_100,state_101,state_102,state_103,state_104,state_105,state_106,state_107,state_108,state_109,state_110,state_111,state_112,state_113,state_114,state_115,state_116,state_117,state_118,state_119,state_120,state_121,state_122,state_123,state_124,state_125,state_126,state_127,state_128,state_129,state_130,state_131,state_132,state_133,state_134,state_135,state_136,state_137,state_138,state_139,state_140,state_141,state_142,state_143,state_144,state_145,state_146,state_147,state_148,state_149,state_150,state_151,state_152,state_153,state_154,state_155,state_156,state_157,state_158,state_159,state_160,state_161,state_162,state_163,state_164,state_165,state_166,state_167,state_168,state_169,state_170,state_171,state_172,state_173,state_174,state_175,state_176,state_177,state_178,state_179,state_180,state_181,state_182,state_183,state_184,state_185,state_186,state_187,state_188,state_189,state_190,state_191,state_192,state_193,state_194,state_195,state_196,state_197,state_198,state_199,state_200,state_201,state_202,state_203,state_204,state_205,state_206,state_207,state_208,state_209,state_210,state_211,state_212,state_213,state_214,state_215,state_216,state_217,state_218,state_219,state_220,state_221,state_222,state_223,state_224,state_225,state_226,state_227,state_228,state_229,state_230,state_231,state_232,state_233,state_234,state_235,state_236,state_237,state_238,state_239,state_240,state_241,state_242,state_243,state_244,state_245,state_246,state_247,state_248,state_249,state_250,state_251,state_252,state_253,state_254,state_255,state_256,state_257,state_258,state_259,state_260,state_261,state_262,state_263,state_264,state_265,state_266,state_267,state_268,state_269,state_270,state_271,state_272,state_273,state_274,state_275,state_276,state_277,state_278,state_279,state_280,state_281,state_282,state_283,state_284,state_285,state_286,state_287
{'img': array([[[ 0.        , -0.22826668, -0.29449256, ...,  0.23182965,
          0.41952997,  0.31646075],
        [ 0.22826668,  0.        , -0.06857364, ...,  0.44775691,
          0.61566094,  0.52464081],
        [ 0.29449256,  0.06857364,  0.        , ...,  0.5080184 ,
          0.66824851,  0.5817842 ],
        ...,
        [-0.23182965, -0.44775691, -0.5080184 , ...,  0.        ,
          0.19765907,  0.08792431],
        [-0.41952997, -0.61566094, -0.66824851, ..., -0.19765907,
          0.        , -0.11070393],
        [-0.31646075, -0.52464081, -0.5817842 , ..., -0.08792431,
          0.11070393,  0.        ]],

       [[ 0.        , -0.98658028, -0.99026329, ..., -0.93594158,
         -0.93277523, -0.80690369],
        [ 0.98658028,  0.        , -0.02434817, ..., -0.50024714,
         -0.50792199, -0.71450498],
        [ 0.99026329,  0.02434817,  0.        , ..., -0.47901618,
         -0.48679782, -0.69725844],
        ...,
        [ 0.93594158,  0.50024714,  0.47901618, ...,  0.        ,
         -0.00888642, -0.2686894 ],
        [ 0.93277523,  0.50792199,  0.48679782, ...,  0.00888642,
          0.        , -0.26011915],
        [ 0.80690369,  0.71450498,  0.69725844, ...,  0.2686894 ,
          0.26011915,  0.        ]],

       [[ 0.        ,  0.28619783,  0.49074667, ...,  0.99986065,
          0.99943533,  0.99170513],
        [-0.28619783,  0.        ,  0.22085418, ...,  0.96281476,
          0.94801296,  0.91343656],
        [-0.49074667, -0.22085418,  0.        , ...,  0.87937332,
          0.85432071,  0.80099744],
        ...,
        [-0.99986065, -0.96281476, -0.87937332, ...,  0.        ,
         -0.05028072, -0.14507121],
        [-0.99943533, -0.94801296, -0.85432071, ...,  0.05028072,
          0.        , -0.09513889],
        [-0.99170513, -0.91343656, -0.80099744, ...,  0.14507121,
          0.09513889,  0.        ]],

       ...,

       [[ 0.        , -0.36135466, -0.42237734, ..., -0.68750238,
         -0.54852647, -0.62229819],
        [ 0.36135466,  0.        , -0.06629752, ..., -0.37863748,
         -0.20932105, -0.29738723],
        [ 0.42237734,  0.06629752,  0.        , ..., -0.3164431 ,
         -0.1440317 , -0.23343493],
        ...,
        [ 0.68750238,  0.37863748,  0.3164431 , ...,  0.        ,
          0.17651345,  0.08626149],
        [ 0.54852647,  0.20932105,  0.1440317 , ..., -0.17651345,
          0.        , -0.09094847],
        [ 0.62229819,  0.29738723,  0.23343493, ..., -0.08626149,
          0.09094847,  0.        ]],

       [[ 0.        ,  0.2956665 ,  0.45181062, ...,  0.66319311,
          0.55903108,  0.46766585],
        [-0.2956665 ,  0.        ,  0.16784254, ...,  0.85483365,
          0.77918838,  0.70809827],
        [-0.45181062, -0.16784254,  0.        , ...,  0.92980068,
          0.87333667,  0.81656901],
        ...,
        [-0.66319311, -0.85483365, -0.92980068, ...,  0.        ,
          0.1314785 ,  0.23617621],
        [-0.55903108, -0.77918838, -0.87333667, ..., -0.1314785 ,
          0.        ,  0.10636697],
        [-0.46766585, -0.70809827, -0.81656901, ..., -0.23617621,
         -0.10636697,  0.        ]],

       [[ 0.        , -0.25862581, -0.4608473 , ...,  0.97392246,
          0.90984901,  0.60043423],
        [ 0.25862581,  0.        , -0.21564307, ...,  0.88210996,
          0.77157969,  0.37318964],
        [ 0.4608473 ,  0.21564307,  0.        , ...,  0.75977862,
          0.61624855,  0.16434537],
        ...,
        [-0.97392246, -0.88210996, -0.75977862, ...,  0.        ,
          0.19769134,  0.64259343],
        [-0.90984901, -0.77157969, -0.61624855, ..., -0.19769134,
          0.        ,  0.47843885],
        [-0.60043423, -0.37318964, -0.16434537, ..., -0.64259343,
         -0.47843885,  0.        ]]]), 'num': array([7.07022132e-01, 7.07022132e-01, 0.00000000e+00, 1.80772704e-04,
       1.82379573e-04, 1.75952099e-04, 1.54650486e-02, 4.82060545e-06,
       1.77398280e-04, 1.71862619e-04, 1.42135552e-04, 1.05424176e-06,
       2.17354933e-04, 1.26370304e-04])}
{'img': array([[[ 0.        , -0.06857364, -0.18066913, ...,  0.61566094,
          0.52464081,  0.61566094],
        [ 0.06857364,  0.        , -0.11279866, ...,  0.66824851,
          0.5817842 ,  0.66824851],
        [ 0.18066913,  0.11279866,  0.        , ...,  0.74789888,
          0.66981519,  0.74789888],
        ...,
        [-0.61566094, -0.66824851, -0.74789888, ...,  0.        ,
         -0.11070393,  0.        ],
        [-0.52464081, -0.5817842 , -0.66981519, ...,  0.11070393,
          0.        ,  0.11070393],
        [-0.61566094, -0.66824851, -0.74789888, ...,  0.        ,
         -0.11070393,  0.        ]],

       [[ 0.        , -0.02434817, -0.16371971, ..., -0.50792199,
         -0.71450498, -0.67100652],
        [ 0.02434817,  0.        , -0.13965154, ..., -0.48679782,
         -0.69725844, -0.65275461],
        [ 0.16371971,  0.13965154,  0.        , ..., -0.36003988,
         -0.59032082, -0.54056234],
        ...,
        [ 0.50792199,  0.48679782,  0.36003988, ...,  0.        ,
         -0.26011915, -0.20140758],
        [ 0.71450498,  0.69725844,  0.59032082, ...,  0.26011915,
          0.        ,  0.06031423],
        [ 0.67100652,  0.65275461,  0.54056234, ...,  0.20140758,
         -0.06031423,  0.        ]],

       [[ 0.        ,  0.22085418,  0.39527658, ...,  0.94801296,
          0.91343656,  0.90999857],
        [-0.22085418,  0.        ,  0.18264767, ...,  0.85432071,
          0.80099744,  0.79595917],
        [-0.39527658, -0.18264767,  0.        , ...,  0.74501927,
          0.67817814,  0.67200407],
        ...,
        [-0.94801296, -0.85432071, -0.74501927, ...,  0.        ,
         -0.09513889, -0.10346655],
        [-0.91343656, -0.80099744, -0.67817814, ...,  0.09513889,
          0.        , -0.00836895],
        [-0.90999857, -0.79595917, -0.67200407, ...,  0.10346655,
          0.00836895,  0.        ]],

       ...,

       [[ 0.        , -0.06629752, -0.21545531, ..., -0.20932105,
         -0.29738723, -0.29738723],
        [ 0.06629752,  0.        , -0.15024084, ..., -0.1440317 ,
         -0.23343493, -0.23343493],
        [ 0.21545531,  0.15024084,  0.        , ...,  0.00627744,
         -0.08469525, -0.08469525],
        ...,
        [ 0.20932105,  0.1440317 , -0.00627744, ...,  0.        ,
         -0.09094847, -0.09094847],
        [ 0.29738723,  0.23343493,  0.08469525, ...,  0.09094847,
          0.        ,  0.        ],
        [ 0.29738723,  0.23343493,  0.08469525, ...,  0.09094847,
          0.        ,  0.        ]],

       [[ 0.        ,  0.16700879,  0.26616662, ...,  0.83818235,
          0.82208795,  0.70567809],
        [-0.16700879,  0.        ,  0.10144412, ...,  0.91749536,
          0.90563027,  0.8140983 ],
        [-0.26616662, -0.10144412,  0.        , ...,  0.95311126,
          0.94397757,  0.86880992],
        ...,
        [-0.83818235, -0.91749536, -0.95311126, ...,  0.        ,
          0.02886932,  0.20900968],
        [-0.82208795, -0.90563027, -0.94397757, ..., -0.02886932,
          0.        ,  0.18069085],
        [-0.70567809, -0.8140983 , -0.86880992, ..., -0.20900968,
         -0.18069085,  0.        ]],

       [[ 0.        , -0.21046358, -0.31742295, ...,  0.85949794,
          0.72537847,  0.36458246],
        [ 0.21046358,  0.        , -0.11073396, ...,  0.73267046,
          0.56425857,  0.16043883],
        [ 0.31742295,  0.11073396,  0.        , ...,  0.65280089,
          0.46936667,  0.05015266],
        ...,
        [-0.85949794, -0.73267046, -0.65280089, ...,  0.        ,
          0.22086625,  0.61398726],
        [-0.72537847, -0.56425857, -0.46936667, ..., -0.22086625,
          0.        ,  0.42449104],
        [-0.36458246, -0.16043883, -0.05015266, ..., -0.61398726,
         -0.42449104,  0.        ]]]), 'num': array([ 7.07032994e-01,  7.07032994e-01,  0.00000000e+00,  1.78365142e-04,
        1.82382375e-04,  1.77561695e-04,  1.44377423e-02, -2.41033975e-06,
        1.77561695e-04,  1.73520359e-04,  1.42622481e-04,  9.98221513e-07,
        2.17401699e-04,  1.29639019e-04])}
{'img': array([[[ 0.        , -0.11279866, -0.1027543 , ...,  0.5817842 ,
          0.66824851,  0.62531751],
        [ 0.11279866,  0.        ,  0.01010308, ...,  0.66981519,
          0.74789888,  0.70935139],
        [ 0.1027543 , -0.01010308,  0.        , ...,  0.66227919,
          0.74115415,  0.70219398],
        ...,
        [-0.5817842 , -0.66981519, -0.66227919, ...,  0.        ,
          0.11070393,  0.05459055],
        [-0.66824851, -0.74789888, -0.74115415, ..., -0.11070393,
          0.        , -0.05628384],
        [-0.62531751, -0.70935139, -0.70219398, ..., -0.05459055,
          0.05628384,  0.        ]],

       [[ 0.        , -0.13965154, -0.35434964, ..., -0.69725844,
         -0.65275461, -0.67696641],
        [ 0.13965154,  0.        , -0.2202873 , ..., -0.59032082,
         -0.54056234, -0.56754714],
        [ 0.35434964,  0.2202873 ,  0.        , ..., -0.39801059,
         -0.34195487, -0.37223383],
        ...,
        [ 0.69725844,  0.59032082,  0.39801059, ...,  0.        ,
          0.06031423,  0.02792897],
        [ 0.65275461,  0.54056234,  0.34195487, ..., -0.06031423,
          0.        , -0.03241258],
        [ 0.67696641,  0.56754714,  0.37223383, ..., -0.02792897,
          0.03241258,  0.        ]],

       [[ 0.        ,  0.18264767,  0.22779539, ...,  0.80099744,
          0.79595917,  0.79848203],
        [-0.18264767,  0.        ,  0.04611783, ...,  0.67817814,
          0.67200407,  0.67509301],
        [-0.22779539, -0.04611783,  0.        , ...,  0.64356468,
          0.63713662,  0.64035209],
        ...,
        [-0.80099744, -0.67817814, -0.64356468, ...,  0.        ,
         -0.00836895, -0.00418994],
        [-0.79595917, -0.67200407, -0.63713662, ...,  0.00836895,
          0.        ,  0.00417908],
        [-0.79848203, -0.67509301, -0.64035209, ...,  0.00418994,
         -0.00417908,  0.        ]],

       ...,

       [[ 0.        , -0.15024084, -0.13061988, ..., -0.23343493,
         -0.23343493, -0.33705844],
        [ 0.15024084,  0.        ,  0.01981639, ..., -0.08469525,
         -0.08469525, -0.19178332],
        [ 0.13061988, -0.01981639,  0.        , ..., -0.10442381,
         -0.10442381, -0.2111942 ],
        ...,
        [ 0.23343493,  0.08469525,  0.10442381, ...,  0.        ,
          0.        , -0.10797114],
        [ 0.23343493,  0.08469525,  0.10442381, ...,  0.        ,
          0.        , -0.10797114],
        [ 0.33705844,  0.19178332,  0.2111942 , ...,  0.10797114,
          0.10797114,  0.        ]],

       [[ 0.        ,  0.10141141,  0.1886961 , ...,  0.90779335,
          0.8390546 ,  0.81394939],
        [-0.10141141,  0.        ,  0.08813369, ...,  0.94564703,
          0.88990151,  0.86866665],
        [-0.1886961 , -0.08813369,  0.        , ...,  0.97062781,
          0.92664102,  0.90894754],
        ...,
        [-0.90779335, -0.94564703, -0.97062781, ...,  0.        ,
          0.14196807,  0.18598483],
        [-0.8390546 , -0.88990151, -0.92664102, ..., -0.14196807,
          0.        ,  0.04460994],
        [-0.81394939, -0.86866665, -0.90894754, ..., -0.18598483,
         -0.04460994,  0.        ]],

       [[ 0.        , -0.10746229, -0.15572336, ...,  0.72370217,
          0.60038751,  0.15572336],
        [ 0.10746229,  0.        , -0.04867027, ...,  0.64535026,
          0.51097218,  0.04867027],
        [ 0.15572336,  0.04867027,  0.        , ...,  0.60740689,
          0.4685298 ,  0.        ],
        ...,
        [-0.72370217, -0.64535026, -0.60740689, ...,  0.        ,
          0.16441641,  0.60740689],
        [-0.60038751, -0.51097218, -0.4685298 , ..., -0.16441641,
          0.        ,  0.4685298 ],
        [-0.15572336, -0.04867027, -0.        , ..., -0.60740689,
         -0.4685298 ,  0.        ]]]), 'num': array([ 9.50868008e-01,  3.09062510e-01,  5.94264349e-05,  2.37793812e-04,
        2.44399195e-04,  2.32289325e-04,  1.81644087e-02, -6.60538365e-06,
        2.43738657e-04,  2.39533229e-04,  1.96055126e-04,  1.08254899e-06,
        2.97428269e-04,  1.81638190e-04])}
{'img': array([[[ 0.        ,  0.01010308,  0.01010308, ...,  0.74789888,
          0.70935139,  0.62937072],
        [-0.01010308,  0.        ,  0.        , ...,  0.74115415,
          0.70219398,  0.62148744],
        [-0.01010308,  0.        ,  0.        , ...,  0.74115415,
          0.70219398,  0.62148744],
        ...,
        [-0.74789888, -0.74115415, -0.74115415, ...,  0.        ,
         -0.05628384, -0.16341185],
        [-0.70935139, -0.70219398, -0.70219398, ...,  0.05628384,
          0.        , -0.10762554],
        [-0.62937072, -0.62148744, -0.62148744, ...,  0.16341185,
          0.10762554,  0.        ]],

       [[ 0.        , -0.2202873 , -0.39831494, ..., -0.54056234,
         -0.56754714, -0.60562121],
        [ 0.2202873 ,  0.        , -0.18647211, ..., -0.34195487,
         -0.37223383, -0.41544985],
        [ 0.39831494,  0.18647211,  0.        , ..., -0.16072618,
         -0.19263291, -0.23854494],
        ...,
        [ 0.54056234,  0.34195487,  0.16072618, ...,  0.        ,
         -0.03241258, -0.07935738],
        [ 0.56754714,  0.37223383,  0.19263291, ...,  0.03241258,
          0.        , -0.04700533],
        [ 0.60562121,  0.41544985,  0.23854494, ...,  0.07935738,
          0.04700533,  0.        ]],

       [[ 0.        ,  0.04611783, -0.04287245, ...,  0.67200407,
          0.67509301,  0.68125943],
        [-0.04611783,  0.        , -0.08890226, ...,  0.63713662,
          0.64035209,  0.64677438],
        [ 0.04287245,  0.08890226,  0.        , ...,  0.70313528,
          0.7061007 ,  0.71201748],
        ...,
        [-0.67200407, -0.63713662, -0.70313528, ...,  0.        ,
          0.00417908,  0.01256968],
        [-0.67509301, -0.64035209, -0.7061007 , ..., -0.00417908,
          0.        ,  0.00839082],
        [-0.68125943, -0.64677438, -0.71201748, ..., -0.01256968,
         -0.00839082,  0.        ]],

       ...,

       [[ 0.        ,  0.01981639,  0.0903834 , ..., -0.08469525,
         -0.19178332, -0.539466  ],
        [-0.01981639,  0.        ,  0.07063037, ..., -0.10442381,
         -0.2111942 , -0.55604562],
        [-0.0903834 , -0.07063037,  0.        , ..., -0.17440724,
         -0.279704  , -0.61336148],
        ...,
        [ 0.08469525,  0.10442381,  0.17440724, ...,  0.        ,
         -0.10797114, -0.46621362],
        [ 0.19178332,  0.2111942 ,  0.279704  , ...,  0.10797114,
          0.        , -0.36796908],
        [ 0.539466  ,  0.55604562,  0.61336148, ...,  0.46621362,
          0.36796908,  0.        ]],

       [[ 0.        ,  0.08813369,  0.16388148, ...,  0.88990151,
          0.86866665,  0.92329975],
        [-0.08813369,  0.        ,  0.07630164, ...,  0.92664102,
          0.90894754,  0.95355727],
        [-0.16388148, -0.07630164,  0.        , ...,  0.95262506,
          0.93810871,  0.9737604 ],
        ...,
        [-0.88990151, -0.92664102, -0.95262506, ...,  0.        ,
          0.04460994, -0.07937218],
        [-0.86866665, -0.90894754, -0.93810871, ..., -0.04460994,
          0.        , -0.12376236],
        [-0.92329975, -0.95355727, -0.9737604 , ...,  0.07937218,
          0.12376236,  0.        ]],

       [[ 0.        , -0.04744982,  0.08218505, ...,  0.64975123,
          0.47628877,  0.04744982],
        [ 0.04744982,  0.        ,  0.12938178, ...,  0.61295053,
          0.43403019,  0.        ],
        [-0.08218505, -0.12938178,  0.        , ...,  0.71002589,
          0.54694193,  0.12938178],
        ...,
        [-0.64975123, -0.61295053, -0.71002589, ...,  0.        ,
          0.20926962,  0.61295053],
        [-0.47628877, -0.43403019, -0.54694193, ..., -0.20926962,
          0.        ,  0.43403019],
        [-0.04744982, -0.        , -0.12938178, ..., -0.61295053,
         -0.43403019,  0.        ]]]), 'num': array([8.50275420e-01, 5.26159608e-01, 2.93317477e-05, 2.15789489e-04,
       2.16765912e-04, 2.07001682e-04, 1.36901343e-02, 4.88211513e-06,
       2.15398920e-04, 2.14559196e-04, 1.74639768e-04, 6.14378533e-07,
       2.62719579e-04, 1.66398813e-04])}
{'img': array([[[ 0.        ,  0.        , -0.04058743, ...,  0.70219398,
          0.62148744,  0.68899088],
        [ 0.        ,  0.        , -0.04058743, ...,  0.70219398,
          0.62148744,  0.68899088],
        [ 0.04058743,  0.04058743,  0.        , ...,  0.73051303,
          0.6527725 ,  0.7178397 ],
        ...,
        [-0.70219398, -0.70219398, -0.73051303, ...,  0.        ,
         -0.10762554, -0.01837749],
        [-0.62148744, -0.62148744, -0.6527725 , ...,  0.10762554,
          0.        ,  0.08933662],
        [-0.68899088, -0.68899088, -0.7178397 , ...,  0.01837749,
         -0.08933662,  0.        ]],

       [[ 0.        , -0.18303246, -0.2097126 , ..., -0.35906558,
         -0.3965444 , -0.53265587],
        [ 0.18303246,  0.        , -0.02720751, ..., -0.18217339,
         -0.22181888, -0.36875143],
        [ 0.2097126 ,  0.02720751,  0.        , ..., -0.15535371,
         -0.19520705, -0.34332478],
        ...,
        [ 0.35906558,  0.18217339,  0.15535371, ...,  0.        ,
         -0.040472  , -0.19324563],
        [ 0.3965444 ,  0.22181888,  0.19520705, ...,  0.040472  ,
          0.        , -0.15337818],
        [ 0.53265587,  0.36875143,  0.34332478, ...,  0.19324563,
          0.15337818,  0.        ]],

       [[ 0.        , -0.08890226, -0.1356134 , ...,  0.64035209,
          0.64677438,  0.6339183 ],
        [ 0.08890226,  0.        , -0.04699545, ...,  0.7061007 ,
          0.71201748,  0.70016522],
        [ 0.1356134 ,  0.04699545,  0.        , ...,  0.73859855,
          0.74422919,  0.73294547],
        ...,
        [-0.64035209, -0.7061007 , -0.73859855, ...,  0.        ,
          0.00839082, -0.00834739],
        [-0.64677438, -0.71201748, -0.74422919, ..., -0.00839082,
          0.        , -0.01673762],
        [-0.6339183 , -0.70016522, -0.73294547, ...,  0.00834739,
          0.01673762,  0.        ]],

       ...,

       [[ 0.        ,  0.07063037,  0.00388924, ..., -0.2111942 ,
         -0.55604562, -0.90228288],
        [-0.07063037,  0.        , -0.06675031, ..., -0.279704  ,
         -0.61336148, -0.93048138],
        [-0.00388924,  0.06675031,  0.        , ..., -0.21499412,
         -0.55927396, -0.90395288],
        ...,
        [ 0.2111942 ,  0.279704  ,  0.21499412, ...,  0.        ,
         -0.36796908, -0.79087588],
        [ 0.55604562,  0.61336148,  0.55927396, ...,  0.36796908,
          0.        , -0.510198  ],
        [ 0.90228288,  0.93048138,  0.90395288, ...,  0.79087588,
          0.510198  ,  0.        ]],

       [[ 0.        ,  0.07630164,  0.13609794, ...,  0.90894754,
          0.95355727,  0.98150604],
        [-0.07630164,  0.        ,  0.06010951, ...,  0.93810871,
          0.9737604 ,  0.99325125],
        [-0.13609794, -0.06010951,  0.        , ...,  0.9572308 ,
          0.98567909,  0.9984269 ],
        ...,
        [-0.90894754, -0.93810871, -0.9572308 , ...,  0.        ,
         -0.12376236, -0.2351993 ],
        [-0.95355727, -0.9737604 , -0.98567909, ...,  0.12376236,
          0.        , -0.11310059],
        [-0.98150604, -0.99325125, -0.9984269 , ...,  0.2351993 ,
          0.11310059,  0.        ]],

       [[ 0.        ,  0.12486823,  0.25012386, ...,  0.63795963,
          0.50631118,  0.        ],
        [-0.12486823,  0.        ,  0.12726707, ...,  0.72912378,
          0.61002867,  0.12486823],
        [-0.25012386, -0.12726707,  0.        , ...,  0.81029418,
          0.70591201,  0.25012386],
        ...,
        [-0.63795963, -0.72912378, -0.81029418, ...,  0.        ,
          0.16025008,  0.63795963],
        [-0.50631118, -0.61002867, -0.70591201, ..., -0.16025008,
          0.        ,  0.50631118],
        [-0.        , -0.12486823, -0.25012386, ..., -0.63795963,
         -0.50631118,  0.        ]]]), 'num': array([8.28328288e-01, 5.56376987e-01, 2.33434593e-05, 2.17909696e-04,
       2.25391574e-04, 2.09492584e-04, 6.57004281e-02, 1.12228170e-05,
       2.08931443e-04, 2.08389007e-04, 1.68170795e-04, 7.79362290e-07,
       2.49821641e-04, 1.66956372e-04])}
{'img': array([[[ 0.        , -0.04058743, -0.01685457, ...,  0.62148744,
          0.68899088,  0.83951317],
        [ 0.04058743,  0.        ,  0.02374098, ...,  0.6527725 ,
          0.7178397 ,  0.86087416],
        [ 0.01685457, -0.02374098,  0.        , ...,  0.63460343,
          0.7011087 ,  0.84855167],
        ...,
        [-0.62148744, -0.6527725 , -0.63460343, ...,  0.        ,
          0.08933662,  0.32001631],
        [-0.68899088, -0.7178397 , -0.7011087 , ..., -0.08933662,
          0.        ,  0.23409813],
        [-0.83951317, -0.86087416, -0.84855167, ..., -0.32001631,
         -0.23409813,  0.        ]],

       [[ 0.        , -0.02720751,  0.08507743, ..., -0.22181888,
         -0.36875143,  0.36390392],
        [ 0.02720751,  0.        ,  0.1121548 , ..., -0.19520705,
         -0.34332478,  0.38911127],
        [-0.08507743, -0.1121548 ,  0.        , ..., -0.30397261,
         -0.44649632,  0.2833403 ],
        ...,
        [ 0.22181888,  0.19520705,  0.30397261, ...,  0.        ,
         -0.15337818,  0.5614485 ],
        [ 0.36875143,  0.34332478,  0.44649632, ...,  0.15337818,
          0.        ,  0.68172744],
        [-0.36390392, -0.38911127, -0.2833403 , ..., -0.5614485 ,
         -0.68172744,  0.        ]],

       [[ 0.        , -0.04699545, -0.07366109, ...,  0.71201748,
          0.70016522,  0.74131006],
        [ 0.04699545,  0.        , -0.02671192, ...,  0.74422919,
          0.73294547,  0.77203259],
        [ 0.07366109,  0.02671192,  0.        , ...,  0.76180517,
          0.75085571,  0.78873474],
        ...,
        [-0.71201748, -0.74422919, -0.76180517, ...,  0.        ,
         -0.01673762,  0.04263997],
        [-0.70016522, -0.73294547, -0.75085571, ...,  0.01673762,
          0.        ,  0.0593564 ],
        [-0.74131006, -0.77203259, -0.78873474, ..., -0.04263997,
         -0.0593564 ,  0.        ]],

       ...,

       [[ 0.        , -0.06675031,  0.04482111, ..., -0.61336148,
         -0.93048138, -0.76882933],
        [ 0.06675031,  0.        ,  0.11140437, ..., -0.55927396,
         -0.90395288, -0.72443086],
        [-0.04482111, -0.11140437,  0.        , ..., -0.64814489,
         -0.945966  , -0.79671771],
        ...,
        [ 0.61336148,  0.55927396,  0.64814489, ...,  0.        ,
         -0.510198  , -0.2150067 ],
        [ 0.93048138,  0.90395288,  0.945966  , ...,  0.510198  ,
          0.        ,  0.31334777],
        [ 0.76882933,  0.72443086,  0.79671771, ...,  0.2150067 ,
         -0.31334777,  0.        ]],

       [[ 0.        ,  0.06010951,  0.11563845, ...,  0.9737604 ,
          0.99325125,  0.99998487],
        [-0.06010951,  0.        ,  0.0557231 , ...,  0.98567909,
          0.9984269 ,  0.99784607],
        [-0.11563845, -0.0557231 ,  0.        , ...,  0.9935443 ,
          0.99999994,  0.9926403 ],
        ...,
        [-0.9737604 , -0.98567909, -0.9935443 , ...,  0.        ,
         -0.11310059, -0.2329282 ],
        [-0.99325125, -0.9984269 , -0.99999994, ...,  0.11310059,
          0.        , -0.12144399],
        [-0.99998487, -0.99784607, -0.9926403 , ...,  0.2329282 ,
          0.12144399,  0.        ]],

       [[ 0.        ,  0.20768428,  0.33766662, ...,  0.7260035 ,
          0.58232341,  0.        ],
        [-0.20768428,  0.        ,  0.13481801, ...,  0.85299626,
          0.73846481,  0.20768428],
        [-0.33766662, -0.13481801,  0.        , ...,  0.91557254,
          0.82262961,  0.33766662],
        ...,
        [-0.7260035 , -0.85299626, -0.91557254, ...,  0.        ,
          0.18975122,  0.7260035 ],
        [-0.58232341, -0.73846481, -0.82262961, ..., -0.18975122,
          0.        ,  0.58232341],
        [-0.        , -0.20768428, -0.33766662, ..., -0.7260035 ,
         -0.58232341,  0.        ]]]), 'num': array([8.06134396e-01, 5.91155802e-01, 1.81416535e-05, 2.14763830e-04,
       2.14763830e-04, 2.00265006e-04, 2.61117477e-02, 3.62470600e-06,
       2.04614654e-04, 2.04868383e-04, 1.63875979e-04, 7.87183626e-07,
       2.39252383e-04, 1.70484383e-04])}
{'img': array([[[ 0.00000000e+00,  2.37409844e-02, -5.84390112e-02, ...,
          7.17839699e-01,  8.60874156e-01,  9.03052935e-01],
        [-2.37409844e-02,  0.00000000e+00, -8.21229504e-02, ...,
          7.01108697e-01,  8.48551674e-01,  8.92600955e-01],
        [ 5.84390112e-02,  8.21229504e-02,  0.00000000e+00, ...,
          7.57298628e-01,  8.89137722e-01,  9.26610866e-01],
        ...,
        [-7.17839699e-01, -7.01108697e-01, -7.57298628e-01, ...,
          0.00000000e+00,  2.34098126e-01,  3.20379895e-01],
        [-8.60874156e-01, -8.48551674e-01, -8.89137722e-01, ...,
         -2.34098126e-01,  0.00000000e+00,  8.97188764e-02],
        [-9.03052935e-01, -8.92600955e-01, -9.26610866e-01, ...,
         -3.20379895e-01, -8.97188764e-02,  0.00000000e+00]],

       [[ 0.00000000e+00,  1.12154803e-01,  2.85258907e-02, ...,
         -3.43324776e-01,  3.89111273e-01,  2.76014481e-02],
        [-1.12154803e-01,  0.00000000e+00, -8.37632484e-02, ...,
         -4.46496322e-01,  2.83340303e-01, -8.46847693e-02],
        [-2.85258907e-02,  8.37632484e-02,  0.00000000e+00, ...,
         -3.69977055e-01,  3.62675139e-01, -9.24806715e-04],
        ...,
        [ 3.43324776e-01,  4.46496322e-01,  3.69977055e-01, ...,
          0.00000000e+00,  6.81727436e-01,  3.69117714e-01],
        [-3.89111273e-01, -2.83340303e-01, -3.62675139e-01, ...,
         -6.81727436e-01,  0.00000000e+00, -3.63536826e-01],
        [-2.76014481e-02,  8.46847693e-02,  9.24806715e-04, ...,
         -3.69117714e-01,  3.63536826e-01,  0.00000000e+00]],

       [[ 0.00000000e+00, -2.67119184e-02, -4.61312815e-02, ...,
          7.32945468e-01,  7.72032586e-01,  8.04570914e-01],
        [ 2.67119184e-02,  0.00000000e+00, -1.94313401e-02, ...,
          7.50855714e-01,  7.88734744e-01,  8.20146870e-01],
        [ 4.61312815e-02,  1.94313401e-02,  0.00000000e+00, ...,
          7.63547693e-01,  8.00530925e-01,  8.31109722e-01],
        ...,
        [-7.32945468e-01, -7.50855714e-01, -7.63547693e-01, ...,
          0.00000000e+00,  5.93563951e-02,  1.12074959e-01],
        [-7.72032586e-01, -7.88734744e-01, -8.00530925e-01, ...,
         -5.93563951e-02,  0.00000000e+00,  5.28949197e-02],
        [-8.04570914e-01, -8.20146870e-01, -8.31109722e-01, ...,
         -1.12074959e-01, -5.28949197e-02,  0.00000000e+00]],

       ...,

       [[ 0.00000000e+00,  1.11404374e-01,  9.81657801e-02, ...,
         -9.03952884e-01, -7.24430858e-01, -6.87801353e-01],
        [-1.11404374e-01,  0.00000000e+00, -1.33115853e-02, ...,
         -9.45966003e-01, -7.96717714e-01, -7.64388217e-01],
        [-9.81657801e-02,  1.33115853e-02,  0.00000000e+00, ...,
         -9.41565696e-01, -7.88602244e-01, -7.55737762e-01],
        ...,
        [ 9.03952884e-01,  9.45966003e-01,  9.41565696e-01, ...,
          0.00000000e+00,  3.13347768e-01,  3.62052545e-01],
        [ 7.24430858e-01,  7.96717714e-01,  7.88602244e-01, ...,
         -3.13347768e-01,  0.00000000e+00,  5.17294856e-02],
        [ 6.87801353e-01,  7.64388217e-01,  7.55737762e-01, ...,
         -3.62052545e-01, -5.17294856e-02,  0.00000000e+00]],

       [[ 0.00000000e+00,  5.57231034e-02,  9.12596057e-02, ...,
          9.98426896e-01,  9.97846070e-01,  9.79418968e-01],
        [-5.57231034e-02,  0.00000000e+00,  3.56272336e-02, ...,
          9.99999940e-01,  9.92640301e-01,  9.66650180e-01],
        [-9.12596057e-02, -3.56272336e-02,  0.00000000e+00, ...,
          9.99377432e-01,  9.87695660e-01,  9.56912351e-01],
        ...,
        [-9.98426896e-01, -9.99999940e-01, -9.99377432e-01, ...,
          0.00000000e+00, -1.21443986e-01, -2.56435309e-01],
        [-9.97846070e-01, -9.92640301e-01, -9.87695660e-01, ...,
          1.21443986e-01,  0.00000000e+00, -1.37154179e-01],
        [-9.79418968e-01, -9.66650180e-01, -9.56912351e-01, ...,
          2.56435309e-01,  1.37154179e-01,  0.00000000e+00]],

       [[ 0.00000000e+00,  2.56926525e-01,  3.95813476e-01, ...,
          7.78102722e-01,  6.02449867e-01,  0.00000000e+00],
        [-2.56926525e-01,  0.00000000e+00,  1.46582815e-01, ...,
          9.13367614e-01,  7.87293825e-01,  2.56926525e-01],
        [-3.95813476e-01, -1.46582815e-01,  0.00000000e+00, ...,
          9.63180903e-01,  8.69169533e-01,  3.95813476e-01],
        ...,
        [-7.78102722e-01, -9.13367614e-01, -9.63180903e-01, ...,
          0.00000000e+00,  2.42626837e-01,  7.78102722e-01],
        [-6.02449867e-01, -7.87293825e-01, -8.69169533e-01, ...,
         -2.42626837e-01,  0.00000000e+00,  6.02449867e-01],
        [-0.00000000e+00, -2.56926525e-01, -3.95813476e-01, ...,
         -7.78102722e-01, -6.02449867e-01,  0.00000000e+00]]]), 'num': array([ 7.33138596e-01,  6.73378816e-01,  6.04856064e-06,  1.65539554e-04,
        2.04411190e-04,  1.58167347e-04,  9.52287062e-02, -3.30073808e-05,
        1.85075902e-04,  1.90228070e-04,  1.51845122e-04,  5.24356384e-07,
        2.18412631e-04,  1.62043509e-04])}
{'img': array([[[ 0.00000000e+00, -8.21229504e-02, -1.20471640e-01, ...,
          8.48551674e-01,  8.92600955e-01,  3.70600004e-01],
        [ 8.21229504e-02,  0.00000000e+00, -3.85398812e-02, ...,
          8.89137722e-01,  9.26610866e-01,  4.45623379e-01],
        [ 1.20471640e-01,  3.85398812e-02,  0.00000000e+00, ...,
          9.06114529e-01,  9.40414283e-01,  4.79794002e-01],
        ...,
        [-8.48551674e-01, -8.89137722e-01, -9.06114529e-01, ...,
          0.00000000e+00,  8.97188764e-02, -5.92039388e-01],
        [-8.92600955e-01, -9.26610866e-01, -9.40414283e-01, ...,
         -8.97188764e-02,  0.00000000e+00, -6.61957023e-01],
        [-3.70600004e-01, -4.45623379e-01, -4.79794002e-01, ...,
          5.92039388e-01,  6.61957023e-01,  0.00000000e+00]],

       [[ 0.00000000e+00, -8.37632484e-02, -1.60799800e-01, ...,
          2.83340303e-01, -8.46847693e-02,  5.27795428e-01],
        [ 8.37632484e-02,  0.00000000e+00, -7.75614580e-02, ...,
          3.62675139e-01, -9.24806715e-04,  5.97086706e-01],
        [ 1.60799800e-01,  7.75614580e-02,  0.00000000e+00, ...,
          4.33863342e-01,  7.66394041e-02,  6.57506020e-01],
        ...,
        [-2.83340303e-01, -3.62675139e-01, -4.33863342e-01, ...,
          0.00000000e+00, -3.63536826e-01,  2.65504887e-01],
        [ 8.46847693e-02,  9.24806715e-04, -7.66394041e-02, ...,
          3.63536826e-01,  0.00000000e+00,  5.97828309e-01],
        [-5.27795428e-01, -5.97086706e-01, -6.57506020e-01, ...,
         -2.65504887e-01, -5.97828309e-01,  0.00000000e+00]],

       [[ 0.00000000e+00, -1.94313401e-02, -4.95597174e-02, ...,
          7.88734744e-01,  8.20146870e-01,  7.55247273e-01],
        [ 1.94313401e-02,  0.00000000e+00, -3.01428981e-02, ...,
          8.00530925e-01,  8.31109722e-01,  7.67840754e-01],
        [ 4.95597174e-02,  3.01428981e-02,  0.00000000e+00, ...,
          8.18231544e-01,  8.47494786e-01,  7.86802616e-01],
        ...,
        [-7.88734744e-01, -8.00530925e-01, -8.18231544e-01, ...,
          0.00000000e+00,  5.28949197e-02, -5.26923388e-02],
        [-8.20146870e-01, -8.31109722e-01, -8.47494786e-01, ...,
         -5.28949197e-02,  0.00000000e+00, -1.05440012e-01],
        [-7.55247273e-01, -7.67840754e-01, -7.86802616e-01, ...,
          5.26923388e-02,  1.05440012e-01,  0.00000000e+00]],

       ...,

       [[ 0.00000000e+00, -1.33115853e-02, -8.24482164e-02, ...,
         -7.96717714e-01, -7.64388217e-01, -9.47766962e-01],
        [ 1.33115853e-02,  0.00000000e+00, -6.91746473e-02, ...,
         -7.88602244e-01, -7.55737762e-01, -9.43437076e-01],
        [ 8.24482164e-02,  6.91746473e-02,  0.00000000e+00, ...,
         -7.44177456e-01, -7.08626738e-01, -9.18242166e-01],
        ...,
        [ 7.96717714e-01,  7.88602244e-01,  7.44177456e-01, ...,
          0.00000000e+00,  5.17294856e-02, -3.18660542e-01],
        [ 7.64388217e-01,  7.55737762e-01,  7.08626738e-01, ...,
         -5.17294856e-02,  0.00000000e+00, -3.67266669e-01],
        [ 9.47766962e-01,  9.43437076e-01,  9.18242166e-01, ...,
          3.18660542e-01,  3.67266669e-01,  0.00000000e+00]],

       [[ 0.00000000e+00,  3.56272336e-02,  6.17121919e-02, ...,
          9.92640301e-01,  9.66650180e-01,  9.30567463e-01],
        [-3.56272336e-02,  0.00000000e+00,  2.61136862e-02, ...,
          9.87695660e-01,  9.56912351e-01,  9.16932831e-01],
        [-6.17121919e-02, -2.61136862e-02,  0.00000000e+00, ...,
          9.83274962e-01,  9.49003212e-01,  9.06199692e-01],
        ...,
        [-9.92640301e-01, -9.87695660e-01, -9.83274962e-01, ...,
          0.00000000e+00, -1.37154179e-01, -2.50734124e-01],
        [-9.66650180e-01, -9.56912351e-01, -9.49003212e-01, ...,
          1.37154179e-01,  0.00000000e+00, -1.15591690e-01],
        [-9.30567463e-01, -9.16932831e-01, -9.06199692e-01, ...,
          2.50734124e-01,  1.15591690e-01,  0.00000000e+00]],

       [[ 0.00000000e+00,  3.00779780e-01,  4.25291895e-01, ...,
          7.15330027e-01,  4.49851483e-01,  0.00000000e+00],
        [-3.00779780e-01,  0.00000000e+00,  1.33375550e-01, ...,
          8.92386616e-01,  6.97647928e-01,  3.00779780e-01],
        [-4.25291895e-01, -1.33375550e-01,  0.00000000e+00, ...,
          9.44602258e-01,  7.86970522e-01,  4.25291895e-01],
        ...,
        [-7.15330027e-01, -8.92386616e-01, -9.44602258e-01, ...,
          0.00000000e+00,  3.24513398e-01,  7.15330027e-01],
        [-4.49851483e-01, -6.97647928e-01, -7.86970522e-01, ...,
         -3.24513398e-01,  0.00000000e+00,  4.49851483e-01],
        [-0.00000000e+00, -3.00779780e-01, -4.25291895e-01, ...,
         -7.15330027e-01, -4.49851483e-01,  0.00000000e+00]]]), 'num': array([7.12535258e-01, 7.00811729e-01, 1.17235294e-06, 1.62826797e-04,
       1.64455065e-04, 1.55825245e-04, 3.40028107e-02, 1.95392156e-06,
       1.77253251e-04, 1.85402732e-04, 1.47911862e-04, 5.82991844e-07,
       2.10526918e-04, 1.60278547e-04])}
{'img': array([[[ 0.00000000e+00, -3.85398812e-02, -3.84940138e-01, ...,
          9.26610866e-01,  4.45623379e-01,  4.80242693e-01],
        [ 3.85398812e-02,  0.00000000e+00, -3.49084094e-01, ...,
          9.40414283e-01,  4.79794002e-01,  5.13690606e-01],
        [ 3.84940138e-01,  3.49084094e-01,  0.00000000e+00, ...,
          9.99953499e-01,  7.55890644e-01,  7.80880651e-01],
        ...,
        [-9.26610866e-01, -9.40414283e-01, -9.99953499e-01, ...,
          0.00000000e+00, -6.61957023e-01, -6.32181764e-01],
        [-4.45623379e-01, -4.79794002e-01, -7.55890644e-01, ...,
          6.61957023e-01,  0.00000000e+00,  3.90509654e-02],
        [-4.80242693e-01, -5.13690606e-01, -7.80880651e-01, ...,
          6.32181764e-01, -3.90509654e-02,  0.00000000e+00]],

       [[ 0.00000000e+00, -7.75614580e-02,  7.08009085e-02, ...,
         -9.24806715e-04,  5.97086706e-01,  1.41048260e-01],
        [ 7.75614580e-02,  0.00000000e+00,  1.47954441e-01, ...,
          7.66394041e-02,  6.57506020e-01,  2.17409417e-01],
        [-7.08009085e-02, -1.47954441e-01,  0.00000000e+00, ...,
         -7.17233641e-02,  5.38793458e-01,  7.06012026e-02],
        ...,
        [ 9.24806715e-04, -7.66394041e-02,  7.17233641e-02, ...,
          0.00000000e+00,  5.97828309e-01,  1.41963761e-01],
        [-5.97086706e-01, -6.57506020e-01, -5.38793458e-01, ...,
         -5.97828309e-01,  0.00000000e+00, -4.77971835e-01],
        [-1.41048260e-01, -2.17409417e-01, -7.06012026e-02, ...,
         -1.41963761e-01,  4.77971835e-01,  0.00000000e+00]],

       [[ 0.00000000e+00, -3.01428981e-02, -1.31092109e-01, ...,
          8.31109722e-01,  7.67840754e-01,  7.24192777e-01],
        [ 3.01428981e-02,  0.00000000e+00, -1.01149770e-01, ...,
          8.47494786e-01,  7.86802616e-01,  7.44650173e-01],
        [ 1.31092109e-01,  1.01149770e-01,  0.00000000e+00, ...,
          8.96838837e-01,  8.45197384e-01,  8.08343934e-01],
        ...,
        [-8.31109722e-01, -8.47494786e-01, -8.96838837e-01, ...,
          0.00000000e+00, -1.05440012e-01, -1.70401515e-01],
        [-7.67840754e-01, -7.86802616e-01, -8.45197384e-01, ...,
          1.05440012e-01,  0.00000000e+00, -6.55537191e-02],
        [-7.24192777e-01, -7.44650173e-01, -8.08343934e-01, ...,
          1.70401515e-01,  6.55537191e-02,  0.00000000e+00]],

       ...,

       [[ 0.00000000e+00, -6.91746473e-02, -3.97240520e-01, ...,
         -7.55737762e-01, -9.43437076e-01, -8.84822776e-01],
        [ 6.91746473e-02,  0.00000000e+00, -3.32806377e-01, ...,
         -7.08626738e-01, -9.18242166e-01, -8.50472854e-01],
        [ 3.97240520e-01,  3.32806377e-01,  0.00000000e+00, ...,
         -4.33408895e-01, -7.34100175e-01, -6.26929347e-01],
        ...,
        [ 7.55737762e-01,  7.08626738e-01,  4.33408895e-01, ...,
          0.00000000e+00, -3.67266669e-01, -2.27328571e-01],
        [ 9.43437076e-01,  9.18242166e-01,  7.34100175e-01, ...,
          3.67266669e-01,  0.00000000e+00,  1.46209065e-01],
        [ 8.84822776e-01,  8.50472854e-01,  6.26929347e-01, ...,
