state_0,state_1,state_2,state_3,state_4,state_5,state_6,state_7,state_8,state_9,state_10,state_11,state_12,state_13,state_14,state_15,state_16,state_17,state_18,state_19,state_20,state_21,state_22,state_23,state_24,state_25,state_26,state_27,state_28,state_29,state_30,state_31,state_32,state_33,state_34,state_35,state_36,state_37,state_38,state_39,state_40,state_41,state_42,state_43,state_44,state_45,state_46,state_47,state_48,state_49,state_50,state_51,state_52,state_53,state_54,state_55,state_56,state_57,state_58,state_59,state_60,state_61,state_62,state_63,state_64,state_65,state_66,state_67,state_68,state_69,state_70,state_71,state_72,state_73,state_74,state_75,state_76,state_77,state_78,state_79,state_80,state_81,state_82,state_83,state_84,state_85,state_86,state_87,state_88,state_89,state_90,state_91,state_92,state_93,state_94,state_95,state_96,state_97,state_98,state_99,state_100,state_101,state_102,state_103,state_104,state_105,state_106,state_107,state_108,state_109,state_110,state_111,state_112,state_113,state_114,state_115,state_116,state_117,state_118,state_119,state_120,state_121,state_122,state_123,state_124,state_125,state_126,state_127,state_128,state_129,state_130,state_131,state_132,state_133,state_134,state_135,state_136,state_137,state_138,state_139,state_140,state_141,state_142,state_143,state_144,state_145,state_146,state_147,state_148,state_149,state_150,state_151,state_152,state_153,state_154,state_155,state_156,state_157,state_158,state_159,state_160,state_161,state_162,state_163,state_164,state_165,state_166,state_167,state_168,state_169,state_170,state_171,state_172,state_173,state_174,state_175,state_176,state_177,state_178,state_179,state_180,state_181,state_182,state_183,state_184,state_185,state_186,state_187,state_188,state_189,state_190,state_191,state_192,state_193,state_194,state_195,state_196,state_197,state_198,state_199,state_200,state_201,state_202,state_203,state_204,state_205,state_206,state_207,state_208,state_209,state_210,state_211,state_212,state_213,state_214,state_215,state_216,state_217,state_218,state_219,state_220,state_221,state_222,state_223,state_224,state_225,state_226,state_227,state_228,state_229,state_230,state_231,state_232,state_233,state_234,state_235,state_236,state_237,state_238,state_239,state_240,state_241,state_242,state_243,state_244,state_245,state_246,state_247,state_248,state_249,state_250,state_251,state_252,state_253,state_254,state_255,state_256,state_257,state_258,state_259,state_260,state_261,state_262,state_263,state_264,state_265,state_266,state_267,state_268,state_269,state_270,state_271,state_272,state_273,state_274,state_275,state_276,state_277,state_278,state_279,state_280,state_281,state_282,state_283,state_284,state_285,state_286,state_287
{'img': array([[[ 0.        , -0.82849261, -0.62577951, ..., -0.62577951,
         -0.64992307, -0.88791892],
        [ 0.82849261,  0.        ,  0.29578771, ..., -0.99666076,
         -0.9936113 , -0.87834119],
        [ 0.62577951, -0.29578771,  0.        , ..., -0.97621604,
         -0.98253243, -0.98043533],
        ...,
        [ 0.62577951,  0.99666076,  0.97621604, ...,  0.        ,
          0.03134757,  0.40471818],
        [ 0.64992307,  0.9936113 ,  0.98253243, ..., -0.03134757,
          0.        ,  0.37585376],
        [ 0.88791892,  0.87834119,  0.98043533, ..., -0.40471818,
         -0.37585376,  0.        ]],

       [[ 0.        ,  0.81578142,  0.09920607, ..., -0.26226755,
         -0.56588506,  0.8367217 ],
        [-0.81578142,  0.        , -0.86913396, ..., -0.63554001,
         -0.34531337, -0.93067167],
        [-0.09920607,  0.86913396,  0.        , ..., -0.35670714,
         -0.64488733,  0.77826601],
        ...,
        [ 0.26226755,  0.63554001,  0.35670714, ...,  0.        ,
         -0.32984094,  0.95105756],
        [ 0.56588506,  0.34531337,  0.64488733, ...,  0.32984094,
          0.        ,  0.99975847],
        [-0.8367217 ,  0.93067167, -0.77826601, ..., -0.95105756,
         -0.99975847,  0.        ]],

       [[ 0.        , -0.49319515, -0.64009871, ..., -0.50726756,
         -0.52083309, -0.62006196],
        [ 0.49319515,  0.        , -0.17791561, ..., -0.8663115 ,
         -0.87410269, -0.92634115],
        [ 0.64009871,  0.17791561,  0.        , ..., -0.94135973,
         -0.94657797, -0.97858033],
        ...,
        [ 0.50726756,  0.8663115 ,  0.94135973, ...,  0.        ,
          0.01581474,  0.13638413],
        [ 0.52083309,  0.87410269,  0.94657797, ..., -0.01581474,
          0.        ,  0.1207001 ],
        [ 0.62006196,  0.92634115,  0.97858033, ..., -0.13638413,
         -0.1207001 ,  0.        ]],

       ...,

       [[ 0.        , -0.52771127,  0.3064223 , ...,  0.98029008,
          0.93936661,  0.52771127],
        [ 0.52771127,  0.        ,  0.76260847, ...,  0.93693825,
          0.97888023,  0.        ],
        [-0.3064223 , -0.76260847,  0.        , ...,  0.87259602,
          0.78910236,  0.76260847],
        ...,
        [-0.98029008, -0.93693825, -0.87259602, ...,  0.        ,
         -0.15057111,  0.93693825],
        [-0.93936661, -0.97888023, -0.78910236, ...,  0.15057111,
          0.        ,  0.97888023],
        [-0.52771127, -0.        , -0.76260847, ..., -0.93693825,
         -0.97888023,  0.        ]],

       [[ 0.        ,  0.10378654, -0.21153946, ..., -0.30422955,
         -0.10378654, -0.25560456],
        [-0.10378654,  0.        , -0.31183485, ..., -0.20371966,
         -0.        , -0.15388529],
        [ 0.21153946,  0.31183485,  0.        , ..., -0.4988569 ,
         -0.31183485, -0.45433251],
        ...,
        [ 0.30422955,  0.20371966,  0.4988569 , ...,  0.        ,
         -0.20371966, -0.0506349 ],
        [ 0.10378654,  0.        ,  0.31183485, ...,  0.20371966,
          0.        ,  0.15388529],
        [ 0.25560456,  0.15388529,  0.45433251, ...,  0.0506349 ,
         -0.15388529,  0.        ]],

       [[ 0.        , -0.55226903, -0.64409572, ..., -0.40482497,
         -0.42196624, -0.39703718],
        [ 0.55226903,  0.        , -0.11450528, ..., -0.84248039,
         -0.85247237, -0.83787029],
        [ 0.64409572,  0.11450528,  0.        , ..., -0.89862618,
         -0.90672554, -0.89486424],
        ...,
        [ 0.40482497,  0.84248039,  0.89862618, ...,  0.        ,
          0.01882449, -0.00850089],
        [ 0.42196624,  0.85247237,  0.90672554, ..., -0.01882449,
          0.        , -0.02732319],
        [ 0.39703718,  0.83787029,  0.89486424, ...,  0.00850089,
          0.02732319,  0.        ]]]), 'num': array([ 7.06828085e-01,  7.06828085e-01,  0.00000000e+00,  1.34739104e-03,
        1.37831476e-03,  1.34297336e-03,  2.78150104e-02, -1.76707021e-05,
        1.32441912e-03,  1.30122633e-03,  1.44391725e-03,  5.62249613e-06,
        1.35300744e-03,  1.24944521e-03])}
{'img': array([[[ 0.        ,  0.31616704,  0.35036176, ..., -0.99666841,
         -0.89073452, -0.92935368],
        [-0.31616704,  0.        ,  0.03626283, ..., -0.97132952,
         -0.98874848, -0.99840704],
        [-0.35036176, -0.03626283,  0.        , ..., -0.96206964,
         -0.99352264, -0.99979638],
        ...,
        [ 0.99666841,  0.97132952,  0.96206964, ...,  0.        ,
          0.38036111,  0.29216232],
        [ 0.89073452,  0.98874848,  0.99352264, ..., -0.38036111,
          0.        , -0.09356264],
        [ 0.92935368,  0.99840704,  0.99979638, ..., -0.29216232,
          0.09356264,  0.        ]],

       [[ 0.        , -0.86913396, -0.92618779, ..., -0.34531337,
         -0.93067167, -0.89130476],
        [ 0.86913396,  0.        ,  0.13035307, ..., -0.64488733,
          0.77826601,  0.0467492 ],
        [ 0.92618779, -0.13035307,  0.        , ..., -0.73901086,
          0.68977235, -0.08386023],
        ...,
        [ 0.34531337,  0.64488733,  0.73901086, ...,  0.        ,
          0.99975847,  0.67991162],
        [ 0.93067167, -0.77826601, -0.68977235, ..., -0.99975847,
          0.        , -0.74805966],
        [ 0.89130476, -0.0467492 ,  0.08386023, ..., -0.67991162,
          0.74805966,  0.        ]],

       [[ 0.        , -0.45340551, -0.5088257 , ..., -0.53716331,
         -0.63856822, -0.66389468],
        [ 0.45340551,  0.        , -0.06319555, ..., -0.86121369,
         -0.91808375, -0.93080068],
        [ 0.5088257 ,  0.06319555,  0.        , ..., -0.89161096,
         -0.94129851, -0.95203985],
        ...,
        [ 0.53716331,  0.86121369,  0.89161096, ...,  0.        ,
          0.12523621,  0.15827599],
        [ 0.63856822,  0.91808375,  0.94129851, ..., -0.12523621,
          0.        ,  0.03337228],
        [ 0.66389468,  0.93080068,  0.95203985, ..., -0.15827599,
         -0.03337228,  0.        ]],

       ...,

       [[ 0.        ,  0.76260847,  0.85376341, ...,  0.97888023,
          0.        ,  0.78473239],
        [-0.76260847,  0.        ,  0.15520509, ...,  0.78910236,
          0.76260847,  0.98030348],
        [-0.85376341, -0.15520509,  0.        , ...,  0.68420368,
          0.85376341,  0.93777187],
        ...,
        [-0.97888023, -0.78910236, -0.68420368, ...,  0.        ,
          0.97888023,  0.4463175 ],
        [-0.        , -0.76260847, -0.85376341, ..., -0.97888023,
          0.        , -0.78473239],
        [-0.78473239, -0.98030348, -0.93777187, ..., -0.4463175 ,
          0.78473239,  0.        ]],

       [[ 0.        , -0.31183485, -0.42484294, ..., -0.        ,
         -0.15388529, -0.15388529],
        [ 0.31183485,  0.        , -0.12136489, ..., -0.31183485,
         -0.45433251, -0.45433251],
        [ 0.42484294,  0.12136489,  0.        , ..., -0.42484294,
         -0.55908981, -0.55908981],
        ...,
        [ 0.        ,  0.31183485,  0.42484294, ...,  0.        ,
          0.15388529,  0.15388529],
        [ 0.15388529,  0.45433251,  0.55908981, ..., -0.15388529,
          0.        ,  0.        ],
        [ 0.15388529,  0.45433251,  0.55908981, ..., -0.15388529,
          0.        ,  0.        ]],

       [[ 0.        , -0.37985708, -0.50978586, ..., -0.43970927,
         -0.41384734, -0.41384734],
        [ 0.37985708,  0.        , -0.14478341, ..., -0.74791585,
         -0.72862898, -0.72862898],
        [ 0.50978586,  0.14478341,  0.        , ..., -0.83614163,
         -0.82011509, -0.82011509],
        ...,
        [ 0.43970927,  0.74791585,  0.83614163, ...,  0.        ,
         -0.02859479, -0.02859479],
        [ 0.41384734,  0.72862898,  0.82011509, ...,  0.02859479,
          0.        ,  0.        ],
        [ 0.41384734,  0.72862898,  0.82011509, ...,  0.02859479,
          0.        ,  0.        ]]]), 'num': array([ 7.37144788e-01,  6.75501800e-01,  4.05545974e-06,  1.40097700e-03,
        1.41480243e-03,  1.39176005e-03,  1.72987479e-02, -4.60847698e-06,
        1.38715157e-03,  1.35950071e-03,  1.50197946e-03,  5.65585811e-06,
        1.41676463e-03,  1.30223679e-03])}
{'img': array([[[ 0.        ,  0.03626283,  0.26097946, ..., -0.98874848,
         -0.99840704, -0.99948202],
        [-0.03626283,  0.        ,  0.22580169, ..., -0.99352264,
         -0.99979638, -0.99999166],
        [-0.26097946, -0.22580169,  0.        , ..., -0.99352205,
         -0.97853145, -0.97324319],
        ...,
        [ 0.98874848,  0.99352264,  0.99352205, ...,  0.        ,
         -0.09356264, -0.11769011],
        [ 0.99840704,  0.99979638,  0.97853145, ...,  0.09356264,
          0.        , -0.02426144],
        [ 0.99948202,  0.99999166,  0.97324319, ...,  0.11769011,
          0.02426144,  0.        ]],

       [[ 0.        ,  0.15439906, -0.02894437, ...,  0.92426075,
          0.05513702, -0.47345898],
        [-0.15439906,  0.        , -0.18293165, ...,  0.85423388,
         -0.09968833, -0.60377867],
        [ 0.02894437,  0.18293165,  0.        , ...,  0.93492336,
          0.08401426, -0.44776595],
        ...,
        [-0.92426075, -0.85423388, -0.93492336, ...,  0.        ,
         -0.90180555, -0.99485208],
        [-0.05513702,  0.09968833, -0.08401426, ...,  0.90180555,
          0.        , -0.52130431],
        [ 0.47345898,  0.60377867,  0.44776595, ...,  0.99485208,
          0.52130431,  0.        ]],

       [[ 0.        , -0.17502416, -0.27376552, ..., -0.72296791,
         -0.74631183, -0.77212945],
        [ 0.17502416,  0.        , -0.1012021 , ..., -0.83272925,
         -0.85128732, -0.87143274],
        [ 0.27376552,  0.1012021 ,  0.        , ..., -0.88448755,
         -0.90001744, -0.91659986],
        ...,
        [ 0.72296791,  0.83272925,  0.88448755, ...,  0.        ,
          0.03440823,  0.07402904],
        [ 0.74631183,  0.85128732,  0.90001744, ..., -0.03440823,
          0.        ,  0.03967139],
        [ 0.77212945,  0.87143274,  0.91659986, ..., -0.07402904,
         -0.03967139,  0.        ]],

       ...,

       [[ 0.        ,  0.25093278,  0.25093278, ...,  0.46303874,
          0.9929905 ,  0.99986642],
        [-0.25093278,  0.        ,  0.        , ...,  0.67063486,
          0.99087809,  0.9719766 ],
        [-0.25093278,  0.        ,  0.        , ...,  0.67063486,
          0.99087809,  0.9719766 ],
        ...,
        [-0.46303874, -0.67063486, -0.67063486, ...,  0.        ,
         -0.82539676, -0.87865147],
        [-0.9929905 , -0.99087809, -0.99087809, ...,  0.82539676,
          0.        , -0.10194841],
        [-0.99986642, -0.9719766 , -0.9719766 , ...,  0.87865147,
          0.10194841,  0.        ]],

       [[ 0.        , -0.29985918, -0.45730746, ..., -0.15582831,
         -0.15582831, -0.23935316],
        [ 0.29985918,  0.        , -0.1695964 , ..., -0.44485378,
         -0.44485378, -0.519482  ],
        [ 0.45730746,  0.1695964 ,  0.        , ..., -0.59030053,
         -0.59030053, -0.65687355],
        ...,
        [ 0.15582831,  0.44485378,  0.59030053, ...,  0.        ,
          0.        ,  0.08513047],
        [ 0.15582831,  0.44485378,  0.59030053, ...,  0.        ,
          0.        ,  0.08513047],
        [ 0.23935316,  0.519482  ,  0.65687355, ..., -0.08513047,
         -0.08513047,  0.        ]],

       [[ 0.        , -0.36056205, -0.4201074 , ..., -0.42144174,
         -0.42144174, -0.40826031],
        [ 0.36056205,  0.        , -0.06464815, ..., -0.72007122,
         -0.72007122, -0.70994345],
        [ 0.4201074 ,  0.06464815,  0.        , ..., -0.76342428,
         -0.76342428, -0.75398735],
        ...,
        [ 0.42144174,  0.72007122,  0.76342428, ...,  0.        ,
          0.        , -0.01448655],
        [ 0.42144174,  0.72007122,  0.76342428, ...,  0.        ,
          0.        , -0.01448655],
        [ 0.40826031,  0.70994345,  0.75398735, ...,  0.01448655,
          0.01448655,  0.        ]]]), 'num': array([ 7.25111847e-01,  6.88249511e-01,  2.44932461e-06,  1.36527168e-03,
        1.38341483e-03,  1.35166432e-03,  2.25909373e-02, -1.36073590e-05,
        1.37252894e-03,  1.34236596e-03,  1.47299661e-03,  5.21132896e-06,
        1.39291302e-03,  1.29181890e-03])}
{'img': array([[[ 0.        ,  0.22580169,  0.03839444, ..., -0.99979638,
         -0.99999166, -0.99685001],
        [-0.22580169,  0.        , -0.18823236, ..., -0.97853145,
         -0.97324319, -0.95319633],
        [-0.03839444,  0.18823236,  0.        , ..., -0.99983396,
         -0.99909756, -0.99306993],
        ...,
        [ 0.99979638,  0.97853145,  0.99983396, ...,  0.        ,
         -0.02426144, -0.09940954],
        [ 0.99999166,  0.97324319,  0.99909756, ...,  0.02426144,
          0.        , -0.07523902],
        [ 0.99685001,  0.95319633,  0.99306993, ...,  0.09940954,
          0.07523902,  0.        ]],

       [[ 0.        , -0.18293165, -0.19272455, ..., -0.09968833,
         -0.60377867, -0.35093949],
        [ 0.18293165,  0.        , -0.00997024, ...,  0.08401426,
         -0.44776595, -0.17372076],
        [ 0.19272455,  0.00997024,  0.        , ...,  0.09394507,
         -0.4388288 , -0.16389348],
        ...,
        [ 0.09968833, -0.08401426, -0.09394507, ...,  0.        ,
         -0.52130431, -0.25584339],
        [ 0.60377867,  0.44776595,  0.4388288 , ...,  0.52130431,
          0.        ,  0.2856251 ],
        [ 0.35093949,  0.17372076,  0.16389348, ...,  0.25584339,
         -0.2856251 ,  0.        ]],

       [[ 0.        , -0.1012021 , -0.20053378, ..., -0.85128732,
         -0.87143274, -0.89512335],
        [ 0.1012021 ,  0.        , -0.10035786, ..., -0.90001744,
         -0.91659986, -0.93564546],
        [ 0.20053378,  0.10035786,  0.        , ..., -0.93921498,
         -0.95209598, -0.9663422 ],
        ...,
        [ 0.85128732,  0.90001744,  0.93921498, ...,  0.        ,
          0.03967139,  0.09015137],
        [ 0.87143274,  0.91659986,  0.95209598, ..., -0.03967139,
          0.        ,  0.05057055],
        [ 0.89512335,  0.93564546,  0.9663422 , ..., -0.09015137,
         -0.05057055,  0.        ]],

       ...,

       [[ 0.        ,  0.        , -0.01917177, ...,  0.99087809,
          0.9719766 ,  0.92045951],
        [ 0.        ,  0.        , -0.01917177, ...,  0.99087809,
          0.9719766 ,  0.92045951],
        [ 0.01917177,  0.01917177,  0.        , ...,  0.99327958,
          0.97630481,  0.92778339],
        ...,
        [-0.99087809, -0.99087809, -0.99327958, ...,  0.        ,
         -0.10194841, -0.26323038],
        [-0.9719766 , -0.9719766 , -0.97630481, ...,  0.10194841,
          0.        , -0.16350587],
        [-0.92045951, -0.92045951, -0.92778339, ...,  0.26323038,
          0.16350587,  0.        ]],

       [[ 0.        , -0.35778999, -0.44744982, ..., -0.15764111,
         -0.2421131 , -0.22130639],
        [ 0.35778999,  0.        , -0.09785475, ..., -0.50052195,
         -0.57323075, -0.55557472],
        [ 0.44744982,  0.09785475,  0.        , ..., -0.58283499,
         -0.65066124, -0.63427131],
        ...,
        [ 0.15764111,  0.50052195,  0.58283499, ...,  0.        ,
          0.08613485,  0.06480699],
        [ 0.2421131 ,  0.57323075,  0.65066124, ..., -0.08613485,
          0.        , -0.02138765],
        [ 0.22130639,  0.55557472,  0.63427131, ..., -0.06480699,
          0.02138765,  0.        ]],

       [[ 0.        , -0.22714903, -0.38922847, ..., -0.42834814,
         -0.41497454, -0.51816359],
        [ 0.22714903,  0.        , -0.1698177 , ..., -0.62240612,
         -0.61079479, -0.69889517],
        [ 0.38922847,  0.1698177 ,  0.        , ..., -0.74628135,
         -0.73638308, -0.81020177],
        ...,
        [ 0.42834814,  0.62240612,  0.74628135, ...,  0.        ,
         -0.01474857,  0.10186151],
        [ 0.41497454,  0.61079479,  0.73638308, ...,  0.01474857,
          0.        ,  0.11652229],
        [ 0.51816359,  0.69889517,  0.81020177, ..., -0.10186151,
         -0.11652229,  0.        ]]]), 'num': array([ 7.21682713e-01,  6.92074050e-01,  1.98715860e-06,  1.34584833e-03,
        1.36842968e-03,  1.34133206e-03,  1.38813868e-02, -1.35488087e-05,
        1.37023618e-03,  1.33884811e-03,  1.46108847e-03,  4.61236040e-06,
        1.38651348e-03,  1.29118274e-03])}
{'img': array([[[ 0.        , -0.18823236, -0.48594067, ..., -0.97324319,
         -0.95319633, -0.92598708],
        [ 0.18823236,  0.        , -0.31274071, ..., -0.99909756,
         -0.99306993, -0.98050273],
        [ 0.48594067,  0.31274071,  0.        , ..., -0.96226479,
         -0.98001093, -0.99277454],
        ...,
        [ 0.97324319,  0.99909756,  0.96226479, ...,  0.        ,
         -0.07523902, -0.15468205],
        [ 0.95319633,  0.99306993,  0.98001093, ...,  0.07523902,
          0.        , -0.07991014],
        [ 0.92598708,  0.98050273,  0.99277454, ...,  0.15468205,
          0.07991014,  0.        ]],

       [[ 0.        , -0.00997024,  0.44815845, ..., -0.44776595,
         -0.17372076, -0.62711789],
        [ 0.00997024,  0.        ,  0.45704911, ..., -0.4388288 ,
         -0.16389348, -0.61932066],
        [-0.44815845, -0.45704911,  0.        , ..., -0.80100347,
         -0.59664257, -0.90969617],
        ...,
        [ 0.44776595,  0.4388288 ,  0.80100347, ...,  0.        ,
          0.2856251 , -0.21196216],
        [ 0.17372076,  0.16389348,  0.59664257, ..., -0.2856251 ,
          0.        , -0.48226721],
        [ 0.62711789,  0.61932066,  0.90969617, ...,  0.21196216,
          0.48226721,  0.        ]],

       [[ 0.        , -0.10035786, -0.06935236, ..., -0.91659986,
         -0.93564546, -0.94399152],
        [ 0.10035786,  0.        ,  0.03111399, ..., -0.95209598,
         -0.9663422 , -0.97234075],
        [ 0.06935236, -0.03111399,  0.        , ..., -0.94212037,
         -0.95786995, -0.96460278],
        ...,
        [ 0.91659986,  0.95209598,  0.94212037, ...,  0.        ,
          0.05057055,  0.07496313],
        [ 0.93564546,  0.9663422 ,  0.95786995, ..., -0.05057055,
          0.        ,  0.02443895],
        [ 0.94399152,  0.97234075,  0.96460278, ..., -0.07496313,
         -0.02443895,  0.        ]],

       ...,

       [[ 0.        , -0.01917177, -0.13443378, ...,  0.9719766 ,
          0.92045951,  0.7947581 ],
        [ 0.01917177,  0.        , -0.11541133, ...,  0.97630481,
          0.92778339,  0.80624788],
        [ 0.13443378,  0.11541133,  0.        , ...,  0.99475593,
          0.96464593,  0.86913514],
        ...,
        [-0.9719766 , -0.97630481, -0.99475593, ...,  0.        ,
         -0.16350587, -0.40308833],
        [-0.92045951, -0.92778339, -0.96464593, ...,  0.16350587,
          0.        , -0.24802951],
        [-0.7947581 , -0.80624788, -0.86913514, ...,  0.40308833,
          0.24802951,  0.        ]],

       [[ 0.        , -0.28288093, -0.41972401, ..., -0.24615859,
         -0.22501404, -0.21891083],
        [ 0.28288093,  0.        , -0.14582302, ..., -0.51028081,
         -0.49144994, -0.48598904],
        [ 0.41972401,  0.14582302,  0.        , ..., -0.6302352 ,
         -0.6131948 , -0.60823836],
        ...,
        [ 0.24615859,  0.51028081,  0.6302352 , ...,  0.        ,
         -0.02175572, -0.02801313],
        [ 0.22501404,  0.49144994,  0.6131948 , ...,  0.02175572,
          0.        , -0.00625931],
        [ 0.21891083,  0.48598904,  0.60823836, ...,  0.02801313,
          0.00625931,  0.        ]],

       [[ 0.        , -0.32246003, -0.48308225, ..., -0.41758267,
         -0.52131388, -0.56312639],
        [ 0.32246003,  0.        , -0.17493954, ..., -0.68827643,
         -0.768643  , -0.79951746],
        [ 0.48308225,  0.17493954,  0.        , ..., -0.80457227,
         -0.86869487, -0.89226443],
        ...,
        [ 0.41758267,  0.68827643,  0.80457227, ...,  0.        ,
          0.11733565,  0.16660045],
        [ 0.52131388,  0.768643  ,  0.86869487, ..., -0.11733565,
          0.        ,  0.0497538 ],
        [ 0.56312639,  0.79951746,  0.89226443, ..., -0.16660045,
         -0.0497538 ,  0.        ]]]), 'num': array([7.13753312e-01, 7.00179302e-01, 8.93026955e-07, 1.35740097e-03,
       1.35740097e-03, 1.33954043e-03, 1.70440446e-02, 2.67908086e-05,
       1.35025676e-03, 1.32614503e-03, 1.43911294e-03, 5.05486956e-06,
       1.37489481e-03, 1.27739524e-03])}
{'img': array([[[ 0.        , -0.31274071, -0.28672318, ..., -0.99306993,
         -0.98050273, -0.99909756],
        [ 0.31274071,  0.        ,  0.02726909, ..., -0.98001093,
         -0.99277454, -0.96226479],
        [ 0.28672318, -0.02726909,  0.        , ..., -0.9850715 ,
         -0.9956775 , -0.96932727],
        ...,
        [ 0.99306993,  0.98001093,  0.9850715 , ...,  0.        ,
         -0.07991014,  0.07523902],
        [ 0.98050273,  0.99277454,  0.9956775 , ...,  0.07991014,
          0.        ,  0.15468205],
        [ 0.99909756,  0.96226479,  0.96932727, ..., -0.07523902,
         -0.15468205,  0.        ]],

       [[ 0.        ,  0.45704911,  0.4213552 , ..., -0.16389348,
         -0.61932066, -0.42337642],
        [-0.45704911,  0.        , -0.03972509, ..., -0.59664257,
         -0.90969617, -0.79063395],
        [-0.4213552 ,  0.03972509,  0.        , ..., -0.56429194,
         -0.89248128, -0.76568662],
        ...,
        [ 0.16389348,  0.59664257,  0.56429194, ...,  0.        ,
         -0.48226721, -0.26917161],
        [ 0.61932066,  0.90969617,  0.89248128, ...,  0.48226721,
          0.        ,  0.22866697],
        [ 0.42337642,  0.79063395,  0.76568662, ...,  0.26917161,
         -0.22866697,  0.        ]],

       [[ 0.        ,  0.03111399, -0.03875986, ..., -0.9663422 ,
         -0.97234075, -0.9647301 ],
        [-0.03111399,  0.        , -0.06983171, ..., -0.95786995,
         -0.96460278, -0.95607253],
        [ 0.03875986,  0.06983171,  0.        , ..., -0.97558741,
         -0.9806631 , -0.97420834],
        ...,
        [ 0.9663422 ,  0.95786995,  0.97558741, ...,  0.        ,
          0.02443895, -0.00619438],
        [ 0.97234075,  0.96460278,  0.9806631 , ..., -0.02443895,
          0.        , -0.03063101],
        [ 0.9647301 ,  0.95607253,  0.97420834, ...,  0.00619438,
          0.03063101,  0.        ]],

       ...,

       [[ 0.        , -0.11541133, -0.04756976, ...,  0.92778339,
          0.80624788,  0.91456565],
        [ 0.11541133,  0.        ,  0.06802878, ...,  0.96464593,
          0.86913514,  0.955131  ],
        [ 0.04756976, -0.06802878,  0.        , ...,  0.94448226,
          0.83347636,  0.93276928],
        ...,
        [-0.92778339, -0.96464593, -0.94448226, ...,  0.        ,
         -0.24802951, -0.03398831],
        [-0.80624788, -0.86913514, -0.83347636, ...,  0.24802951,
          0.        ,  0.21495994],
        [-0.91456565, -0.955131  , -0.93276928, ...,  0.03398831,
         -0.21495994,  0.        ]],

       [[ 0.        , -0.31998386, -0.47374552, ..., -0.22731673,
         -0.22115271, -0.27715437],
        [ 0.31998386,  0.        , -0.16703984, ..., -0.52697206,
         -0.52158596, -0.57003105],
        [ 0.47374552,  0.16703984,  0.        , ..., -0.66153244,
         -0.65677594, -0.699266  ],
        ...,
        [ 0.22731673,  0.52697206,  0.66153244, ...,  0.        ,
         -0.00632506,  0.05148703],
        [ 0.22115271,  0.52158596,  0.65677594, ...,  0.00632506,
          0.        ,  0.05780267],
        [ 0.27715437,  0.57003105,  0.699266  , ..., -0.05148703,
         -0.05780267,  0.        ]],

       [[ 0.        , -0.37495419, -0.47114193, ..., -0.52784431,
         -0.57005554, -0.57682731],
        [ 0.37495419,  0.        , -0.10603786, ..., -0.80779858,
         -0.83653087, -0.84103129],
        [ 0.47114193,  0.10603786,  0.        , ..., -0.86574922,
         -0.88991483, -0.89365468],
        ...,
        [ 0.52784431,  0.80779858,  0.86574922, ...,  0.        ,
          0.05049149,  0.05874503],
        [ 0.57005554,  0.83653087,  0.88991483, ..., -0.05049149,
          0.        ,  0.00826581],
        [ 0.57682731,  0.84103129,  0.89365468, ..., -0.05874503,
         -0.00826581,  0.        ]]]), 'num': array([7.27652352e-01, 6.85751014e-01, 2.72972884e-06, 1.39671126e-03,
       1.39671126e-03, 1.37851306e-03, 1.58821993e-02, 1.36486442e-05,
       1.37760315e-03, 1.35622028e-03, 1.46131484e-03, 5.45945768e-06,
       1.40296343e-03, 1.30947713e-03])}
{'img': array([[[ 0.        ,  0.02726909,  0.        , ..., -0.99277454,
         -0.96226479, -0.94028797],
        [-0.02726909,  0.        , -0.02726909, ..., -0.9956775 ,
         -0.96932727, -0.94922015],
        [ 0.        ,  0.02726909,  0.        , ..., -0.99277454,
         -0.96226479, -0.94028797],
        ...,
        [ 0.99277454,  0.9956775 ,  0.99277454, ...,  0.        ,
          0.15468205,  0.22509106],
        [ 0.96226479,  0.96932727,  0.96226479, ..., -0.15468205,
          0.        ,  0.07166938],
        [ 0.94028797,  0.94922015,  0.94028797, ..., -0.22509106,
         -0.07166938,  0.        ]],

       [[ 0.        , -0.03972509, -0.31476433, ..., -0.90969617,
         -0.79063395, -0.84359444],
        [ 0.03972509,  0.        , -0.27681001, ..., -0.89248128,
         -0.76568662, -0.82159694],
        [ 0.31476433,  0.27681001,  0.        , ..., -0.73274259,
         -0.55771914, -0.631692  ],
        ...,
        [ 0.90969617,  0.89248128,  0.73274259, ...,  0.        ,
          0.22866697,  0.13816618],
        [ 0.79063395,  0.76568662,  0.55771914, ..., -0.22866697,
          0.        , -0.09196841],
        [ 0.84359444,  0.82159694,  0.631692  , ..., -0.13816618,
          0.09196841,  0.        ]],

       [[ 0.        , -0.06983171, -0.14811473, ..., -0.96460278,
         -0.95607253, -0.95962094],
        [ 0.06983171,  0.        , -0.07869167, ..., -0.9806631 ,
         -0.97420834, -0.9769217 ],
        [ 0.14811473,  0.07869167,  0.        , ..., -0.99302231,
         -0.98894413, -0.99070063],
        ...,
        [ 0.96460278,  0.9806631 ,  0.99302231, ...,  0.        ,
         -0.03063101, -0.01828036],
        [ 0.95607253,  0.97420834,  0.98894413, ...,  0.03063101,
          0.        ,  0.01235411],
        [ 0.95962094,  0.9769217 ,  0.99070063, ...,  0.01828036,
         -0.01235411,  0.        ]],

       ...,

       [[ 0.        ,  0.06802878,  0.08645537, ...,  0.86913514,
          0.955131  ,  0.98706293],
        [-0.06802878,  0.        ,  0.01848102, ...,  0.83347636,
          0.93276928,  0.97386899],
        [-0.08645537, -0.01848102,  0.        , ...,  0.82312223,
          0.92594805,  0.96950543],
        ...,
        [-0.86913514, -0.83347636, -0.82312223, ...,  0.        ,
          0.21495994,  0.34882503],
        [-0.955131  , -0.93276928, -0.92594805, ..., -0.21495994,
          0.        ,  0.13921265],
        [-0.98706293, -0.97386899, -0.96950543, ..., -0.34882503,
         -0.13921265,  0.        ]],

       [[ 0.        , -0.36390427, -0.4909958 , ..., -0.22408026,
         -0.28079504, -0.30493117],
        [ 0.36390427,  0.        , -0.14031179, ..., -0.56336694,
         -0.61080629, -0.63059708],
        [ 0.4909958 ,  0.14031179,  0.        , ..., -0.67372031,
         -0.71585989, -0.73325625],
        ...,
        [ 0.22408026,  0.56336694,  0.67372031, ...,  0.        ,
          0.0585896 ,  0.08376868],
        [ 0.28079504,  0.61080629,  0.71585989, ..., -0.0585896 ,
          0.        ,  0.0252411 ],
        [ 0.30493117,  0.63059708,  0.73325625, ..., -0.08376868,
         -0.0252411 ,  0.        ]],

       [[ 0.        , -0.30199049, -0.42260524, ..., -0.57966867,
         -0.58652271, -0.64535522],
        [ 0.30199049,  0.        , -0.12917603, ..., -0.79868212,
         -0.80373051, -0.84590948],
        [ 0.42260524,  0.12917603,  0.        , ..., -0.86972259,
         -0.8738555 , -0.90771518],
        ...,
        [ 0.57966867,  0.79868212,  0.86972259, ...,  0.        ,
          0.00843671,  0.08307036],
        [ 0.58652271,  0.80373051,  0.8738555 , ..., -0.00843671,
          0.        ,  0.07465986],
        [ 0.64535522,  0.84590948,  0.90771518, ..., -0.08307036,
         -0.07465986,  0.        ]]]), 'num': array([7.34679342e-01, 6.76514155e-01, 3.76473704e-06, 1.41866310e-03,
       1.45998339e-03, 1.41407196e-03, 5.05861288e-02, 9.18228545e-06,
       1.39478916e-03, 1.37229256e-03, 1.47054302e-03, 5.84327256e-06,
       1.42291186e-03, 1.32167326e-03])}
{'img': array([[[ 0.        , -0.02726909, -0.15468205, ..., -0.96932727,
         -0.94922015, -0.93366569],
        [ 0.02726909,  0.        , -0.12768364, ..., -0.96226479,
         -0.94028797, -0.92355218],
        [ 0.15468205,  0.12768364,  0.        , ..., -0.91964399,
         -0.88913071, -0.86702966],
        ...,
        [ 0.96932727,  0.96226479,  0.91964399, ...,  0.        ,
          0.07166938,  0.11769011],
        [ 0.94922015,  0.94028797,  0.88913071, ..., -0.07166938,
          0.        ,  0.04621616],
        [ 0.93366569,  0.92355218,  0.86702966, ..., -0.11769011,
         -0.04621616,  0.        ]],

       [[ 0.        , -0.27681001,  0.08193488, ..., -0.76568662,
         -0.82159694,  0.50369894],
        [ 0.27681001,  0.        ,  0.35461254, ..., -0.55771914,
         -0.631692  ,  0.72314716],
        [-0.08193488, -0.35461254,  0.        , ..., -0.81581379,
         -0.86554299,  0.4312235 ],
        ...,
        [ 0.76568662,  0.55771914,  0.81581379, ...,  0.        ,
         -0.09196841,  0.9854469 ],
        [ 0.82159694,  0.631692  ,  0.86554299, ...,  0.09196841,
          0.        ,  0.99690362],
        [-0.50369894, -0.72314716, -0.4312235 , ..., -0.9854469 ,
         -0.99690362,  0.        ]],

       [[ 0.        , -0.07869167, -0.21886838, ..., -0.97420834,
         -0.9769217 , -0.9829463 ],
        [ 0.07869167,  0.        , -0.14140593, ..., -0.98894413,
         -0.99070063, -0.99436902],
        [ 0.21886838,  0.14140593,  0.        , ..., -0.99997581,
         -0.99998543, -0.99936249],
        ...,
        [ 0.97420834,  0.98894413,  0.99997581, ...,  0.        ,
          0.01235411,  0.04265231],
        [ 0.9769217 ,  0.99070063,  0.99998543, ..., -0.01235411,
          0.        ,  0.03030618],
        [ 0.9829463 ,  0.99436902,  0.99936249, ..., -0.04265231,
         -0.03030618,  0.        ]],

       ...,

       [[ 0.        ,  0.01848102,  0.        , ...,  0.93276928,
          0.97386899,  0.99766082],
        [-0.01848102,  0.        , -0.01848102, ...,  0.92594805,
          0.96950543,  0.99622709],
        [ 0.        ,  0.01848102,  0.        , ...,  0.93276928,
          0.97386899,  0.99766082],
        ...,
        [-0.93276928, -0.92594805, -0.93276928, ...,  0.        ,
          0.13921265,  0.29586794],
        [-0.97386899, -0.96950543, -0.97386899, ..., -0.13921265,
          0.        ,  0.16000698],
        [-0.99766082, -0.99622709, -0.99766082, ..., -0.29586794,
         -0.16000698,  0.        ]],

       [[ 0.        , -0.34775372, -0.42755158, ..., -0.28563138,
         -0.31016194, -0.38078998],
        [ 0.34775372,  0.        , -0.08650012, ..., -0.60107011,
         -0.62140727, -0.67857781],
        [ 0.42755158,  0.08650012,  0.        , ..., -0.66794778,
         -0.68684992, -0.7395712 ],
        ...,
        [ 0.28563138,  0.60107011,  0.66794778, ...,  0.        ,
          0.02569534,  0.10081374],
        [ 0.31016194,  0.62140727,  0.68684992, ..., -0.02569534,
          0.        ,  0.07521602],
        [ 0.38078998,  0.67857781,  0.7395712 , ..., -0.10081374,
         -0.07521602,  0.        ]],

       [[ 0.        , -0.1474267 , -0.31368829, ..., -0.77162087,
         -0.81714297, -0.81829653],
        [ 0.1474267 ,  0.        , -0.17027513, ..., -0.85696494,
         -0.89319595, -0.89409531],
        [ 0.31368829,  0.17027513,  0.        , ..., -0.93220579,
         -0.95671943, -0.95730071],
        ...,
        [ 0.77162087,  0.85696494,  0.93220579, ...,  0.        ,
          0.07498121,  0.07697946],
        [ 0.81714297,  0.89319595,  0.95671943, ..., -0.07498121,
          0.        ,  0.00200404],
        [ 0.81829653,  0.89409531,  0.95730071, ..., -0.07697946,
         -0.00200404,  0.        ]]]), 'num': array([7.15111204e-01, 6.98486772e-01, 1.07254400e-06, 1.38536933e-03,
       1.40771400e-03, 1.37643147e-03, 2.67789211e-02, 4.46893333e-06,
       1.36570603e-03, 1.33933932e-03, 1.42737731e-03, 5.95857777e-06,
       1.39199693e-03, 1.28668171e-03])}
{'img': array([[[ 0.        , -0.12768364, -0.15170891, ..., -0.94028797,
         -0.92355218, -0.91460531],
        [ 0.12768364,  0.        , -0.02426144, ..., -0.88913071,
         -0.86702966, -0.85549062],
        [ 0.15170891,  0.02426144,  0.        , ..., -0.87776566,
         -0.85468603, -0.84267579],
        ...,
        [ 0.94028797,  0.88913071,  0.87776566, ...,  0.        ,
          0.04621616,  0.06889   ],
        [ 0.92355218,  0.86702966,  0.85468603, ..., -0.04621616,
          0.        ,  0.02271003],
        [ 0.91460531,  0.85549062,  0.84267579, ..., -0.06889   ,
         -0.02271003,  0.        ]],

       [[ 0.        ,  0.35461254, -0.06545285, ..., -0.631692  ,
          0.72314716, -0.11729064],
        [-0.35461254,  0.        , -0.41505141, ..., -0.86554299,
          0.4312235 , -0.46183319],
        [ 0.06545285,  0.41505141,  0.        , ..., -0.57959712,
          0.76680438, -0.05203807],
        ...,
        [ 0.631692  ,  0.86554299,  0.57959712, ...,  0.        ,
          0.99690362,  0.53640584],
        [-0.72314716, -0.4312235 , -0.76680438, ..., -0.99690362,
          0.        , -0.79916768],
        [ 0.11729064,  0.46183319,  0.05203807, ..., -0.53640584,
          0.79916768,  0.        ]],

       [[ 0.        , -0.14140593, -0.24329668, ..., -0.99070063,
         -0.99436902, -0.99857171],
        [ 0.14140593,  0.        , -0.10369501, ..., -0.99998543,
         -0.99936249, -0.99609278],
        [ 0.24329668,  0.10369501,  0.        , ..., -0.99403487,
         -0.99027299, -0.98156538],
        ...,
        [ 0.99070063,  0.99998543,  0.99403487, ...,  0.        ,
          0.03030618,  0.08293434],
        [ 0.99436902,  0.99936249,  0.99027299, ..., -0.03030618,
          0.        ,  0.05269446],
        [ 0.99857171,  0.99609278,  0.98156538, ..., -0.08293434,
         -0.05269446,  0.        ]],

       ...,

       [[ 0.        , -0.01848102,  0.09231512, ...,  0.96950543,
          0.99622709,  0.99808517],
        [ 0.01848102,  0.        ,  0.11070146, ...,  0.97386899,
          0.99766082,  0.99677157],
        [-0.09231512, -0.11070146,  0.        , ...,  0.94274183,
          0.9839615 ,  0.99953331],
        ...,
        [-0.96950543, -0.97386899, -0.94274183, ...,  0.        ,
          0.16000698,  0.30456902],
        [-0.99622709, -0.99766082, -0.9839615 , ..., -0.16000698,
          0.        ,  0.14823983],
        [-0.99808517, -0.99677157, -0.99953331, ..., -0.30456902,
         -0.14823983,  0.        ]],

       [[ 0.        , -0.26105891, -0.43433061, ..., -0.31498952,
         -0.38663044, -0.44553804],
        [ 0.26105891,  0.        , -0.18411953, ..., -0.55183633,
         -0.6139808 , -0.66380445],
        [ 0.43433061,  0.18411953,  0.        , ..., -0.69594899,
         -0.74881351, -0.79016009],
        ...,
        [ 0.31498952,  0.55183633,  0.69594899, ...,  0.        ,
          0.0764548 ,  0.14085953],
        [ 0.38663044,  0.6139808 ,  0.74881351, ..., -0.0764548 ,
          0.        ,  0.06475473],
        [ 0.44553804,  0.66380445,  0.79016009, ..., -0.14085953,
         -0.06475473,  0.        ]],

       [[ 0.        , -0.17027513, -0.25468328, ..., -0.89319595,
         -0.89409531, -0.89487163],
        [ 0.17027513,  0.        , -0.0863038 , ..., -0.95671943,
         -0.95730071, -0.95780124],
        [ 0.25468328,  0.0863038 ,  0.        , ..., -0.97826522,
         -0.97867881, -0.97903397],
        ...,
        [ 0.89319595,  0.95671943,  0.97826522, ...,  0.        ,
          0.00200404,  0.00374037],
        [ 0.89409531,  0.95730071,  0.97867881, ..., -0.00200404,
          0.        ,  0.00173634],
        [ 0.89487163,  0.95780124,  0.97903397, ..., -0.00374037,
         -0.00173634,  0.        ]]]), 'num': array([ 7.15244092e-01,  6.98721367e-01,  1.07290423e-06,  1.37689376e-03,
        1.38583462e-03,  1.35007115e-03,  1.41197772e-02, -8.94086855e-06,
        1.37510558e-03,  1.34291846e-03,  1.42375881e-03,  5.74770121e-06,
        1.39659346e-03,  1.28924345e-03])}
{'img': array([[[ 0.        , -0.02426144,  0.02465655, ..., -0.86702966,
         -0.85549062, -0.87824691],
        [ 0.02426144,  0.        ,  0.04890335, ..., -0.85468603,
         -0.84267579, -0.8663864 ],
        [-0.02465655, -0.04890335,  0.        , ..., -0.87905135,
         -0.86799815, -0.88977085],
        ...,
        [ 0.86702966,  0.85468603,  0.87905135, ...,  0.        ,
          0.02271003, -0.02297222],
        [ 0.85549062,  0.84267579,  0.86799815, ..., -0.02271003,
          0.        , -0.04567034],
        [ 0.87824691,  0.8663864 ,  0.88977085, ...,  0.02297222,
          0.04567034,  0.        ]],

       [[ 0.        , -0.41505141, -0.64959392, ...,  0.4312235 ,
         -0.46183319, -0.91439253],
