state_0,state_1,state_2,state_3,state_4,state_5,state_6,state_7,state_8,state_9,state_10,state_11,state_12,state_13,state_14,state_15,state_16,state_17,state_18,state_19,state_20,state_21,state_22,state_23,state_24,state_25,state_26,state_27,state_28,state_29,state_30,state_31,state_32,state_33,state_34,state_35,state_36,state_37,state_38,state_39,state_40,state_41,state_42,state_43,state_44,state_45,state_46,state_47,state_48,state_49,state_50,state_51,state_52,state_53,state_54,state_55,state_56,state_57,state_58,state_59,state_60,state_61,state_62,state_63,state_64,state_65,state_66,state_67,state_68,state_69,state_70,state_71,state_72,state_73,state_74,state_75,state_76,state_77,state_78,state_79,state_80,state_81,state_82,state_83,state_84,state_85,state_86,state_87,state_88,state_89,state_90,state_91,state_92,state_93,state_94,state_95,state_96,state_97,state_98,state_99,state_100,state_101,state_102,state_103,state_104,state_105,state_106,state_107,state_108,state_109,state_110,state_111,state_112,state_113,state_114,state_115,state_116,state_117,state_118,state_119,state_120,state_121,state_122,state_123,state_124,state_125,state_126,state_127,state_128,state_129,state_130,state_131,state_132,state_133,state_134,state_135,state_136,state_137,state_138,state_139,state_140,state_141,state_142,state_143,state_144,state_145,state_146,state_147,state_148,state_149,state_150,state_151,state_152,state_153,state_154,state_155,state_156,state_157,state_158,state_159,state_160,state_161,state_162,state_163,state_164,state_165,state_166,state_167,state_168,state_169,state_170,state_171,state_172,state_173,state_174,state_175,state_176,state_177,state_178,state_179,state_180,state_181,state_182,state_183,state_184,state_185,state_186,state_187,state_188,state_189,state_190,state_191,state_192,state_193,state_194,state_195,state_196,state_197,state_198,state_199,state_200,state_201,state_202,state_203,state_204,state_205,state_206,state_207,state_208,state_209,state_210,state_211,state_212,state_213,state_214,state_215,state_216,state_217,state_218,state_219,state_220,state_221,state_222,state_223,state_224,state_225,state_226,state_227,state_228,state_229,state_230,state_231,state_232,state_233,state_234,state_235,state_236,state_237,state_238,state_239,state_240,state_241,state_242,state_243,state_244,state_245,state_246,state_247,state_248,state_249,state_250,state_251,state_252,state_253,state_254,state_255,state_256,state_257,state_258,state_259,state_260,state_261,state_262,state_263,state_264,state_265,state_266,state_267,state_268,state_269,state_270,state_271,state_272,state_273,state_274,state_275,state_276,state_277,state_278,state_279,state_280,state_281,state_282,state_283,state_284,state_285,state_286,state_287
{'img': array([[[ 0.        , -0.71558134, -0.31668905, ..., -0.90099786,
         -0.70092469, -0.        ],
        [ 0.71558134,  0.        ,  0.45753334, ..., -0.93980953,
         -0.99999438, -0.71558134],
        [ 0.31668905, -0.45753334,  0.        , ..., -0.99201013,
         -0.89072149, -0.31668905],
        ...,
        [ 0.90099786,  0.93980953,  0.99201013, ...,  0.        ,
         -0.33854585, -0.90099786],
        [ 0.70092469,  0.99999438,  0.89072149, ...,  0.33854585,
          0.        , -0.70092469],
        [ 0.        ,  0.71558134,  0.31668905, ...,  0.90099786,
          0.70092469,  0.        ]],

       [[ 0.        ,  0.36947655,  0.78375922, ..., -0.55270044,
         -0.42596925, -0.40413871],
        [-0.36947655,  0.        ,  0.95776934, ..., -0.82150575,
         -0.73010703, -0.71350123],
        [-0.78375922, -0.95776934,  0.        , ..., -0.30990647,
         -0.44454196, -0.46590644],
        ...,
        [ 0.55270044,  0.82150575,  0.30990647, ...,  0.        ,
          0.14505464,  0.16875272],
        [ 0.42596925,  0.73010703,  0.44454196, ..., -0.14505464,
          0.        ,  0.0239936 ],
        [ 0.40413871,  0.71350123,  0.46590644, ..., -0.16875272,
         -0.0239936 ,  0.        ]],

       [[ 0.        , -0.5089232 , -0.53070609, ..., -0.73760922,
         -0.64437948, -0.48877312],
        [ 0.5089232 ,  0.        , -0.02549727, ..., -0.97858193,
         -0.94386611, -0.86473189],
        [ 0.53070609,  0.02549727,  0.        , ..., -0.98351259,
         -0.95198172, -0.87725635],
        ...,
        [ 0.73760922,  0.97858193,  0.98351259, ...,  0.        ,
         -0.12895115, -0.31346514],
        [ 0.64437948,  0.94386611,  0.95198172, ...,  0.12895115,
          0.        , -0.18839603],
        [ 0.48877312,  0.86473189,  0.87725635, ...,  0.31346514,
          0.18839603,  0.        ]],

       ...,

       [[ 0.        , -0.1858598 , -0.3579419 , ..., -0.54133274,
         -0.66519638, -0.76215549],
        [ 0.1858598 ,  0.        , -0.17815977, ..., -0.37562821,
         -0.51483053, -0.62855138],
        [ 0.3579419 ,  0.17815977,  0.        , ..., -0.20450555,
         -0.35385912, -0.47992857],
        ...,
        [ 0.54133274,  0.37562821,  0.20450555, ...,  0.        ,
         -0.15510667, -0.2903712 ],
        [ 0.66519638,  0.51483053,  0.35385912, ...,  0.15510667,
          0.        , -0.1384333 ],
        [ 0.76215549,  0.62855138,  0.47992857, ...,  0.2903712 ,
          0.1384333 ,  0.        ]],

       [[ 0.        , -0.11990776, -0.33634668, ..., -0.82154121,
         -0.84327848, -0.88756044],
        [ 0.11990776,  0.        , -0.22099823, ..., -0.88397913,
         -0.90164191, -0.93639719],
        [ 0.33634668,  0.22099823,  0.        , ..., -0.96544454,
         -0.97492616, -0.99080159],
        ...,
        [ 0.82154121,  0.88397913,  0.96544454, ...,  0.        ,
          0.03923509,  0.12756494],
        [ 0.84327848,  0.90164191,  0.97492616, ..., -0.03923509,
          0.        ,  0.08855217],
        [ 0.88756044,  0.93639719,  0.99080159, ..., -0.12756494,
         -0.08855217,  0.        ]],

       [[ 0.        ,  0.05844745,  0.27164573, ..., -0.63681344,
         -0.72011972, -0.86167288],
        [-0.05844745,  0.        ,  0.21493168, ..., -0.68078883,
         -0.75944241, -0.88985982],
        [-0.27164573, -0.21493168,  0.        , ..., -0.82231127,
         -0.88152263, -0.96712213],
        ...,
        [ 0.63681344,  0.68078883,  0.82231127, ...,  0.        ,
         -0.11337231, -0.34120525],
        [ 0.72011972,  0.75944241,  0.88152263, ...,  0.11337231,
          0.        , -0.23243665],
        [ 0.86167288,  0.88985982,  0.96712213, ...,  0.34120525,
          0.23243665,  0.        ]]]), 'num': array([7.07106512e-01, 7.07106512e-01, 0.00000000e+00, 3.81174604e-05,
       3.97245207e-05, 3.61588557e-05, 8.64980094e-04, 1.60706025e-06,
       3.88305934e-05, 4.11281874e-05, 4.15927282e-05, 4.06805127e-07,
       4.48809122e-05, 3.73754625e-05])}
{'img': array([[[ 0.        ,  0.66885129,  0.23395319, ..., -0.99871542,
         -0.66885129, -0.99177684],
        [-0.66885129,  0.        , -0.47636932, ..., -0.70855023,
         -0.        , -0.65168402],
        [-0.23395319,  0.47636932,  0.        , ..., -0.95914441,
         -0.47636932, -0.93431174],
        ...,
        [ 0.99871542,  0.70855023,  0.95914441, ...,  0.        ,
         -0.70855023, -0.07756108],
        [ 0.66885129,  0.        ,  0.47636932, ...,  0.70855023,
          0.        ,  0.65168402],
        [ 0.99177684,  0.65168402,  0.93431174, ...,  0.07756108,
         -0.65168402,  0.        ]],

       [[ 0.        ,  0.95776934, -0.06540499, ..., -0.73010703,
         -0.71350123, -0.80189112],
        [-0.95776934,  0.        , -0.93691217, ..., -0.44454196,
         -0.46590644, -0.34166475],
        [ 0.06540499,  0.93691217,  0.        , ..., -0.68385035,
         -0.66614721, -0.76109658],
        ...,
        [ 0.73010703,  0.44454196,  0.68385035, ...,  0.        ,
          0.0239936 , -0.11174133],
        [ 0.71350123,  0.46590644,  0.66614721, ..., -0.0239936 ,
          0.        , -0.13555249],
        [ 0.80189112,  0.34166475,  0.76109658, ...,  0.11174133,
          0.13555249,  0.        ]],

       [[ 0.        , -0.16820259, -0.36162372, ..., -0.66470495,
         -0.5054305 , -0.38804965],
        [ 0.16820259,  0.        , -0.19965214, ..., -0.78089969,
         -0.64336587, -0.53754287],
        [ 0.36162372,  0.19965214,  0.        , ..., -0.88989171,
         -0.78325834, -0.69507439],
        ...,
        [ 0.66470495,  0.78089969,  0.88989171, ...,  0.        ,
         -0.19594204, -0.32270344],
        [ 0.5054305 ,  0.64336587,  0.78325834, ...,  0.19594204,
          0.        , -0.13098883],
        [ 0.38804965,  0.53754287,  0.69507439, ...,  0.32270344,
          0.13098883,  0.        ]],

       ...,

       [[ 0.        , -0.17815977, -0.21448197, ..., -0.51483053,
         -0.62855138, -0.32699092],
        [ 0.17815977,  0.        , -0.03703698, ..., -0.35385912,
         -0.47992857, -0.15339371],
        [ 0.21448197,  0.03703698,  0.        , ..., -0.3189757 ,
         -0.44710647, -0.11668982],
        ...,
        [ 0.51483053,  0.35385912,  0.3189757 , ...,  0.        ,
         -0.1384333 ,  0.20620231],
        [ 0.62855138,  0.47992857,  0.44710647, ...,  0.1384333 ,
          0.        ,  0.33967522],
        [ 0.32699092,  0.15339371,  0.11668982, ..., -0.20620231,
         -0.33967522,  0.        ]],

       [[ 0.        , -0.31597239, -0.44304473, ..., -0.84434347,
         -0.88857122, -0.89704617],
        [ 0.31597239,  0.        , -0.13707774, ..., -0.97038512,
         -0.98799704, -0.99072888],
        [ 0.44304473,  0.13707774,  0.        , ..., -0.99433789,
         -0.99984542, -0.99999924],
        ...,
        [ 0.84434347,  0.97038512,  0.99433789, ...,  0.        ,
          0.08876547,  0.10749291],
        [ 0.88857122,  0.98799704,  0.99984542, ..., -0.08876547,
          0.        ,  0.01881743],
        [ 0.89704617,  0.99072888,  0.99999924, ..., -0.10749291,
         -0.01881743,  0.        ]],

       [[ 0.        ,  0.21493168,  0.40836396, ..., -0.75944241,
         -0.88985982, -0.93531616],
        [-0.21493168,  0.        ,  0.20262636, ..., -0.88152263,
         -0.96712213, -0.9895026 ],
        [-0.40836396, -0.20262636,  0.        , ..., -0.9589048 ,
         -0.99859066, -0.99825904],
        ...,
        [ 0.75944241,  0.88152263,  0.9589048 , ...,  0.        ,
         -0.23243665, -0.33979222],
        [ 0.88985982,  0.96712213,  0.99859066, ...,  0.23243665,
          0.        , -0.11187904],
        [ 0.93531616,  0.9895026 ,  0.99825904, ...,  0.33979222,
          0.11187904,  0.        ]]]), 'num': array([ 7.07106591e-01,  7.07106591e-01,  0.00000000e+00,  3.79668028e-05,
        3.96743045e-05,  3.74645964e-05,  7.24141432e-04, -1.50661916e-07,
        3.82882149e-05,  4.09473977e-05,  4.14236567e-05,  3.68660868e-07,
        4.49361021e-05,  3.69586932e-05])}
{'img': array([[[ 0.        , -0.47636932, -0.57398199, ..., -0.        ,
         -0.65168402, -0.62436582],
        [ 0.47636932,  0.        , -0.1145874 , ..., -0.47636932,
         -0.93431174, -0.92107806],
        [ 0.57398199,  0.1145874 ,  0.        , ..., -0.57398199,
         -0.96900306, -0.95962889],
        ...,
        [ 0.        ,  0.47636932,  0.57398199, ...,  0.        ,
          0.65168402,  0.62436582],
        [ 0.65168402,  0.93431174,  0.96900306, ..., -0.65168402,
          0.        , -0.0354757 ],
        [ 0.62436582,  0.92107806,  0.95962889, ..., -0.62436582,
          0.0354757 ,  0.        ]],

       [[ 0.        , -0.93691217, -0.86081714, ..., -0.46590644,
         -0.34166475, -0.26411194],
        [ 0.93691217,  0.        , -0.17589665, ..., -0.66614721,
         -0.76109658, -0.81132007],
        [ 0.86081714,  0.17589665,  0.        , ..., -0.52457378,
         -0.6351367 , -0.69584091],
        ...,
        [ 0.46590644,  0.66614721,  0.52457378, ...,  0.        ,
         -0.13555249, -0.21566783],
        [ 0.34166475,  0.76109658,  0.6351367 , ...,  0.13555249,
          0.        , -0.08131475],
        [ 0.26411194,  0.81132007,  0.69584091, ...,  0.21566783,
          0.08131475,  0.        ]],

       [[ 0.        , -0.32221456, -0.38771862, ..., -0.53423923,
         -0.42753245, -0.        ],
        [ 0.32221456,  0.        , -0.07003007, ..., -0.77812518,
         -0.69601269, -0.32221456],
        [ 0.38771862,  0.07003007,  0.        , ..., -0.82020132,
         -0.74458755, -0.38771862],
        ...,
        [ 0.53423923,  0.77812518,  0.82020132, ...,  0.        ,
         -0.12154483, -0.53423923],
        [ 0.42753245,  0.69601269,  0.74458755, ...,  0.12154483,
          0.        , -0.42753245],
        [ 0.        ,  0.32221456,  0.38771862, ...,  0.53423923,
          0.42753245,  0.        ]],

       ...,

       [[ 0.        , -0.03703698,  0.01530189, ..., -0.47992857,
         -0.15339371, -0.27868662],
        [ 0.03703698,  0.        ,  0.05232403, ..., -0.44710647,
         -0.11668982, -0.24292577],
        [-0.01530189, -0.05232403,  0.        , ..., -0.49329684,
         -0.16849654, -0.29334965],
        ...,
        [ 0.47992857,  0.44710647,  0.49329684, ...,  0.        ,
          0.33967522,  0.21642092],
        [ 0.15339371,  0.11668982,  0.16849654, ..., -0.33967522,
          0.        , -0.12807184],
        [ 0.27868662,  0.24292577,  0.29334965, ..., -0.21642092,
          0.12807184,  0.        ]],

       [[ 0.        , -0.32312289, -0.49482842, ..., -0.89577421,
         -0.90412606, -0.90795482],
        [ 0.32312289,  0.        , -0.18749357, ..., -0.99135335,
         -0.9936854 , -0.9946599 ],
        [ 0.49482842,  0.18749357,  0.        , ..., -0.99837532,
         -0.9971004 , -0.99637108],
        ...,
        [ 0.89577421,  0.99135335,  0.99837532, ...,  0.        ,
          0.01915882,  0.02820405],
        [ 0.90412606,  0.9936854 ,  0.9971004 , ..., -0.01915882,
          0.        ,  0.00904768],
        [ 0.90795482,  0.9946599 ,  0.99637108, ..., -0.02820405,
         -0.00904768,  0.        ]],

       [[ 0.        ,  0.20262636,  0.48271381, ..., -0.96712213,
         -0.9895026 , -0.9999285 ],
        [-0.20262636,  0.        ,  0.29524471, ..., -0.99859066,
         -0.99825904, -0.98160913],
        [-0.48271381, -0.29524471,  0.        , ..., -0.96974453,
         -0.93634418, -0.88148788],
        ...,
        [ 0.96712213,  0.99859066,  0.96974453, ...,  0.        ,
         -0.11187904, -0.24272924],
        [ 0.9895026 ,  0.99825904,  0.93634418, ...,  0.11187904,
          0.        , -0.13267215],
        [ 0.9999285 ,  0.98160913,  0.88148788, ...,  0.24272924,
          0.13267215,  0.        ]]]), 'num': array([7.07106656e-01, 7.07106656e-01, 0.00000000e+00, 3.89712191e-05,
       3.90716604e-05, 3.76152618e-05, 5.83523698e-04, 1.00441286e-06,
       3.80069828e-05, 4.08268719e-05, 4.12428662e-05, 2.94179500e-07,
       4.49005648e-05, 3.67531790e-05])}
{'img': array([[[ 0.        , -0.35268271, -0.61160321, ..., -0.66932262,
         -0.64156548, -0.79514016],
        [ 0.35268271,  0.        , -0.29327331, ..., -0.88834728,
         -0.8708721 , -0.95792267],
        [ 0.61160321,  0.29327331,  0.        , ..., -0.98394839,
         -0.97672535, -0.99997869],
        ...,
        [ 0.66932262,  0.88834728,  0.98394839, ...,  0.        ,
         -0.03675103,  0.18487234],
        [ 0.64156548,  0.8708721 ,  0.97672535, ...,  0.03675103,
          0.        ,  0.22086499],
        [ 0.79514016,  0.95792267,  0.99997869, ..., -0.18487234,
         -0.22086499,  0.        ]],

       [[ 0.        , -0.25816265,  0.08535442, ..., -0.9262735 ,
         -0.96059462, -0.99177405],
        [ 0.25816265,  0.        ,  0.33968156, ..., -0.79758509,
         -0.85627474, -0.92510931],
        [-0.08535442, -0.33968156,  0.        , ..., -0.95505919,
         -0.98081361, -0.99908017],
        ...,
        [ 0.9262735 ,  0.79758509,  0.95505919, ...,  0.        ,
         -0.10454128, -0.25518814],
        [ 0.96059462,  0.85627474,  0.98081361, ...,  0.10454128,
          0.        , -0.15270977],
        [ 0.99177405,  0.92510931,  0.99908017, ...,  0.25518814,
          0.15270977,  0.        ]],

       [[ 0.        , -0.22191161, -0.46022843, ..., -0.52033439,
         -0.31184323, -0.        ],
        [ 0.22191161,  0.        , -0.25174021, ..., -0.696865  ,
         -0.51491365, -0.22191161],
        [ 0.46022843,  0.25174021,  0.        , ..., -0.85497102,
         -0.71413307, -0.46022843],
        ...,
        [ 0.52033439,  0.696865  ,  0.85497102, ...,  0.        ,
         -0.22808472, -0.52033439],
        [ 0.31184323,  0.51491365,  0.71413307, ...,  0.22808472,
          0.        , -0.31184323],
        [ 0.        ,  0.22191161,  0.46022843, ...,  0.52033439,
          0.31184323,  0.        ]],

       ...,

       [[ 0.        ,  0.05232403,  0.06397344, ..., -0.11668982,
         -0.24292577, -0.50126791],
        [-0.05232403,  0.        ,  0.01166896, ..., -0.16849654,
         -0.29334965, -0.54585682],
        [-0.06397344, -0.01166896,  0.        , ..., -0.17998719,
         -0.30448526, -0.55559683],
        ...,
        [ 0.11668982,  0.16849654,  0.17998719, ...,  0.        ,
         -0.12807184, -0.39687267],
        [ 0.24292577,  0.29334965,  0.30448526, ...,  0.12807184,
          0.        , -0.27605061],
        [ 0.50126791,  0.54585682,  0.55559683, ...,  0.39687267,
          0.27605061,  0.        ]],

       [[ 0.        , -0.23665617, -0.35757538, ..., -0.97694097,
         -0.97885302, -0.97763187],
        [ 0.23665617,  0.        , -0.12640842, ..., -0.99971782,
         -0.99945872, -0.99963506],
        [ 0.35757538,  0.12640842,  0.        , ..., -0.98869559,
         -0.98728279, -0.9882015 ],
        ...,
        [ 0.97694097,  0.99971782,  0.98869559, ...,  0.        ,
          0.00914675,  0.00326026],
        [ 0.97885302,  0.99945872,  0.98728279, ..., -0.00914675,
          0.        , -0.00588658],
        [ 0.97763187,  0.99963506,  0.9882015 , ..., -0.00326026,
          0.00588658,  0.        ]],

       [[ 0.        ,  0.29524471,  0.72711957, ..., -0.99825904,
         -0.98160913, -0.96399763],
        [-0.29524471,  0.        ,  0.4920171 , ..., -0.93634418,
         -0.88148788, -0.84251546],
        [-0.72711957, -0.4920171 ,  0.        , ..., -0.64242864,
         -0.53507685, -0.46844586],
        ...,
        [ 0.99825904,  0.93634418,  0.64242864, ...,  0.        ,
         -0.13267215, -0.20858932],
        [ 0.98160913,  0.88148788,  0.53507685, ...,  0.13267215,
          0.        , -0.07699158],
        [ 0.96399763,  0.84251546,  0.46844586, ...,  0.20858932,
          0.07699158,  0.        ]]]), 'num': array([7.07106681e-01, 7.07106681e-01, 0.00000000e+00, 3.97747508e-05,
       4.04276192e-05, 3.89712205e-05, 5.20135220e-04, 8.03530319e-07,
       3.82681315e-05, 4.06812334e-05, 4.10888577e-05, 3.40076808e-07,
       4.46861181e-05, 3.66763488e-05])}
{'img': array([[[ 0.        , -0.52577706, -0.91542455, ..., -0.65069862,
         -0.80493647, -0.88761772],
        [ 0.52577706,  0.        , -0.56706082, ..., -0.95274033,
         -0.9966726 , -0.9971904 ],
        [ 0.91542455,  0.56706082,  0.        , ..., -0.95701435,
         -0.8671558 , -0.778884  ],
        ...,
        [ 0.65069862,  0.95274033,  0.95701435, ...,  0.        ,
          0.22511814,  0.37430082],
        [ 0.80493647,  0.9966726 ,  0.8671558 , ..., -0.22511814,
          0.        ,  0.15593936],
        [ 0.88761772,  0.9971904 ,  0.778884  , ..., -0.37430082,
         -0.15593936,  0.        ]],

       [[ 0.        ,  0.33961892,  0.4877579 , ..., -0.85583886,
         -0.92445515, -0.97993378],
        [-0.33961892,  0.        ,  0.16228693, ..., -0.98063582,
         -0.99900199, -0.98938355],
        [-0.4877579 , -0.16228693,  0.        , ..., -0.99941844,
         -0.99300748, -0.95268308],
        ...,
        [ 0.85583886,  0.98063582,  0.99941844, ...,  0.        ,
         -0.15184405, -0.33627479],
        [ 0.92445515,  0.99900199,  0.99300748, ...,  0.15184405,
          0.        , -0.18937426],
        [ 0.97993378,  0.98938355,  0.95268308, ...,  0.33627479,
          0.18937426,  0.        ]],

       [[ 0.        , -0.41100719, -0.60024038, ..., -0.31375475,
         -0.        , -0.3026212 ],
        [ 0.41100719,  0.        , -0.21846677, ..., -0.6762819 ,
         -0.41100719, -0.66761464],
        [ 0.60024038,  0.21846677,  0.        , ..., -0.8208779 ,
         -0.60024038, -0.81413804],
        ...,
        [ 0.31375475,  0.6762819 ,  0.8208779 , ...,  0.        ,
         -0.31375475, -0.01170302],
        [ 0.        ,  0.41100719,  0.60024038, ...,  0.31375475,
          0.        ,  0.3026212 ],
        [ 0.3026212 ,  0.66761464,  0.81413804, ...,  0.01170302,
         -0.3026212 ,  0.        ]],

       ...,

       [[ 0.        ,  0.01166896, -0.37452281, ..., -0.29334965,
         -0.54585682, -0.38870617],
        [-0.01166896,  0.        , -0.38531698, ..., -0.30448526,
         -0.55559683, -0.39943104],
        [ 0.37452281,  0.38531698,  0.        , ...,  0.08604678,
         -0.19232351, -0.01534424],
        ...,
        [ 0.29334965,  0.30448526, -0.08604678, ...,  0.        ,
         -0.27605061, -0.10132397],
        [ 0.54585682,  0.55559683,  0.19232351, ...,  0.27605061,
          0.        ,  0.17724308],
        [ 0.38870617,  0.39943104,  0.01534424, ...,  0.10132397,
         -0.17724308,  0.        ]],

       [[ 0.        , -0.12640842, -0.00473162, ..., -0.99945872,
         -0.99963506, -0.99996084],
        [ 0.12640842,  0.        ,  0.12171334, ..., -0.98728279,
         -0.9882015 , -0.99305815],
        [ 0.00473162, -0.12171334,  0.        , ..., -0.99929187,
         -0.99949605, -0.99999152],
        ...,
        [ 0.99945872,  0.98728279,  0.99929187, ...,  0.        ,
         -0.00588658, -0.04174174],
        [ 0.99963506,  0.9882015 ,  0.99949605, ...,  0.00588658,
          0.        , -0.03585957],
        [ 0.99996084,  0.99305815,  0.99999152, ...,  0.04174174,
          0.03585957,  0.        ]],

       [[ 0.        ,  0.4920171 ,  0.01314195, ..., -0.88148788,
         -0.84251546, -0.82494183],
        [-0.4920171 ,  0.        , -0.48053342, ..., -0.53507685,
         -0.46844586, -0.44008569],
        [-0.01314195,  0.48053342,  0.        , ..., -0.87520604,
         -0.8353635 , -0.81744253],
        ...,
        [ 0.88148788,  0.53507685,  0.87520604, ...,  0.        ,
         -0.07699158, -0.10868947],
        [ 0.84251546,  0.46844586,  0.8353635 , ...,  0.07699158,
          0.        , -0.03183139],
        [ 0.82494183,  0.44008569,  0.81744253, ...,  0.10868947,
          0.03183139,  0.        ]]]), 'num': array([9.83768267e-01, 1.79441198e-01, 2.00580316e-04, 5.54708323e-05,
       5.66466479e-05, 5.46408448e-05, 8.88363304e-04, 6.91656263e-07,
       5.37416916e-05, 5.58996592e-05, 5.63976517e-05, 5.18742197e-07,
       6.13418294e-05, 5.04574890e-05])}
{'img': array([[[ 0.        , -0.8567722 , -0.93849549, ..., -0.82812863,
         -0.90888797, -0.94490168],
        [ 0.8567722 ,  0.        , -0.18814136, ..., -0.90731532,
         -0.82601763, -0.76774917],
        [ 0.93849549,  0.18814136,  0.        , ..., -0.81200826,
         -0.70522177, -0.633487  ],
        ...,
        [ 0.82812863,  0.90731532,  0.81200826, ...,  0.        ,
          0.16410329,  0.25856198],
        [ 0.90888797,  0.82601763,  0.70522177, ..., -0.16410329,
          0.        ,  0.09653379],
        [ 0.94490168,  0.76774917,  0.633487  , ..., -0.25856198,
         -0.09653379,  0.        ]],

       [[ 0.        ,  0.16228693, -0.73970796, ..., -0.99900199,
         -0.98938355, -0.99256837],
        [-0.16228693,  0.        , -0.83910953, ..., -0.99300748,
         -0.95268308, -0.99915891],
        [ 0.73970796,  0.83910953,  0.        , ..., -0.63921693,
         -0.7732841 , -0.57791333],
        ...,
        [ 0.99900199,  0.99300748,  0.63921693, ...,  0.        ,
         -0.18937426,  0.0772331 ],
        [ 0.98938355,  0.95268308,  0.7732841 , ...,  0.18937426,
          0.        ,  0.26464418],
        [ 0.99256837,  0.99915891,  0.57791333, ..., -0.0772331 ,
         -0.26464418,  0.        ]],

       [[ 0.        , -0.46933749, -0.74591805, ..., -0.        ,
         -0.30936493, -0.58721092],
        [ 0.46933749,  0.        , -0.34606323, ..., -0.46933749,
         -0.71948845, -0.89841602],
        [ 0.74591805,  0.34606323,  0.        , ..., -0.74591805,
         -0.91537456, -0.99487603],
        ...,
        [ 0.        ,  0.46933749,  0.74591805, ...,  0.        ,
          0.30936493,  0.58721092],
        [ 0.30936493,  0.71948845,  0.91537456, ..., -0.30936493,
          0.        ,  0.30799387],
        [ 0.58721092,  0.89841602,  0.99487603, ..., -0.58721092,
         -0.30799387,  0.        ]],

       ...,

       [[ 0.        , -0.38531698, -0.34558154, ..., -0.55559683,
         -0.39943104, -0.27819746],
        [ 0.38531698,  0.        ,  0.04267989, ..., -0.19232351,
         -0.01534424,  0.11338993],
        [ 0.34558154, -0.04267989,  0.        , ..., -0.23403139,
         -0.05800512,  0.07088197],
        ...,
        [ 0.55559683,  0.19232351,  0.23403139, ...,  0.        ,
          0.17724308,  0.30235624],
        [ 0.39943104,  0.01534424,  0.05800512, ..., -0.17724308,
          0.        ,  0.12862185],
        [ 0.27819746, -0.11338993, -0.07088197, ..., -0.30235624,
         -0.12862185,  0.        ]],

       [[ 0.        ,  0.12171334,  0.34322925, ..., -0.9882015 ,
         -0.99305815, -0.99567294],
        [-0.12171334,  0.        ,  0.22635798, ..., -0.99949605,
         -0.99999152, -0.99958084],
        [-0.34322925, -0.22635798,  0.        , ..., -0.98073868,
         -0.97310366, -0.96708267],
        ...,
        [ 0.9882015 ,  0.99949605,  0.98073868, ...,  0.        ,
         -0.03585957, -0.06066621],
        [ 0.99305815,  0.99999152,  0.97310366, ...,  0.03585957,
          0.        , -0.02483367],
        [ 0.99567294,  0.99958084,  0.96708267, ...,  0.06066621,
          0.02483367,  0.        ]],

       [[ 0.        , -0.48053342, -0.70262772, ..., -0.46844586,
         -0.44008569, -0.4245602 ],
        [ 0.48053342,  0.        , -0.27426071, ..., -0.8353635 ,
         -0.81744253, -0.8074041 ],
        [ 0.70262772,  0.27426071,  0.        , ..., -0.95409235,
         -0.94407496, -0.93825799],
        ...,
        [ 0.46844586,  0.8353635 ,  0.95409235, ...,  0.        ,
         -0.03183139, -0.04903512],
        [ 0.44008569,  0.81744253,  0.94407496, ...,  0.03183139,
          0.        , -0.01721717],
        [ 0.4245602 ,  0.8074041 ,  0.93825799, ...,  0.04903512,
          0.01721717,  0.        ]]]), 'num': array([9.99988998e-01, 4.21013681e-03, 2.42577074e-04, 5.63925070e-05,
       5.81096966e-05, 5.57056311e-05, 2.04826377e-03, 1.30506411e-06,
       5.42219793e-05, 5.54892652e-05, 5.58601782e-05, 6.09966968e-07,
       6.08736490e-05, 5.01048815e-05])}
{'img': array([[[ 0.        , -0.47886294, -0.12662182, ..., -0.99967729,
         -0.9956226 , -0.95039319],
        [ 0.47886294,  0.        ,  0.36384861, ..., -0.88977096,
         -0.82929004, -0.68538953],
        [ 0.12662182, -0.36384861,  0.        , ..., -0.99484754,
         -0.97577423, -0.90335768],
        ...,
        [ 0.99967729,  0.88977096,  0.99484754, ...,  0.        ,
          0.11872637,  0.33509362],
        [ 0.9956226 ,  0.82929004,  0.97577423, ..., -0.11872637,
          0.        ,  0.22086132],
        [ 0.95039319,  0.68538953,  0.90335768, ..., -0.33509362,
         -0.22086132,  0.        ]],

       [[ 0.        , -0.83910953, -0.87330418, ..., -0.95268308,
         -0.99915891, -0.89749785],
        [ 0.83910953,  0.        , -0.06625126, ..., -0.7732841 ,
         -0.57791333, -0.11814207],
        [ 0.87330418,  0.06625126,  0.        , ..., -0.72957792,
         -0.5225761 , -0.05209523],
        ...,
        [ 0.95268308,  0.7732841 ,  0.72957792, ...,  0.        ,
          0.26464418,  0.69295944],
        [ 0.99915891,  0.57791333,  0.5225761 , ..., -0.26464418,
          0.        ,  0.4774505 ],
        [ 0.89749785,  0.11814207,  0.05209523, ..., -0.69295944,
         -0.4774505 ,  0.        ]],

       [[ 0.        , -0.63859972, -0.79758512, ..., -0.31858055,
         -0.6031931 , -0.73932688],
        [ 0.63859972,  0.        , -0.22856547, ..., -0.85048618,
         -0.97352473, -0.99893994],
        [ 0.79758512,  0.22856547,  0.        , ..., -0.94819741,
         -1.        , -0.98301802],
        ...,
        [ 0.31858055,  0.85048618,  0.94819741, ...,  0.        ,
          0.31766588,  0.48628967],
        [ 0.6031931 ,  0.97352473,  1.        , ..., -0.31766588,
          0.        ,  0.18352548],
        [ 0.73932688,  0.99893994,  0.98301802, ..., -0.48628967,
         -0.18352548,  0.        ]],

       ...,

       [[ 0.        ,  0.04267989, -0.22031482, ..., -0.01534424,
          0.11338993,  0.33452526],
        [-0.04267989,  0.        , -0.26174526, ..., -0.05800512,
          0.07088197,  0.29399947],
        [ 0.22031482,  0.26174526,  0.        , ...,  0.20532167,
          0.32949771,  0.53392735],
        ...,
        [ 0.01534424,  0.05800512, -0.20532167, ...,  0.        ,
          0.12862185,  0.34894608],
        [-0.11338993, -0.07088197, -0.32949771, ..., -0.12862185,
          0.        ,  0.22551059],
        [-0.33452526, -0.29399947, -0.53392735, ..., -0.34894608,
         -0.22551059,  0.        ]],

       [[ 0.        ,  0.22635798,  0.2465695 , ..., -0.99999152,
         -0.99958084, -0.99940537],
        [-0.22635798,  0.        ,  0.02080038, ..., -0.97310366,
         -0.96708267, -0.96566003],
        [-0.2465695 , -0.02080038,  0.        , ..., -0.96810139,
         -0.96158053, -0.96004698],
        ...,
        [ 0.99999152,  0.97310366,  0.96810139, ...,  0.        ,
         -0.02483367, -0.03036421],
        [ 0.99958084,  0.96708267,  0.96158053, ...,  0.02483367,
          0.        , -0.00553263],
        [ 0.99940537,  0.96566003,  0.96004698, ...,  0.03036421,
          0.00553263,  0.        ]],

       [[ 0.        , -0.56696903, -0.73165884, ..., -0.45347804,
         -0.43753932, -0.43637153],
        [ 0.56696903,  0.        , -0.21620966, ..., -0.87886864,
         -0.87023639, -0.86959608],
        [ 0.73165884,  0.21620966,  0.        , ..., -0.96122653,
         -0.95616496, -0.95578398],
        ...,
        [ 0.45347804,  0.87886864,  0.96122653, ...,  0.        ,
         -0.01780258, -0.01910064],
        [ 0.43753932,  0.87023639,  0.95616496, ...,  0.01780258,
          0.        , -0.00129829],
        [ 0.43637153,  0.86959608,  0.95578398, ...,  0.01910064,
          0.00129829,  0.        ]]]), 'num': array([ 9.99999438e-01,  4.88309143e-04,  2.43783202e-04,  5.63930901e-05,
        5.77685313e-05,  5.57741416e-05,  8.94683252e-04, -6.87720611e-08,
        5.51689474e-05,  5.55850184e-05,  5.58417674e-05,  6.42990815e-07,
        6.09871721e-05,  5.01828646e-05])}
{'img': array([[[ 0.00000000e+00,  3.63848612e-01,  6.56431120e-01, ...,
         -8.29290041e-01, -6.85389531e-01, -6.93896305e-01],
        [-3.63848612e-01,  0.00000000e+00,  3.36955796e-01, ...,
         -9.75774231e-01, -9.03357681e-01, -9.08333600e-01],
        [-6.56431120e-01, -3.36955796e-01,  0.00000000e+00, ...,
         -9.92430570e-01, -9.95046038e-01, -9.96145233e-01],
        ...,
        [ 8.29290041e-01,  9.75774231e-01,  9.92430570e-01, ...,
          0.00000000e+00,  2.20861324e-01,  2.09388938e-01],
        [ 6.85389531e-01,  9.03357681e-01,  9.95046038e-01, ...,
         -2.20861324e-01,  0.00000000e+00, -1.17472421e-02],
        [ 6.93896305e-01,  9.08333600e-01,  9.96145233e-01, ...,
         -2.09388938e-01,  1.17472421e-02,  0.00000000e+00]],

       [[ 0.00000000e+00, -6.62512642e-02, -3.10276859e-01, ...,
         -5.77913326e-01, -1.18142075e-01, -5.70694309e-01],
        [ 6.62512642e-02,  0.00000000e+00, -2.46613656e-01, ...,
         -5.22576100e-01, -5.20952266e-02, -5.15037417e-01],
        [ 3.10276859e-01,  2.46613656e-01,  0.00000000e+00, ...,
         -2.96174760e-01,  1.95792578e-01, -2.87740648e-01],
        ...,
        [ 5.77913326e-01,  5.22576100e-01,  2.96174760e-01, ...,
          0.00000000e+00,  4.77450498e-01,  8.81823692e-03],
        [ 1.18142075e-01,  5.20952266e-02, -1.95792578e-01, ...,
         -4.77450498e-01,  0.00000000e+00, -4.69683714e-01],
        [ 5.70694309e-01,  5.15037417e-01,  2.87740648e-01, ...,
         -8.81823692e-03,  4.69683714e-01,  0.00000000e+00]],

       [[ 0.00000000e+00, -5.83651131e-01, -7.56966112e-01, ...,
         -6.36551221e-01, -7.75942148e-01, -8.74045700e-01],
        [ 5.83651131e-01,  0.00000000e+00, -2.33270668e-01, ...,
         -9.67014322e-01, -9.98238052e-01, -9.93292301e-01],
        [ 7.56966112e-01,  2.33270668e-01,  0.00000000e+00, ...,
         -9.99755353e-01, -9.84539914e-01, -9.38916003e-01],
        ...,
        [ 6.36551221e-01,  9.67014322e-01,  9.99755353e-01, ...,
          0.00000000e+00,  1.96894193e-01,  3.64829726e-01],
        [ 7.75942148e-01,  9.98238052e-01,  9.84539914e-01, ...,
         -1.96894193e-01,  0.00000000e+00,  1.74364975e-01],
        [ 8.74045700e-01,  9.93292301e-01,  9.38916003e-01, ...,
         -3.64829726e-01, -1.74364975e-01,  0.00000000e+00]],

       ...,

       [[ 0.00000000e+00, -2.61745263e-01, -4.50376833e-01, ...,
          7.08819717e-02,  2.93999473e-01,  3.64381521e-01],
        [ 2.61745263e-01,  0.00000000e+00, -2.00979076e-01, ...,
          3.29497711e-01,  5.33927351e-01,  5.95428298e-01],
        [ 4.50376833e-01,  2.00979076e-01,  0.00000000e+00, ...,
          5.12530162e-01,  6.92966759e-01,  7.44747190e-01],
        ...,
        [-7.08819717e-02, -3.29497711e-01, -5.12530162e-01, ...,
          0.00000000e+00,  2.25510595e-01,  2.97456176e-01],
        [-2.93999473e-01, -5.33927351e-01, -6.92966759e-01, ...,
         -2.25510595e-01,  0.00000000e+00,  7.44909535e-02],
        [-3.64381521e-01, -5.95428298e-01, -7.44747190e-01, ...,
         -2.97456176e-01, -7.44909535e-02,  0.00000000e+00]],

       [[ 0.00000000e+00,  2.08003799e-02, -2.42153000e-02, ...,
         -9.67082673e-01, -9.65660026e-01, -9.66904222e-01],
        [-2.08003799e-02,  0.00000000e+00, -4.50043415e-02, ...,
         -9.61580530e-01, -9.60046979e-01, -9.61388030e-01],
        [ 2.42153000e-02,  4.50043415e-02,  0.00000000e+00, ...,
         -9.72960975e-01, -9.71668215e-01, -9.72798976e-01],
        ...,
        [ 9.67082673e-01,  9.61580530e-01,  9.72960975e-01, ...,
          0.00000000e+00, -5.53262874e-03, -7.00354734e-04],
        [ 9.65660026e-01,  9.60046979e-01,  9.71668215e-01, ...,
          5.53262874e-03,  0.00000000e+00,  4.83228337e-03],
        [ 9.66904222e-01,  9.61388030e-01,  9.72798976e-01, ...,
          7.00354734e-04, -4.83228337e-03,  0.00000000e+00]],

       [[ 0.00000000e+00, -5.36026312e-01, -6.91474293e-01, ...,
         -4.57018708e-01, -4.55805892e-01, -4.60902008e-01],
        [ 5.36026312e-01,  0.00000000e+00, -1.96517500e-01, ...,
         -8.62588175e-01, -8.61897788e-01, -8.64791168e-01],
        [ 6.91474293e-01,  1.96517500e-01,  0.00000000e+00, ...,
         -9.45187509e-01, -9.44741551e-01, -9.46605679e-01],
        ...,
        [ 4.57018708e-01,  8.62588175e-01,  9.45187509e-01, ...,
          0.00000000e+00, -1.36306851e-03,  4.37083005e-03],
        [ 4.55805892e-01,  8.61897788e-01,  9.44741551e-01, ...,
          1.36306851e-03,  0.00000000e+00,  5.73388148e-03],
        [ 4.60902008e-01,  8.64791168e-01,  9.46605679e-01, ...,
         -4.37083005e-03, -5.73388148e-03,  0.00000000e+00]]]), 'num': array([9.99998967e-01, 9.12764096e-05, 2.38073260e-04, 5.63931922e-05,
       5.66617312e-05, 5.37078021e-05, 1.40605683e-03, 1.34269505e-06,
       5.47148234e-05, 5.43053014e-05, 5.44709004e-05, 7.25055328e-07,
       5.96339402e-05, 4.89766625e-05])}
{'img': array([[[ 0.        ,  0.3369558 , -0.49747351, ..., -0.90335768,
         -0.9083336 , -0.78311321],
        [-0.3369558 ,  0.        , -0.76068363, ..., -0.99504604,
         -0.99614523, -0.94686291],
        [ 0.49747351,  0.76068363,  0.        , ..., -0.57028356,
         -0.57989396, -0.36996598],
        ...,
        [ 0.90335768,  0.99504604,  0.57028356, ...,  0.        ,
         -0.01174724,  0.22591148],
        [ 0.9083336 ,  0.99614523,  0.57989396, ...,  0.01174724,
          0.        ,  0.23733944],
        [ 0.78311321,  0.94686291,  0.36996598, ..., -0.22591148,
         -0.23733944,  0.        ]],

       [[ 0.        , -0.24661366,  0.10272961, ..., -0.05209523,
         -0.51503742, -0.25663232],
        [ 0.24661366,  0.        ,  0.34486559, ...,  0.19579258,
         -0.28774065, -0.0103516 ],
        [-0.10272961, -0.34486559,  0.        , ..., -0.15440972,
         -0.60036902, -0.35456366],
        ...,
        [ 0.05209523, -0.19579258,  0.15440972, ...,  0.        ,
         -0.46968371, -0.20593333],
        [ 0.51503742,  0.28774065,  0.60036902, ...,  0.46968371,
          0.        ,  0.27781142],
        [ 0.25663232,  0.0103516 ,  0.35456366, ...,  0.20593333,
         -0.27781142,  0.        ]],

       [[ 0.        , -0.56513273, -0.78460181, ..., -0.80557045,
         -0.90163393, -0.96215578],
        [ 0.56513273,  0.        , -0.2969142 , ..., -0.99943676,
         -0.9882679 , -0.94777719],
        [ 0.78460181,  0.2969142 ,  0.        , ..., -0.96433025,
         -0.89835332, -0.81034058],
        ...,
        [ 0.80557045,  0.99943676,  0.96433025, ...,  0.        ,
          0.18580889,  0.35055935],
        [ 0.90163393,  0.9882679 ,  0.89835332, ..., -0.18580889,
          0.        ,  0.17043713],
        [ 0.96215578,  0.94777719,  0.81034058, ..., -0.35055935,
         -0.17043713,  0.        ]],

       ...,

       [[ 0.        , -0.20097908, -0.24118175, ...,  0.53392735,
          0.5954283 ,  0.76181779],
        [ 0.20097908,  0.        , -0.0412144 , ...,  0.69296676,
          0.74474719,  0.87646581],
        [ 0.24118175,  0.0412144 ,  0.        , ...,  0.72209229,
          0.77161869,  0.89556436],
        ...,
        [-0.53392735, -0.69296676, -0.72209229, ...,  0.        ,
          0.07449095,  0.29826653],
        [-0.5954283 , -0.74474719, -0.77161869, ..., -0.07449095,
          0.        ,  0.22633753],
        [-0.76181779, -0.87646581, -0.89556436, ..., -0.29826653,
         -0.22633753,  0.        ]],

       [[ 0.        , -0.04500434,  0.07538902, ..., -0.96004698,
         -0.96138803, -0.96477524],
        [ 0.04500434,  0.        ,  0.12018891, ..., -0.97166822,
         -0.97279898, -0.97563726],
        [-0.07538902, -0.12018891,  0.        , ..., -0.9362181 ,
         -0.93790532, -0.94219667],
        ...,
        [ 0.96004698,  0.97166822,  0.9362181 , ...,  0.        ,
          0.00483228,  0.01741675],
        [ 0.96138803,  0.97279898,  0.93790532, ..., -0.00483228,
          0.        ,  0.01258499],
        [ 0.96477524,  0.97563726,  0.94219667, ..., -0.01741675,
         -0.01258499,  0.        ]],

       [[ 0.        , -0.49672136, -0.73988617, ..., -0.47350141,
         -0.47876542, -0.47499574],
        [ 0.49672136,  0.        , -0.30799426, ..., -0.84846537,
         -0.85161831, -0.84936247],
        [ 0.73988617,  0.30799426,  0.        , ..., -0.97022619,
         -0.97165864, -0.97063589],
        ...,
        [ 0.47350141,  0.84846537,  0.97022619, ...,  0.        ,
          0.00598608,  0.00169735],
        [ 0.47876542,  0.85161831,  0.97165864, ..., -0.00598608,
          0.        , -0.00428875],
        [ 0.47499574,  0.84936247,  0.97063589, ..., -0.00169735,
          0.00428875,  0.        ]]]), 'num': array([ 9.99999784e-01,  9.31617293e-05,  2.42990677e-04,  5.63931327e-05,
        5.80376469e-05,  5.61875684e-05,  5.83117326e-04, -1.16486422e-06,
