state_0,state_1,state_2,state_3,state_4,state_5,state_6,state_7,state_8,state_9,state_10,state_11,state_12,state_13,state_14,state_15,state_16,state_17,state_18,state_19,state_20,state_21,state_22,state_23,state_24,state_25,state_26,state_27,state_28,state_29,state_30,state_31,state_32,state_33,state_34,state_35,state_36,state_37,state_38,state_39,state_40,state_41,state_42,state_43,state_44,state_45,state_46,state_47,state_48,state_49,state_50,state_51,state_52,state_53,state_54,state_55,state_56,state_57,state_58,state_59,state_60,state_61,state_62,state_63,state_64,state_65,state_66,state_67,state_68,state_69,state_70,state_71,state_72,state_73,state_74,state_75,state_76,state_77,state_78,state_79,state_80,state_81,state_82,state_83,state_84,state_85,state_86,state_87,state_88,state_89,state_90,state_91,state_92,state_93,state_94,state_95,state_96,state_97,state_98,state_99,state_100,state_101,state_102,state_103,state_104,state_105,state_106,state_107,state_108,state_109,state_110,state_111,state_112,state_113,state_114,state_115,state_116,state_117,state_118,state_119,state_120,state_121,state_122,state_123,state_124,state_125,state_126,state_127,state_128,state_129,state_130,state_131,state_132,state_133,state_134,state_135,state_136,state_137,state_138,state_139,state_140,state_141,state_142,state_143,state_144,state_145,state_146,state_147,state_148,state_149,state_150,state_151,state_152,state_153,state_154,state_155,state_156,state_157,state_158,state_159,state_160,state_161,state_162,state_163,state_164,state_165,state_166,state_167,state_168,state_169,state_170,state_171,state_172,state_173,state_174,state_175,state_176,state_177,state_178,state_179,state_180,state_181,state_182,state_183,state_184,state_185,state_186,state_187,state_188,state_189,state_190,state_191,state_192,state_193,state_194,state_195,state_196,state_197,state_198,state_199,state_200,state_201,state_202,state_203,state_204,state_205,state_206,state_207,state_208,state_209,state_210,state_211,state_212,state_213,state_214,state_215,state_216,state_217,state_218,state_219,state_220,state_221,state_222,state_223,state_224,state_225,state_226,state_227,state_228,state_229,state_230,state_231,state_232,state_233,state_234,state_235,state_236,state_237,state_238,state_239,state_240,state_241,state_242,state_243,state_244,state_245,state_246,state_247,state_248,state_249,state_250,state_251,state_252,state_253,state_254,state_255,state_256,state_257,state_258,state_259,state_260,state_261,state_262,state_263,state_264,state_265,state_266,state_267,state_268,state_269,state_270,state_271,state_272,state_273,state_274,state_275,state_276,state_277,state_278,state_279,state_280,state_281,state_282,state_283,state_284,state_285,state_286,state_287
{'img': array([[[ 0.        , -0.7095074 ,  0.17402901, ...,  0.64010736,
          0.82931378,  0.82931378],
        [ 0.7095074 ,  0.        ,  0.82131858, ...,  0.99618659,
          0.98087656,  0.98087656],
        [-0.17402901, -0.82131858,  0.        , ...,  0.4966357 ,
          0.7194144 ,  0.7194144 ],
        ...,
        [-0.64010736, -0.99618659, -0.4966357 , ...,  0.        ,
          0.2794685 ,  0.2794685 ],
        [-0.82931378, -0.98087656, -0.7194144 , ..., -0.2794685 ,
          0.        ,  0.        ],
        [-0.82931378, -0.98087656, -0.7194144 , ..., -0.2794685 ,
          0.        ,  0.        ]],

       [[ 0.        ,  0.99961034,  0.91813946, ...,  0.98311037,
          0.87480856,  0.10013384],
        [-0.99961034,  0.        , -0.37047434, ..., -0.15550013,
          0.50869912, -0.99179117],
        [-0.91813946,  0.37047434,  0.        , ...,  0.22153268,
          0.79145926, -0.8738461 ],
        ...,
        [-0.98311037,  0.15550013, -0.22153268, ...,  0.        ,
          0.6363882 , -0.95984337],
        [-0.87480856, -0.50869912, -0.79145926, ..., -0.6363882 ,
          0.        , -0.91892347],
        [-0.10013384,  0.99179117,  0.8738461 , ...,  0.95984337,
          0.91892347,  0.        ]],

       [[ 0.        , -0.34865745, -0.42710131, ...,  0.06451245,
          0.2358118 ,  0.3832845 ],
        [ 0.34865745,  0.        , -0.08504341, ...,  0.40839547,
          0.55983953,  0.68126408],
        [ 0.42710131,  0.08504341,  0.        , ...,  0.48454401,
          0.62827843,  0.74105102],
        ...,
        [-0.06451245, -0.40839547, -0.48454401, ...,  0.        ,
          0.17262746,  0.32290043],
        [-0.2358118 , -0.55983953, -0.62827843, ..., -0.17262746,
          0.        ,  0.15467247],
        [-0.3832845 , -0.68126408, -0.74105102, ..., -0.32290043,
         -0.15467247,  0.        ]],

       ...,

       [[ 0.        , -0.22644175, -0.0566944 , ...,  0.01068936,
          0.25511596,  0.37008639],
        [ 0.22644175,  0.        ,  0.17085578, ...,  0.23684051,
          0.46743815,  0.57083707],
        [ 0.0566944 , -0.17085578,  0.        , ...,  0.06736333,
          0.30952404,  0.42216008],
        ...,
        [-0.01068936, -0.23684051, -0.06736333, ...,  0.        ,
          0.24476573,  0.36013486],
        [-0.25511596, -0.46743815, -0.30952404, ..., -0.24476573,
          0.        ,  0.12083835],
        [-0.37008639, -0.57083707, -0.42216008, ..., -0.36013486,
         -0.12083835,  0.        ]],

       [[ 0.        ,  0.05504205, -0.00993909, ...,  0.89975905,
          0.8482017 ,  0.796646  ],
        [-0.05504205,  0.        , -0.06496336, ...,  0.87437541,
          0.81776154,  0.76216836],
        [ 0.00993909,  0.06496336,  0.        , ...,  0.9040519 ,
          0.85342427,  0.8026143 ],
        ...,
        [-0.89975905, -0.87437541, -0.9040519 , ...,  0.        ,
         -0.10643417, -0.1962099 ],
        [-0.8482017 , -0.81776154, -0.85342427, ...,  0.10643417,
          0.        , -0.09073008],
        [-0.796646  , -0.76216836, -0.8026143 , ...,  0.1962099 ,
          0.09073008,  0.        ]],

       [[ 0.        , -0.25837523, -0.28350104, ...,  0.65934984,
          0.73462374,  0.79513279],
        [ 0.25837523,  0.        , -0.02610006, ...,  0.83121725,
          0.88498039,  0.92482165],
        [ 0.28350104,  0.02610006,  0.        , ...,  0.84544435,
          0.89683183,  0.93443508],
        ...,
        [-0.65934984, -0.83121725, -0.84544435, ...,  0.        ,
          0.10496457,  0.19795662],
        [-0.73462374, -0.88498039, -0.89683183, ..., -0.10496457,
          0.        ,  0.09397571],
        [-0.79513279, -0.92482165, -0.93443508, ..., -0.19795662,
         -0.09397571,  0.        ]]]), 'num': array([7.06120208e-01, 7.06120208e-01, 0.00000000e+00, 1.90466635e-02,
       1.91086039e-02, 1.84892002e-02, 8.83529813e-03, 4.02612399e-04,
       1.83529314e-02, 1.79735466e-02, 1.82352447e-02, 3.94165985e-06,
       1.89775301e-02, 1.69695631e-02])}
{'img': array([[[ 0.        ,  0.82131858,  0.56439721, ...,  0.98087656,
          0.98087656,  0.92937876],
        [-0.82131858,  0.        , -0.35602968, ...,  0.7194144 ,
          0.7194144 ,  0.8333538 ],
        [-0.56439721,  0.35602968,  0.        , ...,  0.91956601,
          0.91956601,  0.97553982],
        ...,
        [-0.98087656, -0.7194144 , -0.91956601, ...,  0.        ,
          0.        ,  0.18118273],
        [-0.98087656, -0.7194144 , -0.91956601, ...,  0.        ,
          0.        ,  0.18118273],
        [-0.92937876, -0.8333538 , -0.97553982, ..., -0.18118273,
         -0.18118273,  0.        ]],

       [[ 0.        , -0.37047434, -0.99101687, ...,  0.50869912,
         -0.99179117, -0.89008185],
        [ 0.37047434,  0.        , -0.87095269, ...,  0.79145926,
         -0.8738461 , -0.65788356],
        [ 0.99101687,  0.87095269,  0.        , ...,  0.92124225,
         -0.00591955,  0.3326694 ],
        ...,
        [-0.50869912, -0.79145926, -0.92124225, ...,  0.        ,
         -0.91892347, -0.99817638],
        [ 0.99179117,  0.8738461 ,  0.00591955, ...,  0.91892347,
          0.        ,  0.33824596],
        [ 0.89008185,  0.65788356, -0.3326694 , ...,  0.99817638,
         -0.33824596,  0.        ]],

       [[ 0.        , -0.08504341, -0.31611413, ...,  0.55983953,
          0.68126408,  0.80943271],
        [ 0.08504341,  0.        , -0.23428644, ...,  0.62827843,
          0.74105102,  0.8564389 ],
        [ 0.31611413,  0.23428644,  0.        , ...,  0.79306411,
          0.87773713,  0.95355216],
        ...,
        [-0.55983953, -0.62827843, -0.79306411, ...,  0.        ,
          0.15467247,  0.34195194],
        [-0.68126408, -0.74105102, -0.87773713, ..., -0.15467247,
          0.        ,  0.19248841],
        [-0.80943271, -0.8564389 , -0.95355216, ..., -0.34195194,
         -0.19248841,  0.        ]],

       ...,

       [[ 0.        ,  0.17085578,  0.05308566, ...,  0.46743815,
          0.57083707,  0.61309547],
        [-0.17085578,  0.        , -0.11830978, ...,  0.30952404,
          0.42216008,  0.46910296],
        [-0.05308566,  0.11830978,  0.        , ...,  0.41984995,
          0.52644548,  0.57029284],
        ...,
        [-0.46743815, -0.30952404, -0.41984995, ...,  0.        ,
          0.12083835,  0.17271194],
        [-0.57083707, -0.42216008, -0.52644548, ..., -0.12083835,
          0.        ,  0.0524239 ],
        [-0.61309547, -0.46910296, -0.57029284, ..., -0.17271194,
         -0.0524239 ,  0.        ]],

       [[ 0.        , -0.06496336, -0.1024472 , ...,  0.81776154,
          0.76216836,  0.7422667 ],
        [ 0.06496336,  0.        , -0.03760925, ...,  0.85342427,
          0.8026143 ,  0.78423102],
        [ 0.1024472 ,  0.03760925,  0.        , ...,  0.87242307,
          0.82448032,  0.80701156],
        ...,
        [-0.81776154, -0.85342427, -0.87242307, ...,  0.        ,
         -0.09073008, -0.12076883],
        [-0.76216836, -0.8026143 , -0.82448032, ...,  0.09073008,
          0.        , -0.03020473],
        [-0.7422667 , -0.78423102, -0.80701156, ...,  0.12076883,
          0.03020473,  0.        ]],

       [[ 0.        , -0.02610006, -0.16313872, ...,  0.88498039,
          0.92482165,  0.93810257],
        [ 0.02610006,  0.        , -0.13733274, ...,  0.89683183,
          0.93443508,  0.94682294],
        [ 0.16313872,  0.13733274,  0.        , ...,  0.94908644,
          0.97449007,  0.98203927],
        ...,
        [-0.88498039, -0.89683183, -0.94908644, ...,  0.        ,
          0.09397571,  0.13028744],
        [-0.92482165, -0.93443508, -0.97449007, ..., -0.09397571,
          0.        ,  0.03653617],
        [-0.93810257, -0.94682294, -0.98203927, ..., -0.13028744,
         -0.03653617,  0.        ]]]), 'num': array([ 7.06121491e-01,  7.06121491e-01,  0.00000000e+00,  1.89847576e-02,
        1.91705791e-02,  1.89228171e-02,  6.35986283e-03, -6.19404816e-05,
        1.86626671e-02,  1.80122921e-02,  1.82868949e-02,  3.76273954e-06,
        1.91055723e-02,  1.69190119e-02])}
{'img': array([[[ 0.        , -0.69336325, -0.02144857, ...,  0.79715624,
          0.8994923 ,  0.88562204],
        [ 0.69336325,  0.        ,  0.67774815, ...,  0.99305547,
          0.95111936,  0.96017137],
        [ 0.02144857, -0.67774815,  0.        , ...,  0.80992292,
          0.90865704,  0.89537917],
        ...,
        [-0.79715624, -0.99305547, -0.80992292, ...,  0.        ,
          0.1947825 ,  0.16451004],
        [-0.8994923 , -0.95111936, -0.90865704, ..., -0.1947825 ,
          0.        , -0.03076957],
        [-0.88562204, -0.96017137, -0.89537917, ..., -0.16451004,
          0.03076957,  0.        ]],

       [[ 0.        , -0.87095269, -0.70555479, ..., -0.8738461 ,
         -0.65788356, -0.89331281],
        [ 0.87095269,  0.        ,  0.27051905, ..., -0.00591955,
          0.3326694 , -0.04750732],
        [ 0.70555479, -0.27051905,  0.        , ..., -0.27621314,
          0.06515446, -0.3159496 ],
        ...,
        [ 0.8738461 ,  0.00591955,  0.27621314, ...,  0.        ,
          0.33824596, -0.04159363],
        [ 0.65788356, -0.3326694 , -0.06515446, ..., -0.33824596,
          0.        , -0.37709525],
        [ 0.89331281,  0.04750732,  0.3159496 , ...,  0.04159363,
          0.37709525,  0.        ]],

       [[ 0.        , -0.23428644, -0.31707209, ...,  0.74105102,
          0.8564389 ,  0.92671813],
        [ 0.23428644,  0.        , -0.08604961, ...,  0.87773713,
          0.95355216,  0.98896018],
        [ 0.31707209,  0.08604961,  0.        , ...,  0.9157115 ,
          0.97593584,  0.99804294],
        ...,
        [-0.74105102, -0.87773713, -0.9157115 , ...,  0.        ,
          0.19248841,  0.34378842],
        [-0.8564389 , -0.95355216, -0.97593584, ..., -0.19248841,
          0.        ,  0.15660363],
        [-0.92671813, -0.98896018, -0.99804294, ..., -0.34378842,
         -0.15660363,  0.        ]],

       ...,

       [[ 0.        , -0.11830978, -0.01917533, ...,  0.42216008,
          0.46910296,  0.3707082 ],
        [ 0.11830978,  0.        ,  0.09924737, ...,  0.52644548,
          0.57029284,  0.47798475],
        [ 0.01917533, -0.09924737,  0.        , ...,  0.43946531,
          0.48595128,  0.38844912],
        ...,
        [-0.42216008, -0.52644548, -0.43946531, ...,  0.        ,
          0.0524239 , -0.05602605],
        [-0.46910296, -0.57029284, -0.48595128, ..., -0.0524239 ,
          0.        , -0.10829056],
        [-0.3707082 , -0.47798475, -0.38844912, ...,  0.05602605,
          0.10829056,  0.        ]],

       [[ 0.        , -0.03760925, -0.2016979 , ...,  0.8026143 ,
          0.78423102,  0.8367043 ],
        [ 0.03760925,  0.        , -0.1647189 , ...,  0.82448032,
          0.80701156,  0.85670924],
        [ 0.2016979 ,  0.1647189 ,  0.        , ...,  0.90643126,
          0.89326061,  0.92996902],
        ...,
        [-0.8026143 , -0.82448032, -0.90643126, ...,  0.        ,
         -0.03020473,  0.05953707],
        [-0.78423102, -0.80701156, -0.89326061, ...,  0.03020473,
          0.        ,  0.08966106],
        [-0.8367043 , -0.85670924, -0.92996902, ..., -0.05953707,
         -0.08966106,  0.        ]],

       [[ 0.        , -0.13733274, -0.16224126, ...,  0.93443508,
          0.94682294,  0.92287484],
        [ 0.13733274,  0.        , -0.02519078, ...,  0.97449007,
          0.98203927,  0.96701742],
        [ 0.16224126,  0.02519078,  0.        , ...,  0.97983441,
          0.98648054,  0.97312689],
        ...,
        [-0.93443508, -0.97449007, -0.97983441, ...,  0.        ,
          0.03653617, -0.03118432],
        [-0.94682294, -0.98203927, -0.98648054, ..., -0.03653617,
          0.        , -0.0676819 ],
        [-0.92287484, -0.96701742, -0.97312689, ...,  0.03118432,
          0.0676819 ,  0.        ]]]), 'num': array([ 7.84430516e-01,  6.17437204e-01,  5.52044004e-07,  2.08741639e-02,
        2.13572024e-02,  2.05981419e-02,  7.23715888e-03, -2.76022002e-04,
        2.09569705e-02,  2.01047526e-02,  2.04072267e-02,  3.84720932e-06,
        2.13726711e-02,  1.88368340e-02])}
{'img': array([[[ 0.        ,  0.67774815,  0.33791545, ...,  0.95111936,
          0.96017137,  0.98682936],
        [-0.67774815,  0.        , -0.38941337, ...,  0.90865704,
          0.89537917,  0.83524555],
        [-0.33791545,  0.38941337,  0.        , ...,  0.9995274 ,
          0.99810826,  0.98344336],
        ...,
        [-0.95111936, -0.90865704, -0.9995274 , ...,  0.        ,
         -0.03076957, -0.15089858],
        [-0.96017137, -0.89537917, -0.99810826, ...,  0.03076957,
          0.        , -0.12040989],
        [-0.98682936, -0.83524555, -0.98344336, ...,  0.15089858,
          0.12040989,  0.        ]],

       [[ 0.        ,  0.27051905,  0.17446869, ...,  0.3326694 ,
         -0.04750732, -0.02371602],
        [-0.27051905,  0.        , -0.09840647, ...,  0.06515446,
         -0.3159496 , -0.29327472],
        [-0.17446869,  0.09840647,  0.        , ...,  0.16303559,
         -0.22105038, -0.1977719 ],
        ...,
        [-0.3326694 , -0.06515446, -0.16303559, ...,  0.        ,
         -0.37709525, -0.35494107],
        [ 0.04750732,  0.3159496 ,  0.22105038, ...,  0.37709525,
          0.        ,  0.02380472],
        [ 0.02371602,  0.29327472,  0.1977719 , ...,  0.35494107,
         -0.02380472,  0.        ]],

       [[ 0.        , -0.08604961, -0.2605398 , ...,  0.95355216,
          0.98896018,  0.99737541],
        [ 0.08604961,  0.        , -0.17649569, ...,  0.97593584,
          0.99804294,  0.99990631],
        [ 0.2605398 ,  0.17649569,  0.        , ...,  0.9991013 ,
          0.99341175,  0.9817932 ],
        ...,
        [-0.95355216, -0.97593584, -0.9991013 , ...,  0.        ,
          0.15660363,  0.23139666],
        [-0.98896018, -0.99804294, -0.99341175, ..., -0.15660363,
          0.        ,  0.07618825],
        [-0.99737541, -0.99990631, -0.9817932 , ..., -0.23139666,
         -0.07618825,  0.        ]],

       ...,

       [[ 0.        ,  0.09924737,  0.08559424, ...,  0.57029284,
          0.47798475,  0.3183299 ],
        [-0.09924737,  0.        , -0.0137115 , ...,  0.48595128,
          0.38844912,  0.22267372],
        [-0.08559424,  0.0137115 ,  0.        , ...,  0.49788925,
          0.40104733,  0.23602003],
        ...,
        [-0.57029284, -0.48595128, -0.49788925, ...,  0.        ,
         -0.10829056, -0.27913682],
        [-0.47798475, -0.38844912, -0.40104733, ...,  0.10829056,
          0.        , -0.17350914],
        [-0.3183299 , -0.22267372, -0.23602003, ...,  0.27913682,
          0.17350914,  0.        ]],

       [[ 0.        , -0.1647189 , -0.11959874, ...,  0.80701156,
          0.85670924,  0.88320479],
        [ 0.1647189 ,  0.        ,  0.04557152, ...,  0.89326061,
          0.92996902,  0.94839181],
        [ 0.11959874, -0.04557152,  0.        , ...,  0.8718464 ,
          0.91224904,  0.93295574],
        ...,
        [-0.80701156, -0.89326061, -0.8718464 , ...,  0.        ,
          0.08966106,  0.14308555],
        [-0.85670924, -0.92996902, -0.91224904, ..., -0.08966106,
          0.        ,  0.05377077],
        [-0.88320479, -0.94839181, -0.93295574, ..., -0.14308555,
         -0.05377077,  0.        ]],

       [[ 0.        , -0.02519078, -0.03999464, ...,  0.98203927,
          0.96701742,  0.96334132],
        [ 0.02519078,  0.        , -0.01481132, ...,  0.98648054,
          0.97312689,  0.96979376],
        [ 0.03999464,  0.01481132,  0.        , ...,  0.98879959,
          0.97643075,  0.97330025],
        ...,
        [-0.98203927, -0.98648054, -0.98879959, ...,  0.        ,
         -0.0676819 , -0.08170032],
        [-0.96701742, -0.97312689, -0.97643075, ...,  0.0676819 ,
          0.        , -0.01405734],
        [-0.96334132, -0.96979376, -0.97330025, ...,  0.08170032,
          0.01405734,  0.        ]]]), 'num': array([ 7.83687819e-01,  6.18375756e-01,  5.52883153e-07,  2.06640079e-02,
        2.10095598e-02,  2.03875663e-02,  8.83935763e-03, -2.41886380e-04,
        2.09611825e-02,  2.01698685e-02,  2.04797135e-02,  3.78604768e-06,
        2.14576420e-02,  1.88820950e-02])}
{'img': array([[[ 0.        , -0.61583035,  0.02422785, ...,  0.91991723,
          0.86449596,  0.80617849],
        [ 0.61583035,  0.        ,  0.63473818, ...,  0.96625811,
          0.99065885,  0.99954076],
        [-0.02422785, -0.63473818,  0.        , ...,  0.91014716,
          0.85206432,  0.79160689],
        ...,
        [-0.91991723, -0.96625811, -0.91014716, ...,  0.        ,
         -0.12340723, -0.22817692],
        [-0.86449596, -0.99065885, -0.85206432, ...,  0.12340723,
          0.        , -0.10628105],
        [-0.80617849, -0.99954076, -0.79160689, ...,  0.22817692,
          0.10628105,  0.        ]],

       [[ 0.        , -0.09840647, -0.06393116, ..., -0.3159496 ,
         -0.29327472, -0.06878167],
        [ 0.09840647,  0.        ,  0.0345843 , ..., -0.22105038,
         -0.1977719 ,  0.02972559],
        [ 0.06393116, -0.0345843 ,  0.        , ..., -0.25464692,
         -0.23155478, -0.00486121],
        ...,
        [ 0.3159496 ,  0.22105038,  0.25464692, ...,  0.        ,
          0.02380472,  0.24994295],
        [ 0.29327472,  0.1977719 ,  0.23155478, ..., -0.02380472,
          0.        ,  0.22682295],
        [ 0.06878167, -0.02972559,  0.00486121, ..., -0.24994295,
         -0.22682295,  0.        ]],

       [[ 0.        , -0.17649569,  0.27123987, ...,  0.99804294,
          0.99990631,  0.99999958],
        [ 0.17649569,  0.        ,  0.43686096, ...,  0.99341175,
          0.9817932 ,  0.98413991],
        [-0.27123987, -0.43686096,  0.        , ...,  0.94366685,
          0.96613451,  0.96275896],
        ...,
        [-0.99804294, -0.99341175, -0.94366685, ...,  0.        ,
          0.07618825,  0.06344319],
        [-0.99990631, -0.9817932 , -0.96613451, ..., -0.07618825,
          0.        , -0.01277598],
        [-0.99999958, -0.98413991, -0.96275896, ..., -0.06344319,
          0.01277598,  0.        ]],

       ...,

       [[ 0.        , -0.0137115 , -0.09679202, ...,  0.38844912,
          0.22267372,  0.19085737],
        [ 0.0137115 ,  0.        , -0.08313581, ...,  0.40104733,
          0.23602003,  0.20429888],
        [ 0.09679202,  0.08313581,  0.        , ...,  0.47581617,
          0.31599006,  0.284974  ],
        ...,
        [-0.38844912, -0.40104733, -0.47581617, ...,  0.        ,
         -0.17350914, -0.20543918],
        [-0.22267372, -0.23602003, -0.31599006, ...,  0.17350914,
          0.        , -0.03251496],
        [-0.19085737, -0.20429888, -0.284974  , ...,  0.20543918,
          0.03251496,  0.        ]],

       [[ 0.        ,  0.04557152, -0.01448326, ...,  0.92996902,
          0.94839181,  0.95794606],
        [-0.04557152,  0.        , -0.06003496, ...,  0.91224904,
          0.93295574,  0.94387416],
        [ 0.01448326,  0.06003496,  0.        , ...,  0.93519607,
          0.95288499,  0.96200153],
        ...,
        [-0.92996902, -0.91224904, -0.93519607, ...,  0.        ,
          0.05377077,  0.08532423],
        [-0.94839181, -0.93295574, -0.95288499, ..., -0.05377077,
          0.        ,  0.03162611],
        [-0.95794606, -0.94387416, -0.96200153, ..., -0.08532423,
         -0.03162611,  0.        ]],

       [[ 0.        , -0.01481132,  0.06016869, ...,  0.97312689,
          0.96979376,  0.97436681],
        [ 0.01481132,  0.        ,  0.07494657, ...,  0.97643075,
          0.97330025,  0.97759196],
        [-0.06016869, -0.07494657,  0.        , ...,  0.95750879,
          0.95335999,  0.95906562],
        ...,
        [-0.97312689, -0.97643075, -0.95750879, ...,  0.        ,
         -0.01405734,  0.00544734],
        [-0.96979376, -0.97330025, -0.95335999, ...,  0.01405734,
          0.        ,  0.01950394],
        [-0.97436681, -0.97759196, -0.95906562, ..., -0.00544734,
         -0.01950394,  0.        ]]]), 'num': array([ 7.83598415e-01,  6.18523392e-01,  5.53015152e-07,  2.06343779e-02,
        2.09454489e-02,  2.05652510e-02,  5.32214870e-03, -3.45634470e-05,
        2.09316235e-02,  2.02006066e-02,  2.05151340e-02,  3.95908575e-06,
        2.15036944e-02,  1.88975188e-02])}
{'img': array([[[ 0.        ,  0.63473818,  0.        , ...,  0.99065885,
          0.99954076,  0.99988521],
        [-0.63473818,  0.        , -0.63473818, ...,  0.85206432,
          0.79160689,  0.78225582],
        [ 0.        ,  0.63473818,  0.        , ...,  0.99065885,
          0.99954076,  0.99988521],
        ...,
        [-0.99065885, -0.85206432, -0.99065885, ...,  0.        ,
         -0.10628105, -0.121338  ],
        [-0.99954076, -0.79160689, -0.99954076, ...,  0.10628105,
          0.        , -0.01515499],
        [-0.99988521, -0.78225582, -0.99988521, ...,  0.121338  ,
          0.01515499,  0.        ]],

       [[ 0.        ,  0.0345843 , -0.07019674, ..., -0.1977719 ,
          0.02972559, -0.52482607],
        [-0.0345843 ,  0.        , -0.10465373, ..., -0.23155478,
         -0.00486121, -0.55395059],
        [ 0.07019674,  0.10465373,  0.        , ..., -0.12847381,
          0.09981798, -0.46377928],
        ...,
        [ 0.1977719 ,  0.23155478,  0.12847381, ...,  0.        ,
          0.22682295, -0.34611442],
        [-0.02972559,  0.00486121, -0.09981798, ..., -0.22682295,
          0.        , -0.54989685],
        [ 0.52482607,  0.55395059,  0.46377928, ...,  0.34611442,
          0.54989685,  0.        ]],

       [[ 0.        ,  0.43686096,  0.32233753, ...,  0.9817932 ,
          0.98413991,  0.98684071],
        [-0.43686096,  0.        , -0.12359146, ...,  0.96613451,
          0.96275896,  0.95833031],
        [-0.32233753,  0.12359146,  0.        , ...,  0.99061875,
          0.988792  ,  0.9862884 ],
        ...,
        [-0.9817932 , -0.96613451, -0.99061875, ...,  0.        ,
         -0.01277598, -0.02870177],
        [-0.98413991, -0.96275896, -0.988792  , ...,  0.01277598,
          0.        , -0.01592871],
        [-0.98684071, -0.95833031, -0.9862884 , ...,  0.02870177,
          0.01592871,  0.        ]],

       ...,

       [[ 0.        , -0.08313581, -0.13475796, ...,  0.23602003,
          0.20429888,  0.28595816],
        [ 0.08313581,  0.        , -0.05191397, ...,  0.31599006,
          0.284974  ,  0.36463247],
        [ 0.13475796,  0.05191397,  0.        , ...,  0.36481799,
          0.3343511 ,  0.41248056],
        ...,
        [-0.23602003, -0.31599006, -0.36481799, ...,  0.        ,
         -0.03251496,  0.05171499],
        [-0.20429888, -0.284974  , -0.3343511 , ...,  0.03251496,
          0.        ,  0.0841591 ],
        [-0.28595816, -0.36463247, -0.41248056, ..., -0.05171499,
         -0.0841591 ,  0.        ]],

       [[ 0.        , -0.06003496,  0.0212414 , ...,  0.93295574,
          0.94387416,  0.95167181],
        [ 0.06003496,  0.        ,  0.0812245 , ...,  0.95288499,
          0.96200153,  0.968393  ],
        [-0.0212414 , -0.0812245 ,  0.        , ...,  0.92509852,
          0.93664505,  0.9449335 ],
        ...,
        [-0.93295574, -0.95288499, -0.92509852, ...,  0.        ,
          0.03162611,  0.05606695],
        [-0.94387416, -0.96200153, -0.93664505, ..., -0.03162611,
          0.        ,  0.02446254],
        [-0.95167181, -0.968393  , -0.9449335 , ..., -0.05606695,
         -0.02446254,  0.        ]],

       [[ 0.        ,  0.07494657,  0.04719399, ...,  0.97330025,
          0.97759196,  0.98023054],
        [-0.07494657,  0.        , -0.02780181, ...,  0.95335999,
          0.95906562,  0.96264485],
        [-0.04719399,  0.02780181,  0.        , ...,  0.96138305,
          0.96656793,  0.96980056],
        ...,
        [-0.97330025, -0.95335999, -0.96138305, ...,  0.        ,
          0.01950394,  0.03242186],
        [-0.97759196, -0.95906562, -0.96656793, ..., -0.01950394,
          0.        ,  0.01292201],
        [-0.98023054, -0.96264485, -0.96980056, ..., -0.03242186,
         -0.01292201,  0.        ]]]), 'num': array([ 7.63209971e-01,  6.43636729e-01,  4.04647181e-07,  1.99288736e-02,
        2.01649178e-02,  1.96928295e-02,  8.17542420e-03, -2.02323590e-04,
        2.02593355e-02,  1.97332942e-02,  2.00491438e-02,  3.75999593e-06,
        2.10010452e-02,  1.84655432e-02])}
{'img': array([[[ 0.        , -0.63473818, -0.22109048, ...,  0.79160689,
          0.78225582,  0.72242043],
        [ 0.63473818,  0.        ,  0.44818786, ...,  0.99954076,
          0.99988521,  0.99712627],
        [ 0.22109048, -0.44818786,  0.        , ...,  0.90711031,
          0.9006275 ,  0.85741682],
        ...,
        [-0.79160689, -0.99954076, -0.90711031, ...,  0.        ,
         -0.01515499, -0.10593873],
        [-0.78225582, -0.99988521, -0.9006275 , ...,  0.01515499,
          0.        , -0.09085685],
        [-0.72242043, -0.99712627, -0.85741682, ...,  0.10593873,
          0.09085685,  0.        ]],

       [[ 0.        , -0.10465373, -0.24248205, ..., -0.00486121,
         -0.55395059, -0.06814244],
        [ 0.10465373,  0.        , -0.13962008, ...,  0.09981798,
         -0.46377928,  0.03664222],
        [ 0.24248205,  0.13962008,  0.        , ...,  0.23776306,
         -0.33554011,  0.17580964],
        ...,
        [ 0.00486121, -0.09981798, -0.23776306, ...,  0.        ,
         -0.54989685, -0.06329173],
        [ 0.55395059,  0.46377928,  0.33554011, ...,  0.54989685,
          0.        ,  0.49593103],
        [ 0.06814244, -0.03664222, -0.17580964, ...,  0.06329173,
         -0.49593103,  0.        ]],

       [[ 0.        , -0.30729934, -0.04514659, ...,  0.98771806,
          0.98503914,  0.96865833],
        [ 0.30729934,  0.        ,  0.26402393, ...,  0.98793976,
          0.99033309,  0.99811998],
        [ 0.04514659, -0.26402393,  0.        , ...,  0.99376496,
          0.99181491,  0.97888493],
        ...,
        [-0.98771806, -0.98793976, -0.99376496, ...,  0.        ,
         -0.01630509, -0.09399646],
        [-0.98503914, -0.99033309, -0.99181491, ...,  0.01630509,
          0.        , -0.07775107],
        [-0.96865833, -0.99811998, -0.97888493, ...,  0.09399646,
          0.07775107,  0.        ]],

       ...,

       [[ 0.        , -0.05191397, -0.08402835, ...,  0.284974  ,
          0.36463247,  0.31599006],
        [ 0.05191397,  0.        , -0.03218467, ...,  0.3343511 ,
          0.41248056,  0.36481799],
        [ 0.08402835,  0.03218467,  0.        , ...,  0.36451029,
          0.44158603,  0.39459546],
        ...,
        [-0.284974  , -0.3343511 , -0.36451029, ...,  0.        ,
          0.0841591 ,  0.03251496],
        [-0.36463247, -0.41248056, -0.44158603, ..., -0.0841591 ,
          0.        , -0.05171499],
        [-0.31599006, -0.36481799, -0.39459546, ..., -0.03251496,
          0.05171499,  0.        ]],

       [[ 0.        ,  0.0812245 ,  0.01122802, ...,  0.96200153,
          0.968393  ,  0.97161238],
        [-0.0812245 ,  0.        , -0.07002846, ...,  0.93664505,
          0.9449335 ,  0.94918604],
        [-0.01122802,  0.07002846,  0.        , ...,  0.95887515,
          0.96553136,  0.96889483],
        ...,
        [-0.96200153, -0.93664505, -0.95887515, ...,  0.        ,
          0.02446254,  0.0377041 ],
        [-0.968393  , -0.9449335 , -0.96553136, ..., -0.02446254,
          0.        ,  0.01324768],
        [-0.97161238, -0.94918604, -0.96889483, ..., -0.0377041 ,
         -0.01324768,  0.        ]],

       [[ 0.        , -0.02780181, -0.07039982, ...,  0.95906562,
          0.96264485,  0.97165506],
        [ 0.02780181,  0.        , -0.04263978, ...,  0.96656793,
          0.96980056,  0.9778519 ],
        [ 0.07039982,  0.04263978,  0.        , ...,  0.97662214,
          0.97931835,  0.98588698],
        ...,
        [-0.95906562, -0.96656793, -0.97662214, ...,  0.        ,
          0.01292201,  0.04843095],
        [-0.96264485, -0.96980056, -0.97931835, ..., -0.01292201,
          0.        ,  0.03552006],
        [-0.97165506, -0.9778519 , -0.98588698, ..., -0.04843095,
         -0.03552006,  0.        ]]]), 'num': array([9.43573238e-01, 3.23634748e-01, 2.05959631e-06, 2.47975396e-02,
       2.48387315e-02, 2.43856203e-02, 1.18465508e-02, 4.53111188e-04,
       2.46574870e-02, 2.41405283e-02, 2.45304786e-02, 5.64481951e-06,
       2.57182329e-02, 2.25628238e-02])}
{'img': array([[[ 0.        ,  0.44818786,  0.75863562, ...,  0.99988521,
          0.99712627,  0.9958592 ],
        [-0.44818786,  0.        ,  0.38617309, ...,  0.9006275 ,
          0.85741682,  0.93098212],
        [-0.75863562, -0.38617309,  0.        , ...,  0.66293484,
          0.59217047,  0.71778423],
        ...,
        [-0.99988521, -0.9006275 , -0.66293484, ...,  0.        ,
         -0.09085685,  0.07580988],
        [-0.99712627, -0.85741682, -0.59217047, ...,  0.09085685,
          0.        ,  0.16609172],
        [-0.9958592 , -0.93098212, -0.71778423, ..., -0.07580988,
         -0.16609172,  0.        ]],

       [[ 0.        , -0.13962008,  0.58832488, ..., -0.46377928,
          0.03664222,  0.24184565],
        [ 0.13962008,  0.        ,  0.69546257, ..., -0.33554011,
          0.17580964,  0.37495223],
        [-0.58832488, -0.69546257,  0.        , ..., -0.89625025,
         -0.55829999, -0.37529795],
        ...,
        [ 0.46377928,  0.33554011,  0.89625025, ...,  0.        ,
          0.49593103,  0.66427521],
        [-0.03664222, -0.17580964,  0.55829999, ..., -0.49593103,
          0.        ,  0.20612875],
        [-0.24184565, -0.37495223,  0.37529795, ..., -0.66427521,
         -0.20612875,  0.        ]],

       [[ 0.        ,  0.26402393,  0.35336939, ...,  0.99033309,
          0.99811998,  0.99966696],
        [-0.26402393,  0.        ,  0.09384035, ...,  0.99181491,
          0.97888493,  0.97100843],
        [-0.35336939, -0.09384035,  0.        , ...,  0.97545639,
          0.95538327,  0.94429153],
        ...,
        [-0.99033309, -0.99181491, -0.97545639, ...,  0.        ,
         -0.07775107, -0.1131065 ],
        [-0.99811998, -0.97888493, -0.95538327, ...,  0.07775107,
          0.        , -0.03551198],
        [-0.99966696, -0.97100843, -0.94429153, ...,  0.1131065 ,
          0.03551198,  0.        ]],

       ...,

       [[ 0.        , -0.03218467, -0.03218467, ...,  0.41248056,
          0.36481799,  0.7593717 ],
        [ 0.03218467,  0.        ,  0.        , ...,  0.44158603,
          0.39459546,  0.77991948],
        [ 0.03218467,  0.        ,  0.        , ...,  0.44158603,
          0.39459546,  0.77991948],
        ...,
        [-0.41248056, -0.44158603, -0.44158603, ...,  0.        ,
         -0.05171499,  0.42337871],
        [-0.36481799, -0.39459546, -0.39459546, ...,  0.05171499,
          0.        ,  0.46966353],
        [-0.7593717 , -0.77991948, -0.77991948, ..., -0.42337871,
         -0.46966353,  0.        ]],

       [[ 0.        , -0.08044851,  0.05622805, ...,  0.94517472,
          0.94941818,  0.95892512],
        [ 0.08044851,  0.        ,  0.13636704, ...,  0.96838286,
          0.97160289,  0.97863699],
        [-0.05622805, -0.13636704,  0.        , ...,  0.92531729,
          0.93025973,  0.94145844],
        ...,
        [-0.94517472, -0.96838286, -0.92531729, ...,  0.        ,
          0.01324823,  0.04504383],
        [-0.94941818, -0.97160289, -0.93025973, ..., -0.01324823,
          0.        ,  0.0318051 ],
        [-0.95892512, -0.97863699, -0.94145844, ..., -0.04504383,
         -0.0318051 ,  0.        ]],

       [[ 0.        , -0.04263978, -0.02043452, ...,  0.96980056,
          0.9778519 ,  0.97910584],
        [ 0.04263978,  0.        ,  0.02221494, ...,  0.97931835,
          0.98588698,  0.98688621],
        [ 0.02043452, -0.02221494,  0.        , ...,  0.97458203,
          0.98192463,  0.98305679],
        ...,
        [-0.96980056, -0.97931835, -0.97458203, ...,  0.        ,
          0.03552006,  0.04159303],
        [-0.9778519 , -0.98588698, -0.98192463, ..., -0.03552006,
          0.        ,  0.00607746],
        [-0.97910584, -0.98688621, -0.98305679, ..., -0.04159303,
         -0.00607746,  0.        ]]]), 'num': array([9.95861461e-01, 5.30579409e-02, 3.09623488e-06, 2.61889867e-02,
       2.64900095e-02, 2.55869410e-02, 1.27237192e-02, 3.01022835e-04,
       2.57761553e-02, 2.52429149e-02, 2.56657803e-02, 6.57219667e-06,
       2.69444535e-02, 2.35413763e-02])}
{'img': array([[[ 0.        ,  0.66817962,  0.83384411, ...,  0.99070884,
          0.99919968,  0.98838049],
        [-0.66817962,  0.        ,  0.25154487, ...,  0.64621495,
          0.77013175,  0.83691839],
        [-0.83384411, -0.25154487,  0.        , ...,  0.43346848,
          0.58491199,  0.67233034],
        ...,
        [-0.99070884, -0.64621495, -0.43346848, ...,  0.        ,
          0.17551951,  0.28500749],
        [-0.99919968, -0.77013175, -0.58491199, ..., -0.17551951,
          0.        ,  0.11234313],
        [-0.98838049, -0.83691839, -0.67233034, ..., -0.28500749,
         -0.11234313,  0.        ]],

       [[ 0.        ,  0.69546257,  0.766261  , ...,  0.17580964,
          0.37495223,  0.40853854],
        [-0.69546257,  0.        ,  0.10375112, ..., -0.55829999,
         -0.37529795, -0.34121684],
        [-0.766261  , -0.10375112,  0.        , ..., -0.64136299,
         -0.46943992, -0.43689985],
        ...,
        [-0.17580964,  0.55829999,  0.64136299, ...,  0.        ,
          0.20612875,  0.24170654],
        [-0.37495223,  0.37529795,  0.46943992, ..., -0.20612875,
          0.        ,  0.03649896],
        [-0.40853854,  0.34121684,  0.43689985, ..., -0.24170654,
         -0.03649896,  0.        ]],

       [[ 0.        ,  0.24132904,  0.51780145, ...,  0.99901672,
          0.9999663 ,  0.99977214],
        [-0.24132904,  0.        ,  0.29603979, ...,  0.98018845,
          0.972392  ,  0.97537375],
        [-0.51780145, -0.29603979,  0.        , ...,  0.87761634,
          0.85972323,  0.86635912],
        ...,
        [-0.99901672, -0.98018845, -0.87761634, ...,  0.        ,
         -0.03613137, -0.02299939],
        [-0.9999663 , -0.972392  , -0.85972323, ...,  0.03613137,
          0.        ,  0.01313744],
        [-0.99977214, -0.97537375, -0.86635912, ...,  0.02299939,
         -0.01313744,  0.        ]],

       ...,

       [[ 0.        ,  0.        ,  0.03218467, ...,  0.39459546,
          0.77991948,  0.99194785],
        [ 0.        ,  0.        ,  0.03218467, ...,  0.39459546,
          0.77991948,  0.99194785],
        [-0.03218467, -0.03218467,  0.        , ...,  0.36481799,
          0.7593717 ,  0.98735787],
        ...,
        [-0.39459546, -0.39459546, -0.36481799, ...,  0.        ,
          0.46966353,  0.86148186],
        [-0.77991948, -0.77991948, -0.7593717 , ..., -0.46966353,
          0.        ,  0.52206571],
        [-0.99194785, -0.99194785, -0.98735787, ..., -0.86148186,
         -0.52206571,  0.        ]],

       [[ 0.        ,  0.13636704,  0.27837637, ...,  0.97160289,
          0.97863699,  0.98688968],
        [-0.13636704,  0.        ,  0.14479916, ...,  0.93025973,
          0.94145844,  0.95566139],
        [-0.27837637, -0.14479916,  0.        , ...,  0.86732873,
          0.88272047,  0.90295105],
        ...,
        [-0.97160289, -0.93025973, -0.86732873, ...,  0.        ,
          0.0318051 ,  0.07670221],
        [-0.97863699, -0.94145844, -0.88272047, ..., -0.0318051 ,
          0.        ,  0.044952  ],
        [-0.98688968, -0.95566139, -0.90295105, ..., -0.07670221,
         -0.044952  ,  0.        ]],

       [[ 0.        ,  0.02221494,  0.02659584, ...,  0.98588698,
          0.98688621,  0.98465559],
        [-0.02221494,  0.        ,  0.00438219, ...,  0.98192463,
          0.98305679,  0.98053589],
        [-0.02659584, -0.00438219,  0.        , ...,  0.98108577,
          0.98224409,  0.97966607],
        ...,
        [-0.98588698, -0.98192463, -0.98108577, ...,  0.        ,
          0.00607746, -0.00720268],
        [-0.98688621, -0.98305679, -0.98224409, ..., -0.00607746,
          0.        , -0.01327984],
        [-0.98465559, -0.98053589, -0.97966607, ...,  0.00720268,
          0.01327984,  0.        ]]]), 'num': array([ 9.95774471e-01,  5.37214076e-02,  3.13495196e-06,  2.61681407e-02,
        2.69083377e-02,  2.61681407e-02,  1.11570328e-02, -3.48327995e-04,
        2.61245997e-02,  2.55781601e-02,  2.60331636e-02,  6.14239099e-06,
        2.73192503e-02,  2.38370699e-02])}
{'img': array([[[ 0.        ,  0.62600815,  0.57732597, ...,  0.9948948 ,
          0.99962117,  0.99286233],
        [-0.62600815,  0.        , -0.06093594, ...,  0.71266026,
          0.79675068,  0.69958892],
        [-0.57732597,  0.06093594,  0.        , ...,  0.75408305,
          0.83209415,  0.74183037],
        ...,
        [-0.9948948 , -0.71266026, -0.75408305, ...,  0.        ,
          0.12826163, -0.01846006],
        [-0.99962117, -0.79675068, -0.83209415, ..., -0.12826163,
          0.        , -0.14654736],
        [-0.99286233, -0.69958892, -0.74183037, ...,  0.01846006,
          0.14654736,  0.        ]],

       [[ 0.        ,  0.10375112, -0.47816002, ..., -0.37529795,
         -0.34121684, -0.50290508],
