state_0,state_1,state_2,state_3,state_4,state_5,state_6,state_7,state_8,state_9,state_10,state_11,state_12,state_13,state_14,state_15,state_16,state_17,state_18,state_19,state_20,state_21,state_22,state_23,state_24,state_25,state_26,state_27,state_28,state_29,state_30,state_31,state_32,state_33,state_34,state_35,state_36,state_37,state_38,state_39,state_40,state_41,state_42,state_43,state_44,state_45,state_46,state_47,state_48,state_49,state_50,state_51,state_52,state_53,state_54,state_55,state_56,state_57,state_58,state_59,state_60,state_61,state_62,state_63,state_64,state_65,state_66,state_67,state_68,state_69,state_70,state_71,state_72,state_73,state_74,state_75,state_76,state_77,state_78,state_79,state_80,state_81,state_82,state_83,state_84,state_85,state_86,state_87,state_88,state_89,state_90,state_91,state_92,state_93,state_94,state_95,state_96,state_97,state_98,state_99,state_100,state_101,state_102,state_103,state_104,state_105,state_106,state_107,state_108,state_109,state_110,state_111,state_112,state_113,state_114,state_115,state_116,state_117,state_118,state_119,state_120,state_121,state_122,state_123,state_124,state_125,state_126,state_127,state_128,state_129,state_130,state_131,state_132,state_133,state_134,state_135,state_136,state_137,state_138,state_139,state_140,state_141,state_142,state_143,state_144,state_145,state_146,state_147,state_148,state_149,state_150,state_151,state_152,state_153,state_154,state_155,state_156,state_157,state_158,state_159,state_160,state_161,state_162,state_163,state_164,state_165,state_166,state_167,state_168,state_169,state_170,state_171,state_172,state_173,state_174,state_175,state_176,state_177,state_178,state_179,state_180,state_181,state_182,state_183,state_184,state_185,state_186,state_187,state_188,state_189,state_190,state_191,state_192,state_193,state_194,state_195,state_196,state_197,state_198,state_199,state_200,state_201,state_202,state_203,state_204,state_205,state_206,state_207,state_208,state_209,state_210,state_211,state_212,state_213,state_214,state_215,state_216,state_217,state_218,state_219,state_220,state_221,state_222,state_223,state_224,state_225,state_226,state_227,state_228,state_229,state_230,state_231,state_232,state_233,state_234,state_235,state_236,state_237,state_238,state_239,state_240,state_241,state_242,state_243,state_244,state_245,state_246,state_247,state_248,state_249,state_250,state_251,state_252,state_253,state_254,state_255,state_256,state_257,state_258,state_259,state_260,state_261,state_262,state_263,state_264,state_265,state_266,state_267,state_268,state_269,state_270,state_271,state_272,state_273,state_274,state_275,state_276,state_277,state_278,state_279,state_280,state_281,state_282,state_283,state_284,state_285,state_286,state_287
{'img': array([[[ 0.        ,  0.6013377 ,  0.73470018, ...,  0.61446418,
          0.75276315,  0.81611506],
        [-0.6013377 ,  0.        ,  0.17907909, ...,  0.01653158,
          0.2055985 ,  0.30456512],
        [-0.73470018, -0.17907909,  0.        , ..., -0.16279027,
          0.02702162,  0.12907041],
        ...,
        [-0.61446418, -0.01653158,  0.16279027, ...,  0.        ,
          0.189392  ,  0.28877731],
        [-0.75276315, -0.2055985 , -0.02702162, ..., -0.189392  ,
          0.        ,  0.10222769],
        [-0.81611506, -0.30456512, -0.12907041, ..., -0.28877731,
         -0.10222769,  0.        ]],

       [[ 0.        ,  0.20736546,  0.34826736, ..., -0.34198898,
         -0.20872787, -0.53363081],
        [-0.20736546,  0.        ,  0.14631387, ..., -0.5294175 ,
         -0.40698884, -0.69740417],
        [-0.34826736, -0.14631387,  0.        , ..., -0.64784707,
         -0.53625685, -0.7947588 ],
        ...,
        [ 0.34198898,  0.5294175 ,  0.64784707, ...,  0.        ,
          0.13831385, -0.2122289 ],
        [ 0.20872787,  0.40698884,  0.53625685, ..., -0.13831385,
          0.        , -0.34535211],
        [ 0.53363081,  0.69740417,  0.7947588 , ...,  0.2122289 ,
          0.34535211,  0.        ]],

       [[ 0.        ,  0.43710953,  0.60935255, ...,  0.91547851,
          0.8808622 ,  0.86083999],
        [-0.43710953,  0.        ,  0.20147284, ...,  0.64751057,
          0.585339  ,  0.55181218],
        [-0.60935255, -0.20147284,  0.        , ...,  0.4806991 ,
          0.4099842 ,  0.37247479],
        ...,
        [-0.91547851, -0.64751057, -0.4806991 , ...,  0.        ,
         -0.07893285, -0.11949132],
        [-0.8808622 , -0.585339  , -0.4099842 , ...,  0.07893285,
          0.        , -0.04075118],
        [-0.86083999, -0.55181218, -0.37247479, ...,  0.11949132,
          0.04075118,  0.        ]],

       ...,

       [[ 0.        ,  0.12607191,  0.26171533, ..., -0.96373575,
         -0.98414947, -0.96202035],
        [-0.12607191,  0.        ,  0.13794944, ..., -0.92240286,
         -0.99865476, -0.98875932],
        [-0.26171533, -0.13794944,  0.        , ..., -0.86030392,
         -0.9962599 , -0.9999317 ],
        ...,
        [ 0.96373575,  0.92240286,  0.86030392, ...,  0.        ,
          0.43353835,  0.51980159],
        [ 0.98414947,  0.99865476,  0.9962599 , ..., -0.43353835,
          0.        ,  0.09804528],
        [ 0.96202035,  0.98875932,  0.9999317 , ..., -0.51980159,
         -0.09804528,  0.        ]],

       [[ 0.        ,  0.38589658,  0.54995596, ...,  0.97374841,
          0.98021242,  0.98856046],
        [-0.38589658,  0.        ,  0.18505912, ...,  0.98616432,
          0.98067483,  0.97019148],
        [-0.54995596, -0.18505912,  0.        , ...,  0.9384533 ,
          0.92753016,  0.90858659],
        ...,
        [-0.97374841, -0.98616432, -0.9384533 , ...,  0.        ,
         -0.03037072, -0.07815733],
        [-0.98021242, -0.98067483, -0.92753016, ...,  0.03037072,
          0.        , -0.04784345],
        [-0.98856046, -0.97019148, -0.90858659, ...,  0.07815733,
          0.04784345,  0.        ]],

       [[ 0.        , -0.07856438, -0.16206381, ...,  0.82465184,
          0.78549223,  0.76440634],
        [ 0.07856438,  0.        , -0.08403709, ...,  0.86654209,
          0.83168557,  0.81269678],
        [ 0.16206381,  0.08403709,  0.        , ...,  0.90542006,
          0.87540492,  0.85878928],
        ...,
        [-0.82465184, -0.86654209, -0.90542006, ...,  0.        ,
         -0.06604721, -0.09930245],
        [-0.78549223, -0.83168557, -0.87540492, ...,  0.06604721,
          0.        , -0.03336486],
        [-0.76440634, -0.81269678, -0.85878928, ...,  0.09930245,
          0.03336486,  0.        ]]]), 'num': array([7.07105205e-01, 7.07105205e-01, 0.00000000e+00, 1.58336492e-04,
       1.59319949e-04, 1.50960569e-04, 2.06012495e-03, 7.37592356e-06,
       1.48796965e-04, 1.67703915e-04, 1.80972382e-04, 3.62326069e-07,
       1.96572132e-04, 1.38835698e-04])}
{'img': array([[[ 0.        ,  0.50017943,  0.4370415 , ...,  0.53701072,
          0.65665632,  0.80988247],
        [-0.50017943,  0.        , -0.07143829, ...,  0.04307021,
          0.19138273,  0.40789354],
        [-0.4370415 ,  0.07143829,  0.        , ...,  0.11433217,
          0.26101154,  0.47207665],
        ...,
        [-0.53701072, -0.04307021, -0.11433217, ...,  0.        ,
          0.14893105,  0.36819066],
        [-0.65665632, -0.19138273, -0.26101154, ..., -0.14893105,
          0.        ,  0.22561575],
        [-0.80988247, -0.40789354, -0.47207665, ..., -0.36819066,
         -0.22561575,  0.        ]],

       [[ 0.        ,  0.14631387, -0.25374894, ..., -0.40698884,
         -0.69740417, -0.36707292],
        [-0.14631387,  0.        , -0.39254318, ..., -0.53625685,
         -0.7947588 , -0.49922258],
        [ 0.25374894,  0.39254318,  0.        , ..., -0.16188546,
         -0.49272192, -0.1190234 ],
        ...,
        [ 0.40698884,  0.53625685,  0.16188546, ...,  0.        ,
         -0.34535211,  0.04328126],
        [ 0.69740417,  0.7947588 ,  0.49272192, ...,  0.34535211,
          0.        ,  0.38564679],
        [ 0.36707292,  0.49922258,  0.1190234 , ..., -0.04328126,
         -0.38564679,  0.        ]],

       [[ 0.        ,  0.4601321 ,  0.58503608, ...,  0.83423976,
          0.80828966,  0.80524758],
        [-0.4601321 ,  0.        ,  0.14625408, ...,  0.48696246,
          0.44672145,  0.44210929],
        [-0.58503608, -0.14625408,  0.        , ...,  0.35398452,
          0.31106829,  0.30617109],
        ...,
        [-0.83423976, -0.48696246, -0.35398452, ...,  0.        ,
         -0.04549547, -0.05063805],
        [-0.80828966, -0.44672145, -0.31106829, ...,  0.04549547,
          0.        , -0.00514851],
        [-0.80524758, -0.44210929, -0.30617109, ...,  0.05063805,
          0.00514851,  0.        ]],

       ...,

       [[ 0.        ,  0.13794944, -0.01130557, ..., -0.99865476,
         -0.98875932, -0.91060923],
        [-0.13794944,  0.        , -0.1491381 , ..., -0.9962599 ,
         -0.9999317 , -0.95891329],
        [ 0.01130557,  0.1491381 ,  0.        , ..., -0.99800472,
         -0.98700576, -0.9058788 ],
        ...,
        [ 0.99865476,  0.9962599 ,  0.99800472, ...,  0.        ,
          0.09804528,  0.3654953 ],
        [ 0.98875932,  0.9999317 ,  0.98700576, ..., -0.09804528,
          0.        ,  0.27247248],
        [ 0.91060923,  0.95891329,  0.9058788 , ..., -0.3654953 ,
         -0.27247248,  0.        ]],

       [[ 0.        ,  0.41650724,  0.53906719, ...,  0.98618723,
          0.9931775 ,  0.99767566],
        [-0.41650724,  0.        ,  0.13927491, ...,  0.96556269,
          0.95149975,  0.93540076],
        [-0.53906719, -0.13927491,  0.        , ...,  0.91991685,
          0.89937835,  0.87703799],
        ...,
        [-0.98618723, -0.96556269, -0.91991685, ...,  0.        ,
         -0.0495027 , -0.09804897],
        [-0.9931775 , -0.95149975, -0.89937835, ...,  0.0495027 ,
          0.        , -0.04866458],
        [-0.99767566, -0.93540076, -0.87703799, ...,  0.09804897,
          0.04866458,  0.        ]],

       [[ 0.        , -0.08403709, -0.13244739, ...,  0.83168557,
          0.81269678,  0.80824167],
        [ 0.08403709,  0.        , -0.04868215, ...,  0.87540492,
          0.85878928,  0.85486794],
        [ 0.13244739,  0.04868215,  0.        , ...,  0.89789945,
          0.8827123 ,  0.87911286],
        ...,
        [-0.83168557, -0.87540492, -0.89789945, ...,  0.        ,
         -0.03336486, -0.04096513],
        [-0.81269678, -0.85878928, -0.8827123 , ...,  0.03336486,
          0.        , -0.00760547],
        [-0.80824167, -0.85486794, -0.87911286, ...,  0.04096513,
          0.00760547,  0.        ]]]), 'num': array([9.99997707e-01, 1.59391989e-03, 6.12517661e-05, 2.23957781e-04,
       2.27392716e-04, 2.15713936e-04, 1.27286336e-03, 2.74794823e-06,
       2.11592014e-04, 2.32339023e-04, 2.53303578e-04, 4.76684897e-07,
       2.70634716e-04, 1.94043330e-04])}
{'img': array([[[ 0.        , -0.07513968,  0.10633939, ...,  0.19747829,
          0.41727951,  0.46648039],
        [ 0.07513968,  0.        ,  0.1807524 , ...,  0.27057999,
          0.48438517,  0.53162507],
        [-0.10633939, -0.1807524 ,  0.        , ...,  0.09211329,
          0.31827457,  0.36977485],
        ...,
        [-0.19747829, -0.27057999, -0.09211329, ...,  0.        ,
          0.22959818,  0.28261834],
        [-0.41727951, -0.48438517, -0.31827457, ..., -0.22959818,
          0.        ,  0.05483031],
        [-0.46648039, -0.53162507, -0.36977485, ..., -0.28261834,
         -0.05483031,  0.        ]],

       [[ 0.        , -0.39254318, -0.47098365, ..., -0.7947588 ,
         -0.49922258, -0.78972546],
        [ 0.39254318,  0.        , -0.08690067, ..., -0.49272192,
         -0.1190234 , -0.48552731],
        [ 0.47098365,  0.08690067,  0.        , ..., -0.41523813,
         -0.0322902 , -0.40772012],
        ...,
        [ 0.7947588 ,  0.49272192,  0.41523813, ...,  0.        ,
          0.38564679,  0.00824863],
        [ 0.49922258,  0.1190234 ,  0.0322902 , ..., -0.38564679,
          0.        , -0.3780231 ],
        [ 0.78972546,  0.48552731,  0.40772012, ..., -0.00824863,
          0.3780231 ,  0.        ]],

       [[ 0.        ,  0.39520754,  0.54012601, ...,  0.73026095,
          0.72611928,  0.77808192],
        [-0.39520754,  0.        ,  0.16355495, ...,  0.40081849,
          0.3952749 ,  0.46648504],
        [-0.54012601, -0.16355495,  0.        , ...,  0.24557907,
          0.23971671,  0.31553434],
        ...,
        [-0.73026095, -0.40081849, -0.24557907, ...,  0.        ,
         -0.00604293,  0.07283814],
        [-0.72611928, -0.3952749 , -0.23971671, ...,  0.00604293,
          0.        ,  0.07886369],
        [-0.77808192, -0.46648504, -0.31553434, ..., -0.07283814,
         -0.07886369,  0.        ]],

       ...,

       [[ 0.        , -0.1491381 , -0.02314272, ..., -0.9999317 ,
         -0.95891329, -0.9756365 ],
        [ 0.1491381 ,  0.        ,  0.12621426, ..., -0.98700576,
         -0.9058788 , -0.93200545],
        [ 0.02314272, -0.12621426,  0.        , ..., -0.9993934 ,
         -0.9520909 , -0.97029784],
        ...,
        [ 0.9999317 ,  0.98700576,  0.9993934 , ...,  0.        ,
          0.27247248,  0.20797542],
        [ 0.95891329,  0.9058788 ,  0.9520909 , ..., -0.27247248,
          0.        , -0.06640824],
        [ 0.9756365 ,  0.93200545,  0.97029784, ..., -0.20797542,
          0.06640824,  0.        ]],

       [[ 0.        ,  0.36769202,  0.51953535, ...,  0.99721605,
          0.99971701,  0.99963556],
        [-0.36769202,  0.        ,  0.1689666 , ...,  0.95477617,
          0.93843136,  0.91968282],
        [-0.51953535, -0.1689666 ,  0.        , ...,  0.89081011,
          0.86656621,  0.84011264],
        ...,
        [-0.99721605, -0.95477617, -0.89081011, ...,  0.        ,
         -0.05082289, -0.10145925],
        [-0.99971701, -0.93843136, -0.86656621, ...,  0.05082289,
          0.        , -0.05076751],
        [-0.99963556, -0.91968282, -0.84011264, ...,  0.10145925,
          0.05076751,  0.        ]],

       [[ 0.        , -0.04868215, -0.09794294, ...,  0.85878928,
          0.85486794,  0.85551754],
        [ 0.04868215,  0.        , -0.04937873, ...,  0.8827123 ,
          0.87911286,  0.87970951],
        [ 0.09794294,  0.04937873,  0.        , ...,  0.90483925,
          0.90157503,  0.90211653],
        ...,
        [-0.85878928, -0.8827123 , -0.90483925, ...,  0.        ,
         -0.00760547, -0.00635219],
        [-0.85486794, -0.87911286, -0.90157503, ...,  0.00760547,
          0.        ,  0.0012533 ],
        [-0.85551754, -0.87970951, -0.90211653, ...,  0.00635219,
         -0.0012533 ,  0.        ]]]), 'num': array([9.99999467e-01, 4.73980783e-04, 6.13205854e-05, 2.23958221e-04,
       2.26019186e-04, 2.19836291e-04, 6.44614964e-04, 0.00000000e+00,
       2.17088337e-04, 2.29900671e-04, 2.53636120e-04, 5.98912972e-07,
       2.63523192e-04, 1.96278150e-04])}
{'img': array([[[ 0.        ,  0.1807524 ,  0.31906225, ...,  0.48438517,
          0.53162507,  0.53162507],
        [-0.1807524 ,  0.        ,  0.14250171, ...,  0.31827457,
          0.36977485,  0.36977485],
        [-0.31906225, -0.14250171,  0.        , ...,  0.17993502,
          0.23359974,  0.23359974],
        ...,
        [-0.48438517, -0.31827457, -0.17993502, ...,  0.        ,
          0.05483031,  0.05483031],
        [-0.53162507, -0.36977485, -0.23359974, ..., -0.05483031,
          0.        ,  0.        ],
        [-0.53162507, -0.36977485, -0.23359974, ..., -0.05483031,
          0.        ,  0.        ]],

       [[ 0.        , -0.08451038, -0.06355474, ..., -0.1156272 ,
         -0.46081849, -0.76689176],
        [ 0.08451038,  0.        ,  0.02101215, ..., -0.03127002,
         -0.38416746, -0.70991151],
        [ 0.06355474, -0.02101215,  0.        , ..., -0.05226499,
         -0.4034824 , -0.72455344],
        ...,
        [ 0.1156272 ,  0.03127002,  0.05226499, ...,  0.        ,
         -0.35510913, -0.68754115],
        [ 0.46081849,  0.38416746,  0.4034824 , ...,  0.35510913,
          0.        , -0.38486969],
        [ 0.76689176,  0.70991151,  0.72455344, ...,  0.68754115,
          0.38486969,  0.        ]],

       [[ 0.        ,  0.39256381,  0.57732597, ...,  0.65088737,
          0.71683027,  0.79584182],
        [-0.39256381,  0.        ,  0.21044724, ...,  0.30061287,
          0.38557234,  0.49425624],
        [-0.57732597, -0.21044724,  0.        , ...,  0.09316744,
          0.18276257,  0.30024227],
        ...,
        [-0.65088737, -0.30061287, -0.09316744, ...,  0.        ,
          0.0903694 ,  0.21006738],
        [-0.71683027, -0.38557234, -0.18276257, ..., -0.0903694 ,
          0.        ,  0.12085486],
        [-0.79584182, -0.49425624, -0.30024227, ..., -0.21006738,
         -0.12085486,  0.        ]],

       ...,

       [[ 0.        ,  0.12621426,  0.32579525, ..., -0.9058788 ,
         -0.93200545, -0.80517281],
        [-0.12621426,  0.        ,  0.20386182, ..., -0.9520909 ,
         -0.97029784, -0.87358398],
        [-0.32579525, -0.20386182,  0.        , ..., -0.99444072,
         -0.99923818, -0.95445256],
        ...,
        [ 0.9058788 ,  0.9520909 ,  0.99444072, ...,  0.        ,
         -0.06640824,  0.1962021 ],
        [ 0.93200545,  0.97029784,  0.99923818, ...,  0.06640824,
          0.        ,  0.26088648],
        [ 0.80517281,  0.87358398,  0.95445256, ..., -0.1962021 ,
         -0.26088648,  0.        ]],

       [[ 0.        ,  0.38775869,  0.54444919, ...,  0.99993219,
          0.99793238,  0.98744015],
        [-0.38775869,  0.        ,  0.17660239, ...,  0.91718281,
          0.89493283,  0.84892039],
        [-0.54444919, -0.17660239,  0.        , ...,  0.83239661,
          0.80206638,  0.74223927],
        ...,
        [-0.99993219, -0.91718281, -0.83239661, ...,  0.        ,
         -0.05264687, -0.14648364],
        [-0.99793238, -0.89493283, -0.80206638, ...,  0.05264687,
          0.        , -0.09420153],
        [-0.98744015, -0.84892039, -0.74223927, ...,  0.14648364,
          0.09420153,  0.        ]],

       [[ 0.        , -0.04937873, -0.09975953, ...,  0.87911286,
          0.87970951,  0.89622692],
        [ 0.04937873,  0.        , -0.05050543, ...,  0.90157503,
          0.90211653,  0.91703784],
        [ 0.09975953,  0.05050543,  0.        , ...,  0.92227422,
          0.92275795,  0.93600908],
        ...,
        [-0.87911286, -0.90157503, -0.92227422, ...,  0.        ,
          0.0012533 ,  0.03718315],
        [-0.87970951, -0.90211653, -0.92275795, ..., -0.0012533 ,
          0.        ,  0.03593069],
        [-0.89622692, -0.91703784, -0.93600908, ..., -0.03718315,
         -0.03593069,  0.        ]]]), 'num': array([9.99998289e-01, 4.57160168e-04, 5.91444423e-05, 2.23961702e-04,
       2.30587788e-04, 2.16010399e-04, 1.67499499e-03, 7.95130303e-06,
       2.14552660e-04, 2.20681789e-04, 2.45121003e-04, 6.19859645e-07,
       2.51315453e-04, 1.90048125e-04])}
{'img': array([[[ 0.        ,  0.14250171,  0.4866108 , ...,  0.36977485,
          0.36977485,  0.5081695 ],
        [-0.14250171,  0.        ,  0.35715254, ...,  0.23359974,
          0.23359974,  0.3802528 ],
        [-0.4866108 , -0.35715254,  0.        , ..., -0.12907822,
         -0.12907822,  0.02484946],
        ...,
        [-0.36977485, -0.23359974,  0.12907822, ...,  0.        ,
          0.        ,  0.15367995],
        [-0.36977485, -0.23359974,  0.12907822, ...,  0.        ,
          0.        ,  0.15367995],
        [-0.5081695 , -0.3802528 , -0.02484946, ..., -0.15367995,
         -0.15367995,  0.        ]],

       [[ 0.        ,  0.02101215,  0.68300801, ..., -0.38416746,
         -0.70991151, -0.26281936],
        [-0.02101215,  0.        ,  0.66750971, ..., -0.4034824 ,
         -0.72455344, -0.28303481],
        [-0.68300801, -0.66750971,  0.        , ..., -0.91119641,
         -0.99956341, -0.85096302],
        ...,
        [ 0.38416746,  0.4034824 ,  0.91119641, ...,  0.        ,
         -0.38486969,  0.12801057],
        [ 0.70991151,  0.72455344,  0.99956341, ...,  0.38486969,
          0.        ,  0.49985333],
        [ 0.26281936,  0.28303481,  0.85096302, ..., -0.12801057,
         -0.49985333,  0.        ]],

       [[ 0.        ,  0.45110058,  0.63730784, ...,  0.64018614,
          0.73996954,  0.81500749],
        [-0.45110058,  0.        ,  0.2211578 , ...,  0.2248045 ,
          0.35697445,  0.46598186],
        [-0.63730784, -0.2211578 ,  0.        , ...,  0.00374088,
          0.14154843,  0.25876408],
        ...,
        [-0.64018614, -0.2248045 , -0.00374088, ...,  0.        ,
          0.13784423,  0.2551488 ],
        [-0.73996954, -0.35697445, -0.14154843, ..., -0.13784423,
          0.        ,  0.11943129],
        [-0.81500749, -0.46598186, -0.25876408, ..., -0.2551488 ,
         -0.11943129,  0.        ]],

       ...,

       [[ 0.        ,  0.20386182,  0.38015619, ..., -0.97029784,
         -0.87358398, -0.82660693],
        [-0.20386182,  0.        ,  0.18361644, ..., -0.99923818,
         -0.95445256, -0.92397721],
        [-0.38015619, -0.18361644,  0.        , ..., -0.989415  ,
         -0.99300923, -0.97849137],
        ...,
        [ 0.97029784,  0.99923818,  0.989415  , ...,  0.        ,
          0.26088648,  0.3460966 ],
        [ 0.87358398,  0.95445256,  0.99300923, ..., -0.26088648,
          0.        ,  0.08934769],
        [ 0.82660693,  0.92397721,  0.97849137, ..., -0.3460966 ,
         -0.08934769,  0.        ]],

       [[ 0.        ,  0.40649022,  0.62698575, ...,  0.99419411,
          0.97873307,  0.9693346 ],
        [-0.40649022,  0.        ,  0.25618038, ...,  0.86461163,
          0.81083793,  0.78574474],
        [-0.62698575, -0.25618038,  0.        , ...,  0.70704321,
          0.63384457,  0.60106305],
        ...,
        [-0.99419411, -0.86461163, -0.70704321, ...,  0.        ,
         -0.09863388, -0.14001611],
        [-0.97873307, -0.81083793, -0.63384457, ...,  0.09863388,
          0.        , -0.0416711 ],
        [-0.9693346 , -0.78574474, -0.60106305, ...,  0.14001611,
          0.0416711 ,  0.        ]],

       [[ 0.        , -0.05050543, -0.25832037, ...,  0.90211653,
          0.91703784,  0.92185216],
        [ 0.05050543,  0.        , -0.20919946, ...,  0.92275795,
          0.93600908,  0.94024864],
        [ 0.25832037,  0.20919946,  0.        , ...,  0.98296137,
          0.98893116,  0.99067378],
        ...,
        [-0.90211653, -0.92275795, -0.98296137, ...,  0.        ,
          0.03593069,  0.04816448],
        [-0.91703784, -0.93600908, -0.98893116, ..., -0.03593069,
          0.        ,  0.0122444 ],
        [-0.92185216, -0.94024864, -0.99067378, ..., -0.04816448,
         -0.0122444 ,  0.        ]]]), 'num': array([ 9.99997992e-01,  2.36672162e-04,  6.00457249e-05,  2.23960869e-04,
        2.42119858e-04,  2.15890207e-04,  1.88143271e-03, -3.36277581e-06,
        2.21270648e-04,  2.22884781e-04,  2.49148060e-04,  6.09503116e-07,
        2.52272902e-04,  1.93496660e-04])}
{'img': array([[[ 0.        ,  0.35715254,  0.20710262, ...,  0.23359974,
          0.3802528 ,  0.32154362],
        [-0.35715254,  0.        , -0.1559658 , ..., -0.12907822,
          0.02484946, -0.03784931],
        [-0.20710262,  0.1559658 ,  0.        , ...,  0.02716244,
          0.18046301,  0.11846792],
        ...,
        [-0.23359974,  0.12907822, -0.02716244, ...,  0.        ,
          0.15367995,  0.09145305],
        [-0.3802528 , -0.02484946, -0.18046301, ..., -0.15367995,
          0.        , -0.06266928],
        [-0.32154362,  0.03784931, -0.11846792, ..., -0.09145305,
          0.06266928,  0.        ]],

       [[ 0.        ,  0.66750971,  0.10772852, ..., -0.72455344,
         -0.28303481, -0.24078942],
        [-0.66750971,  0.        , -0.58341026, ..., -0.99956341,
         -0.85096302, -0.82716189],
        [-0.10772852,  0.58341026,  0.        , ..., -0.79458529,
         -0.38471111, -0.34394697],
        ...,
        [ 0.72455344,  0.99956341,  0.79458529, ...,  0.        ,
          0.49985333,  0.53727863],
        [ 0.28303481,  0.85096302,  0.38471111, ..., -0.49985333,
          0.        ,  0.04376373],
        [ 0.24078942,  0.82716189,  0.34394697, ..., -0.53727863,
         -0.04376373,  0.        ]],

       [[ 0.        ,  0.49090675,  0.5959382 , ...,  0.64083725,
          0.74308961,  0.79733624],
        [-0.49090675,  0.        ,  0.12497558, ...,  0.18144747,
          0.31887785,  0.39836942],
        [-0.5959382 , -0.12497558,  0.        , ...,  0.05712382,
          0.19792645,  0.28061539],
        ...,
        [-0.64083725, -0.18144747, -0.05712382, ...,  0.        ,
          0.14160952,  0.22532857],
        [-0.74308961, -0.31887785, -0.19792645, ..., -0.14160952,
          0.        ,  0.08509011],
        [-0.79733624, -0.39836942, -0.28061539, ..., -0.22532857,
         -0.08509011,  0.        ]],

       ...,

       [[ 0.        ,  0.18361644, -0.10006904, ..., -0.95445256,
         -0.92397721, -0.93883167],
        [-0.18361644,  0.        , -0.28106244, ..., -0.99300923,
         -0.97849137, -0.98610279],
        [ 0.10006904,  0.28106244,  0.        , ..., -0.91980482,
         -0.88106814, -0.89965779],
        ...,
        [ 0.95445256,  0.99300923,  0.91980482, ...,  0.        ,
          0.08934769,  0.04857856],
        [ 0.92397721,  0.97849137,  0.88106814, ..., -0.08934769,
          0.        , -0.04085793],
        [ 0.93883167,  0.98610279,  0.89965779, ..., -0.04857856,
          0.04085793,  0.        ]],

       [[ 0.        ,  0.51146974,  0.63673654, ...,  0.96573928,
          0.95332277,  0.939274  ],
        [-0.51146974,  0.        ,  0.15276371, ...,  0.69712733,
          0.6647516 ,  0.63159926],
        [-0.63673654, -0.15276371,  0.        , ...,  0.57942143,
          0.5428249 ,  0.50574907],
        ...,
        [-0.96573928, -0.69712733, -0.57942143, ...,  0.        ,
         -0.04420716, -0.08765594],
        [-0.95332277, -0.6647516 , -0.5428249 , ...,  0.04420716,
          0.        , -0.04353325],
        [-0.939274  , -0.63159926, -0.50574907, ...,  0.08765594,
          0.04353325,  0.        ]],

       [[ 0.        , -0.20919946, -0.29529727, ...,  0.93600908,
          0.94024864,  0.94352869],
        [ 0.20919946,  0.        , -0.08889293, ...,  0.98893116,
          0.99067378,  0.99195708],
        [ 0.29529727,  0.08889293,  0.        , ...,  0.99820566,
          0.99886401,  0.9992817 ],
        ...,
        [-0.93600908, -0.98893116, -0.99820566, ...,  0.        ,
          0.0122444 ,  0.0220081 ],
        [-0.94024864, -0.99067378, -0.99886401, ..., -0.0122444 ,
          0.        ,  0.00976502],
        [-0.94352869, -0.99195708, -0.9992817 , ..., -0.0220081 ,
         -0.00976502,  0.        ]]]), 'num': array([9.99999424e-01, 2.33863988e-04, 5.93332677e-05, 2.23961819e-04,
       2.26620120e-04, 2.20638943e-04, 8.29615719e-04, 2.65830052e-06,
       2.20638943e-04, 2.19176878e-04, 2.46490916e-04, 6.81052200e-07,
       2.45947297e-04, 1.92406459e-04])}
{'img': array([[[ 0.        , -0.1559658 , -0.12907822, ...,  0.02484946,
         -0.03784931,  0.01246214],
        [ 0.1559658 ,  0.        ,  0.02716244, ...,  0.18046301,
          0.11846792,  0.16826333],
        [ 0.12907822, -0.02716244,  0.        , ...,  0.15367995,
          0.09145305,  0.14142609],
        ...,
        [-0.02484946, -0.18046301, -0.15367995, ...,  0.        ,
         -0.06266928, -0.01238924],
        [ 0.03784931, -0.11846792, -0.09145305, ...,  0.06266928,
          0.        ,  0.05029959],
        [-0.01246214, -0.16826333, -0.14142609, ...,  0.01238924,
         -0.05029959,  0.        ]],

       [[ 0.        , -0.58341026, -0.70515452, ..., -0.85096302,
         -0.82716189, -0.96675351],
        [ 0.58341026,  0.        , -0.15904152, ..., -0.38471111,
         -0.34394697, -0.63599165],
        [ 0.70515452,  0.15904152,  0.        , ..., -0.23301325,
         -0.19023093, -0.50516498],
        ...,
        [ 0.85096302,  0.38471111,  0.23301325, ...,  0.        ,
          0.04376373, -0.29016385],
        [ 0.82716189,  0.34394697,  0.19023093, ..., -0.04376373,
          0.        , -0.33176673],
        [ 0.96675351,  0.63599165,  0.50516498, ...,  0.29016385,
          0.33176673,  0.        ]],

       [[ 0.        ,  0.16094458,  0.30354285, ...,  0.38153105,
          0.46639364,  0.51063634],
        [-0.16094458,  0.        ,  0.14623484, ...,  0.22778711,
          0.31794556,  0.36559977],
        [-0.30354285, -0.14623484,  0.        , ...,  0.08294791,
          0.17588105,  0.22555822],
        ...,
        [-0.38153105, -0.22778711, -0.08294791, ...,  0.        ,
          0.09362008,  0.14397061],
        [-0.46639364, -0.31794556, -0.17588105, ..., -0.09362008,
          0.        ,  0.05069355],
        [-0.51063634, -0.36559977, -0.22555822, ..., -0.14397061,
         -0.05069355,  0.        ]],

       ...,

       [[ 0.        , -0.28106244, -0.27515805, ..., -0.97849137,
         -0.98610279, -0.94560281],
        [ 0.28106244,  0.        ,  0.00614686, ..., -0.88106814,
         -0.89965779, -0.81604888],
        [ 0.27515805, -0.00614686,  0.        , ..., -0.8839589 ,
         -0.90232449, -0.81958624],
        ...,
        [ 0.97849137,  0.88106814,  0.8839589 , ...,  0.        ,
         -0.04085793,  0.12325989],
        [ 0.98610279,  0.89965779,  0.90232449, ...,  0.04085793,
          0.        ,  0.16370333],
        [ 0.94560281,  0.81604888,  0.81958624, ..., -0.12325989,
         -0.16370333,  0.        ]],

       [[ 0.        ,  0.42518963,  0.57116815, ...,  0.91630738,
          0.89562519,  0.86722359],
        [-0.42518963,  0.        ,  0.16795703, ...,  0.65907563,
          0.62150581,  0.57321783],
        [-0.57116815, -0.16795703,  0.        , ...,  0.52339645,
          0.48109775,  0.42745038],
        ...,
        [-0.91630738, -0.65907563, -0.52339645, ...,  0.        ,
         -0.04890613, -0.10894481],
        [-0.89562519, -0.62150581, -0.48109775, ...,  0.04890613,
          0.        , -0.06019941],
        [-0.86722359, -0.57321783, -0.42745038, ...,  0.10894481,
          0.06019941,  0.        ]],

       [[ 0.        , -0.08889293,  0.05527525, ...,  0.99067378,
          0.99195708,  0.99428921],
        [ 0.08889293,  0.        ,  0.14381344, ...,  0.99886401,
          0.9992817 ,  0.99983958],
        [-0.05527525, -0.14381344,  0.        , ...,  0.98162766,
          0.98344409,  0.98687017],
        ...,
        [-0.99067378, -0.99886401, -0.98162766, ...,  0.        ,
          0.00976502,  0.02975314],
        [-0.99195708, -0.9992817 , -0.98344409, ..., -0.00976502,
          0.        ,  0.01999103],
        [-0.99428921, -0.99983958, -0.98687017, ..., -0.02975314,
         -0.01999103,  0.        ]]]), 'num': array([9.99999477e-01, 2.29106231e-04, 5.81261844e-05, 2.23962897e-04,
       2.25916062e-04, 2.18103402e-04, 7.71708433e-04, 4.55738453e-06,
       2.18494035e-04, 2.14131967e-04, 2.41563082e-04, 6.72400996e-07,
       2.38943567e-04, 1.89320367e-04])}
{'img': array([[[ 0.        ,  0.02716244, -0.05593556, ...,  0.11846792,
          0.16826333,  0.25169412],
        [-0.02716244,  0.        , -0.08303483, ...,  0.09145305,
          0.14142609,  0.22531326],
        [ 0.05593556,  0.08303483,  0.        , ...,  0.1738241 ,
          0.22313793,  0.30543488],
        ...,
        [-0.11846792, -0.09145305, -0.1738241 , ...,  0.        ,
          0.05029959,  0.1352676 ],
        [-0.16826333, -0.14142609, -0.22313793, ..., -0.05029959,
          0.        ,  0.08525908],
        [-0.25169412, -0.22531326, -0.30543488, ..., -0.1352676 ,
         -0.08525908,  0.        ]],

       [[ 0.        , -0.15904152, -0.19409988, ..., -0.34394697,
         -0.63599165, -0.65484958],
        [ 0.15904152,  0.        , -0.03561252, ..., -0.19023093,
         -0.50516498, -0.52631748],
        [ 0.19409988,  0.03561252,  0.        , ..., -0.15514805,
         -0.47411013, -0.49570272],
        ...,
        [ 0.34394697,  0.19023093,  0.15514805, ...,  0.        ,
         -0.33176673, -0.35495549],
        [ 0.63599165,  0.50516498,  0.47411013, ...,  0.33176673,
          0.        , -0.02468819],
        [ 0.65484958,  0.52631748,  0.49570272, ...,  0.35495549,
          0.02468819,  0.        ]],

       [[ 0.        ,  0.14623484,  0.2166703 , ...,  0.31794556,
          0.36559977,  0.41923422],
        [-0.14623484,  0.        ,  0.07158007, ...,  0.17588105,
          0.22555822,  0.281964  ],
        [-0.2166703 , -0.07158007,  0.        , ...,  0.10496565,
          0.1552442 ,  0.21256501],
        ...,
        [-0.31794556, -0.17588105, -0.10496565, ...,  0.        ,
          0.05069355,  0.1088239 ],
        [-0.36559977, -0.22555822, -0.1552442 , ..., -0.05069355,
          0.        ,  0.0582915 ],
        [-0.41923422, -0.281964  , -0.21256501, ..., -0.1088239 ,
         -0.0582915 ,  0.        ]],

       ...,

       [[ 0.        ,  0.00614686,  0.09366654, ..., -0.89965779,
         -0.81604888, -0.80963531],
        [-0.00614686,  0.        ,  0.08754494, ..., -0.90232449,
         -0.81958624, -0.81322782],
        [-0.09366654, -0.08754494,  0.        , ..., -0.93659697,
         -0.86659888, -0.86105186],
        ...,
        [ 0.89965779,  0.90232449,  0.93659697, ...,  0.        ,
          0.16370333,  0.17455574],
        [ 0.81604888,  0.81958624,  0.86659888, ..., -0.16370333,
          0.        ,  0.01101087],
        [ 0.80963531,  0.81322782,  0.86105186, ..., -0.17455574,
         -0.01101087,  0.        ]],

       [[ 0.        ,  0.41123108,  0.53311825, ...,  0.85611983,
          0.81988224,  0.79493648],
        [-0.41123108,  0.        ,  0.13803563, ...,  0.56786497,
          0.51190515,  0.47511847],
        [-0.53311825, -0.13803563,  0.        , ...,  0.44880882,
          0.38842642,  0.34910972],
        ...,
        [-0.85611983, -0.56786497, -0.44880882, ...,  0.        ,
         -0.06645959, -0.10859645],
        [-0.81988224, -0.51190515, -0.38842642, ...,  0.06645959,
          0.        , -0.04228981],
        [-0.79493648, -0.47511847, -0.34910972, ...,  0.10859645,
          0.04228981,  0.        ]],

       [[ 0.        ,  0.14381344,  0.24002776, ...,  0.9992817 ,
          0.99983958,  0.9999924 ],
        [-0.14381344,  0.        ,  0.09792342, ...,  0.98344409,
          0.98687017,  0.98903671],
        [-0.24002776, -0.09792342,  0.        , ...,  0.96097273,
          0.96631107,  0.96982301],
        ...,
        [-0.9992817 , -0.98344409, -0.96097273, ...,  0.        ,
          0.01999103,  0.03400009],
        [-0.99983958, -0.98687017, -0.96631107, ..., -0.01999103,
          0.        ,  0.01401382],
        [-0.9999924 , -0.98903671, -0.96982301, ..., -0.03400009,
         -0.01401382,  0.        ]]]), 'num': array([ 9.99999469e-01,  2.31121360e-04,  5.86374397e-05,  2.23962443e-04,
        2.27246350e-04,  2.20678537e-04,  7.79021505e-04, -1.97034408e-06,
        2.22386168e-04,  2.15030217e-04,  2.43873865e-04,  6.89620427e-07,
        2.36992263e-04,  1.93068171e-04])}
{'img': array([[[ 0.00000000e+00, -8.30348343e-02, -8.30348343e-02, ...,
          1.41426089e-01,  2.25313260e-01,  1.89893132e-01],
        [ 8.30348343e-02,  0.00000000e+00,  0.00000000e+00, ...,
          2.23137931e-01,  3.05434881e-01,  2.70761360e-01],
        [ 8.30348343e-02,  0.00000000e+00,  0.00000000e+00, ...,
          2.23137931e-01,  3.05434881e-01,  2.70761360e-01],
        ...,
        [-1.41426089e-01, -2.23137931e-01, -2.23137931e-01, ...,
          0.00000000e+00,  8.52590840e-02,  4.91316732e-02],
        [-2.25313260e-01, -3.05434881e-01, -3.05434881e-01, ...,
         -8.52590840e-02,  0.00000000e+00, -3.62033417e-02],
        [-1.89893132e-01, -2.70761360e-01, -2.70761360e-01, ...,
         -4.91316732e-02,  3.62033417e-02,  0.00000000e+00]],

       [[ 0.00000000e+00, -3.56125190e-02, -5.85535277e-02, ...,
         -5.05164983e-01, -5.26317482e-01, -5.26035321e-01],
        [ 3.56125190e-02,  0.00000000e+00, -2.29649681e-02, ...,
         -4.74110128e-01, -4.95702722e-01, -4.95414523e-01],
        [ 5.85535277e-02,  2.29649681e-02,  0.00000000e+00, ...,
         -4.53765228e-01, -4.75627093e-01, -4.75335194e-01],
        ...,
        [ 5.05164983e-01,  4.74110128e-01,  4.53765228e-01, ...,
          0.00000000e+00, -2.46881923e-02, -2.43564853e-02],
        [ 5.26317482e-01,  4.95702722e-01,  4.75627093e-01, ...,
          2.46881923e-02,  0.00000000e+00,  3.31806716e-04],
        [ 5.26035321e-01,  4.95414523e-01,  4.75335194e-01, ...,
          2.43564853e-02, -3.31806716e-04,  0.00000000e+00]],

       [[ 0.00000000e+00,  7.15800699e-02,  1.08918007e-01, ...,
          2.25558221e-01,  2.81963996e-01,  3.26587499e-01],
        [-7.15800699e-02,  0.00000000e+00,  3.74843958e-02, ...,
          1.55244202e-01,  2.12565011e-01,  2.58094637e-01],
        [-1.08918007e-01, -3.74843958e-02,  0.00000000e+00, ...,
          1.18105159e-01,  1.75787861e-01,  2.21698841e-01],
        ...,
        [-2.25558221e-01, -1.55244202e-01, -1.18105159e-01, ...,
          0.00000000e+00,  5.82915038e-02,  1.04981057e-01],
        [-2.81963996e-01, -2.12565011e-01, -1.75787861e-01, ...,
         -5.82915038e-02,  0.00000000e+00,  4.68331498e-02],
        [-3.26587499e-01, -2.58094637e-01, -2.21698841e-01, ...,
         -1.04981057e-01, -4.68331498e-02,  0.00000000e+00]],

       ...,

       [[ 0.00000000e+00,  8.75449359e-02,  5.50380024e-02, ...,
         -8.19586244e-01, -8.13227815e-01, -7.99205214e-01],
        [-8.75449359e-02,  0.00000000e+00, -3.25855527e-02, ...,
         -8.66598883e-01, -8.61051863e-01, -8.48756329e-01],
        [-5.50380024e-02,  3.25855527e-02,  0.00000000e+00, ...,
         -8.49878309e-01, -8.44024289e-01, -8.31074872e-01],
        ...,
        [ 8.19586244e-01,  8.66598883e-01,  8.49878309e-01, ...,
          0.00000000e+00,  1.10108732e-02,  3.47097872e-02],
        [ 8.13227815e-01,  8.61051863e-01,  8.44024289e-01, ...,
         -1.10108732e-02,  0.00000000e+00,  2.37034447e-02],
        [ 7.99205214e-01,  8.48756329e-01,  8.31074872e-01, ...,
         -3.47097872e-02, -2.37034447e-02,  0.00000000e+00]],

       [[ 0.00000000e+00,  3.63796105e-01,  4.85987626e-01, ...,
          7.63919437e-01,  7.32234032e-01,  6.58197102e-01],
        [-3.63796105e-01,  0.00000000e+00,  1.34741762e-01, ...,
          4.76812756e-01,  4.34295870e-01,  3.39214203e-01],
        [-4.85987626e-01, -1.34741762e-01,  0.00000000e+00, ...,
          3.54025913e-01,  3.08964043e-01,  2.09368014e-01],
        ...,
        [-7.63919437e-01, -4.76812756e-01, -3.54025913e-01, ...,
          0.00000000e+00, -4.77505657e-02, -1.50371184e-01],
        [-7.32234032e-01, -4.34295870e-01, -3.08964043e-01, ...,
          4.77505657e-02,  0.00000000e+00, -1.02992031e-01],
        [-6.58197102e-01, -3.39214203e-01, -2.09368014e-01, ...,
          1.50371184e-01,  1.02992031e-01,  0.00000000e+00]],

       [[ 0.00000000e+00,  1.93690011e-01,  3.13968472e-01, ...,
          9.99730154e-01,  9.99958201e-01,  9.99662765e-01],
        [-1.93690011e-01,  0.00000000e+00,  1.24127015e-01, ...,
          9.76298685e-01,  9.79250837e-01,  9.85761747e-01],
        [-3.13968472e-01, -1.24127015e-01,  0.00000000e+00, ...,
          9.41883817e-01,  9.46523065e-01,  9.57266478e-01],
        ...,
        [-9.99730154e-01, -9.76298685e-01, -9.41883817e-01, ...,
          0.00000000e+00,  1.40880473e-02,  4.91832280e-02],
        [-9.99958201e-01, -9.79250837e-01, -9.46523065e-01, ...,
         -1.40880473e-02,  0.00000000e+00,  3.51073494e-02],
        [-9.99662765e-01, -9.85761747e-01, -9.57266478e-01, ...,
         -4.91832280e-02, -3.51073494e-02,  0.00000000e+00]]]), 'num': array([ 9.99999295e-01,  2.32484551e-04,  5.89832926e-05,  2.23962099e-04,
        2.25944065e-04,  2.18016203e-04,  9.76117998e-04, -1.32131032e-06,
