state_0,state_1,state_2,state_3,state_4,state_5,state_6,state_7,state_8,state_9,state_10,state_11,state_12,state_13,state_14,state_15,state_16,state_17,state_18,state_19,state_20,state_21,state_22,state_23,state_24,state_25,state_26,state_27,state_28,state_29,state_30,state_31,state_32,state_33,state_34,state_35,state_36,state_37,state_38,state_39,state_40,state_41,state_42,state_43,state_44,state_45,state_46,state_47,state_48,state_49,state_50,state_51,state_52,state_53,state_54,state_55,state_56,state_57,state_58,state_59,state_60,state_61,state_62,state_63,state_64,state_65,state_66,state_67,state_68,state_69,state_70,state_71,state_72,state_73,state_74,state_75,state_76,state_77,state_78,state_79,state_80,state_81,state_82,state_83,state_84,state_85,state_86,state_87,state_88,state_89,state_90,state_91,state_92,state_93,state_94,state_95,state_96,state_97,state_98,state_99,state_100,state_101,state_102,state_103,state_104,state_105,state_106,state_107,state_108,state_109,state_110,state_111,state_112,state_113,state_114,state_115,state_116,state_117,state_118,state_119,state_120,state_121,state_122,state_123,state_124,state_125,state_126,state_127,state_128,state_129,state_130,state_131,state_132,state_133,state_134,state_135,state_136,state_137,state_138,state_139,state_140,state_141,state_142,state_143,state_144,state_145,state_146,state_147,state_148,state_149,state_150,state_151,state_152,state_153,state_154,state_155,state_156,state_157,state_158,state_159,state_160,state_161,state_162,state_163,state_164,state_165,state_166,state_167,state_168,state_169,state_170,state_171,state_172,state_173,state_174,state_175,state_176,state_177,state_178,state_179,state_180,state_181,state_182,state_183,state_184,state_185,state_186,state_187,state_188,state_189,state_190,state_191,state_192,state_193,state_194,state_195,state_196,state_197,state_198,state_199,state_200,state_201,state_202,state_203,state_204,state_205,state_206,state_207,state_208,state_209,state_210,state_211,state_212,state_213,state_214,state_215,state_216,state_217,state_218,state_219,state_220,state_221,state_222,state_223,state_224,state_225,state_226,state_227,state_228,state_229,state_230,state_231,state_232,state_233,state_234,state_235,state_236,state_237,state_238,state_239,state_240,state_241,state_242,state_243,state_244,state_245,state_246,state_247,state_248,state_249,state_250,state_251,state_252,state_253,state_254,state_255,state_256,state_257,state_258,state_259,state_260,state_261,state_262,state_263,state_264,state_265,state_266,state_267,state_268,state_269,state_270,state_271,state_272,state_273,state_274,state_275,state_276,state_277,state_278,state_279,state_280,state_281,state_282,state_283,state_284,state_285,state_286,state_287
{'img': array([[[ 0.        ,  0.02695396, -0.28281816, ...,  0.89292815,
          0.36494738,  0.63034756],
        [-0.02695396,  0.        , -0.30856893, ...,  0.88046907,
          0.33971989,  0.60919383],
        [ 0.28281816,  0.30856893,  0.        , ...,  0.98379757,
          0.61335954,  0.82416813],
        ...,
        [-0.89292815, -0.88046907, -0.98379757, ...,  0.        ,
         -0.66704222, -0.4094098 ],
        [-0.36494738, -0.33971989, -0.61335954, ...,  0.66704222,
          0.        ,  0.30355791],
        [-0.63034756, -0.60919383, -0.82416813, ...,  0.4094098 ,
         -0.30355791,  0.        ]],

       [[ 0.        , -0.2093687 ,  0.12725877, ...,  0.9788741 ,
          0.89896409,  0.11936113],
        [ 0.2093687 ,  0.        ,  0.33210475, ...,  0.99998743,
          0.78733197,  0.3245876 ],
        [-0.12725877, -0.33210475,  0.        , ...,  0.94489559,
          0.94739729, -0.00795832],
        ...,
        [-0.9788741 , -0.99998743, -0.94489559, ...,  0.        ,
          0.61257443, -0.947471  ],
        [-0.89896409, -0.78733197, -0.94739729, ..., -0.61257443,
          0.        , -0.94482015],
        [-0.11936113, -0.3245876 ,  0.00795832, ...,  0.947471  ,
          0.94482015,  0.        ]],

       [[ 0.        , -0.55948661, -0.81272356, ..., -0.77121333,
         -0.64059602, -0.28744877],
        [ 0.55948661,  0.        , -0.34763273, ..., -0.28305579,
         -0.10133371,  0.29762518],
        [ 0.81272356,  0.34763273,  0.        , ...,  0.06801392,
          0.25082968,  0.61094152],
        ...,
        [ 0.77121333,  0.28305579, -0.06801392, ...,  0.        ,
          0.18440925,  0.55568183],
        [ 0.64059602,  0.10133371, -0.25082968, ..., -0.18440925,
          0.        ,  0.3928347 ],
        [ 0.28744877, -0.29762518, -0.61094152, ..., -0.55568183,
         -0.3928347 ,  0.        ]],

       ...,

       [[ 0.        , -0.07944875, -0.12705043, ...,  0.6895669 ,
          0.9999849 ,  0.98082891],
        [ 0.07944875,  0.        , -0.0478439 , ...,  0.62984862,
          0.99638736,  0.96224622],
        [ 0.12705043,  0.0478439 ,  0.        , ...,  0.59196612,
          0.99118319,  0.94812211],
        ...,
        [-0.6895669 , -0.62984862, -0.59196612, ...,  0.        ,
         -0.72042213, -0.57596139],
        [-0.9999849 , -0.99638736, -0.99118319, ...,  0.72042213,
          0.        ,  0.18947859],
        [-0.98082891, -0.96224622, -0.94812211, ...,  0.57596139,
         -0.18947859,  0.        ]],

       [[ 0.        , -0.36246675, -0.39726696, ..., -0.82537914,
         -0.89918097, -0.95996858],
        [ 0.36246675,  0.        , -0.03761464, ..., -0.9738917 ,
         -0.99664079, -0.99621728],
        [ 0.39726696,  0.03761464,  0.        , ..., -0.98174151,
         -0.99901602, -0.99224367],
        ...,
        [ 0.82537914,  0.9738917 ,  0.98174151, ...,  0.        ,
          0.14649167,  0.31078288],
        [ 0.89918097,  0.99664079,  0.99901602, ..., -0.14649167,
          0.        ,  0.16819258],
        [ 0.95996858,  0.99621728,  0.99224367, ..., -0.31078288,
         -0.16819258,  0.        ]],

       [[ 0.        , -0.43810573, -0.69771364, ..., -0.95554286,
         -0.9421287 , -0.91924849],
        [ 0.43810573,  0.        , -0.31334238, ..., -0.98813634,
         -0.99377715, -0.99880653],
        [ 0.69771364,  0.31334238,  0.        , ..., -0.89025114,
         -0.9088286 , -0.93320264],
        ...,
        [ 0.95554286,  0.98813634,  0.89025114, ...,  0.        ,
         -0.04255833, -0.10513353],
        [ 0.9421287 ,  0.99377715,  0.9088286 , ...,  0.04255833,
          0.        , -0.0627158 ],
        [ 0.91924849,  0.99880653,  0.93320264, ...,  0.10513353,
          0.0627158 ,  0.        ]]]), 'num': array([7.06731857e-01, 7.06731857e-01, 0.00000000e+00, 4.37555218e-04,
       4.51300408e-04, 4.34118920e-04, 3.25392634e-02, 1.71814876e-06,
       4.30911709e-04, 3.84550329e-04, 3.74193710e-04, 8.77352559e-07,
       4.43743234e-04, 3.25357423e-04])}
{'img': array([[[ 0.        , -0.30856893, -0.39142851, ...,  0.33971989,
          0.60919383,  0.6577809 ],
        [ 0.30856893,  0.        , -0.08837981, ...,  0.61335954,
          0.82416813,  0.85809949],
        [ 0.39142851,  0.08837981,  0.        , ...,  0.68076208,
          0.87099652,  0.90012319],
        ...,
        [-0.33971989, -0.61335954, -0.68076208, ...,  0.        ,
          0.30355791,  0.36278028],
        [-0.60919383, -0.82416813, -0.87099652, ..., -0.30355791,
          0.        ,  0.06278383],
        [-0.6577809 , -0.85809949, -0.90012319, ..., -0.36278028,
         -0.06278383,  0.        ]],

       [[ 0.        ,  0.33210475,  0.61976691, ...,  0.78733197,
          0.3245876 ,  0.50686756],
        [-0.33210475,  0.        ,  0.32395936, ...,  0.94739729,
         -0.00795832,  0.19181679],
        [-0.61976691, -0.32395936,  0.        , ...,  0.99999152,
         -0.33147824, -0.13647138],
        ...,
        [-0.78733197, -0.94739729, -0.99999152, ...,  0.        ,
         -0.94482015, -0.99119771],
        [-0.3245876 ,  0.00795832,  0.33147824, ...,  0.94482015,
          0.        ,  0.19962125],
        [-0.50686756, -0.19181679,  0.13647138, ...,  0.99119771,
         -0.19962125,  0.        ]],

       [[ 0.        , -0.28926291, -0.48979077, ..., -0.07933834,
          0.19457516,  0.69401982],
        [ 0.28926291,  0.        , -0.21666109, ...,  0.21240447,
          0.46999141,  0.87260679],
        [ 0.48979077,  0.21666109,  0.        , ...,  0.41907649,
          0.65006811,  0.957702  ],
        ...,
        [ 0.07933834, -0.21240447, -0.41907649, ...,  0.        ,
          0.27178381,  0.74895219],
        [-0.19457516, -0.46999141, -0.65006811, ..., -0.27178381,
          0.        ,  0.5406699 ],
        [-0.69401982, -0.87260679, -0.957702  , ..., -0.74895219,
         -0.5406699 ,  0.        ]],

       ...,

       [[ 0.        , -0.0478439 ,  0.04932295, ...,  0.99638736,
          0.96224622,  0.97751291],
        [ 0.0478439 ,  0.        ,  0.09705214, ...,  0.99118319,
          0.94812211,  0.96630438],
        [-0.04932295, -0.09705214,  0.        , ...,  0.99936338,
          0.9744998 ,  0.98672417],
        ...,
        [-0.99638736, -0.99118319, -0.99936338, ...,  0.        ,
          0.18947859,  0.12709866],
        [-0.96224622, -0.94812211, -0.9744998 , ..., -0.18947859,
          0.        , -0.06314568],
        [-0.97751291, -0.96630438, -0.98672417, ..., -0.12709866,
          0.06314568,  0.        ]],

       [[ 0.        , -0.17138992, -0.3165811 , ..., -0.90854799,
         -0.96700204, -0.99439449],
        [ 0.17138992,  0.        , -0.14932218, ..., -0.96670782,
         -0.99635835, -0.99780239],
        [ 0.3165811 ,  0.14932218,  0.        , ..., -0.99407864,
         -0.99791965, -0.97672153],
        ...,
        [ 0.90854799,  0.96670782,  0.99407864, ...,  0.        ,
          0.1725251 ,  0.31937453],
        [ 0.96700204,  0.99635835,  0.99791965, ..., -0.1725251 ,
          0.        ,  0.15109584],
        [ 0.99439449,  0.99780239,  0.97672153, ..., -0.31937453,
         -0.15109584,  0.        ]],

       [[ 0.        , -0.58954345, -0.77889173, ..., -0.95398072,
         -0.93240922, -0.92097052],
        [ 0.58954345,  0.        , -0.25940228, ..., -0.94735039,
         -0.96620464, -0.97360681],
        [ 0.77889173,  0.25940228,  0.        , ..., -0.83186169,
         -0.86626308, -0.88107576],
        ...,
        [ 0.95398072,  0.94735039,  0.83186169, ...,  0.        ,
         -0.06517308, -0.09553214],
        [ 0.93240922,  0.96620464,  0.86626308, ...,  0.06517308,
          0.        , -0.03045403],
        [ 0.92097052,  0.97360681,  0.88107576, ...,  0.09553214,
          0.03045403,  0.        ]]]), 'num': array([7.06811427e-01, 7.06811427e-01, 0.00000000e+00, 4.41041166e-04,
       4.46196193e-04, 4.31876674e-04, 2.88763169e-02, 3.43668441e-06,
       4.36115252e-04, 3.88574451e-04, 3.74846806e-04, 8.81938538e-07,
       4.51591161e-04, 3.25557740e-04])}
{'img': array([[[ 0.        , -0.08837981, -0.21444319, ...,  0.82416813,
          0.85809949,  0.93624015],
        [ 0.08837981,  0.        , -0.12728026, ...,  0.87099652,
          0.90012319,  0.9636297 ],
        [ 0.21444319,  0.12728026,  0.        , ...,  0.92644394,
          0.94825009,  0.98980681],
        ...,
        [-0.82416813, -0.87099652, -0.92644394, ...,  0.        ,
          0.06278383,  0.24065477],
        [-0.85809949, -0.90012319, -0.94825009, ..., -0.06278383,
          0.        ,  0.17924134],
        [-0.93624015, -0.9636297 , -0.98980681, ..., -0.24065477,
         -0.17924134,  0.        ]],

       [[ 0.        ,  0.32395936, -0.14122042, ..., -0.00795832,
          0.19181679,  0.04529787],
        [-0.32395936,  0.        , -0.45431724, ..., -0.33147824,
         -0.13647138, -0.28077182],
        [ 0.14122042,  0.45431724,  0.        , ...,  0.13333738,
          0.32849249,  0.18591936],
        ...,
        [ 0.00795832,  0.33147824, -0.13333738, ...,  0.        ,
          0.19962125,  0.05324659],
        [-0.19181679,  0.13647138, -0.32849249, ..., -0.19962125,
          0.        , -0.14716317],
        [-0.04529787,  0.28077182, -0.18591936, ..., -0.05324659,
          0.14716317,  0.        ]],

       [[ 0.        , -0.20105291, -0.32632772, ...,  0.41060809,
          0.64509742,  0.90841609],
        [ 0.20105291,  0.        , -0.12961762, ...,  0.58554607,
          0.78554937,  0.97392021],
        [ 0.32632772,  0.12961762,  0.        , ...,  0.68567955,
          0.85912977,  0.99511332],
        ...,
        [-0.41060809, -0.58554607, -0.68567955, ...,  0.        ,
          0.27446175,  0.65664284],
        [-0.64509742, -0.78554937, -0.85912977, ..., -0.27446175,
          0.        ,  0.42442695],
        [-0.90841609, -0.97392021, -0.99511332, ..., -0.65664284,
         -0.42442695,  0.        ]],

       ...,

       [[ 0.        ,  0.09705214, -0.02835538, ...,  0.94812211,
          0.96630438,  0.9620382 ],
        [-0.09705214,  0.        , -0.12523463, ...,  0.9744998 ,
          0.98672417,  0.98398367],
        [ 0.02835538,  0.12523463,  0.        , ...,  0.93872652,
          0.95861709,  0.95391277],
        ...,
        [-0.94812211, -0.9744998 , -0.93872652, ...,  0.        ,
         -0.06314568, -0.04708151],
        [-0.96630438, -0.98672417, -0.95861709, ...,  0.06314568,
          0.        ,  0.0160881 ],
        [-0.9620382 , -0.98398367, -0.95391277, ...,  0.04708151,
         -0.0160881 ,  0.        ]],

       [[ 0.        , -0.26918284, -0.3775747 , ..., -0.96844843,
         -0.99508064, -0.99916857],
        [ 0.26918284,  0.        , -0.11438037, ..., -0.99978626,
         -0.98501878, -0.95131382],
        [ 0.3775747 ,  0.11438037,  0.        , ..., -0.99085995,
         -0.95882957, -0.90981561],
        ...,
        [ 0.96844843,  0.99978626,  0.99085995, ...,  0.        ,
          0.15204557,  0.28849025],
        [ 0.99508064,  0.98501878,  0.95882957, ..., -0.15204557,
          0.        ,  0.13955509],
        [ 0.99916857,  0.95131382,  0.90981561, ..., -0.28849025,
         -0.13955509,  0.        ]],

       [[ 0.        , -0.59971164, -0.80776166, ..., -0.9559634 ,
         -0.94581153, -0.94702109],
        [ 0.59971164,  0.        , -0.29284843, ..., -0.9409843 ,
         -0.95158973, -0.95043182],
        [ 0.80776166,  0.29284843,  0.        , ..., -0.80061588,
         -0.81985782, -0.81770757],
        ...,
        [ 0.9559634 ,  0.9409843 ,  0.80061588, ...,  0.        ,
         -0.03283436, -0.02909075],
        [ 0.94581153,  0.95158973,  0.81985782, ...,  0.03283436,
          0.        ,  0.0037454 ],
        [ 0.94702109,  0.95043182,  0.81770757, ...,  0.02909075,
         -0.0037454 ,  0.        ]]]), 'num': array([ 9.95202601e-01,  8.66642618e-02,  2.41954285e-05,  6.19739659e-04,
        6.30467509e-04,  6.17264001e-04,  4.53681284e-02, -1.56791658e-05,
        6.24856018e-04,  5.64862578e-04,  5.41178786e-04,  1.18163691e-06,
        6.57203838e-04,  4.72521318e-04])}
