state_0,state_1,state_2,state_3,state_4,state_5,state_6,state_7,state_8,state_9,state_10,state_11,state_12,state_13,state_14,state_15,state_16,state_17,state_18,state_19,state_20,state_21,state_22,state_23,state_24,state_25,state_26,state_27,state_28,state_29,state_30,state_31,state_32,state_33,state_34,state_35,state_36,state_37,state_38,state_39,state_40,state_41,state_42,state_43,state_44,state_45,state_46,state_47,state_48,state_49,state_50,state_51,state_52,state_53,state_54,state_55,state_56,state_57,state_58,state_59,state_60,state_61,state_62,state_63,state_64,state_65,state_66,state_67,state_68,state_69,state_70,state_71,state_72,state_73,state_74,state_75,state_76,state_77,state_78,state_79,state_80,state_81,state_82,state_83,state_84,state_85,state_86,state_87,state_88,state_89,state_90,state_91,state_92,state_93,state_94,state_95,state_96,state_97,state_98,state_99,state_100,state_101,state_102,state_103,state_104,state_105,state_106,state_107,state_108,state_109,state_110,state_111,state_112,state_113,state_114,state_115,state_116,state_117,state_118,state_119,state_120,state_121,state_122,state_123,state_124,state_125,state_126,state_127,state_128,state_129,state_130,state_131,state_132,state_133,state_134,state_135,state_136,state_137,state_138,state_139,state_140,state_141,state_142,state_143,state_144,state_145,state_146,state_147,state_148,state_149,state_150,state_151,state_152,state_153,state_154,state_155,state_156,state_157,state_158,state_159,state_160,state_161,state_162,state_163,state_164,state_165,state_166,state_167,state_168,state_169,state_170,state_171,state_172,state_173,state_174,state_175,state_176,state_177,state_178,state_179,state_180,state_181,state_182,state_183,state_184,state_185,state_186,state_187,state_188,state_189,state_190,state_191,state_192,state_193,state_194,state_195,state_196,state_197,state_198,state_199,state_200,state_201,state_202,state_203,state_204,state_205,state_206,state_207,state_208,state_209,state_210,state_211,state_212,state_213,state_214,state_215,state_216,state_217,state_218,state_219,state_220,state_221,state_222,state_223,state_224,state_225,state_226,state_227,state_228,state_229,state_230,state_231,state_232,state_233,state_234,state_235,state_236,state_237,state_238,state_239,state_240,state_241,state_242,state_243,state_244,state_245,state_246,state_247,state_248,state_249,state_250,state_251,state_252,state_253,state_254,state_255,state_256,state_257,state_258,state_259,state_260,state_261,state_262,state_263,state_264,state_265,state_266,state_267,state_268,state_269,state_270,state_271,state_272,state_273,state_274,state_275,state_276,state_277,state_278,state_279,state_280,state_281,state_282,state_283,state_284,state_285,state_286,state_287
{'img': array([[[ 0.        ,  0.63684439, -0.53971522, ..., -0.30277306,
         -0.25851229, -0.32840939],
        [-0.63684439,  0.        , -0.95224227, ..., -0.84038833,
         -0.81450775, -0.85472325],
        [ 0.53971522,  0.95224227,  0.        , ...,  0.25949365,
          0.30374124,  0.2333095 ],
        ...,
        [ 0.30277306,  0.84038833, -0.25949365, ...,  0.        ,
          0.04610277, -0.02701484],
        [ 0.25851229,  0.81450775, -0.30374124, ..., -0.04610277,
          0.        , -0.07307206],
        [ 0.32840939,  0.85472325, -0.2333095 , ...,  0.02701484,
          0.07307206,  0.        ]],

       [[ 0.        , -0.45984561,  0.99478471, ..., -0.69214752,
         -0.85342553,  0.00433697],
        [ 0.45984561,  0.        ,  0.93027057, ..., -0.28272987,
         -0.51816258,  0.46369251],
        [-0.99478471, -0.93027057,  0.        , ..., -0.78858885,
         -0.60554334, -0.99433299],
        ...,
        [ 0.69214752,  0.28272987,  0.78858885, ...,  0.        ,
         -0.25520752,  0.69527124],
        [ 0.85342553,  0.51816258,  0.60554334, ...,  0.25520752,
          0.        ,  0.855678  ],
        [-0.00433697, -0.46369251,  0.99433299, ..., -0.69527124,
         -0.855678  ,  0.        ]],

       [[ 0.        ,  0.25744807, -0.26184137, ..., -0.76252615,
         -0.71266666, -0.67813423],
        [-0.25744807,  0.        , -0.5014812 , ..., -0.90338096,
         -0.86924474, -0.84448416],
        [ 0.26184137,  0.5014812 ,  0.        , ..., -0.56652211,
         -0.50411991, -0.46203756],
        ...,
        [ 0.76252615,  0.90338096,  0.56652211, ...,  0.        ,
          0.0738493 ,  0.12168554],
        [ 0.71266666,  0.86924474,  0.50411991, ..., -0.0738493 ,
          0.        ,  0.04805276],
        [ 0.67813423,  0.84448416,  0.46203756, ..., -0.12168554,
         -0.04805276,  0.        ]],

       ...,

       [[ 0.        ,  0.40735848, -0.06087887, ...,  0.3677342 ,
          0.05219218, -0.19145189],
        [-0.40735848,  0.        , -0.46220164, ..., -0.04297525,
         -0.35913781, -0.57467012],
        [ 0.06087887,  0.46220164,  0.        , ...,  0.42366526,
          0.11289127, -0.13134405],
        ...,
        [-0.3677342 ,  0.04297525, -0.42366526, ...,  0.        ,
         -0.31869788, -0.53896889],
        [-0.05219218,  0.35913781, -0.11289127, ...,  0.31869788,
          0.        , -0.24241769],
        [ 0.19145189,  0.57467012,  0.13134405, ...,  0.53896889,
          0.24241769,  0.        ]],

       [[ 0.        ,  0.10123268,  0.09308757, ..., -0.78289348,
         -0.75829236, -0.75427608],
        [-0.10123268,  0.        , -0.00818376, ..., -0.84185408,
         -0.82039191, -0.81686626],
        [-0.09308757,  0.00818376,  0.        , ..., -0.83740907,
         -0.81568495, -0.81211828],
        ...,
        [ 0.78289348,  0.84185408,  0.83740907, ...,  0.        ,
          0.03860375,  0.04473729],
        [ 0.75829236,  0.82039191,  0.81568495, ..., -0.03860375,
          0.        ,  0.00613884],
        [ 0.75427608,  0.81686626,  0.81211828, ..., -0.04473729,
         -0.00613884,  0.        ]],

       [[ 0.        ,  0.15190788,  0.19899268, ...,  0.10215109,
          0.23449877,  0.62929478],
        [-0.15190788,  0.        ,  0.04781343, ..., -0.05014765,
          0.08410518,  0.50393384],
        [-0.19899268, -0.04781343,  0.        , ..., -0.09784357,
          0.03636497,  0.46205901],
        ...,
        [-0.10215109,  0.05014765,  0.09784357, ...,  0.        ,
          0.13396933,  0.54661444],
        [-0.23449877, -0.08410518, -0.03636497, ..., -0.13396933,
          0.        ,  0.42950315],
        [-0.62929478, -0.50393384, -0.46205901, ..., -0.54661444,
         -0.42950315,  0.        ]]]), 'num': array([7.07049294e-01, 7.07049294e-01, 0.00000000e+00, 1.18194752e-03,
       1.20024989e-03, 1.16364516e-03, 1.23201220e-02, 9.63282416e-06,
       1.17578252e-03, 1.15319354e-03, 1.11247881e-03, 5.56810645e-07,
       1.20809650e-03, 1.09829059e-03])}
{'img': array([[[ 0.        , -0.95224227, -0.99813357, ..., -0.81450775,
         -0.85472325, -0.80341472],
        [ 0.95224227,  0.        , -0.24662141, ...,  0.30374124,
          0.2333095 ,  0.32166648],
        [ 0.99813357,  0.24662141,  0.        , ...,  0.52932892,
          0.46591829,  0.54524504],
        ...,
        [ 0.81450775, -0.30374124, -0.52932892, ...,  0.        ,
         -0.07307206,  0.01887089],
        [ 0.85472325, -0.2333095 , -0.46591829, ...,  0.07307206,
          0.        ,  0.09187949],
        [ 0.80341472, -0.32166648, -0.54524504, ..., -0.01887089,
         -0.09187949,  0.        ]],

       [[ 0.        ,  0.93027057,  0.58732938, ..., -0.51816258,
          0.46369251, -0.22530131],
        [-0.93027057,  0.        , -0.96838862, ..., -0.60554334,
         -0.99433299, -0.82369528],
        [-0.58732938,  0.96838862,  0.        , ..., -0.92170618,
         -0.14508298, -0.7545758 ],
        ...,
        [ 0.51816258,  0.60554334,  0.92170618, ...,  0.        ,
          0.855678  ,  0.31214399],
        [-0.46369251,  0.99433299,  0.14508298, ..., -0.855678  ,
          0.        , -0.65138667],
        [ 0.22530131,  0.82369528,  0.7545758 , ..., -0.31214399,
          0.65138667,  0.        ]],

       [[ 0.        , -0.5014812 , -0.73858779, ..., -0.86924474,
         -0.84448416, -0.82471876],
        [ 0.5014812 ,  0.        , -0.30092571, ..., -0.50411991,
         -0.46203756, -0.42991151],
        [ 0.73858779,  0.30092571,  0.        , ..., -0.22086316,
         -0.17374193, -0.13828697],
        ...,
        [ 0.86924474,  0.50411991,  0.22086316, ...,  0.        ,
          0.04805276,  0.08386921],
        [ 0.84448416,  0.46203756,  0.17374193, ..., -0.04805276,
          0.        ,  0.03588886],
        [ 0.82471876,  0.42991151,  0.13828697, ..., -0.08386921,
         -0.03588886,  0.        ]],

       ...,

       [[ 0.        , -0.46220164, -0.72911996, ..., -0.35913781,
         -0.57467012, -0.44364874],
        [ 0.46220164,  0.        , -0.33024095, ...,  0.11289127,
         -0.13134405,  0.02080891],
        [ 0.72911996,  0.33024095,  0.        , ...,  0.43468753,
          0.20340482,  0.34981091],
        ...,
        [ 0.35913781, -0.11289127, -0.43468753, ...,  0.        ,
         -0.24241769, -0.09219094],
        [ 0.57467012,  0.13134405, -0.20340482, ...,  0.24241769,
          0.        ,  0.15194424],
        [ 0.44364874, -0.02080891, -0.34981091, ...,  0.09219094,
         -0.15194424,  0.        ]],

       [[ 0.        , -0.00818376, -0.00205878, ..., -0.82039191,
         -0.81686626, -0.80474865],
        [ 0.00818376,  0.        ,  0.00612503, ..., -0.81568495,
         -0.81211828, -0.79986369],
        [ 0.00205878, -0.00612503,  0.        , ..., -0.81921296,
         -0.81567696, -0.80352482],
        ...,
        [ 0.82039191,  0.81568495,  0.81921296, ...,  0.        ,
          0.00613884,  0.02684094],
        [ 0.81686626,  0.81211828,  0.81567696, ..., -0.00613884,
          0.        ,  0.02070381],
        [ 0.80474865,  0.79986369,  0.80352482, ..., -0.02684094,
         -0.02070381,  0.        ]],

       [[ 0.        ,  0.03701658,  0.02130483, ...,  0.06414247,
          0.2558931 ,  0.61393281],
        [-0.03701658,  0.        , -0.01571795, ...,  0.02715815,
          0.21993361,  0.58429271],
        [-0.02130483,  0.01571795,  0.        , ...,  0.04286695,
          0.23523953,  0.59697632],
        ...,
        [-0.06414247, -0.02715815, -0.04286695, ...,  0.        ,
          0.1933593 ,  0.56203718],
        [-0.2558931 , -0.21993361, -0.23523953, ..., -0.1933593 ,
          0.        ,  0.39150064],
        [-0.61393281, -0.58429271, -0.59697632, ..., -0.56203718,
         -0.39150064,  0.        ]]]), 'num': array([7.06871773e-01, 7.06871773e-01, 0.00000000e+00, 1.24328537e-03,
       1.24617449e-03, 1.19224422e-03, 2.55610130e-02, 6.16345960e-05,
       1.19031814e-03, 1.16080094e-03, 1.11237605e-03, 6.31427539e-07,
       1.21982920e-03, 1.10177268e-03])}
{'img': array([[[ 0.        , -0.23498449, -0.23498449, ...,  0.21831287,
          0.29974137,  0.96753234],
        [ 0.23498449,  0.        ,  0.        , ...,  0.44151631,
          0.51552837,  0.99983227],
        [ 0.23498449,  0.        ,  0.        , ...,  0.44151631,
          0.51552837,  0.99983227],
        ...,
        [-0.21831287, -0.44151631, -0.44151631, ...,  0.        ,
          0.0842363 ,  0.88901635],
        [-0.29974137, -0.51552837, -0.51552837, ..., -0.0842363 ,
          0.        ,  0.84728687],
        [-0.96753234, -0.99983227, -0.99983227, ..., -0.88901635,
         -0.84728687,  0.        ]],

       [[ 0.        , -0.96838862, -0.7321227 , ..., -0.99433299,
         -0.82369528, -0.89120809],
        [ 0.96838862,  0.        ,  0.47701463, ..., -0.14508298,
         -0.7545758 ,  0.21694733],
        [ 0.7321227 , -0.47701463,  0.        , ..., -0.59948033,
         -0.97621631, -0.27497972],
        ...,
        [ 0.99433299,  0.14508298,  0.59948033, ...,  0.        ,
         -0.65138667,  0.3562795 ],
        [ 0.82369528,  0.7545758 ,  0.97621631, ...,  0.65138667,
          0.        ,  0.87896793],
        [ 0.89120809, -0.21694733,  0.27497972, ..., -0.3562795 ,
         -0.87896793,  0.        ]],

       [[ 0.        , -0.60637251, -0.84284742, ..., -0.76284081,
         -0.73440189, -0.5527708 ],
        [ 0.60637251,  0.        , -0.34389507, ..., -0.21452412,
         -0.1724282 ,  0.06575774],
        [ 0.84284742,  0.34389507,  0.        , ...,  0.13444886,
          0.17683277,  0.4048978 ],
        ...,
        [ 0.76284081,  0.21452412, -0.13444886, ...,  0.        ,
          0.04289716,  0.27828662],
        [ 0.73440189,  0.1724282 , -0.17683277, ..., -0.04289716,
          0.        ,  0.23682782],
        [ 0.5527708 , -0.06575774, -0.4048978 , ..., -0.27828662,
         -0.23682782,  0.        ]],

       ...,

       [[ 0.        , -0.33024095, -0.63184202, ..., -0.13134405,
          0.02080891,  0.33222334],
        [ 0.33024095,  0.        , -0.34042474, ...,  0.20340482,
          0.34981091,  0.62506801],
        [ 0.63184202,  0.34042474,  0.        , ...,  0.52456387,
          0.64783413,  0.85345924],
        ...,
        [ 0.13134405, -0.20340482, -0.52456387, ...,  0.        ,
          0.15194424,  0.45322904],
        [-0.02080891, -0.34981091, -0.64783413, ..., -0.15194424,
          0.        ,  0.31252442],
        [-0.33222334, -0.62506801, -0.85345924, ..., -0.45322904,
         -0.31252442,  0.        ]],

       [[ 0.        ,  0.00612503,  0.02131669, ..., -0.81211828,
         -0.79986369, -0.70304031],
        [-0.00612503,  0.        ,  0.01519265, ..., -0.81567696,
         -0.80352482, -0.70738294],
        [-0.02131669, -0.01519265,  0.        , ..., -0.82437189,
         -0.81247582, -0.71803993],
        ...,
        [ 0.81211828,  0.81567696,  0.82437189, ...,  0.        ,
          0.02070381,  0.16731893],
        [ 0.79986369,  0.80352482,  0.81247582, ..., -0.02070381,
          0.        ,  0.14687112],
        [ 0.70304031,  0.70738294,  0.71803993, ..., -0.16731893,
         -0.14687112,  0.        ]],

       [[ 0.        , -0.01401165, -0.04959156, ...,  0.18628034,
          0.37338225,  0.6410995 ],
        [ 0.01401165,  0.        , -0.03559228, ...,  0.20002845,
          0.38634389,  0.65178991],
        [ 0.04959156,  0.03559228,  0.        , ...,  0.23477468,
          0.41892781,  0.6783701 ],
        ...,
        [-0.18628034, -0.20002845, -0.23477468, ...,  0.        ,
          0.19403871,  0.4869158 ],
        [-0.37338225, -0.38634389, -0.41892781, ..., -0.19403871,
          0.        ,  0.30817852],
        [-0.6410995 , -0.65178991, -0.6783701 , ..., -0.4869158 ,
         -0.30817852,  0.        ]]]), 'num': array([8.11514614e-01, 5.83599499e-01, 1.73981003e-06, 1.44250072e-03,
       1.47443395e-03, 1.42157896e-03, 2.89910602e-02, 2.09217662e-05,
       1.38083657e-03, 1.33613006e-03, 1.27411721e-03, 7.56439145e-07,
       1.41440409e-03, 1.25785603e-03])}
{'img': array([[[ 0.        ,  0.        , -0.19290318, ...,  0.47426244,
          0.89251369,  0.99884997],
        [ 0.        ,  0.        , -0.19290318, ...,  0.47426244,
          0.89251369,  0.99884997],
        [ 0.19290318,  0.19290318,  0.        , ...,  0.63518352,
          0.96275357,  0.97084058],
        ...,
        [-0.47426244, -0.47426244, -0.63518352, ...,  0.        ,
          0.57185236,  0.90210966],
        [-0.89251369, -0.89251369, -0.96275357, ..., -0.57185236,
          0.        ,  0.49329336],
        [-0.99884997, -0.99884997, -0.97084058, ..., -0.90210966,
         -0.49329336,  0.        ]],

       [[ 0.        ,  0.87373708,  0.51745974, ..., -0.84907793,
          0.30437356,  0.27834575],
        [-0.87373708,  0.        , -0.49597178, ..., -0.87455724,
         -0.68423382, -0.70382086],
        [-0.51745974,  0.49597178,  0.        , ..., -0.99991962,
         -0.23245294, -0.25882766],
        ...,
        [ 0.84907793,  0.87455724,  0.99991962, ...,  0.        ,
          0.96958221,  0.96256422],
        [-0.30437356,  0.68423382,  0.23245294, ..., -0.96958221,
          0.        , -0.02720599],
        [-0.27834575,  0.70382086,  0.25882766, ..., -0.96256422,
          0.02720599,  0.        ]],

       [[ 0.        , -0.33664978, -0.57181576, ..., -0.1679418 ,
          0.06339468,  0.62245946],
        [ 0.33664978,  0.        , -0.26225739, ...,  0.17372929,
          0.39566695,  0.8496061 ],
        [ 0.57181576,  0.26225739,  0.        , ...,  0.42591776,
          0.62267343,  0.95818735],
        ...,
        [ 0.1679418 , -0.17372929, -0.42591776, ...,  0.        ,
          0.23009828,  0.74505861],
        [-0.06339468, -0.39566695, -0.62267343, ..., -0.23009828,
          0.        ,  0.57159143],
        [-0.62245946, -0.8496061 , -0.95818735, ..., -0.74505861,
         -0.57159143,  0.        ]],

       ...,

       [[ 0.        , -0.34042474, -0.49474731, ...,  0.34981091,
          0.62506801,  0.73986566],
        [ 0.34042474,  0.        , -0.16935528, ...,  0.64783413,
          0.85345924,  0.92469711],
        [ 0.49474731,  0.16935528,  0.        , ...,  0.76748792,
          0.92939221,  0.97581409],
        ...,
        [-0.34981091, -0.64783413, -0.76748792, ...,  0.        ,
          0.31252442,  0.45778428],
        [-0.62506801, -0.85345924, -0.92939221, ..., -0.31252442,
          0.        ,  0.15699975],
        [-0.73986566, -0.92469711, -0.97581409, ..., -0.45778428,
         -0.15699975,  0.        ]],

       [[ 0.        ,  0.01519265,  0.10202336, ..., -0.80352482,
         -0.70738294, -0.53979512],
        [-0.01519265,  0.        ,  0.08689821, ..., -0.81247582,
         -0.71803993, -0.55252194],
        [-0.10202336, -0.08689821,  0.        , ..., -0.8600636 ,
         -0.77580505, -0.62286137],
        ...,
        [ 0.80352482,  0.81247582,  0.8600636 , ...,  0.        ,
          0.14687112,  0.3550798 ],
        [ 0.70738294,  0.71803993,  0.77580505, ..., -0.14687112,
          0.        ,  0.21392877],
        [ 0.53979512,  0.55252194,  0.62286137, ..., -0.3550798 ,
         -0.21392877,  0.        ]],

       [[ 0.        , -0.03559228, -0.21363046, ...,  0.38634389,
          0.65178991,  0.48046759],
        [ 0.03559228,  0.        , -0.17872449, ...,  0.41892781,
          0.6783701 ,  0.51137804],
        [ 0.21363046,  0.17872449,  0.        , ...,  0.57446805,
          0.79876029,  0.65673235],
        ...,
        [-0.38634389, -0.41892781, -0.57446805, ...,  0.        ,
          0.30817852,  0.10433318],
        [-0.65178991, -0.6783701 , -0.79876029, ..., -0.30817852,
          0.        , -0.20724147],
        [-0.48046759, -0.51137804, -0.65673235, ..., -0.10433318,
          0.20724147,  0.        ]]]), 'num': array([8.77509887e-01, 4.79161608e-01, 3.01094693e-06, 1.56830031e-03,
       1.60030644e-03, 1.55051913e-03, 1.90431487e-02, 1.54103583e-05,
       1.50974095e-03, 1.44898857e-03, 1.37490031e-03, 8.48140093e-07,
       1.54211483e-03, 1.35586232e-03])}
{'img': array([[[ 0.        , -0.18587907, -0.28005164, ...,  0.84131807,
          0.94692768,  0.99607399],
        [ 0.18587907,  0.        , -0.09672997, ...,  0.92713125,
          0.99017543,  0.96226017],
        [ 0.28005164,  0.09672997,  0.        , ...,  0.9590319 ,
          0.99905798,  0.93142457],
        ...,
        [-0.84131807, -0.92713125, -0.9590319 , ...,  0.        ,
          0.24141375,  0.61289555],
        [-0.94692768, -0.99017543, -0.99905798, ..., -0.24141375,
          0.        ,  0.40401106],
        [-0.99607399, -0.96226017, -0.93142457, ..., -0.61289555,
         -0.40401106,  0.        ]],

       [[ 0.        , -0.49597178, -0.96955522, ..., -0.68423382,
         -0.70382086, -0.98064659],
        [ 0.49597178,  0.        , -0.96335225, ..., -0.23245294,
         -0.25882766, -0.9486378 ],
        [ 0.96955522,  0.96335225,  0.        , ...,  0.8746107 ,
          0.86109679,  0.05030806],
        ...,
        [ 0.68423382,  0.23245294, -0.8746107 , ...,  0.        ,
         -0.02720599, -0.84911257],
        [ 0.70382086,  0.25882766, -0.86109679, ...,  0.02720599,
          0.        , -0.83442774],
        [ 0.98064659,  0.9486378 , -0.05030806, ...,  0.84911257,
          0.83442774,  0.        ]],

       [[ 0.        , -0.22768891, -0.50608393, ...,  0.31133111,
          0.53343702,  0.92019414],
        [ 0.22768891,  0.        , -0.29641299, ...,  0.51952678,
          0.71201407,  0.98515588],
        [ 0.50608393,  0.29641299,  0.        , ...,  0.74945049,
          0.88814694,  0.99176573],
        ...,
        [-0.31133111, -0.51952678, -0.74945049, ...,  0.        ,
          0.24358977,  0.75258748],
        [-0.53343702, -0.71201407, -0.88814694, ..., -0.24358977,
          0.        ,  0.56951633],
        [-0.92019414, -0.98515588, -0.99176573, ..., -0.75258748,
         -0.56951633,  0.        ]],

       ...,

       [[ 0.        , -0.16935528, -0.12914408, ...,  0.85345924,
          0.92469711,  0.97790793],
        [ 0.16935528,  0.        ,  0.04065847, ...,  0.92939221,
          0.97581409,  0.99918348],
        [ 0.12914408, -0.04065847,  0.        , ...,  0.91361692,
          0.96611917,  0.99671454],
        ...,
        [-0.85345924, -0.92939221, -0.91361692, ...,  0.        ,
          0.15699975,  0.33124232],
        [-0.92469711, -0.97581409, -0.96611917, ..., -0.15699975,
          0.        ,  0.17899803],
        [-0.97790793, -0.99918348, -0.99671454, ..., -0.33124232,
         -0.17899803,  0.        ]],

       [[ 0.        ,  0.08689821,  0.206553  , ..., -0.71803993,
         -0.55252194, -0.36341947],
        [-0.08689821,  0.        ,  0.12074736, ..., -0.77580505,
         -0.62286137, -0.44300133],
        [-0.206553  , -0.12074736,  0.        , ..., -0.84631697,
         -0.71276861, -0.54801254],
        ...,
        [ 0.71803993,  0.77580505,  0.84631697, ...,  0.        ,
          0.21392877,  0.41600374],
        [ 0.55252194,  0.62286137,  0.71276861, ..., -0.21392877,
          0.        ,  0.21183406],
        [ 0.36341947,  0.44300133,  0.54801254, ..., -0.41600374,
         -0.21183406,  0.        ]],

       [[ 0.        , -0.17872449, -0.34792396, ...,  0.6783701 ,
          0.51137804,  0.61624683],
        [ 0.17872449,  0.        , -0.17476382, ...,  0.79876029,
          0.65673235,  0.74707976],
        [ 0.34792396,  0.17476382,  0.        , ...,  0.89161422,
          0.77841904,  0.85175401],
        ...,
        [-0.6783701 , -0.79876029, -0.89161422, ...,  0.        ,
         -0.20724147, -0.08148336],
        [-0.51137804, -0.65673235, -0.77841904, ...,  0.20724147,
          0.        ,  0.12683799],
        [-0.61624683, -0.74707976, -0.85175401, ...,  0.08148336,
         -0.12683799,  0.        ]]]), 'num': array([ 9.29836543e-01,  3.67676543e-01,  4.30444104e-06,  1.65341177e-03,
        1.66607189e-03,  1.62935754e-03,  1.40600136e-02, -2.15222052e-05,
        1.63492799e-03,  1.55491603e-03,  1.47152803e-03,  1.01637589e-06,
        1.66242900e-03,  1.44740305e-03])}
{'img': array([[[ 0.        , -0.09672997,  0.10077857, ...,  0.99017543,
          0.96226017,  0.97985349],
        [ 0.09672997,  0.        ,  0.19654349, ...,  0.99905798,
          0.93142457,  0.99457731],
        [-0.10077857, -0.19654349,  0.        , ...,  0.97104239,
          0.98478618,  0.95473768],
        ...,
        [-0.99017543, -0.99905798, -0.97104239, ...,  0.        ,
          0.40401106, -0.06074194],
        [-0.96226017, -0.93142457, -0.98478618, ..., -0.40401106,
          0.        , -0.458829  ],
        [-0.97985349, -0.99457731, -0.95473768, ...,  0.06074194,
          0.458829  ,  0.        ]],

       [[ 0.        , -0.98146155, -0.96748505, ..., -0.55641076,
         -0.99027644, -0.79410501],
        [ 0.98146155,  0.        ,  0.43366668, ...,  0.92214486,
          0.05326096, -0.44431576],
        [ 0.96748505, -0.43366668,  0.        , ...,  0.66315849,
         -0.38505911, -0.78887018],
        ...,
        [ 0.55641076, -0.92214486, -0.66315849, ...,  0.        ,
         -0.90023227, -0.99800336],
        [ 0.99027644, -0.05326096,  0.38505911, ...,  0.90023227,
          0.        , -0.49140002],
        [ 0.79410501,  0.44431576,  0.78887018, ...,  0.99800336,
          0.49140002,  0.        ]],

       [[ 0.        , -0.27504276, -0.34889473, ...,  0.62212325,
          0.80320173,  0.99646292],
        [ 0.27504276,  0.        , -0.07767896, ...,  0.81346549,
          0.93606878,  0.98114417],
        [ 0.34889473,  0.07767896,  0.        , ...,  0.85618664,
          0.96056916,  0.96316599],
        ...,
        [-0.62212325, -0.81346549, -0.85618664, ...,  0.        ,
          0.25823891,  0.72787081],
        [-0.80320173, -0.93606878, -0.96056916, ..., -0.25823891,
          0.        ,  0.52610411],
        [-0.99646292, -0.98114417, -0.96316599, ..., -0.72787081,
         -0.52610411,  0.        ]],

       ...,

       [[ 0.        ,  0.03822734, -0.03601337, ...,  0.92680212,
          0.96539974,  0.88372029],
        [-0.03822734,  0.        , -0.07418959, ...,  0.91176841,
          0.95472539,  0.90096533],
        [ 0.03601337,  0.07418959,  0.        , ...,  0.93972573,
          0.97416486,  0.86629221],
        ...,
        [-0.92680212, -0.91176841, -0.93972573, ...,  0.        ,
          0.12086956,  0.76563889],
        [-0.96539974, -0.95472539, -0.97416486, ..., -0.12086956,
          0.        ,  0.6822737 ],
        [-0.88372029, -0.90096533, -0.86629221, ..., -0.76563889,
         -0.6822737 ,  0.        ]],

       [[ 0.        ,  0.12074736,  0.12467462, ..., -0.62286137,
         -0.44300133, -0.27728249],
        [-0.12074736,  0.        ,  0.00395716, ..., -0.71276861,
         -0.54801254, -0.39126636],
        [-0.12467462, -0.00395716,  0.        , ..., -0.71553859,
         -0.5513183 , -0.39490498],
        ...,
        [ 0.62286137,  0.71276861,  0.71553859, ...,  0.        ,
          0.21183406,  0.38151098],
        [ 0.44300133,  0.54801254,  0.5513183 , ..., -0.21183406,
          0.        ,  0.17704099],
        [ 0.27728249,  0.39126636,  0.39490498, ..., -0.38151098,
         -0.17704099,  0.        ]],

       [[ 0.        , -0.17476382, -0.1795225 , ...,  0.65673235,
          0.74707976,  0.70733632],
        [ 0.17476382,  0.        , -0.00483514, ...,  0.77841904,
          0.85175401,  0.81998723],
        [ 0.1795225 ,  0.00483514,  0.        , ...,  0.78144517,
          0.85427739,  0.82274519],
        ...,
        [-0.65673235, -0.77841904, -0.78144517, ...,  0.        ,
          0.12683799,  0.06919   ],
        [-0.74707976, -0.85175401, -0.85427739, ..., -0.12683799,
          0.        , -0.05790284],
        [-0.70733632, -0.81998723, -0.82274519, ..., -0.06919   ,
          0.05790284,  0.        ]]]), 'num': array([ 9.79714781e-01,  1.99038965e-01,  6.10379840e-06,  1.73483514e-03,
        1.77010154e-03,  1.71584555e-03,  2.27888569e-02, -3.66227904e-05,
        1.76576106e-03,  1.67094872e-03,  1.57997952e-03,  9.66434747e-07,
        1.78892867e-03,  1.55296877e-03])}
{'img': array([[[ 0.        ,  0.19654349,  0.14378335, ...,  0.93142457,
          0.99457731,  0.9184264 ],
        [-0.19654349,  0.        , -0.05352237, ...,  0.98478618,
          0.95473768,  0.82276158],
        [-0.14378335,  0.05352237,  0.        , ...,  0.97407403,
          0.96928938,  0.85200368],
        ...,
        [-0.93142457, -0.98478618, -0.97407403, ...,  0.        ,
         -0.458829  , -0.70271099],
        [-0.99457731, -0.95473768, -0.96928938, ...,  0.458829  ,
          0.        , -0.29793045],
        [-0.9184264 , -0.82276158, -0.85200368, ...,  0.70271099,
          0.29793045,  0.        ]],

       [[ 0.        ,  0.45664834, -0.28895028, ...,  0.05570356,
         -0.45987367,  0.12877449],
        [-0.45664834,  0.        , -0.69423343, ..., -0.40638281,
         -0.81462194, -0.33828237],
        [ 0.28895028,  0.69423343,  0.        , ...,  0.34182912,
         -0.18367401,  0.40982596],
        ...,
        [-0.05570356,  0.40638281, -0.34182912, ...,  0.        ,
         -0.50862354,  0.07333478],
        [ 0.45987367,  0.81462194,  0.18367401, ...,  0.50862354,
          0.        ,  0.57039445],
        [-0.12877449,  0.33828237, -0.40982596, ..., -0.07333478,
         -0.57039445,  0.        ]],

       [[ 0.        , -0.07506488, -0.1105597 , ...,  0.8968179 ,
          0.9832852 ,  0.97388237],
        [ 0.07506488,  0.        , -0.03564308, ...,  0.92749636,
          0.99417822,  0.95409099],
        [ 0.1105597 ,  0.03564308,  0.        , ...,  0.94023154,
          0.99738698,  0.94280904],
        ...,
        [-0.8968179 , -0.92749636, -0.94023154, ...,  0.        ,
          0.2717198 ,  0.63447077],
        [-0.9832852 , -0.99417822, -0.99738698, ..., -0.2717198 ,
          0.        ,  0.40057473],
        [-0.97388237, -0.95409099, -0.94280904, ..., -0.63447077,
         -0.40057473,  0.        ]],

       ...,

       [[ 0.        , -0.07418959, -0.07090995, ...,  0.95472539,
          0.90096533,  0.95066641],
        [ 0.07418959,  0.        ,  0.0032883 , ...,  0.97416486,
          0.86629221,  0.97106125],
        [ 0.07090995, -0.0032883 ,  0.        , ...,  0.97341698,
          0.86793016,  0.97027065],
        ...,
        [-0.95472539, -0.97416486, -0.97341698, ...,  0.        ,
          0.6822737 , -0.0133578 ],
        [-0.90096533, -0.86629221, -0.86793016, ..., -0.6822737 ,
          0.        , -0.69197867],
        [-0.95066641, -0.97106125, -0.97027065, ...,  0.0133578 ,
          0.69197867,  0.        ]],

       [[ 0.        ,  0.00395716, -0.02203111, ..., -0.54801254,
         -0.39126636, -0.30321009],
        [-0.00395716,  0.        , -0.02598715, ..., -0.5513183 ,
         -0.39490498, -0.30697859],
        [ 0.02203111,  0.02598715,  0.        , ..., -0.52945116,
         -0.37089665, -0.28214253],
        ...,
        [ 0.54801254,  0.5513183 ,  0.52945116, ...,  0.        ,
          0.17704099,  0.26858798],
        [ 0.39126636,  0.39490498,  0.37089665, ..., -0.17704099,
          0.        ,  0.09380958],
        [ 0.30321009,  0.30697859,  0.28214253, ..., -0.26858798,
         -0.09380958,  0.        ]],

       [[ 0.        , -0.00478843,  0.02277993, ...,  0.80871357,
          0.78790089,  0.89552323],
        [ 0.00478843,  0.        ,  0.02756685, ...,  0.81152087,
          0.79084059,  0.89764388],
        [-0.02277993, -0.02756685,  0.        , ...,  0.7951045 ,
          0.77366851,  0.88515344],
        ...,
        [-0.80871357, -0.81152087, -0.7951045 , ...,  0.        ,
         -0.03456209,  0.16685965],
        [-0.78790089, -0.79084059, -0.77366851, ...,  0.03456209,
          0.        ,  0.20083751],
        [-0.89552323, -0.89764388, -0.88515344, ..., -0.16685965,
         -0.20083751,  0.        ]]]), 'num': array([9.13057090e-01, 4.07708065e-01, 3.93880767e-06, 1.61970841e-03,
       1.62728304e-03, 1.59193477e-03, 8.99338362e-03, 5.04975343e-06,
       1.64142235e-03, 1.56043693e-03, 1.47406511e-03, 8.55390476e-07,
       1.67204241e-03, 1.44883145e-03])}
{'img': array([[[ 0.        , -0.05352237, -0.16214334, ...,  0.95473768,
          0.82276158,  0.84379811],
        [ 0.05352237,  0.        , -0.10909681, ...,  0.96928938,
          0.85200368,  0.87131201],
        [ 0.16214334,  0.10909681,  0.        , ...,  0.99033323,
          0.90403426,  0.91964828],
        ...,
        [-0.95473768, -0.96928938, -0.99033323, ...,  0.        ,
         -0.29793045, -0.26138323],
        [-0.82276158, -0.85200368, -0.90403426, ...,  0.29793045,
          0.        ,  0.03805974],
        [-0.84379811, -0.87131201, -0.91964828, ...,  0.26138323,
         -0.03805974,  0.        ]],

       [[ 0.        , -0.69423343, -0.62941539, ..., -0.81462194,
         -0.33828237, -0.99001046],
        [ 0.69423343,  0.        ,  0.08644562, ..., -0.18367401,
          0.40982596, -0.81044266],
        [ 0.62941539, -0.08644562,  0.        , ..., -0.26796138,
          0.32943924, -0.85805022],
        ...,
        [ 0.81462194,  0.18367401,  0.26796138, ...,  0.        ,
          0.57039445, -0.68905523],
        [ 0.33828237, -0.40982596, -0.32943924, ..., -0.57039445,
          0.        , -0.97933982],
        [ 0.99001046,  0.81044266,  0.85805022, ...,  0.68905523,
          0.97933982,  0.        ]],

       [[ 0.        , -0.03564308, -0.09944809, ...,  0.99417822,
          0.95409099,  0.98972168],
        [ 0.03564308,  0.        , -0.06391851, ...,  0.99738698,
          0.94280904,  0.98399558],
        [ 0.09944809,  0.06391851,  0.        , ...,  0.99996518,
          0.91957494,  0.97059361],
        ...,
        [-0.99417822, -0.99738698, -0.99996518, ...,  0.        ,
          0.40057473,  0.24881514],
        [-0.95409099, -0.94280904, -0.91957494, ..., -0.40057473,
          0.        , -0.15999668],
        [-0.98972168, -0.98399558, -0.97059361, ..., -0.24881514,
          0.15999668,  0.        ]],

       ...,

       [[ 0.        ,  0.0032883 , -0.23385516, ...,  0.86629221,
          0.97106125,  0.92636822],
        [-0.0032883 ,  0.        , -0.23705101, ...,  0.86793016,
          0.97027065,  0.92512477],
        [ 0.23385516,  0.23705101,  0.        , ...,  0.72545174,
          0.99998689,  0.98875568],
        ...,
        [-0.86629221, -0.86793016, -0.72545174, ...,  0.        ,
         -0.69197867, -0.78901792],
        [-0.97106125, -0.97027065, -0.99998689, ...,  0.69197867,
          0.        , -0.14447513],
        [-0.92636822, -0.92512477, -0.98875568, ...,  0.78901792,
          0.14447513,  0.        ]],

       [[ 0.        , -0.02598715,  0.07823379, ..., -0.39490498,
         -0.30697859, -0.20961143],
        [ 0.02598715,  0.        ,  0.10411487, ..., -0.37089665,
         -0.28214253, -0.1841308 ],
        [-0.07823379, -0.10411487,  0.        , ..., -0.46556972,
         -0.3804941 , -0.28546479],
        ...,
        [ 0.39490498,  0.37089665,  0.46556972, ...,  0.        ,
          0.09380958,  0.19355745],
        [ 0.30697859,  0.28214253,  0.3804941 , ..., -0.09380958,
          0.        ,  0.10066835],
        [ 0.20961143,  0.1841308 ,  0.28546479, ..., -0.19355745,
         -0.10066835,  0.        ]],

       [[ 0.        ,  0.02675239, -0.09639057, ...,  0.72633871,
          0.77220586,  0.90901285],
        [-0.02675239,  0.        , -0.12298389, ...,  0.70769085,
          0.75493175,  0.89753797],
        [ 0.09639057,  0.12298389,  0.        , ...,  0.78920938,
          0.82985406,  0.94495263],
        ...,
        [-0.72633871, -0.70769085, -0.78920938, ...,  0.        ,
          0.06927003,  0.32208332],
        [-0.77220586, -0.75493175, -0.82985406, ..., -0.06927003,
          0.        ,  0.25573094],
        [-0.90901285, -0.89753797, -0.94495263, ..., -0.32208332,
         -0.25573094,  0.        ]]]), 'num': array([8.89833680e-01, 4.56064078e-01, 3.36255505e-06, 1.58310074e-03,
       1.60273609e-03, 1.56960143e-03, 1.35086354e-02, 8.59046911e-06,
       1.59070944e-03, 1.52088120e-03, 1.43591737e-03, 9.14391670e-07,
       1.63289286e-03, 1.40886954e-03])}
{'img': array([[[ 0.        , -0.10909681, -0.23541215, ...,  0.85200368,
          0.87131201,  0.90383755],
        [ 0.10909681,  0.        , -0.12797629, ...,  0.90403426,
          0.91964828,  0.94512254],
        [ 0.23541215,  0.12797629,  0.        , ...,  0.95130534,
          0.96234801,  0.97916292],
        ...,
        [-0.85200368, -0.90403426, -0.95130534, ...,  0.        ,
          0.03805974,  0.10863958],
        [-0.87131201, -0.91964828, -0.96234801, ..., -0.03805974,
          0.        ,  0.07072639],
        [-0.90383755, -0.94512254, -0.97916292, ..., -0.10863958,
         -0.07072639,  0.        ]],

       [[ 0.        ,  0.08644562,  0.04048716, ...,  0.40982596,
         -0.81044266, -0.19557044],
        [-0.08644562,  0.        , -0.04603914, ...,  0.32943924,
         -0.85805022, -0.27961466],
        [-0.04048716,  0.04603914,  0.        , ...,  0.372559  ,
         -0.83349625, -0.23511543],
        ...,
        [-0.40982596, -0.32943924, -0.372559  , ...,  0.        ,
         -0.97933982, -0.58030434],
        [ 0.81044266,  0.85805022,  0.83349625, ...,  0.97933982,
          0.        ,  0.68022405],
        [ 0.19557044,  0.27961466,  0.23511543, ...,  0.58030434,
         -0.68022405,  0.        ]],

       [[ 0.        , -0.06391851, -0.11151645, ...,  0.94280904,
          0.98399558,  0.99926274],
        [ 0.06391851,  0.        , -0.04776859, ...,  0.91957494,
          0.97059361,  0.99476538],
        [ 0.11151645,  0.04776859,  0.        , ...,  0.8997562 ,
          0.95798656,  0.98874853],
        ...,
        [-0.94280904, -0.91957494, -0.8997562 , ...,  0.        ,
         -0.15999668, -0.29689081],
        [-0.98399558, -0.97059361, -0.95798656, ...,  0.15999668,
          0.        , -0.14028347],
        [-0.99926274, -0.99476538, -0.98874853, ...,  0.29689081,
          0.14028347,  0.        ]],

       ...,

       [[ 0.        , -0.23705101, -0.2243899 , ...,  0.97027065,
          0.92512477,  0.99633828],
        [ 0.23705101,  0.        ,  0.01301192, ...,  0.99998689,
          0.98875568,  0.98820742],
        [ 0.2243899 , -0.01301192,  0.        , ...,  0.99983561,
          0.98672617,  0.99011616],
        ...,
        [-0.97027065, -0.99998689, -0.99983561, ...,  0.        ,
         -0.14447513,  0.15817928],
        [-0.92512477, -0.98875568, -0.98672617, ...,  0.14447513,
          0.        ,  0.29917597],
        [-0.99633828, -0.98820742, -0.99011616, ..., -0.15817928,
         -0.29917597,  0.        ]],

       [[ 0.        ,  0.10411487,  0.14984414, ..., -0.28214253,
         -0.1841308 , -0.0564127 ],
        [-0.10411487,  0.        ,  0.04609041, ..., -0.3804941 ,
         -0.28546479, -0.16005518],
        [-0.14984414, -0.04609041,  0.        , ..., -0.42271338,
         -0.32933397, -0.2053813 ],
        ...,
        [ 0.28214253,  0.3804941 ,  0.42271338, ...,  0.        ,
          0.10066835,  0.22757243],
        [ 0.1841308 ,  0.28546479,  0.32933397, ..., -0.10066835,
          0.        ,  0.12838944],
        [ 0.0564127 ,  0.16005518,  0.2053813 , ..., -0.22757243,
         -0.12838944,  0.        ]],

       [[ 0.        , -0.12252279, -0.31325696, ...,  0.74597024,
          0.85289148,  0.89917279],
        [ 0.12252279,  0.        , -0.19454077, ...,  0.82194751,
          0.91043325,  0.94601336],
        [ 0.31325696,  0.19454077,  0.        , ...,  0.91704701,
          0.97351187,  0.99099528],
        ...,
        [-0.74597024, -0.82194751, -0.91704701, ...,  0.        ,
          0.17854578,  0.27239854],
        [-0.85289148, -0.91043325, -0.97351187, ..., -0.17854578,
          0.        ,  0.09622755],
        [-0.89917279, -0.94601336, -0.99099528, ..., -0.27239854,
         -0.09622755,  0.        ]]]), 'num': array([9.07403139e-01, 4.19964746e-01, 3.72659322e-06, 1.62479464e-03,
       1.62603684e-03, 1.58504432e-03, 1.51482039e-02, 2.23595593e-05,
       1.60641012e-03, 1.54467289e-03, 1.45701514e-03, 9.44528236e-07,
       1.66354414e-03, 1.42580164e-03])}
{'img': array([[[ 0.        , -0.12797629, -0.2395509 , ...,  0.91964828,
          0.94512254,  0.99398552],
        [ 0.12797629,  0.        , -0.11333102, ...,  0.96234801,
          0.97916292,  0.99982709],
        [ 0.2395509 ,  0.11333102,  0.        , ...,  0.98695355,
          0.9958693 ,  0.99127805],
        ...,
        [-0.91964828, -0.96234801, -0.98695355, ...,  0.        ,
          0.07072639,  0.28966866],
        [-0.94512254, -0.97916292, -0.9958693 , ..., -0.07072639,
          0.        ,  0.22124912],
        [-0.99398552, -0.99982709, -0.99127805, ..., -0.28966866,
         -0.22124912,  0.        ]],

       [[ 0.        , -0.04603914, -0.26522791, ..., -0.85805022,
         -0.27961466, -0.14256128],
