state_0,state_1,state_2,state_3,state_4,state_5,state_6,state_7,state_8,state_9,state_10,state_11,state_12,state_13,state_14,state_15,state_16,state_17,state_18,state_19,state_20,state_21,state_22,state_23,state_24,state_25,state_26,state_27,state_28,state_29,state_30,state_31,state_32,state_33,state_34,state_35,state_36,state_37,state_38,state_39,state_40,state_41,state_42,state_43,state_44,state_45,state_46,state_47,state_48,state_49,state_50,state_51,state_52,state_53,state_54,state_55,state_56,state_57,state_58,state_59,state_60,state_61,state_62,state_63,state_64,state_65,state_66,state_67,state_68,state_69,state_70,state_71,state_72,state_73,state_74,state_75,state_76,state_77,state_78,state_79,state_80,state_81,state_82,state_83,state_84,state_85,state_86,state_87,state_88,state_89,state_90,state_91,state_92,state_93,state_94,state_95,state_96,state_97,state_98,state_99,state_100,state_101,state_102,state_103,state_104,state_105,state_106,state_107,state_108,state_109,state_110,state_111,state_112,state_113,state_114,state_115,state_116,state_117,state_118,state_119,state_120,state_121,state_122,state_123,state_124,state_125,state_126,state_127,state_128,state_129,state_130,state_131,state_132,state_133,state_134,state_135,state_136,state_137,state_138,state_139,state_140,state_141,state_142,state_143,state_144,state_145,state_146,state_147,state_148,state_149,state_150,state_151,state_152,state_153,state_154,state_155,state_156,state_157,state_158,state_159,state_160,state_161,state_162,state_163,state_164,state_165,state_166,state_167,state_168,state_169,state_170,state_171,state_172,state_173,state_174,state_175,state_176,state_177,state_178,state_179,state_180,state_181,state_182,state_183,state_184,state_185,state_186,state_187,state_188,state_189,state_190,state_191,state_192,state_193,state_194,state_195,state_196,state_197,state_198,state_199,state_200,state_201,state_202,state_203,state_204,state_205,state_206,state_207,state_208,state_209,state_210,state_211,state_212,state_213,state_214,state_215,state_216,state_217,state_218,state_219,state_220,state_221,state_222,state_223,state_224,state_225,state_226,state_227,state_228,state_229,state_230,state_231,state_232,state_233,state_234,state_235,state_236,state_237,state_238,state_239,state_240,state_241,state_242,state_243,state_244,state_245,state_246,state_247,state_248,state_249,state_250,state_251,state_252,state_253,state_254,state_255,state_256,state_257,state_258,state_259,state_260,state_261,state_262,state_263,state_264,state_265,state_266,state_267,state_268,state_269,state_270,state_271,state_272,state_273,state_274,state_275,state_276,state_277,state_278,state_279,state_280,state_281,state_282,state_283,state_284,state_285,state_286,state_287
{'img': array([[[ 0.        , -0.96416423, -0.97447644, ..., -0.65560728,
         -0.80605786, -0.69985421],
        [ 0.96416423,  0.        , -0.04208953, ..., -0.901979  ,
         -0.7844799 , -0.87436434],
        [ 0.97447644,  0.04208953,  0.        , ..., -0.88300629,
         -0.75768272, -0.85316473],
        ...,
        [ 0.65560728,  0.901979  ,  0.88300629, ...,  0.        ,
          0.22064346,  0.06017043],
        [ 0.80605786,  0.7844799 ,  0.75768272, ..., -0.22064346,
          0.        , -0.16155619],
        [ 0.69985421,  0.87436434,  0.85316473, ..., -0.06017043,
          0.16155619,  0.        ]],

       [[ 0.        ,  0.87024837,  0.31075914, ...,  0.00112444,
          0.01614166,  0.04529686],
        [-0.87024837,  0.        , -0.67407717, ..., -0.8696939 ,
         -0.86218339, -0.84704129],
        [-0.31075914,  0.67407717,  0.        , ..., -0.30969018,
         -0.29537619, -0.26738602],
        ...,
        [-0.00112444,  0.8696939 ,  0.30969018, ...,  0.        ,
          0.01501736,  0.04417354],
        [-0.01614166,  0.86218339,  0.29537619, ..., -0.01501736,
          0.        ,  0.02916586],
        [-0.04529686,  0.84704129,  0.26738602, ..., -0.04417354,
         -0.02916586,  0.        ]],

       [[ 0.        , -0.55078726, -0.776659  , ..., -0.        ,
         -0.32741138, -0.44073392],
        [ 0.55078726,  0.        , -0.30128247, ..., -0.55078726,
         -0.7937014 , -0.86226412],
        [ 0.776659  ,  0.30128247,  0.        , ..., -0.776659  ,
         -0.94009442, -0.97478614],
        ...,
        [ 0.        ,  0.55078726,  0.776659  , ...,  0.        ,
          0.32741138,  0.44073392],
        [ 0.32741138,  0.7937014 ,  0.94009442, ..., -0.32741138,
          0.        ,  0.12254467],
        [ 0.44073392,  0.86226412,  0.97478614, ..., -0.44073392,
         -0.12254467,  0.        ]],

       ...,

       [[ 0.        , -0.52410842, -0.22094329, ...,  0.21426216,
          0.36480591,  0.28246748],
        [ 0.52410842,  0.        ,  0.32298926, ...,  0.69441333,
          0.79867627,  0.74332895],
        [ 0.22094329, -0.32298926,  0.        , ...,  0.42477917,
          0.561507  ,  0.48743255],
        ...,
        [-0.21426216, -0.69441333, -0.42477917, ...,  0.        ,
          0.15683774,  0.07037077],
        [-0.36480591, -0.79867627, -0.561507  , ..., -0.15683774,
          0.        , -0.08694904],
        [-0.28246748, -0.74332895, -0.48743255, ..., -0.07037077,
          0.08694904,  0.        ]],

       [[ 0.        ,  0.28913588,  0.15942399, ..., -0.6655616 ,
         -0.58164161, -0.28913588],
        [-0.28913588,  0.        , -0.1328232 , ..., -0.42133966,
         -0.32160239, -0.        ],
        [-0.15942399,  0.1328232 ,  0.        , ..., -0.53806424,
         -0.44451986, -0.1328232 ],
        ...,
        [ 0.6655616 ,  0.42133966,  0.53806424, ...,  0.        ,
         -0.10729377, -0.42133966],
        [ 0.58164161,  0.32160239,  0.44451986, ...,  0.10729377,
          0.        , -0.32160239],
        [ 0.28913588,  0.        ,  0.1328232 , ...,  0.42133966,
          0.32160239,  0.        ]],

       [[ 0.        , -0.58230512, -0.7510975 , ..., -0.21067421,
         -0.28542348, -0.35143169],
        [ 0.58230512,  0.        , -0.22618721, ..., -0.74050794,
         -0.79012292, -0.83086546],
        [ 0.7510975 ,  0.22618721,  0.        , ..., -0.8733254 ,
         -0.90828707, -0.93519978],
        ...,
        [ 0.21067421,  0.74050794,  0.8733254 , ...,  0.        ,
          0.07710705,  0.14630822],
        [ 0.28542348,  0.79012292,  0.90828707, ..., -0.07710705,
          0.        ,  0.06959533],
        [ 0.35143169,  0.83086546,  0.93519978, ..., -0.14630822,
         -0.06959533,  0.        ]]]), 'num': array([7.05884348e-01, 7.05884348e-01, 0.00000000e+00, 2.05536913e-02,
       2.05952139e-02, 2.03045557e-02, 9.31750730e-03, 8.30452174e-05,
       2.04540370e-02, 2.04166667e-02, 2.09709935e-02, 4.89753846e-06,
       2.07241584e-02, 2.01091750e-02])}
{'img': array([[[ 0.        , -0.05873164,  0.19183669, ..., -0.8938963 ,
         -0.96082084, -0.91868112],
        [ 0.05873164,  0.        ,  0.24914636, ..., -0.8660254 ,
         -0.94288362, -0.8938963 ],
        [-0.19183669, -0.24914636,  0.        , ..., -0.9632892 ,
         -0.99614679, -0.97739382],
        ...,
        [ 0.8938963 ,  0.8660254 ,  0.9632892 , ...,  0.        ,
         -0.18294941, -0.05873164],
        [ 0.96082084,  0.94288362,  0.99614679, ...,  0.18294941,
          0.        ,  0.12489321],
        [ 0.91868112,  0.8938963 ,  0.97739382, ...,  0.05873164,
         -0.12489321,  0.        ]],

       [[ 0.        , -0.67407717, -0.60019242, ..., -0.86218339,
         -0.84704129, -0.95437053],
        [ 0.67407717,  0.        ,  0.09582574, ..., -0.29537619,
         -0.26738602, -0.50365993],
        [ 0.60019242, -0.09582574,  0.        , ..., -0.385567  ,
         -0.35849222, -0.58412619],
        ...,
        [ 0.86218339,  0.29537619,  0.385567  , ...,  0.        ,
          0.02916586, -0.22601106],
        [ 0.84704129,  0.26738602,  0.35849222, ..., -0.02916586,
          0.        , -0.25432609],
        [ 0.95437053,  0.50365993,  0.58412619, ...,  0.22601106,
          0.25432609,  0.        ]],

       [[ 0.        , -0.62971773, -0.78276485, ..., -0.34141085,
         -0.45904693, -0.54734072],
        [ 0.62971773,  0.        , -0.21618612, ..., -0.85709676,
         -0.91604749, -0.95220441],
        [ 0.78276485,  0.21618612,  0.        , ..., -0.94819775,
         -0.98109068, -0.99572339],
        ...,
        [ 0.34141085,  0.85709676,  0.94819775, ...,  0.        ,
          0.12815122,  0.22872319],
        [ 0.45904693,  0.91604749,  0.98109068, ..., -0.12815122,
          0.        ,  0.10208317],
        [ 0.54734072,  0.95220441,  0.99572339, ..., -0.22872319,
         -0.10208317,  0.        ]],

       ...,

       [[ 0.        ,  0.32298926,  0.21639962, ...,  0.79867627,
          0.74332895,  0.97648427],
        [-0.32298926,  0.        , -0.11053482, ...,  0.561507  ,
          0.48743255,  0.85451446],
        [-0.21639962,  0.11053482,  0.        , ...,  0.6495307 ,
          0.58096034,  0.90669305],
        ...,
        [-0.79867627, -0.561507  , -0.6495307 , ...,  0.        ,
         -0.08694904,  0.41542454],
        [-0.74332895, -0.48743255, -0.58096034, ...,  0.08694904,
          0.        ,  0.49294248],
        [-0.97648427, -0.85451446, -0.90669305, ..., -0.41542454,
         -0.49294248,  0.        ]],

       [[ 0.        , -0.12850082, -0.47286006, ..., -0.56991506,
         -0.49054973, -0.        ],
        [ 0.12850082,  0.        , -0.35571287, ..., -0.67077972,
         -0.59846009, -0.12850082],
        [ 0.47286006,  0.35571287,  0.        , ..., -0.89072438,
         -0.84429828, -0.47286006],
        ...,
        [ 0.56991506,  0.67077972,  0.89072438, ...,  0.        ,
         -0.09354503, -0.56991506],
        [ 0.49054973,  0.59846009,  0.84429828, ...,  0.09354503,
          0.        , -0.49054973],
        [ 0.        ,  0.12850082,  0.47286006, ...,  0.56991506,
          0.49054973,  0.        ]],

       [[ 0.        , -0.55558466, -0.60116304, ..., -0.29945599,
         -0.36848628, -0.59346913],
        [ 0.55558466,  0.        , -0.05586064, ..., -0.77907461,
         -0.82287153, -0.94061189],
        [ 0.60116304,  0.05586064,  0.        , ..., -0.81287892,
         -0.85332823, -0.95810698],
        ...,
        [ 0.29945599,  0.77907461,  0.81287892, ...,  0.        ,
          0.07319226,  0.32521572],
        [ 0.36848628,  0.82287153,  0.85332823, ..., -0.07319226,
          0.        ,  0.25512993],
        [ 0.59346913,  0.94061189,  0.95810698, ..., -0.32521572,
         -0.25512993,  0.        ]]]), 'num': array([7.05865210e-01, 7.05865210e-01, 0.00000000e+00, 2.05531341e-02,
       2.06361770e-02, 2.04700911e-02, 1.15030286e-02, 0.00000000e+00,
       2.05199169e-02, 2.04015806e-02, 2.09552004e-02, 4.39639231e-06,
       2.06483105e-02, 2.01548508e-02])}
{'img': array([[[ 0.        ,  0.24914636,  0.18294941, ..., -0.94288362,
         -0.8938963 , -0.8938963 ],
        [-0.24914636,  0.        , -0.0677611 , ..., -0.99614679,
         -0.97739382, -0.97739382],
        [-0.18294941,  0.0677611 ,  0.        , ..., -0.98791447,
         -0.96082084, -0.96082084],
        ...,
        [ 0.94288362,  0.99614679,  0.98791447, ...,  0.        ,
          0.12489321,  0.12489321],
        [ 0.8938963 ,  0.97739382,  0.96082084, ..., -0.12489321,
          0.        ,  0.        ],
        [ 0.8938963 ,  0.97739382,  0.96082084, ..., -0.12489321,
          0.        ,  0.        ]],

       [[ 0.        ,  0.09582574, -0.18339071, ..., -0.26738602,
         -0.50365993, -0.38209324],
        [-0.09582574,  0.        , -0.27674732, ..., -0.35849222,
         -0.58412619, -0.46888974],
        [ 0.18339071,  0.27674732,  0.        , ..., -0.08613782,
         -0.3366863 , -0.20613726],
        ...,
        [ 0.26738602,  0.35849222,  0.08613782, ...,  0.        ,
         -0.25432609, -0.12108325],
        [ 0.50365993,  0.58412619,  0.3366863 , ...,  0.25432609,
          0.        ,  0.135353  ],
        [ 0.38209324,  0.46888974,  0.20613726, ...,  0.12108325,
         -0.135353  ,  0.        ]],

       [[ 0.        , -0.56354267, -0.81823827, ..., -0.48521274,
         -0.57745132, -0.67356232],
        [ 0.56354267,  0.        , -0.35196699, ..., -0.89358744,
         -0.93711539, -0.97295259],
        [ 0.81823827,  0.35196699,  0.        , ..., -0.99440311,
         -0.99999505, -0.9920018 ],
        ...,
        [ 0.48521274,  0.89358744,  0.99440311, ...,  0.        ,
          0.10878133,  0.23032479],
        [ 0.57745132,  0.93711539,  0.99999505, ..., -0.10878133,
          0.        ,  0.12310136],
        [ 0.67356232,  0.97295259,  0.9920018 , ..., -0.23032479,
         -0.12310136,  0.        ]],

       ...,

       [[ 0.        , -0.11053482, -0.25417609, ...,  0.48743255,
          0.85451446,  0.51162662],
        [ 0.11053482,  0.        , -0.14571393, ...,  0.58096034,
          0.90669305,  0.60346389],
        [ 0.25417609,  0.14571393,  0.        , ...,  0.69336082,
          0.95847654,  0.71321386],
        ...,
        [-0.48743255, -0.58096034, -0.69336082, ...,  0.        ,
          0.49294248,  0.02792634],
        [-0.85451446, -0.90669305, -0.95847654, ..., -0.49294248,
          0.        , -0.46845258],
        [-0.51162662, -0.60346389, -0.71321386, ..., -0.02792634,
          0.46845258,  0.        ]],

       [[ 0.        , -0.45148609, -0.57847778, ..., -0.57932012,
         -0.34014622, -0.        ],
        [ 0.45148609,  0.        , -0.14788672, ..., -0.88492105,
         -0.72807018, -0.45148609],
        [ 0.57847778,  0.14788672,  0.        , ..., -0.94406765,
         -0.82144127, -0.57847778],
        ...,
        [ 0.57932012,  0.88492105,  0.94406765, ...,  0.        ,
         -0.26752351, -0.57932012],
        [ 0.34014622,  0.72807018,  0.82144127, ...,  0.26752351,
          0.        , -0.34014622],
        [ 0.        ,  0.45148609,  0.57847778, ...,  0.57932012,
          0.34014622,  0.        ]],

       [[ 0.        , -0.26338453, -0.42731372, ..., -0.3844215 ,
         -0.61708219, -0.68985926],
        [ 0.26338453,  0.        , -0.17409881, ..., -0.61399339,
         -0.80255054, -0.85617649],
        [ 0.42731372,  0.17409881,  0.        , ..., -0.74203474,
         -0.89415873, -0.93305511],
        ...,
        [ 0.3844215 ,  0.61399339,  0.74203474, ...,  0.        ,
          0.26716338,  0.35854943],
        [ 0.61708219,  0.80255054,  0.89415873, ..., -0.26716338,
          0.        ,  0.09611672],
        [ 0.68985926,  0.85617649,  0.93305511, ..., -0.35854943,
         -0.09611672,  0.        ]]]), 'num': array([7.05739685e-01, 7.05739685e-01, 0.00000000e+00, 2.08815919e-02,
       2.10476483e-02, 2.04249368e-02, 2.12288158e-02, 3.32112793e-04,
       2.06075988e-02, 2.04332396e-02, 2.09424792e-02, 5.53521322e-06,
       2.07378524e-02, 2.01286268e-02])}
{'img': array([[[ 0.        , -0.0677611 ,  0.15131427, ..., -0.97739382,
         -0.97739382, -0.79920162],
        [ 0.0677611 ,  0.        ,  0.21794737, ..., -0.96082084,
         -0.96082084, -0.75663603],
        [-0.15131427, -0.21794737,  0.        , ..., -0.99813172,
         -0.99813172, -0.8809488 ],
        ...,
        [ 0.97739382,  0.96082084,  0.99813172, ...,  0.        ,
          0.        ,  0.4185026 ],
        [ 0.97739382,  0.96082084,  0.99813172, ...,  0.        ,
          0.        ,  0.4185026 ],
        [ 0.79920162,  0.75663603,  0.8809488 , ..., -0.4185026 ,
         -0.4185026 ,  0.        ]],

       [[ 0.        , -0.27674732, -0.08606827, ..., -0.58412619,
         -0.46888974, -0.02124129],
        [ 0.27674732,  0.        ,  0.19301369, ..., -0.3366863 ,
         -0.20613726,  0.25627321],
        [ 0.08606827, -0.19301369,  0.        , ..., -0.51210022,
         -0.39112942,  0.06488638],
        ...,
        [ 0.58412619,  0.3366863 ,  0.51210022, ...,  0.        ,
          0.135353  ,  0.56675364],
        [ 0.46888974,  0.20613726,  0.39112942, ..., -0.135353  ,
          0.        ,  0.45002243],
        [ 0.02124129, -0.25627321, -0.06488638, ..., -0.56675364,
         -0.45002243,  0.        ]],

       [[ 0.        , -0.68888808, -0.80936818, ..., -0.60140835,
         -0.69985421, -0.80158294],
        [ 0.68888808,  0.        , -0.18209981, ..., -0.98632298,
         -0.99936464, -0.99291648],
        [ 0.80936818,  0.18209981,  0.        , ..., -0.99984614,
         -0.98914562, -0.95467889],
        ...,
        [ 0.60140835,  0.98632298,  0.99984614, ...,  0.        ,
          0.12956539,  0.28084593],
        [ 0.69985421,  0.99936464,  0.98914562, ..., -0.12956539,
          0.        ,  0.15412789],
        [ 0.80158294,  0.99291648,  0.95467889, ..., -0.28084593,
         -0.15412789,  0.        ]],

       ...,

       [[ 0.        , -0.12953703,  0.02396449, ...,  0.76016929,
          0.51520737,  0.98797044],
        [ 0.12953703,  0.        ,  0.1532624 , ...,  0.837928  ,
          0.62188826,  0.9596144 ],
        [-0.02396449, -0.1532624 ,  0.        , ...,  0.74438065,
          0.49452028,  0.99139264],
        ...,
        [-0.76016929, -0.837928  , -0.74438065, ...,  0.        ,
         -0.31677178,  0.7594639 ],
        [-0.51520737, -0.62188826, -0.49452028, ...,  0.31677178,
          0.        ,  0.92642857],
        [-0.98797044, -0.9596144 , -0.99139264, ..., -0.7594639 ,
         -0.92642857,  0.        ]],

       [[ 0.        , -0.39411646, -0.57641088, ..., -0.34938798,
         -0.        , -0.38729247],
        [ 0.39411646,  0.        , -0.20770026, ..., -0.6903872 ,
         -0.39411646, -0.71930361],
        [ 0.57641088,  0.20770026,  0.        , ..., -0.82559029,
         -0.57641088, -0.84790592],
        ...,
        [ 0.34938798,  0.6903872 ,  0.82559029, ...,  0.        ,
         -0.34938798,  0.04076392],
        [ 0.        ,  0.39411646,  0.57641088, ...,  0.34938798,
          0.        ,  0.38729247],
        [ 0.38729247,  0.71930361,  0.84790592, ..., -0.04076392,
         -0.38729247,  0.        ]],

       [[ 0.        , -0.34575828, -0.35624075, ..., -0.62193498,
         -0.69502842, -0.6610083 ],
        [ 0.34575828,  0.        , -0.01119458, ..., -0.85432883,
         -0.90075565, -0.87968931],
        [ 0.35624075,  0.01119458,  0.        , ..., -0.86009349,
         -0.90556131, -0.88495775],
        ...,
        [ 0.62193498,  0.85432883,  0.86009349, ...,  0.        ,
          0.09709491,  0.05092834],
        [ 0.69502842,  0.90075565,  0.90556131, ..., -0.09709491,
          0.        , -0.0462812 ],
        [ 0.6610083 ,  0.87968931,  0.88495775, ..., -0.05092834,
          0.0462812 ,  0.        ]]]), 'num': array([7.05665185e-01, 7.05665185e-01, 0.00000000e+00, 2.12529750e-02,
       2.13359944e-02, 2.07963681e-02, 2.46442358e-02, 3.73587451e-04,
       2.07382545e-02, 2.04746678e-02, 2.09347338e-02, 6.05350036e-06,
       2.09434704e-02, 2.00058652e-02])}
{'img': array([[[ 0.        ,  0.21794737,  0.21794737, ..., -0.96082084,
         -0.75663603, -0.39208022],
        [-0.21794737,  0.        ,  0.        , ..., -0.99813172,
         -0.8809488 , -0.58315136],
        [-0.21794737,  0.        ,  0.        , ..., -0.99813172,
         -0.8809488 , -0.58315136],
        ...,
        [ 0.96082084,  0.99813172,  0.99813172, ...,  0.        ,
          0.4185026 ,  0.77521596],
        [ 0.75663603,  0.8809488 ,  0.8809488 , ..., -0.4185026 ,
          0.        ,  0.43969668],
        [ 0.39208022,  0.58315136,  0.58315136, ..., -0.77521596,
         -0.43969668,  0.        ]],

       [[ 0.        ,  0.19301369, -0.06798726, ..., -0.20613726,
          0.25627321,  0.39056121],
        [-0.19301369,  0.        , -0.25927593, ..., -0.39112942,
          0.06488638,  0.20553316],
        [ 0.06798726,  0.25927593,  0.        , ..., -0.13913319,
          0.32139703,  0.45224503],
        ...,
        [ 0.20613726,  0.39112942,  0.13913319, ...,  0.        ,
          0.45002243,  0.57193837],
        [-0.25627321, -0.06488638, -0.32139703, ..., -0.45002243,
          0.        ,  0.14159896],
        [-0.39056121, -0.20553316, -0.45224503, ..., -0.57193837,
         -0.14159896,  0.        ]],

       [[ 0.        , -0.35383793, -0.24839176, ..., -0.8911723 ,
         -0.95434623, -0.99619655],
        [ 0.35383793,  0.        ,  0.11042604, ..., -0.99404335,
         -0.9982988 , -0.96258086],
        [ 0.24839176, -0.11042604,  0.        , ..., -0.9759293 ,
         -0.99863197, -0.98661891],
        ...,
        [ 0.8911723 ,  0.99404335,  0.9759293 , ...,  0.        ,
          0.16675794,  0.37428763],
        [ 0.95434623,  0.9982988 ,  0.99863197, ..., -0.16675794,
          0.        ,  0.21441005],
        [ 0.99619655,  0.96258086,  0.98661891, ..., -0.37428763,
         -0.21441005,  0.        ]],

       ...,

       [[ 0.        ,  0.13798308,  0.07587046, ...,  0.55348824,
          0.94244033,  0.92876776],
        [-0.13798308,  0.        , -0.06244064, ...,  0.43327372,
          0.88728749,  0.97102882],
        [-0.07587046,  0.06244064,  0.        , ...,  0.48870366,
          0.91435478,  0.95421307],
        ...,
        [-0.55348824, -0.43327372, -0.48870366, ...,  0.        ,
          0.59984573,  0.97868788],
        [-0.94244033, -0.88728749, -0.91435478, ..., -0.59984573,
          0.        ,  0.65988313],
        [-0.92876776, -0.97102882, -0.95421307, ..., -0.97868788,
         -0.65988313,  0.        ]],

       [[ 0.        , -0.44846241, -0.49409534, ..., -0.        ,
         -0.39503676, -0.67554164],
        [ 0.44846241,  0.        , -0.05172657, ..., -0.44846241,
         -0.76507139, -0.93446139],
        [ 0.49409534,  0.05172657,  0.        , ..., -0.49409534,
         -0.79735626, -0.95162841],
        ...,
        [ 0.        ,  0.44846241,  0.49409534, ...,  0.        ,
          0.39503676,  0.67554164],
        [ 0.39503676,  0.76507139,  0.79735626, ..., -0.39503676,
          0.        ,  0.32932745],
        [ 0.67554164,  0.93446139,  0.95162841, ..., -0.67554164,
         -0.32932745,  0.        ]],

       [[ 0.        , -0.08995808, -0.35474112, ..., -0.7041609 ,
         -0.66991725, -0.40328784],
        [ 0.08995808,  0.        , -0.26919522, ..., -0.76517979,
         -0.7339892 , -0.48397096],
        [ 0.35474112,  0.26919522,  0.        , ..., -0.91024603,
         -0.88972138, -0.70167392],
        ...,
        [ 0.7041609 ,  0.76517979,  0.91024603, ...,  0.        ,
         -0.04712591, -0.35800808],
        [ 0.66991725,  0.7339892 ,  0.88972138, ...,  0.04712591,
          0.        , -0.31360798],
        [ 0.40328784,  0.48397096,  0.70167392, ...,  0.35800808,
          0.31360798,  0.        ]]]), 'num': array([7.05699532e-01, 7.05699532e-01, 0.00000000e+00, 2.12955212e-02,
       2.12955212e-02, 2.10464507e-02, 2.20831649e-02, 4.15117372e-05,
       2.09053108e-02, 2.05171761e-02, 2.09316016e-02, 6.00595346e-06,
       2.11065112e-02, 1.99278410e-02])}
{'img': array([[[ 0.        ,  0.        , -0.21794737, ..., -0.8809488 ,
         -0.58315136, -0.53939976],
        [ 0.        ,  0.        , -0.21794737, ..., -0.8809488 ,
         -0.58315136, -0.53939976],
        [ 0.21794737,  0.21794737,  0.        , ..., -0.75663603,
         -0.39208022, -0.34291033],
        ...,
        [ 0.8809488 ,  0.8809488 ,  0.75663603, ...,  0.        ,
          0.43969668,  0.48655255],
        [ 0.58315136,  0.58315136,  0.39208022, ..., -0.43969668,
          0.        ,  0.05285381],
        [ 0.53939976,  0.53939976,  0.34291033, ..., -0.48655255,
         -0.05285381,  0.        ]],

       [[ 0.        , -0.25927593, -0.05759502, ...,  0.06488638,
          0.20553316,  0.1008618 ],
        [ 0.25927593,  0.        ,  0.20322008, ...,  0.32139703,
          0.45224503,  0.3553664 ],
        [ 0.05759502, -0.20322008,  0.        , ...,  0.12225232,
          0.26155736,  0.15799569],
        ...,
        [-0.06488638, -0.32139703, -0.12225232, ...,  0.        ,
          0.14159896,  0.03609376],
        [-0.20553316, -0.45224503, -0.26155736, ..., -0.14159896,
          0.        , -0.10577661],
        [-0.1008618 , -0.3553664 , -0.15799569, ..., -0.03609376,
          0.10577661,  0.        ]],

       [[ 0.        ,  0.11042604,  0.18757418, ..., -0.9982988 ,
         -0.96258086, -0.866471  ],
        [-0.11042604,  0.        ,  0.07796101, ..., -0.99863197,
         -0.98661891, -0.91629967],
        [-0.18757418, -0.07796101,  0.        , ..., -0.991516  ,
         -0.99632707, -0.94473369],
        ...,
        [ 0.9982988 ,  0.99863197,  0.991516  , ...,  0.        ,
          0.21441005,  0.44785829],
        [ 0.96258086,  0.98661891,  0.99632707, ..., -0.21441005,
          0.        ,  0.24573778],
        [ 0.866471  ,  0.91629967,  0.94473369, ..., -0.44785829,
         -0.24573778,  0.        ]],

       ...,

       [[ 0.        , -0.06244064, -0.19276775, ...,  0.88728749,
          0.97102882,  0.99964179],
        [ 0.06244064,  0.        , -0.13112207, ...,  0.91435478,
          0.95421307,  0.99602002],
        [ 0.19276775,  0.13112207,  0.        , ...,  0.95955361,
          0.90675236,  0.97573374],
        ...,
        [-0.88728749, -0.91435478, -0.95955361, ...,  0.        ,
          0.65988313,  0.48479866],
        [-0.97102882, -0.95421307, -0.90675236, ..., -0.65988313,
          0.        , -0.21288847],
        [-0.99964179, -0.99602002, -0.97573374, ..., -0.48479866,
          0.21288847,  0.        ]],

       [[ 0.        , -0.2255219 , -0.36880377, ..., -0.40547908,
         -0.69127509, -0.8193582 ],
        [ 0.2255219 ,  0.        , -0.14967844, ..., -0.60118371,
         -0.83642678, -0.9275376 ],
        [ 0.36880377,  0.14967844,  0.        , ..., -0.71402088,
         -0.90903977, -0.97302794],
        ...,
        [ 0.40547908,  0.60118371,  0.71402088, ...,  0.        ,
          0.33890174,  0.51652506],
        [ 0.69127509,  0.83642678,  0.90903977, ..., -0.33890174,
          0.        ,  0.19576593],
        [ 0.8193582 ,  0.9275376 ,  0.97302794, ..., -0.51652506,
         -0.19576593,  0.        ]],

       [[ 0.        , -0.34187896, -0.48704811, ..., -0.69633766,
         -0.45926501, -0.        ],
        [ 0.34187896,  0.        , -0.15911195, ..., -0.89975057,
         -0.73528238, -0.34187896],
        [ 0.48704811,  0.15911195,  0.        , ..., -0.95772541,
         -0.83375514, -0.48704811],
        ...,
        [ 0.69633766,  0.89975057,  0.95772541, ...,  0.        ,
         -0.28893518, -0.69633766],
        [ 0.45926501,  0.73528238,  0.83375514, ...,  0.28893518,
          0.        , -0.45926501],
        [ 0.        ,  0.34187896,  0.48704811, ...,  0.69633766,
          0.45926501,  0.        ]]]), 'num': array([7.05179323e-01, 7.05179323e-01, 0.00000000e+00, 2.17775967e-02,
       2.19850024e-02, 2.11138986e-02, 4.34187205e-02, 4.97773640e-04,
       2.11387872e-02, 2.05725697e-02, 2.09182459e-02, 6.37031741e-06,
       2.13779770e-02, 1.97671624e-02])}
{'img': array([[[ 0.        , -0.21794737, -0.21794737, ..., -0.58315136,
         -0.53939976,  0.32020008],
        [ 0.21794737,  0.        ,  0.        , ..., -0.39208022,
         -0.34291033,  0.51897506],
        [ 0.21794737,  0.        ,  0.        , ..., -0.39208022,
         -0.34291033,  0.51897506],
        ...,
        [ 0.58315136,  0.39208022,  0.39208022, ...,  0.        ,
          0.05285381,  0.81256727],
        [ 0.53939976,  0.34291033,  0.34291033, ..., -0.05285381,
          0.        ,  0.78062475],
        [-0.32020008, -0.51897506, -0.51897506, ..., -0.81256727,
         -0.78062475,  0.        ]],

       [[ 0.        ,  0.20322008, -0.10416821, ...,  0.45224503,
          0.3553664 ,  0.95206559],
        [-0.20322008,  0.        , -0.30410904, ...,  0.26155736,
          0.15799569,  0.87003512],
        [ 0.10416821,  0.30410904,  0.        , ...,  0.54269165,
          0.45080194,  0.97875049],
        ...,
        [-0.45224503, -0.26155736, -0.54269165, ...,  0.        ,
         -0.10577661,  0.71080231],
        [-0.3553664 , -0.15799569, -0.45080194, ...,  0.10577661,
          0.        ,  0.78121706],
        [-0.95206559, -0.87003512, -0.97875049, ..., -0.71080231,
         -0.78121706,  0.        ]],

       [[ 0.        ,  0.07796101,  0.05067637, ..., -0.98661891,
         -0.91629967, -0.71337423],
        [-0.07796101,  0.        , -0.02733871, ..., -0.99632707,
         -0.94473369, -0.76583679],
        [-0.05067637,  0.02733871,  0.        , ..., -0.99361368,
         -0.93541789, -0.74797079],
        ...,
        [ 0.98661891,  0.99632707,  0.99361368, ...,  0.        ,
          0.24573778,  0.57509514],
        [ 0.91629967,  0.94473369,  0.93541789, ..., -0.24573778,
          0.        ,  0.35642585],
        [ 0.71337423,  0.76583679,  0.74797079, ..., -0.57509514,
         -0.35642585,  0.        ]],

       ...,

       [[ 0.        , -0.12431484,  0.14131263, ...,  0.98303071,
          0.97490941,  0.93704418],
        [ 0.12431484,  0.        ,  0.26328378, ...,  0.99820961,
          0.9950196 ,  0.88636327],
        [-0.14131263, -0.26328378,  0.        , ...,  0.94724348,
          0.93366975,  0.97698886],
        ...,
        [-0.98303071, -0.99820961, -0.94724348, ...,  0.        ,
         -0.03998614,  0.51517736],
        [-0.97490941, -0.9950196 , -0.93366975, ...,  0.03998614,
          0.        ,  0.54903681],
        [-0.93704418, -0.88636327, -0.97698886, ..., -0.51517736,
         -0.54903681,  0.        ]],

       [[ 0.        , -0.29761658, -0.27349466, ..., -0.69503927,
         -0.8232261 , -0.95407783],
        [ 0.29761658,  0.        ,  0.02516812, ..., -0.87752182,
         -0.954883  , -0.99999793],
        [ 0.27349466, -0.02516812,  0.        , ..., -0.86517481,
         -0.94710604, -0.99962994],
        ...,
        [ 0.69503927,  0.87752182,  0.86517481, ...,  0.        ,
          0.19729306,  0.47774989],
        [ 0.8232261 ,  0.954883  ,  0.94710604, ..., -0.19729306,
          0.        ,  0.29503836],
        [ 0.95407783,  0.99999793,  0.99962994, ..., -0.47774989,
         -0.29503836,  0.        ]],

       [[ 0.        , -0.17271148, -0.28024362, ..., -0.869391  ,
         -0.78078328, -0.26771018],
        [ 0.17271148,  0.        , -0.11024151, ..., -0.94166721,
         -0.8769605 , -0.43009458],
        [ 0.28024362,  0.11024151,  0.        , ..., -0.97302887,
         -0.9245932 , -0.52699733],
        ...,
        [ 0.869391  ,  0.94166721,  0.97302887, ...,  0.        ,
         -0.15739282, -0.70537554],
        [ 0.78078328,  0.8769605 ,  0.9245932 , ...,  0.15739282,
          0.        , -0.58501845],
        [ 0.26771018,  0.43009458,  0.52699733, ...,  0.70537554,
          0.58501845,  0.        ]]]), 'num': array([7.05549931e-01, 7.05549931e-01, 0.00000000e+00, 2.18720479e-02,
       2.18720479e-02, 2.15815273e-02, 2.82194241e-02, 8.30058743e-05,
       2.14155156e-02, 2.06643124e-02, 2.09326981e-02, 6.44011094e-06,
       2.16305022e-02, 1.96981226e-02])}
{'img': array([[[ 0.        ,  0.        ,  0.06307776, ..., -0.3269846 ,
          0.45256969,  0.79258911],
        [ 0.        ,  0.        ,  0.06307776, ..., -0.3269846 ,
          0.45256969,  0.79258911],
        [-0.06307776, -0.06307776,  0.        , ..., -0.3859438 ,
          0.39542017,  0.75254871],
        ...,
        [ 0.3269846 ,  0.3269846 ,  0.3859438 , ...,  0.        ,
          0.71927344,  0.94840108],
        [-0.45256969, -0.45256969, -0.39542017, ..., -0.71927344,
          0.        ,  0.4308176 ],
        [-0.79258911, -0.79258911, -0.75254871, ..., -0.94840108,
         -0.4308176 ,  0.        ]],

       [[ 0.        , -0.30410904,  0.10081282, ...,  0.15799569,
          0.87003512,  0.39804146],
        [ 0.30410904,  0.        ,  0.39859777, ...,  0.45080194,
          0.97875049,  0.65816884],
        [-0.10081282, -0.39859777,  0.        , ...,  0.05764418,
          0.81590297,  0.30353121],
        ...,
        [-0.15799569, -0.45080194, -0.05764418, ...,  0.        ,
          0.78121706,  0.24810188],
        [-0.87003512, -0.97875049, -0.81590297, ..., -0.78121706,
          0.        , -0.60191153],
        [-0.39804146, -0.65816884, -0.30353121, ..., -0.24810188,
          0.60191153,  0.        ]],

       [[ 0.        , -0.02733871,  0.        , ..., -0.94473369,
         -0.76583679, -0.42187816],
        [ 0.02733871,  0.        ,  0.02733871, ..., -0.93541789,
         -0.74797079, -0.39693376],
        [ 0.        , -0.02733871,  0.        , ..., -0.94473369,
         -0.76583679, -0.42187816],
        ...,
        [ 0.94473369,  0.93541789,  0.94473369, ...,  0.        ,
          0.35642585,  0.71823719],
        [ 0.76583679,  0.74797079,  0.76583679, ..., -0.35642585,
          0.        ,  0.42306545],
        [ 0.42187816,  0.39693376,  0.42187816, ..., -0.71823719,
         -0.42306545,  0.        ]],

       ...,

       [[ 0.        ,  0.2604854 ,  0.2604854 , ...,  0.99048691,
          0.9693516 ,  0.88223241],
        [-0.2604854 ,  0.        ,  0.        , ...,  0.92044849,
          0.99988286,  0.97441601],
        [-0.2604854 ,  0.        ,  0.        , ...,  0.92044849,
          0.99988286,  0.97441601],
        ...,
        [-0.99048691, -0.92044849, -0.92044849, ...,  0.        ,
          0.37673   ,  0.58773663],
        [-0.9693516 , -0.99988286, -0.99988286, ..., -0.37673   ,
          0.        ,  0.23963975],
        [-0.88223241, -0.97441601, -0.97441601, ..., -0.58773663,
         -0.23963975,  0.        ]],

       [[ 0.        ,  0.12083774, -0.05331261, ..., -0.89046846,
         -0.98577692, -0.99789833],
        [-0.12083774,  0.        , -0.17358784, ..., -0.82895675,
         -0.95824554, -0.99841618],
        [ 0.05331261,  0.17358784,  0.        , ..., -0.91346173,
         -0.99333469, -0.99302459],
        ...,
        [ 0.89046846,  0.82895675,  0.91346173, ...,  0.        ,
          0.2989215 ,  0.51179011],
        [ 0.98577692,  0.95824554,  0.99333469, ..., -0.2989215 ,
          0.        ,  0.23158328],
        [ 0.99789833,  0.99841618,  0.99302459, ..., -0.51179011,
         -0.23158328,  0.        ]],

       [[ 0.        , -0.10735368, -0.19979358, ..., -0.93086947,
         -0.77025418, -0.41997664],
        [ 0.10735368,  0.        , -0.09344974, ..., -0.96471175,
         -0.83426621, -0.51497676],
        [ 0.19979358,  0.09344974,  0.        , ..., -0.98509626,
         -0.88214008, -0.59282872],
        ...,
        [ 0.93086947,  0.96471175,  0.98509626, ...,  0.        ,
         -0.31223607, -0.69135728],
        [ 0.77025418,  0.83426621,  0.88214008, ...,  0.31223607,
          0.        , -0.43119792],
        [ 0.41997664,  0.51497676,  0.59282872, ...,  0.69135728,
          0.43119792,  0.        ]]]), 'num': array([ 7.05712954e-01,  7.05712954e-01,  0.00000000e+00,  2.17940765e-02,
        2.18771016e-02,  2.15034888e-02,  1.80278110e-02, -8.30250534e-05,
        2.16031189e-02,  2.07355071e-02,  2.09416860e-02,  6.91875445e-06,
        2.18130751e-02,  1.96579391e-02])}
{'img': array([[[ 0.        ,  0.06307776, -0.46548329, ...,  0.45256969,
          0.79258911,  0.45256969],
        [-0.06307776,  0.        , -0.52038373, ...,  0.39542017,
          0.75254871,  0.39542017],
        [ 0.46548329,  0.52038373,  0.        , ...,  0.81563479,
          0.98531755,  0.81563479],
        ...,
        [-0.45256969, -0.39542017, -0.81563479, ...,  0.        ,
          0.4308176 ,  0.        ],
        [-0.79258911, -0.75254871, -0.98531755, ..., -0.4308176 ,
          0.        , -0.4308176 ],
        [-0.45256969, -0.39542017, -0.81563479, ...,  0.        ,
          0.4308176 ,  0.        ]],

       [[ 0.        ,  0.39859777,  0.6962503 , ...,  0.97875049,
          0.65816884,  0.28775458],
        [-0.39859777,  0.        ,  0.35243604, ...,  0.81590297,
          0.30353121, -0.11783159],
        [-0.6962503 , -0.35243604,  0.        , ...,  0.5597767 ,
         -0.05175323, -0.46025185],
        ...,
        [-0.97875049, -0.81590297, -0.5597767 , ...,  0.        ,
         -0.60191153, -0.87834797],
        [-0.65816884, -0.30353121,  0.05175323, ...,  0.60191153,
          0.        , -0.41368915],
        [-0.28775458,  0.11783159,  0.46025185, ...,  0.87834797,
          0.41368915,  0.        ]],

       [[ 0.        ,  0.02733871, -0.23669278, ..., -0.74797079,
         -0.39693376,  0.02733871],
        [-0.02733871,  0.        , -0.26316618, ..., -0.76583679,
         -0.42187816,  0.        ],
        [ 0.23669278,  0.26316618,  0.        , ..., -0.56961637,
         -0.16840688,  0.26316618],
        ...,
        [ 0.74797079,  0.76583679,  0.56961637, ...,  0.        ,
          0.42306545,  0.76583679],
        [ 0.39693376,  0.42187816,  0.16840688, ..., -0.42306545,
          0.        ,  0.42187816],
        [-0.02733871,  0.        , -0.26316618, ..., -0.76583679,
         -0.42187816,  0.        ]],

       ...,

       [[ 0.        ,  0.        , -0.58127956, ...,  0.93356278,
          0.9483411 ,  0.95451498],
        [ 0.        ,  0.        , -0.58127956, ...,  0.93356278,
          0.9483411 ,  0.95451498],
        [ 0.58127956,  0.58127956,  0.        , ...,  0.96798238,
          0.95608127,  0.60337653],
        ...,
        [-0.93356278, -0.93356278, -0.96798238, ...,  0.        ,
          0.0437235 ,  0.6204653 ],
        [-0.9483411 , -0.9483411 , -0.95608127, ..., -0.0437235 ,
          0.        ,  0.58558248],
        [-0.95451498, -0.95451498, -0.60337653, ..., -0.6204653 ,
         -0.58558248,  0.        ]],

       [[ 0.        , -0.17358784, -0.19018546, ..., -0.95824554,
         -0.99841618, -0.99362483],
        [ 0.17358784,  0.        , -0.01687859, ..., -0.99333469,
         -0.99302459, -0.95897018],
        [ 0.19018546,  0.01687859,  0.        , ..., -0.99513871,
         -0.99089302, -0.95404837],
        ...,
        [ 0.95824554,  0.99333469,  0.99513871, ...,  0.        ,
          0.23158328,  0.39215373],
        [ 0.99841618,  0.99302459,  0.99089302, ..., -0.23158328,
          0.        ,  0.16845968],
        [ 0.99362483,  0.95897018,  0.95404837, ..., -0.39215373,
         -0.16845968,  0.        ]],

       [[ 0.        , -0.09208063, -0.28523334, ..., -0.88468737,
         -0.75933299, -0.50855684],
        [ 0.09208063,  0.        , -0.19576612, ..., -0.92385541,
         -0.81602408, -0.58568031],
        [ 0.28523334,  0.19576612,  0.        , ..., -0.98090723,
         -0.91339083, -0.73302444],
        ...,
        [ 0.88468737,  0.92385541,  0.98090723, ...,  0.        ,
         -0.22167856, -0.5246595 ],
        [ 0.75933299,  0.81602408,  0.91339083, ...,  0.22167856,
          0.        , -0.3228882 ],
        [ 0.50855684,  0.58568031,  0.73302444, ...,  0.5246595 ,
          0.3228882 ,  0.        ]]]), 'num': array([ 7.05789415e-01,  7.05789415e-01,  0.00000000e+00,  2.15473357e-02,
        2.16303697e-02,  2.14227846e-02,  1.11053058e-02, -2.49102146e-04,
        2.16635833e-02,  2.07979534e-02,  2.09439549e-02,  6.44229689e-06,
        2.19145915e-02,  1.96813152e-02])}
{'img': array([[[ 0.        , -0.52038373, -0.06307776, ...,  0.75254871,
          0.39542017, -0.06307776],
        [ 0.52038373,  0.        ,  0.46548329, ...,  0.98531755,
          0.81563479,  0.46548329],
        [ 0.06307776, -0.46548329,  0.        , ...,  0.79258911,
          0.45256969,  0.        ],
        ...,
        [-0.75254871, -0.98531755, -0.79258911, ...,  0.        ,
         -0.4308176 , -0.79258911],
        [-0.39542017, -0.81563479, -0.45256969, ...,  0.4308176 ,
          0.        , -0.45256969],
        [ 0.06307776, -0.46548329,  0.        , ...,  0.79258911,
          0.45256969,  0.        ]],

       [[ 0.        ,  0.35243604, -0.19951112, ...,  0.30353121,
         -0.11783159, -0.45139456],
