state_0,state_1,state_2,state_3,state_4,state_5,state_6,state_7,state_8,state_9,state_10,state_11,state_12,state_13,state_14,state_15,state_16,state_17,state_18,state_19,state_20,state_21,state_22,state_23,state_24,state_25,state_26,state_27,state_28,state_29,state_30,state_31,state_32,state_33,state_34,state_35,state_36,state_37,state_38,state_39,state_40,state_41,state_42,state_43,state_44,state_45,state_46,state_47,state_48,state_49,state_50,state_51,state_52,state_53,state_54,state_55,state_56,state_57,state_58,state_59,state_60,state_61,state_62,state_63,state_64,state_65,state_66,state_67,state_68,state_69,state_70,state_71,state_72,state_73,state_74,state_75,state_76,state_77,state_78,state_79,state_80,state_81,state_82,state_83,state_84,state_85,state_86,state_87,state_88,state_89,state_90,state_91,state_92,state_93,state_94,state_95,state_96,state_97,state_98,state_99,state_100,state_101,state_102,state_103,state_104,state_105,state_106,state_107,state_108,state_109,state_110,state_111,state_112,state_113,state_114,state_115,state_116,state_117,state_118,state_119,state_120,state_121,state_122,state_123,state_124,state_125,state_126,state_127,state_128,state_129,state_130,state_131,state_132,state_133,state_134,state_135,state_136,state_137,state_138,state_139,state_140,state_141,state_142,state_143,state_144,state_145,state_146,state_147,state_148,state_149,state_150,state_151,state_152,state_153,state_154,state_155,state_156,state_157,state_158,state_159,state_160,state_161,state_162,state_163,state_164,state_165,state_166,state_167,state_168,state_169,state_170,state_171,state_172,state_173,state_174,state_175,state_176,state_177,state_178,state_179,state_180,state_181,state_182,state_183,state_184,state_185,state_186,state_187,state_188,state_189,state_190,state_191,state_192,state_193,state_194,state_195,state_196,state_197,state_198,state_199,state_200,state_201,state_202,state_203,state_204,state_205,state_206,state_207,state_208,state_209,state_210,state_211,state_212,state_213,state_214,state_215,state_216,state_217,state_218,state_219,state_220,state_221,state_222,state_223,state_224,state_225,state_226,state_227,state_228,state_229,state_230,state_231,state_232,state_233,state_234,state_235,state_236,state_237,state_238,state_239,state_240,state_241,state_242,state_243,state_244,state_245,state_246,state_247,state_248,state_249,state_250,state_251,state_252,state_253,state_254,state_255,state_256,state_257,state_258,state_259,state_260,state_261,state_262,state_263,state_264,state_265,state_266,state_267,state_268,state_269,state_270,state_271,state_272,state_273,state_274,state_275,state_276,state_277,state_278,state_279,state_280,state_281,state_282,state_283,state_284,state_285,state_286,state_287
{'img': array([[[ 0.        , -0.42352941, -0.3690444 , ..., -0.99889212,
         -0.96269518, -0.96269518],
        [ 0.42352941,  0.        ,  0.05932241, ..., -0.92480954,
         -0.7574865 , -0.7574865 ],
        [ 0.3690444 , -0.05932241,  0.        , ..., -0.94574888,
         -0.79488115, -0.79488115],
        ...,
        [ 0.99889212,  0.92480954,  0.94574888, ...,  0.        ,
          0.31559176,  0.31559176],
        [ 0.96269518,  0.7574865 ,  0.79488115, ..., -0.31559176,
          0.        ,  0.        ],
        [ 0.96269518,  0.7574865 ,  0.79488115, ..., -0.31559176,
          0.        ,  0.        ]],

       [[ 0.        ,  0.27376612, -0.48779452, ..., -0.01589289,
          0.20711161,  0.370454  ],
        [-0.27376612,  0.        , -0.70814542, ..., -0.28901727,
         -0.06863096,  0.1020134 ],
        [ 0.48779452,  0.70814542,  0.        , ...,  0.47385907,
          0.65801766,  0.7764793 ],
        ...,
        [ 0.01589289,  0.28901727, -0.47385907, ...,  0.        ,
          0.22263374,  0.38516934],
        [-0.20711161,  0.06863096, -0.65801766, ..., -0.22263374,
          0.        ,  0.17004578],
        [-0.370454  , -0.1020134 , -0.7764793 , ..., -0.38516934,
         -0.17004578,  0.        ]],

       [[ 0.        ,  0.16074672,  0.47058824, ..., -0.93734512,
         -0.91293291, -0.87468984],
        [-0.16074672,  0.        ,  0.32263322, ..., -0.98116011,
         -0.96666314, -0.94122632],
        [-0.47058824, -0.32263322,  0.        , ..., -0.99102322,
         -0.99758065, -0.99987131],
        ...,
        [ 0.93734512,  0.98116011,  0.99102322, ...,  0.        ,
          0.06447173,  0.1495714 ],
        [ 0.91293291,  0.96666314,  0.99758065, ..., -0.06447173,
          0.        ,  0.08551374],
        [ 0.87468984,  0.94122632,  0.99987131, ..., -0.1495714 ,
         -0.08551374,  0.        ]],

       ...,

       [[ 0.        , -0.4286134 , -0.40722943, ..., -0.99580915,
         -0.9147134 , -0.85049649],
        [ 0.4286134 ,  0.        ,  0.02353682, ..., -0.93890075,
         -0.65322852, -0.54297098],
        [ 0.40722943, -0.02353682,  0.        , ..., -0.94674174,
         -0.67086872, -0.56258564],
        ...,
        [ 0.99580915,  0.93890075,  0.94674174, ...,  0.        ,
          0.48606543,  0.60155917],
        [ 0.9147134 ,  0.65322852,  0.67086872, ..., -0.48606543,
          0.        ,  0.13743325],
        [ 0.85049649,  0.54297098,  0.56258564, ..., -0.60155917,
         -0.13743325,  0.        ]],

       [[ 0.        ,  0.1713385 ,  0.34624901, ..., -0.97421813,
         -0.94594507, -0.92083677],
        [-0.1713385 ,  0.        ,  0.1803888 , ..., -0.99846697,
         -0.98752632, -0.97403279],
        [-0.34624901, -0.1803888 ,  0.        , ..., -0.99207217,
         -0.99972927, -0.99889544],
        ...,
        [ 0.97421813,  0.99846697,  0.99207217, ...,  0.        ,
          0.10255221,  0.17214637],
        [ 0.94594507,  0.98752632,  0.99972927, ..., -0.10255221,
          0.        ,  0.0702175 ],
        [ 0.92083677,  0.97403279,  0.99889544, ..., -0.17214637,
         -0.0702175 ,  0.        ]],

       [[ 0.        ,  0.08986547,  0.19744456, ..., -0.27241842,
         -0.19830808, -0.10553034],
        [-0.08986547,  0.        ,  0.1085493 , ..., -0.35778284,
         -0.28558643, -0.19446703],
        [-0.19744456, -0.1085493 ,  0.        , ..., -0.45703259,
         -0.38792746, -0.29979492],
        ...,
        [ 0.27241842,  0.35778284,  0.45703259, ...,  0.        ,
          0.07620026,  0.16935819],
        [ 0.19830808,  0.28558643,  0.38792746, ..., -0.07620026,
          0.        ,  0.09376626],
        [ 0.10553034,  0.19446703,  0.29979492, ..., -0.16935819,
         -0.09376626,  0.        ]]]), 'num': array([7.06966489e-01, 7.06966489e-01, 0.00000000e+00, 7.67563617e-04,
       7.78440024e-04, 7.65232958e-04, 1.98051612e-02, 4.66131751e-06,
       7.54511928e-04, 7.34390574e-04, 7.42586724e-04, 1.17710038e-06,
       7.71232024e-04, 6.97549124e-04])}
{'img': array([[[ 0.        ,  0.2195122 , -0.53439033, ..., -0.85566792,
         -0.85566792, -0.81259184],
        [-0.2195122 ,  0.        , -0.70689643, ..., -0.94840108,
         -0.94840108, -0.92071152],
        [ 0.53439033,  0.70689643,  0.        , ..., -0.44668238,
         -0.44668238, -0.37537295],
        ...,
        [ 0.85566792,  0.94840108,  0.44668238, ...,  0.        ,
          0.        ,  0.07817482],
        [ 0.85566792,  0.94840108,  0.44668238, ...,  0.        ,
          0.        ,  0.07817482],
        [ 0.81259184,  0.92071152,  0.37537295, ..., -0.07817482,
         -0.07817482,  0.        ]],

       [[ 0.        , -0.70814542, -0.44071418, ..., -0.06863096,
          0.1020134 , -0.17692269],
        [ 0.70814542,  0.        ,  0.32449138, ...,  0.65801766,
          0.7764793 ,  0.57205504],
        [ 0.44071418, -0.32449138,  0.        , ...,  0.37806862,
          0.52998706,  0.27494759],
        ...,
        [ 0.06863096, -0.65801766, -0.37806862, ...,  0.        ,
          0.17004578, -0.10895724],
        [-0.1020134 , -0.7764793 , -0.52998706, ..., -0.17004578,
          0.        , -0.27640381],
        [ 0.17692269, -0.57205504, -0.27494759, ...,  0.10895724,
          0.27640381,  0.        ]],

       [[ 0.        ,  0.32263322,  0.22315168, ..., -0.96666314,
         -0.94122632, -0.8924725 ],
        [-0.32263322,  0.        , -0.10327919, ..., -0.99758065,
         -0.99987131, -0.99028713],
        [-0.22315168,  0.10327919,  0.        , ..., -0.99942583,
         -0.99286752, -0.9706318 ],
        ...,
        [ 0.96666314,  0.99758065,  0.99942583, ...,  0.        ,
          0.08551374,  0.20754454],
        [ 0.94122632,  0.99987131,  0.99286752, ..., -0.08551374,
          0.        ,  0.12313258],
        [ 0.8924725 ,  0.99028713,  0.9706318 , ..., -0.20754454,
         -0.12313258,  0.        ]],

       ...,

       [[ 0.        ,  0.14304327, -0.68980091, ..., -0.80789015,
         -0.7102552 , -0.34317476],
        [-0.14304327,  0.        , -0.7862705 , ..., -0.8838823 ,
         -0.80364574, -0.47400218],
        [ 0.68980091,  0.7862705 ,  0.        , ..., -0.17838923,
         -0.02864271,  0.39945217],
        ...,
        [ 0.80789015,  0.8838823 ,  0.17838923, ...,  0.        ,
          0.15013275,  0.55658401],
        [ 0.7102552 ,  0.80364574,  0.02864271, ..., -0.15013275,
          0.        ,  0.42554661],
        [ 0.34317476,  0.47400218, -0.39945217, ..., -0.55658401,
         -0.42554661,  0.        ]],

       [[ 0.        ,  0.1803888 ,  0.31057914, ..., -0.98752632,
         -0.97403279, -0.93540594],
        [-0.1803888 ,  0.        ,  0.13401607, ..., -0.99972927,
         -0.99889544, -0.98384205],
        [-0.31057914, -0.13401607,  0.        , ..., -0.98759263,
         -0.99618175, -0.99896102],
        ...,
        [ 0.98752632,  0.99972927,  0.98759263, ...,  0.        ,
          0.0702175 ,  0.20188182],
        [ 0.97403279,  0.99889544,  0.99618175, ..., -0.0702175 ,
          0.        ,  0.13261181],
        [ 0.93540594,  0.98384205,  0.99896102, ..., -0.20188182,
         -0.13261181,  0.        ]],

       [[ 0.        ,  0.1085493 ,  0.13787089, ..., -0.28558643,
         -0.19446703, -0.21905861],
        [-0.1085493 ,  0.        ,  0.02954354, ..., -0.38792746,
         -0.29979492, -0.32367702],
        [-0.13787089, -0.02954354,  0.        , ..., -0.41498811,
         -0.32784871, -0.35148888],
        ...,
        [ 0.28558643,  0.38792746,  0.41498811, ...,  0.        ,
          0.09376626,  0.06871456],
        [ 0.19446703,  0.29979492,  0.32784871, ..., -0.09376626,
          0.        , -0.02513282],
        [ 0.21905861,  0.32367702,  0.35148888, ..., -0.06871456,
          0.02513282,  0.        ]]]), 'num': array([7.28540913e-01, 6.84829289e-01, 8.80395247e-07, 7.94756800e-04,
       7.97157878e-04, 7.86753207e-04, 1.52369205e-02, 4.00179658e-06,
       7.84352129e-04, 7.59581008e-04, 7.64449861e-04, 1.19547341e-06,
       7.99587687e-04, 7.19574329e-04])}
{'img': array([[[ 0.        , -0.70689643, -0.68161896, ..., -0.94840108,
         -0.92071152, -0.89241299],
        [ 0.70689643,  0.        ,  0.03512056, ..., -0.44668238,
         -0.37537295, -0.31225349],
        [ 0.68161896, -0.03512056,  0.        , ..., -0.47782892,
         -0.40769371, -0.34542534],
        ...,
        [ 0.94840108,  0.44668238,  0.47782892, ...,  0.        ,
          0.07817482,  0.14497685],
        [ 0.92071152,  0.37537295,  0.40769371, ..., -0.07817482,
          0.        ,  0.06718427],
        [ 0.89241299,  0.31225349,  0.34542534, ..., -0.14497685,
         -0.06718427,  0.        ]],

       [[ 0.        ,  0.32449138,  0.41221165, ...,  0.7764793 ,
          0.57205504,  0.3049435 ],
        [-0.32449138,  0.        ,  0.09426608, ...,  0.52998706,
          0.27494759, -0.02059341],
        [-0.41221165, -0.09426608,  0.        , ...,  0.44768887,
          0.18309027, -0.11474779],
        ...,
        [-0.7764793 , -0.52998706, -0.44768887, ...,  0.        ,
         -0.27640381, -0.54733799],
        [-0.57205504, -0.27494759, -0.18309027, ...,  0.27640381,
          0.        , -0.29468901],
        [-0.3049435 ,  0.02059341,  0.11474779, ...,  0.54733799,
          0.29468901,  0.        ]],

       [[ 0.        , -0.10327919, -0.3924201 , ..., -0.99987131,
         -0.99028713, -0.96649525],
        [ 0.10327919,  0.        , -0.29532684, ..., -0.99286752,
         -0.9706318 , -0.93481666],
        [ 0.3924201 ,  0.29532684,  0.        , ..., -0.91337222,
         -0.85629125, -0.78824074],
        ...,
        [ 0.99987131,  0.99286752,  0.91337222, ...,  0.        ,
          0.12313258,  0.24114619],
        [ 0.99028713,  0.9706318 ,  0.85629125, ..., -0.12313258,
          0.        ,  0.11981233],
        [ 0.96649525,  0.93481666,  0.78824074, ..., -0.24114619,
         -0.11981233,  0.        ]],

       ...,

       [[ 0.        , -0.7862705 , -0.8565236 , ..., -0.80364574,
         -0.47400218, -0.53809727],
        [ 0.7862705 ,  0.        , -0.1234305 , ..., -0.02864271,
          0.39945217,  0.33025299],
        [ 0.8565236 ,  0.1234305 ,  0.        , ...,  0.09495617,
          0.50955306,  0.44423274],
        ...,
        [ 0.80364574,  0.02864271, -0.09495617, ...,  0.        ,
          0.42554661,  0.35715314],
        [ 0.47400218, -0.39945217, -0.50955306, ..., -0.42554661,
          0.        , -0.07427913],
        [ 0.53809727, -0.33025299, -0.44423274, ..., -0.35715314,
          0.07427913,  0.        ]],

       [[ 0.        ,  0.13401607,  0.39052114, ..., -0.99889544,
         -0.98384205, -0.95533728],
        [-0.13401607,  0.        ,  0.26362392, ..., -0.99618175,
         -0.99896102, -0.98632345],
        [-0.39052114, -0.26362392,  0.        , ..., -0.93792702,
         -0.97563741, -0.99488362],
        ...,
        [ 0.99889544,  0.99618175,  0.93792702, ...,  0.        ,
          0.13261181,  0.2503016 ],
        [ 0.98384205,  0.99896102,  0.97563741, ..., -0.13261181,
          0.        ,  0.11970045],
        [ 0.95533728,  0.98632345,  0.99488362, ..., -0.2503016 ,
         -0.11970045,  0.        ]],

       [[ 0.        ,  0.02954354,  0.05802524, ..., -0.29979492,
         -0.32367702, -0.30407444],
        [-0.02954354,  0.        ,  0.02850614, ..., -0.32784871,
         -0.35148888, -0.33208631],
        [-0.05802524, -0.02850614,  0.        , ..., -0.3546461 ,
         -0.37803327, -0.35883975],
        ...,
        [ 0.29979492,  0.32784871,  0.3546461 , ...,  0.        ,
         -0.02513282, -0.00448901],
        [ 0.32367702,  0.35148888,  0.37803327, ...,  0.02513282,
          0.        ,  0.02064497],
        [ 0.30407444,  0.33208631,  0.35883975, ...,  0.00448901,
         -0.02064497,  0.        ]]]), 'num': array([ 9.01417191e-01,  4.32557401e-01,  9.45281835e-06,  9.82934571e-04,
        9.92843185e-04,  9.77980263e-04,  1.82677994e-02, -9.90861462e-07,
        9.78376608e-04,  9.42606509e-04,  9.45645151e-04,  1.55895537e-06,
        9.95470988e-04,  8.89742030e-04])}
{'img': array([[[ 0.        ,  0.23567888, -0.52400613, ..., -0.63059308,
         -0.5567614 , -0.57240245],
        [-0.23567888,  0.        , -0.70997652, ..., -0.79574349,
         -0.73684994, -0.74952872],
        [ 0.52400613,  0.70997652,  0.        , ..., -0.13039696,
         -0.03892428, -0.05785267],
        ...,
        [ 0.63059308,  0.79574349,  0.13039696, ...,  0.        ,
          0.0917062 ,  0.07281985],
        [ 0.5567614 ,  0.73684994,  0.03892428, ..., -0.0917062 ,
          0.        , -0.01894974],
        [ 0.57240245,  0.74952872,  0.05785267, ..., -0.07281985,
          0.01894974,  0.        ]],

       [[ 0.        ,  0.09426608, -0.00983687, ...,  0.27494759,
         -0.02059341, -0.05190391],
        [-0.09426608,  0.        , -0.10405459, ...,  0.18309027,
         -0.11474779, -0.1458118 ],
        [ 0.00983687,  0.10405459,  0.        , ...,  0.28439204,
         -0.01075763, -0.04207778],
        ...,
        [-0.27494759, -0.18309027, -0.28439204, ...,  0.        ,
         -0.29468901, -0.32448048],
        [ 0.02059341,  0.11474779,  0.01075763, ...,  0.29468901,
          0.        , -0.03132725],
        [ 0.05190391,  0.1458118 ,  0.04207778, ...,  0.32448048,
          0.03132725,  0.        ]],

       [[ 0.        , -0.38013023, -0.6084846 , ..., -0.98985358,
         -0.96559418, -0.93324162],
        [ 0.38013023,  0.        , -0.26114917, ..., -0.86153507,
         -0.79425565, -0.72662442],
        [ 0.6084846 ,  0.26114917,  0.        , ..., -0.69905355,
         -0.60802378, -0.52199084],
        ...,
        [ 0.98985358,  0.86153507,  0.69905355, ...,  0.        ,
          0.12021262,  0.22299886],
        [ 0.96559418,  0.79425565,  0.60802378, ..., -0.12021262,
          0.        ,  0.1041962 ],
        [ 0.93324162,  0.72662442,  0.52199084, ..., -0.22299886,
         -0.1041962 ,  0.        ]],

       ...,

       [[ 0.        , -0.12601006, -0.29599487, ...,  0.41586848,
          0.3422233 ,  0.77481915],
        [ 0.12601006,  0.        , -0.17327199, ...,  0.52715025,
          0.45789683,  0.84830445],
        [ 0.29599487,  0.17327199,  0.        , ...,  0.66641828,
          0.60501041,  0.92722205],
        ...,
        [-0.41586848, -0.52715025, -0.66641828, ...,  0.        ,
         -0.07953143,  0.44173476],
        [-0.3422233 , -0.45789683, -0.60501041, ...,  0.07953143,
          0.        ,  0.51168678],
        [-0.77481915, -0.84830445, -0.92722205, ..., -0.44173476,
         -0.51168678,  0.        ]],

       [[ 0.        ,  0.26362392,  0.32043295, ..., -0.99896102,
         -0.98632345, -0.96368671],
        [-0.26362392,  0.        ,  0.05937446, ..., -0.97563741,
         -0.99488362, -0.99999374],
        [-0.32043295, -0.05937446,  0.        , ..., -0.96089005,
         -0.98712997, -0.99843962],
        ...,
        [ 0.99896102,  0.97563741,  0.96089005, ...,  0.        ,
          0.11970045,  0.22284003],
        [ 0.98632345,  0.99488362,  0.98712997, ..., -0.11970045,
          0.        ,  0.10454723],
        [ 0.96368671,  0.99999374,  0.99843962, ..., -0.22284003,
         -0.10454723,  0.        ]],

       [[ 0.        ,  0.02850614,  0.10154746, ..., -0.35148888,
         -0.33208631, -0.3503491 ],
        [-0.02850614,  0.        ,  0.07314741, ..., -0.37803327,
         -0.35883975, -0.37690613],
        [-0.10154746, -0.07314741,  0.        , ..., -0.44473986,
         -0.4261542 , -0.44364934],
        ...,
        [ 0.35148888,  0.37803327,  0.44473986, ...,  0.        ,
          0.02064497,  0.00121719],
        [ 0.33208631,  0.35883975,  0.4261542 , ..., -0.02064497,
          0.        , -0.01942802],
        [ 0.3503491 ,  0.37690613,  0.44364934, ..., -0.00121719,
          0.01942802,  0.        ]]]), 'num': array([8.77129352e-01, 4.79891248e-01, 7.92890427e-06, 9.61835603e-04,
       9.61835603e-04, 9.42637288e-04, 1.84793385e-02, 9.59915771e-06,
       9.51660496e-04, 9.15279688e-04, 9.15919632e-04, 1.43225528e-06,
       9.70691029e-04, 8.59868348e-04])}
{'img': array([[[ 0.00000000e+00, -7.09976516e-01, -8.70053251e-01, ...,
         -7.36849936e-01, -7.49528715e-01, -5.96225648e-01],
        [ 7.09976516e-01,  0.00000000e+00, -2.62725134e-01, ...,
         -3.89242819e-02, -5.78526691e-02,  1.50103930e-01],
        [ 8.70053251e-01,  2.62725134e-01,  0.00000000e+00, ...,
          2.24969131e-01,  2.06464757e-01,  4.04579404e-01],
        ...,
        [ 7.36849936e-01,  3.89242819e-02, -2.24969131e-01, ...,
          0.00000000e+00, -1.89497373e-02,  1.88473454e-01],
        [ 7.49528715e-01,  5.78526691e-02, -2.06464757e-01, ...,
          1.89497373e-02,  0.00000000e+00,  2.07049737e-01],
        [ 5.96225648e-01, -1.50103930e-01, -4.04579404e-01, ...,
         -1.88473454e-01, -2.07049737e-01,  0.00000000e+00]],

       [[ 0.00000000e+00, -1.04054587e-01, -9.00763599e-03, ...,
         -1.14747795e-01, -1.45811798e-01, -1.03891405e-01],
        [ 1.04054587e-01,  0.00000000e+00,  9.50916268e-02, ...,
         -1.07576255e-02, -4.20777836e-02,  1.64071291e-04],
        [ 9.00763599e-03, -9.50916268e-02,  0.00000000e+00, ...,
         -1.05795002e-01, -1.36894517e-01, -9.49282977e-02],
        ...,
        [ 1.14747795e-01,  1.07576255e-02,  1.05795002e-01, ...,
          0.00000000e+00, -3.13272509e-02,  1.09216872e-02],
        [ 1.45811798e-01,  4.20777836e-02,  1.36894517e-01, ...,
          3.13272509e-02,  0.00000000e+00,  4.22417090e-02],
        [ 1.03891405e-01, -1.64071291e-04,  9.49282977e-02, ...,
         -1.09216872e-02, -4.22417090e-02,  0.00000000e+00]],

       [[ 0.00000000e+00, -5.04332145e-01, -7.06692428e-01, ...,
         -9.50999571e-01, -9.11067928e-01, -8.83746166e-01],
        [ 5.04332145e-01,  0.00000000e+00, -2.53410273e-01, ...,
         -6.65261835e-01, -5.78801951e-01, -5.27112844e-01],
        [ 7.06692428e-01,  2.53410273e-01,  0.00000000e+00, ...,
         -4.54348277e-01, -3.53261210e-01, -2.94560441e-01],
        ...,
        [ 9.50999571e-01,  6.65261835e-01,  4.54348277e-01, ...,
          0.00000000e+00,  1.10360436e-01,  1.71788589e-01],
        [ 9.11067928e-01,  5.78801951e-01,  3.53261210e-01, ...,
         -1.10360436e-01,  0.00000000e+00,  6.20194412e-02],
        [ 8.83746166e-01,  5.27112844e-01,  2.94560441e-01, ...,
         -1.71788589e-01, -6.20194412e-02,  0.00000000e+00]],

       ...,

       [[ 0.00000000e+00, -1.73271989e-01, -2.52227749e-01, ...,
          4.57896831e-01,  8.48304448e-01,  4.52975702e-01],
        [ 1.73271989e-01,  0.00000000e+00, -8.07428135e-02, ...,
          6.05010412e-01,  9.27222046e-01,  6.00599936e-01],
        [ 2.52227749e-01,  8.07428135e-02,  0.00000000e+00, ...,
          6.67323880e-01,  9.54433794e-01,  6.63196851e-01],
        ...,
        [-4.57896831e-01, -6.05010412e-01, -6.67323880e-01, ...,
          0.00000000e+00,  5.11686784e-01, -5.52767512e-03],
        [-8.48304448e-01, -9.27222046e-01, -9.54433794e-01, ...,
         -5.11686784e-01,  0.00000000e+00, -5.16428190e-01],
        [-4.52975702e-01, -6.00599936e-01, -6.63196851e-01, ...,
          5.52767512e-03,  5.16428190e-01,  0.00000000e+00]],

       [[ 0.00000000e+00,  5.93744604e-02, -7.93261930e-02, ...,
         -9.94883620e-01, -9.99993740e-01, -9.92144075e-01],
        [-5.93744604e-02,  0.00000000e+00, -1.38373599e-01, ...,
         -9.87129966e-01, -9.98439619e-01, -9.97821489e-01],
        [ 7.93261930e-02,  1.38373599e-01,  0.00000000e+00, ...,
         -9.99762593e-01, -9.96561789e-01, -9.79093797e-01],
        ...,
        [ 9.94883620e-01,  9.87129966e-01,  9.99762593e-01, ...,
          0.00000000e+00,  1.04547234e-01,  2.24694403e-01],
        [ 9.99993740e-01,  9.98439619e-01,  9.96561789e-01, ...,
         -1.04547234e-01,  0.00000000e+00,  1.21589173e-01],
        [ 9.92144075e-01,  9.97821489e-01,  9.79093797e-01, ...,
         -2.24694403e-01, -1.21589173e-01,  0.00000000e+00]],

       [[ 0.00000000e+00,  7.31474103e-02,  1.27218058e-01, ...,
         -3.58839752e-01, -3.76906126e-01, -4.11715114e-01],
        [-7.31474103e-02,  0.00000000e+00,  5.43241879e-02, ...,
         -4.26154203e-01, -4.43649343e-01, -4.77272344e-01],
        [-1.27218058e-01, -5.43241879e-02,  0.00000000e+00, ...,
         -4.74669329e-01, -4.91679590e-01, -5.24305256e-01],
        ...,
        [ 3.58839752e-01,  4.26154203e-01,  4.74669329e-01, ...,
          0.00000000e+00, -1.94280240e-02, -5.72793617e-02],
        [ 3.76906126e-01,  4.43649343e-01,  4.91679590e-01, ...,
          1.94280240e-02,  0.00000000e+00, -3.78724237e-02],
        [ 4.11715114e-01,  4.77272344e-01,  5.24305256e-01, ...,
          5.72793617e-02,  3.78724237e-02,  0.00000000e+00]]]), 'num': array([ 7.91842026e-01,  6.10389784e-01,  3.73743032e-06,  8.47907672e-04,
        8.74977845e-04,  8.47907672e-04,  2.01191637e-02, -2.70701728e-05,
        8.63800483e-04,  8.34416247e-04,  8.32553353e-04,  9.66128338e-07,
        8.84321936e-04,  7.84510558e-04])}
{'img': array([[[ 0.00000000e+00, -3.10782716e-01,  5.91956180e-01, ...,
         -7.20976433e-02,  2.05576522e-01, -4.55605768e-01],
        [ 3.10782716e-01,  0.00000000e+00,  8.13124685e-01, ...,
          2.41446490e-01,  4.99541297e-01, -1.56391546e-01],
        [-5.91956180e-01, -8.13124685e-01,  0.00000000e+00, ...,
         -6.48524208e-01, -4.13624073e-01, -8.94153182e-01],
        ...,
        [ 7.20976433e-02, -2.41446490e-01,  6.48524208e-01, ...,
          0.00000000e+00,  2.75599238e-01, -3.90240090e-01],
        [-2.05576522e-01, -4.99541297e-01,  4.13624073e-01, ...,
         -2.75599238e-01,  0.00000000e+00, -6.28874954e-01],
        [ 4.55605768e-01,  1.56391546e-01,  8.94153182e-01, ...,
          3.90240090e-01,  6.28874954e-01,  0.00000000e+00]],

       [[ 0.00000000e+00,  9.50916268e-02,  1.94108530e-01, ...,
         -4.20777836e-02,  1.64071291e-04,  1.79867332e-01],
        [-9.50916268e-02,  0.00000000e+00,  9.99459426e-02, ...,
         -1.36894517e-01, -9.49282977e-02,  8.55115016e-02],
        [-1.94108530e-01, -9.99459426e-02,  0.00000000e+00, ...,
         -2.35214083e-01, -1.93947577e-01, -1.44965247e-02],
        ...,
        [ 4.20777836e-02,  1.36894517e-01,  2.35214083e-01, ...,
          0.00000000e+00,  4.22417090e-02,  2.21099562e-01],
        [-1.64071291e-04,  9.49282977e-02,  1.93947577e-01, ...,
         -4.22417090e-02,  0.00000000e+00,  1.79705934e-01],
        [-1.79867332e-01, -8.55115016e-02,  1.44965247e-02, ...,
         -2.21099562e-01, -1.79705934e-01,  0.00000000e+00]],

       [[ 0.00000000e+00, -5.53895872e-01, -6.69402578e-01, ...,
         -8.56772197e-01, -8.17811772e-01, -8.39990635e-01],
        [ 5.53895872e-01,  0.00000000e+00, -1.45846021e-01, ...,
         -4.27695124e-01, -3.62139381e-01, -3.98820003e-01],
        [ 6.69402578e-01,  1.45846021e-01,  0.00000000e+00, ...,
         -2.91288329e-01, -2.22320565e-01, -2.60810478e-01],
        ...,
        [ 8.56772197e-01,  4.27695124e-01,  2.91288329e-01, ...,
          0.00000000e+00,  7.13187362e-02,  3.17063355e-02],
        [ 8.17811772e-01,  3.62139381e-01,  2.22320565e-01, ...,
         -7.13187362e-02,  0.00000000e+00, -3.96572813e-02],
        [ 8.39990635e-01,  3.98820003e-01,  2.60810478e-01, ...,
         -3.17063355e-02,  3.96572813e-02,  0.00000000e+00]],

       ...,

       [[ 0.00000000e+00, -8.07428135e-02,  1.14851837e-01, ...,
          9.27222046e-01,  6.00599936e-01, -2.06944585e-01],
        [ 8.07428135e-02,  0.00000000e+00,  1.94685351e-01, ...,
          9.54433794e-01,  6.63196851e-01, -1.27273957e-01],
        [-1.14851837e-01, -1.94685351e-01,  0.00000000e+00, ...,
          8.78072880e-01,  5.04795795e-01, -3.17940757e-01],
        ...,
        [-9.27222046e-01, -9.54433794e-01, -8.78072880e-01, ...,
          0.00000000e+00, -5.16428190e-01, -9.84653402e-01],
        [-6.00599936e-01, -6.63196851e-01, -5.04795795e-01, ...,
          5.16428190e-01,  0.00000000e+00, -7.53061029e-01],
        [ 2.06944585e-01,  1.27273957e-01,  3.17940757e-01, ...,
          9.84653402e-01,  7.53061029e-01,  0.00000000e+00]],

       [[ 0.00000000e+00, -1.38373599e-01, -6.91673298e-02, ...,
         -9.98439619e-01, -9.97821489e-01, -9.95636781e-01],
        [ 1.38373599e-01,  0.00000000e+00,  6.95402567e-02, ...,
         -9.96561789e-01, -9.79093797e-01, -9.73146740e-01],
        [ 6.91673298e-02, -6.95402567e-02,  0.00000000e+00, ...,
         -9.99910869e-01, -9.90868688e-01, -9.86798062e-01],
        ...,
        [ 9.98439619e-01,  9.96561789e-01,  9.99910869e-01, ...,
          0.00000000e+00,  1.21589173e-01,  1.48766182e-01],
        [ 9.97821489e-01,  9.79093797e-01,  9.90868688e-01, ...,
         -1.21589173e-01,  0.00000000e+00,  2.74262356e-02],
        [ 9.95636781e-01,  9.73146740e-01,  9.86798062e-01, ...,
         -1.48766182e-01, -2.74262356e-02,  0.00000000e+00]],

       [[ 0.00000000e+00,  5.43241879e-02,  1.54372673e-01, ...,
         -4.43649343e-01, -4.77272344e-01, -4.36591510e-01],
        [-5.43241879e-02,  0.00000000e+00,  1.00471731e-01, ...,
         -4.91679590e-01, -5.24305256e-01, -4.84820108e-01],
        [-1.54372673e-01, -1.00471731e-01,  0.00000000e+00, ...,
         -5.76680041e-01, -6.07206958e-01, -5.70240849e-01],
        ...,
        [ 4.43649343e-01,  4.91679590e-01,  5.76680041e-01, ...,
          0.00000000e+00, -3.78724237e-02,  7.85999218e-03],
        [ 4.77272344e-01,  5.24305256e-01,  6.07206958e-01, ...,
          3.78724237e-02,  0.00000000e+00,  4.57256071e-02],
        [ 4.36591510e-01,  4.84820108e-01,  5.70240849e-01, ...,
         -7.85999218e-03, -4.57256071e-02,  0.00000000e+00]]]), 'num': array([7.91265944e-01, 6.11206657e-01, 3.67467931e-06, 8.53361545e-04,
       8.62069316e-04, 8.38558335e-04, 1.78586280e-02, 7.83699378e-06,
       8.59979451e-04, 8.34683377e-04, 8.29995693e-04, 9.84878912e-07,
       8.83142650e-04, 7.86224104e-04])}
{'img': array([[[ 0.        ,  0.81312468,  0.64769058, ...,  0.4995413 ,
         -0.15639155,  0.        ],
        [-0.81312468,  0.        , -0.24250861, ..., -0.41362407,
         -0.89415318, -0.81312468],
        [-0.64769058,  0.24250861,  0.        , ..., -0.18048567,
         -0.7588761 , -0.64769058],
        ...,
        [-0.4995413 ,  0.41362407,  0.18048567, ...,  0.        ,
         -0.62887495, -0.4995413 ],
        [ 0.15639155,  0.89415318,  0.7588761 , ...,  0.62887495,
          0.        ,  0.15639155],
        [ 0.        ,  0.81312468,  0.64769058, ...,  0.4995413 ,
         -0.15639155,  0.        ]],

       [[ 0.        ,  0.09994594, -0.36680941, ..., -0.0949283 ,
          0.0855115 , -0.03253883],
        [-0.09994594,  0.        , -0.45795207, ..., -0.19394758,
         -0.01449652, -0.13226893],
        [ 0.36680941,  0.45795207,  0.        , ...,  0.27684151,
          0.44501687,  0.33634442],
        ...,
        [ 0.0949283 ,  0.19394758, -0.27684151, ...,  0.        ,
          0.17970593,  0.06248614],
        [-0.0855115 ,  0.01449652, -0.44501687, ..., -0.17970593,
          0.        , -0.11788587],
        [ 0.03253883,  0.13226893, -0.33634442, ..., -0.06248614,
          0.11788587,  0.        ]],

       [[ 0.        , -0.43148373, -0.48227555, ..., -0.69458285,
         -0.72992836, -0.75352216],
        [ 0.43148373,  0.        , -0.05708257, ..., -0.31618269,
         -0.36355416, -0.39610083],
        [ 0.48227555,  0.05708257,  0.        , ..., -0.26151301,
         -0.30978479, -0.34304136],
        ...,
        [ 0.69458285,  0.31618269,  0.26151301, ...,  0.        ,
         -0.05035595, -0.08545903],
        [ 0.72992836,  0.36355416,  0.30978479, ...,  0.05035595,
          0.        , -0.03517888],
        [ 0.75352216,  0.39610083,  0.34304136, ...,  0.08545903,
          0.03517888,  0.        ]],

       ...,

       [[ 0.        ,  0.19468535,  0.10848035, ...,  0.66319685,
         -0.12727396, -0.0830762 ],
        [-0.19468535,  0.        , -0.08713177, ...,  0.50479579,
         -0.31794076, -0.27549896],
        [-0.10848035,  0.08713177,  0.        , ...,  0.57809148,
         -0.23412101, -0.19069129],
        ...,
        [-0.66319685, -0.50479579, -0.57809148, ...,  0.        ,
         -0.75306103, -0.72308228],
        [ 0.12727396,  0.31794076,  0.23412101, ...,  0.75306103,
          0.        ,  0.0444334 ],
        [ 0.0830762 ,  0.27549896,  0.19069129, ...,  0.72308228,
         -0.0444334 ,  0.        ]],

       [[ 0.        ,  0.12006223,  0.01245325, ..., -0.98244476,
         -0.97695109, -0.97059247],
        [-0.12006223,  0.        , -0.10768975, ..., -0.99773617,
         -0.99551306, -0.99247397],
        [-0.01245325,  0.10768975,  0.        , ..., -0.98469177,
         -0.97953365, -0.97351505],
        ...,
        [ 0.98244476,  0.99773617,  0.98469177, ...,  0.        ,
          0.02746198,  0.05543492],
        [ 0.97695109,  0.99551306,  0.97953365, ..., -0.02746198,
          0.        ,  0.02799425],
        [ 0.97059247,  0.99247397,  0.97351505, ..., -0.05543492,
         -0.02799425,  0.        ]],

       [[ 0.        ,  0.10047173,  0.21788078, ..., -0.52430526,
         -0.48482011, -0.41491007],
        [-0.10047173,  0.        ,  0.11872035, ..., -0.60720696,
         -0.57024085, -0.50422605],
        [-0.21788078, -0.11872035,  0.        , ..., -0.69724113,
         -0.66373405, -0.60318356],
        ...,
        [ 0.52430526,  0.60720696,  0.69724113, ...,  0.        ,
          0.04572561,  0.12373712],
        [ 0.48482011,  0.57024085,  0.66373405, ..., -0.04572561,
          0.        ,  0.07823348],
        [ 0.41491007,  0.50422605,  0.60318356, ..., -0.12373712,
         -0.07823348,  0.        ]]]), 'num': array([7.67008693e-01, 6.41432665e-01, 2.52668064e-06, 8.37173519e-04,
       8.40542427e-04, 8.29593477e-04, 1.60122322e-02, 1.17911763e-05,
       8.31951713e-04, 8.11148709e-04, 8.02979108e-04, 1.12296917e-06,
       8.54491573e-04, 7.67805844e-04])}
{'img': array([[[ 0.        , -0.24250861, -0.41362407, ..., -0.89415318,
         -0.81312468, -0.61175825],
        [ 0.24250861,  0.        , -0.18048567, ..., -0.7588761 ,
         -0.64769058, -0.40166165],
        [ 0.41362407,  0.18048567,  0.        , ..., -0.62887495,
         -0.4995413 , -0.22977877],
        ...,
        [ 0.89415318,  0.7588761 ,  0.62887495, ...,  0.        ,
          0.15639155,  0.4333936 ],
        [ 0.81312468,  0.64769058,  0.4995413 , ..., -0.15639155,
          0.        ,  0.28711995],
        [ 0.61175825,  0.40166165,  0.22977877, ..., -0.4333936 ,
         -0.28711995,  0.        ]],

       [[ 0.        , -0.45795207, -0.46405561, ..., -0.01449652,
         -0.13226893, -0.20595026],
        [ 0.45795207,  0.        , -0.00687799, ...,  0.44501687,
          0.33634442,  0.26504968],
        [ 0.46405561,  0.00687799,  0.        , ...,  0.45116574,
          0.34281374,  0.27167541],
        ...,
        [ 0.01449652, -0.44501687, -0.45116574, ...,  0.        ,
         -0.11788587, -0.19174286],
        [ 0.13226893, -0.33634442, -0.34281374, ...,  0.11788587,
          0.        , -0.07470735],
        [ 0.20595026, -0.26504968, -0.27167541, ...,  0.19174286,
          0.07470735,  0.        ]],

       [[ 0.        , -0.23266998, -0.38111339, ..., -0.63785754,
         -0.66961308, -0.66578835],
        [ 0.23266998,  0.        , -0.15554404, ..., -0.44116021,
         -0.4784297 , -0.47391175],
        [ 0.38111339,  0.15554404,  0.        , ..., -0.2962012 ,
         -0.33601947, -0.33117598],
        ...,
        [ 0.63785754,  0.44116021,  0.2962012 , ...,  0.        ,
         -0.04196219, -0.03682837],
        [ 0.66961308,  0.4784297 ,  0.33601947, ...,  0.04196219,
          0.        ,  0.00513779],
        [ 0.66578835,  0.47391175,  0.33117598, ...,  0.03682837,
         -0.00513779,  0.        ]],

       ...,

       [[ 0.        , -0.08713177, -0.55242987, ..., -0.31794076,
         -0.27549896,  0.11426535],
        [ 0.08713177,  0.        , -0.47769936, ..., -0.23412101,
         -0.19069129,  0.20039186],
        [ 0.55242987,  0.47769936,  0.        , ...,  0.25874211,
          0.30140685,  0.64405856],
        ...,
        [ 0.31794076,  0.23412101, -0.25874211, ...,  0.        ,
          0.0444334 ,  0.42419452],
        [ 0.27549896,  0.19069129, -0.30140685, ..., -0.0444334 ,
          0.        ,  0.38353796],
        [-0.11426535, -0.20039186, -0.64405856, ..., -0.42419452,
         -0.38353796,  0.        ]],

       [[ 0.        , -0.10768975, -0.24016994, ..., -0.99551306,
         -0.99247397, -0.99162309],
        [ 0.10768975,  0.        , -0.13423548, ..., -0.97953365,
         -0.97351505, -0.97194658],
        [ 0.24016994,  0.13423548,  0.        , ..., -0.94364936,
         -0.93401491, -0.93157753],
        ...,
        [ 0.99551306,  0.97953365,  0.94364936, ...,  0.        ,
          0.02799425,  0.03475409],
        [ 0.99247397,  0.97351505,  0.93401491, ..., -0.02799425,
          0.        ,  0.00676313],
        [ 0.99162309,  0.97194658,  0.93157753, ..., -0.03475409,
         -0.00676313,  0.        ]],

       [[ 0.        ,  0.11872035,  0.26482132, ..., -0.57024085,
         -0.50422605, -0.36643912],
        [-0.11872035,  0.        ,  0.1484667 , ..., -0.66373405,
         -0.60318356, -0.47430997],
        [-0.26482132, -0.1484667 ,  0.        , ..., -0.7674266 ,
         -0.71491612, -0.59975722],
        ...,
        [ 0.57024085,  0.66373405,  0.7674266 , ...,  0.        ,
          0.07823348,  0.22955454],
        [ 0.50422605,  0.60318356,  0.71491612, ..., -0.07823348,
          0.        ,  0.15270664],
        [ 0.36643912,  0.47430997,  0.59975722, ..., -0.22955454,
         -0.15270664,  0.        ]]]), 'num': array([7.21089919e-01, 6.92695404e-01, 5.70170994e-07, 7.88736542e-04,
       7.93487967e-04, 7.82401309e-04, 1.40569323e-02, 1.58380832e-06,
       7.82876451e-04, 7.65890107e-04, 7.54843044e-04, 1.01647399e-06,
       8.04168742e-04, 7.27611472e-04])}
{'img': array([[[ 0.        , -0.34283965, -0.74535599, ..., -0.79541847,
         -0.57495957, -0.52921967],
        [ 0.34283965,  0.        , -0.47162313, ..., -0.53942968,
         -0.25960837, -0.2062515 ],
        [ 0.74535599,  0.47162313,  0.        , ..., -0.07854808,
          0.22653034,  0.27961015],
        ...,
        [ 0.79541847,  0.53942968,  0.07854808, ...,  0.        ,
          0.30233658,  0.35416132],
        [ 0.57495957,  0.25960837, -0.22653034, ..., -0.30233658,
          0.        ,  0.05484657],
        [ 0.52921967,  0.2062515 , -0.27961015, ..., -0.35416132,
         -0.05484657,  0.        ]],

       [[ 0.        , -0.00687799, -0.21713262, ...,  0.33634442,
          0.26504968,  0.2000673 ],
        [ 0.00687799,  0.        , -0.21041359, ...,  0.34281374,
          0.27167541,  0.2068015 ],
        [ 0.21713262,  0.21041359,  0.        , ...,  0.53280222,
          0.46809298,  0.40803678],
        ...,
        [-0.33634442, -0.34281374, -0.53280222, ...,  0.        ,
         -0.07470735, -0.14113308],
        [-0.26504968, -0.27167541, -0.46809298, ...,  0.07470735,
          0.        , -0.06677911],
        [-0.2000673 , -0.2068015 , -0.40803678, ...,  0.14113308,
          0.06677911,  0.        ]],

       [[ 0.        , -0.3082532 , -0.40786224, ..., -0.64169907,
         -0.63751882, -0.62032128],
        [ 0.3082532 ,  0.        , -0.10655254, ..., -0.37403431,
         -0.36898543, -0.3483366 ],
        [ 0.40786224,  0.10655254,  0.        , ..., -0.27308654,
         -0.26785114, -0.24647444],
        ...,
        [ 0.64169907,  0.37403431,  0.27308654, ...,  0.        ,
          0.00543807,  0.02755582],
        [ 0.63751882,  0.36898543,  0.26785114, ..., -0.00543807,
          0.        ,  0.02211941],
        [ 0.62032128,  0.3483366 ,  0.24647444, ..., -0.02755582,
         -0.02211941,  0.        ]],

       ...,

       [[ 0.        , -0.47769936, -0.67468392, ..., -0.19069129,
          0.20039186,  0.09764978],
        [ 0.47769936,  0.        , -0.24013246, ...,  0.30140685,
          0.64405856,  0.56120397],
        [ 0.67468392,  0.24013246,  0.        , ...,  0.52155297,
          0.80890911,  0.74353546],
        ...,
        [ 0.19069129, -0.30140685, -0.52155297, ...,  0.        ,
          0.38353796,  0.28563786],
        [-0.20039186, -0.64405856, -0.80890911, ..., -0.38353796,
          0.        , -0.10376512],
        [-0.09764978, -0.56120397, -0.74353546, ..., -0.28563786,
          0.10376512,  0.        ]],

       [[ 0.        , -0.21561745, -0.2591427 , ..., -0.99206461,
         -0.99118861, -0.98873522],
        [ 0.21561745,  0.        , -0.04479538, ..., -0.9416198 ,
         -0.93931351, -0.93320551],
        [ 0.2591427 ,  0.04479538,  0.        , ..., -0.92559296,
         -0.92300311, -0.91617184],
        ...,
        [ 0.99206461,  0.9416198 ,  0.92559296, ...,  0.        ,
          0.00678573,  0.02417471],
        [ 0.99118861,  0.93931351,  0.92300311, ..., -0.00678573,
          0.        ,  0.0173904 ],
