state_0,state_1,state_2,state_3,state_4,state_5,state_6,state_7,state_8,state_9,state_10,state_11,state_12,state_13,state_14,state_15,state_16,state_17,state_18,state_19,state_20,state_21,state_22,state_23,state_24,state_25,state_26,state_27,state_28,state_29,state_30,state_31,state_32,state_33,state_34,state_35,state_36,state_37,state_38,state_39,state_40,state_41,state_42,state_43,state_44,state_45,state_46,state_47,state_48,state_49,state_50,state_51,state_52,state_53,state_54,state_55,state_56,state_57,state_58,state_59,state_60,state_61,state_62,state_63,state_64,state_65,state_66,state_67,state_68,state_69,state_70,state_71,state_72,state_73,state_74,state_75,state_76,state_77,state_78,state_79,state_80,state_81,state_82,state_83,state_84,state_85,state_86,state_87,state_88,state_89,state_90,state_91,state_92,state_93,state_94,state_95,state_96,state_97,state_98,state_99,state_100,state_101,state_102,state_103,state_104,state_105,state_106,state_107,state_108,state_109,state_110,state_111,state_112,state_113,state_114,state_115,state_116,state_117,state_118,state_119,state_120,state_121,state_122,state_123,state_124,state_125,state_126,state_127,state_128,state_129,state_130,state_131,state_132,state_133,state_134,state_135,state_136,state_137,state_138,state_139,state_140,state_141,state_142,state_143,state_144,state_145,state_146,state_147,state_148,state_149,state_150,state_151,state_152,state_153,state_154,state_155,state_156,state_157,state_158,state_159,state_160,state_161,state_162,state_163,state_164,state_165,state_166,state_167,state_168,state_169,state_170,state_171,state_172,state_173,state_174,state_175,state_176,state_177,state_178,state_179,state_180,state_181,state_182,state_183,state_184,state_185,state_186,state_187,state_188,state_189,state_190,state_191,state_192,state_193,state_194,state_195,state_196,state_197,state_198,state_199,state_200,state_201,state_202,state_203,state_204,state_205,state_206,state_207,state_208,state_209,state_210,state_211,state_212,state_213,state_214,state_215,state_216,state_217,state_218,state_219,state_220,state_221,state_222,state_223,state_224,state_225,state_226,state_227,state_228,state_229,state_230,state_231,state_232,state_233,state_234,state_235,state_236,state_237,state_238,state_239,state_240,state_241,state_242,state_243,state_244,state_245,state_246,state_247,state_248,state_249,state_250,state_251,state_252,state_253,state_254,state_255,state_256,state_257,state_258,state_259,state_260,state_261,state_262,state_263,state_264,state_265,state_266,state_267,state_268,state_269,state_270,state_271,state_272,state_273,state_274,state_275,state_276,state_277,state_278,state_279,state_280,state_281,state_282,state_283,state_284,state_285,state_286,state_287
{'img': array([[[ 0.00000000e+00,  0.00000000e+00,  8.09319847e-02, ...,
          6.71878667e-01,  6.93853324e-01,  7.15195304e-01],
        [ 0.00000000e+00,  0.00000000e+00,  8.09319847e-02, ...,
          6.71878667e-01,  6.93853324e-01,  7.15195304e-01],
        [-8.09319847e-02, -8.09319847e-02,  0.00000000e+00, ...,
          6.09731470e-01,  6.33296781e-01,  6.56283836e-01],
        ...,
        [-6.71878667e-01, -6.71878667e-01, -6.09731470e-01, ...,
          0.00000000e+00,  3.00794404e-02,  6.01248658e-02],
        [-6.93853324e-01, -6.93853324e-01, -6.33296781e-01, ...,
         -3.00794404e-02,  0.00000000e+00,  3.00726374e-02],
        [-7.15195304e-01, -7.15195304e-01, -6.56283836e-01, ...,
         -6.01248658e-02, -3.00726374e-02,  0.00000000e+00]],

       [[ 0.00000000e+00,  5.73599192e-02, -1.20313911e-01, ...,
         -2.93106294e-01, -7.29429475e-01, -4.46695189e-01],
        [-5.73599192e-02,  0.00000000e+00, -1.77059073e-01, ...,
         -3.47464377e-01, -7.67465914e-01, -4.97278863e-01],
        [ 1.20313911e-01,  1.77059073e-01,  0.00000000e+00, ...,
         -1.75947433e-01, -6.41829369e-01, -3.35807153e-01],
        ...,
        [ 2.93106294e-01,  3.47464377e-01,  1.75947433e-01, ...,
          0.00000000e+00, -4.96891705e-01, -1.64838116e-01],
        [ 7.29429475e-01,  7.67465914e-01,  6.41829369e-01, ...,
          4.96891705e-01,  0.00000000e+00,  3.47045956e-01],
        [ 4.46695189e-01,  4.97278863e-01,  3.35807153e-01, ...,
          1.64838116e-01, -3.47045956e-01,  0.00000000e+00]],

       [[ 0.00000000e+00, -1.10296819e-02, -3.34288244e-02, ...,
          8.74335430e-01,  8.32326611e-01,  8.15722135e-01],
        [ 1.10296819e-02,  0.00000000e+00, -2.24032735e-02, ...,
          8.79635194e-01,  8.38389574e-01,  8.22052568e-01],
        [ 3.34288244e-02,  2.24032735e-02,  0.00000000e+00, ...,
          8.90070512e-01,  8.50390537e-01,  8.34602929e-01],
        ...,
        [-8.74335430e-01, -8.79635194e-01, -8.90070512e-01, ...,
          0.00000000e+00, -8.06849366e-02, -1.09866044e-01],
        [-8.32326611e-01, -8.38389574e-01, -8.50390537e-01, ...,
          8.06849366e-02,  0.00000000e+00, -2.93113402e-02],
        [-8.15722135e-01, -8.22052568e-01, -8.34602929e-01, ...,
          1.09866044e-01,  2.93113402e-02,  0.00000000e+00]],

       ...,

       [[ 0.00000000e+00,  0.00000000e+00,  6.96952076e-02, ...,
         -5.55237624e-01, -6.31464506e-01, -9.75137795e-01],
        [ 0.00000000e+00,  0.00000000e+00,  6.96952076e-02, ...,
         -5.55237624e-01, -6.31464506e-01, -9.75137795e-01],
        [-6.96952076e-02, -6.96952076e-02,  0.00000000e+00, ...,
         -6.11852401e-01, -6.83970992e-01, -9.88210998e-01],
        ...,
        [ 5.55237624e-01,  5.55237624e-01,  6.11852401e-01, ...,
          0.00000000e+00, -9.46499158e-02, -6.87973760e-01],
        [ 6.31464506e-01,  6.31464506e-01,  6.83970992e-01, ...,
          9.46499158e-02,  0.00000000e+00, -6.16194374e-01],
        [ 9.75137795e-01,  9.75137795e-01,  9.88210998e-01, ...,
          6.87973760e-01,  6.16194374e-01,  0.00000000e+00]],

       [[ 0.00000000e+00, -1.22772970e-01, -1.24391813e-02, ...,
          8.70382807e-01,  8.53865461e-01,  8.78409870e-01],
        [ 1.22772970e-01,  0.00000000e+00,  1.10418395e-01, ...,
          8.03347752e-01,  7.83503216e-01,  8.13090319e-01],
        [ 1.24391813e-02, -1.10418395e-01,  0.00000000e+00, ...,
          8.64190716e-01,  8.47324881e-01,  8.72397123e-01],
        ...,
        [-8.70382807e-01, -8.03347752e-01, -8.64190716e-01, ...,
          0.00000000e+00,  3.26062853e-02, -1.65446747e-02],
        [-8.53865461e-01, -7.83503216e-01, -8.47324881e-01, ...,
         -3.26062853e-02,  0.00000000e+00, -4.91376999e-02],
        [-8.78409870e-01, -8.13090319e-01, -8.72397123e-01, ...,
          1.65446747e-02,  4.91376999e-02,  0.00000000e+00]],

       [[ 0.00000000e+00,  1.46212957e-04, -6.02091391e-04, ...,
          9.95998541e-01,  9.79598751e-01,  9.64929098e-01],
        [-1.46212957e-04,  0.00000000e+00, -7.48304315e-04, ...,
          9.95985464e-01,  9.79569357e-01,  9.64890705e-01],
        [ 6.02091391e-04,  7.48304315e-04,  0.00000000e+00, ...,
          9.96052169e-01,  9.79719571e-01,  9.65086979e-01],
        ...,
        [-9.95998541e-01, -9.95985464e-01, -9.96052169e-01, ...,
          0.00000000e+00, -1.12613013e-01, -1.75224993e-01],
        [-9.79598751e-01, -9.79569357e-01, -9.79719571e-01, ...,
          1.12613013e-01,  0.00000000e+00, -6.32396619e-02],
        [-9.64929098e-01, -9.64890705e-01, -9.65086979e-01, ...,
          1.75224993e-01,  6.32396619e-02,  0.00000000e+00]]]), 'num': array([ 7.06928283e-01,  7.06928283e-01,  0.00000000e+00,  4.52271120e-04,
        4.57364264e-04,  4.50233863e-04,  2.24291639e-02, -1.12049151e-05,
        4.61438778e-04,  4.82982774e-04,  4.55598641e-04,  4.75360036e-07,
        5.13948247e-04,  4.52017301e-04])}
{'img': array([[[ 0.00000000e+00,  8.09319847e-02,  1.19233205e-01, ...,
          6.93853324e-01,  7.15195304e-01,  5.89950576e-01],
        [-8.09319847e-02,  0.00000000e+00,  3.84874371e-02, ...,
          6.33296781e-01,  6.56283836e-01,  5.22667647e-01],
        [-1.19233205e-01, -3.84874371e-02,  0.00000000e+00, ...,
          6.03041786e-01,  6.26758271e-01,  4.89468449e-01],
        ...,
        [-6.93853324e-01, -6.33296781e-01, -6.03041786e-01, ...,
          0.00000000e+00,  3.00726374e-02, -1.35411426e-01],
        [-7.15195304e-01, -6.56283836e-01, -6.26758271e-01, ...,
         -3.00726374e-02,  0.00000000e+00, -1.65145833e-01],
        [-5.89950576e-01, -5.22667647e-01, -4.89468449e-01, ...,
          1.35411426e-01,  1.65145833e-01,  0.00000000e+00]],

       [[ 0.00000000e+00, -1.77059073e-01, -3.73273163e-01, ...,
         -7.67465914e-01, -4.97278863e-01, -4.76664253e-01],
        [ 1.77059073e-01,  0.00000000e+00, -2.03114027e-01, ...,
         -6.41829369e-01, -3.35807153e-01, -3.13483015e-01],
        [ 3.73273163e-01,  2.03114027e-01,  0.00000000e+00, ...,
         -4.72693015e-01, -1.37487934e-01, -1.14072668e-01],
        ...,
        [ 7.67465914e-01,  6.41829369e-01,  4.72693015e-01, ...,
          0.00000000e+00,  3.47045956e-01,  3.69083534e-01],
        [ 4.97278863e-01,  3.35807153e-01,  1.37487934e-01, ...,
         -3.47045956e-01,  0.00000000e+00,  2.36010991e-02],
        [ 4.76664253e-01,  3.13483015e-01,  1.14072668e-01, ...,
         -3.69083534e-01, -2.36010991e-02,  0.00000000e+00]],

       [[ 0.00000000e+00, -2.24032735e-02, -1.11020524e-01, ...,
          8.38389574e-01,  8.22052568e-01,  7.74748506e-01],
        [ 2.24032735e-02,  0.00000000e+00, -8.87278803e-02, ...,
          8.50390537e-01,  8.34602929e-01,  7.88718963e-01],
        [ 1.11020524e-01,  8.87278803e-02,  0.00000000e+00, ...,
          8.93720867e-01,  8.80187107e-01,  8.40153993e-01],
        ...,
        [-8.38389574e-01, -8.50390537e-01, -8.93720867e-01, ...,
          0.00000000e+00, -2.93113402e-02, -1.07794861e-01],
        [-8.22052568e-01, -8.34602929e-01, -8.80187107e-01, ...,
          2.93113402e-02,  0.00000000e+00, -7.86079969e-02],
        [-7.74748506e-01, -7.88718963e-01, -8.40153993e-01, ...,
          1.07794861e-01,  7.86079969e-02,  0.00000000e+00]],

       ...,

       [[ 0.00000000e+00,  6.21082139e-02,  6.21082139e-02, ...,
         -5.30982932e-01, -7.43017331e-01, -9.94464154e-01],
        [-6.21082139e-02,  0.00000000e+00,  0.00000000e+00, ...,
         -5.82587242e-01, -7.83150177e-01, -9.99070369e-01],
        [-6.21082139e-02,  0.00000000e+00,  0.00000000e+00, ...,
         -5.82587242e-01, -7.83150177e-01, -9.99070369e-01],
        ...,
        [ 5.30982932e-01,  5.82587242e-01,  5.82587242e-01, ...,
          0.00000000e+00, -2.74247793e-01, -7.86897771e-01],
        [ 7.43017331e-01,  7.83150177e-01,  7.83150177e-01, ...,
          2.74247793e-01,  0.00000000e+00, -5.87493616e-01],
        [ 9.94464154e-01,  9.99070369e-01,  9.99070369e-01, ...,
          7.86897771e-01,  5.87493616e-01,  0.00000000e+00]],

       [[ 0.00000000e+00,  1.10418395e-01,  1.85154779e-01, ...,
          7.83503216e-01,  8.13090319e-01,  7.99672935e-01],
        [-1.10418395e-01,  0.00000000e+00,  7.55134019e-02, ...,
          8.47324881e-01,  8.72397123e-01,  8.61082251e-01],
        [-1.85154779e-01, -7.55134019e-02,  0.00000000e+00, ...,
          8.85008860e-01,  9.06817026e-01,  8.97019652e-01],
        ...,
        [-7.83503216e-01, -8.47324881e-01, -8.85008860e-01, ...,
          0.00000000e+00, -4.91376999e-02, -2.64635384e-02],
        [-8.13090319e-01, -8.72397123e-01, -9.06817026e-01, ...,
          4.91376999e-02,  0.00000000e+00,  2.26889200e-02],
        [-7.99672935e-01, -8.61082251e-01, -8.97019652e-01, ...,
          2.64635384e-02, -2.26889200e-02,  0.00000000e+00]],

       [[ 0.00000000e+00, -7.48304315e-04, -3.42499205e-03, ...,
          9.79569357e-01,  9.64890705e-01,  9.22521741e-01],
        [ 7.48304315e-04,  0.00000000e+00, -2.67669117e-03, ...,
          9.79719571e-01,  9.65086979e-01,  9.22810287e-01],
        [ 3.42499205e-03,  2.67669117e-03,  0.00000000e+00, ...,
          9.80252400e-01,  9.65784626e-01,  9.23838189e-01],
        ...,
        [-9.79569357e-01, -9.79719571e-01, -9.80252400e-01, ...,
          0.00000000e+00, -6.32396619e-02, -1.92534779e-01],
        [-9.64890705e-01, -9.65086979e-01, -9.65784626e-01, ...,
          6.32396619e-02,  0.00000000e+00, -1.30092938e-01],
        [-9.22521741e-01, -9.22810287e-01, -9.23838189e-01, ...,
          1.92534779e-01,  1.30092938e-01,  0.00000000e+00]]]), 'num': array([9.93539066e-01, 1.06489695e-01, 3.93370009e-05, 6.36790647e-04,
       6.41026505e-04, 6.19847215e-04, 3.92010581e-02, 9.88366858e-06,
       6.36508256e-04, 6.66865239e-04, 6.32554789e-04, 8.78548318e-07,
       7.11049206e-04, 6.22681271e-04])}
{'img': array([[[ 0.00000000e+00,  3.84874371e-02, -3.97601589e-02, ...,
          6.56283836e-01,  5.22667647e-01,  6.09731470e-01],
        [-3.84874371e-02,  0.00000000e+00, -7.81877032e-02, ...,
          6.26758271e-01,  4.89468449e-01,  5.78774258e-01],
        [ 3.97601589e-02,  7.81877032e-02,  0.00000000e+00, ...,
          6.85764482e-01,  5.56151337e-01,  6.40763549e-01],
        ...,
        [-6.56283836e-01, -6.26758271e-01, -6.85764482e-01, ...,
          0.00000000e+00, -1.65145833e-01, -6.01248658e-02],
        [-5.22667647e-01, -4.89468449e-01, -5.56151337e-01, ...,
          1.65145833e-01,  0.00000000e+00,  1.05547761e-01],
        [-6.09731470e-01, -5.78774258e-01, -6.40763549e-01, ...,
          6.01248658e-02, -1.05547761e-01,  0.00000000e+00]],

       [[ 0.00000000e+00, -2.03114027e-01,  1.52410388e-01, ...,
         -3.35807153e-01, -3.13483015e-01, -1.70176883e-01],
        [ 2.03114027e-01,  0.00000000e+00,  3.49974513e-01, ...,
         -1.37487934e-01, -1.14072668e-01,  3.35217490e-02],
        [-1.52410388e-01, -3.49974513e-01,  0.00000000e+00, ...,
         -4.75444049e-01, -4.54548645e-01, -3.18376015e-01],
        ...,
        [ 3.35807153e-01,  1.37487934e-01,  4.75444049e-01, ...,
          0.00000000e+00,  2.36010991e-02,  1.70614072e-01],
        [ 3.13483015e-01,  1.14072668e-01,  4.54548645e-01, ...,
         -2.36010991e-02,  0.00000000e+00,  1.47311490e-01],
        [ 1.70176883e-01, -3.35217490e-02,  3.18376015e-01, ...,
         -1.70614072e-01, -1.47311490e-01,  0.00000000e+00]],

       [[ 0.00000000e+00, -8.87278803e-02, -7.64207770e-02, ...,
          8.34602929e-01,  7.88718963e-01,  7.60183792e-01],
        [ 8.87278803e-02,  0.00000000e+00,  1.23490434e-02, ...,
          8.80187107e-01,  8.40153993e-01,  8.14832776e-01],
        [ 7.64207770e-02, -1.23490434e-02,  0.00000000e+00, ...,
          8.74258803e-01,  8.33392451e-01,  8.07611951e-01],
        ...,
        [-8.34602929e-01, -8.80187107e-01, -8.74258803e-01, ...,
          0.00000000e+00, -7.86079969e-02, -1.23499496e-01],
        [-7.88718963e-01, -8.40153993e-01, -8.33392451e-01, ...,
          7.86079969e-02,  0.00000000e+00, -4.51111155e-02],
        [-7.60183792e-01, -8.14832776e-01, -8.07611951e-01, ...,
          1.23499496e-01,  4.51111155e-02,  0.00000000e+00]],

       ...,

       [[ 0.00000000e+00,  0.00000000e+00, -5.13024735e-02, ...,
         -7.83150177e-01, -9.99070369e-01, -7.53755835e-01],
        [ 0.00000000e+00,  0.00000000e+00, -5.13024735e-02, ...,
         -7.83150177e-01, -9.99070369e-01, -7.53755835e-01],
        [ 5.13024735e-02,  5.13024735e-02,  0.00000000e+00, ...,
         -7.50217343e-01, -9.95543150e-01, -7.19049605e-01],
        ...,
        [ 7.83150177e-01,  7.83150177e-01,  7.50217343e-01, ...,
          0.00000000e+00, -5.87493616e-01,  4.59407641e-02],
        [ 9.99070369e-01,  9.99070369e-01,  9.95543150e-01, ...,
          5.87493616e-01,  0.00000000e+00,  6.24049910e-01],
        [ 7.53755835e-01,  7.53755835e-01,  7.19049605e-01, ...,
         -4.59407641e-02, -6.24049910e-01,  0.00000000e+00]],

       [[ 0.00000000e+00,  1.49313518e-01,  1.68004650e-01, ...,
          8.14006286e-01,  8.00591544e-01,  8.13682657e-01],
        [-1.49313518e-01,  0.00000000e+00,  1.89300967e-02, ...,
          8.91610859e-01,  8.81087057e-01,  8.91358537e-01],
        [-1.68004650e-01, -1.89300967e-02,  0.00000000e+00, ...,
          9.00022685e-01,  8.89882242e-01,  8.99779807e-01],
        ...,
        [-8.14006286e-01, -8.91610859e-01, -9.00022685e-01, ...,
          0.00000000e+00,  2.27326314e-02,  5.56940349e-04],
        [-8.00591544e-01, -8.81087057e-01, -8.89882242e-01, ...,
         -2.27326314e-02,  0.00000000e+00, -2.21758315e-02],
        [-8.13682657e-01, -8.91358537e-01, -8.99779807e-01, ...,
         -5.56940349e-04,  2.21758315e-02,  0.00000000e+00]],

       [[ 0.00000000e+00, -2.67669117e-03, -1.60621531e-03, ...,
          9.65086979e-01,  9.22810287e-01,  8.95203289e-01],
        [ 2.67669117e-03,  0.00000000e+00,  1.07047816e-03, ...,
          9.65784626e-01,  9.23838189e-01,  8.96392971e-01],
        [ 1.60621531e-03, -1.07047816e-03,  0.00000000e+00, ...,
          9.65506449e-01,  9.23427899e-01,  8.95917957e-01],
        ...,
        [-9.65086979e-01, -9.65784626e-01, -9.65506449e-01, ...,
          0.00000000e+00, -1.30092938e-01, -1.95618500e-01],
        [-9.22810287e-01, -9.23838189e-01, -9.23427899e-01, ...,
          1.30092938e-01,  0.00000000e+00, -6.63765441e-02],
        [-8.95203289e-01, -8.96392971e-01, -8.95917957e-01, ...,
          1.95618500e-01,  6.63765441e-02,  0.00000000e+00]]]), 'num': array([ 9.93848071e-01,  1.07587740e-01,  3.97426157e-05,  6.36224214e-04,
        6.49062820e-04,  6.34797703e-04,  2.62198840e-02, -7.13255846e-06,
        6.41644959e-04,  6.71316402e-04,  6.39909370e-04,  8.77853349e-07,
        7.18502683e-04,  6.24130121e-04])}
{'img': array([[[ 0.        , -0.0781877 , -0.0781877 , ...,  0.48946845,
          0.57877426,  0.51568351],
        [ 0.0781877 ,  0.        ,  0.        , ...,  0.55615134,
          0.64076355,  0.58109442],
        [ 0.0781877 ,  0.        ,  0.        , ...,  0.55615134,
          0.64076355,  0.58109442],
        ...,
        [-0.48946845, -0.55615134, -0.55615134, ...,  0.        ,
          0.10554776,  0.03032049],
        [-0.57877426, -0.64076355, -0.64076355, ..., -0.10554776,
          0.        , -0.0753481 ],
        [-0.51568351, -0.58109442, -0.58109442, ..., -0.03032049,
          0.0753481 ,  0.        ]],

       [[ 0.        ,  0.34997451,  0.0346939 , ..., -0.11407267,
          0.03352175, -0.24530059],
        [-0.34997451,  0.        , -0.317264  , ..., -0.45454865,
         -0.31837602, -0.56906936],
        [-0.0346939 ,  0.317264  ,  0.        , ..., -0.14847142,
         -0.00117283, -0.27878681],
        ...,
        [ 0.11407267,  0.45454865,  0.14847142, ...,  0.        ,
          0.14731149, -0.13311196],
        [-0.03352175,  0.31837602,  0.00117283, ..., -0.14731149,
          0.        , -0.27766029],
        [ 0.24530059,  0.56906936,  0.27878681, ...,  0.13311196,
          0.27766029,  0.        ]],

       [[ 0.        ,  0.01234904,  0.02452699, ...,  0.84015399,
          0.81483278,  0.80281328],
        [-0.01234904,  0.        ,  0.01217979, ...,  0.83339245,
          0.80761195,  0.79538919],
        [-0.02452699, -0.01217979,  0.        , ...,  0.82659909,
          0.80036945,  0.78794803],
        ...,
        [-0.84015399, -0.83339245, -0.82659909, ...,  0.        ,
         -0.04511112, -0.06552134],
        [-0.81483278, -0.80761195, -0.80036945, ...,  0.04511112,
          0.        , -0.02044046],
        [-0.80281328, -0.79538919, -0.78794803, ...,  0.06552134,
          0.02044046,  0.        ]],

       ...,

       [[ 0.        , -0.05130247, -0.02605074, ..., -0.99907037,
         -0.75375584, -0.76388343],
        [ 0.05130247,  0.        ,  0.02526863, ..., -0.99554315,
         -0.7190496 , -0.72976924],
        [ 0.02605074, -0.02526863,  0.        , ..., -0.99760828,
         -0.73638066, -0.74681222],
        ...,
        [ 0.99907037,  0.99554315,  0.99760828, ...,  0.        ,
          0.62404991,  0.61182396],
        [ 0.75375584,  0.7190496 ,  0.73638066, ..., -0.62404991,
          0.        , -0.01554996],
        [ 0.76388343,  0.72976924,  0.74681222, ..., -0.61182396,
          0.01554996,  0.        ]],

       [[ 0.        ,  0.07766685,  0.10123831, ...,  0.80227743,
          0.81536353,  0.81422135],
        [-0.07766685,  0.        ,  0.02366469, ...,  0.84621738,
          0.85786579,  0.85685173],
        [-0.10123831, -0.02366469,  0.        , ...,  0.85858984,
          0.86978621,  0.86881241],
        ...,
        [-0.80227743, -0.84621738, -0.85858984, ...,  0.        ,
         -0.0222544 , -0.02028473],
        [-0.81536353, -0.85786579, -0.86978621, ...,  0.0222544 ,
          0.        ,  0.00197011],
        [-0.81422135, -0.85685173, -0.86881241, ...,  0.02028473,
         -0.00197011,  0.        ]],

       [[ 0.        ,  0.00107048,  0.02753212, ...,  0.92383819,
          0.89639297,  0.85736311],
        [-0.00107048,  0.        ,  0.02646203, ...,  0.9234279 ,
          0.89591796,  0.85681163],
        [-0.02753212, -0.02646203,  0.        , ...,  0.91294915,
          0.88384927,  0.84286699],
        ...,
        [-0.92383819, -0.9234279 , -0.91294915, ...,  0.        ,
         -0.06637654, -0.14732642],
        [-0.89639297, -0.89591796, -0.88384927, ...,  0.06637654,
          0.        , -0.08134928],
        [-0.85736311, -0.85681163, -0.84286699, ...,  0.14732642,
          0.08134928,  0.        ]]]), 'num': array([9.99631600e-01, 1.58074351e-02, 4.34359480e-05, 6.40093833e-04,
       6.41506844e-04, 6.31615769e-04, 2.19871525e-02, 9.89107468e-06,
       6.35572199e-04, 6.63620461e-04, 6.34795043e-04, 8.47806401e-07,
       7.11581923e-04, 6.15658998e-04])}
{'img': array([[[ 0.00000000e+00,  0.00000000e+00, -1.28932950e-01, ...,
          6.40763549e-01,  5.81094422e-01,  6.63566749e-01],
        [ 0.00000000e+00,  0.00000000e+00, -1.28932950e-01, ...,
          6.40763549e-01,  5.81094422e-01,  6.63566749e-01],
        [ 1.28932950e-01,  1.28932950e-01,  0.00000000e+00, ...,
          7.34402058e-01,  6.81174504e-01,  7.54485107e-01],
        ...,
        [-6.40763549e-01, -6.40763549e-01, -7.34402058e-01, ...,
          0.00000000e+00, -7.53481025e-02,  3.00794404e-02],
        [-5.81094422e-01, -5.81094422e-01, -6.81174504e-01, ...,
          7.53481025e-02,  0.00000000e+00,  1.05307942e-01],
        [-6.63566749e-01, -6.63566749e-01, -7.54485107e-01, ...,
         -3.00794404e-02, -1.05307942e-01,  0.00000000e+00]],

       [[ 0.00000000e+00, -3.15910181e-01, -3.30996196e-01, ...,
         -3.17014925e-01, -5.64478446e-01, -7.52603225e-01],
        [ 3.15910181e-01,  0.00000000e+00, -1.59425994e-02, ...,
         -1.16459835e-03, -2.74803631e-01, -5.06043006e-01],
        [ 3.30996196e-01,  1.59425994e-02,  0.00000000e+00, ...,
          1.47781382e-02, -2.59439891e-01, -4.92228069e-01],
        ...,
        [ 3.17014925e-01,  1.16459835e-03, -1.47781382e-02, ...,
          0.00000000e+00, -2.73683683e-01, -5.05038187e-01],
        [ 5.64478446e-01,  2.74803631e-01,  2.59439891e-01, ...,
          2.73683683e-01,  0.00000000e+00, -2.49540140e-01],
        [ 7.52603225e-01,  5.06043006e-01,  4.92228069e-01, ...,
          5.05038187e-01,  2.49540140e-01,  0.00000000e+00]],

       [[ 0.00000000e+00,  1.21797881e-02, -1.23490434e-02, ...,
          8.07611951e-01,  7.95389186e-01,  7.95389186e-01],
        [-1.21797881e-02,  0.00000000e+00, -2.45269867e-02, ...,
          8.00369450e-01,  7.87948029e-01,  7.87948029e-01],
        [ 1.23490434e-02,  2.45269867e-02,  0.00000000e+00, ...,
          8.14832776e-01,  8.02813279e-01,  8.02813279e-01],
        ...,
        [-8.07611951e-01, -8.00369450e-01, -8.14832776e-01, ...,
          0.00000000e+00, -2.04404620e-02, -2.04404620e-02],
        [-7.95389186e-01, -7.87948029e-01, -8.02813279e-01, ...,
          2.04404620e-02,  0.00000000e+00,  0.00000000e+00],
        [-7.95389186e-01, -7.87948029e-01, -8.02813279e-01, ...,
          2.04404620e-02,  0.00000000e+00,  0.00000000e+00]],

       ...,

       [[ 0.00000000e+00,  2.52686254e-02, -7.15395421e-02, ...,
         -7.19049605e-01, -7.29769244e-01, -7.54031316e-01],
        [-2.52686254e-02,  0.00000000e+00, -9.67205806e-02, ...,
         -7.36380663e-01, -7.46812223e-01, -7.70387957e-01],
        [ 7.15395421e-02,  9.67205806e-02,  0.00000000e+00, ...,
         -6.67490199e-01, -6.78988281e-01, -7.05109387e-01],
        ...,
        [ 7.19049605e-01,  7.36380663e-01,  6.67490199e-01, ...,
          0.00000000e+00, -1.55499563e-02, -5.17212203e-02],
        [ 7.29769244e-01,  7.46812223e-01,  6.78988281e-01, ...,
          1.55499563e-02,  0.00000000e+00, -3.61858231e-02],
        [ 7.54031316e-01,  7.70387957e-01,  7.05109387e-01, ...,
          5.17212203e-02,  3.61858231e-02,  0.00000000e+00]],

       [[ 0.00000000e+00,  6.50863831e-02,  5.37956371e-02, ...,
          8.15815375e-01,  8.14673359e-01,  8.15816241e-01],
        [-6.50863831e-02,  0.00000000e+00, -1.13105652e-02, ...,
          8.51725812e-01,  8.50690854e-01,  8.51726597e-01],
        [-5.37956371e-02,  1.13105652e-02,  0.00000000e+00, ...,
          8.45744733e-01,  8.44690855e-01,  8.45745532e-01],
        ...,
        [-8.15815375e-01, -8.51725812e-01, -8.45744733e-01, ...,
          0.00000000e+00,  1.97199663e-03, -1.49657780e-06],
        [-8.14673359e-01, -8.50690854e-01, -8.44690855e-01, ...,
         -1.97199663e-03,  0.00000000e+00, -1.97349320e-03],
        [-8.15816241e-01, -8.51726597e-01, -8.45745532e-01, ...,
          1.49657780e-06,  1.97349320e-03,  0.00000000e+00]],

       [[ 0.00000000e+00,  2.64620308e-02,  3.26988275e-02, ...,
          8.95917957e-01,  8.56811635e-01,  8.34756088e-01],
        [-2.64620308e-02,  0.00000000e+00,  6.23949669e-03, ...,
          8.83849272e-01,  8.42866991e-01,  8.19893252e-01],
        [-3.26988275e-02, -6.23949669e-03,  0.00000000e+00, ...,
          8.80913406e-01,  8.39492974e-01,  8.16305077e-01],
        ...,
        [-8.95917957e-01, -8.83849272e-01, -8.80913406e-01, ...,
          0.00000000e+00, -8.13492790e-02, -1.22495275e-01],
        [-8.56811635e-01, -8.42866991e-01, -8.39492974e-01, ...,
          8.13492790e-02,  0.00000000e+00, -4.13526383e-02],
        [-8.34756088e-01, -8.19893252e-01, -8.16305077e-01, ...,
          1.22495275e-01,  4.13526383e-02,  0.00000000e+00]]]), 'num': array([9.99672574e-01, 1.57057156e-02, 4.31564412e-05, 6.40186635e-04,
       6.44398390e-04, 6.31763127e-04, 2.01183423e-02, 4.21175418e-06,
       6.31763127e-04, 6.57876003e-04, 6.31809924e-04, 7.26734055e-07,
       7.05982685e-04, 6.09769321e-04])}
{'img': array([[[ 0.        , -0.12893295, -0.10628093, ...,  0.58109442,
          0.66356675,  0.69663623],
        [ 0.12893295,  0.        ,  0.02280886, ...,  0.6811745 ,
          0.75448511,  0.78332129],
        [ 0.10628093, -0.02280886,  0.        , ...,  0.66429845,
          0.73931898,  0.76893913],
        ...,
        [-0.58109442, -0.6811745 , -0.66429845, ...,  0.        ,
          0.10530794,  0.15005636],
        [-0.66356675, -0.75448511, -0.73931898, ..., -0.10530794,
          0.        ,  0.0451064 ],
        [-0.69663623, -0.78332129, -0.76893913, ..., -0.15005636,
         -0.0451064 ,  0.        ]],

       [[ 0.        , -0.01517712,  0.21935198, ..., -0.2510216 ,
         -0.37975424, -0.52719823],
        [ 0.01517712,  0.        ,  0.23413421, ..., -0.23630151,
         -0.36567034, -0.51424086],
        [-0.21935198, -0.23413421,  0.        , ..., -0.45723682,
         -0.57342538, -0.7007514 ],
        ...,
        [ 0.2510216 ,  0.23630151,  0.45723682, ...,  0.        ,
         -0.13537816, -0.29701445],
        [ 0.37975424,  0.36567034,  0.57342538, ...,  0.13537816,
          0.        , -0.16501119],
        [ 0.52719823,  0.51424086,  0.7007514 , ...,  0.29701445,
          0.16501119,  0.        ]],

       [[ 0.        , -0.02452699, -0.06917061, ...,  0.78794803,
          0.78794803,  0.79045711],
        [ 0.02452699,  0.        , -0.04468157, ...,  0.80281328,
          0.80281328,  0.80524252],
        [ 0.06917061,  0.04468157,  0.        , ...,  0.82865201,
          0.82865201,  0.83093204],
        ...,
        [-0.78794803, -0.80281328, -0.82865201, ...,  0.        ,
          0.        ,  0.00408557],
        [-0.78794803, -0.80281328, -0.82865201, ...,  0.        ,
          0.        ,  0.00408557],
        [-0.79045711, -0.80524252, -0.83093204, ..., -0.00408557,
         -0.00408557,  0.        ]],

       ...,

       [[ 0.        , -0.09672058, -0.07684876, ..., -0.74681222,
         -0.77038796, -0.90044025],
        [ 0.09672058,  0.        ,  0.0199461 , ..., -0.67898828,
         -0.70510939, -0.85414712],
        [ 0.07684876, -0.0199461 ,  0.        , ..., -0.69349661,
         -0.71911286, -0.86434979],
        ...,
        [ 0.74681222,  0.67898828,  0.69349661, ...,  0.        ,
         -0.03618582, -0.27397609],
        [ 0.77038796,  0.70510939,  0.71911286, ...,  0.03618582,
          0.        , -0.23899543],
        [ 0.90044025,  0.85414712,  0.86434979, ...,  0.27397609,
          0.23899543,  0.        ]],

       [[ 0.        , -0.01471563, -0.0530525 , ...,  0.84439075,
          0.8454466 ,  0.85424655],
        [ 0.01471563,  0.        , -0.03835185, ...,  0.83641575,
          0.83749603,  0.84650387],
        [ 0.0530525 ,  0.03835185,  0.        , ...,  0.81477992,
          0.81592276,  0.82546324],
        ...,
        [-0.84439075, -0.83641575, -0.81477992, ...,  0.        ,
         -0.00197394, -0.01867181],
        [-0.8454466 , -0.83749603, -0.81592276, ...,  0.00197394,
          0.        , -0.01669818],
        [-0.85424655, -0.84650387, -0.82546324, ...,  0.01867181,
          0.01669818,  0.        ]],

       [[ 0.        ,  0.0062395 ,  0.0151658 , ...,  0.84286699,
          0.81989325,  0.80180509],
        [-0.0062395 ,  0.        ,  0.00892673, ...,  0.83949297,
          0.81630508,  0.79806085],
        [-0.0151658 , -0.00892673,  0.        , ...,  0.83460901,
          0.81111629,  0.79265001],
        ...,
        [-0.84286699, -0.83949297, -0.83460901, ...,  0.        ,
         -0.04135264, -0.07221629],
        [-0.81989325, -0.81630508, -0.81111629, ...,  0.04135264,
          0.        , -0.03090985],
        [-0.80180509, -0.79806085, -0.79265001, ...,  0.07221629,
          0.03090985,  0.        ]]]), 'num': array([9.99541364e-01, 1.57036542e-02, 4.31507768e-05, 6.40102609e-04,
       6.51332479e-04, 6.34487674e-04, 2.58286737e-02, 0.00000000e+00,
       6.35049167e-04, 6.55543681e-04, 6.32826589e-04, 8.34652525e-07,
       7.02529987e-04, 6.08557375e-04])}
{'img': array([[[ 0.        ,  0.02280886, -0.65062579, ...,  0.75448511,
          0.78332129,  0.78332129],
        [-0.02280886,  0.        , -0.66777754, ...,  0.73931898,
          0.76893913,  0.76893913],
        [ 0.65062579,  0.66777754,  0.        , ...,  0.99997173,
          0.9992931 ,  0.9992931 ],
        ...,
        [-0.75448511, -0.73931898, -0.99997173, ...,  0.        ,
          0.0451064 ,  0.0451064 ],
        [-0.78332129, -0.76893913, -0.9992931 , ..., -0.0451064 ,
          0.        ,  0.        ],
        [-0.78332129, -0.76893913, -0.9992931 , ..., -0.0451064 ,
          0.        ,  0.        ]],

       [[ 0.        ,  0.23413421,  0.64055147, ..., -0.36567034,
         -0.51424086, -0.23558933],
        [-0.23413421,  0.        ,  0.44295166, ..., -0.57342538,
         -0.7007514 , -0.45658492],
        [-0.64055147, -0.44295166,  0.        , ..., -0.87699354,
         -0.94425968, -0.80343431],
        ...,
        [ 0.36567034,  0.57342538,  0.87699354, ...,  0.        ,
         -0.16501119,  0.13610425],
        [ 0.51424086,  0.7007514 ,  0.94425968, ...,  0.16501119,
          0.        ,  0.29771417],
        [ 0.23558933,  0.45658492,  0.80343431, ..., -0.13610425,
         -0.29771417,  0.        ]],

       [[ 0.        , -0.04468157, -0.23849805, ...,  0.80281328,
          0.80524252,  0.83340207],
        [ 0.04468157,  0.        , -0.19486767, ...,  0.82865201,
          0.83093204,  0.85726377],
        [ 0.23849805,  0.19486767,  0.        , ...,  0.92184629,
          0.92342198,  0.9411626 ],
        ...,
        [-0.80281328, -0.82865201, -0.92184629, ...,  0.        ,
          0.00408557,  0.05321121],
        [-0.80524252, -0.83093204, -0.92342198, ..., -0.00408557,
          0.        ,  0.04913099],
        [-0.83340207, -0.85726377, -0.9411626 , ..., -0.05321121,
         -0.04913099,  0.        ]],

       ...,

       [[ 0.        ,  0.0199461 , -0.3182678 , ..., -0.70510939,
         -0.85414712, -0.71437688],
        [-0.0199461 ,  0.        , -0.33711341, ..., -0.71911286,
         -0.86434979, -0.72819226],
        [ 0.3182678 ,  0.33711341,  0.        , ..., -0.44276106,
         -0.64422292, -0.45451844],
        ...,
        [ 0.70510939,  0.71911286,  0.44276106, ...,  0.        ,
         -0.23899543, -0.01315544],
        [ 0.85414712,  0.86434979,  0.64422292, ...,  0.23899543,
          0.        ,  0.22620054],
        [ 0.71437688,  0.72819226,  0.45451844, ...,  0.01315544,
         -0.22620054,  0.        ]],

       [[ 0.        , -0.03835185,  0.21567381, ...,  0.83749603,
          0.84650387,  0.87387072],
        [ 0.03835185,  0.        ,  0.25296439, ...,  0.81592276,
          0.82546324,  0.85458273],
        [-0.21567381, -0.25296439,  0.        , ...,  0.93563948,
          0.94140277,  0.95815621],
        ...,
        [-0.83749603, -0.81592276, -0.93563948, ...,  0.        ,
         -0.01669818, -0.07036519],
        [-0.84650387, -0.82546324, -0.94140277, ...,  0.01669818,
          0.        , -0.05369859],
        [-0.87387072, -0.85458273, -0.95815621, ...,  0.07036519,
          0.05369859,  0.        ]],

       [[ 0.        ,  0.00892673, -0.07845594, ...,  0.81630508,
          0.79806085,  0.78707685],
        [-0.00892673,  0.        , -0.08735203, ...,  0.81111629,
          0.79265001,  0.78153899],
        [ 0.07845594,  0.08735203,  0.        , ...,  0.85910668,
          0.84287662,  0.83304668],
        ...,
        [-0.81630508, -0.81111629, -0.85910668, ...,  0.        ,
         -0.03090985, -0.04890971],
        [-0.79806085, -0.79265001, -0.84287662, ...,  0.03090985,
          0.        , -0.01801348],
        [-0.78707685, -0.78153899, -0.83304668, ...,  0.04890971,
          0.01801348,  0.        ]]]), 'num': array([9.87795987e-01, 9.27090074e-04, 4.14650797e-05, 6.32608267e-04,
       6.55201420e-04, 6.04699079e-04, 1.55740633e-01, 2.65801793e-05,
       6.07888701e-04, 6.19583980e-04, 6.00756353e-04, 1.18762503e-06,
       6.61800468e-04, 5.77367492e-04])}
{'img': array([[[ 0.        , -0.66777754, -0.41660036, ...,  0.76893913,
          0.76893913,  0.92639963],
        [ 0.66777754,  0.        ,  0.29696869, ...,  0.9992931 ,
          0.9992931 ,  0.94102183],
        [ 0.41660036, -0.29696869,  0.        , ...,  0.96537644,
          0.96537644,  0.99904784],
        ...,
        [-0.76893913, -0.9992931 , -0.96537644, ...,  0.        ,
          0.        ,  0.30272993],
        [-0.76893913, -0.9992931 , -0.96537644, ...,  0.        ,
          0.        ,  0.30272993],
        [-0.92639963, -0.94102183, -0.99904784, ..., -0.30272993,
         -0.30272993,  0.        ]],

       [[ 0.        ,  0.44295166, -0.3783908 , ..., -0.7007514 ,
         -0.45658492,  0.80806145],
        [-0.44295166,  0.        , -0.74926097, ..., -0.94425968,
         -0.80343431,  0.46352184],
        [ 0.3783908 ,  0.74926097,  0.        , ..., -0.37870158,
         -0.08598931,  0.97088814],
        ...,
        [ 0.7007514 ,  0.94425968,  0.37870158, ...,  0.        ,
          0.29771417,  0.98928691],
        [ 0.45658492,  0.80343431,  0.08598931, ..., -0.29771417,
          0.        ,  0.98788934],
        [-0.80806145, -0.46352184, -0.97088814, ..., -0.98928691,
         -0.98788934,  0.        ]],

       [[ 0.        , -0.19486767, -0.40185377, ...,  0.83093204,
          0.85726377,  0.90589635],
        [ 0.19486767,  0.        , -0.21570898, ...,  0.92342198,
          0.9411626 ,  0.97105626],
        [ 0.40185377,  0.21570898,  0.        , ...,  0.98446863,
          0.9919052 ,  0.99971764],
        ...,
        [-0.83093204, -0.92342198, -0.98446863, ...,  0.        ,
          0.04913099,  0.15211783],
        [-0.85726377, -0.9411626 , -0.9919052 , ..., -0.04913099,
          0.        ,  0.1033749 ],
        [-0.90589635, -0.97105626, -0.99971764, ..., -0.15211783,
         -0.1033749 ,  0.        ]],

       ...,

       [[ 0.        , -0.33711341, -0.40256271, ..., -0.86434979,
         -0.72819226, -0.26227939],
        [ 0.33711341,  0.        , -0.07040727, ..., -0.64422292,
         -0.45451844,  0.07838512],
        [ 0.40256271,  0.07040727,  0.        , ..., -0.58877403,
         -0.39067609,  0.14838123],
        ...,
        [ 0.86434979,  0.64422292,  0.58877403, ...,  0.        ,
          0.22620054,  0.70219265],
        [ 0.72819226,  0.45451844,  0.39067609, ..., -0.22620054,
          0.        ,  0.5229405 ],
        [ 0.26227939, -0.07838512, -0.14838123, ..., -0.70219265,
         -0.5229405 ,  0.        ]],

       [[ 0.        ,  0.25296439,  0.30366247, ...,  0.82546324,
          0.85458273,  0.88157867],
        [-0.25296439,  0.        ,  0.0527667 , ...,  0.94140277,
          0.95815621,  0.97231443],
        [-0.30366247, -0.0527667 ,  0.        , ...,  0.95788866,
          0.97192561,  0.98329019],
        ...,
        [-0.82546324, -0.94140277, -0.95788866, ...,  0.        ,
         -0.05369859, -0.10796297],
        [-0.85458273, -0.95815621, -0.97192561, ...,  0.05369859,
          0.        , -0.05442248],
        [-0.88157867, -0.97231443, -0.98329019, ...,  0.10796297,
          0.05442248,  0.        ]],

       [[ 0.        , -0.08735203, -0.14985018, ...,  0.79265001,
          0.78153899,  0.7940228 ],
        [ 0.08735203,  0.        , -0.06291167, ...,  0.84287662,
          0.83304668,  0.8440879 ],
        [ 0.14985018,  0.06291167,  0.        , ...,  0.87506017,
          0.86619941,  0.87614938],
        ...,
        [-0.79265001, -0.84287662, -0.87506017, ...,  0.        ,
         -0.01801348,  0.00225497],
        [-0.78153899, -0.83304668, -0.86619941, ...,  0.01801348,
          0.        ,  0.02026804],
        [-0.7940228 , -0.8440879 , -0.87614938, ..., -0.00225497,
         -0.02026804,  0.        ]]]), 'num': array([9.96768480e-01, 9.21965562e-04, 4.12358805e-05, 6.38363150e-04,
       6.47614790e-04, 6.19859871e-04, 8.03035203e-02, 9.25163986e-06,
       6.14308887e-04, 6.16027049e-04, 5.99175847e-04, 1.48876963e-06,
       6.57712051e-04, 5.74342046e-04])}
{'img': array([[[ 0.00000000e+00,  2.96968687e-01,  6.13784410e-01, ...,
          9.99293096e-01,  9.41021825e-01,  8.96220417e-01],
        [-2.96968687e-01,  0.00000000e+00,  3.51645925e-01, ...,
          9.65376441e-01,  9.99047840e-01,  9.87527409e-01],
        [-6.13784410e-01, -3.51645925e-01,  0.00000000e+00, ...,
          8.11990204e-01,  9.50583384e-01,  9.79822736e-01],
        ...,
        [-9.99293096e-01, -9.65376441e-01, -8.11990204e-01, ...,
          0.00000000e+00,  3.02729926e-01,  4.09602937e-01],
        [-9.41021825e-01, -9.99047840e-01, -9.50583384e-01, ...,
         -3.02729926e-01,  0.00000000e+00,  1.14213300e-01],
        [-8.96220417e-01, -9.87527409e-01, -9.79822736e-01, ...,
         -4.09602937e-01, -1.14213300e-01,  0.00000000e+00]],

       [[ 0.00000000e+00, -7.49260970e-01, -6.42058102e-01, ...,
         -8.03434310e-01,  4.63521838e-01, -1.67482239e-01],
        [ 7.49260970e-01,  0.00000000e+00,  1.49206462e-01, ...,
         -8.59893071e-02,  9.70888142e-01,  6.27758452e-01],
        [ 6.42058102e-01, -1.49206462e-01,  0.00000000e+00, ...,
         -2.33680558e-01,  9.24280161e-01,  5.04587831e-01],
        ...,
        [ 8.03434310e-01,  8.59893071e-02,  2.33680558e-01, ...,
          0.00000000e+00,  9.87889335e-01,  6.92368054e-01],
        [-4.63521838e-01, -9.70888142e-01, -9.24280161e-01, ...,
