state_0,state_1,state_2,state_3,state_4,state_5,state_6,state_7,state_8,state_9,state_10,state_11,state_12,state_13,state_14,state_15,state_16,state_17,state_18,state_19,state_20,state_21,state_22,state_23,state_24,state_25,state_26,state_27,state_28,state_29,state_30,state_31,state_32,state_33,state_34,state_35,state_36,state_37,state_38,state_39,state_40,state_41,state_42,state_43,state_44,state_45,state_46,state_47,state_48,state_49,state_50,state_51,state_52,state_53,state_54,state_55,state_56,state_57,state_58,state_59,state_60,state_61,state_62,state_63,state_64,state_65,state_66,state_67,state_68,state_69,state_70,state_71,state_72,state_73,state_74,state_75,state_76,state_77,state_78,state_79,state_80,state_81,state_82,state_83,state_84,state_85,state_86,state_87,state_88,state_89,state_90,state_91,state_92,state_93,state_94,state_95,state_96,state_97,state_98,state_99,state_100,state_101,state_102,state_103,state_104,state_105,state_106,state_107,state_108,state_109,state_110,state_111,state_112,state_113,state_114,state_115,state_116,state_117,state_118,state_119,state_120,state_121,state_122,state_123,state_124,state_125,state_126,state_127,state_128,state_129,state_130,state_131,state_132,state_133,state_134,state_135,state_136,state_137,state_138,state_139,state_140,state_141,state_142,state_143,state_144,state_145,state_146,state_147,state_148,state_149,state_150,state_151,state_152,state_153,state_154,state_155,state_156,state_157,state_158,state_159,state_160,state_161,state_162,state_163,state_164,state_165,state_166,state_167,state_168,state_169,state_170,state_171,state_172,state_173,state_174,state_175,state_176,state_177,state_178,state_179,state_180,state_181,state_182,state_183,state_184,state_185,state_186,state_187,state_188,state_189,state_190,state_191,state_192,state_193,state_194,state_195,state_196,state_197,state_198,state_199,state_200,state_201,state_202,state_203,state_204,state_205,state_206,state_207,state_208,state_209,state_210,state_211,state_212,state_213,state_214,state_215,state_216,state_217,state_218,state_219,state_220,state_221,state_222,state_223,state_224,state_225,state_226,state_227,state_228,state_229,state_230,state_231,state_232,state_233,state_234,state_235,state_236,state_237,state_238,state_239,state_240,state_241,state_242,state_243,state_244,state_245,state_246,state_247,state_248,state_249,state_250,state_251,state_252,state_253,state_254,state_255,state_256,state_257,state_258,state_259,state_260,state_261,state_262,state_263,state_264,state_265,state_266,state_267,state_268,state_269,state_270,state_271,state_272,state_273,state_274,state_275,state_276,state_277,state_278,state_279,state_280,state_281,state_282,state_283,state_284,state_285,state_286,state_287
{'img': array([[[ 0.        ,  0.06300307,  0.12180428, ...,  0.99534882,
          0.98209851,  0.86546071],
        [-0.06300307,  0.        ,  0.05902834, ...,  0.99944089,
          0.99201517,  0.89530441],
        [-0.12180428, -0.05902834,  0.        , ...,  0.99967179,
          0.99772997,  0.92003773],
        ...,
        [-0.99534882, -0.99944089, -0.99967179, ...,  0.        ,
          0.09287992,  0.41527115],
        [-0.98209851, -0.99201517, -0.99772997, ..., -0.09287992,
          0.        ,  0.32898342],
        [-0.86546071, -0.89530441, -0.92003773, ..., -0.41527115,
         -0.32898342,  0.        ]],

       [[ 0.        , -0.31589469, -0.3559252 , ..., -0.75552634,
         -0.70788025, -0.48050421],
        [ 0.31589469,  0.        , -0.04249163, ..., -0.50989067,
         -0.44850604, -0.17886239],
        [ 0.3559252 ,  0.04249163,  0.        , ..., -0.47287717,
         -0.4101228 , -0.13689442],
        ...,
        [ 0.75552634,  0.50989067,  0.47287717, ...,  0.        ,
          0.06990749,  0.34780378],
        [ 0.70788025,  0.44850604,  0.4101228 , ..., -0.06990749,
          0.        ,  0.28140989],
        [ 0.48050421,  0.17886239,  0.13689442, ..., -0.34780378,
         -0.28140989,  0.        ]],

       [[ 0.        , -0.05901317, -0.35749365, ...,  0.96727906,
          0.97835826,  0.99389559],
        [ 0.05901317,  0.        , -0.3017573 , ...,  0.98056581,
          0.98886408,  0.99867405],
        [ 0.35749365,  0.3017573 ,  0.        , ...,  0.99405842,
          0.98767593,  0.96765498],
        ...,
        [-0.96727906, -0.98056581, -0.99405842, ...,  0.        ,
          0.04807644,  0.14545119],
        [-0.97835826, -0.98886408, -0.98767593, ..., -0.04807644,
          0.        ,  0.09771783],
        [-0.99389559, -0.99867405, -0.96765498, ..., -0.14545119,
         -0.09771783,  0.        ]],

       ...,

       [[ 0.        ,  0.18282032,  0.06437912, ...,  0.72138426,
          0.75753927,  0.87805728],
        [-0.18282032,  0.        , -0.11914696, ...,  0.58261682,
          0.62542877,  0.77576913],
        [-0.06437912,  0.11914696,  0.        , ...,  0.67530295,
          0.71394174,  0.84542677],
        ...,
        [-0.72138426, -0.58261682, -0.67530295, ...,  0.        ,
          0.05371034,  0.26286298],
        [-0.75753927, -0.62542877, -0.71394174, ..., -0.05371034,
          0.        ,  0.21066203],
        [-0.87805728, -0.77576913, -0.84542677, ..., -0.26286298,
         -0.21066203,  0.        ]],

       [[ 0.        ,  0.03398756,  0.0370479 , ...,  0.89169828,
          0.89774236,  0.92918493],
        [-0.03398756,  0.        ,  0.00306227, ...,  0.87579931,
          0.88225147,  0.91608578],
        [-0.0370479 , -0.00306227,  0.        , ...,  0.87431712,
          0.88080568,  0.91485357],
        ...,
        [-0.89169828, -0.87579931, -0.87431712, ...,  0.        ,
          0.01353366,  0.09099204],
        [-0.89774236, -0.88225147, -0.88080568, ..., -0.01353366,
          0.        ,  0.07750618],
        [-0.92918493, -0.91608578, -0.91485357, ..., -0.09099204,
         -0.07750618,  0.        ]],

       [[ 0.        , -0.07969592, -0.14422002, ...,  0.99086441,
          0.95723993,  0.93717303],
        [ 0.07969592,  0.        , -0.06489854, ...,  0.97696474,
          0.93113952,  0.90638898],
        [ 0.14422002,  0.06489854,  0.        , ...,  0.96105577,
          0.90551044,  0.87706218],
        ...,
        [-0.99086441, -0.97696474, -0.96105577, ...,  0.        ,
          0.15755714,  0.2192889 ],
        [-0.95723993, -0.93113952, -0.90551044, ..., -0.15755714,
          0.        ,  0.06282776],
        [-0.93717303, -0.90638898, -0.87706218, ..., -0.2192889 ,
         -0.06282776,  0.        ]]]), 'num': array([ 7.07090189e-01,  7.07090189e-01,  0.00000000e+00,  2.46692723e-03,
        2.49561243e-03,  2.43107073e-03,  4.43229373e-04, -2.15139003e-05,
        2.43393925e-03,  2.40848113e-03,  2.27378021e-03,  8.90979708e-07,
        2.48964999e-03,  2.32731228e-03])}
{'img': array([[[ 0.        ,  0.05902834, -0.0309537 , ...,  0.99201517,
          0.89530441,  0.95180043],
        [-0.05902834,  0.        , -0.08989978, ...,  0.99772997,
          0.92003773,  0.96824584],
        [ 0.0309537 ,  0.08989978,  0.        , ...,  0.98763598,
          0.88108692,  0.94185029],
        ...,
        [-0.99201517, -0.99772997, -0.98763598, ...,  0.        ,
          0.32898342,  0.18422918],
        [-0.89530441, -0.92003773, -0.88108692, ..., -0.32898342,
          0.        , -0.14937812],
        [-0.95180043, -0.96824584, -0.94185029, ..., -0.18422918,
          0.14937812,  0.        ]],

       [[ 0.        , -0.04249163, -0.04626855, ..., -0.44850604,
         -0.17886239, -0.32504494],
        [ 0.04249163,  0.        , -0.00378063, ..., -0.4101228 ,
         -0.13689442, -0.28456709],
        [ 0.04626855,  0.00378063,  0.        , ..., -0.40667181,
         -0.13314841, -0.28094073],
        ...,
        [ 0.44850604,  0.4101228 ,  0.40667181, ...,  0.        ,
          0.28140989,  0.13363292],
        [ 0.17886239,  0.13689442,  0.13314841, ..., -0.28140989,
          0.        , -0.1506534 ],
        [ 0.32504494,  0.28456709,  0.28094073, ..., -0.13363292,
          0.1506534 ,  0.        ]],

       [[ 0.        , -0.3017573 , -0.44622046, ...,  0.98886408,
          0.99867405,  0.99297513],
        [ 0.3017573 ,  0.        , -0.15537022, ...,  0.98767593,
          0.96765498,  0.91098248],
        [ 0.44622046,  0.15537022,  0.        , ...,  0.95136447,
          0.9167077 ,  0.83583811],
        ...,
        [-0.98886408, -0.98767593, -0.95136447, ...,  0.        ,
          0.09771783,  0.26478163],
        [-0.99867405, -0.96765498, -0.9167077 , ..., -0.09771783,
          0.        ,  0.1692843 ],
        [-0.99297513, -0.91098248, -0.83583811, ..., -0.26478163,
         -0.1692843 ,  0.        ]],

       ...,

       [[ 0.        , -0.11914696, -0.03926125, ...,  0.62542877,
          0.77576913,  0.75472824],
        [ 0.11914696,  0.        ,  0.08007352, ...,  0.71394174,
          0.84542677,  0.82751691],
        [ 0.03926125, -0.08007352,  0.        , ...,  0.65558136,
          0.7999455 ,  0.77990318],
        ...,
        [-0.62542877, -0.71394174, -0.65558136, ...,  0.        ,
          0.21066203,  0.17859554],
        [-0.77576913, -0.84542677, -0.7999455 , ..., -0.21066203,
          0.        , -0.03268745],
        [-0.75472824, -0.82751691, -0.77990318, ..., -0.17859554,
          0.03268745,  0.        ]],

       [[ 0.        ,  0.00306227,  0.00926501, ...,  0.88225147,
          0.91608578,  0.93151385],
        [-0.00306227,  0.        ,  0.00620283, ...,  0.88080568,
          0.91485357,  0.93039572],
        [-0.00926501, -0.00620283,  0.        , ...,  0.87785183,
          0.91233136,  0.92810413],
        ...,
        [-0.88225147, -0.88080568, -0.87785183, ...,  0.        ,
          0.07750618,  0.11765662],
        [-0.91608578, -0.91485357, -0.91233136, ..., -0.07750618,
          0.        ,  0.04033484],
        [-0.93151385, -0.93039572, -0.92810413, ..., -0.11765662,
         -0.04033484,  0.        ]],

       [[ 0.        , -0.06456517, -0.1389103 , ...,  0.96720359,
          0.96434061,  0.90436626],
        [ 0.06456517,  0.        , -0.07468126, ...,  0.94878581,
          0.94524041,  0.87492565],
        [ 0.1389103 ,  0.07468126,  0.        , ...,  0.92254297,
          0.9182267 ,  0.83631743],
        ...,
        [-0.96720359, -0.94878581, -0.92254297, ...,  0.        ,
          0.01103944,  0.18304986],
        [-0.96434061, -0.94524041, -0.9182267 , ..., -0.01103944,
          0.        ,  0.17218579],
        [-0.90436626, -0.87492565, -0.83631743, ..., -0.18304986,
         -0.17218579,  0.        ]]]), 'num': array([7.07089604e-01, 7.07089604e-01, 0.00000000e+00, 2.50278166e-03,
       2.54580943e-03, 2.48126778e-03, 9.66231490e-04, 3.58564708e-05,
       2.45975390e-03, 2.41278192e-03, 2.28357910e-03, 9.42512947e-07,
       2.50377262e-03, 2.32179122e-03])}
{'img': array([[[ 0.        , -0.08989978, -0.44155798, ...,  0.92003773,
          0.96824584,  0.85065806],
        [ 0.08989978,  0.        , -0.35910901, ...,  0.88108692,
          0.94185029,  0.79995153],
        [ 0.44155798,  0.35910901,  0.        , ...,  0.65247239,
          0.75835235,  0.53110266],
        ...,
        [-0.92003773, -0.88108692, -0.65247239, ...,  0.        ,
         -0.14937812,  0.1503685 ],
        [-0.96824584, -0.94185029, -0.75835235, ...,  0.14937812,
          0.        ,  0.29636109],
        [-0.85065806, -0.79995153, -0.53110266, ..., -0.1503685 ,
         -0.29636109,  0.        ]],

       [[ 0.        , -0.00378063,  0.18162977, ..., -0.13689442,
         -0.28456709,  0.16782614],
        [ 0.00378063,  0.        ,  0.18534623, ..., -0.13314841,
         -0.28094073,  0.17155195],
        [-0.18162977, -0.18534623,  0.        , ..., -0.3145373 ,
         -0.45395438, -0.01401896],
        ...,
        [ 0.13689442,  0.13314841,  0.3145373 , ...,  0.        ,
         -0.1506534 ,  0.30119896],
        [ 0.28456709,  0.28094073,  0.45395438, ...,  0.1506534 ,
          0.        ,  0.44141852],
        [-0.16782614, -0.17155195,  0.01401896, ..., -0.30119896,
         -0.44141852,  0.        ]],

       [[ 0.        , -0.15431881, -0.26673391, ...,  0.97649808,
          0.93276592,  0.7060781 ],
        [ 0.15431881,  0.        , -0.11481086, ...,  0.93154098,
          0.86596316,  0.58834167],
        [ 0.26673391,  0.11481086,  0.        , ...,  0.88363164,
          0.80281906,  0.4916137 ],
        ...,
        [-0.97649808, -0.93154098, -0.88363164, ...,  0.        ,
          0.15097521,  0.5393132 ],
        [-0.93276592, -0.86596316, -0.80281906, ..., -0.15097521,
          0.        ,  0.40599432],
        [-0.7060781 , -0.58834167, -0.4916137 , ..., -0.5393132 ,
         -0.40599432,  0.        ]],

       ...,

       [[ 0.        ,  0.08007352,  0.03239922, ...,  0.84542677,
          0.82751691,  0.89025397],
        [-0.08007352,  0.        , -0.04773629, ...,  0.7999455 ,
          0.77990318,  0.85092469],
        [-0.03239922,  0.04773629,  0.        , ...,  0.82767878,
          0.80889222,  0.8750299 ],
        ...,
        [-0.84542677, -0.7999455 , -0.82767878, ...,  0.        ,
         -0.03268745,  0.0904151 ],
        [-0.82751691, -0.77990318, -0.80889222, ...,  0.03268745,
          0.        ,  0.12292036],
        [-0.89025397, -0.85092469, -0.8750299 , ..., -0.0904151 ,
         -0.12292036,  0.        ]],

       [[ 0.        ,  0.00620283,  0.03290671, ...,  0.91485357,
          0.93039572,  0.95883076],
        [-0.00620283,  0.        ,  0.02670661, ...,  0.91233136,
          0.92810413,  0.95705084],
        [-0.03290671, -0.02670661,  0.        , ...,  0.90107085,
          0.91782967,  0.94896669],
        ...,
        [-0.91485357, -0.91233136, -0.90107085, ...,  0.        ,
          0.04033484,  0.12736379],
        [-0.93039572, -0.92810413, -0.91782967, ..., -0.04033484,
          0.        ,  0.08725379],
        [-0.95883076, -0.95705084, -0.94896669, ..., -0.12736379,
         -0.08725379,  0.        ]],

       [[ 0.        , -0.07468126, -0.19762814, ...,  0.94524041,
          0.87492565,  0.95042121],
        [ 0.07468126,  0.        , -0.12386793, ...,  0.9182267 ,
          0.83631743,  0.92454383],
        [ 0.19762814,  0.12386793,  0.        , ...,  0.86209663,
          0.76196668,  0.87022059],
        ...,
        [-0.94524041, -0.9182267 , -0.86209663, ...,  0.        ,
          0.17218579, -0.0162565 ],
        [-0.87492565, -0.83631743, -0.76196668, ..., -0.17218579,
          0.        , -0.18817674],
        [-0.95042121, -0.92454383, -0.87022059, ...,  0.0162565 ,
          0.18817674,  0.        ]]]), 'num': array([ 9.99496242e-01,  3.01813569e-02,  5.58682931e-06,  3.53764556e-03,
        3.57842534e-03,  3.49686579e-03,  5.82539100e-04, -2.03898880e-05,
        3.51929467e-03,  3.43569612e-03,  3.25966343e-03,  1.14045136e-06,
        3.57323344e-03,  3.29815881e-03])}
{'img': array([[[ 0.        , -0.35910901, -0.25924541, ...,  0.94185029,
          0.79995153,  0.88108692],
        [ 0.35910901,  0.        ,  0.10487899, ...,  0.75835235,
          0.53110266,  0.65247239],
        [ 0.25924541, -0.10487899,  0.        , ...,  0.82253486,
          0.61703838,  0.72835261],
        ...,
        [-0.94185029, -0.75835235, -0.82253486, ...,  0.        ,
          0.29636109,  0.14937812],
        [-0.79995153, -0.53110266, -0.61703838, ..., -0.29636109,
          0.        , -0.1503685 ],
        [-0.88108692, -0.65247239, -0.72835261, ..., -0.14937812,
          0.1503685 ,  0.        ]],

       [[ 0.        ,  0.18534623, -0.01494307, ..., -0.28094073,
          0.17155195, -0.32050082],
        [-0.18534623,  0.        , -0.20000969, ..., -0.45395438,
         -0.01401896, -0.49051648],
        [ 0.01494307,  0.20000969,  0.        , ..., -0.26656812,
          0.18625434, -0.30631024],
        ...,
        [ 0.28094073,  0.45395438,  0.26656812, ...,  0.        ,
          0.44141852, -0.04147207],
        [-0.17155195,  0.01401896, -0.18625434, ..., -0.44141852,
          0.        , -0.4782517 ],
        [ 0.32050082,  0.49051648,  0.30631024, ...,  0.04147207,
          0.4782517 ,  0.        ]],

       [[ 0.        , -0.11321059, -0.17354412, ...,  0.91139355,
          0.80888775,  0.5815372 ],
        [ 0.11321059,  0.        , -0.06093567, ...,  0.85894399,
          0.73712377,  0.48569945],
        [ 0.17354412,  0.06093567,  0.        , ...,  0.82614451,
          0.69457623,  0.43153143],
        ...,
        [-0.91139355, -0.85894399, -0.82614451, ...,  0.        ,
          0.20297942,  0.50211327],
        [-0.80888775, -0.73712377, -0.69457623, ..., -0.20297942,
          0.        ,  0.3161238 ],
        [-0.5815372 , -0.48569945, -0.43153143, ..., -0.50211327,
         -0.3161238 ,  0.        ]],

       ...,

       [[ 0.        , -0.04773629,  0.10665032, ...,  0.77990318,
          0.85092469,  0.62984953],
        [ 0.04773629,  0.        ,  0.15399277, ...,  0.80889222,
          0.8750299 ,  0.66620909],
        [-0.10665032, -0.15399277,  0.        , ...,  0.70870262,
          0.79004941,  0.54342011],
        ...,
        [-0.77990318, -0.80889222, -0.70870262, ...,  0.        ,
          0.12292036, -0.21154126],
        [-0.85092469, -0.8750299 , -0.79004941, ..., -0.12292036,
          0.        , -0.3300756 ],
        [-0.62984953, -0.66620909, -0.54342011, ...,  0.21154126,
          0.3300756 ,  0.        ]],

       [[ 0.        ,  0.02670661,  0.01322248, ...,  0.92810413,
          0.95705084,  0.97368953],
        [-0.02670661,  0.        , -0.01348651, ...,  0.91782967,
          0.94896669,  0.96725636],
        [-0.01322248,  0.01348651,  0.        , ...,  0.92309999,
          0.95313371,  0.97059129],
        ...,
        [-0.92810413, -0.91782967, -0.92309999, ...,  0.        ,
          0.08725379,  0.15102964],
        [-0.95705084, -0.94896669, -0.95313371, ..., -0.08725379,
          0.        ,  0.06420071],
        [-0.97368953, -0.96725636, -0.97059129, ..., -0.15102964,
         -0.06420071,  0.        ]],

       [[ 0.        , -0.12386793, -0.22614408, ...,  0.83631743,
          0.92454383,  0.93519351],
        [ 0.12386793,  0.        , -0.10374349, ...,  0.76196668,
          0.87022059,  0.88412509],
        [ 0.22614408,  0.10374349,  0.        , ...,  0.6906692 ,
          0.81441445,  0.83088025],
        ...,
        [-0.83631743, -0.76196668, -0.6906692 , ...,  0.        ,
         -0.18817674, -0.21654461],
        [-0.92454383, -0.87022059, -0.81441445, ...,  0.18817674,
          0.        , -0.02896426],
        [-0.93519351, -0.88412509, -0.83088025, ...,  0.21654461,
          0.02896426,  0.        ]]]), 'num': array([ 9.99935186e-01,  5.51151131e-03,  5.83239692e-06,  3.53887429e-03,
        3.62189773e-03,  3.50774050e-03,  6.95549656e-04, -6.22675828e-05,
        3.58661277e-03,  3.50307043e-03,  3.33114271e-03,  1.02132014e-06,
        3.64003945e-03,  3.36610140e-03])}
{'img': array([[[ 0.        ,  0.10487899, -0.34798527, ...,  0.53110266,
          0.65247239,  0.82926415],
        [-0.10487899,  0.        , -0.44439019, ...,  0.61703838,
          0.72835261,  0.88330309],
        [ 0.34798527,  0.44439019,  0.        , ...,  0.20305822,
          0.34798527,  0.58296119],
        ...,
        [-0.53110266, -0.61703838, -0.20305822, ...,  0.        ,
         -0.1503685 , -0.40583137],
        [-0.65247239, -0.72835261, -0.34798527, ...,  0.1503685 ,
          0.        , -0.26378808],
        [-0.82926415, -0.88330309, -0.58296119, ...,  0.40583137,
          0.26378808,  0.        ]],

       [[ 0.        , -0.20000969, -0.15277878, ..., -0.01401896,
         -0.49051648, -0.41521926],
        [ 0.20000969,  0.        ,  0.04796994, ...,  0.18625434,
         -0.30631024, -0.22487622],
        [ 0.15277878, -0.04796994,  0.        , ...,  0.13890938,
         -0.35162171, -0.27135864],
        ...,
        [ 0.01401896, -0.18625434, -0.13890938, ...,  0.        ,
         -0.4782517 , -0.4024251 ],
        [ 0.49051648,  0.30631024,  0.35162171, ...,  0.4782517 ,
          0.        ,  0.08439801],
        [ 0.41521926,  0.22487622,  0.27135864, ...,  0.4024251 ,
         -0.08439801,  0.        ]],

       [[ 0.        , -0.06078597, -0.23053564, ...,  0.75462086,
          0.59904299,  0.48464673],
        [ 0.06078597,  0.        , -0.17096071, ...,  0.71334005,
          0.54926291,  0.43058044],
        [ 0.23053564,  0.17096071,  0.        , ...,  0.58302579,
          0.39831333,  0.26994041],
        ...,
        [-0.75462086, -0.71334005, -0.58302579, ...,  0.        ,
          0.21116895,  0.34206807],
        [-0.59904299, -0.54926291, -0.39831333, ..., -0.21116895,
          0.        ,  0.13592407],
        [-0.48464673, -0.43058044, -0.26994041, ..., -0.34206807,
         -0.13592407,  0.        ]],

       ...,

       [[ 0.        ,  0.15399277, -0.02026654, ...,  0.8750299 ,
          0.66620909,  0.46655748],
        [-0.15399277,  0.        , -0.17398595, ...,  0.79004941,
          0.54342011,  0.32478717],
        [ 0.02026654,  0.17398595,  0.        , ...,  0.88466058,
          0.68118633,  0.48438723],
        ...,
        [-0.8750299 , -0.79004941, -0.88466058, ...,  0.        ,
         -0.3300756 , -0.54811001],
        [-0.66620909, -0.54342011, -0.68118633, ...,  0.3300756 ,
          0.        , -0.24131361],
        [-0.46655748, -0.32478717, -0.48438723, ...,  0.54811001,
          0.24131361,  0.        ]],

       [[ 0.        , -0.01348651, -0.0946999 , ...,  0.94896669,
          0.96725636,  0.97040373],
        [ 0.01348651,  0.        , -0.08126539, ...,  0.95313371,
          0.97059129,  0.97357231],
        [ 0.0946999 ,  0.08126539,  0.        , ...,  0.97456801,
          0.98694435,  0.98891152],
        ...,
        [-0.94896669, -0.95313371, -0.97456801, ...,  0.        ,
          0.06420071,  0.07687798],
        [-0.96725636, -0.97059129, -0.98694435, ..., -0.06420071,
          0.        ,  0.01270868],
        [-0.97040373, -0.97357231, -0.98891152, ..., -0.07687798,
         -0.01270868,  0.        ]],

       [[ 0.        , -0.10374349, -0.21226526, ...,  0.87022059,
          0.88412509,  0.8178547 ],
        [ 0.10374349,  0.        , -0.1097405 , ...,  0.81441445,
          0.83088025,  0.75374505],
        [ 0.21226526,  0.1097405 ,  0.        , ...,  0.74581499,
          0.76479671,  0.6770748 ],
        ...,
        [-0.87022059, -0.81441445, -0.74581499, ...,  0.        ,
         -0.02896426,  0.09782034],
        [-0.88412509, -0.83088025, -0.76479671, ...,  0.02896426,
          0.        ,  0.12660465],
        [-0.8178547 , -0.75374505, -0.6770748 , ..., -0.09782034,
         -0.12660465,  0.        ]]]), 'num': array([9.99937110e-01, 5.40125681e-03, 5.71572329e-06, 3.53927350e-03,
       3.57995480e-03, 3.47825154e-03, 6.76896227e-04, 7.11922830e-05,
       3.51689878e-03, 3.44163837e-03, 3.27993018e-03, 1.13668351e-06,
       3.57980516e-03, 3.30347158e-03])}
{'img': array([[[ 0.        , -0.44439019,  0.08624945, ...,  0.72835261,
          0.88330309,  0.68177076],
        [ 0.44439019,  0.        ,  0.51999933, ...,  0.34798527,
          0.58296119,  0.28565228],
        [-0.08624945, -0.51999933,  0.        , ...,  0.78473679,
          0.92044547,  0.74232734],
        ...,
        [-0.72835261, -0.34798527, -0.78473679, ...,  0.        ,
         -0.26378808,  0.06568688],
        [-0.88330309, -0.58296119, -0.92044547, ...,  0.26378808,
          0.        ,  0.32657867],
        [-0.68177076, -0.28565228, -0.74232734, ..., -0.06568688,
         -0.32657867,  0.        ]],

       [[ 0.        ,  0.04796994, -0.12031412, ..., -0.30631024,
         -0.22487622, -0.22849896],
        [-0.04796994,  0.        , -0.16779709, ..., -0.35162171,
         -0.27135864, -0.27493676],
        [ 0.12031412,  0.16779709,  0.        , ..., -0.18955433,
         -0.10601013, -0.109708  ],
        ...,
        [ 0.30631024,  0.35162171,  0.18955433, ...,  0.        ,
          0.08439801,  0.08069113],
        [ 0.22487622,  0.27135864,  0.10601013, ..., -0.08439801,
          0.        , -0.00371956],
        [ 0.22849896,  0.27493676,  0.109708  , ..., -0.08069113,
          0.00371956,  0.        ]],

       [[ 0.        , -0.17075808, -0.43010729, ...,  0.57407319,
          0.51488529,  0.43010729],
        [ 0.17075808,  0.        , -0.2696337 , ...,  0.42582437,
          0.36093924,  0.2696337 ],
        [ 0.43010729,  0.2696337 ,  0.        , ...,  0.16608695,
          0.09611361,  0.        ],
        ...,
        [-0.57407319, -0.42582437, -0.16608695, ...,  0.        ,
          0.07053934,  0.16608695],
        [-0.51488529, -0.36093924, -0.09611361, ..., -0.07053934,
          0.        ,  0.09611361],
        [-0.43010729, -0.2696337 , -0.        , ..., -0.16608695,
         -0.09611361,  0.        ]],

       ...,

       [[ 0.        , -0.17398595, -0.07505384, ...,  0.54342011,
          0.32478717,  0.54195638],
        [ 0.17398595,  0.        ,  0.09958609, ...,  0.68118633,
          0.48438723,  0.67990947],
        [ 0.07505384, -0.09958609,  0.        , ...,  0.60489214,
          0.39485606,  0.60350352],
        ...,
        [-0.54342011, -0.68118633, -0.60489214, ...,  0.        ,
         -0.24131361, -0.00174267],
        [-0.32478717, -0.48438723, -0.39485606, ...,  0.24131361,
          0.        ,  0.23962208],
        [-0.54195638, -0.67990947, -0.60350352, ...,  0.00174267,
         -0.23962208,  0.        ]],

       [[ 0.        , -0.08126539, -0.15013738, ...,  0.97059129,
          0.97357231,  0.98613791],
        [ 0.08126539,  0.        , -0.06929654, ...,  0.98694435,
          0.98891152,  0.99636044],
        [ 0.15013738,  0.06929654,  0.        , ...,  0.99573285,
          0.99682523,  0.99987214],
        ...,
        [-0.97059129, -0.98694435, -0.99573285, ...,  0.        ,
          0.01270868,  0.07634825],
        [-0.97357231, -0.98891152, -0.99682523, ..., -0.01270868,
          0.        ,  0.06367049],
        [-0.98613791, -0.99636044, -0.99987214, ..., -0.07634825,
         -0.06367049,  0.        ]],

       [[ 0.        , -0.10953682, -0.18351945, ...,  0.84550046,
          0.78801193,  0.68971806],
        [ 0.10953682,  0.        , -0.07473871, ...,  0.78192298,
          0.71583282,  0.60625464],
        [ 0.18351945,  0.07473871,  0.        , ...,  0.73314581,
          0.66164282,  0.54512155],
        ...,
        [-0.84550046, -0.78192298, -0.73314581, ...,  0.        ,
          0.09976237,  0.24391632],
        [-0.78801193, -0.71583282, -0.66164282, ..., -0.09976237,
          0.        ,  0.14595032],
        [-0.68971806, -0.60625464, -0.54512155, ..., -0.24391632,
         -0.14595032,  0.        ]]]), 'num': array([9.99937017e-01, 5.40125631e-03, 5.71572276e-06, 3.53927317e-03,
       3.54944350e-03, 3.47825122e-03, 7.20872650e-04, 0.00000000e+00,
       3.52503471e-03, 3.45079134e-03, 3.29501586e-03, 1.17112836e-06,
       3.58936179e-03, 3.31222089e-03])}
{'img': array([[[ 0.        ,  0.51999933,  0.78062475, ...,  0.58296119,
          0.28565228,  0.28565228],
        [-0.51999933,  0.        ,  0.34178406, ...,  0.92044547,
          0.74232734,  0.74232734],
        [-0.78062475, -0.34178406,  0.        , ...,  0.99860835,
          0.92663139,  0.92663139],
        ...,
        [-0.58296119, -0.92044547, -0.99860835, ...,  0.        ,
          0.32657867,  0.32657867],
        [-0.28565228, -0.74232734, -0.92663139, ..., -0.32657867,
          0.        ,  0.        ],
        [-0.28565228, -0.74232734, -0.92663139, ..., -0.32657867,
          0.        ,  0.        ]],

       [[ 0.        , -0.16779709,  0.19092103, ..., -0.27135864,
         -0.27493676, -0.24238496],
        [ 0.16779709,  0.        ,  0.3529246 , ..., -0.10601013,
         -0.109708  , -0.07615491],
        [-0.19092103, -0.3529246 ,  0.        , ..., -0.45012445,
         -0.45344278, -0.42315418],
        ...,
        [ 0.27135864,  0.10601013,  0.45012445, ...,  0.        ,
         -0.00371956,  0.0299765 ],
        [ 0.27493676,  0.109708  ,  0.45344278, ...,  0.00371956,
          0.        ,  0.03369418],
        [ 0.24238496,  0.07615491,  0.42315418, ..., -0.0299765 ,
         -0.03369418,  0.        ]],

       [[ 0.        , -0.26841723, -0.03658138, ...,  0.46739123,
          0.44717904,  0.26841723],
        [ 0.26841723,  0.        ,  0.23299863, ...,  0.21294485,
          0.19068449,  0.        ],
        [ 0.03658138, -0.23299863,  0.        , ...,  0.4347386 ,
          0.41415972,  0.23299863],
        ...,
        [-0.46739123, -0.21294485, -0.4347386 , ...,  0.        ,
          0.02272661,  0.21294485],
        [-0.44717904, -0.19068449, -0.41415972, ..., -0.02272661,
          0.        ,  0.19068449],
        [-0.26841723, -0.        , -0.23299863, ..., -0.21294485,
         -0.19068449,  0.        ]],

       ...,

       [[ 0.        ,  0.09958609,  0.37637007, ...,  0.48438723,
          0.67990947,  0.72187885],
        [-0.09958609,  0.        ,  0.28223565, ...,  0.39485606,
          0.60350352,  0.64937484],
        [-0.37637007, -0.28223565,  0.        , ...,  0.1195012 ,
          0.35392464,  0.40834326],
        ...,
        [-0.48438723, -0.39485606, -0.1195012 , ...,  0.        ,
          0.23962208,  0.296333  ],
        [-0.67990947, -0.60350352, -0.35392464, ..., -0.23962208,
          0.        ,  0.05884033],
        [-0.72187885, -0.64937484, -0.40834326, ..., -0.296333  ,
         -0.05884033,  0.        ]],

       [[ 0.        , -0.06929654, -0.23198902, ...,  0.98891152,
          0.99636044,  0.99944038],
        [ 0.06929654,  0.        , -0.16402532, ...,  0.99682523,
          0.99987214,  0.99935583],
        [ 0.23198902,  0.16402532,  0.        , ...,  0.99638418,
          0.9889529 ,  0.97993418],
        ...,
        [-0.98891152, -0.99682523, -0.99638418, ...,  0.        ,
          0.06367049,  0.11534328],
        [-0.99636044, -0.99987214, -0.9889529 , ..., -0.06367049,
          0.        ,  0.05186371],
        [-0.99944038, -0.99935583, -0.97993418, ..., -0.11534328,
         -0.05186371,  0.        ]],

       [[ 0.        , -0.07433345, -0.05672337, ...,  0.78011479,
          0.7492124 ,  0.60359902],
        [ 0.07433345,  0.        ,  0.01764733, ...,  0.73145085,
          0.6979064 ,  0.54266396],
        [ 0.05672337, -0.01764733,  0.        , ...,  0.74337055,
          0.71043654,  0.55740233],
        ...,
        [-0.78011479, -0.73145085, -0.74337055, ...,  0.        ,
          0.04795873,  0.24434267],
        [-0.7492124 , -0.6979064 , -0.71043654, ..., -0.04795873,
          0.        ,  0.19755646],
        [-0.60359902, -0.54266396, -0.55740233, ..., -0.24434267,
         -0.19755646,  0.        ]]]), 'num': array([9.99937406e-01, 5.35534105e-03, 5.66713427e-06, 3.53943795e-03,
       3.56968956e-03, 3.47893474e-03, 8.43918981e-04, 3.02516064e-05,
       3.49910248e-03, 3.43305314e-03, 3.28330768e-03, 1.13443524e-06,
       3.56916296e-03, 3.29694332e-03])}
{'img': array([[[ 0.        ,  0.65508458,  0.72486695, ...,  0.35901099,
          0.35901099,  0.        ],
        [-0.65508458,  0.        ,  0.09639677, ...,  0.88266502,
          0.88266502,  0.65508458],
        [-0.72486695, -0.09639677,  0.        , ...,  0.92386117,
          0.92386117,  0.72486695],
        ...,
        [-0.35901099, -0.88266502, -0.92386117, ...,  0.        ,
          0.        ,  0.35901099],
        [-0.35901099, -0.88266502, -0.92386117, ...,  0.        ,
          0.        ,  0.35901099],
        [-0.        , -0.65508458, -0.72486695, ..., -0.35901099,
         -0.35901099,  0.        ]],

       [[ 0.        ,  0.3529246 ,  0.05408252, ..., -0.109708  ,
         -0.07615491,  0.01490663],
        [-0.3529246 ,  0.        , -0.30180568, ..., -0.45344278,
         -0.42315418, -0.33893797],
        [-0.05408252,  0.30180568,  0.        , ..., -0.1633035 ,
         -0.12996891, -0.0391917 ],
        ...,
        [ 0.109708  ,  0.45344278,  0.1633035 , ...,  0.        ,
          0.03369418,  0.12451246],
        [ 0.07615491,  0.42315418,  0.12996891, ..., -0.03369418,
          0.        ,  0.09100978],
        [-0.01490663,  0.33893797,  0.0391917 , ..., -0.12451246,
         -0.09100978,  0.        ]],

       [[ 0.        ,  0.23247346,  0.45515747, ...,  0.23247346,
          0.13483857,  0.        ],
        [-0.23247346,  0.        ,  0.23569049, ...,  0.45220865,
          0.36149478,  0.23247346],
        [-0.45515747, -0.23569049,  0.        , ...,  0.64968432,
          0.57106252,  0.45515747],
        ...,
        [-0.23247346, -0.45220865, -0.64968432, ...,  0.        ,
          0.09920606,  0.23247346],
        [-0.13483857, -0.36149478, -0.57106252, ..., -0.09920606,
          0.        ,  0.13483857],
        [-0.        , -0.23247346, -0.45515747, ..., -0.23247346,
         -0.13483857,  0.        ]],

       ...,

       [[ 0.        ,  0.28223565,  0.32450721, ...,  0.60350352,
          0.64937484,  0.61368955],
        [-0.28223565,  0.        ,  0.04435244, ...,  0.35392464,
          0.40834326,  0.36590164],
        [-0.32450721, -0.04435244,  0.        , ...,  0.31209468,
          0.36745526,  0.32426482],
        ...,
        [-0.60350352, -0.35392464, -0.31209468, ...,  0.        ,
          0.05884033,  0.01283705],
        [-0.64937484, -0.40834326, -0.36745526, ..., -0.05884033,
          0.        , -0.04602067],
        [-0.61368955, -0.36590164, -0.32426482, ..., -0.01283705,
          0.04602067,  0.        ]],

       [[ 0.        , -0.16402532, -0.27976214, ...,  0.99987214,
          0.99935583,  0.99531155],
        [ 0.16402532,  0.        , -0.1184974 , ...,  0.9889529 ,
          0.97993418,  0.96596652],
        [ 0.27976214,  0.1184974 ,  0.        , ...,  0.96442022,
          0.94941086,  0.92850929],
        ...,
        [-0.99987214, -0.9889529 , -0.96442022, ...,  0.        ,
          0.05186371,  0.1126243 ],
        [-0.99935583, -0.97993418, -0.94941086, ..., -0.05186371,
          0.        ,  0.060939  ],
        [-0.99531155, -0.96596652, -0.92850929, ..., -0.1126243 ,
         -0.060939  ,  0.        ]],

       [[ 0.        ,  0.01750832,  0.02471183, ...,  0.77155573,
          0.72433809,  0.5390753 ],
        [-0.01750832,  0.        ,  0.00720507, ...,  0.78257559,
          0.73629808,  0.55373918],
        [-0.02471183, -0.00720507,  0.        , ...,  0.78704083,
          0.74115434,  0.5597244 ],
        ...,
        [-0.77155573, -0.78257559, -0.78704083, ...,  0.        ,
          0.07114902,  0.30690958],
        [-0.72433809, -0.73629808, -0.74115434, ..., -0.07114902,
          0.        ,  0.23841651],
        [-0.5390753 , -0.55373918, -0.5597244 , ..., -0.30690958,
         -0.23841651,  0.        ]]]), 'num': array([9.99937317e-01, 5.13698694e-03, 5.43606738e-06, 3.54021470e-03,
       3.57890557e-03, 3.40479665e-03, 2.74283454e-03, 1.45090766e-04,
       3.39318939e-03, 3.31193856e-03, 3.16636416e-03, 1.42988002e-06,
       3.46831383e-03, 3.15556329e-03])}
{'img': array([[[ 0.        ,  0.35154706,  0.66742073, ...,  0.78694647,
          0.73242189,  0.        ],
        [-0.35154706,  0.        ,  0.36302905, ...,  0.95362786,
          0.92502275,  0.35154706],
        [-0.66742073, -0.36302905,  0.        , ...,  0.99783676,
          0.99983467,  0.66742073],
        ...,
        [-0.78694647, -0.95362786, -0.99783676, ...,  0.        ,
          0.08387345,  0.78694647],
        [-0.73242189, -0.92502275, -0.99983467, ..., -0.08387345,
          0.        ,  0.73242189],
        [-0.        , -0.35154706, -0.66742073, ..., -0.78694647,
         -0.73242189,  0.        ]],

       [[ 0.        , -0.30180568, -0.06330419, ..., -0.42315418,
         -0.33893797,  0.57026366],
        [ 0.30180568,  0.        ,  0.24084807, ..., -0.12996891,
         -0.0391917 ,  0.79159377],
        [ 0.06330419, -0.24084807,  0.        , ..., -0.36494821,
         -0.27870103,  0.62112184],
        ...,
        [ 0.42315418,  0.12996891,  0.36494821, ...,  0.        ,
          0.09100978,  0.86429674],
        [ 0.33893797,  0.0391917 ,  0.27870103, ..., -0.09100978,
          0.        ,  0.8149336 ],
        [-0.57026366, -0.79159377, -0.62112184, ..., -0.86429674,
         -0.8149336 ,  0.        ]],

       [[ 0.        ,  0.3915017 ,  0.58737812, ...,  0.42140271,
          0.40176503,  0.        ],
        [-0.3915017 ,  0.        ,  0.22364478, ...,  0.74280781,
          0.72820995,  0.3915017 ],
        [-0.58737812, -0.22364478,  0.        , ...,  0.87372426,
          0.86304079,  0.58737812],
        ...,
        [-0.42140271, -0.74280781, -0.87372426, ...,  0.        ,
          0.0215464 ,  0.42140271],
        [-0.40176503, -0.72820995, -0.86304079, ..., -0.0215464 ,
          0.        ,  0.40176503],
        [-0.        , -0.3915017 , -0.58737812, ..., -0.42140271,
         -0.40176503,  0.        ]],

       ...,

       [[ 0.        ,  0.04435244,  0.22169352, ...,  0.40834326,
          0.36590164,  0.83725069],
        [-0.04435244,  0.        ,  0.17822657, ...,  0.36745526,
          0.32426482,  0.81217402],
        [-0.22169352, -0.17822657,  0.        , ...,  0.19581406,
          0.15047683,  0.69519059],
        ...,
        [-0.40834326, -0.36745526, -0.19581406, ...,  0.        ,
         -0.04602067,  0.5409763 ],
        [-0.36590164, -0.32426482, -0.15047683, ...,  0.04602067,
          0.        ,  0.57910825],
        [-0.83725069, -0.81217402, -0.69519059, ..., -0.5409763 ,
         -0.57910825,  0.        ]],

       [[ 0.        , -0.1184974 , -0.15600063, ...,  0.97993418,
          0.96596652,  0.73668338],
        [ 0.1184974 ,  0.        , -0.03785487, ...,  0.94941086,
          0.92850929,  0.65136055],
        [ 0.15600063,  0.03785487,  0.        , ...,  0.93684255,
          0.91378792,  0.62217061],
        ...,
        [-0.97993418, -0.94941086, -0.93684255, ...,  0.        ,
          0.060939  ,  0.51583183],
        [-0.96596652, -0.92850929, -0.91378792, ..., -0.060939  ,
          0.        ,  0.46266733],
        [-0.73668338, -0.65136055, -0.62217061, ..., -0.51583183,
         -0.46266733,  0.        ]],

       [[ 0.        ,  0.00720507,  0.01220125, ...,  0.73629808,
          0.55373918,  0.69416708],
        [-0.00720507,  0.        ,  0.0049964 , ...,  0.74115434,
          0.5597244 ,  0.69933537],
        [-0.01220125, -0.0049964 ,  0.        , ...,  0.74449934,
          0.56385782,  0.70289804],
        ...,
        [-0.73629808, -0.74115434, -0.74449934, ...,  0.        ,
          0.23841651,  0.06028437],
        [-0.55373918, -0.5597244 , -0.56385782, ..., -0.23841651,
          0.        , -0.17943694],
        [-0.69416708, -0.69933537, -0.70289804, ..., -0.06028437,
          0.17943694,  0.        ]]]), 'num': array([9.99940235e-01, 5.12307637e-03, 5.42134692e-06, 3.54027459e-03,
       3.56921416e-03, 3.48239544e-03, 9.80357018e-04, 9.64652476e-06,
       3.43416281e-03, 3.31599289e-03, 3.17306354e-03, 1.41098422e-06,
       3.50253533e-03, 3.12945045e-03])}
{'img': array([[[ 0.        ,  0.59415871,  0.53027439, ...,  0.75806938,
          0.20737809,  0.        ],
        [-0.59415871,  0.        , -0.0772182 , ...,  0.99724627,
          0.74804633,  0.59415871],
        [-0.53027439,  0.0772182 ,  0.        , ...,  0.98854212,
          0.69456724,  0.53027439],
        ...,
        [-0.75806938, -0.99724627, -0.98854212, ...,  0.        ,
          0.60634303,  0.75806938],
        [-0.20737809, -0.74804633, -0.69456724, ..., -0.60634303,
          0.        ,  0.20737809],
        [-0.        , -0.59415871, -0.53027439, ..., -0.75806938,
         -0.20737809,  0.        ]],

       [[ 0.        ,  0.24084807,  0.02427382, ..., -0.0391917 ,
          0.79159377,  0.07327536],
