state_0,state_1,state_2,state_3,state_4,state_5,state_6,state_7,state_8,state_9,state_10,state_11,state_12,state_13,state_14,state_15,state_16,state_17,state_18,state_19,state_20,state_21,state_22,state_23,state_24,state_25,state_26,state_27,state_28,state_29,state_30,state_31,state_32,state_33,state_34,state_35,state_36,state_37,state_38,state_39,state_40,state_41,state_42,state_43,state_44,state_45,state_46,state_47,state_48,state_49,state_50,state_51,state_52,state_53,state_54,state_55,state_56,state_57,state_58,state_59,state_60,state_61,state_62,state_63,state_64,state_65,state_66,state_67,state_68,state_69,state_70,state_71,state_72,state_73,state_74,state_75,state_76,state_77,state_78,state_79,state_80,state_81,state_82,state_83,state_84,state_85,state_86,state_87,state_88,state_89,state_90,state_91,state_92,state_93,state_94,state_95,state_96,state_97,state_98,state_99,state_100,state_101,state_102,state_103,state_104,state_105,state_106,state_107,state_108,state_109,state_110,state_111,state_112,state_113,state_114,state_115,state_116,state_117,state_118,state_119,state_120,state_121,state_122,state_123,state_124,state_125,state_126,state_127,state_128,state_129,state_130,state_131,state_132,state_133,state_134,state_135,state_136,state_137,state_138,state_139,state_140,state_141,state_142,state_143,state_144,state_145,state_146,state_147,state_148,state_149,state_150,state_151,state_152,state_153,state_154,state_155,state_156,state_157,state_158,state_159,state_160,state_161,state_162,state_163,state_164,state_165,state_166,state_167,state_168,state_169,state_170,state_171,state_172,state_173,state_174,state_175,state_176,state_177,state_178,state_179,state_180,state_181,state_182,state_183,state_184,state_185,state_186,state_187,state_188,state_189,state_190,state_191,state_192,state_193,state_194,state_195,state_196,state_197,state_198,state_199,state_200,state_201,state_202,state_203,state_204,state_205,state_206,state_207,state_208,state_209,state_210,state_211,state_212,state_213,state_214,state_215,state_216,state_217,state_218,state_219,state_220,state_221,state_222,state_223,state_224,state_225,state_226,state_227,state_228,state_229,state_230,state_231,state_232,state_233,state_234,state_235,state_236,state_237,state_238,state_239,state_240,state_241,state_242,state_243,state_244,state_245,state_246,state_247,state_248,state_249,state_250,state_251,state_252,state_253,state_254,state_255,state_256,state_257,state_258,state_259,state_260,state_261,state_262,state_263,state_264,state_265,state_266,state_267,state_268,state_269,state_270,state_271,state_272,state_273,state_274,state_275,state_276,state_277,state_278,state_279,state_280,state_281,state_282,state_283,state_284,state_285,state_286,state_287
{'img': array([[[ 0.        , -0.60384541, -0.50222962, ..., -0.9872108 ,
         -0.99905437, -0.97388237],
        [ 0.60384541,  0.        ,  0.12183788, ..., -0.88317237,
         -0.77009354, -0.63917805],
        [ 0.50222962, -0.12183788,  0.        , ..., -0.93374063,
         -0.84208051, -0.72811668],
        ...,
        [ 0.9872108 ,  0.88317237,  0.93374063, ...,  0.        ,
          0.20219175,  0.37940592],
        [ 0.99905437,  0.77009354,  0.84208051, ..., -0.20219175,
          0.        ,  0.18449572],
        [ 0.97388237,  0.63917805,  0.72811668, ..., -0.37940592,
         -0.18449572,  0.        ]],

       [[ 0.        , -0.40395166, -0.29431291, ...,  0.22590904,
         -0.50218876, -0.66345548],
        [ 0.40395166,  0.        ,  0.11682862, ...,  0.60016601,
         -0.11007195, -0.30467302],
        [ 0.29431291, -0.11682862,  0.        , ...,  0.50260778,
         -0.22543692, -0.41386089],
        ...,
        [-0.22590904, -0.60016601, -0.50260778, ...,  0.        ,
         -0.68456303, -0.8153328 ],
        [ 0.50218876,  0.11007195,  0.22543692, ...,  0.68456303,
          0.        , -0.19798291],
        [ 0.66345548,  0.30467302,  0.41386089, ...,  0.8153328 ,
          0.19798291,  0.        ]],

       [[ 0.        ,  0.30340418,  0.15764023, ..., -0.94597852,
         -0.99041653, -0.99616364],
        [-0.30340418,  0.        , -0.14940122, ..., -0.80301442,
         -0.90182629, -0.97575734],
        [-0.15764023,  0.14940122,  0.        , ..., -0.88303901,
         -0.95626087, -0.99750332],
        ...,
        [ 0.94597852,  0.80301442,  0.88303901, ...,  0.        ,
          0.19047049,  0.40576806],
        [ 0.99041653,  0.90182629,  0.95626087, ..., -0.19047049,
          0.        ,  0.22425415],
        [ 0.99616364,  0.97575734,  0.99750332, ..., -0.40576806,
         -0.22425415,  0.        ]],

       ...,

       [[ 0.        , -0.03116956,  0.16927801, ...,  0.63608171,
          0.87407685,  0.96429871],
        [ 0.03116956,  0.        ,  0.19991549, ...,  0.65982375,
          0.88879393,  0.97208439],
        [-0.16927801, -0.19991549,  0.        , ...,  0.49628341,
          0.7792293 ,  0.9055546 ],
        ...,
        [-0.63608171, -0.65982375, -0.49628341, ...,  0.        ,
          0.36545601,  0.57562863],
        [-0.87407685, -0.88879393, -0.7792293 , ..., -0.36545601,
          0.        ,  0.2369741 ],
        [-0.96429871, -0.97208439, -0.9055546 , ..., -0.57562863,
         -0.2369741 ,  0.        ]],

       [[ 0.        ,  0.05887943,  0.13168457, ..., -0.94183539,
         -0.99984135, -0.96220658],
        [-0.05887943,  0.        ,  0.07308942, ..., -0.92041353,
         -0.99705796, -0.97657133],
        [-0.13168457, -0.07308942,  0.        , ..., -0.88937775,
         -0.98878882, -0.98968779],
        ...,
        [ 0.94183539,  0.92041353,  0.88937775, ...,  0.        ,
          0.31924515,  0.57985428],
        [ 0.99984135,  0.99705796,  0.98878882, ..., -0.31924515,
          0.        ,  0.28941629],
        [ 0.96220658,  0.97657133,  0.98968779, ..., -0.57985428,
         -0.28941629,  0.        ]],

       [[ 0.        ,  0.02839291,  0.03235449, ..., -0.89294151,
         -0.78204026, -0.30959222],
        [-0.02839291,  0.        ,  0.0039634 , ..., -0.87979979,
         -0.76402972, -0.28246945],
        [-0.03235449, -0.0039634 ,  0.        , ..., -0.8779089 ,
         -0.7614666 , -0.27866524],
        ...,
        [ 0.89294151,  0.87979979,  0.8779089 , ...,  0.        ,
         -0.20445289, -0.70970081],
        [ 0.78204026,  0.76402972,  0.7614666 , ...,  0.20445289,
          0.        , -0.55067166],
        [ 0.30959222,  0.28246945,  0.27866524, ...,  0.70970081,
          0.55067166,  0.        ]]]), 'num': array([7.07079376e-01, 7.07079376e-01, 0.00000000e+00, 1.20730042e-03,
       1.21732992e-03, 1.16718244e-03, 8.20951751e-03, 5.89232813e-05,
       1.12856889e-03, 1.05297157e-03, 1.09083292e-03, 2.22007044e-06,
       1.15672323e-03, 9.49219917e-04])}
{'img': array([[[ 0.        ,  0.37391956, -0.12049601, ..., -0.87629146,
         -0.76173624, -0.2523133 ],
        [-0.37391956,  0.        , -0.48295047, ..., -0.99287375,
         -0.94873848, -0.59583239],
        [ 0.12049601,  0.48295047,  0.        , ..., -0.8118539 ,
         -0.67811826, -0.13387747],
        ...,
        [ 0.87629146,  0.99287375,  0.8118539 , ...,  0.        ,
          0.20074774,  0.72637972],
        [ 0.76173624,  0.94873848,  0.67811826, ..., -0.20074774,
          0.        ,  0.57362015],
        [ 0.2523133 ,  0.59583239,  0.13387747, ..., -0.72637972,
         -0.57362015,  0.        ]],

       [[ 0.        ,  0.11682862,  0.13544464, ..., -0.11007195,
         -0.30467302,  0.93323442],
        [-0.11682862,  0.        ,  0.01876509, ..., -0.22543692,
         -0.41386089,  0.88487092],
        [-0.13544464, -0.01876509,  0.        , ..., -0.24367926,
         -0.43087063,  0.87597365],
        ...,
        [ 0.11007195,  0.22543692,  0.24367926, ...,  0.        ,
         -0.19798291,  0.96710906],
        [ 0.30467302,  0.41386089,  0.43087063, ...,  0.19798291,
          0.        ,  0.99832494],
        [-0.93323442, -0.88487092, -0.87597365, ..., -0.96710906,
         -0.99832494,  0.        ]],

       [[ 0.        , -0.14940122, -0.33027921, ..., -0.90182629,
         -0.97575734, -0.9976537 ],
        [ 0.14940122,  0.        , -0.18555506, ..., -0.95626087,
         -0.99750332, -0.97622832],
        [ 0.33027921,  0.18555506,  0.        , ..., -0.99393199,
         -0.99328437, -0.91905693],
        ...,
        [ 0.90182629,  0.95626087,  0.99393199, ...,  0.        ,
          0.22425415,  0.49282612],
        [ 0.97575734,  0.99750332,  0.99328437, ..., -0.22425415,
          0.        ,  0.28514441],
        [ 0.9976537 ,  0.97622832,  0.91905693, ..., -0.49282612,
         -0.28514441,  0.        ]],

       ...,

       [[ 0.        ,  0.1904224 ,  0.28649218, ...,  0.80675086,
          0.84628914,  0.98109931],
        [-0.1904224 ,  0.        ,  0.09880963, ...,  0.67947011,
          0.7293614 ,  0.92629974],
        [-0.28649218, -0.09880963,  0.        , ...,  0.60364809,
          0.65819367,  0.88453652],
        ...,
        [-0.80675086, -0.67947011, -0.60364809, ...,  0.        ,
          0.07028985,  0.42361324],
        [-0.84628914, -0.7293614 , -0.65819367, ..., -0.07028985,
          0.        ,  0.35889391],
        [-0.98109931, -0.92629974, -0.88453652, ..., -0.42361324,
         -0.35889391,  0.        ]],

       [[ 0.        ,  0.07308942,  0.11301752, ..., -0.99705796,
         -0.97657133, -0.82414204],
        [-0.07308942,  0.        ,  0.04009411, ..., -0.98878882,
         -0.98968779, -0.8633344 ],
        [-0.11301752, -0.04009411,  0.        , ..., -0.98200687,
         -0.99463512, -0.88287298],
        ...,
        [ 0.99705796,  0.98878882,  0.98200687, ...,  0.        ,
          0.28941629,  0.6278884 ],
        [ 0.97657133,  0.98968779,  0.99463512, ..., -0.28941629,
          0.        ,  0.37576319],
        [ 0.82414204,  0.8633344 ,  0.88287298, ..., -0.6278884 ,
         -0.37576319,  0.        ]],

       [[ 0.        ,  0.00371205,  0.04435504, ..., -0.92418675,
         -0.82932216, -0.26521455],
        [-0.00371205,  0.        ,  0.04064634, ..., -0.9227626 ,
         -0.82724226, -0.2616336 ],
        [-0.04435504, -0.04064634,  0.        , ..., -0.90633619,
         -0.80372166, -0.22218687],
        ...,
        [ 0.92418675,  0.9227626 ,  0.90633619, ...,  0.        ,
         -0.19965649, -0.78979481],
        [ 0.82932216,  0.82724226,  0.80372166, ...,  0.19965649,
          0.        , -0.65142951],
        [ 0.26521455,  0.2616336 ,  0.22218687, ...,  0.78979481,
          0.65142951,  0.        ]]]), 'num': array([8.10299254e-01, 5.85988187e-01, 4.65375657e-06, 1.38463622e-03,
       1.41623580e-03, 1.36740008e-03, 4.40182173e-03, 1.43634462e-06,
       1.32603335e-03, 1.21593754e-03, 1.24950013e-03, 2.58542032e-06,
       1.35766473e-03, 1.07421035e-03])}
{'img': array([[[ 0.        , -0.48295047, -0.63559736, ..., -0.94873848,
         -0.59583239, -0.58160478],
        [ 0.48295047,  0.        , -0.18371157, ..., -0.67811826,
         -0.13387747, -0.11641442],
        [ 0.63559736,  0.18371157,  0.        , ..., -0.53155748,
          0.05045888,  0.0680294 ],
        ...,
        [ 0.94873848,  0.67811826,  0.53155748, ...,  0.        ,
          0.57362015,  0.58794844],
        [ 0.59583239,  0.13387747, -0.05045888, ..., -0.57362015,
          0.        ,  0.01760076],
        [ 0.58160478,  0.11641442, -0.0680294 , ..., -0.58794844,
         -0.01760076,  0.        ]],

       [[ 0.        ,  0.01876509, -0.35589887, ..., -0.41386089,
          0.88487092,  0.21761659],
        [-0.01876509,  0.        , -0.37337264, ..., -0.43087063,
          0.87597365,  0.1992629 ],
        [ 0.35589887,  0.37337264,  0.        , ..., -0.0627741 ,
          0.99272414,  0.55073754],
        ...,
        [ 0.41386089,  0.43087063,  0.0627741 , ...,  0.        ,
          0.99832494,  0.60204755],
        [-0.88487092, -0.87597365, -0.99272414, ..., -0.99832494,
          0.        , -0.76229069],
        [-0.21761659, -0.1992629 , -0.55073754, ..., -0.60204755,
          0.76229069,  0.        ]],

       [[ 0.        , -0.29707781, -0.34987985, ..., -0.97673564,
         -0.9972216 , -0.94254267],
        [ 0.29707781,  0.        , -0.05578304, ..., -0.99634665,
         -0.93007036, -0.80074048],
        [ 0.34987985,  0.05578304,  0.        , ..., -0.99003132,
         -0.90812851, -0.76607899],
        ...,
        [ 0.97673564,  0.99634665,  0.99003132, ...,  0.        ,
          0.28661022,  0.52843889],
        [ 0.9972216 ,  0.93007036,  0.90812851, ..., -0.28661022,
          0.        ,  0.26294557],
        [ 0.94254267,  0.80074048,  0.76607899, ..., -0.52843889,
         -0.26294557,  0.        ]],

       ...,

       [[ 0.        ,  0.09571484,  0.02732578, ...,  0.68519283,
          0.80636461,  0.93634055],
        [-0.09571484,  0.        , -0.06847878, ...,  0.61233194,
          0.74605487,  0.89843679],
        [-0.02732578,  0.06847878,  0.        , ...,  0.66503392,
          0.78990252,  0.92639701],
        ...,
        [-0.68519283, -0.61233194, -0.66503392, ...,  0.        ,
          0.18208923,  0.44142811],
        [-0.80636461, -0.74605487, -0.78990252, ..., -0.18208923,
          0.        ,  0.27066027],
        [-0.93634055, -0.89843679, -0.92639701, ..., -0.44142811,
         -0.27066027,  0.        ]],

       [[ 0.        ,  0.04009411,  0.04725084, ..., -0.98968779,
         -0.8633344 , -0.69882712],
        [-0.04009411,  0.        ,  0.00716351, ..., -0.99463512,
         -0.88287298, -0.72694414],
        [-0.04725084, -0.00716351,  0.        , ..., -0.99535063,
         -0.8862144 , -0.73184465],
        ...,
        [ 0.98968779,  0.99463512,  0.99535063, ...,  0.        ,
          0.37576319,  0.60781344],
        [ 0.8633344 ,  0.88287298,  0.8862144 , ..., -0.37576319,
          0.        ,  0.26488429],
        [ 0.69882712,  0.72694414,  0.73184465, ..., -0.60781344,
         -0.26488429,  0.        ]],

       [[ 0.        ,  0.03923985,  0.04398219, ..., -0.90484384,
         -0.70304689, -0.2528538 ],
        [-0.03923985,  0.        ,  0.00474644, ..., -0.88744083,
         -0.67460025, -0.21469432],
        [-0.04398219, -0.00474644,  0.        , ..., -0.8852431 ,
         -0.67108891, -0.21005615],
        ...,
        [ 0.90484384,  0.88744083,  0.8852431 , ...,  0.        ,
         -0.34415608, -0.76778959],
        [ 0.70304689,  0.67460025,  0.67108891, ...,  0.34415608,
          0.        , -0.5003857 ],
        [ 0.2528538 ,  0.21469432,  0.21005615, ...,  0.76778959,
          0.5003857 ,  0.        ]]]), 'num': array([7.12573799e-01, 7.01587908e-01, 2.27451167e-07, 1.22065459e-03,
       1.22570907e-03, 1.18400968e-03, 1.56223570e-03, 2.52723519e-06,
       1.18931688e-03, 1.07881352e-03, 1.09890504e-03, 2.31328935e-06,
       1.21873856e-03, 9.38888482e-04])}
{'img': array([[[ 0.        , -0.45692979, -0.70146167, ..., -0.38563378,
         -0.35805197, -0.29401403],
        [ 0.45692979,  0.        , -0.29829495, ...,  0.07856485,
          0.10814789,  0.17520771],
        [ 0.70146167,  0.29829495,  0.        , ...,  0.372361  ,
          0.39976971,  0.46091193],
        ...,
        [ 0.38563378, -0.07856485, -0.372361  , ...,  0.        ,
          0.02970955,  0.09731658],
        [ 0.35805197, -0.10814789, -0.39976971, ..., -0.02970955,
          0.        ,  0.06770509],
        [ 0.29401403, -0.17520771, -0.46091193, ..., -0.09731658,
         -0.06770509,  0.        ]],

       [[ 0.        , -0.37337264,  0.08822493, ...,  0.87597365,
          0.1992629 , -0.34558498],
        [ 0.37337264,  0.        ,  0.45376133, ...,  0.99272414,
          0.55073754,  0.02977543],
        [-0.08822493, -0.45376133,  0.        , ...,  0.83000178,
          0.11203022, -0.42702656],
        ...,
        [-0.87597365, -0.99272414, -0.83000178, ...,  0.        ,
         -0.76229069, -0.9886987 ],
        [-0.1992629 , -0.55073754, -0.11203022, ...,  0.76229069,
          0.        , -0.52564045],
        [ 0.34558498, -0.02977543,  0.42702656, ...,  0.9886987 ,
          0.52564045,  0.        ]],

       [[ 0.        , -0.19133778, -0.50787315, ..., -0.99505683,
         -0.93104826, -0.81973131],
        [ 0.19133778,  0.        , -0.33366534, ..., -0.95767119,
         -0.84402803, -0.69499777],
        [ 0.50787315,  0.33366534,  0.        , ..., -0.80673822,
         -0.61671372, -0.41525921],
        ...,
        [ 0.99505683,  0.95767119,  0.80673822, ...,  0.        ,
          0.27063257,  0.48851189],
        [ 0.93104826,  0.84402803,  0.61671372, ..., -0.27063257,
          0.        ,  0.23413954],
        [ 0.81973131,  0.69499777,  0.41525921, ..., -0.48851189,
         -0.23413954,  0.        ]],

       ...,

       [[ 0.        , -0.06631599, -0.21478895, ...,  0.68655327,
          0.76328061,  0.91145985],
        [ 0.06631599,  0.        , -0.14954792, ...,  0.73325894,
          0.80444495,  0.9367351 ],
        [ 0.21478895,  0.14954792,  0.        , ...,  0.8266981 ,
          0.88423409,  0.97854864],
        ...,
        [-0.68655327, -0.73325894, -0.8266981 , ...,  0.        ,
          0.11140619,  0.38026329],
        [-0.76328061, -0.80444495, -0.88423409, ..., -0.11140619,
          0.        ,  0.27485897],
        [-0.91145985, -0.9367351 , -0.97854864, ..., -0.38026329,
         -0.27485897,  0.        ]],

       [[ 0.        ,  0.00716351,  0.00952652, ..., -0.88287298,
         -0.72694414, -0.55408375],
        [-0.00716351,  0.        ,  0.00236309, ..., -0.8862144 ,
         -0.73184465, -0.56003288],
        [-0.00952652, -0.00236309,  0.        , ..., -0.88730669,
         -0.73345298, -0.56198906],
        ...,
        [ 0.88287298,  0.8862144 ,  0.88730669, ...,  0.        ,
          0.26488429,  0.47475297],
        [ 0.72694414,  0.73184465,  0.73345298, ..., -0.26488429,
          0.        ,  0.22466517],
        [ 0.55408375,  0.56003288,  0.56198906, ..., -0.47475297,
         -0.22466517,  0.        ]],

       [[ 0.        ,  0.00466411,  0.02298861, ..., -0.75275452,
         -0.55104723, -0.21105407],
        [-0.00466411,  0.        ,  0.01832548, ..., -0.74967594,
         -0.54714915, -0.20649273],
        [-0.02298861, -0.01832548,  0.        , ..., -0.73742216,
         -0.5317182 , -0.18852752],
        ...,
        [ 0.75275452,  0.74967594,  0.73742216, ...,  0.        ,
         -0.265399  , -0.59686109],
        [ 0.55104723,  0.54714915,  0.5317182 , ...,  0.265399  ,
          0.        , -0.36251541],
        [ 0.21105407,  0.20649273,  0.18852752, ...,  0.59686109,
          0.36251541,  0.        ]]]), 'num': array([7.12633350e-01, 7.01523383e-01, 2.27430248e-07, 1.23444085e-03,
       1.24707586e-03, 1.19021830e-03, 2.80638818e-03, 1.38985152e-05,
       1.20942352e-03, 1.08989629e-03, 1.09895138e-03, 2.30606262e-06,
       1.24156362e-03, 9.38228959e-04])}
{'img': array([[[ 0.        , -0.25102624, -0.43367564, ...,  0.07860784,
          0.12194054,  0.57358088],
        [ 0.25102624,  0.        , -0.1935975 , ...,  0.3263403 ,
          0.36718897,  0.76084285],
        [ 0.43367564,  0.1935975 ,  0.        , ...,  0.50316477,
          0.54031614,  0.87208092],
        ...,
        [-0.07860784, -0.3263403 , -0.50316477, ...,  0.        ,
          0.04354199,  0.50741447],
        [-0.12194054, -0.36718897, -0.54031614, ..., -0.04354199,
          0.        ,  0.46941301],
        [-0.57358088, -0.76084285, -0.87208092, ..., -0.50741447,
         -0.46941301,  0.        ]],

       [[ 0.        ,  0.45376133,  0.34131572, ...,  0.55073754,
          0.02977543,  0.34747527],
        [-0.45376133,  0.        , -0.122358  , ...,  0.11203022,
         -0.42702656, -0.11584378],
        [-0.34131572,  0.122358  ,  0.        , ...,  0.23277616,
         -0.31317701,  0.00656088],
        ...,
        [-0.55073754, -0.11203022, -0.23277616, ...,  0.        ,
         -0.52564045, -0.22639049],
        [-0.02977543,  0.42702656,  0.31317701, ...,  0.52564045,
          0.        ,  0.3194011 ],
        [-0.34747527,  0.11584378, -0.00656088, ...,  0.22639049,
         -0.3194011 ,  0.        ]],

       [[ 0.        , -0.4772126 , -0.63615441, ..., -0.92595969,
         -0.80928762, -0.63331665],
        [ 0.4772126 ,  0.        , -0.19084579, ..., -0.63351599,
         -0.43087146, -0.18723961],
        [ 0.63615441,  0.19084579,  0.        , ..., -0.47420896,
         -0.25073028,  0.00367239],
        ...,
        [ 0.92595969,  0.63351599,  0.47420896, ...,  0.        ,
          0.23831526,  0.47743897],
        [ 0.80928762,  0.43087146,  0.25073028, ..., -0.23831526,
          0.        ,  0.25428367],
        [ 0.63331665,  0.18723961, -0.00367239, ..., -0.47743897,
         -0.25428367,  0.        ]],

       ...,

       [[ 0.        , -0.14954792, -0.32734189, ...,  0.80444495,
          0.9367351 ,  0.88896076],
        [ 0.14954792,  0.        , -0.18235203, ...,  0.88423409,
          0.97854864,  0.94745439],
        [ 0.32734189,  0.18235203,  0.        , ...,  0.95457482,
          0.99970904,  0.98990147],
        ...,
        [-0.80444495, -0.88423409, -0.95457482, ...,  0.        ,
          0.27485897,  0.15964446],
        [-0.9367351 , -0.97854864, -0.99970904, ..., -0.27485897,
          0.        , -0.11783811],
        [-0.88896076, -0.94745439, -0.98990147, ..., -0.15964446,
          0.11783811,  0.        ]],

       [[ 0.        ,  0.00236309, -0.02101119, ..., -0.73184465,
         -0.56003288, -0.36240857],
        [-0.00236309,  0.        , -0.0233737 , ..., -0.73345298,
         -0.56198906, -0.36461   ],
        [ 0.02101119,  0.0233737 ,  0.        , ..., -0.71736456,
         -0.54250209, -0.34274572],
        ...,
        [ 0.73184465,  0.73345298,  0.71736456, ...,  0.        ,
          0.22466517,  0.43512224],
        [ 0.56003288,  0.56198906,  0.54250209, ..., -0.22466517,
          0.        ,  0.2217167 ],
        [ 0.36240857,  0.36461   ,  0.34274572, ..., -0.43512224,
         -0.2217167 ,  0.        ]],

       [[ 0.        ,  0.01829618, -0.08104156, ..., -0.56062001,
         -0.31476537, -0.20616939],
        [-0.01829618,  0.        , -0.09926399, ..., -0.54537559,
         -0.2973465 , -0.18823177],
        [ 0.08104156,  0.09926399,  0.        , ..., -0.62588431,
         -0.39065219, -0.28479173],
        ...,
        [ 0.56062001,  0.54537559,  0.62588431, ...,  0.        ,
         -0.27147466, -0.37785248],
        [ 0.31476537,  0.2973465 ,  0.39065219, ...,  0.27147466,
          0.        , -0.11231335],
        [ 0.20616939,  0.18823177,  0.28479173, ...,  0.37785248,
          0.11231335,  0.        ]]]), 'num': array([8.90844057e-01, 4.54285951e-01, 8.88215883e-06, 1.54807839e-03,
       1.55122809e-03, 1.50870712e-03, 2.02717952e-03, 9.44910514e-06,
       1.52855024e-03, 1.37326995e-03, 1.37035647e-03, 2.87581461e-06,
       1.57272840e-03, 1.17381150e-03])}
{'img': array([[[ 0.        , -0.18065325, -0.2141983 , ...,  0.3229265 ,
          0.54492955,  0.80154225],
        [ 0.18065325,  0.        , -0.03421374, ...,  0.48858791,
          0.68743821,  0.89637382],
        [ 0.2141983 ,  0.03421374,  0.        , ...,  0.51815385,
          0.71188323,  0.91101594],
        ...,
        [-0.3229265 , -0.48858791, -0.51815385, ...,  0.        ,
          0.24496644,  0.56550879],
        [-0.54492955, -0.68743821, -0.71188323, ..., -0.24496644,
          0.        ,  0.34624445],
        [-0.80154225, -0.89637382, -0.91101594, ..., -0.56550879,
         -0.34624445,  0.        ]],

       [[ 0.        , -0.122358  , -0.6334433 , ..., -0.42702656,
         -0.11584378, -0.4090773 ],
        [ 0.122358  ,  0.        , -0.53400434, ..., -0.31317701,
          0.00656088, -0.29435186],
        [ 0.6334433 ,  0.53400434,  0.        , ...,  0.24235569,
          0.53953995,  0.26147729],
        ...,
        [ 0.42702656,  0.31317701, -0.24235569, ...,  0.        ,
          0.3194011 ,  0.01975794],
        [ 0.11584378, -0.00656088, -0.53953995, ..., -0.3194011 ,
          0.        , -0.30061574],
        [ 0.4090773 ,  0.29435186, -0.26147729, ..., -0.01975794,
          0.30061574,  0.        ]],

       [[ 0.        , -0.25111663, -0.45043678, ..., -0.5161932 ,
         -0.24684194,  0.32164627],
        [ 0.25111663,  0.        , -0.21180435, ..., -0.28457834,
          0.00441367,  0.54911197],
        [ 0.45043678,  0.21180435,  0.        , ..., -0.07507502,
          0.21611582,  0.713669  ],
        ...,
        [ 0.5161932 ,  0.28457834,  0.07507502, ...,  0.        ,
          0.28880675,  0.76424373],
        [ 0.24684194, -0.00441367, -0.21611582, ..., -0.28880675,
          0.        ,  0.5454179 ],
        [-0.32164627, -0.54911197, -0.713669  , ..., -0.76424373,
         -0.5454179 ,  0.        ]],

       ...,

       [[ 0.        , -0.18235203, -0.20088648, ...,  0.97854864,
          0.94745439,  0.95079044],
        [ 0.18235203,  0.        , -0.01888358, ...,  0.99970904,
          0.98990147,  0.99134781],
        [ 0.20088648,  0.01888358,  0.        , ...,  0.99998628,
          0.99240184,  0.99364973],
        ...,
        [-0.97854864, -0.99970904, -0.99998628, ...,  0.        ,
         -0.11783811, -0.10731037],
        [-0.94745439, -0.98990147, -0.99240184, ...,  0.11783811,
          0.        ,  0.01059494],
        [-0.95079044, -0.99134781, -0.99364973, ...,  0.10731037,
         -0.01059494,  0.        ]],

       [[ 0.        , -0.0233737 , -0.0281944 , ..., -0.56198906,
         -0.36461   , -0.15466129],
        [ 0.0233737 ,  0.        , -0.00482229, ..., -0.54250209,
         -0.34274572, -0.13152658],
        [ 0.0281944 ,  0.00482229,  0.        , ..., -0.5384448 ,
         -0.33821155, -0.12674465],
        ...,
        [ 0.56198906,  0.54250209,  0.5384448 , ...,  0.        ,
          0.2217167 ,  0.4272997 ],
        [ 0.36461   ,  0.34274572,  0.33821155, ..., -0.2217167 ,
          0.        ,  0.21620839],
        [ 0.15466129,  0.13152658,  0.12674465, ..., -0.4272997 ,
         -0.21620839,  0.        ]],

       [[ 0.        , -0.09926399, -0.16101976, ..., -0.2973465 ,
         -0.18823177, -0.45199443],
        [ 0.09926399,  0.        , -0.06225579, ..., -0.39065219,
         -0.28479173, -0.53830763],
        [ 0.16101976,  0.06225579,  0.        , ..., -0.44720325,
         -0.34391704, -0.58972941],
        ...,
        [ 0.2973465 ,  0.39065219,  0.44720325, ...,  0.        ,
         -0.11231335,  0.16631131],
        [ 0.18823177,  0.28479173,  0.34391704, ...,  0.11231335,
          0.        ,  0.27600822],
        [ 0.45199443,  0.53830763,  0.58972941, ..., -0.16631131,
         -0.27600822,  0.        ]]]), 'num': array([8.03982143e-01, 5.94637191e-01, 4.19109013e-06, 1.41449292e-03,
       1.41590883e-03, 1.38051111e-03, 2.28606976e-03, 2.26545412e-05,
       1.38447565e-03, 1.24854840e-03, 1.23335098e-03, 2.59946339e-06,
       1.43814404e-03, 1.05895277e-03])}
{'img': array([[[ 0.        , -0.03014391, -0.10900984, ...,  0.54110384,
          0.62227448,  0.94280904],
        [ 0.03014391,  0.        , -0.07899603, ...,  0.56620764,
          0.64558833,  0.95242857],
        [ 0.10900984,  0.07899603,  0.        , ...,  0.62955168,
          0.70389895,  0.97352714],
        ...,
        [-0.54110384, -0.56620764, -0.62955168, ...,  0.        ,
          0.09972971,  0.61249277],
        [-0.62227448, -0.64558833, -0.70389895, ..., -0.09972971,
          0.        ,  0.53060527],
        [-0.94280904, -0.95242857, -0.97352714, ..., -0.61249277,
         -0.53060527,  0.        ]],

       [[ 0.        , -0.53400434, -0.43479084, ...,  0.00656088,
         -0.29435186, -0.18053561],
        [ 0.53400434,  0.        ,  0.11328   , ...,  0.53953995,
          0.26147729,  0.37259026],
        [ 0.43479084, -0.11328   ,  0.        , ...,  0.44068976,
          0.15045524,  0.26506856],
        ...,
        [-0.00656088, -0.53953995, -0.44068976, ...,  0.        ,
         -0.30061574, -0.1869848 ],
        [ 0.29435186, -0.26147729, -0.15045524, ...,  0.30061574,
          0.        ,  0.11697784],
        [ 0.18053561, -0.37259026, -0.26506856, ...,  0.1869848 ,
         -0.11697784,  0.        ]],

       [[ 0.        , -0.18010948, -0.32200855, ...,  0.00356435,
          0.29311596,  0.65078827],
        [ 0.18010948,  0.        , -0.14622635, ...,  0.1836144 ,
          0.46052102,  0.77689544],
        [ 0.32200855,  0.14622635,  0.        , ...,  0.32538101,
          0.58536859,  0.86061316],
        ...,
        [-0.00356435, -0.1836144 , -0.32538101, ...,  0.        ,
          0.2897063 ,  0.64807787],
        [-0.29311596, -0.46052102, -0.58536859, ..., -0.2897063 ,
          0.        ,  0.39965263],
        [-0.65078827, -0.77689544, -0.86061316, ..., -0.64807787,
         -0.39965263,  0.        ]],

       ...,

       [[ 0.        , -0.01882124, -0.0548747 , ...,  0.98292645,
          0.98426764,  0.99978399],
        [ 0.01882124,  0.        , -0.0360721 , ...,  0.98621543,
          0.9874187 ,  0.99999807],
        [ 0.0548747 ,  0.0360721 ,  0.        , ...,  0.99154231,
          0.99248007,  0.99941809],
        ...,
        [-0.98292645, -0.98621543, -0.99154231, ...,  0.        ,
          0.00743685,  0.16352979],
        [-0.98426764, -0.9874187 , -0.99248007, ..., -0.00743685,
          0.        ,  0.15618853],
        [-0.99978399, -0.99999807, -0.99941809, ..., -0.16352979,
         -0.15618853,  0.        ]],

       [[ 0.        , -0.00482229, -0.0025276 , ..., -0.34274572,
         -0.13152658,  0.14995621],
        [ 0.00482229,  0.        ,  0.0022947 , ..., -0.33821155,
         -0.12674465,  0.15472222],
        [ 0.0025276 , -0.0022947 ,  0.        , ..., -0.34037013,
         -0.12902052,  0.15245475],
        ...,
        [ 0.34274572,  0.33821155,  0.34037013, ...,  0.        ,
          0.21620839,  0.47974327],
        [ 0.13152658,  0.12674465,  0.12902052, ..., -0.21620839,
          0.        ,  0.27869284],
        [-0.14995621, -0.15472222, -0.15245475, ..., -0.47974327,
         -0.27869284,  0.        ]],

       [[ 0.        , -0.06225579, -0.09107587, ..., -0.28479173,
         -0.53830763, -0.62641022],
        [ 0.06225579,  0.        , -0.02890215, ..., -0.34391704,
         -0.58972941, -0.67372311],
        [ 0.09107587,  0.02890215,  0.        , ..., -0.37091248,
         -0.61282445, -0.69479989],
        ...,
        [ 0.28479173,  0.34391704,  0.37091248, ...,  0.        ,
          0.27600822,  0.37847689],
        [ 0.53830763,  0.58972941,  0.61282445, ..., -0.27600822,
          0.        ,  0.10829888],
        [ 0.62641022,  0.67372311,  0.69479989, ..., -0.37847689,
         -0.10829888,  0.        ]]]), 'num': array([ 8.62386368e-01,  5.06201780e-01,  7.19564825e-06,  1.50925673e-03,
        1.59462883e-03,  1.48029120e-03,  5.73288882e-03, -1.37205157e-05,
        1.49858522e-03,  1.35764503e-03,  1.32949257e-03,  2.67351045e-06,
        1.56818634e-03,  1.14710372e-03])}
{'img': array([[[ 0.        , -0.07899603, -0.17505029, ...,  0.64558833,
          0.95242857,  0.74734196],
        [ 0.07899603,  0.        , -0.09672695, ...,  0.70389895,
          0.97352714,  0.79749455],
        [ 0.17505029,  0.09672695,  0.        , ...,  0.7693035 ,
          0.99107125,  0.85211296],
        ...,
        [-0.64558833, -0.70389895, -0.7693035 , ...,  0.        ,
          0.53060527,  0.14177984],
        [-0.95242857, -0.97352714, -0.99107125, ..., -0.53060527,
          0.        , -0.40506991],
        [-0.74734196, -0.79749455, -0.85211296, ..., -0.14177984,
          0.40506991,  0.        ]],

       [[ 0.        ,  0.11328   ,  0.34322094, ...,  0.26147729,
          0.37259026,  0.82613092],
        [-0.11328   ,  0.        ,  0.23461289, ...,  0.15045524,
          0.26506856,  0.75698239],
        [-0.34322094, -0.23461289,  0.        , ..., -0.08568639,
          0.03144951,  0.58254983],
        ...,
        [-0.26147729, -0.15045524,  0.08568639, ...,  0.        ,
          0.11697784,  0.65005277],
        [-0.37259026, -0.26506856, -0.03144951, ..., -0.11697784,
          0.        ,  0.55669966],
        [-0.82613092, -0.75698239, -0.58254983, ..., -0.65005277,
         -0.55669966,  0.        ]],

       [[ 0.        , -0.13695682, -0.26233495, ...,  0.4035364 ,
          0.56963115,  0.8131727 ],
        [ 0.13695682,  0.        , -0.12770281, ...,  0.52504439,
          0.6768284 ,  0.88522214],
        [ 0.26233495,  0.12770281,  0.        , ...,  0.62943023,
          0.7652941 ,  0.93737769],
        ...,
        [-0.4035364 , -0.52504439, -0.62943023, ...,  0.        ,
          0.18952501,  0.50915616],
        [-0.56963115, -0.6768284 , -0.7652941 , ..., -0.18952501,
          0.        ,  0.33680888],
        [-0.8131727 , -0.88522214, -0.93737769, ..., -0.50915616,
         -0.33680888,  0.        ]],

       ...,

       [[ 0.        , -0.0360721 , -0.1394528 , ...,  0.9874187 ,
          0.99999807,  0.89629673],
        [ 0.0360721 ,  0.        , -0.10364241, ...,  0.99248007,
          0.99941809,  0.91170976],
        [ 0.1394528 ,  0.10364241,  0.        , ...,  0.99982168,
          0.99050061,  0.94937978],
        ...,
        [-0.9874187 , -0.99248007, -0.99982168, ...,  0.        ,
          0.15618853, -0.29614643],
        [-0.99999807, -0.99941809, -0.99050061, ..., -0.15618853,
          0.        , -0.44169421],
        [-0.89629673, -0.91170976, -0.94937978, ...,  0.29614643,
          0.44169421,  0.        ]],

       [[ 0.        ,  0.0022947 , -0.00498836, ..., -0.12674465,
          0.15472222,  0.46501406],
        [-0.0022947 ,  0.        , -0.00728302, ..., -0.12902052,
          0.15245475,  0.46298133],
        [ 0.00498836,  0.00728302,  0.        , ..., -0.12179495,
          0.15964859,  0.46942448],
        ...,
        [ 0.12674465,  0.12902052,  0.12179495, ...,  0.        ,
          0.27869284,  0.57347136],
        [-0.15472222, -0.15245475, -0.15964859, ..., -0.27869284,
          0.        ,  0.32243827],
        [-0.46501406, -0.46298133, -0.46942448, ..., -0.57347136,
         -0.32243827,  0.        ]],

       [[ 0.        , -0.02890215,  0.0126752 , ..., -0.58972941,
         -0.67372311, -0.77223629],
        [ 0.02890215,  0.        ,  0.04156973, ..., -0.61282445,
         -0.69479989, -0.79027625],
        [-0.0126752 , -0.04156973,  0.        , ..., -0.57944553,
         -0.66430222, -0.76412125],
        ...,
        [ 0.58972941,  0.61282445,  0.57944553, ...,  0.        ,
          0.10829888,  0.24898274],
        [ 0.67372311,  0.69479989,  0.66430222, ..., -0.10829888,
          0.        ,  0.14263   ],
        [ 0.77223629,  0.79027625,  0.76412125, ..., -0.24898274,
         -0.14263   ,  0.        ]]]), 'num': array([9.43969903e-01, 3.29989898e-01, 1.20624755e-05, 1.66842393e-03,
       1.67825747e-03, 1.61925623e-03, 2.81314630e-03, 4.58898526e-05,
       1.62810641e-03, 1.47642406e-03, 1.43179072e-03, 3.09741469e-06,
       1.71201500e-03, 1.24083313e-03])}
{'img': array([[[ 0.        , -0.08755482, -0.15689996, ...,  0.75748376,
          0.66640388,  0.99194906],
        [ 0.08755482,  0.        , -0.06982701, ...,  0.81173531,
          0.72912477,  0.99922741],
        [ 0.15689996,  0.06982701,  0.        , ...,  0.85053471,
          0.77513333,  0.9995327 ],
        ...,
        [-0.75748376, -0.81173531, -0.85053471, ...,  0.        ,
         -0.12970859,  0.55167202],
        [-0.66640388, -0.72912477, -0.77513333, ...,  0.12970859,
          0.        ,  0.65519648],
        [-0.99194906, -0.99922741, -0.9995327 , ..., -0.55167202,
         -0.65519648,  0.        ]],

       [[ 0.        ,  0.23461289,  0.0462763 , ...,  0.26506856,
          0.75698239,  0.29746959],
        [-0.23461289,  0.        , -0.18937687, ...,  0.03144951,
          0.58254983,  0.06517461],
        [-0.0462763 ,  0.18937687,  0.        , ...,  0.22016361,
          0.72593286,  0.25296947],
        ...,
        [-0.26506856, -0.03144951, -0.22016361, ...,  0.        ,
          0.55669966,  0.03375973],
        [-0.75698239, -0.58254983, -0.72593286, ..., -0.55669966,
          0.        , -0.52833766],
        [-0.29746959, -0.06517461, -0.25296947, ..., -0.03375973,
          0.52833766,  0.        ]],

       [[ 0.        , -0.11673994, -0.21136956, ...,  0.55851688,
          0.64576435,  0.92321295],
        [ 0.11673994,  0.        , -0.09582198, ...,  0.65153302,
          0.73048419,  0.96176235],
        [ 0.21136956,  0.09582198,  0.        , ...,  0.72122748,
          0.79256252,  0.98358102],
        ...,
        [-0.55851688, -0.65153302, -0.72122748, ...,  0.        ,
          0.10920893,  0.55116707],
        [-0.64576435, -0.73048419, -0.79256252, ..., -0.10920893,
          0.        ,  0.45674707],
        [-0.92321295, -0.96176235, -0.98358102, ..., -0.55116707,
         -0.45674707,  0.        ]],

       ...,

       [[ 0.        , -0.10056951, -0.34949602, ...,  0.95597695,
          0.8694853 ,  0.9978411 ],
        [ 0.10056951,  0.        , -0.25349671, ...,  0.98064148,
          0.91475424,  0.98617722],
        [ 0.34949602,  0.25349671,  0.        , ...,  0.99824772,
          0.98729033,  0.91196209],
        ...,
        [-0.95597695, -0.98064148, -0.99824772, ...,  0.        ,
         -0.21706993,  0.35559161],
        [-0.8694853 , -0.91475424, -0.98729033, ...,  0.21706993,
          0.        ,  0.54999546],
        [-0.9978411 , -0.98617722, -0.91196209, ..., -0.35559161,
         -0.54999546,  0.        ]],

       [[ 0.        , -0.0060547 , -0.00731883, ...,  0.12263121,
          0.33459253,  0.80810955],
        [ 0.0060547 ,  0.        , -0.00126415, ...,  0.12863797,
          0.34029212,  0.81166115],
        [ 0.00731883,  0.00126415,  0.        , ...,  0.12989152,
          0.34148056,  0.81239893],
        ...,
        [-0.12263121, -0.12863797, -0.12989152, ...,  0.        ,
          0.21650402,  0.72977645],
        [-0.33459253, -0.34029212, -0.34148056, ..., -0.21650402,
          0.        ,  0.56444668],
        [-0.80810955, -0.81166115, -0.81239893, ..., -0.72977645,
         -0.56444668,  0.        ]],

       [[ 0.        ,  0.04156973,  0.04979825, ..., -0.69479989,
         -0.79027625, -0.85634011],
        [-0.04156973,  0.        ,  0.00823705, ..., -0.66430222,
         -0.76412125, -0.83413277],
        [-0.04979825, -0.00823705,  0.        , ..., -0.65812279,
         -0.75878184, -0.82956122],
        ...,
        [ 0.69479989,  0.66430222,  0.65812279, ...,  0.        ,
          0.14263   ,  0.25707929],
        [ 0.79027625,  0.76412125,  0.75878184, ..., -0.14263   ,
          0.        ,  0.11661468],
        [ 0.85634011,  0.83413277,  0.82956122, ..., -0.25707929,
         -0.11661468,  0.        ]]]), 'num': array([ 9.37394473e-01,  3.48230440e-01,  1.18783071e-05,  1.64112544e-03,
        1.71060857e-03,  1.61465567e-03,  2.68549002e-03, -4.30133684e-05,
        1.64840462e-03,  1.50546789e-03,  1.44731713e-03,  2.82820105e-06,
        1.74119421e-03,  1.26974157e-03])}
{'img': array([[[ 0.        , -0.06982701,  0.193028  , ...,  0.72912477,
          0.99922741,  0.74739206],
        [ 0.06982701,  0.        ,  0.26107064, ...,  0.77513333,
          0.9995327 ,  0.79195966],
        [-0.193028  , -0.26107064,  0.        , ...,  0.58330765,
          0.97284893,  0.60509148],
        ...,
        [-0.72912477, -0.77513333, -0.58330765, ...,  0.        ,
          0.65519648,  0.02708249],
        [-0.99922741, -0.9995327 , -0.97284893, ..., -0.65519648,
          0.        , -0.63449646],
        [-0.74739206, -0.79195966, -0.60509148, ..., -0.02708249,
          0.63449646,  0.        ]],

       [[ 0.        , -0.18937687, -0.20409512, ...,  0.58254983,
          0.06517461,  0.0343805 ],
