state_0,state_1,state_2,state_3,state_4,state_5,state_6,state_7,state_8,state_9,state_10,state_11,state_12,state_13,state_14,state_15,state_16,state_17,state_18,state_19,state_20,state_21,state_22,state_23,state_24,state_25,state_26,state_27,state_28,state_29,state_30,state_31,state_32,state_33,state_34,state_35,state_36,state_37,state_38,state_39,state_40,state_41,state_42,state_43,state_44,state_45,state_46,state_47,state_48,state_49,state_50,state_51,state_52,state_53,state_54,state_55,state_56,state_57,state_58,state_59,state_60,state_61,state_62,state_63,state_64,state_65,state_66,state_67,state_68,state_69,state_70,state_71,state_72,state_73,state_74,state_75,state_76,state_77,state_78,state_79,state_80,state_81,state_82,state_83,state_84,state_85,state_86,state_87,state_88,state_89,state_90,state_91,state_92,state_93,state_94,state_95,state_96,state_97,state_98,state_99,state_100,state_101,state_102,state_103,state_104,state_105,state_106,state_107,state_108,state_109,state_110,state_111,state_112,state_113,state_114,state_115,state_116,state_117,state_118,state_119,state_120,state_121,state_122,state_123,state_124,state_125,state_126,state_127,state_128,state_129,state_130,state_131,state_132,state_133,state_134,state_135,state_136,state_137,state_138,state_139,state_140,state_141,state_142,state_143,state_144,state_145,state_146,state_147,state_148,state_149,state_150,state_151,state_152,state_153,state_154,state_155,state_156,state_157,state_158,state_159,state_160,state_161,state_162,state_163,state_164,state_165,state_166,state_167,state_168,state_169,state_170,state_171,state_172,state_173,state_174,state_175,state_176,state_177,state_178,state_179,state_180,state_181,state_182,state_183,state_184,state_185,state_186,state_187,state_188,state_189,state_190,state_191,state_192,state_193,state_194,state_195,state_196,state_197,state_198,state_199,state_200,state_201,state_202,state_203,state_204,state_205,state_206,state_207,state_208,state_209,state_210,state_211,state_212,state_213,state_214,state_215,state_216,state_217,state_218,state_219,state_220,state_221,state_222,state_223,state_224,state_225,state_226,state_227,state_228,state_229,state_230,state_231,state_232,state_233,state_234,state_235,state_236,state_237,state_238,state_239,state_240,state_241,state_242,state_243,state_244,state_245,state_246,state_247,state_248,state_249,state_250,state_251,state_252,state_253,state_254,state_255,state_256,state_257,state_258,state_259,state_260,state_261,state_262,state_263,state_264,state_265,state_266,state_267,state_268,state_269,state_270,state_271,state_272,state_273,state_274,state_275,state_276,state_277,state_278,state_279,state_280,state_281,state_282,state_283,state_284,state_285,state_286,state_287
{'img': array([[[ 0.        , -0.16328214, -0.09783687, ...,  0.24288592,
         -0.37730003, -0.37730003],
        [ 0.16328214,  0.        ,  0.06597495, ...,  0.39801888,
         -0.22102231, -0.22102231],
        [ 0.09783687, -0.06597495,  0.        , ...,  0.33662779,
         -0.28488407, -0.28488407],
        ...,
        [-0.24288592, -0.39801888, -0.33662779, ...,  0.        ,
         -0.59093621, -0.59093621],
        [ 0.37730003,  0.22102231,  0.28488407, ...,  0.59093621,
          0.        ,  0.        ],
        [ 0.37730003,  0.22102231,  0.28488407, ...,  0.59093621,
          0.        ,  0.        ]],

       [[ 0.        ,  0.23035056, -0.16733868, ...,  0.7944678 ,
         -0.05048124,  0.50921542],
        [-0.23035056,  0.        , -0.38994105, ...,  0.6332094 ,
         -0.27918055,  0.29727276],
        [ 0.16733868,  0.38994105,  0.        , ...,  0.88489121,
          0.1173559 ,  0.64605342],
        ...,
        [-0.7944678 , -0.6332094 , -0.88489121, ...,  0.        ,
         -0.82411243, -0.37450033],
        [ 0.05048124,  0.27918055, -0.1173559 , ...,  0.82411243,
          0.        ,  0.5520123 ],
        [-0.50921542, -0.29727276, -0.64605342, ...,  0.37450033,
         -0.5520123 ,  0.        ]],

       [[ 0.        , -0.09629478, -0.55668787, ..., -0.49153582,
         -0.58829754, -0.67258979],
        [ 0.09629478,  0.        , -0.4741067 , ..., -0.40539257,
         -0.50769539, -0.59820454],
        [ 0.55668787,  0.4741067 ,  0.        , ...,  0.07646623,
         -0.03854895, -0.1467773 ],
        ...,
        [ 0.49153582,  0.40539257, -0.07646623, ...,  0.        ,
         -0.11484547, -0.22198562],
        [ 0.58829754,  0.50769539,  0.03854895, ...,  0.11484547,
          0.        , -0.10853676],
        [ 0.67258979,  0.59820454,  0.1467773 , ...,  0.22198562,
          0.10853676,  0.        ]],

       ...,

       [[ 0.        , -0.39204168, -0.38279865, ...,  0.98928879,
          0.36614604,  0.1208553 ],
        [ 0.39204168,  0.        ,  0.01002592, ...,  0.85286677,
          0.7016524 ,  0.50034859],
        [ 0.38279865, -0.01002592,  0.        , ...,  0.85805872,
          0.69447347,  0.49164276],
        ...,
        [-0.98928879, -0.85286677, -0.85805872, ...,  0.        ,
         -0.97403691, -0.99967887],
        [-0.36614604, -0.7016524 , -0.69447347, ...,  0.97403691,
          0.        , -0.25099945],
        [-0.1208553 , -0.50034859, -0.49164276, ...,  0.99967887,
          0.25099945,  0.        ]],

       [[ 0.        , -0.02538347, -0.14065633, ..., -0.68576075,
         -0.65328083, -0.60830632],
        [ 0.02538347,  0.        , -0.11547989, ..., -0.70401457,
         -0.67228856, -0.62825724],
        [ 0.14065633,  0.11547989,  0.        , ..., -0.78131673,
         -0.75327934, -0.71389809],
        ...,
        [ 0.68576075,  0.70401457,  0.78131673, ...,  0.        ,
         -0.04372477, -0.10154813],
        [ 0.65328083,  0.67228856,  0.75327934, ...,  0.04372477,
          0.        , -0.05795227],
        [ 0.60830632,  0.62825724,  0.71389809, ...,  0.10154813,
          0.05795227,  0.        ]],

       [[ 0.        , -0.74826365, -0.91323306, ..., -0.57821148,
         -0.51483698, -0.44527131],
        [ 0.74826365,  0.        , -0.30096942, ..., -0.99408488,
         -0.98302113, -0.9653857 ],
        [ 0.91323306,  0.30096942,  0.        , ..., -0.98068   ,
         -0.99266777, -0.99912522],
        ...,
        [ 0.57821148,  0.99408488,  0.98068   , ...,  0.        ,
         -0.07564506, -0.15443702],
        [ 0.51483698,  0.98302113,  0.99266777, ...,  0.07564506,
          0.        , -0.07925701],
        [ 0.44527131,  0.9653857 ,  0.99912522, ...,  0.15443702,
          0.07925701,  0.        ]]]), 'num': array([7.07079696e-01, 7.07079696e-01, 0.00000000e+00, 1.83008862e-04,
       1.97269293e-04, 1.78255386e-04, 8.73722337e-03, 3.56510771e-06,
       1.81416448e-04, 1.80364741e-04, 1.82095799e-04, 5.86938465e-07,
       1.85337679e-04, 1.75391803e-04])}
{'img': array([[[ 0.        ,  0.06597495, -0.11769028, ..., -0.22102231,
         -0.22102231,  0.2743506 ],
        [-0.06597495,  0.        , -0.18295032, ..., -0.28488407,
         -0.28488407,  0.21030939],
        [ 0.11769028,  0.18295032,  0.        , ..., -0.10470663,
         -0.10470663,  0.38561843],
        ...,
        [ 0.22102231,  0.28488407,  0.10470663, ...,  0.        ,
          0.        ,  0.48010719],
        [ 0.22102231,  0.28488407,  0.10470663, ...,  0.        ,
          0.        ,  0.48010719],
        [-0.2743506 , -0.21030939, -0.38561843, ..., -0.48010719,
         -0.48010719,  0.        ]],

       [[ 0.        , -0.15852222, -0.12906244, ..., -0.11096775,
          0.10985066,  0.42848123],
        [ 0.15852222,  0.        ,  0.02976592, ...,  0.04797858,
          0.2660245 ,  0.2798304 ],
        [ 0.12906244, -0.02976592,  0.        , ...,  0.01822568,
          0.23721329,  0.30828315],
        ...,
        [ 0.11096775, -0.04797858, -0.01822568, ...,  0.        ,
          0.21946841,  0.32556994],
        [-0.10985066, -0.2660245 , -0.23721329, ..., -0.21946841,
          0.        ,  0.52514374],
        [-0.42848123, -0.2798304 , -0.30828315, ..., -0.32556994,
         -0.52514374,  0.        ]],

       [[ 0.        , -0.4741067 , -0.52612989, ..., -0.50769539,
         -0.59820454, -0.51139529],
        [ 0.4741067 ,  0.        , -0.06005788, ..., -0.03854895,
         -0.1467773 , -0.04284538],
        [ 0.52612989,  0.06005788,  0.        , ...,  0.02153387,
         -0.08710493,  0.01723468],
        ...,
        [ 0.50769539,  0.03854895, -0.02153387, ...,  0.        ,
         -0.10853676, -0.00429999],
        [ 0.59820454,  0.1467773 ,  0.08710493, ...,  0.10853676,
          0.        ,  0.10426116],
        [ 0.51139529,  0.04284538, -0.01723468, ...,  0.00429999,
         -0.10426116,  0.        ]],

       ...,

       [[ 0.        ,  0.01002592, -0.04993253, ...,  0.7016524 ,
          0.50034859,  0.5243401 ],
        [-0.01002592,  0.        , -0.05994344, ...,  0.69447347,
          0.49164276,  0.51577658],
        [ 0.04993253,  0.05994344,  0.        , ...,  0.73635506,
          0.54295724,  0.56620403],
        ...,
        [-0.7016524 , -0.69447347, -0.73635506, ...,  0.        ,
         -0.25099945, -0.22386079],
        [-0.50034859, -0.49164276, -0.54295724, ...,  0.25099945,
          0.        ,  0.02793498],
        [-0.5243401 , -0.51577658, -0.56620403, ...,  0.22386079,
         -0.02793498,  0.        ]],

       [[ 0.        , -0.11547989, -0.01833378, ..., -0.67228856,
         -0.62825724, -0.72855005],
        [ 0.11547989,  0.        ,  0.09724936, ..., -0.75327934,
         -0.71389809, -0.80277878],
        [ 0.01833378, -0.09724936,  0.        , ..., -0.68574786,
         -0.64241543, -0.7409861 ],
        ...,
        [ 0.67228856,  0.75327934,  0.68574786, ...,  0.        ,
         -0.05795227,  0.07882507],
        [ 0.62825724,  0.71389809,  0.64241543, ...,  0.05795227,
          0.        ,  0.13646454],
        [ 0.72855005,  0.80277878,  0.7409861 , ..., -0.07882507,
         -0.13646454,  0.        ]],

       [[ 0.        , -0.42952797, -0.7330757 , ..., -0.87756201,
         -0.83384754, -0.83324513],
        [ 0.42952797,  0.        , -0.36986442, ..., -0.99842833,
         -0.9901062 , -0.9899526 ],
        [ 0.7330757 ,  0.36986442,  0.        , ..., -0.94835401,
         -0.97179294, -0.97204952],
        ...,
        [ 0.87756201,  0.99842833,  0.94835401, ...,  0.        ,
         -0.08461052, -0.08569698],
        [ 0.83384754,  0.9901062 ,  0.97179294, ...,  0.08461052,
          0.        , -0.00109043],
        [ 0.83324513,  0.9899526 ,  0.97204952, ...,  0.08569698,
          0.00109043,  0.        ]]]), 'num': array([ 7.07104740e-01,  7.07104740e-01,  0.00000000e+00,  1.82064615e-04,
        1.86699420e-04,  1.79450111e-04,  2.34701730e-03, -9.50729062e-07,
        1.81589251e-04,  1.80686058e-04,  1.82120075e-04,  5.94205664e-07,
        1.85232194e-04,  1.76139923e-04])}
{'img': array([[[ 0.        , -0.18295032, -0.04942373, ..., -0.28488407,
          0.21030939,  0.081623  ],
        [ 0.18295032,  0.        ,  0.13413717, ..., -0.10470663,
          0.38561843,  0.26258524],
        [ 0.04942373, -0.13413717,  0.        , ..., -0.23716021,
          0.25837073,  0.13078206],
        ...,
        [ 0.28488407,  0.10470663,  0.23716021, ...,  0.        ,
          0.48010719,  0.36217419],
        [-0.21030939, -0.38561843, -0.25837073, ..., -0.48010719,
          0.        , -0.12981016],
        [-0.081623  , -0.26258524, -0.13078206, ..., -0.36217419,
          0.12981016,  0.        ]],

       [[ 0.        ,  0.02976592,  0.10987946, ...,  0.2660245 ,
          0.2798304 ,  0.70339471],
        [-0.02976592,  0.        ,  0.08024509, ...,  0.23721329,
          0.30828315,  0.68192544],
        [-0.10987946, -0.08024509,  0.        , ...,  0.15849361,
          0.38362572,  0.62103334],
        ...,
        [-0.2660245 , -0.23721329, -0.15849361, ...,  0.        ,
          0.52514374,  0.4889587 ],
        [-0.2798304 , -0.30828315, -0.38362572, ..., -0.52514374,
          0.        , -0.874197  ],
        [-0.70339471, -0.68192544, -0.62103334, ..., -0.4889587 ,
          0.874197  ,  0.        ]],

       [[ 0.        , -0.06005788, -0.08595758, ..., -0.1467773 ,
         -0.04284538, -0.01282597],
        [ 0.06005788,  0.        , -0.02596683, ..., -0.08710493,
          0.01723468,  0.04725012],
        [ 0.08595758,  0.02596683,  0.        , ..., -0.06120742,
          0.04319184,  0.07317202],
        ...,
        [ 0.1467773 ,  0.08710493,  0.06120742, ...,  0.        ,
          0.10426116,  0.13407817],
        [ 0.04284538, -0.01723468, -0.04319184, ..., -0.10426116,
          0.        ,  0.03002767],
        [ 0.01282597, -0.04725012, -0.07317202, ..., -0.13407817,
         -0.03002767,  0.        ]],

       ...,

       [[ 0.        , -0.05994344,  0.05264489, ...,  0.49164276,
          0.51577658,  0.53894238],
        [ 0.05994344,  0.        ,  0.11241054, ...,  0.54295724,
          0.56620403,  0.58846616],
        [-0.05264489, -0.11241054,  0.        , ...,  0.44511798,
          0.46995926,  0.49385   ],
        ...,
        [-0.49164276, -0.54295724, -0.44511798, ...,  0.        ,
          0.02793498,  0.05517776],
        [-0.51577658, -0.56620403, -0.46995926, ..., -0.02793498,
          0.        ,  0.0272638 ],
        [-0.53894238, -0.58846616, -0.49385   , ..., -0.05517776,
         -0.0272638 ,  0.        ]],

       [[ 0.        ,  0.09724936,  0.15127887, ..., -0.71389809,
         -0.80277878, -0.77363469],
        [-0.09724936,  0.        ,  0.05443169, ..., -0.64241543,
         -0.7409861 , -0.70834741],
        [-0.15127887, -0.05443169,  0.        , ..., -0.59974896,
         -0.7033356 , -0.66887592],
        ...,
        [ 0.71389809,  0.64241543,  0.59974896, ...,  0.        ,
          0.13646454,  0.0893888 ],
        [ 0.80277878,  0.7409861 ,  0.7033356 , ..., -0.13646454,
          0.        , -0.04736568],
        [ 0.77363469,  0.70834741,  0.66887592, ..., -0.0893888 ,
          0.04736568,  0.        ]],

       [[ 0.        , -0.36986442, -0.55535126, ..., -0.9901062 ,
         -0.9899526 , -0.91869664],
        [ 0.36986442,  0.        , -0.20838381, ..., -0.97179294,
         -0.97204952, -0.70746484],
        [ 0.55535126,  0.20838381,  0.        , ..., -0.90131495,
         -0.90178675, -0.54465901],
        ...,
        [ 0.9901062 ,  0.97179294,  0.90131495, ...,  0.        ,
         -0.00109043,  0.51996777],
        [ 0.9899526 ,  0.97204952,  0.90178675, ...,  0.00109043,
          0.        ,  0.52089889],
        [ 0.91869664,  0.70746484,  0.54465901, ..., -0.51996777,
         -0.52089889,  0.        ]]]), 'num': array([ 7.07106355e-01,  7.07106355e-01,  0.00000000e+00,  1.81946190e-04,
        1.83847652e-04,  1.80638934e-04,  9.70625284e-04, -1.18841404e-07,
        1.81185605e-04,  1.81025169e-04,  1.82128413e-04,  6.25074918e-07,
        1.84825772e-04,  1.77224566e-04])}
{'img': array([[[ 0.        ,  0.13413717,  0.08452758, ...,  0.38561843,
          0.26258524,  0.24682803],
        [-0.13413717,  0.        , -0.04989342, ...,  0.25837073,
          0.13078206,  0.11461052],
        [-0.08452758,  0.04989342,  0.        , ...,  0.30624828,
          0.18008407,  0.16403243],
        ...,
        [-0.38561843, -0.25837073, -0.30624828, ...,  0.        ,
         -0.12981016, -0.14594918],
        [-0.26258524, -0.13078206, -0.18008407, ...,  0.12981016,
          0.        , -0.01629413],
        [-0.24682803, -0.11461052, -0.16403243, ...,  0.14594918,
          0.01629413,  0.        ]],

       [[ 0.        ,  0.08024509, -0.02231128, ...,  0.30828315,
          0.68192544,  0.31535513],
        [-0.08024509,  0.        , -0.10246445, ...,  0.38362572,
          0.62103334,  0.23818768],
        [ 0.02231128,  0.10246445,  0.        , ...,  0.28698181,
          0.69807464,  0.33644945],
        ...,
        [-0.30828315, -0.38362572, -0.28698181, ...,  0.        ,
         -0.874197  , -0.59254826],
        [-0.68192544, -0.62103334, -0.69807464, ...,  0.874197  ,
          0.        , -0.41647174],
        [-0.31535513, -0.23818768, -0.33644945, ...,  0.59254826,
          0.41647174,  0.        ]],

       [[ 0.        , -0.02596683, -0.07832292, ...,  0.01723468,
          0.04725012, -0.02596683],
        [ 0.02596683,  0.        , -0.05240945, ...,  0.04319184,
          0.07317202,  0.        ],
        [ 0.07832292,  0.05240945,  0.        , ...,  0.09549302,
          0.12534041,  0.05240945],
        ...,
        [-0.01723468, -0.04319184, -0.09549302, ...,  0.        ,
          0.03002767, -0.04319184],
        [-0.04725012, -0.07317202, -0.12534041, ..., -0.03002767,
          0.        , -0.07317202],
        [ 0.02596683,  0.        , -0.05240945, ...,  0.04319184,
          0.07317202,  0.        ]],

       ...,

       [[ 0.        ,  0.11241054,  0.16511804, ...,  0.56620403,
          0.58846616,  0.67856835],
        [-0.11241054,  0.        ,  0.05320393, ...,  0.46995926,
          0.49385   ,  0.59169776],
        [-0.16511804, -0.05320393,  0.        , ...,  0.42233117,
          0.44688722,  0.54796884],
        ...,
        [-0.56620403, -0.46995926, -0.42233117, ...,  0.        ,
          0.0272638 ,  0.14342227],
        [-0.58846616, -0.49385   , -0.44688722, ..., -0.0272638 ,
          0.        ,  0.11638702],
        [-0.67856835, -0.59169776, -0.54796884, ..., -0.14342227,
         -0.11638702,  0.        ]],

       [[ 0.        ,  0.05443169,  0.1243052 , ..., -0.7409861 ,
         -0.70834741, -0.52933282],
        [-0.05443169,  0.        ,  0.0701114 , ..., -0.7033356 ,
         -0.66887592, -0.48236747],
        [-0.1243052 , -0.0701114 ,  0.        , ..., -0.65176556,
         -0.61511093, -0.41976503],
        ...,
        [ 0.7409861 ,  0.7033356 ,  0.65176556, ...,  0.        ,
         -0.04736568, -0.2732054 ],
        [ 0.70834741,  0.66887592,  0.61511093, ...,  0.04736568,
          0.        , -0.22733508],
        [ 0.52933282,  0.48236747,  0.41976503, ...,  0.2732054 ,
          0.22733508,  0.        ]],

       [[ 0.        , -0.20838381, -0.42199121, ..., -0.97204952,
         -0.70746484, -0.21233961],
        [ 0.20838381,  0.        , -0.22380655, ..., -0.90178675,
         -0.54465901, -0.00404634],
        [ 0.42199121,  0.22380655,  0.        , ..., -0.78218665,
         -0.3431459 ,  0.21986102],
        ...,
        [ 0.97204952,  0.90178675,  0.78218665, ...,  0.        ,
          0.52089889,  0.90003062],
        [ 0.70746484,  0.54465901,  0.3431459 , ..., -0.52089889,
          0.        ,  0.54126105],
        [ 0.21233961,  0.00404634, -0.21986102, ..., -0.90003062,
         -0.54126105,  0.        ]]]), 'num': array([7.07106359e-01, 7.07106359e-01, 0.00000000e+00, 1.82659239e-04,
       1.85749116e-04, 1.81351984e-04, 9.63625531e-04, 7.13048429e-07,
       1.81827349e-04, 1.81369810e-04, 1.82170009e-04, 6.54379888e-07,
       1.84365250e-04, 1.78374370e-04])}
{'img': array([[[ 0.        , -0.04989342, -0.20257185, ...,  0.13078206,
          0.11461052,  0.21089628],
        [ 0.04989342,  0.        , -0.15346055, ...,  0.18008407,
          0.16403243,  0.25940486],
        [ 0.20257185,  0.15346055,  0.        , ...,  0.3289026 ,
          0.31347135,  0.40453954],
        ...,
        [-0.13078206, -0.18008407, -0.3289026 , ...,  0.        ,
         -0.01629413,  0.08124435],
        [-0.11461052, -0.16403243, -0.31347135, ...,  0.01629413,
          0.        ,  0.09747383],
        [-0.21089628, -0.25940486, -0.40453954, ..., -0.08124435,
         -0.09747383,  0.        ]],

       [[ 0.        , -0.10246445,  0.01762938, ...,  0.62103334,
          0.23818768,  0.23551472],
        [ 0.10246445,  0.        ,  0.11998511, ...,  0.69807464,
          0.33644945,  0.33385733],
        [-0.01762938, -0.11998511,  0.        , ...,  0.6071192 ,
          0.22102867,  0.21834464],
        ...,
        [-0.62103334, -0.69807464, -0.6071192 , ...,  0.        ,
         -0.41647174, -0.41897145],
        [-0.23818768, -0.33644945, -0.22102867, ...,  0.41647174,
          0.        , -0.00275124],
        [-0.23551472, -0.33385733, -0.21834464, ...,  0.41897145,
          0.00275124,  0.        ]],

       [[ 0.        , -0.05240945, -0.10102792, ...,  0.07317202,
          0.        ,  0.11564497],
        [ 0.05240945,  0.        , -0.04874778, ...,  0.12534041,
          0.05240945,  0.16754385],
        [ 0.10102792,  0.04874778,  0.        , ...,  0.17355474,
          0.10102792,  0.21540337],
        ...,
        [-0.07317202, -0.12534041, -0.17355474, ...,  0.        ,
         -0.07317202,  0.04265389],
        [ 0.        , -0.05240945, -0.10102792, ...,  0.07317202,
          0.        ,  0.11564497],
        [-0.11564497, -0.16754385, -0.21540337, ..., -0.04265389,
         -0.11564497,  0.        ]],

       ...,

       [[ 0.        ,  0.05320393, -0.06676946, ...,  0.49385   ,
          0.59169776,  0.67854649],
        [-0.05320393,  0.        , -0.1197601 , ...,  0.44688722,
          0.54796884,  0.63850409],
        [ 0.06676946,  0.1197601 ,  0.        , ...,  0.55080713,
          0.6442042 ,  0.72607827],
        ...,
        [-0.49385   , -0.44688722, -0.55080713, ...,  0.        ,
          0.11638702,  0.22726694],
        [-0.59169776, -0.54796884, -0.6442042 , ..., -0.11638702,
          0.        ,  0.11238096],
        [-0.67854649, -0.63850409, -0.72607827, ..., -0.22726694,
         -0.11238096,  0.        ]],

       [[ 0.        ,  0.0690585 ,  0.22696614, ..., -0.74126473,
         -0.61886543, -0.22696614],
        [-0.0690585 ,  0.        ,  0.15916803, ..., -0.6931421 ,
         -0.56314271, -0.15916803],
        [-0.22696614, -0.15916803,  0.        , ..., -0.56957711,
         -0.42443345, -0.        ],
        ...,
        [ 0.74126473,  0.6931421 ,  0.56957711, ...,  0.        ,
         -0.16687086, -0.56957711],
        [ 0.61886543,  0.56314271,  0.42443345, ...,  0.16687086,
          0.        , -0.42443345],
        [ 0.22696614,  0.15916803,  0.        , ...,  0.56957711,
          0.42443345,  0.        ]],

       [[ 0.        , -0.22380655, -0.54342404, ..., -0.54465901,
         -0.00404634,  0.58481035],
        [ 0.22380655,  0.        , -0.34176305, ..., -0.3431459 ,
          0.21986102,  0.75152098],
        [ 0.54342404,  0.34176305,  0.        , ..., -0.00147185,
          0.54002286,  0.93173324],
        ...,
        [ 0.54465901,  0.3431459 ,  0.00147185, ...,  0.        ,
          0.54126105,  0.93226672],
        [ 0.00404634, -0.21986102, -0.54002286, ..., -0.54126105,
          0.        ,  0.58808783],
        [-0.58481035, -0.75152098, -0.93173324, ..., -0.93226672,
         -0.58808783,  0.        ]]]), 'num': array([7.07106091e-01, 7.07106091e-01, 0.00000000e+00, 1.85986728e-04,
       1.87650507e-04, 1.81946122e-04, 1.29688011e-03, 3.32755808e-06,
       1.83134536e-04, 1.81791628e-04, 1.82251148e-04, 7.19650457e-07,
       1.84890723e-04, 1.78692534e-04])}
{'img': array([[[ 0.00000000e+00, -1.53460552e-01, -2.23660255e-01, ...,
          1.64032428e-01,  2.59404860e-01,  6.73029548e-01],
        [ 1.53460552e-01,  0.00000000e+00, -7.14379873e-02, ...,
          3.13471348e-01,  4.04539544e-01,  7.78559179e-01],
        [ 2.23660255e-01,  7.14379873e-02,  0.00000000e+00, ...,
          3.80507787e-01,  4.68837468e-01,  8.21402417e-01],
        ...,
        [-1.64032428e-01, -3.13471348e-01, -3.80507787e-01, ...,
          0.00000000e+00,  9.74738285e-02,  5.42592386e-01],
        [-2.59404860e-01, -4.04539544e-01, -4.68837468e-01, ...,
         -9.74738285e-02,  0.00000000e+00,  4.58130970e-01],
        [-6.73029548e-01, -7.78559179e-01, -8.21402417e-01, ...,
         -5.42592386e-01, -4.58130970e-01,  0.00000000e+00]],

       [[ 0.00000000e+00,  1.19985111e-01,  1.20738947e-01, ...,
          3.36449451e-01,  3.33857328e-01,  4.45605086e-01],
        [-1.19985111e-01,  0.00000000e+00,  7.59356730e-04, ...,
          2.21028673e-01,  2.18344640e-01,  3.34971669e-01],
        [-1.20738947e-01, -7.59356730e-04,  0.00000000e+00, ...,
          2.20288034e-01,  2.17603542e-01,  3.34256086e-01],
        ...,
        [-3.36449451e-01, -2.21028673e-01, -2.20288034e-01, ...,
          0.00000000e+00, -2.75124277e-03,  1.18427470e-01],
        [-3.33857328e-01, -2.18344640e-01, -2.17603542e-01, ...,
          2.75124277e-03,  0.00000000e+00,  1.21158903e-01],
        [-4.45605086e-01, -3.34971669e-01, -3.34256086e-01, ...,
         -1.18427470e-01, -1.21158903e-01,  0.00000000e+00]],

       [[ 0.00000000e+00, -4.87477753e-02, -1.34638313e-01, ...,
          5.24094475e-02,  1.67543852e-01,  3.90730746e-01],
        [ 4.87477753e-02,  0.00000000e+00, -8.61743264e-02, ...,
          1.01027919e-01,  2.15403369e-01,  4.35138786e-01],
        [ 1.34638313e-01,  8.61743264e-02,  0.00000000e+00, ...,
          1.86385526e-01,  2.98753483e-01,  5.11108311e-01],
        ...,
        [-5.24094475e-02, -1.01027919e-01, -1.86385526e-01, ...,
          0.00000000e+00,  1.15644973e-01,  3.41950598e-01],
        [-1.67543852e-01, -2.15403369e-01, -2.98753483e-01, ...,
         -1.15644973e-01,  0.00000000e+00,  2.30982665e-01],
        [-3.90730746e-01, -4.35138786e-01, -5.11108311e-01, ...,
         -3.41950598e-01, -2.30982665e-01,  0.00000000e+00]],

       ...,

       [[ 0.00000000e+00, -1.19760097e-01,  8.08444525e-02, ...,
          5.47968840e-01,  6.38504095e-01,  8.18678602e-01],
        [ 1.19760097e-01,  0.00000000e+00,  1.99630693e-01, ...,
          6.44204202e-01,  7.26078269e-01,  8.81558931e-01],
        [-8.08444525e-02, -1.99630693e-01,  0.00000000e+00, ...,
          4.78548907e-01,  5.74194718e-01,  7.69573758e-01],
        ...,
        [-5.47968840e-01, -6.44204202e-01, -4.78548907e-01, ...,
          0.00000000e+00,  1.12380958e-01,  3.70151427e-01],
        [-6.38504095e-01, -7.26078269e-01, -5.74194718e-01, ...,
         -1.12380958e-01,  0.00000000e+00,  2.63407891e-01],
        [-8.18678602e-01, -8.81558931e-01, -7.69573758e-01, ...,
         -3.70151427e-01, -2.63407891e-01,  0.00000000e+00]],

       [[ 0.00000000e+00,  1.59168027e-01, -3.22142337e-01, ...,
         -5.63142710e-01, -1.59168027e-01, -5.88051483e-01],
        [-1.59168027e-01,  0.00000000e+00, -4.68718485e-01, ...,
         -4.24433453e-01, -0.00000000e+00, -4.51815873e-01],
        [ 3.22142337e-01,  4.68718485e-01,  0.00000000e+00, ...,
         -7.99327706e-01, -4.68718485e-01, -8.17259483e-01],
        ...,
        [ 5.63142710e-01,  4.24433453e-01,  7.99327706e-01, ...,
          0.00000000e+00, -4.24433453e-01,  3.04589662e-02],
        [ 1.59168027e-01,  0.00000000e+00,  4.68718485e-01, ...,
          4.24433453e-01,  0.00000000e+00,  4.51815873e-01],
        [ 5.88051483e-01,  4.51815873e-01,  8.17259483e-01, ...,
         -3.04589662e-02, -4.51815873e-01,  0.00000000e+00]],

       [[ 0.00000000e+00, -3.41763046e-01, -6.65119400e-01, ...,
          2.19861019e-01,  7.51520978e-01,  8.80524321e-01],
        [ 3.41763046e-01,  0.00000000e+00, -3.69862884e-01, ...,
          5.40022859e-01,  9.31733235e-01,  9.89500583e-01],
        [ 6.65119400e-01,  3.69862884e-01,  0.00000000e+00, ...,
          8.13023093e-01,  9.99973922e-01,  9.72787353e-01],
        ...,
        [-2.19861019e-01, -5.40022859e-01, -8.13023093e-01, ...,
          0.00000000e+00,  5.88087830e-01,  7.54764616e-01],
        [-7.51520978e-01, -9.31733235e-01, -9.99973922e-01, ...,
         -5.88087830e-01,  0.00000000e+00,  2.24668317e-01],
        [-8.80524321e-01, -9.89500583e-01, -9.72787353e-01, ...,
         -7.54764616e-01, -2.24668317e-01,  0.00000000e+00]]]), 'num': array([7.07106478e-01, 7.07106478e-01, 0.00000000e+00, 1.86343354e-04,
       1.86699878e-04, 1.83966526e-04, 7.66966903e-04, 3.56524275e-07,
       1.83800148e-04, 1.82112599e-04, 1.82344340e-04, 7.35372353e-07,
       1.85667845e-04, 1.78557353e-04])}
{'img': array([[[ 0.00000000e+00, -7.14379873e-02,  5.22219430e-02, ...,
          4.04539544e-01,  7.78559179e-01,  8.12753381e-01],
        [ 7.14379873e-02,  0.00000000e+00,  1.23429029e-01, ...,
          4.68837468e-01,  8.21402417e-01,  8.52297165e-01],
        [-5.22219430e-02, -1.23429029e-01,  0.00000000e+00, ...,
          3.56229514e-01,  7.44723851e-01,  7.81219466e-01],
        ...,
        [-4.04539544e-01, -4.68837468e-01, -3.56229514e-01, ...,
          0.00000000e+00,  4.58130970e-01,  5.07591707e-01],
        [-7.78559179e-01, -8.21402417e-01, -7.44723851e-01, ...,
         -4.58130970e-01,  0.00000000e+00,  5.64658974e-02],
        [-8.12753381e-01, -8.52297165e-01, -7.81219466e-01, ...,
         -5.07591707e-01, -5.64658974e-02,  0.00000000e+00]],

       [[ 0.00000000e+00,  7.59356730e-04, -8.71311927e-02, ...,
          2.18344640e-01,  3.34971669e-01,  1.37535881e-01],
        [-7.59356730e-04,  0.00000000e+00, -8.78876364e-02, ...,
          2.17603542e-01,  3.34256086e-01,  1.36783701e-01],
        [ 8.71311927e-02,  8.78876364e-02,  0.00000000e+00, ...,
          3.02543109e-01,  4.15795187e-01,  2.23315977e-01],
        ...,
        [-2.18344640e-01, -2.17603542e-01, -3.02543109e-01, ...,
          0.00000000e+00,  1.21158903e-01, -8.20522868e-02],
        [-3.34971669e-01, -3.34256086e-01, -4.15795187e-01, ...,
         -1.21158903e-01,  0.00000000e+00, -2.02198176e-01],
        [-1.37535881e-01, -1.36783701e-01, -2.23315977e-01, ...,
          8.20522868e-02,  2.02198176e-01,  0.00000000e+00]],

       [[ 0.00000000e+00, -8.61743264e-02, -9.07828267e-02, ...,
          2.15403369e-01,  4.35138786e-01,  5.40158106e-01],
        [ 8.61743264e-02,  0.00000000e+00, -4.62663331e-03, ...,
          2.98753483e-01,  5.11108311e-01,  6.10669930e-01],
        [ 9.07828267e-02,  4.62663331e-03,  0.00000000e+00, ...,
          3.03165621e-01,  5.15079507e-01,  6.14327157e-01],
        ...,
        [-2.15403369e-01, -2.98753483e-01, -3.03165621e-01, ...,
          0.00000000e+00,  2.30982665e-01,  3.46202355e-01],
        [-4.35138786e-01, -5.11108311e-01, -5.15079507e-01, ...,
         -2.30982665e-01,  0.00000000e+00,  1.20141639e-01],
        [-5.40158106e-01, -6.10669930e-01, -6.14327157e-01, ...,
         -3.46202355e-01, -1.20141639e-01,  0.00000000e+00]],

       ...,

       [[ 0.00000000e+00,  1.99630693e-01,  3.45050898e-01, ...,
          7.26078269e-01,  8.81558931e-01,  9.12357715e-01],
        [-1.99630693e-01,  0.00000000e+00,  1.50735271e-01, ...,
          5.74194718e-01,  7.69573758e-01,  8.12265460e-01],
        [-3.45050898e-01, -1.50735271e-01,  0.00000000e+00, ...,
          4.44224268e-01,  6.64527532e-01,  7.15062583e-01],
        ...,
        [-7.26078269e-01, -5.74194718e-01, -4.44224268e-01, ...,
          0.00000000e+00,  2.63407891e-01,  3.30096125e-01],
        [-8.81558931e-01, -7.69573758e-01, -6.64527532e-01, ...,
         -2.63407891e-01,  0.00000000e+00,  6.97954586e-02],
        [-9.12357715e-01, -8.12265460e-01, -7.15062583e-01, ...,
         -3.30096125e-01, -6.97954586e-02,  0.00000000e+00]],

       [[ 0.00000000e+00, -4.68718485e-01, -7.00178232e-01, ...,
         -0.00000000e+00, -4.51815873e-01, -6.80663350e-01],
        [ 4.68718485e-01,  0.00000000e+00, -2.83850715e-01, ...,
         -4.68718485e-01, -8.17259483e-01, -9.44643785e-01],
        [ 7.00178232e-01,  2.83850715e-01,  0.00000000e+00, ...,
         -7.00178232e-01, -9.47218971e-01, -9.98919930e-01],
        ...,
        [ 0.00000000e+00,  4.68718485e-01,  7.00178232e-01, ...,
          0.00000000e+00,  4.51815873e-01,  6.80663350e-01],
        [ 4.51815873e-01,  8.17259483e-01,  9.47218971e-01, ...,
         -4.51815873e-01,  0.00000000e+00,  2.76228751e-01],
        [ 6.80663350e-01,  9.44643785e-01,  9.98919930e-01, ...,
         -6.80663350e-01, -2.76228751e-01,  0.00000000e+00]],

       [[ 0.00000000e+00, -3.69862884e-01, -5.92502506e-01, ...,
          9.31733235e-01,  9.89500583e-01,  9.69478558e-01],
        [ 3.69862884e-01,  0.00000000e+00, -2.52536063e-01, ...,
          9.99973922e-01,  9.72787353e-01,  9.91410839e-01],
        [ 5.92502506e-01,  2.52536063e-01,  0.00000000e+00, ...,
          9.65738459e-01,  8.82744327e-01,  9.26248951e-01],
        ...,
        [-9.31733235e-01, -9.99973922e-01, -9.65738459e-01, ...,
          0.00000000e+00,  2.24668317e-01,  1.23621076e-01],
        [-9.89500583e-01, -9.72787353e-01, -8.82744327e-01, ...,
         -2.24668317e-01,  0.00000000e+00, -1.02484259e-01],
        [-9.69478558e-01, -9.91410839e-01, -9.26248951e-01, ...,
         -1.23621076e-01,  1.02484259e-01,  0.00000000e+00]]]), 'num': array([ 9.05876586e-01,  4.23539973e-01,  3.10783900e-05,  2.37604243e-04,
        2.40513058e-04,  2.36991861e-04,  1.02676571e-03, -2.44952828e-06,
        2.37389909e-04,  2.34680118e-04,  2.35004170e-04,  8.74831527e-07,
        2.39404697e-04,  2.29955540e-04])}
{'img': array([[[ 0.        ,  0.12342903,  0.2399041 , ...,  0.82140242,
          0.85229717,  0.67073685],
        [-0.12342903,  0.        ,  0.11824517, ...,  0.74472385,
          0.78121947,  0.57406125],
        [-0.2399041 , -0.11824517,  0.        , ...,  0.66058558,
          0.70192345,  0.47321328],
        ...,
        [-0.82140242, -0.74472385, -0.66058558, ...,  0.        ,
          0.0564659 , -0.22667626],
        [-0.85229717, -0.78121947, -0.70192345, ..., -0.0564659 ,
          0.        , -0.2813107 ],
        [-0.67073685, -0.57406125, -0.47321328, ...,  0.22667626,
          0.2813107 ,  0.        ]],

       [[ 0.        , -0.08788764, -0.08218821, ...,  0.33425609,
          0.1367837 ,  0.14989096],
        [ 0.08788764,  0.        ,  0.00572012, ...,  0.41579519,
          0.22331598,  0.23620567],
        [ 0.08218821, -0.00572012,  0.        , ...,  0.41058617,
          0.21773666,  0.23064354],
        ...,
        [-0.33425609, -0.41579519, -0.41058617, ...,  0.        ,
         -0.20219818, -0.18921026],
        [-0.1367837 , -0.22331598, -0.21773666, ...,  0.20219818,
          0.        ,  0.01324373],
        [-0.14989096, -0.23620567, -0.23064354, ...,  0.18921026,
         -0.01324373,  0.        ]],

       [[ 0.        , -0.00462663, -0.01390842, ...,  0.51110831,
          0.61066993,  0.67801899],
        [ 0.00462663,  0.        , -0.00928209, ...,  0.51507951,
          0.61432716,  0.68141252],
        [ 0.01390842,  0.00928209,  0.        , ...,  0.52301339,
          0.62162474,  0.68817672],
        ...,
        [-0.51110831, -0.51507951, -0.52301339, ...,  0.        ,
          0.12014164,  0.20708109],
        [-0.61066993, -0.61432716, -0.62162474, ..., -0.12014164,
          0.        ,  0.08804373],
        [-0.67801899, -0.68141252, -0.68817672, ..., -0.20708109,
         -0.08804373,  0.        ]],

       ...,

       [[ 0.        ,  0.15073527,  0.11597384, ...,  0.76957376,
          0.81226546,  0.65124794],
        [-0.15073527,  0.        , -0.03506941, ...,  0.66452753,
          0.71506258,  0.52941916],
        [-0.11597384,  0.03506941,  0.        , ...,  0.69032487,
          0.73913837,  0.558845  ],
        ...,
        [-0.76957376, -0.66452753, -0.69032487, ...,  0.        ,
          0.06979546, -0.16814307],
        [-0.81226546, -0.71506258, -0.73913837, ..., -0.06979546,
          0.        , -0.23653478],
        [-0.65124794, -0.52941916, -0.558845  , ...,  0.16814307,
          0.23653478,  0.        ]],

       [[ 0.        , -0.5721782 , -0.79308339, ..., -0.46477522,
         -0.69806575, -0.73449809],
        [ 0.5721782 ,  0.        , -0.30190972, ..., -0.88779879,
         -0.98220304, -0.9906697 ],
        [ 0.79308339,  0.30190972,  0.        , ..., -0.98531946,
         -0.99307538, -0.98558731],
        ...,
        [ 0.46477522,  0.88779879,  0.98531946, ...,  0.        ,
          0.28529274,  0.33494422],
        [ 0.69806575,  0.98220304,  0.99307538, ..., -0.28529274,
          0.        ,  0.05221043],
        [ 0.73449809,  0.9906697 ,  0.98558731, ..., -0.33494422,
         -0.05221043,  0.        ]],

       [[ 0.        , -0.25253606, -0.27596377, ...,  0.97278735,
          0.99141084,  0.99559265],
        [ 0.25253606,  0.        , -0.0242895 , ...,  0.88274433,
          0.92624895,  0.93963935],
        [ 0.27596377,  0.0242895 ,  0.        , ...,  0.87107138,
          0.91682067,  0.93105107],
        ...,
        [-0.97278735, -0.88274433, -0.87107138, ...,  0.        ,
         -0.10248426, -0.13944747],
        [-0.99141084, -0.92624895, -0.91682067, ...,  0.10248426,
          0.        , -0.0372303 ],
        [-0.99559265, -0.93963935, -0.93105107, ...,  0.13944747,
          0.0372303 ,  0.        ]]]), 'num': array([ 9.65244240e-01,  2.61346500e-01,  4.57670832e-05,  2.52564672e-04,
        2.54863700e-04,  2.51743590e-04,  1.02551438e-03, -2.29902822e-06,
        2.54863700e-04,  2.51776433e-04,  2.52156868e-04,  8.25249434e-07,
        2.56856639e-04,  2.46696228e-04])}
{'img': array([[[ 0.        ,  0.11824517,  0.31023883, ...,  0.78121947,
          0.57406125,  0.37138338],
        [-0.11824517,  0.        ,  0.19565153, ...,  0.70192345,
          0.47321328,  0.25898969],
        [-0.31023883, -0.19565153,  0.        , ...,  0.54900445,
          0.2917089 ,  0.0650084 ],
        ...,
        [-0.78121947, -0.70192345, -0.54900445, ...,  0.        ,
         -0.2813107 , -0.49350786],
        [-0.57406125, -0.47321328, -0.2917089 , ...,  0.2813107 ,
          0.        , -0.22891086],
        [-0.37138338, -0.25898969, -0.0650084 , ...,  0.49350786,
          0.22891086,  0.        ]],

       [[ 0.        ,  0.00572012,  0.04946419, ...,  0.22331598,
          0.23620567,  0.21243389],
        [-0.00572012,  0.        ,  0.04375026, ...,  0.21773666,
          0.23064354,  0.20684085],
        [-0.04946419, -0.04375026,  0.        , ...,  0.17482759,
          0.18785202,  0.16383866],
        ...,
        [-0.22331598, -0.21773666, -0.17482759, ...,  0.        ,
          0.01324373, -0.01114978],
        [-0.23620567, -0.23064354, -0.18785202, ..., -0.01324373,
          0.        , -0.02439171],
        [-0.21243389, -0.20684085, -0.16383866, ...,  0.01114978,
          0.02439171,  0.        ]],

       [[ 0.        , -0.00928209,  0.05037808, ...,  0.61432716,
          0.68141252,  0.70409299],
        [ 0.00928209,  0.        ,  0.05964621, ...,  0.62162474,
          0.68817672,  0.71065394],
        [-0.05037808, -0.05964621,  0.        , ...,  0.5737962 ,
          0.64367558,  0.66742508],
        ...,
        [-0.61432716, -0.62162474, -0.5737962 , ...,  0.        ,
          0.08804373,  0.11932708],
        [-0.68141252, -0.68817672, -0.64367558, ..., -0.08804373,
          0.        ,  0.03144903],
        [-0.70409299, -0.71065394, -0.66742508, ..., -0.11932708,
         -0.03144903,  0.        ]],

       ...,

       [[ 0.        , -0.03506941,  0.15279143, ...,  0.71506258,
          0.52941916,  0.24002649],
        [ 0.03506941,  0.        ,  0.18735508, ...,  0.73913837,
          0.558845  ,  0.27392305],
        [-0.15279143, -0.18735508,  0.        , ...,  0.5998562 ,
          0.39358077,  0.08888343],
        ...,
        [-0.71506258, -0.73913837, -0.5998562 , ...,  0.        ,
         -0.23653478, -0.52636566],
        [-0.52941916, -0.558845  , -0.39358077, ...,  0.23653478,
          0.        , -0.31031334],
        [-0.24002649, -0.27392305, -0.08888343, ...,  0.52636566,
          0.31031334,  0.        ]],

       [[ 0.        , -0.64029333, -0.83927661, ..., -0.72573793,
         -0.76261717, -0.77156244],
        [ 0.64029333,  0.        , -0.29654348, ..., -0.99796484,
         -0.99996331, -0.99998554],
        [ 0.83927661,  0.29654348,  0.        , ..., -0.97198529,
         -0.95752468, -0.95341094],
        ...,
        [ 0.72573793,  0.99796484,  0.97198529, ...,  0.        ,
          0.05521503,  0.06913199],
        [ 0.76261717,  0.99996331,  0.95752468, ..., -0.05521503,
          0.        ,  0.01394359],
