state_0,state_1,state_2,state_3,state_4,state_5,state_6,state_7,state_8,state_9,state_10,state_11,state_12,state_13,state_14,state_15,state_16,state_17,state_18,state_19,state_20,state_21,state_22,state_23,state_24,state_25,state_26,state_27,state_28,state_29,state_30,state_31,state_32,state_33,state_34,state_35,state_36,state_37,state_38,state_39,state_40,state_41,state_42,state_43,state_44,state_45,state_46,state_47,state_48,state_49,state_50,state_51,state_52,state_53,state_54,state_55,state_56,state_57,state_58,state_59,state_60,state_61,state_62,state_63,state_64,state_65,state_66,state_67,state_68,state_69,state_70,state_71,state_72,state_73,state_74,state_75,state_76,state_77,state_78,state_79,state_80,state_81,state_82,state_83,state_84,state_85,state_86,state_87,state_88,state_89,state_90,state_91,state_92,state_93,state_94,state_95,state_96,state_97,state_98,state_99,state_100,state_101,state_102,state_103,state_104,state_105,state_106,state_107,state_108,state_109,state_110,state_111,state_112,state_113,state_114,state_115,state_116,state_117,state_118,state_119,state_120,state_121,state_122,state_123,state_124,state_125,state_126,state_127,state_128,state_129,state_130,state_131,state_132,state_133,state_134,state_135,state_136,state_137,state_138,state_139,state_140,state_141,state_142,state_143,state_144,state_145,state_146,state_147,state_148,state_149,state_150,state_151,state_152,state_153,state_154,state_155,state_156,state_157,state_158,state_159,state_160,state_161,state_162,state_163,state_164,state_165,state_166,state_167,state_168,state_169,state_170,state_171,state_172,state_173,state_174,state_175,state_176,state_177,state_178,state_179,state_180,state_181,state_182,state_183,state_184,state_185,state_186,state_187,state_188,state_189,state_190,state_191,state_192,state_193,state_194,state_195,state_196,state_197,state_198,state_199,state_200,state_201,state_202,state_203,state_204,state_205,state_206,state_207,state_208,state_209,state_210,state_211,state_212,state_213,state_214,state_215,state_216,state_217,state_218,state_219,state_220,state_221,state_222,state_223,state_224,state_225,state_226,state_227,state_228,state_229,state_230,state_231,state_232,state_233,state_234,state_235,state_236,state_237,state_238,state_239,state_240,state_241,state_242,state_243,state_244,state_245,state_246,state_247,state_248,state_249,state_250,state_251,state_252,state_253,state_254,state_255,state_256,state_257,state_258,state_259,state_260,state_261,state_262,state_263,state_264,state_265,state_266,state_267,state_268,state_269,state_270,state_271,state_272,state_273,state_274,state_275,state_276,state_277,state_278,state_279,state_280,state_281,state_282,state_283,state_284,state_285,state_286,state_287
{'img': array([[[ 0.        , -0.73668119, -0.19479593, ...,  0.9892435 ,
          0.73668119,  0.87096604],
        [ 0.73668119,  0.        ,  0.59084033, ...,  0.56120588,
          0.        ,  0.22701896],
        [ 0.19479593, -0.59084033,  0.        , ...,  0.94179896,
          0.59084033,  0.75856998],
        ...,
        [-0.9892435 , -0.56120588, -0.94179896, ...,  0.        ,
          0.56120588,  0.35865479],
        [-0.73668119, -0.        , -0.59084033, ..., -0.56120588,
          0.        , -0.22701896],
        [-0.87096604, -0.22701896, -0.75856998, ..., -0.35865479,
          0.22701896,  0.        ]],

       [[ 0.        ,  0.11409242, -0.11027142, ..., -0.3918884 ,
          0.08302981, -0.43376316],
        [-0.11409242,  0.        , -0.22294799, ..., -0.4942959 ,
         -0.03121083, -0.53373109],
        [ 0.11027142,  0.22294799,  0.        , ..., -0.28804736,
          0.19241411, -0.33176034],
        ...,
        [ 0.3918884 ,  0.4942959 ,  0.28804736, ...,  0.        ,
          0.46692372, -0.04596564],
        [-0.08302981,  0.03121083, -0.19241411, ..., -0.46692372,
          0.        , -0.50707749],
        [ 0.43376316,  0.53373109,  0.33176034, ...,  0.04596564,
          0.50707749,  0.        ]],

       [[ 0.        ,  0.29633926,  0.47820069, ...,  0.50540175,
          0.26394034,  0.        ],
        [-0.29633926,  0.        ,  0.1964611 , ...,  0.73840694,
          0.53791564,  0.29633926],
        [-0.47820069, -0.1964611 ,  0.        , ...,  0.85650118,
          0.69304898,  0.47820069],
        ...,
        [-0.50540175, -0.73840694, -0.85650118, ...,  0.        ,
          0.25972976,  0.50540175],
        [-0.26394034, -0.53791564, -0.69304898, ..., -0.25972976,
          0.        ,  0.26394034],
        [-0.        , -0.29633926, -0.47820069, ..., -0.50540175,
         -0.26394034,  0.        ]],

       ...,

       [[ 0.        , -0.52492939, -0.32606982, ...,  0.53305333,
          0.73353295,  0.48286584],
        [ 0.52492939,  0.        ,  0.21870679, ...,  0.89783922,
          0.98111378,  0.87066692],
        [ 0.32606982, -0.21870679,  0.        , ...,  0.77980136,
          0.91505683,  0.74201264],
        ...,
        [-0.53305333, -0.89783922, -0.77980136, ...,  0.        ,
          0.25833699, -0.05824787],
        [-0.73353295, -0.98111378, -0.91505683, ..., -0.25833699,
          0.        , -0.314169  ],
        [-0.48286584, -0.87066692, -0.74201264, ...,  0.05824787,
          0.314169  ,  0.        ]],

       [[ 0.        ,  0.18293616,  0.35085344, ...,  0.62251707,
          0.4322654 ,  0.        ],
        [-0.18293616,  0.        ,  0.17362574, ...,  0.75517894,
          0.58993286,  0.18293616],
        [-0.35085344, -0.17362574,  0.        , ...,  0.85752398,
          0.72116729,  0.35085344],
        ...,
        [-0.62251707, -0.75517894, -0.85752398, ...,  0.        ,
          0.22305896,  0.62251707],
        [-0.4322654 , -0.58993286, -0.72116729, ..., -0.22305896,
          0.        ,  0.4322654 ],
        [-0.        , -0.18293616, -0.35085344, ..., -0.62251707,
         -0.4322654 ,  0.        ]],

       [[ 0.        ,  0.02836673, -0.04026937, ...,  0.89798877,
          0.90502011,  0.90783677],
        [-0.02836673,  0.        , -0.06859689, ...,  0.91010929,
          0.91672224,  0.91936628],
        [ 0.04026937,  0.06859689,  0.        , ...,  0.87954111,
          0.88715668,  0.89021448],
        ...,
        [-0.89798877, -0.91010929, -0.87954111, ...,  0.        ,
         -0.01624909, -0.02291685],
        [-0.90502011, -0.91672224, -0.88715668, ...,  0.01624909,
          0.        , -0.006669  ],
        [-0.90783677, -0.91936628, -0.89021448, ...,  0.02291685,
          0.006669  ,  0.        ]]]), 'num': array([7.07106599e-01, 7.07106599e-01, 0.00000000e+00, 2.26839797e-04,
       2.27971167e-04, 2.24124507e-04, 3.68724978e-04, 1.69705584e-06,
       2.24169762e-04, 2.12477048e-04, 2.01465041e-04, 9.59120369e-07,
       2.30906442e-04, 1.94047653e-04])}
{'img': array([[[ 0.        ,  0.58406786,  0.63684439, ...,  0.31494653,
          0.38320307,  0.        ],
        [-0.58406786,  0.        ,  0.06661781, ...,  0.80998793,
          0.85053031,  0.58406786],
        [-0.63684439, -0.06661781,  0.        , ...,  0.84725637,
          0.88367695,  0.63684439],
        ...,
        [-0.31494653, -0.80998793, -0.84725637, ...,  0.        ,
         -0.07279682,  0.31494653],
        [-0.38320307, -0.85053031, -0.88367695, ...,  0.07279682,
          0.        ,  0.38320307],
        [-0.        , -0.58406786, -0.63684439, ..., -0.31494653,
         -0.38320307,  0.        ]],

       [[ 0.        , -0.22294799, -0.49577348, ..., -0.03121083,
         -0.53373109, -0.28226232],
        [ 0.22294799,  0.        , -0.28967543, ...,  0.19241411,
         -0.33176034, -0.06127556],
        [ 0.49577348,  0.28967543,  0.        , ...,  0.46842684,
         -0.04426681,  0.23048273],
        ...,
        [ 0.03121083, -0.19241411, -0.46842684, ...,  0.        ,
         -0.50707749, -0.2521831 ],
        [ 0.53373109,  0.33176034,  0.04426681, ...,  0.50707749,
          0.        ,  0.27333179],
        [ 0.28226232,  0.06127556, -0.23048273, ...,  0.2521831 ,
         -0.27333179,  0.        ]],

       [[ 0.        ,  0.38298716,  0.39411395, ...,  0.42544276,
          0.34068927,  0.        ],
        [-0.38298716,  0.        ,  0.01207542, ...,  0.73960207,
          0.67478828,  0.38298716],
        [-0.39411395, -0.01207542,  0.        , ...,  0.74767544,
          0.68365088,  0.39411395],
        ...,
        [-0.42544276, -0.73960207, -0.74767544, ...,  0.        ,
          0.09167226,  0.42544276],
        [-0.34068927, -0.67478828, -0.68365088, ..., -0.09167226,
          0.        ,  0.34068927],
        [-0.        , -0.38298716, -0.39411395, ..., -0.42544276,
         -0.34068927,  0.        ]],

       ...,

       [[ 0.        ,  0.21870679,  0.20148185, ...,  0.98111378,
          0.87066692,  0.84630268],
        [-0.21870679,  0.        , -0.0176175 , ...,  0.91505683,
          0.74201264,  0.70930861],
        [-0.20148185,  0.0176175 ,  0.        , ...,  0.92202039,
          0.753708  ,  0.72161706],
        ...,
        [-0.98111378, -0.91505683, -0.92202039, ...,  0.        ,
         -0.314169  , -0.35893997],
        [-0.87066692, -0.74201264, -0.753708  , ...,  0.314169  ,
          0.        , -0.0475328 ],
        [-0.84630268, -0.70930861, -0.72161706, ...,  0.35893997,
          0.0475328 ,  0.        ]],

       [[ 0.        ,  0.29638165,  0.42466154, ...,  0.58133337,
          0.41852066,  0.        ],
        [-0.29638165,  0.        ,  0.13725154, ...,  0.79636934,
          0.66889233,  0.29638165],
        [-0.42466154, -0.13725154,  0.        , ...,  0.87184387,
          0.76458929,  0.42466154],
        ...,
        [-0.58133337, -0.79636934, -0.87184387, ...,  0.        ,
          0.18743538,  0.58133337],
        [-0.41852066, -0.66889233, -0.76458929, ..., -0.18743538,
          0.        ,  0.41852066],
        [-0.        , -0.29638165, -0.42466154, ..., -0.58133337,
         -0.41852066,  0.        ]],

       [[ 0.        , -0.06859689, -0.14713468, ...,  0.91672224,
          0.91936628,  0.90292654],
        [ 0.06859689,  0.        , -0.07893779, ...,  0.88715668,
          0.89021448,  0.87131706],
        [ 0.14713468,  0.07893779,  0.        , ...,  0.84796106,
          0.85147716,  0.82986177],
        ...,
        [-0.91672224, -0.88715668, -0.84796106, ...,  0.        ,
         -0.006669  ,  0.03326071],
        [-0.91936628, -0.89021448, -0.85147716, ...,  0.006669  ,
          0.        ,  0.03992527],
        [-0.90292654, -0.87131706, -0.82986177, ..., -0.03326071,
         -0.03992527,  0.        ]]]), 'num': array([7.07106634e-01, 7.07106634e-01, 0.00000000e+00, 2.27971179e-04,
       2.29102549e-04, 2.25142752e-04, 1.80283907e-04, 1.13137061e-06,
       2.25527418e-04, 2.13942183e-04, 2.02224955e-04, 9.49025167e-07,
       2.32406623e-04, 1.95477743e-04])}
{'img': array([[[ 0.        ,  0.07439931,  0.05659393, ...,  0.86690958,
          0.75763372,  0.51387008],
        [-0.07439931,  0.        , -0.01784299, ...,  0.90159245,
          0.8040929 ,  0.5762707 ],
        [-0.05659393,  0.01784299,  0.        , ...,  0.89373028,
          0.79335717,  0.56159662],
        ...,
        [-0.86690958, -0.90159245, -0.89373028, ...,  0.        ,
          0.18816031,  0.48754753],
        [-0.75763372, -0.8040929 , -0.79335717, ..., -0.18816031,
          0.        ,  0.31455702],
        [-0.51387008, -0.5762707 , -0.56159662, ..., -0.48754753,
         -0.31455702,  0.        ]],

       [[ 0.        , -0.28967543, -0.14417241, ..., -0.33176034,
         -0.06127556, -0.35868746],
        [ 0.28967543,  0.        ,  0.14865806, ..., -0.04426681,
          0.23048273, -0.07290895],
        [ 0.14417241, -0.14865806,  0.        , ..., -0.19228728,
          0.08326611, -0.22036125],
        ...,
        [ 0.33176034,  0.04426681,  0.19228728, ...,  0.        ,
          0.27333179, -0.02868848],
        [ 0.06127556, -0.23048273, -0.08326611, ..., -0.27333179,
          0.        , -0.3008153 ],
        [ 0.35868746,  0.07290895,  0.22036125, ...,  0.02868848,
          0.3008153 ,  0.        ]],

       [[ 0.        ,  0.01321158, -0.07509207, ...,  0.75468488,
          0.65829371,  0.33940796],
        [-0.01321158,  0.        , -0.08825979, ...,  0.76328696,
          0.66818142,  0.35180567],
        [ 0.07509207,  0.08825979,  0.        , ...,  0.70328714,
          0.5999087 ,  0.26781513],
        ...,
        [-0.75468488, -0.76328696, -0.70328714, ...,  0.        ,
          0.13619923,  0.48720493],
        [-0.65829371, -0.66818142, -0.5999087 , ..., -0.13619923,
          0.        ,  0.36372378],
        [-0.33940796, -0.35180567, -0.26781513, ..., -0.48720493,
         -0.36372378,  0.        ]],

       ...,

       [[ 0.        , -0.0176175 , -0.04175892, ...,  0.74201264,
          0.70930861,  0.65177703],
        [ 0.0176175 ,  0.        , -0.02415031, ...,  0.753708  ,
          0.72161706,  0.66503717],
        [ 0.04175892,  0.02415031,  0.        , ...,  0.76935998,
          0.73812567,  0.6828789 ],
        ...,
        [-0.74201264, -0.753708  , -0.76935998, ...,  0.        ,
         -0.0475328 , -0.12580816],
        [-0.70930861, -0.72161706, -0.73812567, ...,  0.0475328 ,
          0.        , -0.07851082],
        [-0.65177703, -0.66503717, -0.6828789 , ...,  0.12580816,
          0.07851082,  0.        ]],

       [[ 0.        ,  0.30950514,  0.41630795, ...,  0.54224279,
          0.36532819,  0.        ],
        [-0.30950514,  0.        ,  0.1144569 , ...,  0.77567044,
          0.63550153,  0.30950514],
        [-0.41630795, -0.1144569 ,  0.        , ...,  0.84281102,
          0.71969728,  0.41630795],
        ...,
        [-0.54224279, -0.77567044, -0.84281102, ...,  0.        ,
          0.19780559,  0.54224279],
        [-0.36532819, -0.63550153, -0.71969728, ..., -0.19780559,
          0.        ,  0.36532819],
        [-0.        , -0.30950514, -0.41630795, ..., -0.54224279,
         -0.36532819,  0.        ]],

       [[ 0.        , -0.07893779, -0.16445328, ...,  0.89021448,
          0.87131706,  0.80102943],
        [ 0.07893779,  0.        , -0.08607707, ...,  0.85147716,
          0.82986177,  0.75127572],
        [ 0.16445328,  0.08607707,  0.        , ...,  0.80317879,
          0.77875338,  0.69167747],
        ...,
        [-0.89021448, -0.85147716, -0.80317879, ...,  0.        ,
          0.03992527,  0.16800237],
        [-0.87131706, -0.82986177, -0.77875338, ..., -0.03992527,
          0.        ,  0.12851062],
        [-0.80102943, -0.75127572, -0.69167747, ..., -0.16800237,
         -0.12851062,  0.        ]]]), 'num': array([7.14821915e-01, 6.99306177e-01, 7.66209297e-07, 2.31578183e-04,
       2.32721779e-04, 2.28490474e-04, 3.19818048e-04, 1.14359597e-06,
       2.29405351e-04, 2.17546261e-04, 2.05126808e-04, 9.40699908e-07,
       2.36690221e-04, 1.98402300e-04])}
{'img': array([[[ 0.        , -0.01759958, -0.12409282, ...,  0.86990744,
          0.7969541 ,  0.56980177],
        [ 0.01759958,  0.        , -0.10661005, ...,  0.86109233,
          0.78619982,  0.55525049],
        [ 0.12409282,  0.10661005,  0.        , ...,  0.80197915,
          0.71583713,  0.46342028],
        ...,
        [-0.86990744, -0.86109233, -0.80197915, ...,  0.        ,
          0.13238905,  0.43383965],
        [-0.7969541 , -0.78619982, -0.71583713, ..., -0.13238905,
          0.        ,  0.3107397 ],
        [-0.56980177, -0.55525049, -0.46342028, ..., -0.43383965,
         -0.3107397 ,  0.        ]],

       [[ 0.        ,  0.14865806, -0.10891395, ...,  0.23048273,
         -0.07290895,  0.16499436],
        [-0.14865806,  0.        , -0.25547749, ...,  0.08326611,
         -0.22036125,  0.01654043],
        [ 0.10891395,  0.25547749,  0.        , ...,  0.33509323,
          0.03614886,  0.27143408],
        ...,
        [-0.23048273, -0.08326611, -0.33509323, ...,  0.        ,
         -0.3008153 , -0.06677173],
        [ 0.07290895,  0.22036125, -0.03614886, ...,  0.3008153 ,
          0.        ,  0.23646494],
        [-0.16499436, -0.01654043, -0.27143408, ...,  0.06677173,
         -0.23646494,  0.        ]],

       [[ 0.        , -0.08668022, -0.2828224 , ...,  0.77064568,
          0.66533659,  0.34584404],
        [ 0.08668022,  0.        , -0.19861665, ...,  0.71250695,
          0.59812184,  0.263211  ],
        [ 0.2828224 ,  0.19861665,  0.        , ...,  0.55894949,
          0.4270332 ,  0.06635402],
        ...,
        [-0.77064568, -0.71250695, -0.55894949, ...,  0.        ,
          0.15132557,  0.50269678],
        [-0.66533659, -0.59812184, -0.4270332 , ..., -0.15132557,
          0.        ,  0.36609238],
        [-0.34584404, -0.263211  , -0.06635402, ..., -0.50269678,
         -0.36609238,  0.        ]],

       ...,

       [[ 0.        , -0.02415031, -0.12473026, ...,  0.72161706,
          0.66503717,  0.57321471],
        [ 0.02415031,  0.        , -0.10073217, ...,  0.73812567,
          0.6828789 ,  0.59283641],
        [ 0.12473026,  0.10073217,  0.        , ...,  0.80233155,
          0.75299353,  0.67094292],
        ...,
        [-0.72161706, -0.73812567, -0.80233155, ...,  0.        ,
         -0.07851082, -0.19446457],
        [-0.66503717, -0.6828789 , -0.75299353, ...,  0.07851082,
          0.        , -0.1168523 ],
        [-0.57321471, -0.59283641, -0.67094292, ...,  0.19446457,
          0.1168523 ,  0.        ]],

       [[ 0.        ,  0.28348799,  0.36566569, ...,  0.52283905,
          0.39080208,  0.        ],
        [-0.28348799,  0.        ,  0.08680915, ...,  0.74304406,
          0.63571326,  0.28348799],
        [-0.36566569, -0.08680915,  0.        , ...,  0.79833541,
          0.7003236 ,  0.36566569],
        ...,
        [-0.52283905, -0.74304406, -0.79833541, ...,  0.        ,
          0.14812816,  0.52283905],
        [-0.39080208, -0.63571326, -0.7003236 , ..., -0.14812816,
          0.        ,  0.39080208],
        [-0.        , -0.28348799, -0.36566569, ..., -0.52283905,
         -0.39080208,  0.        ]],

       [[ 0.        , -0.08607707,  0.03003798, ...,  0.82986177,
          0.75127572,  0.69573559],
        [ 0.08607707,  0.        ,  0.11596472, ...,  0.77875338,
          0.69167747,  0.63132437],
        [-0.03003798, -0.11596472,  0.        , ...,  0.84624756,
          0.77076143,  0.71699786],
        ...,
        [-0.82986177, -0.77875338, -0.84624756, ...,  0.        ,
          0.12851062,  0.20788912],
        [-0.75127572, -0.69167747, -0.77076143, ..., -0.12851062,
          0.        ,  0.08046236],
        [-0.69573559, -0.63132437, -0.71699786, ..., -0.20788912,
         -0.08046236,  0.        ]]]), 'num': array([7.11357215e-01, 7.02830216e-01, 4.21086335e-07, 2.30459413e-04,
       2.32166520e-04, 2.28752306e-04, 4.50733089e-04, 0.00000000e+00,
       2.28979920e-04, 2.17963391e-04, 2.04833844e-04, 1.07984428e-06,
       2.36562218e-04, 1.99364564e-04])}
{'img': array([[[ 0.        , -0.10661005, -0.55525049, ...,  0.78619982,
          0.55525049,  0.55525049],
        [ 0.10661005,  0.        , -0.46342028, ...,  0.71583713,
          0.46342028,  0.46342028],
        [ 0.55525049,  0.46342028,  0.        , ...,  0.3107397 ,
          0.        ,  0.        ],
        ...,
        [-0.78619982, -0.71583713, -0.3107397 , ...,  0.        ,
          0.3107397 ,  0.3107397 ],
        [-0.55525049, -0.46342028, -0.        , ..., -0.3107397 ,
          0.        ,  0.        ],
        [-0.55525049, -0.46342028, -0.        , ..., -0.3107397 ,
          0.        ,  0.        ]],

       [[ 0.        , -0.25547749, -0.07525318, ..., -0.22036125,
          0.01654043,  0.17220721],
        [ 0.25547749,  0.        ,  0.18199717, ...,  0.03614886,
          0.27143408,  0.41815336],
        [ 0.07525318, -0.18199717,  0.        , ..., -0.14633308,
          0.09173641,  0.24584786],
        ...,
        [ 0.22036125, -0.03614886,  0.14633308, ...,  0.        ,
          0.23646494,  0.38504329],
        [-0.01654043, -0.27143408, -0.09173641, ..., -0.23646494,
          0.        ,  0.15589032],
        [-0.17220721, -0.41815336, -0.24584786, ..., -0.38504329,
         -0.15589032,  0.        ]],

       [[ 0.        , -0.19700432, -0.10936018, ...,  0.65716425,
          0.49678371,  0.26110039],
        [ 0.19700432,  0.        ,  0.08860572, ...,  0.49579406,
          0.31607305,  0.06581294],
        [ 0.10936018, -0.08860572,  0.        , ...,  0.57079276,
          0.3988932 ,  0.1539677 ],
        ...,
        [-0.65716425, -0.49579406, -0.57079276, ...,  0.        ,
          0.19588659,  0.43756457],
        [-0.49678371, -0.31607305, -0.3988932 , ..., -0.19588659,
          0.        ,  0.25294877],
        [-0.26110039, -0.06581294, -0.1539677 , ..., -0.43756457,
         -0.25294877,  0.        ]],

       ...,

       [[ 0.        , -0.08462551, -0.17470692, ...,  0.50694604,
          0.45036806,  0.98092057],
        [ 0.08462551,  0.        , -0.09075621, ...,  0.57807285,
          0.52430981,  0.99385379],
        [ 0.17470692,  0.09075621,  0.        , ...,  0.64974294,
          0.59942747,  0.99979907],
        ...,
        [-0.50694604, -0.57807285, -0.64974294, ...,  0.        ,
         -0.06441595,  0.7469769 ],
        [-0.45036806, -0.52430981, -0.59942747, ...,  0.06441595,
          0.        ,  0.78825247],
        [-0.98092057, -0.99385379, -0.99979907, ..., -0.7469769 ,
         -0.78825247,  0.        ]],

       [[ 0.        ,  0.19071736,  0.23476792, ...,  0.52838442,
          0.34739434,  0.05145366],
        [-0.19071736,  0.        ,  0.04507167, ...,  0.68060596,
          0.51985723,  0.24097396],
        [-0.23476792, -0.04507167,  0.        , ...,  0.71293604,
          0.55783154,  0.28447254],
        ...,
        [-0.52838442, -0.68060596, -0.71293604, ...,  0.        ,
          0.20053657,  0.48400009],
        [-0.34739434, -0.51985723, -0.55783154, ..., -0.20053657,
          0.        ,  0.2986851 ],
        [-0.05145366, -0.24097396, -0.28447254, ..., -0.48400009,
         -0.2986851 ,  0.        ]],

       [[ 0.        ,  0.11596472,  0.23661069, ...,  0.69167747,
          0.63132437,  0.43132156],
        [-0.11596472,  0.        ,  0.12234251, ...,  0.77076143,
          0.71699786,  0.53303475],
        [-0.23661069, -0.12234251,  0.        , ...,  0.84291876,
          0.79689368,  0.63254374],
        ...,
        [-0.69167747, -0.77076143, -0.84291876, ...,  0.        ,
          0.08046236,  0.31252696],
        [-0.63132437, -0.71699786, -0.79689368, ..., -0.08046236,
          0.        ,  0.23508173],
        [-0.43132156, -0.53303475, -0.63254374, ..., -0.31252696,
         -0.23508173,  0.        ]]]), 'num': array([7.40812918e-01, 6.71710660e-01, 3.32222395e-06, 2.45915510e-04,
       2.49462368e-04, 2.37048364e-04, 7.55220718e-04, 6.50257357e-06,
       2.40004079e-04, 2.28204864e-04, 2.13629247e-04, 1.13005660e-06,
       2.47840582e-04, 2.08569145e-04])}
{'img': array([[[ 0.        , -0.43633944,  0.05660938, ...,  0.91619228,
          0.91619228,  0.43633944],
        [ 0.43633944,  0.        ,  0.48657584, ...,  0.64951523,
          0.64951523,  0.        ],
        [-0.05660938, -0.48657584,  0.        , ...,  0.93740866,
          0.93740866,  0.48657584],
        ...,
        [-0.91619228, -0.64951523, -0.93740866, ...,  0.        ,
          0.        ,  0.64951523],
        [-0.91619228, -0.64951523, -0.93740866, ...,  0.        ,
          0.        ,  0.64951523],
        [-0.43633944, -0.        , -0.48657584, ..., -0.64951523,
         -0.64951523,  0.        ]],

       [[ 0.        ,  0.18199717,  0.30771021, ...,  0.27143408,
          0.41815336,  0.63231048],
        [-0.18199717,  0.        ,  0.12940447, ...,  0.09173641,
          0.24584786,  0.48075435],
        [-0.30771021, -0.12940447,  0.        , ..., -0.03789373,
          0.11834791,  0.36324312],
        ...,
        [-0.27143408, -0.09173641,  0.03789373, ...,  0.        ,
          0.15589032,  0.3982876 ],
        [-0.41815336, -0.24584786, -0.11834791, ..., -0.15589032,
          0.        ,  0.25042623],
        [-0.63231048, -0.48075435, -0.36324312, ..., -0.3982876 ,
         -0.25042623,  0.        ]],

       [[ 0.        ,  0.08651943,  0.09321744, ...,  0.53766513,
          0.47859764,  0.0642658 ],
        [-0.08651943,  0.        ,  0.00672518, ...,  0.60859856,
          0.55277   ,  0.1503654 ],
        [-0.09321744, -0.00672518,  0.        , ...,  0.61392108,
          0.55836182,  0.15701072],
        ...,
        [-0.53766513, -0.60859856, -0.61392108, ...,  0.        ,
          0.06855479,  0.48236742],
        [-0.47859764, -0.55277   , -0.55836182, ..., -0.06855479,
          0.        ,  0.4211807 ],
        [-0.0642658 , -0.1503654 , -0.15701072, ..., -0.48236742,
         -0.4211807 ,  0.        ]],

       ...,

       [[ 0.        , -0.0897421 ,  0.03926909, ...,  0.51607603,
          0.95391949,  0.9950869 ],
        [ 0.0897421 ,  0.        ,  0.12878352, ...,  0.59086163,
          0.97699872,  0.99995671],
        [-0.03926909, -0.12878352,  0.        , ...,  0.48204231,
          0.94140052,  0.99043152],
        ...,
        [-0.51607603, -0.59086163, -0.48204231, ...,  0.        ,
          0.66221771,  0.80124023],
        [-0.95391949, -0.97699872, -0.94140052, ..., -0.66221771,
          0.        ,  0.20414532],
        [-0.9950869 , -0.99995671, -0.99043152, ..., -0.80124023,
         -0.20414532,  0.        ]],

       [[ 0.        ,  0.04407053,  0.11634817, ...,  0.68444877,
          0.610634  ,  0.23578538],
        [-0.04407053,  0.        ,  0.0724639 , ...,  0.71591388,
          0.64494075,  0.27838426],
        [-0.11634817, -0.0724639 ,  0.        , ...,  0.76462524,
          0.6986245 ,  0.34725179],
        ...,
        [-0.68444877, -0.71591388, -0.76462524, ...,  0.        ,
          0.09683443,  0.49324893],
        [-0.610634  , -0.64494075, -0.6986245 , ..., -0.09683443,
          0.        ,  0.40669578],
        [-0.23578538, -0.27838426, -0.34725179, ..., -0.49324893,
         -0.40669578,  0.        ]],

       [[ 0.        ,  0.20729759,  0.34896733, ...,  0.63225657,
          0.43201331,  0.10170497],
        [-0.20729759,  0.        ,  0.14712123, ...,  0.77912834,
          0.60958399,  0.3057184 ],
        [-0.34896733, -0.14712123,  0.        , ...,  0.8628753 ,
          0.71957694,  0.44246907],
        ...,
        [-0.63225657, -0.77912834, -0.8628753 , ...,  0.        ,
          0.23550525,  0.55018123],
        [-0.43201331, -0.60958399, -0.71957694, ..., -0.23550525,
          0.        ,  0.33804877],
        [-0.10170497, -0.3057184 , -0.44246907, ..., -0.55018123,
         -0.33804877,  0.        ]]]), 'num': array([7.30493334e-01, 6.82919444e-01, 2.26004231e-06, 2.45226241e-04,
       2.46391211e-04, 2.39983874e-04, 2.94131692e-04, 2.91242566e-06,
       2.38818904e-04, 2.26755637e-04, 2.11395504e-04, 1.11568306e-06,
       2.46293196e-04, 2.07218079e-04])}
{'img': array([[[ 0.        ,  0.47466732,  0.65434246, ...,  0.74288281,
          0.44265052,  0.        ],
        [-0.47466732,  0.        ,  0.21698688, ...,  0.97161217,
          0.81523706,  0.47466732],
        [-0.65434246, -0.21698688,  0.        , ...,  0.99979766,
          0.9214767 ,  0.65434246],
        ...,
        [-0.74288281, -0.97161217, -0.99979766, ...,  0.        ,
          0.36981895,  0.74288281],
        [-0.44265052, -0.81523706, -0.9214767 , ..., -0.36981895,
          0.        ,  0.44265052],
        [-0.        , -0.47466732, -0.65434246, ..., -0.74288281,
         -0.44265052,  0.        ]],

       [[ 0.        ,  0.12940447,  0.36030533, ...,  0.24584786,
          0.48075435,  0.0484537 ],
        [-0.12940447,  0.        ,  0.2365629 , ...,  0.11834791,
          0.36324312, -0.08120618],
        [-0.36030533, -0.2365629 ,  0.        , ..., -0.11991164,
          0.13252857, -0.31468284],
        ...,
        [-0.24584786, -0.11834791,  0.11991164, ...,  0.        ,
          0.25042623, -0.19859252],
        [-0.48075435, -0.36324312, -0.13252857, ..., -0.25042623,
          0.        , -0.43770278],
        [-0.0484537 ,  0.08120618,  0.31468284, ...,  0.19859252,
          0.43770278,  0.        ]],

       [[ 0.        ,  0.0065569 ,  0.11561295, ...,  0.6948605 ,
          0.55987969,  0.14664497],
        [-0.0065569 ,  0.        ,  0.10909753, ...,  0.69956092,
          0.56530053,  0.15312784],
        [-0.11561295, -0.10909753,  0.        , ...,  0.77334342,
          0.6519192 ,  0.2600247 ],
        ...,
        [-0.6948605 , -0.69956092, -0.77334342, ...,  0.        ,
          0.17310886,  0.58188956],
        [-0.55987969, -0.56530053, -0.6519192 , ..., -0.17310886,
          0.        ,  0.43232074],
        [-0.14664497, -0.15312784, -0.2600247 , ..., -0.58188956,
         -0.43232074,  0.        ]],

       ...,

       [[ 0.        ,  0.12839516,  0.18541878, ...,  0.97187838,
          0.99367611,  0.99997907],
        [-0.12839516,  0.        ,  0.05771534, ...,  0.93359931,
          0.97103476,  0.9908717 ],
        [-0.18541878, -0.05771534,  0.        , ...,  0.91136258,
          0.95562571,  0.98143949],
        ...,
        [-0.97187838, -0.93359931, -0.91136258, ...,  0.        ,
          0.12486735,  0.22919098],
        [-0.99367611, -0.97103476, -0.95562571, ..., -0.12486735,
          0.        ,  0.10585364],
        [-0.99997907, -0.9908717 , -0.98143949, ..., -0.22919098,
         -0.10585364,  0.        ]],

       [[ 0.        ,  0.07089313,  0.16939953, ...,  0.75898049,
          0.63536709,  0.27260247],
        [-0.07089313,  0.        ,  0.09910476, ...,  0.8032303 ,
          0.68851286,  0.34012476],
        [-0.16939953, -0.09910476,  0.        , ...,  0.85830959,
          0.75699647,  0.43164649],
        ...,
        [-0.75898049, -0.8032303 , -0.85830959, ...,  0.        ,
          0.17239651,  0.55274033],
        [-0.63536709, -0.68851286, -0.75699647, ..., -0.17239651,
          0.        ,  0.40079726],
        [-0.27260247, -0.34012476, -0.43164649, ..., -0.55274033,
         -0.40079726,  0.        ]],

       [[ 0.        ,  0.27827748,  0.38719585, ...,  0.59323576,
          0.44754247,  0.        ],
        [-0.27827748,  0.        ,  0.11533076, ...,  0.79382476,
          0.67871803,  0.27827748],
        [-0.38719585, -0.11533076,  0.        , ...,  0.85866569,
          0.75888783,  0.38719585],
        ...,
        [-0.59323576, -0.79382476, -0.85866569, ...,  0.        ,
          0.17022403,  0.59323576],
        [-0.44754247, -0.67871803, -0.75888783, ..., -0.17022403,
          0.        ,  0.44754247],
        [-0.        , -0.27827748, -0.38719585, ..., -0.59323576,
         -0.44754247,  0.        ]]]), 'num': array([7.29845800e-01, 6.83611337e-01, 2.15044015e-06, 2.49916018e-04,
       2.49916018e-04, 2.43522817e-04, 4.52162008e-04, 5.23080037e-06,
       2.41430497e-04, 2.28266316e-04, 2.11953969e-04, 1.11573439e-06,
       2.48784291e-04, 2.07748341e-04])}
{'img': array([[[ 0.        ,  0.23007021,  0.24864437, ...,  0.91474285,
          0.84194173,  0.39335704],
        [-0.23007021,  0.        ,  0.01912942, ...,  0.98316076,
          0.94349446,  0.59432813],
        [-0.24864437, -0.01912942,  0.        , ...,  0.98647662,
          0.94966108,  0.6096037 ],
        ...,
        [-0.91474285, -0.98316076, -0.98647662, ...,  0.        ,
          0.15339116,  0.68207097],
        [-0.84194173, -0.94349446, -0.94966108, ..., -0.15339116,
          0.        ,  0.56182622],
        [-0.39335704, -0.59432813, -0.6096037 , ..., -0.68207097,
         -0.56182622,  0.        ]],

       [[ 0.        ,  0.2365629 ,  0.18013747, ...,  0.36324312,
         -0.08120618,  0.10986564],
        [-0.2365629 ,  0.        , -0.05766859, ...,  0.13252857,
         -0.31468284, -0.12838362],
        [-0.18013747,  0.05766859,  0.        , ...,  0.18946792,
         -0.25942029, -0.0709786 ],
        ...,
        [-0.36324312, -0.13252857, -0.18946792, ...,  0.        ,
         -0.43770278, -0.25868301],
        [ 0.08120618,  0.31468284,  0.25942029, ...,  0.43770278,
          0.        ,  0.19021738],
        [-0.10986564,  0.12838362,  0.0709786 , ...,  0.25868301,
         -0.19021738,  0.        ]],

       [[ 0.        ,  0.10562592,  0.1923764 , ...,  0.73082317,
          0.60759902,  0.14831552],
        [-0.10562592,  0.        ,  0.08764728, ...,  0.79883164,
          0.68809282,  0.25194354],
        [-0.1923764 , -0.08764728,  0.        , ...,  0.84848203,
          0.7490436 ,  0.3357939 ],
        ...,
        [-0.73082317, -0.79883164, -0.84848203, ...,  0.        ,
          0.16572492,  0.62150507],
        [-0.60759902, -0.68809282, -0.7490436 , ..., -0.16572492,
          0.        ,  0.48308033],
        [-0.14831552, -0.25194354, -0.3357939 , ..., -0.62150507,
         -0.48308033,  0.        ]],

       ...,

       [[ 0.        ,  0.05749267,  0.04297125, ...,  0.95907325,
          0.97004272,  0.99136476],
        [-0.05749267,  0.        , -0.01453939, ...,  0.94120736,
          0.95447125,  0.98218578],
        [-0.04297125,  0.01453939,  0.        , ...,  0.94601971,
          0.9587075 ,  0.98481409],
        ...,
        [-0.95907325, -0.94120736, -0.94601971, ...,  0.        ,
          0.04168354,  0.15494661],
        [-0.97004272, -0.95447125, -0.9587075 , ..., -0.04168354,
          0.        ,  0.11363181],
        [-0.99136476, -0.98218578, -0.98481409, ..., -0.15494661,
         -0.11363181,  0.        ]],

       [[ 0.        ,  0.09610094,  0.17190047, ...,  0.8253586 ,
          0.73242484,  0.33046198],
        [-0.09610094,  0.        ,  0.07643444, ...,  0.87579795,
          0.794465  ,  0.41963439],
        [-0.17190047, -0.07643444,  0.        , ...,  0.91012911,
          0.83856028,  0.48778581],
        ...,
        [-0.8253586 , -0.87579795, -0.91012911, ...,  0.        ,
          0.1484101 ,  0.59240762],
        [-0.73242484, -0.794465  , -0.83856028, ..., -0.1484101 ,
          0.        ,  0.46628236],
        [-0.33046198, -0.41963439, -0.48778581, ..., -0.59240762,
         -0.46628236,  0.        ]],

       [[ 0.        ,  0.27335152,  0.37256622, ...,  0.55077406,
          0.34324661,  0.        ],
        [-0.27335152,  0.        ,  0.104705  , ...,  0.75795144,
          0.58691792,  0.27335152],
        [-0.37256622, -0.104705  ,  0.        , ...,  0.82208544,
          0.66846586,  0.37256622],
        ...,
        [-0.55077406, -0.75795144, -0.82208544, ...,  0.        ,
          0.23081967,  0.55077406],
        [-0.34324661, -0.58691792, -0.66846586, ..., -0.23081967,
          0.        ,  0.34324661],
        [-0.        , -0.27335152, -0.37256622, ..., -0.55077406,
         -0.34324661,  0.        ]]]), 'num': array([ 7.22295205e-01,  6.91584378e-01,  1.43844622e-06,  2.45686614e-04,
        2.46837371e-04,  2.37055937e-04,  4.98289278e-04, -1.72613546e-06,
        2.41543889e-04,  2.27734805e-04,  2.10761140e-04,  1.04313222e-06,
        2.48484967e-04,  2.06984644e-04])}
{'img': array([[[ 0.        ,  0.01912942, -0.06061964, ...,  0.94349446,
          0.59432813,  0.82906688],
        [-0.01912942,  0.        , -0.07970279, ...,  0.94966108,
          0.6096037 ,  0.83961138],
        [ 0.06061964,  0.07970279,  0.        , ...,  0.92167067,
          0.54448344,  0.79364673],
        ...,
        [-0.94349446, -0.94966108, -0.92167067, ...,  0.        ,
          0.56182622,  0.25281135],
        [-0.59432813, -0.6096037 , -0.54448344, ..., -0.56182622,
          0.        , -0.33443611],
        [-0.82906688, -0.83961138, -0.79364673, ..., -0.25281135,
          0.33443611,  0.        ]],

       [[ 0.        , -0.05766859, -0.45003356, ..., -0.31468284,
         -0.12838362, -0.07687982],
        [ 0.05766859,  0.        , -0.39778588, ..., -0.25942029,
         -0.0709786 , -0.01925396],
        [ 0.45003356,  0.39778588,  0.        , ...,  0.14615501,
          0.33166127,  0.38004705],
        ...,
        [ 0.31468284,  0.25942029, -0.14615501, ...,  0.        ,
          0.19021738,  0.24077741],
        [ 0.12838362,  0.0709786 , -0.33166127, ..., -0.19021738,
          0.        ,  0.05176005],
        [ 0.07687982,  0.01925396, -0.38004705, ..., -0.24077741,
         -0.05176005,  0.        ]],

       [[ 0.        ,  0.08546528,  0.15100589, ...,  0.79341205,
          0.63757373,  0.24588801],
        [-0.08546528,  0.        ,  0.06596815, ...,  0.8425305 ,
          0.70108248,  0.32782968],
        [-0.15100589, -0.06596815,  0.        , ...,  0.87622889,
          0.74659591,  0.38943812],
        ...,
        [-0.79341205, -0.8425305 , -0.87622889, ...,  0.        ,
          0.22315469,  0.61938459],
        [-0.63757373, -0.70108248, -0.74659591, ..., -0.22315469,
          0.        ,  0.4285696 ],
        [-0.24588801, -0.32782968, -0.38943812, ..., -0.61938459,
         -0.4285696 ,  0.        ]],

       ...,

       [[ 0.        , -0.01453939, -0.12212926, ...,  0.95447125,
          0.98218578,  0.7231552 ],
        [ 0.01453939,  0.        , -0.1076858 , ...,  0.9587075 ,
          0.98481409,  0.7331209 ],
        [ 0.12212926,  0.1076858 ,  0.        , ...,  0.98375779,
          0.99778295,  0.80209472],
        ...,
        [-0.95447125, -0.9587075 , -0.98375779, ...,  0.        ,
          0.11363181, -0.44352022],
        [-0.98218578, -0.98481409, -0.99778295, ..., -0.11363181,
          0.        , -0.54249165],
        [-0.7231552 , -0.7331209 , -0.80209472, ...,  0.44352022,
          0.54249165,  0.        ]],

       [[ 0.        ,  0.07479039,  0.11248966, ...,  0.86904641,
          0.73713477,  0.41147199],
        [-0.07479039,  0.        ,  0.03785892, ...,  0.90361354,
          0.78560954,  0.4784852 ],
        [-0.11248966, -0.03785892,  0.        , ...,  0.91918255,
          0.8084705 ,  0.51138593],
        ...,
        [-0.86904641, -0.90361354, -0.91918255, ...,  0.        ,
          0.22257132,  0.5885006 ],
        [-0.73713477, -0.78560954, -0.8084705 , ..., -0.22257132,
          0.        ,  0.39379069],
        [-0.41147199, -0.4784852 , -0.51138593, ..., -0.5885006 ,
         -0.39379069,  0.        ]],

       [[ 0.        ,  0.25546713,  0.39503255, ...,  0.50955917,
          0.39217906,  0.        ],
        [-0.25546713,  0.        ,  0.14723522, ...,  0.71246387,
          0.61416705,  0.25546713],
        [-0.39503255, -0.14723522,  0.        , ...,  0.80801534,
          0.72366806,  0.39503255],
        ...,
        [-0.50955917, -0.71246387, -0.80801534, ...,  0.        ,
          0.131293  ,  0.50955917],
        [-0.39217906, -0.61416705, -0.72366806, ..., -0.131293  ,
          0.        ,  0.39217906],
        [-0.        , -0.25546713, -0.39503255, ..., -0.50955917,
         -0.39217906,  0.        ]]]), 'num': array([7.19534126e-01, 6.94456712e-01, 1.16911021e-06, 2.45856999e-04,
       2.47003186e-04, 2.41845347e-04, 2.75761004e-04, 1.14618648e-06,
       2.43335389e-04, 2.28434965e-04, 2.10812348e-04, 1.02044450e-06,
       2.49768325e-04, 2.07101605e-04])}
{'img': array([[[ 0.        , -0.07970279, -0.10841995, ...,  0.6096037 ,
          0.83961138,  0.75246922],
        [ 0.07970279,  0.        , -0.02884207, ...,  0.54448344,
          0.79364673,  0.69758093],
        [ 0.10841995,  0.02884207,  0.        , ...,  0.52006501,
          0.77576965,  0.6766252 ],
        ...,
        [-0.6096037 , -0.54448344, -0.52006501, ...,  0.        ,
         -0.33443611, -0.19498541],
        [-0.83961138, -0.79364673, -0.77576965, ...,  0.33443611,
          0.        ,  0.14425914],
        [-0.75246922, -0.69758093, -0.6766252 , ...,  0.19498541,
         -0.14425914,  0.        ]],

       [[ 0.        , -0.39778588, -0.34457375, ..., -0.0709786 ,
         -0.01925396, -0.27891091],
        [ 0.39778588,  0.        ,  0.05728625, ...,  0.33166127,
