state_0,state_1,state_2,state_3,state_4,state_5,state_6,state_7,state_8,state_9,state_10,state_11,state_12,state_13,state_14,state_15,state_16,state_17,state_18,state_19,state_20,state_21,state_22,state_23,state_24,state_25,state_26,state_27,state_28,state_29,state_30,state_31,state_32,state_33,state_34,state_35,state_36,state_37,state_38,state_39,state_40,state_41,state_42,state_43,state_44,state_45,state_46,state_47,state_48,state_49,state_50,state_51,state_52,state_53,state_54,state_55,state_56,state_57,state_58,state_59,state_60,state_61,state_62,state_63,state_64,state_65,state_66,state_67,state_68,state_69,state_70,state_71,state_72,state_73,state_74,state_75,state_76,state_77,state_78,state_79,state_80,state_81,state_82,state_83,state_84,state_85,state_86,state_87,state_88,state_89,state_90,state_91,state_92,state_93,state_94,state_95,state_96,state_97,state_98,state_99,state_100,state_101,state_102,state_103,state_104,state_105,state_106,state_107,state_108,state_109,state_110,state_111,state_112,state_113,state_114,state_115,state_116,state_117,state_118,state_119,state_120,state_121,state_122,state_123,state_124,state_125,state_126,state_127,state_128,state_129,state_130,state_131,state_132,state_133,state_134,state_135,state_136,state_137,state_138,state_139,state_140,state_141,state_142,state_143,state_144,state_145,state_146,state_147,state_148,state_149,state_150,state_151,state_152,state_153,state_154,state_155,state_156,state_157,state_158,state_159,state_160,state_161,state_162,state_163,state_164,state_165,state_166,state_167,state_168,state_169,state_170,state_171,state_172,state_173,state_174,state_175,state_176,state_177,state_178,state_179,state_180,state_181,state_182,state_183,state_184,state_185,state_186,state_187,state_188,state_189,state_190,state_191,state_192,state_193,state_194,state_195,state_196,state_197,state_198,state_199,state_200,state_201,state_202,state_203,state_204,state_205,state_206,state_207,state_208,state_209,state_210,state_211,state_212,state_213,state_214,state_215,state_216,state_217,state_218,state_219,state_220,state_221,state_222,state_223,state_224,state_225,state_226,state_227,state_228,state_229,state_230,state_231,state_232,state_233,state_234,state_235,state_236,state_237,state_238,state_239,state_240,state_241,state_242,state_243,state_244,state_245,state_246,state_247,state_248,state_249,state_250,state_251,state_252,state_253,state_254,state_255,state_256,state_257,state_258,state_259,state_260,state_261,state_262,state_263,state_264,state_265,state_266,state_267,state_268,state_269,state_270,state_271,state_272,state_273,state_274,state_275,state_276,state_277,state_278,state_279,state_280,state_281,state_282,state_283,state_284,state_285,state_286,state_287
{'img': array([[[ 0.        ,  0.49285484,  0.48556225, ...,  0.63279537,
          0.80479083,  0.97469124],
        [-0.49285484,  0.        , -0.00836141, ...,  0.93222946,
          0.99279598,  0.95827044],
        [-0.48556225,  0.00836141,  0.        , ...,  0.92917115,
          0.99175944,  0.96062716],
        ...,
        [-0.63279537, -0.93222946, -0.92917115, ...,  0.        ,
         -0.24756379, -0.61325722],
        [-0.80479083, -0.99279598, -0.99175944, ...,  0.24756379,
          0.        , -0.39862101],
        [-0.97469124, -0.95827044, -0.96062716, ...,  0.61325722,
          0.39862101,  0.        ]],

       [[ 0.        ,  0.2178948 , -0.1699649 , ..., -0.63033015,
          0.1241514 , -0.31628805],
        [-0.2178948 ,  0.        , -0.38060548, ..., -0.7843424 ,
         -0.09504069, -0.51539714],
        [ 0.1699649 ,  0.38060548,  0.        , ..., -0.48921054,
          0.29099494, -0.15044665],
        ...,
        [ 0.63033015,  0.7843424 ,  0.48921054, ...,  0.        ,
          0.72183557,  0.352428  ],
        [-0.1241514 ,  0.09504069, -0.29099494, ..., -0.72183557,
          0.        , -0.43161888],
        [ 0.31628805,  0.51539714,  0.15044665, ..., -0.352428  ,
          0.43161888,  0.        ]],

       [[ 0.        ,  0.06540455,  0.14336037, ...,  0.88757394,
          0.70484676,  0.82632994],
        [-0.06540455,  0.        ,  0.07832445, ...,  0.9158031 ,
          0.74973291,  0.86139558],
        [-0.14336037, -0.07832445,  0.        , ...,  0.94444694,
          0.79926013,  0.89853301],
        ...,
        [-0.88757394, -0.9158031 , -0.94444694, ...,  0.        ,
          0.30491068,  0.11920799],
        [-0.70484676, -0.74973291, -0.79926013, ..., -0.30491068,
          0.        , -0.18920503],
        [-0.82632994, -0.86139558, -0.89853301, ..., -0.11920799,
          0.18920503,  0.        ]],

       ...,

       [[ 0.        ,  0.71629257,  0.4808139 , ...,  0.54856299,
          0.27552395,  0.09312565],
        [-0.71629257,  0.        , -0.29254958, ..., -0.21611153,
         -0.49630727, -0.64819674],
        [-0.4808139 ,  0.29254958,  0.        , ...,  0.07897952,
         -0.22061798, -0.39706979],
        ...,
        [-0.54856299,  0.21611153, -0.07897952, ...,  0.        ,
         -0.29696232, -0.46831593],
        [-0.27552395,  0.49630727,  0.22061798, ...,  0.29696232,
          0.        , -0.18480547],
        [-0.09312565,  0.64819674,  0.39706979, ...,  0.46831593,
          0.18480547,  0.        ]],

       [[ 0.        ,  0.13315215,  0.22616247, ...,  0.98255203,
          0.90502935,  0.66697328],
        [-0.13315215,  0.        ,  0.09444651, ...,  0.99856769,
          0.95360677,  0.76024351],
        [-0.22616247, -0.09444651,  0.        , ...,  0.9991572 ,
          0.97777768,  0.81820124],
        ...,
        [-0.98255203, -0.99856769, -0.9991572 , ...,  0.        ,
          0.2496031 ,  0.60803249],
        [-0.90502935, -0.95360677, -0.97777768, ..., -0.2496031 ,
          0.        ,  0.39062426],
        [-0.66697328, -0.76024351, -0.81820124, ..., -0.60803249,
         -0.39062426,  0.        ]],

       [[ 0.        ,  0.36687265,  0.55224293, ...,  0.91056808,
          0.90625626,  0.88132057],
        [-0.36687265,  0.        ,  0.2078801 , ...,  0.9987254 ,
          0.99815169,  0.99322136],
        [-0.55224293, -0.2078801 ,  0.        , ...,  0.98740001,
          0.98897962,  0.99568738],
        ...,
        [-0.91056808, -0.9987254 , -0.98740001, ...,  0.        ,
          0.01031401,  0.06595866],
        [-0.90625626, -0.99815169, -0.98897962, ..., -0.01031401,
          0.        ,  0.0556636 ],
        [-0.88132057, -0.99322136, -0.99568738, ..., -0.06595866,
         -0.0556636 ,  0.        ]]]), 'num': array([ 7.05287400e-01,  7.05287400e-01,  0.00000000e+00,  2.60496956e-02,
        2.66441907e-02,  2.58335155e-02,  5.28289988e-05, -6.21517632e-04,
        2.69360337e-02,  2.45904802e-02,  2.26074787e-02,  1.84710799e-06,
        2.86143845e-02,  2.05665760e-02])}
{'img': array([[[ 0.        , -0.00836141,  0.1774893 , ...,  0.99279598,
          0.95827044,  0.85598915],
        [ 0.00836141,  0.        ,  0.18571175, ...,  0.99175944,
          0.96062716,  0.86028202],
        [-0.1774893 , -0.18571175,  0.        , ...,  0.99829934,
          0.89231806,  0.75063751],
        ...,
        [-0.99279598, -0.99175944, -0.99829934, ...,  0.        ,
         -0.39862101, -0.61583148],
        [-0.95827044, -0.96062716, -0.89231806, ...,  0.39862101,
          0.        , -0.25072407],
        [-0.85598915, -0.86028202, -0.75063751, ...,  0.61583148,
          0.25072407,  0.        ]],

       [[ 0.        , -0.38060548, -0.74946253, ..., -0.09504069,
         -0.51539714, -0.56715341],
        [ 0.38060548,  0.        , -0.44107749, ...,  0.29099494,
         -0.15044665, -0.21099673],
        [ 0.74946253,  0.44107749,  0.        , ...,  0.68314863,
          0.301036  ,  0.24178438],
        ...,
        [ 0.09504069, -0.29099494, -0.68314863, ...,  0.        ,
         -0.43161888, -0.48630947],
        [ 0.51539714,  0.15044665, -0.301036  , ...,  0.43161888,
          0.        , -0.06153558],
        [ 0.56715341,  0.21099673, -0.24178438, ...,  0.48630947,
          0.06153558,  0.        ]],

       [[ 0.        ,  0.07832445,  0.19914656, ...,  0.74973291,
          0.86139558,  0.94540047],
        [-0.07832445,  0.        ,  0.12177917, ...,  0.79926013,
          0.89853301,  0.96802292],
        [-0.19914656, -0.12177917,  0.        , ...,  0.8664989 ,
          0.94529503,  0.99136788],
        ...,
        [-0.74973291, -0.79926013, -0.8664989 , ...,  0.        ,
         -0.18920503, -0.38126367],
        [-0.86139558, -0.89853301, -0.94529503, ...,  0.18920503,
          0.        , -0.19946345],
        [-0.94540047, -0.96802292, -0.99136788, ...,  0.38126367,
          0.19946345,  0.        ]],

       ...,

       [[ 0.        , -0.29254958, -0.44643626, ..., -0.49630727,
         -0.64819674, -0.79306139],
        [ 0.29254958,  0.        , -0.16512695, ..., -0.22061798,
         -0.39706979, -0.58016108],
        [ 0.44643626,  0.16512695,  0.        , ..., -0.05653114,
         -0.24006734, -0.43770063],
        ...,
        [ 0.49630727,  0.22061798,  0.05653114, ...,  0.        ,
         -0.18480547, -0.38617235],
        [ 0.64819674,  0.39706979,  0.24006734, ...,  0.18480547,
          0.        , -0.20905108],
        [ 0.79306139,  0.58016108,  0.43770063, ...,  0.38617235,
          0.20905108,  0.        ]],

       [[ 0.        ,  0.09322697,  0.21622912, ...,  0.975263  ,
          0.91023332,  0.75393982],
        [-0.09322697,  0.        ,  0.12426594, ...,  0.99162322,
          0.94487404,  0.81190118],
        [-0.21622912, -0.12426594,  0.        , ...,  0.99998781,
          0.97823917,  0.87815391],
        ...,
        [-0.975263  , -0.99162322, -0.99998781, ...,  0.        ,
          0.2026473 ,  0.47403601],
        [-0.91023332, -0.94487404, -0.97823917, ..., -0.2026473 ,
          0.        ,  0.28576856],
        [-0.75393982, -0.81190118, -0.87815391, ..., -0.47403601,
         -0.28576856,  0.        ]],

       [[ 0.        ,  0.43604897,  0.52687808, ...,  0.91569432,
          0.8912745 ,  0.83552166],
        [-0.43604897,  0.        ,  0.10353382, ...,  0.99929172,
          0.99981096,  0.99149549],
        [-0.52687808, -0.10353382,  0.        , ...,  0.99002542,
          0.99645097,  0.99964113],
        ...,
        [-0.91569432, -0.99929172, -0.99002542, ...,  0.        ,
          0.05705319,  0.16735944],
        [-0.8912745 , -0.99981096, -0.99645097, ..., -0.05705319,
          0.        ,  0.11083833],
        [-0.83552166, -0.99149549, -0.99964113, ..., -0.16735944,
         -0.11083833,  0.        ]]]), 'num': array([7.05293129e-01, 7.05293129e-01, 0.00000000e+00, 2.61579980e-02,
       2.62931117e-02, 2.54013617e-02, 5.82069502e-05, 1.08090901e-04,
       2.67146662e-02, 2.47960527e-02, 2.26657612e-02, 1.93019466e-06,
       2.86978722e-02, 2.08942332e-02])}
{'img': array([[[ 0.        ,  0.18571175,  0.10661177, ...,  0.96062716,
          0.86028202,  0.87995456],
        [-0.18571175,  0.        , -0.07989615, ...,  0.89231806,
          0.75063751,  0.77642328],
        [-0.10661177,  0.07989615,  0.        , ...,  0.92553119,
          0.80102639,  0.8242927 ],
        ...,
        [-0.96062716, -0.89231806, -0.92553119, ...,  0.        ,
         -0.25072407, -0.21186627],
        [-0.86028202, -0.75063751, -0.80102639, ...,  0.25072407,
          0.        ,  0.03993333],
        [-0.87995456, -0.77642328, -0.8242927 , ...,  0.21186627,
         -0.03993333,  0.        ]],

       [[ 0.        , -0.44107749, -0.46375518, ..., -0.15044665,
         -0.21099673, -0.14418954],
        [ 0.44107749,  0.        , -0.02542741, ...,  0.301036  ,
          0.24178438,  0.30706262],
        [ 0.46375518,  0.02542741,  0.        , ...,  0.32518656,
          0.26637918,  0.33116233],
        ...,
        [ 0.15044665, -0.301036  , -0.32518656, ...,  0.        ,
         -0.06153558,  0.0063261 ],
        [ 0.21099673, -0.24178438, -0.26637918, ...,  0.06153558,
          0.        ,  0.06784846],
        [ 0.14418954, -0.30706262, -0.33116233, ..., -0.0063261 ,
         -0.06784846,  0.        ]],

       [[ 0.        ,  0.12177917,  0.22691847, ...,  0.89853301,
          0.96802292,  0.99463483],
        [-0.12177917,  0.        ,  0.10662716, ...,  0.94529503,
          0.99136788,  0.99982983],
        [-0.22691847, -0.10662716,  0.        , ...,  0.97468953,
          0.99969601,  0.99216287],
        ...,
        [-0.89853301, -0.94529503, -0.97468953, ...,  0.        ,
         -0.19946345, -0.34359945],
        [-0.96802292, -0.99136788, -0.99969601, ...,  0.19946345,
          0.        , -0.14937553],
        [-0.99463483, -0.99982983, -0.99216287, ...,  0.34359945,
          0.14937553,  0.        ]],

       ...,

       [[ 0.        , -0.17474485, -0.40081117, ..., -0.41128386,
         -0.59480604, -0.47240651],
        [ 0.17474485,  0.        , -0.23454982, ..., -0.24567453,
         -0.44518219, -0.3111212 ],
        [ 0.40081117,  0.23454982,  0.        , ..., -0.01145979,
         -0.22273813, -0.07953302],
        ...,
        [ 0.41128386,  0.24567453,  0.01145979, ...,  0.        ,
         -0.2115516 , -0.06810431],
        [ 0.59480604,  0.44518219,  0.22273813, ...,  0.2115516 ,
          0.        ,  0.14449754],
        [ 0.47240651,  0.3111212 ,  0.07953302, ...,  0.06810431,
         -0.14449754,  0.        ]],

       [[ 0.        ,  0.12332579,  0.18094233, ...,  0.96423443,
          0.91585351,  0.80839534],
        [-0.12332579,  0.        ,  0.05827092, ...,  0.9895613 ,
          0.95837896,  0.87481873],
        [-0.18094233, -0.05827092,  0.        , ...,  0.99627742,
          0.97338679,  0.90156161],
        ...,
        [-0.96423443, -0.9895613 , -0.99627742, ...,  0.        ,
          0.14440446,  0.35332098],
        [-0.91585351, -0.95837896, -0.97338679, ..., -0.14440446,
          0.        ,  0.21452705],
        [-0.80839534, -0.87481873, -0.90156161, ..., -0.35332098,
         -0.21452705,  0.        ]],

       [[ 0.        ,  0.32009584,  0.61768489, ...,  0.90534549,
          0.85065427,  0.70694974],
        [-0.32009584,  0.        ,  0.33345392, ...,  0.99364785,
          0.97417978,  0.89614589],
        [-0.61768489, -0.33345392,  0.        , ...,  0.97430279,
          0.99370908,  0.9928296 ],
        ...,
        [-0.90534549, -0.99364785, -0.97430279, ...,  0.        ,
          0.11471094,  0.34009363],
        [-0.85065427, -0.97417978, -0.99370908, ..., -0.11471094,
          0.        ,  0.22997544],
        [-0.70694974, -0.89614589, -0.9928296 , ..., -0.34009363,
         -0.22997544,  0.        ]]]), 'num': array([7.05261683e-01, 7.05261683e-01, 0.00000000e+00, 2.61838533e-02,
       2.70215204e-02, 2.60217242e-02, 7.44713103e-05, 2.70215204e-05,
       2.64702814e-02, 2.49908532e-02, 2.27237476e-02, 1.90952078e-06,
       2.87559227e-02, 2.12257836e-02])}
{'img': array([[[ 0.        , -0.07989615, -0.22704291, ...,  0.75063751,
          0.77642328,  0.78280722],
        [ 0.07989615,  0.        , -0.14850746, ...,  0.80102639,
          0.8242927 ,  0.83002125],
        [ 0.22704291,  0.14850746,  0.        , ...,  0.88104492,
          0.89923192,  0.90364471],
        ...,
        [-0.75063751, -0.80102639, -0.88104492, ...,  0.        ,
          0.03993333,  0.05011696],
        [-0.77642328, -0.8242927 , -0.89923192, ..., -0.03993333,
          0.        ,  0.01019383],
        [-0.78280722, -0.83002125, -0.90364471, ..., -0.05011696,
         -0.01019383,  0.        ]],

       [[ 0.        , -0.02542741,  0.05941538, ...,  0.24178438,
          0.30706262,  0.47926754],
        [ 0.02542741,  0.        ,  0.08477865, ...,  0.26637918,
          0.33116233,  0.50142942],
        [-0.05941538, -0.08477865,  0.        , ...,  0.1837047 ,
          0.24997516,  0.42627381],
        ...,
        [-0.24178438, -0.26637918, -0.1837047 , ...,  0.        ,
          0.06784846,  0.25284105],
        [-0.30706262, -0.33116233, -0.24997516, ..., -0.06784846,
          0.        ,  0.1866145 ],
        [-0.47926754, -0.50142942, -0.42627381, ..., -0.25284105,
         -0.1866145 ,  0.        ]],

       [[ 0.        ,  0.10662716,  0.18863515, ...,  0.99136788,
          0.99982983,  0.98902856],
        [-0.10662716,  0.        ,  0.08284685, ...,  0.99969601,
          0.99216287,  0.96763875],
        [-0.18863515, -0.08284685,  0.        , ...,  0.99830197,
          0.97840028,  0.94340675],
        ...,
        [-0.99136788, -0.99969601, -0.99830197, ...,  0.        ,
         -0.14937553, -0.2761204 ],
        [-0.99982983, -0.99216287, -0.97840028, ...,  0.14937553,
          0.        , -0.12945421],
        [-0.98902856, -0.96763875, -0.94340675, ...,  0.2761204 ,
          0.12945421,  0.        ]],

       ...,

       [[ 0.        , -0.23454982, -0.46110849, ..., -0.44518219,
         -0.3111212 , -0.34680852],
        [ 0.23454982,  0.        , -0.24011913, ..., -0.22273813,
         -0.07953302, -0.11714127],
        [ 0.46110849,  0.24011913,  0.        , ...,  0.01786535,
          0.16215233,  0.12475185],
        ...,
        [ 0.44518219,  0.22273813, -0.01786535, ...,  0.        ,
          0.14449754,  0.10700616],
        [ 0.3111212 ,  0.07953302, -0.16215233, ..., -0.14449754,
          0.        , -0.03778474],
        [ 0.34680852,  0.11714127, -0.12475185, ..., -0.10700616,
          0.03778474,  0.        ]],

       [[ 0.        ,  0.05794264,  0.08166238, ...,  0.9740249 ,
          0.94638977,  0.87245625],
        [-0.05794264,  0.        ,  0.02377606, ...,  0.98550904,
          0.96351679,  0.89930657],
        [-0.08166238, -0.02377606,  0.        , ...,  0.98926341,
          0.96960802,  0.90945006],
        ...,
        [-0.9740249 , -0.98550904, -0.98926341, ...,  0.        ,
          0.10033492,  0.2784386 ],
        [-0.94638977, -0.96351679, -0.96960802, ..., -0.10033492,
          0.        ,  0.18066644],
        [-0.87245625, -0.89930657, -0.90945006, ..., -0.2784386 ,
         -0.18066644,  0.        ]],

       [[ 0.        ,  0.55071751,  0.75093184, ...,  0.85844151,
          0.71477491,  0.45858978],
        [-0.55071751,  0.        ,  0.26311389, ...,  0.99900332,
          0.98176349,  0.87217514],
        [-0.75093184, -0.26311389,  0.        , ...,  0.95205892,
          0.99719048,  0.97015753],
        ...,
        [-0.85844151, -0.99900332, -0.95205892, ...,  0.        ,
          0.23373875,  0.52763644],
        [-0.71477491, -0.98176349, -0.99719048, ..., -0.23373875,
          0.        ,  0.31446649],
        [-0.45858978, -0.87217514, -0.97015753, ..., -0.52763644,
         -0.31446649,  0.        ]]]), 'num': array([ 7.05296581e-01,  7.05296581e-01,  0.00000000e+00,  2.55366003e-02,
        2.65634689e-02,  2.51582803e-02,  6.13689094e-05, -6.48548580e-04,
        2.61202941e-02,  2.51393643e-02,  2.27627040e-02,  1.76816228e-06,
        2.87444647e-02,  2.15342640e-02])}
{'img': array([[[ 0.        , -0.14850746, -0.25130608, ...,  0.8242927 ,
          0.83002125,  0.68400125],
        [ 0.14850746,  0.        , -0.1047779 , ...,  0.89923192,
          0.90364471,  0.78474991],
        [ 0.25130608,  0.1047779 ,  0.        , ...,  0.94011965,
          0.94354532,  0.84537302],
        ...,
        [-0.8242927 , -0.89923192, -0.94011965, ...,  0.        ,
          0.01019383, -0.21404892],
        [-0.83002125, -0.90364471, -0.94354532, ..., -0.01019383,
          0.        , -0.22399537],
        [-0.68400125, -0.78474991, -0.84537302, ...,  0.21404892,
          0.22399537,  0.        ]],

       [[ 0.        ,  0.08477865,  0.20786294, ...,  0.33116233,
          0.50142942,  0.36706241],
        [-0.08477865,  0.        ,  0.12418768, ...,  0.24997516,
          0.42627381,  0.28688012],
        [-0.20786294, -0.12418768,  0.        , ...,  0.12779504,
          0.31063446,  0.16569167],
        ...,
        [-0.33116233, -0.24997516, -0.12779504, ...,  0.        ,
          0.1866145 ,  0.0383045 ],
        [-0.50142942, -0.42627381, -0.31063446, ..., -0.1866145 ,
          0.        , -0.14884593],
        [-0.36706241, -0.28688012, -0.16569167, ..., -0.0383045 ,
          0.14884593,  0.        ]],

       [[ 0.        ,  0.08284685,  0.05146963, ...,  0.99216287,
          0.96763875,  0.91634167],
        [-0.08284685,  0.        , -0.03144435, ...,  0.97840028,
          0.94340675,  0.8800199 ],
        [-0.05146963,  0.03144435,  0.        , ...,  0.98441662,
          0.95336838,  0.89451882],
        ...,
        [-0.99216287, -0.97840028, -0.98441662, ...,  0.        ,
         -0.12945421, -0.28276117],
        [-0.96763875, -0.94340675, -0.95336838, ...,  0.12945421,
          0.        , -0.15621062],
        [-0.91634167, -0.8800199 , -0.89451882, ...,  0.28276117,
          0.15621062,  0.        ]],

       ...,

       [[ 0.        , -0.24011913, -0.45327407, ..., -0.07953302,
         -0.11714127, -0.34152446],
        [ 0.24011913,  0.        , -0.22597755, ...,  0.16215233,
          0.12475185, -0.10585116],
        [ 0.45327407,  0.22597755,  0.        , ...,  0.38094476,
          0.34573704,  0.12159495],
        ...,
        [ 0.07953302, -0.16215233, -0.38094476, ...,  0.        ,
         -0.03778474, -0.26569166],
        [ 0.11714127, -0.12475185, -0.34573704, ...,  0.03778474,
          0.        , -0.22907525],
        [ 0.34152446,  0.10585116, -0.12159495, ...,  0.26569166,
          0.22907525,  0.        ]],

       [[ 0.        ,  0.02377606,  0.03250497, ...,  0.96351679,
          0.89930657,  0.93302616],
        [-0.02377606,  0.        ,  0.00873228, ...,  0.96960802,
          0.90945006,  0.94131723],
        [-0.03250497, -0.00873228,  0.        , ...,  0.97170753,
          0.91304638,  0.94422869],
        ...,
        [-0.96351679, -0.96960802, -0.97170753, ...,  0.        ,
          0.18066644,  0.09695908],
        [-0.89930657, -0.90945006, -0.91304638, ..., -0.18066644,
          0.        , -0.08445165],
        [-0.93302616, -0.94131723, -0.94422869, ..., -0.09695908,
          0.08445165,  0.        ]],

       [[ 0.        ,  0.57754994,  0.76096451, ...,  0.787606  ,
          0.5786056 ,  0.        ],
        [-0.57754994,  0.        ,  0.2465068 , ...,  0.99884063,
          0.94340183,  0.57754994],
        [-0.76096451, -0.2465068 ,  0.        , ...,  0.97988415,
          0.9960439 ,  0.76096451],
        ...,
        [-0.787606  , -0.99884063, -0.97988415, ...,  0.        ,
          0.2858526 ,  0.787606  ],
        [-0.5786056 , -0.94340183, -0.9960439 , ..., -0.2858526 ,
          0.        ,  0.5786056 ],
        [-0.        , -0.57754994, -0.76096451, ..., -0.787606  ,
         -0.5786056 ,  0.        ]]]), 'num': array([7.05272070e-01, 7.05272070e-01, 0.00000000e+00, 2.59410417e-02,
       2.70489403e-02, 2.53465595e-02, 1.31515677e-04, 4.05328776e-04,
       2.59734680e-02, 2.52695470e-02, 2.28110028e-02, 1.84203468e-06,
       2.87901317e-02, 2.17489623e-02])}
{'img': array([[[ 0.        , -0.1047779 , -0.12275155, ...,  0.90364471,
          0.78474991,  0.86205893],
        [ 0.1047779 ,  0.        , -0.01809036, ...,  0.94354532,
          0.84537302,  0.91041614],
        [ 0.12275155,  0.01809036,  0.        , ...,  0.94938323,
          0.85489813,  0.91775102],
        ...,
        [-0.90364471, -0.94354532, -0.94938323, ...,  0.        ,
         -0.22399537, -0.08876933],
        [-0.78474991, -0.84537302, -0.85489813, ...,  0.22399537,
          0.        ,  0.13659737],
        [-0.86205893, -0.91041614, -0.91775102, ...,  0.08876933,
         -0.13659737,  0.        ]],

       [[ 0.        ,  0.12418768, -0.2389198 , ...,  0.42627381,
          0.28688012,  0.84960904],
        [-0.12418768,  0.        , -0.35766138, ...,  0.31063446,
          0.16569167,  0.7775338 ],
        [ 0.2389198 ,  0.35766138,  0.        , ...,  0.63005409,
          0.50744904,  0.95101318],
        ...,
        [-0.42627381, -0.31063446, -0.63005409, ...,  0.        ,
         -0.14884593,  0.54372904],
        [-0.28688012, -0.16569167, -0.50744904, ...,  0.14884593,
          0.        ,  0.66259268],
        [-0.84960904, -0.7775338 , -0.95101318, ..., -0.54372904,
         -0.66259268,  0.        ]],

       [[ 0.        , -0.03144435, -0.06501569, ...,  0.94340675,
          0.8800199 ,  0.85066419],
        [ 0.03144435,  0.        , -0.03360572, ...,  0.95336838,
          0.89451882,  0.86677414],
        [ 0.06501569,  0.03360572,  0.        , ...,  0.9629724 ,
          0.90903634,  0.88304376],
        ...,
        [-0.94340675, -0.95336838, -0.9629724 , ...,  0.        ,
         -0.15621062, -0.21384534],
        [-0.8800199 , -0.89451882, -0.90903634, ...,  0.15621062,
          0.        , -0.05862304],
        [-0.85066419, -0.86677414, -0.88304376, ...,  0.21384534,
          0.05862304,  0.        ]],

       ...,

       [[ 0.        , -0.22597755,  0.01308662, ...,  0.12475185,
         -0.10585116,  0.00963337],
        [ 0.22597755,  0.        ,  0.2387063 , ...,  0.34573704,
          0.12159495,  0.23535125],
        [-0.01308662, -0.2387063 ,  0.        , ...,  0.11175678,
         -0.1188552 , -0.00345347],
        ...,
        [-0.12475185, -0.34573704, -0.11175678, ...,  0.        ,
         -0.22907525, -0.11518795],
        [ 0.10585116, -0.12159495,  0.1188552 , ...,  0.22907525,
          0.        ,  0.1154255 ],
        [-0.00963337, -0.23535125,  0.00345347, ...,  0.11518795,
         -0.1154255 ,  0.        ]],

       [[ 0.        ,  0.00870345, -0.00841809, ...,  0.9567586 ,
          0.96346451,  0.90819953],
        [-0.00870345,  0.        , -0.01712092, ...,  0.95925405,
          0.96575912,  0.91180785],
        [ 0.00841809,  0.01712092,  0.        , ...,  0.95427602,
          0.96117571,  0.90464406],
        ...,
        [-0.9567586 , -0.95925405, -0.95427602, ...,  0.        ,
         -0.02400113,  0.13625943],
        [-0.96346451, -0.96575912, -0.96117571, ...,  0.02400113,
          0.        ,  0.15999745],
        [-0.90819953, -0.91180785, -0.90464406, ..., -0.13625943,
         -0.15999745,  0.        ]],

       [[ 0.        ,  0.56109497,  0.80391148, ...,  0.73542241,
          0.49803151,  0.        ],
        [-0.56109497,  0.        ,  0.33172823, ...,  0.98894992,
          0.89880481,  0.56109497],
        [-0.80391148, -0.33172823,  0.        , ...,  0.98212932,
          0.99332275,  0.80391148],
        ...,
        [-0.73542241, -0.98894992, -0.98212932, ...,  0.        ,
          0.30025751,  0.73542241],
        [-0.49803151, -0.89880481, -0.99332275, ..., -0.30025751,
          0.        ,  0.49803151],
        [-0.        , -0.56109497, -0.80391148, ..., -0.73542241,
         -0.49803151,  0.        ]]]), 'num': array([ 7.71685347e-01,  6.31092423e-01,  1.48148498e-07,  2.81185849e-02,
        2.92741432e-02,  2.80593255e-02,  3.96741677e-05, -3.25926695e-04,
        2.83911781e-02,  2.78519176e-02,  2.50696888e-02,  1.57630002e-06,
        3.15450668e-02,  2.41587684e-02])}
{'img': array([[[ 0.        , -0.01809036,  0.07053605, ...,  0.84537302,
          0.91041614,  0.86377746],
        [ 0.01809036,  0.        ,  0.08856982, ...,  0.85489813,
          0.91775102,  0.87275137],
        [-0.07053605, -0.08856982,  0.        , ...,  0.8055887 ,
          0.87896818,  0.82608474],
        ...,
        [-0.84537302, -0.85489813, -0.8055887 , ...,  0.        ,
          0.13659737,  0.0354485 ],
        [-0.91041614, -0.91775102, -0.87896818, ..., -0.13659737,
          0.        , -0.10139529],
        [-0.86377746, -0.87275137, -0.82608474, ..., -0.0354485 ,
          0.10139529,  0.        ]],

       [[ 0.        , -0.35766138, -0.25538934, ...,  0.16569167,
          0.7775338 , -0.18337834],
        [ 0.35766138,  0.        ,  0.10730504, ...,  0.50744904,
          0.95101318,  0.1803482 ],
        [ 0.25538934, -0.10730504,  0.        , ...,  0.4120563 ,
          0.91234878,  0.07376135],
        ...,
        [-0.16569167, -0.50744904, -0.4120563 , ...,  0.        ,
          0.66259268, -0.34372556],
        [-0.7775338 , -0.95101318, -0.91234878, ..., -0.66259268,
          0.        , -0.87966455],
        [ 0.18337834, -0.1803482 , -0.07376135, ...,  0.34372556,
          0.87966455,  0.        ]],

       [[ 0.        , -0.03360572, -0.09121647, ...,  0.89451882,
          0.86677414,  0.85069446],
        [ 0.03360572,  0.        , -0.05769933, ...,  0.90903634,
          0.88304376,  0.86787916],
        [ 0.09121647,  0.05769933,  0.        , ...,  0.93156617,
          0.90865037,  0.89509688],
        ...,
        [-0.89451882, -0.90903634, -0.93156617, ...,  0.        ,
         -0.05862304, -0.08992699],
        [-0.86677414, -0.88304376, -0.90865037, ...,  0.05862304,
          0.        , -0.0313868 ],
        [-0.85069446, -0.86787916, -0.89509688, ...,  0.08992699,
          0.0313868 ,  0.        ]],

       ...,

       [[ 0.        ,  0.2387063 ,  0.26422788, ...,  0.12159495,
          0.23535125, -0.32529777],
        [-0.2387063 ,  0.        ,  0.02636679, ..., -0.1188552 ,
         -0.00345347, -0.54161745],
        [-0.26422788, -0.02636679,  0.        , ..., -0.14499377,
         -0.02981889, -0.56359374],
        ...,
        [-0.12159495,  0.1188552 ,  0.14499377, ...,  0.        ,
          0.1154255 , -0.43786559],
        [-0.23535125,  0.00345347,  0.02981889, ..., -0.1154255 ,
          0.        , -0.53871115],
        [ 0.32529777,  0.54161745,  0.56359374, ...,  0.43786559,
          0.53871115,  0.        ]],

       [[ 0.        , -0.01712092, -0.03083892, ...,  0.96575912,
          0.91180785,  0.95100608],
        [ 0.01712092,  0.        , -0.01372163, ...,  0.96117571,
          0.90464406,  0.94557337],
        [ 0.03083892,  0.01372163,  0.        , ...,  0.95729891,
          0.89871117,  0.94101921],
        ...,
        [-0.96575912, -0.96117571, -0.95729891, ...,  0.        ,
          0.15999745,  0.05185645],
        [-0.91180785, -0.90464406, -0.89871117, ..., -0.15999745,
          0.        , -0.10859377],
        [-0.95100608, -0.94557337, -0.94101921, ..., -0.05185645,
          0.10859377,  0.        ]],

       [[ 0.        ,  0.6412918 ,  0.84058312, ...,  0.72119575,
          0.56454599,  0.        ],
        [-0.6412918 ,  0.        ,  0.29760038, ...,  0.99761432,
          0.96249779,  0.6412918 ],
        [-0.84058312, -0.29760038,  0.        , ...,  0.97295744,
          0.99962339,  0.84058312],
        ...,
        [-0.72119575, -0.99761432, -0.97295744, ...,  0.        ,
          0.20419743,  0.72119575],
        [-0.56454599, -0.96249779, -0.99962339, ..., -0.20419743,
          0.        ,  0.56454599],
        [-0.        , -0.6412918 , -0.84058312, ..., -0.72119575,
         -0.56454599,  0.        ]]]), 'num': array([ 8.10736745e-01,  5.79563566e-01,  2.51275194e-07,  2.88966474e-02,
        3.00273857e-02,  2.85511440e-02,  7.46601421e-05, -9.10872580e-04,
        2.97949562e-02,  2.96379092e-02,  2.66273183e-02,  1.69127535e-06,
        3.33372058e-02,  2.59386126e-02])}
{'img': array([[[ 0.        ,  0.08856982, -0.57293097, ...,  0.91775102,
          0.87275137,  0.72824351],
        [-0.08856982,  0.        , -0.64327148, ...,  0.87896818,
          0.82608474,  0.66468296],
        [ 0.57293097,  0.64327148,  0.        , ...,  0.97973516,
          0.99499502,  0.98951119],
        ...,
        [-0.91775102, -0.87896818, -0.97973516, ...,  0.        ,
         -0.10139529, -0.33972528],
        [-0.87275137, -0.82608474, -0.99499502, ...,  0.10139529,
          0.        , -0.24260964],
        [-0.72824351, -0.66468296, -0.98951119, ...,  0.33972528,
          0.24260964,  0.        ]],

       [[ 0.        ,  0.10730504,  0.87946865, ...,  0.95101318,
          0.1803482 ,  0.53631439],
        [-0.10730504,  0.        ,  0.82331816, ...,  0.91234878,
          0.07376135,  0.44265037],
        [-0.87946865, -0.82331816,  0.        , ...,  0.18075318,
         -0.7792099 , -0.48702513],
        ...,
        [-0.95101318, -0.91234878, -0.18075318, ...,  0.        ,
         -0.87966455, -0.63687074],
        [-0.1803482 , -0.07376135,  0.7792099 , ...,  0.87966455,
          0.        ,  0.37530318],
        [-0.53631439, -0.44265037,  0.48702513, ...,  0.63687074,
         -0.37530318,  0.        ]],

       [[ 0.        , -0.05769933, -0.2146373 , ...,  0.88304376,
          0.86787916,  0.81634301],
        [ 0.05769933,  0.        , -0.15792514, ...,  0.90865037,
          0.89509688,  0.84830824],
        [ 0.2146373 ,  0.15792514,  0.        , ...,  0.96319067,
          0.95427874,  0.92128469],
        ...,
        [-0.88304376, -0.90865037, -0.96319067, ...,  0.        ,
         -0.0313868 , -0.12691513],
        [-0.86787916, -0.89509688, -0.95427874, ...,  0.0313868 ,
          0.        , -0.0957196 ],
        [-0.81634301, -0.84830824, -0.92128469, ...,  0.12691513,
          0.0957196 ,  0.        ]],

       ...,

       [[ 0.        ,  0.02636679, -0.6374681 , ..., -0.00345347,
         -0.54161745, -0.52239905],
        [-0.02636679,  0.        , -0.65756147, ..., -0.02981889,
         -0.56359374, -0.54470042],
        [ 0.6374681 ,  0.65756147,  0.        , ...,  0.63480348,
          0.11856802,  0.14107345],
        ...,
        [ 0.00345347,  0.02981889, -0.63480348, ...,  0.        ,
         -0.53871115, -0.51945116],
        [ 0.54161745,  0.56359374, -0.11856802, ...,  0.53871115,
          0.        ,  0.02269608],
        [ 0.52239905,  0.54470042, -0.14107345, ...,  0.51945116,
         -0.02269608,  0.        ]],

       [[ 0.        , -0.01372163, -0.02205733, ...,  0.90464406,
          0.94557337,  0.98133201],
        [ 0.01372163,  0.        , -0.00833696, ...,  0.89871117,
          0.94101921,  0.97860065],
        [ 0.02205733,  0.00833696,  0.        , ...,  0.89502384,
          0.93816567,  0.97685116],
        ...,
        [-0.90464406, -0.89871117, -0.89502384, ...,  0.        ,
         -0.10859377, -0.24422989],
        [-0.94557337, -0.94101921, -0.93816567, ...,  0.10859377,
          0.        , -0.1374803 ],
        [-0.98133201, -0.97860065, -0.97685116, ...,  0.24422989,
          0.1374803 ,  0.        ]],

       [[ 0.        ,  0.64094963,  0.69444478, ...,  0.76777423,
          0.57152705,  0.        ],
        [-0.64094963,  0.        ,  0.07185123, ...,  0.99999996,
          0.96464693,  0.64094963],
        [-0.69444478, -0.07185123,  0.        , ...,  0.99739387,
          0.98108974,  0.69444478],
        ...,
        [-0.76777423, -0.99999996, -0.99739387, ...,  0.        ,
          0.26383356,  0.76777423],
        [-0.57152705, -0.96464693, -0.98108974, ..., -0.26383356,
          0.        ,  0.57152705],
        [-0.        , -0.64094963, -0.69444478, ..., -0.76777423,
         -0.57152705,  0.        ]]]), 'num': array([8.53526163e-01, 5.13845036e-01, 3.60213284e-07, 3.08801024e-02,
       3.11093291e-02, 2.97339693e-02, 5.39664993e-05, 7.53173230e-04,
       3.08932011e-02, 3.10749451e-02, 2.78286593e-02, 1.30986649e-06,
       3.45776732e-02, 2.75722169e-02])}
{'img': array([[[ 0.        , -0.64327148, -0.37331007, ...,  0.82608474,
          0.66468296,  0.79510899],
        [ 0.64327148,  0.        ,  0.31094677, ...,  0.99499502,
          0.98951119,  0.99888843],
        [ 0.37331007, -0.31094677,  0.        , ...,  0.97674166,
          0.89554028,  0.96402796],
        ...,
        [-0.82608474, -0.99499502, -0.97674166, ...,  0.        ,
         -0.24260964, -0.05291236],
        [-0.66468296, -0.98951119, -0.89554028, ...,  0.24260964,
          0.        ,  0.19093823],
        [-0.79510899, -0.99888843, -0.96402796, ...,  0.05291236,
         -0.19093823,  0.        ]],

       [[ 0.        ,  0.82331816,  0.59823087, ...,  0.07376135,
          0.44265037,  0.20341999],
        [-0.82331816,  0.        , -0.32020047, ..., -0.7792099 ,
         -0.48702513, -0.69064672],
        [-0.59823087,  0.32020047,  0.        , ..., -0.53749452,
         -0.18172393, -0.42271753],
        ...,
        [-0.07376135,  0.7792099 ,  0.53749452, ...,  0.        ,
          0.37530318,  0.13064675],
        [-0.44265037,  0.48702513,  0.18172393, ..., -0.37530318,
          0.        , -0.2509897 ],
        [-0.20341999,  0.69064672,  0.42271753, ..., -0.13064675,
          0.2509897 ,  0.        ]],

       [[ 0.        , -0.15792514, -0.24539004, ...,  0.89509688,
          0.84830824,  0.82103844],
        [ 0.15792514,  0.        , -0.08921417, ...,  0.95427874,
          0.92128469,  0.90089049],
        [ 0.24539004,  0.08921417,  0.        , ...,  0.97714126,
          0.95230543,  0.93602125],
        ...,
        [-0.89509688, -0.95427874, -0.97714126, ...,  0.        ,
         -0.0957196 , -0.14490876],
        [-0.84830824, -0.92128469, -0.95230543, ...,  0.0957196 ,
          0.        , -0.0495341 ],
        [-0.82103844, -0.90089049, -0.93602125, ...,  0.14490876,
          0.0495341 ,  0.        ]],

       ...,

       [[ 0.        , -0.65756147, -0.75769143, ..., -0.56359374,
         -0.54470042, -0.87712854],
        [ 0.65756147,  0.        , -0.14171226, ...,  0.11856802,
          0.14107345, -0.3450318 ],
        [ 0.75769143,  0.14171226,  0.        , ...,  0.25808403,
          0.27994474, -0.20853984],
        ...,
        [ 0.56359374, -0.11856802, -0.25808403, ...,  0.        ,
          0.02269608, -0.45388479],
        [ 0.54470042, -0.14107345, -0.27994474, ..., -0.02269608,
          0.        , -0.47399145],
        [ 0.87712854,  0.3450318 ,  0.20853984, ...,  0.45388479,
          0.47399145,  0.        ]],

       [[ 0.        , -0.00833696, -0.01851581, ...,  0.94101921,
          0.97860065,  0.99720379],
        [ 0.00833696,  0.        , -0.01017963, ...,  0.93816567,
          0.97685116,  0.99654611],
        [ 0.01851581,  0.01017963,  0.        , ...,  0.93459301,
          0.97462292,  0.99564914],
        ...,
        [-0.94101921, -0.93816567, -0.93459301, ...,  0.        ,
         -0.1374803 , -0.26708444],
        [-0.97860065, -0.97685116, -0.97462292, ...,  0.1374803 ,
          0.        , -0.13206227],
        [-0.99720379, -0.99654611, -0.99564914, ...,  0.26708444,
          0.13206227,  0.        ]],

       [[ 0.        ,  0.30293377,  0.49797504, ...,  0.83284955,
          0.68451383,  0.        ],
        [-0.30293377,  0.        ,  0.21187445, ...,  0.96138896,
          0.87318831,  0.30293377],
        [-0.49797504, -0.21187445,  0.        , ...,  0.99786884,
          0.95662822,  0.49797504],
        ...,
        [-0.83284955, -0.96138896, -0.99786884, ...,  0.        ,
          0.2282692 ,  0.83284955],
        [-0.68451383, -0.87318831, -0.95662822, ..., -0.2282692 ,
          0.        ,  0.68451383],
        [-0.        , -0.30293377, -0.49797504, ..., -0.83284955,
         -0.68451383,  0.        ]]]), 'num': array([ 8.26100911e-01,  5.57270554e-01,  2.85382545e-07,  2.98700397e-02,
        3.00285855e-02,  2.87602187e-02,  4.30610551e-05, -3.17091716e-05,
        2.98954070e-02,  3.02442079e-02,  2.70067015e-02,  1.07519605e-06,
        3.32849571e-02,  2.72034587e-02])}
{'img': array([[[ 0.        ,  0.31094677,  0.40369595, ...,  0.98951119,
          0.99888843,  0.99926007],
        [-0.31094677,  0.        ,  0.09920058, ...,  0.89554028,
          0.96402796,  0.96168366],
        [-0.40369595, -0.09920058,  0.        , ...,  0.84698067,
          0.93290525,  0.92974313],
        ...,
        [-0.98951119, -0.89554028, -0.84698067, ...,  0.        ,
          0.19093823,  0.18240774],
        [-0.99888843, -0.96402796, -0.93290525, ..., -0.19093823,
          0.        , -0.00868304],
        [-0.99926007, -0.96168366, -0.92974313, ..., -0.18240774,
          0.00868304,  0.        ]],

       [[ 0.        , -0.32020047, -0.60026561, ..., -0.48702513,
         -0.69064672, -0.77370558],
