state_0,state_1,state_2,state_3,state_4,state_5,state_6,state_7,state_8,state_9,state_10,state_11,state_12,state_13,state_14,state_15,state_16,state_17,state_18,state_19,state_20,state_21,state_22,state_23,state_24,state_25,state_26,state_27,state_28,state_29,state_30,state_31,state_32,state_33,state_34,state_35,state_36,state_37,state_38,state_39,state_40,state_41,state_42,state_43,state_44,state_45,state_46,state_47,state_48,state_49,state_50,state_51,state_52,state_53,state_54,state_55,state_56,state_57,state_58,state_59,state_60,state_61,state_62,state_63,state_64,state_65,state_66,state_67,state_68,state_69,state_70,state_71,state_72,state_73,state_74,state_75,state_76,state_77,state_78,state_79,state_80,state_81,state_82,state_83,state_84,state_85,state_86,state_87,state_88,state_89,state_90,state_91,state_92,state_93,state_94,state_95,state_96,state_97,state_98,state_99,state_100,state_101,state_102,state_103,state_104,state_105,state_106,state_107,state_108,state_109,state_110,state_111,state_112,state_113,state_114,state_115,state_116,state_117,state_118,state_119,state_120,state_121,state_122,state_123,state_124,state_125,state_126,state_127,state_128,state_129,state_130,state_131,state_132,state_133,state_134,state_135,state_136,state_137,state_138,state_139,state_140,state_141,state_142,state_143,state_144,state_145,state_146,state_147,state_148,state_149,state_150,state_151,state_152,state_153,state_154,state_155,state_156,state_157,state_158,state_159,state_160,state_161,state_162,state_163,state_164,state_165,state_166,state_167,state_168,state_169,state_170,state_171,state_172,state_173,state_174,state_175,state_176,state_177,state_178,state_179,state_180,state_181,state_182,state_183,state_184,state_185,state_186,state_187,state_188,state_189,state_190,state_191,state_192,state_193,state_194,state_195,state_196,state_197,state_198,state_199,state_200,state_201,state_202,state_203,state_204,state_205,state_206,state_207,state_208,state_209,state_210,state_211,state_212,state_213,state_214,state_215,state_216,state_217,state_218,state_219,state_220,state_221,state_222,state_223,state_224,state_225,state_226,state_227,state_228,state_229,state_230,state_231,state_232,state_233,state_234,state_235,state_236,state_237,state_238,state_239,state_240,state_241,state_242,state_243,state_244,state_245,state_246,state_247,state_248,state_249,state_250,state_251,state_252,state_253,state_254,state_255,state_256,state_257,state_258,state_259,state_260,state_261,state_262,state_263,state_264,state_265,state_266,state_267,state_268,state_269,state_270,state_271,state_272,state_273,state_274,state_275,state_276,state_277,state_278,state_279,state_280,state_281,state_282,state_283,state_284,state_285,state_286,state_287
{'img': array([[[ 0.        , -0.02558541, -0.23710324, ..., -0.99999536,
         -0.99794682, -0.99745304],
        [ 0.02558541,  0.        , -0.21216979, ..., -0.99974596,
         -0.99925883, -0.99895143],
        [ 0.23710324,  0.21216979,  0.        , ..., -0.97220238,
         -0.9846758 , -0.98592181],
        ...,
        [ 0.99999536,  0.99974596,  0.97220238, ...,  0.        ,
         -0.061007  , -0.06828675],
        [ 0.99794682,  0.99925883,  0.9846758 , ...,  0.061007  ,
          0.        , -0.00729496],
        [ 0.99745304,  0.99895143,  0.98592181, ...,  0.06828675,
          0.00729496,  0.        ]],

       [[ 0.        , -0.22807511, -0.21054674, ..., -0.14245783,
         -0.37969901, -0.40231873],
        [ 0.22807511,  0.        ,  0.01796506, ...,  0.08704579,
         -0.15869691, -0.18291234],
        [ 0.21054674, -0.01796506,  0.        , ...,  0.06913488,
         -0.17640869, -0.2005448 ],
        ...,
        [ 0.14245783, -0.08704579, -0.06913488, ...,  0.        ,
         -0.24403724, -0.26779533],
        [ 0.37969901,  0.15869691,  0.17640869, ...,  0.24403724,
          0.        , -0.02457479],
        [ 0.40231873,  0.18291234,  0.2005448 , ...,  0.26779533,
          0.02457479,  0.        ]],

       [[ 0.        , -0.61902761, -0.64360787, ..., -0.72695938,
         -0.7556857 , -0.77596184],
        [ 0.61902761,  0.        , -0.03169367, ..., -0.99600569,
         -0.99891479, -0.99988669],
        [ 0.64360787,  0.03169367,  0.        , ..., -0.99833525,
         -0.9998891 , -0.99986147],
        ...,
        [ 0.72695938,  0.99600569,  0.99833525, ...,  0.        ,
          0.04280388,  0.07428652],
        [ 0.7556857 ,  0.99891479,  0.9998891 , ..., -0.04280388,
          0.        ,  0.03153282],
        [ 0.77596184,  0.99988669,  0.99986147, ..., -0.07428652,
         -0.03153282,  0.        ]],

       ...,

       [[ 0.        , -0.07332323, -0.02304196, ...,  0.42879599,
          0.72444964,  0.99579573],
        [ 0.07332323,  0.        ,  0.05032382, ...,  0.49388208,
          0.77304333,  0.98639875],
        [ 0.02304196, -0.05032382,  0.        , ...,  0.44949829,
          0.74014077,  0.99342066],
        ...,
        [-0.42879599, -0.49388208, -0.44949829, ...,  0.        ,
          0.35888782,  0.93888163],
        [-0.72444964, -0.77304333, -0.74014077, ..., -0.35888782,
          0.        ,  0.7527904 ],
        [-0.99579573, -0.98639875, -0.99342066, ..., -0.93888163,
         -0.7527904 ,  0.        ]],

       [[ 0.        , -0.21991294, -0.31275851, ..., -0.26917093,
         -0.19331676, -0.        ],
        [ 0.21991294,  0.        , -0.09622153, ..., -0.47437798,
         -0.40434887, -0.21991294],
        [ 0.31275851,  0.09622153,  0.        , ..., -0.5568827 ,
         -0.49047734, -0.31275851],
        ...,
        [ 0.26917093,  0.47437798,  0.5568827 , ...,  0.        ,
         -0.07791149, -0.26917093],
        [ 0.19331676,  0.40434887,  0.49047734, ...,  0.07791149,
          0.        , -0.19331676],
        [ 0.        ,  0.21991294,  0.31275851, ...,  0.26917093,
          0.19331676,  0.        ]],

       [[ 0.        , -0.67252022, -0.87153363, ..., -0.        ,
         -0.13261207, -0.20035225],
        [ 0.67252022,  0.        , -0.31524282, ..., -0.67252022,
         -0.76472391, -0.80716059],
        [ 0.87153363,  0.31524282,  0.        , ..., -0.87153363,
         -0.9288607 , -0.95210222],
        ...,
        [ 0.        ,  0.67252022,  0.87153363, ...,  0.        ,
          0.13261207,  0.20035225],
        [ 0.13261207,  0.76472391,  0.9288607 , ..., -0.13261207,
          0.        ,  0.06865951],
        [ 0.20035225,  0.80716059,  0.95210222, ..., -0.20035225,
         -0.06865951,  0.        ]]]), 'num': array([ 7.06972307e-01,  7.06972307e-01,  0.00000000e+00,  1.26062532e-05,
        1.36496762e-05,  1.25423701e-05,  1.95016288e-02, -6.49477571e-07,
        1.31045409e-05,  1.29863573e-05,  1.46331201e-05,  5.94773129e-07,
        1.45237014e-05,  1.14490131e-05])}
{'img': array([[[ 0.        , -0.21216979, -0.1166305 , ..., -0.99925883,
         -0.99895143, -0.95970948],
        [ 0.21216979,  0.        ,  0.09674665, ..., -0.9846758 ,
         -0.98592181, -0.99747807],
        [ 0.1166305 , -0.09674665,  0.        , ..., -0.99692885,
         -0.99747361, -0.98593231],
        ...,
        [ 0.99925883,  0.9846758 ,  0.99692885, ...,  0.        ,
         -0.00729496, -0.24384274],
        [ 0.99895143,  0.98592181,  0.99747361, ...,  0.00729496,
          0.        , -0.23676149],
        [ 0.95970948,  0.99747807,  0.98593231, ...,  0.24384274,
          0.23676149,  0.        ]],

       [[ 0.        ,  0.01796506,  0.04661654, ..., -0.15869691,
         -0.18291234, -0.01842272],
        [-0.01796506,  0.        ,  0.02866349, ..., -0.17640869,
         -0.2005448 , -0.03638176],
        [-0.04661654, -0.02866349,  0.        , ..., -0.20455017,
         -0.22854357, -0.06501132],
        ...,
        [ 0.15869691,  0.17640869,  0.20455017, ...,  0.        ,
         -0.02457479,  0.14048072],
        [ 0.18291234,  0.2005448 ,  0.22854357, ...,  0.02457479,
          0.        ,  0.16476938],
        [ 0.01842272,  0.03638176,  0.06501132, ..., -0.14048072,
         -0.16476938,  0.        ]],

       [[ 0.        , -0.05803045, -0.09725307, ..., -0.94884047,
         -0.95878919, -0.94512234],
        [ 0.05803045,  0.        , -0.03933382, ..., -0.96556495,
         -0.97366097, -0.96248914],
        [ 0.09725307,  0.03933382,  0.        , ..., -0.9750509 ,
         -0.98187562, -0.97241636],
        ...,
        [ 0.94884047,  0.96556495,  0.9750509 , ...,  0.        ,
          0.03316022, -0.01157406],
        [ 0.95878919,  0.97366097,  0.98187562, ..., -0.03316022,
          0.        , -0.0447257 ],
        [ 0.94512234,  0.96248914,  0.97241636, ...,  0.01157406,
          0.0447257 ,  0.        ]],

       ...,

       [[ 0.        ,  0.05032382, -0.75715134, ...,  0.77304333,
          0.98639875,  0.86602301],
        [-0.05032382,  0.        , -0.7890655 , ...,  0.74014077,
          0.99342066,  0.8397636 ],
        [ 0.75715134,  0.7890655 ,  0.        , ...,  0.98528383,
          0.51990162,  0.94429925],
        ...,
        [-0.77304333, -0.74014077, -0.98528383, ...,  0.        ,
          0.7527904 ,  0.16283963],
        [-0.98639875, -0.99342066, -0.51990162, ..., -0.7527904 ,
          0.        , -0.63555171],
        [-0.86602301, -0.8397636 , -0.94429925, ..., -0.16283963,
          0.63555171,  0.        ]],

       [[ 0.        , -0.22453799, -0.35748917, ..., -0.32688172,
         -0.26656437, -0.        ],
        [ 0.22453799,  0.        , -0.1386609 , ..., -0.53073796,
         -0.47617129, -0.22453799],
        [ 0.35748917,  0.1386609 ,  0.        , ..., -0.64313108,
         -0.59350325, -0.35748917],
        ...,
        [ 0.32688172,  0.53073796,  0.64313108, ...,  0.        ,
         -0.06313348, -0.32688172],
        [ 0.26656437,  0.47617129,  0.59350325, ...,  0.06313348,
          0.        , -0.26656437],
        [ 0.        ,  0.22453799,  0.35748917, ...,  0.32688172,
          0.26656437,  0.        ]],

       [[ 0.        , -0.70121278, -0.87475723, ..., -0.14212474,
         -0.21463093, -0.30777843],
        [ 0.70121278,  0.        , -0.28387928, ..., -0.79542273,
         -0.83789274, -0.88660582],
        [ 0.87475723,  0.28387928,  0.        , ..., -0.93474552,
         -0.95837308, -0.98143237],
        ...,
        [ 0.14212474,  0.79542273,  0.93474552, ...,  0.        ,
          0.0736396 ,  0.16942836],
        [ 0.21463093,  0.83789274,  0.95837308, ..., -0.0736396 ,
          0.        ,  0.0963934 ],
        [ 0.30777843,  0.88660582,  0.98143237, ..., -0.16942836,
         -0.0963934 ,  0.        ]]]), 'num': array([6.35518028e-01, 6.35518028e-01, 0.00000000e+00, 1.47298531e-05,
       1.47298531e-05, 1.15044077e-05, 4.38444605e-01, 3.39772439e-06,
       1.24021726e-05, 1.17723972e-05, 1.31351559e-05, 7.63132089e-07,
       1.36441980e-05, 9.90059644e-06])}
{'img': array([[[ 0.        ,  0.09674665,  0.25455379, ..., -0.98592181,
         -0.99747807, -0.38368122],
        [-0.09674665,  0.        ,  0.15980001, ..., -0.99747361,
         -0.98593231, -0.47122359],
        [-0.25455379, -0.15980001,  0.        , ..., -0.99600736,
         -0.94655272, -0.6061139 ],
        ...,
        [ 0.98592181,  0.99747361,  0.99600736, ...,  0.        ,
         -0.23676149,  0.84631068],
        [ 0.99747807,  0.98593231,  0.94655272, ...,  0.23676149,
          0.        ,  0.94836859],
        [ 0.38368122,  0.47122359,  0.6061139 , ..., -0.84631068,
         -0.94836859,  0.        ]],

       [[ 0.        ,  0.01898959,  0.24120513, ..., -0.13444733,
         -0.02416648,  0.36529241],
        [-0.01898959,  0.        ,  0.22273273, ..., -0.15324027,
         -0.04314616,  0.38290382],
        [-0.24120513, -0.22273273,  0.        , ..., -0.36949283,
         -0.26458763,  0.57904297],
        ...,
        [ 0.13444733,  0.15324027,  0.36949283, ...,  0.        ,
          0.110461  ,  0.23681977],
        [ 0.02416648,  0.04314616,  0.26458763, ..., -0.110461  ,
          0.        ,  0.34268933],
        [-0.36529241, -0.38290382, -0.57904297, ..., -0.23681977,
         -0.34268933,  0.        ]],

       [[ 0.        , -0.03933382,  0.05162155, ..., -0.97366097,
         -0.96248914, -0.99994156],
        [ 0.03933382,  0.        ,  0.09086298, ..., -0.98187562,
         -0.97241636, -0.99874249],
        [-0.05162155, -0.09086298,  0.        , ..., -0.96059306,
         -0.94719991, -0.99916644],
        ...,
        [ 0.97366097,  0.98187562,  0.96059306, ...,  0.        ,
         -0.0447257 ,  0.23851367],
        [ 0.96248914,  0.97241636,  0.94719991, ...,  0.0447257 ,
          0.        ,  0.28170987],
        [ 0.99994156,  0.99874249,  0.99916644, ..., -0.23851367,
         -0.28170987,  0.        ]],

       ...,

       [[ 0.        , -0.69796184, -0.51164287, ...,  0.78548644,
          0.64656675,  0.94989716],
        [ 0.69796184,  0.        ,  0.23328222, ...,  0.99446813,
          0.99547441,  0.46209778],
        [ 0.51164287, -0.23328222,  0.        , ...,  0.99153351,
          0.94583955,  0.65622951],
        ...,
        [-0.78548644, -0.99446813, -0.99153351, ...,  0.        ,
         -0.19906766,  0.83338498],
        [-0.64656675, -0.99547441, -0.94583955, ...,  0.19906766,
          0.        ,  0.92672869],
        [-0.94989716, -0.46209778, -0.65622951, ..., -0.83338498,
         -0.92672869,  0.        ]],

       [[ 0.        , -0.28365107, -0.40115396, ..., -0.26825053,
         -0.        , -0.40848404],
        [ 0.28365107,  0.        , -0.12485019, ..., -0.53048785,
         -0.28365107, -0.65061351],
        [ 0.40115396,  0.12485019,  0.        , ..., -0.63217168,
         -0.40115396, -0.74033521],
        ...,
        [ 0.26825053,  0.53048785,  0.63217168, ...,  0.        ,
         -0.26825053,  0.14866295],
        [ 0.        ,  0.28365107,  0.40115396, ...,  0.26825053,
          0.        ,  0.40848404],
        [ 0.40848404,  0.65061351,  0.74033521, ..., -0.14866295,
         -0.40848404,  0.        ]],

       [[ 0.        , -0.37348342, -0.57741237, ..., -0.86376989,
         -0.88612612, -0.45429092],
        [ 0.37348342,  0.        , -0.23069747, ..., -0.98945803,
         -0.99509196, -0.75413597],
        [ 0.57741237,  0.23069747,  0.        , ..., -0.99617751,
         -0.99107843, -0.8852968 ],
        ...,
        [ 0.86376989,  0.98945803,  0.99617751, ...,  0.        ,
          0.04619785, -0.54058129],
        [ 0.88612612,  0.99509196,  0.99107843, ..., -0.04619785,
          0.        , -0.57886999],
        [ 0.45429092,  0.75413597,  0.8852968 , ...,  0.54058129,
          0.57886999,  0.        ]]]), 'num': array([6.87103186e-01, 4.02098063e-01, 1.81416373e-04, 1.61201992e-05,
       1.77106708e-05, 1.52377440e-05, 6.05149837e-01, 3.28355427e-07,
       1.39263745e-05, 1.27268511e-05, 1.40727663e-05, 8.47247374e-07,
       1.51859665e-05, 1.02677358e-05])}
{'img': array([[[ 0.00000000e+00,  1.59800008e-01,  3.37481011e-02, ...,
         -9.85932315e-01, -4.71223589e-01, -3.53664393e-01],
        [-1.59800008e-01,  0.00000000e+00, -1.26394563e-01, ...,
         -9.46552721e-01, -6.06113899e-01, -4.98592111e-01],
        [-3.37481011e-02,  1.26394563e-01,  0.00000000e+00, ...,
         -9.79729870e-01, -5.00721457e-01, -3.85029977e-01],
        ...,
        [ 9.85932315e-01,  9.46552721e-01,  9.79729870e-01, ...,
          0.00000000e+00,  9.48368594e-01,  9.81327116e-01],
        [ 4.71223589e-01,  6.06113899e-01,  5.00721457e-01, ...,
         -9.48368594e-01,  0.00000000e+00,  1.28832660e-01],
        [ 3.53664393e-01,  4.98592111e-01,  3.85029977e-01, ...,
         -9.81327116e-01, -1.28832660e-01,  0.00000000e+00]],

       [[ 0.00000000e+00,  1.94989254e-01, -8.17205868e-02, ...,
         -3.78362102e-02,  9.72053291e-01,  3.38586816e-01],
        [-1.94989254e-01,  0.00000000e+00, -2.74489061e-01, ...,
         -2.31959592e-01,  9.99170832e-01,  5.15560015e-01],
        [ 8.17205868e-02,  2.74489061e-01,  0.00000000e+00, ...,
          4.39524124e-02,  9.49617294e-01,  2.60560565e-01],
        ...,
        [ 3.78362102e-02,  2.31959592e-01, -4.39524124e-02, ...,
          0.00000000e+00,  9.62474816e-01,  3.02742952e-01],
        [-9.72053291e-01, -9.99170832e-01, -9.49617294e-01, ...,
         -9.62474816e-01,  0.00000000e+00,  8.35152371e-01],
        [-3.38586816e-01, -5.15560015e-01, -2.60560565e-01, ...,
         -3.02742952e-01, -8.35152371e-01,  0.00000000e+00]],

       [[ 0.00000000e+00,  9.08629806e-02,  6.23306201e-02, ...,
         -9.72416358e-01, -9.98742490e-01, -9.58206074e-01],
        [-9.08629806e-02,  0.00000000e+00, -2.86135192e-02, ...,
         -9.47199906e-01, -9.99166439e-01, -9.80236341e-01],
        [-6.23306201e-02,  2.86135192e-02,  0.00000000e+00, ...,
         -9.55986817e-01, -9.99925388e-01, -9.74174370e-01],
        ...,
        [ 9.72416358e-01,  9.47199906e-01,  9.55986817e-01, ...,
          0.00000000e+00,  2.81709867e-01,  5.01691114e-01],
        [ 9.98742490e-01,  9.99166439e-01,  9.99925388e-01, ...,
         -2.81709867e-01,  0.00000000e+00,  2.37680213e-01],
        [ 9.58206074e-01,  9.80236341e-01,  9.74174370e-01, ...,
         -5.01691114e-01, -2.37680213e-01,  0.00000000e+00]],

       ...,

       [[ 0.00000000e+00,  2.28762414e-01,  2.28220648e-01, ...,
          9.90371736e-01,  7.52582213e-01,  4.54248745e-01],
        [-2.28762414e-01,  0.00000000e+00, -5.56487509e-04, ...,
          9.32440966e-01,  8.83265113e-01,  6.46001797e-01],
        [-2.28220648e-01,  5.56487509e-04,  0.00000000e+00, ...,
          9.32641893e-01,  8.83004054e-01,  6.45576910e-01],
        ...,
        [-9.90371736e-01, -9.32440966e-01, -9.32641893e-01, ...,
          0.00000000e+00,  7.56340670e-01,  9.45180544e-01],
        [-7.52582213e-01, -8.83265113e-01, -8.83004054e-01, ...,
         -7.56340670e-01,  0.00000000e+00,  3.71334573e-01],
        [-4.54248745e-01, -6.46001797e-01, -6.45576910e-01, ...,
         -9.45180544e-01, -3.71334573e-01,  0.00000000e+00]],

       [[ 0.00000000e+00, -2.92768829e-01, -4.21297673e-01, ...,
         -0.00000000e+00, -4.12546741e-01, -5.54551016e-01],
        [ 2.92768829e-01,  0.00000000e+00, -1.37319166e-01, ...,
         -2.92768829e-01, -6.61164078e-01, -7.73879895e-01],
        [ 4.21297673e-01,  1.37319166e-01,  0.00000000e+00, ...,
         -4.21297673e-01, -7.57923288e-01, -8.53517492e-01],
        ...,
        [ 0.00000000e+00,  2.92768829e-01,  4.21297673e-01, ...,
          0.00000000e+00,  4.12546741e-01,  5.54551016e-01],
        [ 4.12546741e-01,  6.61164078e-01,  7.57923288e-01, ...,
         -4.12546741e-01,  0.00000000e+00,  1.61860066e-01],
        [ 5.54551016e-01,  7.73879895e-01,  8.53517492e-01, ...,
         -5.54551016e-01, -1.61860066e-01,  0.00000000e+00]],

       [[ 0.00000000e+00, -2.20370532e-01, -3.89282075e-01, ...,
         -9.97915465e-01, -9.77975064e-01, -7.32240307e-01],
        [ 2.20370532e-01,  0.00000000e+00, -1.76724661e-01, ...,
         -9.59161405e-01, -9.99928879e-01, -8.64321629e-01],
        [ 3.89282075e-01,  1.76724661e-01,  0.00000000e+00, ...,
         -8.94076300e-01, -9.82082657e-01, -9.39599300e-01],
        ...,
        [ 9.97915465e-01,  9.59161405e-01,  8.94076300e-01, ...,
          0.00000000e+00, -2.71399973e-01, -7.26881575e-01],
        [ 9.77975064e-01,  9.99928879e-01,  9.82082657e-01, ...,
          2.71399973e-01,  0.00000000e+00, -5.13211863e-01],
        [ 7.32240307e-01,  8.64321629e-01,  9.39599300e-01, ...,
          7.26881575e-01,  5.13211863e-01,  0.00000000e+00]]]), 'num': array([ 7.98685170e-01,  5.23196829e-01,  1.81242329e-04,  1.83414341e-05,
        2.01876443e-05,  1.82569670e-05,  2.97265946e-01, -6.15403382e-07,
        1.70358136e-05,  1.50743662e-05,  1.65245864e-05,  8.74793048e-07,
        1.82835716e-05,  1.18651607e-05])}
{'img': array([[[ 0.00000000e+00, -1.26394563e-01,  2.79609733e-01, ...,
         -6.06113899e-01, -4.98592111e-01, -6.61675301e-01],
        [ 1.26394563e-01,  0.00000000e+00,  3.98720434e-01, ...,
         -5.00721457e-01, -3.85029977e-01, -5.61599254e-01],
        [-2.79609733e-01, -3.98720434e-01,  0.00000000e+00, ...,
         -8.04333675e-01, -7.21081123e-01, -8.44932271e-01],
        ...,
        [ 6.06113899e-01,  5.00721457e-01,  8.04333675e-01, ...,
          0.00000000e+00,  1.28832660e-01, -7.18234417e-02],
        [ 4.98592111e-01,  3.85029977e-01,  7.21081123e-01, ...,
         -1.28832660e-01,  0.00000000e+00, -1.99724822e-01],
        [ 6.61675301e-01,  5.61599254e-01,  8.44932271e-01, ...,
          7.18234417e-02,  1.99724822e-01,  0.00000000e+00]],

       [[ 0.00000000e+00, -2.74489061e-01, -2.11842954e-01, ...,
          9.99170832e-01,  5.15560015e-01,  7.54286060e-01],
        [ 2.74489061e-01,  0.00000000e+00,  6.45530675e-02, ...,
          9.49617294e-01,  2.60560565e-01,  9.05528772e-01],
        [ 2.11842954e-01, -6.45530675e-02,  0.00000000e+00, ...,
          9.67868351e-01,  3.22340351e-01,  8.76251199e-01],
        ...,
        [-9.99170832e-01, -9.49617294e-01, -9.67868351e-01, ...,
          0.00000000e+00,  8.35152371e-01, -6.86711700e-01],
        [-5.15560015e-01, -2.60560565e-01, -3.22340351e-01, ...,
         -8.35152371e-01,  0.00000000e+00, -9.84801451e-01],
        [-7.54286060e-01, -9.05528772e-01, -8.76251199e-01, ...,
          6.86711700e-01,  9.84801451e-01,  0.00000000e+00]],

       [[ 0.00000000e+00, -2.86135192e-02,  2.18453975e-02, ...,
         -9.99166439e-01, -9.80236341e-01, -9.19355883e-01],
        [ 2.86135192e-02,  0.00000000e+00,  5.04431437e-02, ...,
         -9.99925388e-01, -9.74174370e-01, -9.07722123e-01],
        [-2.18453975e-02, -5.04431437e-02,  0.00000000e+00, ...,
         -9.98036229e-01, -9.84324094e-01, -9.27731057e-01],
        ...,
        [ 9.99166439e-01,  9.99925388e-01,  9.98036229e-01, ...,
          0.00000000e+00,  2.37680213e-01,  4.30628843e-01],
        [ 9.80236341e-01,  9.74174370e-01,  9.84324094e-01, ...,
         -2.37680213e-01,  0.00000000e+00,  2.03775198e-01],
        [ 9.19355883e-01,  9.07722123e-01,  9.27731057e-01, ...,
         -4.30628843e-01, -2.03775198e-01,  0.00000000e+00]],

       ...,

       [[ 0.00000000e+00, -5.56487509e-04,  1.41569503e-01, ...,
          8.83265113e-01,  6.46001797e-01,  9.90256693e-01],
        [ 5.56487509e-04,  0.00000000e+00,  1.42120364e-01, ...,
          8.83004054e-01,  6.45576910e-01,  9.90179047e-01],
        [-1.41569503e-01, -1.42120364e-01,  0.00000000e+00, ...,
          9.40747394e-01,  7.47560555e-01,  9.99997265e-01],
        ...,
        [-8.83265113e-01, -8.83004054e-01, -9.40747394e-01, ...,
          0.00000000e+00,  3.71334573e-01, -3.41307310e-01],
        [-6.46001797e-01, -6.45576910e-01, -7.47560555e-01, ...,
         -3.71334573e-01,  0.00000000e+00, -6.65940127e-01],
        [-9.90256693e-01, -9.90179047e-01, -9.99997265e-01, ...,
          3.41307310e-01,  6.65940127e-01,  0.00000000e+00]],

       [[ 0.00000000e+00, -3.13355888e-01, -4.47403282e-01, ...,
         -4.16923696e-01, -5.60151723e-01, -6.30512635e-01],
        [ 3.13355888e-01,  0.00000000e+00, -1.44625860e-01, ...,
         -6.80747821e-01, -7.91521004e-01, -8.41977604e-01],
        [ 4.47403282e-01,  1.44625860e-01,  0.00000000e+00, ...,
         -7.79531743e-01, -8.71586211e-01, -9.11152855e-01],
        ...,
        [ 4.16923696e-01,  6.80747821e-01,  7.79531743e-01, ...,
          0.00000000e+00,  1.63769707e-01,  2.49491682e-01],
        [ 5.60151723e-01,  7.91521004e-01,  8.71586211e-01, ...,
         -1.63769707e-01,  0.00000000e+00,  8.75323865e-02],
        [ 6.30512635e-01,  8.41977604e-01,  9.11152855e-01, ...,
         -2.49491682e-01, -8.75323865e-02,  0.00000000e+00]],

       [[ 0.00000000e+00, -1.72413021e-01, -2.88225388e-01, ...,
         -9.94199700e-01, -9.85535563e-01, -8.53925630e-01],
        [ 1.72413021e-01,  0.00000000e+00, -1.18812880e-01, ...,
         -9.60768324e-01, -9.99995535e-01, -9.30860761e-01],
        [ 2.88225388e-01,  1.18812880e-01,  0.00000000e+00, ...,
         -9.21009868e-01, -9.92557186e-01, -9.67678311e-01],
        ...,
        [ 9.94199700e-01,  9.60768324e-01,  9.21009868e-01, ...,
          0.00000000e+00, -2.74479908e-01, -6.09216130e-01],
        [ 9.85535563e-01,  9.99995535e-01,  9.92557186e-01, ...,
          2.74479908e-01,  0.00000000e+00, -3.68154138e-01],
        [ 8.53925630e-01,  9.30860761e-01,  9.67678311e-01, ...,
          6.09216130e-01,  3.68154138e-01,  0.00000000e+00]]]), 'num': array([ 7.39996289e-01,  6.66644329e-01,  4.87712500e-05,  1.68392929e-05,
        1.77461963e-05,  1.64474211e-05,  8.93914200e-02, -1.79141414e-07,
        1.63869608e-05,  1.41437744e-05,  1.53029687e-05,  7.84915201e-07,
        1.73655186e-05,  1.09220303e-05])}
{'img': array([[[ 0.        ,  0.39872043,  0.47167327, ..., -0.38502998,
         -0.56159925, -0.60899679],
        [-0.39872043,  0.        ,  0.08097752, ..., -0.72108112,
         -0.84493227, -0.87474838],
        [-0.47167327, -0.08097752,  0.        , ..., -0.77481837,
         -0.88547017, -0.91111552],
        ...,
        [ 0.38502998,  0.72108112,  0.77481837, ...,  0.        ,
         -0.19972482, -0.25665035],
        [ 0.56159925,  0.84493227,  0.88547017, ...,  0.19972482,
          0.        , -0.05844447],
        [ 0.60899679,  0.87474838,  0.91111552, ...,  0.25665035,
          0.05844447,  0.        ]],

       [[ 0.        ,  0.06455307,  0.02205751, ...,  0.26056056,
          0.90552877,  0.45284979],
        [-0.06455307,  0.        , -0.04252586, ...,  0.32234035,
          0.8762512 ,  0.3943506 ],
        [-0.02205751,  0.04252586,  0.        , ...,  0.28179276,
          0.89594979,  0.43307342],
        ...,
        [-0.26056056, -0.32234035, -0.28179276, ...,  0.        ,
         -0.98480145, -0.66951959],
        [-0.90552877, -0.8762512 , -0.89594979, ...,  0.98480145,
          0.        , -0.61522021],
        [-0.45284979, -0.3943506 , -0.43307342, ...,  0.66951959,
          0.61522021,  0.        ]],

       [[ 0.        ,  0.05044314,  0.21881461, ..., -0.97417437,
         -0.90772212, -0.80846476],
        [-0.05044314,  0.        ,  0.16931532, ..., -0.98432409,
         -0.92773106, -0.83712357],
        [-0.21881461, -0.16931532,  0.        , ..., -0.99997436,
         -0.97753325, -0.91765495],
        ...,
        [ 0.97417437,  0.98432409,  0.99997436, ...,  0.        ,
          0.2037752 ,  0.39079611],
        [ 0.90772212,  0.92773106,  0.97753325, ..., -0.2037752 ,
          0.        ,  0.19502588],
        [ 0.80846476,  0.83712357,  0.91765495, ..., -0.39079611,
         -0.19502588,  0.        ]],

       ...,

       [[ 0.        ,  0.14212036,  0.17106801, ...,  0.64557691,
          0.99017905,  0.99855411],
        [-0.14212036,  0.        ,  0.02930617, ...,  0.74756056,
          0.99999727,  0.99605797],
        [-0.17106801, -0.02930617,  0.        , ...,  0.76670443,
          0.99949921,  0.99303055],
        ...,
        [-0.64557691, -0.74756056, -0.76670443, ...,  0.        ,
         -0.66594013, -0.72788752],
        [-0.99017905, -0.99999727, -0.99949921, ...,  0.66594013,
          0.        , -0.08637502],
        [-0.99855411, -0.99605797, -0.99303055, ...,  0.72788752,
          0.08637502,  0.        ]],

       [[ 0.        , -0.33203257, -0.50495817, ..., -0.56665248,
         -0.63756436, -0.6980896 ],
        [ 0.33203257,  0.        , -0.18971898, ..., -0.80808563,
         -0.85719093, -0.89622431],
        [ 0.50495817,  0.18971898,  0.        , ..., -0.90516635,
         -0.93932804, -0.96410703],
        ...,
        [ 0.56665248,  0.80808563,  0.90516635, ...,  0.        ,
          0.08877812,  0.16946667],
        [ 0.63756436,  0.85719093,  0.93932804, ..., -0.08877812,
          0.        ,  0.08130349],
        [ 0.6980896 ,  0.89622431,  0.96410703, ..., -0.16946667,
         -0.08130349,  0.        ]],

       [[ 0.        , -0.1174121 , -0.1880769 , ..., -0.99776583,
         -0.99093599, -0.92693131],
        [ 0.1174121 ,  0.        , -0.07145923, ..., -0.98302047,
         -0.9998545 , -0.96457665],
        [ 0.1880769 ,  0.07145923,  0.        , ..., -0.96739493,
         -0.99851734, -0.98096187],
        ...,
        [ 0.99776583,  0.98302047,  0.96739493, ...,  0.        ,
         -0.20023742, -0.43631936],
        [ 0.99093599,  0.9998545 ,  0.99851734, ...,  0.20023742,
          0.        , -0.24731076],
        [ 0.92693131,  0.96457665,  0.98096187, ...,  0.43631936,
          0.24731076,  0.        ]]]), 'num': array([6.81181755e-01, 6.27661926e-01, 3.30982244e-05, 1.65747380e-05,
       1.75792676e-05, 1.54677054e-05, 3.76871226e-01, 1.15828410e-06,
       1.58900178e-05, 1.31895758e-05, 1.40048165e-05, 7.81870988e-07,
       1.64779255e-05, 9.90122612e-06])}
{'img': array([[[ 0.        ,  0.08097752, -0.2968487 , ..., -0.84493227,
         -0.87474838, -0.55623785],
        [-0.08097752,  0.        , -0.37320125, ..., -0.88547017,
         -0.91111552, -0.62170532],
        [ 0.2968487 ,  0.37320125,  0.        , ..., -0.6480701 ,
         -0.69147251, -0.28447703],
        ...,
        [ 0.84493227,  0.88547017,  0.6480701 , ...,  0.        ,
         -0.05844447,  0.40464148],
        [ 0.87474838,  0.91111552,  0.69147251, ...,  0.05844447,
          0.        ,  0.45739584],
        [ 0.55623785,  0.62170532,  0.28447703, ..., -0.40464148,
         -0.45739584,  0.        ]],

       [[ 0.        , -0.04252586, -0.12886161, ...,  0.8762512 ,
          0.3943506 ,  0.99640251],
        [ 0.04252586,  0.        , -0.08657374, ...,  0.89594979,
          0.43307342,  0.99910507],
        [ 0.12886161,  0.08657374,  0.        , ...,  0.93103809,
          0.50948142,  0.99901571],
        ...,
        [-0.8762512 , -0.89594979, -0.93103809, ...,  0.        ,
         -0.61522021,  0.40586159],
        [-0.3943506 , -0.43307342, -0.50948142, ...,  0.61522021,
          0.        ,  0.88223415],
        [-0.99640251, -0.99910507, -0.99901571, ..., -0.40586159,
         -0.88223415,  0.        ]],

       [[ 0.        ,  0.16931532,  0.33259102, ..., -0.92773106,
         -0.83712357, -0.59332994],
        [-0.16931532,  0.        ,  0.16811265, ..., -0.97753325,
         -0.91765495, -0.72105536],
        [-0.33259102, -0.16811265,  0.        , ..., -0.99905579,
         -0.97139898, -0.82727461],
        ...,
        [ 0.92773106,  0.97753325,  0.99905579, ...,  0.        ,
          0.19502588,  0.52532578],
        [ 0.83712357,  0.91765495,  0.97139898, ..., -0.19502588,
          0.        ,  0.34929078],
        [ 0.59332994,  0.72105536,  0.82727461, ..., -0.52532578,
         -0.34929078,  0.        ]],

       ...,

       [[ 0.        ,  0.02930617, -0.05228142, ...,  0.99999727,
          0.99605797,  0.98794661],
        [-0.02930617,  0.        , -0.08152505, ...,  0.99949921,
          0.99303055,  0.99205872],
        [ 0.05228142,  0.08152505,  0.        , ...,  0.99875193,
          0.99933336,  0.97850258],
        ...,
        [-0.99999727, -0.99949921, -0.99875193, ...,  0.        ,
         -0.08637502,  0.15710505],
        [-0.99605797, -0.99303055, -0.99933336, ...,  0.08637502,
          0.        ,  0.2418203 ],
        [-0.98794661, -0.99205872, -0.97850258, ..., -0.15710505,
         -0.2418203 ,  0.        ]],

       [[ 0.        , -0.39765102, -0.51709222, ..., -0.64557836,
         -0.70649346, -0.78516934],
        [ 0.39765102,  0.        , -0.1340898 , ..., -0.89602558,
         -0.92965911, -0.96667949],
        [ 0.51709222,  0.1340898 ,  0.        , ..., -0.94746993,
         -0.97066501, -0.9922752 ],
        ...,
        [ 0.64557836,  0.89602558,  0.94746993, ...,  0.        ,
          0.0826564 ,  0.19983465],
        [ 0.70649346,  0.92965911,  0.97066501, ..., -0.0826564 ,
          0.        ,  0.11816165],
        [ 0.78516934,  0.96667949,  0.9922752 , ..., -0.19983465,
         -0.11816165,  0.        ]],

       [[ 0.        , -0.07037889, -0.15512728, ..., -0.99602062,
         -0.99997539, -0.96070899],
        [ 0.07037889,  0.        , -0.0852157 , ..., -0.98727844,
         -0.99798953, -0.97786094],
        [ 0.15512728,  0.0852157 ,  0.        , ..., -0.97013786,
         -0.98895849, -0.99213588],
        ...,
        [ 0.99602062,  0.98727844,  0.97013786, ...,  0.        ,
         -0.09610854, -0.36207447],
        [ 0.99997539,  0.99798953,  0.98895849, ...,  0.09610854,
          0.        , -0.27081089],
        [ 0.96070899,  0.97786094,  0.99213588, ...,  0.36207447,
          0.27081089,  0.        ]]]), 'num': array([ 7.25136701e-01,  6.84519612e-01,  2.62553909e-05,  1.69237874e-05,
        1.80505812e-05,  1.68253297e-05,  7.48976815e-02, -7.65782234e-07,
        1.69762982e-05,  1.43031712e-05,  1.49221785e-05,  7.63544260e-07,
        1.79318075e-05,  1.06745349e-05])}
{'img': array([[[ 0.        , -0.37320125, -0.60908696, ..., -0.91111552,
         -0.62170532, -0.8329381 ],
        [ 0.37320125,  0.        , -0.26909347, ..., -0.69147251,
         -0.28447703, -0.56624171],
        [ 0.60908696,  0.26909347,  0.        , ..., -0.47157302,
         -0.01600853, -0.32355796],
        ...,
        [ 0.91111552,  0.69147251,  0.47157302, ...,  0.        ,
          0.45739584,  0.16088418],
        [ 0.62170532,  0.28447703,  0.01600853, ..., -0.45739584,
          0.        , -0.3083691 ],
        [ 0.8329381 ,  0.56624171,  0.32355796, ..., -0.16088418,
          0.3083691 ,  0.        ]],

       [[ 0.        , -0.08657374, -0.04364565, ...,  0.43307342,
          0.99910507,  0.37813958],
        [ 0.08657374,  0.        ,  0.04300946, ...,  0.50948142,
          0.99901571,  0.45686535],
        [ 0.04364565, -0.04300946,  0.        , ...,  0.47200112,
          0.99999909,  0.41818414],
        ...,
        [-0.43307342, -0.50948142, -0.47200112, ...,  0.        ,
          0.88223415, -0.06007773],
        [-0.99910507, -0.99901571, -0.99999909, ..., -0.88223415,
          0.        , -0.90892582],
        [-0.37813958, -0.45686535, -0.41818414, ...,  0.06007773,
          0.90892582,  0.        ]],

       [[ 0.        ,  0.16811265, -0.08547698, ..., -0.91765495,
         -0.72105536, -0.71600496],
        [-0.16811265,  0.        , -0.25175784, ..., -0.97139898,
         -0.82727461, -0.82317326],
        [ 0.08547698,  0.25175784,  0.        , ..., -0.88032978,
         -0.65919133, -0.65371342],
        ...,
        [ 0.91765495,  0.97139898,  0.88032978, ...,  0.        ,
          0.34929078,  0.35608577],
        [ 0.72105536,  0.82727461,  0.65919133, ..., -0.34929078,
          0.        ,  0.00726158],
        [ 0.71600496,  0.82317326,  0.65371342, ..., -0.35608577,
         -0.00726158,  0.        ]],

       ...,

       [[ 0.        , -0.08152505, -0.0460259 , ...,  0.99303055,
          0.99205872,  0.99171796],
        [ 0.08152505,  0.        ,  0.03556596, ...,  0.99933336,
          0.97850258,  0.99888747],
        [ 0.0460259 , -0.03556596,  0.        , ...,  0.99740267,
          0.98521845,  0.99657831],
        ...,
        [-0.99303055, -0.99933336, -0.99740267, ...,  0.        ,
          0.2418203 , -0.01065848],
        [-0.99205872, -0.97850258, -0.98521845, ..., -0.2418203 ,
          0.        , -0.25214871],
        [-0.99171796, -0.99888747, -0.99657831, ...,  0.01065848,
          0.25214871,  0.        ]],

       [[ 0.        , -0.35268116, -0.71157009, ..., -0.71886461,
         -0.79781043, -0.83424841],
        [ 0.35268116,  0.        , -0.41804801, ..., -0.91783927,
         -0.9591804 , -0.97510701],
        [ 0.71157009,  0.41804801,  0.        , ..., -0.99973317,
         -0.98956524, -0.97850731],
        ...,
        [ 0.71886461,  0.91783927,  0.99973317, ...,  0.        ,
          0.12118851,  0.18355399],
        [ 0.79781043,  0.9591804 ,  0.98956524, ..., -0.12118851,
          0.        ,  0.06307164],
        [ 0.83424841,  0.97510701,  0.97850731, ..., -0.18355399,
         -0.06307164,  0.        ]],

       [[ 0.        , -0.0852157 ,  0.07024592, ..., -0.99798953,
         -0.97786094, -0.99774917],
        [ 0.0852157 ,  0.        ,  0.1549956 , ..., -0.98895849,
         -0.99213588, -0.98840561],
        [-0.07024592, -0.1549956 ,  0.        , ..., -0.99997632,
         -0.96074598, -0.99999489],
        ...,
        [ 0.99798953,  0.98895849,  0.99997632, ...,  0.        ,
         -0.27081089,  0.00368545],
        [ 0.97786094,  0.99213588,  0.96074598, ...,  0.27081089,
          0.        ,  0.27435678],
        [ 0.99774917,  0.98840561,  0.99999489, ..., -0.00368545,
         -0.27435678,  0.        ]]]), 'num': array([7.13691731e-01, 6.89178944e-01, 1.54265497e-05, 1.70939940e-05,
       1.76964255e-05, 1.59214041e-05, 1.25205804e-01, 4.51823630e-07,
       1.67325351e-05, 1.43319531e-05, 1.46570151e-05, 7.81693086e-07,
       1.79676175e-05, 1.06962887e-05])}
{'img': array([[[ 0.        , -0.50977689, -0.65998624, ..., -0.52664522,
         -0.79117925, -0.65608749],
        [ 0.50977689,  0.        , -0.18480655, ..., -0.0197226 ,
         -0.36888521, -0.17971554],
        [ 0.65998624,  0.18480655,  0.        , ...,  0.16538772,
         -0.19075807,  0.00517772],
        ...,
        [ 0.52664522,  0.0197226 , -0.16538772, ...,  0.        ,
         -0.35048179, -0.16027909],
        [ 0.79117925,  0.36888521,  0.19075807, ...,  0.35048179,
          0.        ,  0.19583816],
        [ 0.65608749,  0.17971554, -0.00517772, ...,  0.16027909,
         -0.19583816,  0.        ]],

       [[ 0.        ,  0.04300946,  0.03212066, ...,  0.99901571,
          0.45686535,  0.6486205 ],
        [-0.04300946,  0.        , -0.01089633, ...,  0.99999909,
          0.41818414,  0.61528529],
        [-0.03212066,  0.01089633,  0.        , ...,  0.99992502,
          0.42805713,  0.62383839],
        ...,
        [-0.99901571, -0.99999909, -0.99992502, ...,  0.        ,
         -0.90892582, -0.78913418],
        [-0.45686535, -0.41818414, -0.42805713, ...,  0.90892582,
          0.        ,  0.2292455 ],
        [-0.6486205 , -0.61528529, -0.62383839, ...,  0.78913418,
         -0.2292455 ,  0.        ]],

       [[ 0.        , -0.25175784, -0.38336842, ..., -0.82727461,
         -0.82317326, -0.81370832],
        [ 0.25175784,  0.        , -0.13849781, ..., -0.65919133,
         -0.65371342, -0.64115885],
        [ 0.38336842,  0.13849781,  0.        , ..., -0.5486916 ,
         -0.54260627, -0.52869548],
        ...,
        [ 0.82727461,  0.65919133,  0.5486916 , ...,  0.        ,
          0.00726158,  0.02373323],
        [ 0.82317326,  0.65371342,  0.54260627, ..., -0.00726158,
          0.        ,  0.01647307],
        [ 0.81370832,  0.64115885,  0.52869548, ..., -0.02373323,
         -0.01647307,  0.        ]],

       ...,

       [[ 0.        ,  0.03556596,  0.16487755, ...,  0.97850258,
          0.99888747,  0.99841423],
        [-0.03556596,  0.        ,  0.12969403, ...,  0.98521845,
          0.99657831,  0.99978472],
        [-0.16487755, -0.12969403,  0.        , ...,  0.99911429,
          0.97744155,  0.99403161],
        ...,
        [-0.97850258, -0.98521845, -0.99911429, ...,  0.        ,
         -0.25214871, -0.15082363],
        [-0.99888747, -0.99657831, -0.97744155, ...,  0.25214871,
          0.        ,  0.10331401],
        [-0.99841423, -0.99978472, -0.99403161, ...,  0.15082363,
         -0.10331401,  0.        ]],

       [[ 0.        , -0.65093563, -0.7685531 , ..., -0.80760263,
         -0.84390206, -0.874987  ],
        [ 0.65093563,  0.        , -0.16697447, ..., -0.9969521 ,
         -0.98985903, -0.9793796 ],
        [ 0.7685531 ,  0.16697447,  0.        , ..., -0.96992941,
         -0.95224336, -0.93189666],
        ...,
        [ 0.80760263,  0.9969521 ,  0.96992941, ...,  0.        ,
          0.06439526,  0.12500557],
        [ 0.84390206,  0.98985903,  0.95224336, ..., -0.06439526,
          0.        ,  0.06085597],
