state_0,state_1,state_2,state_3,state_4,state_5,state_6,state_7,state_8,state_9,state_10,state_11,state_12,state_13,state_14,state_15,state_16,state_17,state_18,state_19,state_20,state_21,state_22,state_23,state_24,state_25,state_26,state_27,state_28,state_29,state_30,state_31,state_32,state_33,state_34,state_35,state_36,state_37,state_38,state_39,state_40,state_41,state_42,state_43,state_44,state_45,state_46,state_47,state_48,state_49,state_50,state_51,state_52,state_53,state_54,state_55,state_56,state_57,state_58,state_59,state_60,state_61,state_62,state_63,state_64,state_65,state_66,state_67,state_68,state_69,state_70,state_71,state_72,state_73,state_74,state_75,state_76,state_77,state_78,state_79,state_80,state_81,state_82,state_83,state_84,state_85,state_86,state_87,state_88,state_89,state_90,state_91,state_92,state_93,state_94,state_95,state_96,state_97,state_98,state_99,state_100,state_101,state_102,state_103,state_104,state_105,state_106,state_107,state_108,state_109,state_110,state_111,state_112,state_113,state_114,state_115,state_116,state_117,state_118,state_119,state_120,state_121,state_122,state_123,state_124,state_125,state_126,state_127,state_128,state_129,state_130,state_131,state_132,state_133,state_134,state_135,state_136,state_137,state_138,state_139,state_140,state_141,state_142,state_143,state_144,state_145,state_146,state_147,state_148,state_149,state_150,state_151,state_152,state_153,state_154,state_155,state_156,state_157,state_158,state_159,state_160,state_161,state_162,state_163,state_164,state_165,state_166,state_167,state_168,state_169,state_170,state_171,state_172,state_173,state_174,state_175,state_176,state_177,state_178,state_179,state_180,state_181,state_182,state_183,state_184,state_185,state_186,state_187,state_188,state_189,state_190,state_191,state_192,state_193,state_194,state_195,state_196,state_197,state_198,state_199,state_200,state_201,state_202,state_203,state_204,state_205,state_206,state_207,state_208,state_209,state_210,state_211,state_212,state_213,state_214,state_215,state_216,state_217,state_218,state_219,state_220,state_221,state_222,state_223,state_224,state_225,state_226,state_227,state_228,state_229,state_230,state_231,state_232,state_233,state_234,state_235,state_236,state_237,state_238,state_239,state_240,state_241,state_242,state_243,state_244,state_245,state_246,state_247,state_248,state_249,state_250,state_251,state_252,state_253,state_254,state_255,state_256,state_257,state_258,state_259,state_260,state_261,state_262,state_263,state_264,state_265,state_266,state_267,state_268,state_269,state_270,state_271,state_272,state_273,state_274,state_275,state_276,state_277,state_278,state_279,state_280,state_281,state_282,state_283,state_284,state_285,state_286,state_287
{'img': array([[[ 0.00000000e+00, -4.43180011e-02, -2.42385065e-02, ...,
          9.27781115e-01,  5.50130750e-01,  9.49007153e-01],
        [ 4.43180011e-02,  0.00000000e+00,  2.00902891e-02, ...,
          9.10333396e-01,  5.12581221e-01,  9.34103278e-01],
        [ 2.42385065e-02, -2.00902891e-02,  0.00000000e+00, ...,
          9.18464546e-01,  5.29728067e-01,  9.41087039e-01],
        ...,
        [-9.27781115e-01, -9.10333396e-01, -9.18464546e-01, ...,
          0.00000000e+00,  5.69502603e-01, -6.16110083e-02],
        [-5.50130750e-01, -5.12581221e-01, -5.29728067e-01, ...,
         -5.69502603e-01,  0.00000000e+00, -6.19064287e-01],
        [-9.49007153e-01, -9.34103278e-01, -9.41087039e-01, ...,
          6.16110083e-02,  6.19064287e-01,  0.00000000e+00]],

       [[ 0.00000000e+00, -1.17043282e-01, -2.33918937e-01, ...,
          7.09949117e-01,  7.87799778e-01,  4.13826343e-01],
        [ 1.17043282e-01,  0.00000000e+00, -1.18515123e-01, ...,
          7.87497585e-01,  7.10294450e-01,  5.17533073e-01],
        [ 2.33918937e-01,  1.18515123e-01,  0.00000000e+00, ...,
          8.54990469e-01,  6.21865121e-01,  6.15294658e-01],
        ...,
        [-7.09949117e-01, -7.87497585e-01, -8.54990469e-01, ...,
          0.00000000e+00,  9.92090302e-01, -3.54867893e-01],
        [-7.87799778e-01, -7.10294450e-01, -6.21865121e-01, ...,
         -9.92090302e-01,  0.00000000e+00, -9.72066775e-01],
        [-4.13826343e-01, -5.17533073e-01, -6.15294658e-01, ...,
          3.54867893e-01,  9.72066775e-01,  0.00000000e+00]],

       [[ 0.00000000e+00,  2.22528368e-02,  6.08003409e-02, ...,
          9.35349838e-01,  7.89575756e-01,  3.80231443e-01],
        [-2.22528368e-02,  0.00000000e+00,  3.85736174e-02, ...,
          9.42989585e-01,  8.03035760e-01,  4.00718745e-01],
        [-6.08003409e-02, -3.85736174e-02,  0.00000000e+00, ...,
          9.55125933e-01,  8.25425318e-01,  4.35761706e-01],
        ...,
        [-9.35349838e-01, -9.42989585e-01, -9.55125933e-01, ...,
          0.00000000e+00,  2.94688417e-01,  7.30600001e-01],
        [-7.89575756e-01, -8.03035760e-01, -8.25425318e-01, ...,
         -2.94688417e-01,  0.00000000e+00,  4.96941601e-01],
        [-3.80231443e-01, -4.00718745e-01, -4.35761706e-01, ...,
         -7.30600001e-01, -4.96941601e-01,  0.00000000e+00]],

       ...,

       [[ 0.00000000e+00, -2.64868188e-01,  5.47320164e-03, ...,
          1.52191642e-01,  3.45483932e-01,  7.85076565e-02],
        [ 2.64868188e-01,  0.00000000e+00,  2.70141945e-01, ...,
          4.08538800e-01,  5.81703686e-01,  3.39754402e-01],
        [-5.47320164e-03, -2.70141945e-01,  0.00000000e+00, ...,
          1.46779918e-01,  3.40342570e-01,  7.30501719e-02],
        ...,
        [-1.52191642e-01, -4.08538800e-01, -1.46779918e-01, ...,
          0.00000000e+00,  1.98639000e-01, -7.41287827e-02],
        [-3.45483932e-01, -5.81703686e-01, -3.40342570e-01, ...,
         -1.98639000e-01,  0.00000000e+00, -2.70744078e-01],
        [-7.85076565e-02, -3.39754402e-01, -7.30501719e-02, ...,
          7.41287827e-02,  2.70744078e-01,  0.00000000e+00]],

       [[ 0.00000000e+00,  1.70776248e-01,  2.41741664e-01, ...,
          6.42987893e-01,  3.70298826e-01,  0.00000000e+00],
        [-1.70776248e-01,  0.00000000e+00,  7.24793049e-02, ...,
          7.64335783e-01,  5.23495299e-01,  1.70776248e-01],
        [-2.41741664e-01, -7.24793049e-02,  0.00000000e+00, ...,
          8.09061508e-01,  5.83872900e-01,  2.41741664e-01],
        ...,
        [-6.42987893e-01, -7.64335783e-01, -8.09061508e-01, ...,
          0.00000000e+00,  3.13676502e-01,  6.42987893e-01],
        [-3.70298826e-01, -5.23495299e-01, -5.83872900e-01, ...,
         -3.13676502e-01,  0.00000000e+00,  3.70298826e-01],
        [-0.00000000e+00, -1.70776248e-01, -2.41741664e-01, ...,
         -6.42987893e-01, -3.70298826e-01,  0.00000000e+00]],

       [[ 0.00000000e+00, -2.50465665e-03, -2.53662534e-03, ...,
          9.89366874e-01,  9.99694920e-01,  9.99964911e-01],
        [ 2.50465665e-03,  0.00000000e+00, -3.19687954e-05, ...,
          9.88999490e-01,  9.99753648e-01,  9.99940793e-01],
        [ 2.53662534e-03,  3.19687954e-05,  0.00000000e+00, ...,
          9.88994761e-01,  9.99754357e-01,  9.99940444e-01],
        ...,
        [-9.89366874e-01, -9.88999490e-01, -9.88994761e-01, ...,
          0.00000000e+00, -1.69833901e-01, -1.37148178e-01],
        [-9.99694920e-01, -9.99753648e-01, -9.99754357e-01, ...,
          1.69833901e-01,  0.00000000e+00,  3.30732769e-02],
        [-9.99964911e-01, -9.99940793e-01, -9.99940444e-01, ...,
          1.37148178e-01, -3.30732769e-02,  0.00000000e+00]]]), 'num': array([ 7.05360893e-01,  7.05360893e-01,  0.00000000e+00,  6.73606140e-05,
        7.02658361e-05,  6.68876709e-05,  7.02281223e-02, -1.41882938e-06,
        6.94145385e-05,  5.86449478e-05,  4.58450799e-05,  8.90693697e-07,
        7.17357804e-05,  4.55541153e-05])}
{'img': array([[[ 0.00000000e+00,  2.00902891e-02, -1.55231230e-02, ...,
          5.12581221e-01,  9.34103278e-01,  9.60870046e-01],
        [-2.00902891e-02,  0.00000000e+00, -3.56078584e-02, ...,
          5.29728067e-01,  9.41087039e-01,  9.66241115e-01],
        [ 1.55231230e-02,  3.56078584e-02,  0.00000000e+00, ...,
          4.99190705e-01,  9.28448928e-01,  9.56454372e-01],
        ...,
        [-5.12581221e-01, -5.29728067e-01, -4.99190705e-01, ...,
          0.00000000e+00, -6.19064287e-01, -6.83055479e-01],
        [-9.34103278e-01, -9.41087039e-01, -9.28448928e-01, ...,
          6.19064287e-01,  0.00000000e+00, -8.42871929e-02],
        [-9.60870046e-01, -9.66241115e-01, -9.56454372e-01, ...,
          6.83055479e-01,  8.42871929e-02,  0.00000000e+00]],

       [[ 0.00000000e+00, -1.18515123e-01, -6.24559678e-02, ...,
          7.10294450e-01,  5.17533073e-01,  2.88374401e-01],
        [ 1.18515123e-01,  0.00000000e+00,  5.62679548e-02, ...,
          6.21865121e-01,  6.15294658e-01,  3.99822341e-01],
        [ 6.24559678e-02, -5.62679548e-02,  0.00000000e+00, ...,
          6.64944709e-01,  5.69963977e-01,  3.47614110e-01],
        ...,
        [-7.10294450e-01, -6.21865121e-01, -6.64944709e-01, ...,
          0.00000000e+00, -9.72066775e-01, -8.83107619e-01],
        [-5.17533073e-01, -6.15294658e-01, -5.69963977e-01, ...,
          9.72066775e-01,  0.00000000e+00, -2.48795730e-01],
        [-2.88374401e-01, -3.99822341e-01, -3.47614110e-01, ...,
          8.83107619e-01,  2.48795730e-01,  0.00000000e+00]],

       [[ 0.00000000e+00,  3.76369139e-02,  5.80185746e-02, ...,
          8.79796848e-01,  7.40908504e-01,  3.91807121e-01],
        [-3.76369139e-02,  0.00000000e+00,  2.04039526e-02, ...,
          8.97064197e-01,  7.65660733e-01,  4.26157262e-01],
        [-5.80185746e-02, -2.04039526e-02,  0.00000000e+00, ...,
          9.05893956e-01,  7.78626068e-01,  4.44526961e-01],
        ...,
        [-8.79796848e-01, -8.97064197e-01, -9.05893956e-01, ...,
          0.00000000e+00,  2.38686055e-01,  6.23209318e-01],
        [-7.40908504e-01, -7.65660733e-01, -7.78626068e-01, ...,
         -2.38686055e-01,  0.00000000e+00,  4.18530924e-01],
        [-3.91807121e-01, -4.26157262e-01, -4.44526961e-01, ...,
         -6.23209318e-01, -4.18530924e-01,  0.00000000e+00]],

       ...,

       [[ 0.00000000e+00,  2.70141945e-01,  2.53517819e-01, ...,
          5.81703686e-01,  3.39754402e-01,  3.39754402e-01],
        [-2.70141945e-01,  0.00000000e+00, -1.72244467e-02, ...,
          3.40342570e-01,  7.30501719e-02,  7.30501719e-02],
        [-2.53517819e-01,  1.72244467e-02,  0.00000000e+00, ...,
          3.56488253e-01,  9.02177624e-02,  9.02177624e-02],
        ...,
        [-5.81703686e-01, -3.40342570e-01, -3.56488253e-01, ...,
          0.00000000e+00, -2.70744078e-01, -2.70744078e-01],
        [-3.39754402e-01, -7.30501719e-02, -9.02177624e-02, ...,
          2.70744078e-01,  0.00000000e+00,  0.00000000e+00],
        [-3.39754402e-01, -7.30501719e-02, -9.02177624e-02, ...,
          2.70744078e-01,  0.00000000e+00,  0.00000000e+00]],

       [[ 0.00000000e+00,  1.70831152e-01,  2.04434290e-01, ...,
          4.75421116e-01,  3.13567862e-01,  0.00000000e+00],
        [-1.70831152e-01,  0.00000000e+00,  3.42059229e-02, ...,
          6.18722710e-01,  4.71173933e-01,  1.70831152e-01],
        [-2.04434290e-01, -3.42059229e-02,  0.00000000e+00, ...,
          6.45233133e-01,  5.01069208e-01,  2.04434290e-01],
        ...,
        [-4.75421116e-01, -6.18722710e-01, -6.45233133e-01, ...,
          0.00000000e+00,  1.75579682e-01,  4.75421116e-01],
        [-3.13567862e-01, -4.71173933e-01, -5.01069208e-01, ...,
         -1.75579682e-01,  0.00000000e+00,  3.13567862e-01],
        [-0.00000000e+00, -1.70831152e-01, -2.04434290e-01, ...,
         -4.75421116e-01, -3.13567862e-01,  0.00000000e+00]],

       [[ 0.00000000e+00, -3.19687954e-05,  1.19592492e-02, ...,
          9.99753648e-01,  9.99940793e-01,  9.98074681e-01],
        [ 3.19687954e-05,  0.00000000e+00,  1.19912158e-02, ...,
          9.99754357e-01,  9.99940444e-01,  9.98072698e-01],
        [-1.19592492e-02, -1.19912158e-02,  0.00000000e+00, ...,
          9.99416709e-01,  9.99999419e-01,  9.98745060e-01],
        ...,
        [-9.99753648e-01, -9.99754357e-01, -9.99416709e-01, ...,
          0.00000000e+00,  3.30732769e-02,  8.41612021e-02],
        [-9.99940793e-01, -9.99940444e-01, -9.99999419e-01, ...,
         -3.30732769e-02,  0.00000000e+00,  5.11592221e-02],
        [-9.98074681e-01, -9.98072698e-01, -9.98745060e-01, ...,
         -8.41612021e-02, -5.11592221e-02,  0.00000000e+00]]]), 'num': array([9.73847820e-01, 2.21649000e-01, 1.50139485e-04, 9.31169621e-05,
       9.47897219e-05, 9.19088578e-05, 4.99205610e-02, 4.64655499e-07,
       9.57004467e-05, 8.16120919e-05, 6.40062951e-05, 1.20391090e-06,
       1.00137025e-04, 6.30871588e-05])}
{'img': array([[[ 0.        , -0.03560786, -0.14553304, ...,  0.94108704,
          0.96624111,  0.96107132],
        [ 0.03560786,  0.        , -0.11021199, ...,  0.92844893,
          0.95645437,  0.95062338],
        [ 0.14553304,  0.11021199,  0.        , ...,  0.88185356,
          0.91845887,  0.91062833],
        ...,
        [-0.94108704, -0.92844893, -0.88185356, ...,  0.        ,
         -0.08428719, -0.0649774 ],
        [-0.96624111, -0.95645437, -0.91845887, ...,  0.08428719,
          0.        ,  0.0193629 ],
        [-0.96107132, -0.95062338, -0.91062833, ...,  0.0649774 ,
         -0.0193629 ,  0.        ]],

       [[ 0.        ,  0.05626795,  0.08527904, ...,  0.61529466,
          0.39982234,  0.24052993],
        [-0.05626795,  0.        ,  0.02908095, ...,  0.56996398,
          0.34761411,  0.18553284],
        [-0.08527904, -0.02908095,  0.        , ...,  0.54582798,
          0.32019969,  0.15687832],
        ...,
        [-0.61529466, -0.56996398, -0.54582798, ...,  0.        ,
         -0.24879573, -0.40762159],
        [-0.39982234, -0.34761411, -0.32019969, ...,  0.24879573,
          0.        , -0.16761627],
        [-0.24052993, -0.18553284, -0.15687832, ...,  0.40762159,
          0.16761627,  0.        ]],

       [[ 0.        ,  0.02036591,  0.0230178 , ...,  0.77527235,
          0.52993892,  0.42543981],
        [-0.02036591,  0.        ,  0.00265251, ...,  0.78797521,
          0.54710003,  0.44378245],
        [-0.0230178 , -0.00265251,  0.        , ...,  0.78960561,
          0.54931843,  0.44615789],
        ...,
        [-0.77527235, -0.78797521, -0.78960561, ...,  0.        ,
          0.32273494,  0.43289187],
        [-0.52993892, -0.54710003, -0.54931843, ..., -0.32273494,
          0.        ,  0.11879949],
        [-0.42543981, -0.44378245, -0.44615789, ..., -0.43289187,
         -0.11879949,  0.        ]],

       ...,

       [[ 0.        , -0.01722445, -0.26871896, ...,  0.07305017,
          0.07305017,  0.03136682],
        [ 0.01722445,  0.        , -0.25208819, ...,  0.09021776,
          0.09021776,  0.04857813],
        [ 0.26871896,  0.25208819,  0.        , ...,  0.3383643 ,
          0.3383643 ,  0.29879984],
        ...,
        [-0.07305017, -0.09021776, -0.3383643 , ...,  0.        ,
          0.        , -0.04173121],
        [-0.07305017, -0.09021776, -0.3383643 , ...,  0.        ,
          0.        , -0.04173121],
        [-0.03136682, -0.04857813, -0.29879984, ...,  0.04173121,
          0.04173121,  0.        ]],

       [[ 0.        ,  0.11222464,  0.10887874, ...,  0.42783524,
          0.30144788,  0.        ],
        [-0.11222464,  0.        , -0.00336652, ...,  0.52656754,
          0.40654784,  0.11222464],
        [-0.10887874,  0.00336652,  0.        , ...,  0.52370256,
          0.40346978,  0.10887874],
        ...,
        [-0.42783524, -0.52656754, -0.52370256, ...,  0.        ,
          0.13546779,  0.42783524],
        [-0.30144788, -0.40654784, -0.40346978, ..., -0.13546779,
          0.        ,  0.30144788],
        [-0.        , -0.11222464, -0.10887874, ..., -0.42783524,
         -0.30144788,  0.        ]],

       [[ 0.        ,  0.01199122,  0.02299826, ...,  0.99994044,
          0.9980727 ,  0.99235766],
        [-0.01199122,  0.        ,  0.01100856, ...,  0.99999942,
          0.99874506,  0.99376596],
        [-0.02299826, -0.01100856,  0.        , ...,  0.99992696,
          0.99923588,  0.99493305],
        ...,
        [-0.99994044, -0.99999942, -0.99992696, ...,  0.        ,
          0.05115922,  0.11255723],
        [-0.9980727 , -0.99874506, -0.99923588, ..., -0.05115922,
          0.        ,  0.06157572],
        [-0.99235766, -0.99376596, -0.99493305, ..., -0.11255723,
         -0.06157572,  0.        ]]]), 'num': array([9.75260432e-01, 2.14369107e-01, 1.45208268e-04, 9.41930335e-05,
       9.41930335e-05, 9.00586064e-05, 5.39712600e-02, 4.13442704e-06,
       9.28448507e-05, 7.99652117e-05, 6.28837365e-05, 1.18401756e-06,
       9.88716799e-05, 6.10587435e-05])}
{'img': array([[[ 0.        , -0.11021199, -0.4991907 , ...,  0.95645437,
          0.95062338,  0.86769652],
        [ 0.11021199,  0.        , -0.40065186, ...,  0.91845887,
          0.91062833,  0.80762485],
        [ 0.4991907 ,  0.40065186,  0.        , ...,  0.68305548,
          0.66878541,  0.50370737],
        ...,
        [-0.95645437, -0.91845887, -0.68305548, ...,  0.        ,
          0.0193629 ,  0.22218312],
        [-0.95062338, -0.91062833, -0.66878541, ..., -0.0193629 ,
          0.        ,  0.20326254],
        [-0.86769652, -0.80762485, -0.50370737, ..., -0.22218312,
         -0.20326254,  0.        ]],

       [[ 0.        ,  0.02908095, -0.02785606, ...,  0.34761411,
          0.18553284,  0.20983279],
        [-0.02908095,  0.        , -0.05691395, ...,  0.32019969,
          0.15687832,  0.18131051],
        [ 0.02785606,  0.05691395,  0.        , ...,  0.37359811,
          0.21283327,  0.23698727],
        ...,
        [-0.34761411, -0.32019969, -0.37359811, ...,  0.        ,
         -0.16761627, -0.14312815],
        [-0.18553284, -0.15687832, -0.21283327, ...,  0.16761627,
          0.        ,  0.02478731],
        [-0.20983279, -0.18131051, -0.23698727, ...,  0.14312815,
         -0.02478731,  0.        ]],

       [[ 0.        ,  0.00264593, -0.08894208, ...,  0.59745798,
          0.56127027,  0.44279554],
        [-0.00264593,  0.        , -0.09157721, ...,  0.59957766,
          0.56345816,  0.44516639],
        [ 0.08894208,  0.09157721,  0.        , ...,  0.52376746,
          0.48543448,  0.36129317],
        ...,
        [-0.59745798, -0.59957766, -0.52376746, ...,  0.        ,
          0.04439294,  0.1806165 ],
        [-0.56127027, -0.56345816, -0.48543448, ..., -0.04439294,
          0.        ,  0.13677561],
        [-0.44279554, -0.44516639, -0.36129317, ..., -0.1806165 ,
         -0.13677561,  0.        ]],

       ...,

       [[ 0.        , -0.25208819, -0.60009768, ...,  0.09021776,
          0.04857813,  0.08845748],
        [ 0.25208819,  0.        , -0.37906501, ...,  0.3383643 ,
          0.29879984,  0.33670067],
        [ 0.60009768,  0.37906501,  0.        , ...,  0.66981812,
          0.63824815,  0.66850477],
        ...,
        [-0.09021776, -0.3383643 , -0.66981812, ...,  0.        ,
         -0.04173121, -0.00176735],
        [-0.04857813, -0.29879984, -0.63824815, ...,  0.04173121,
          0.        ,  0.03996534],
        [-0.08845748, -0.33670067, -0.66850477, ...,  0.00176735,
         -0.03996534,  0.        ]],

       [[ 0.        , -0.0167023 ,  0.03592903, ...,  0.4815817 ,
          0.38096218,  0.02997662],
        [ 0.0167023 ,  0.        ,  0.05261553, ...,  0.46687661,
          0.36546624,  0.01327764],
        [-0.03592903, -0.05261553,  0.        , ...,  0.51275901,
          0.41393585,  0.06587015],
        ...,
        [-0.4815817 , -0.46687661, -0.51275901, ...,  0.        ,
          0.11139022,  0.45509373],
        [-0.38096218, -0.36546624, -0.41393585, ..., -0.11139022,
          0.        ,  0.35307487],
        [-0.02997662, -0.01327764, -0.06587015, ..., -0.45509373,
         -0.35307487,  0.        ]],

       [[ 0.        ,  0.01100856,  0.00484274, ...,  0.99874506,
          0.99376596,  0.99292072],
        [-0.01100856,  0.        , -0.00616599, ...,  0.99923588,
          0.99493305,  0.99416814],
        [-0.00484274,  0.00616599,  0.        , ...,  0.99897589,
          0.99429421,  0.99348429],
        ...,
        [-0.99874506, -0.99923588, -0.99897589, ...,  0.        ,
          0.06157572,  0.06890149],
        [-0.99376596, -0.99493305, -0.99429421, ..., -0.06157572,
          0.        ,  0.00734136],
        [-0.99292072, -0.99416814, -0.99348429, ..., -0.06890149,
         -0.00734136,  0.        ]]]), 'num': array([9.41155280e-01, 2.88032624e-02, 1.67711768e-04, 9.10076826e-05,
       9.80340110e-05, 8.20574785e-05, 3.36744753e-01, 3.34587068e-06,
       8.62063582e-05, 7.55372130e-05, 5.95007336e-05, 1.08704482e-06,
       9.43264797e-05, 5.67479464e-05])}
{'img': array([[[ 0.00000000e+00, -4.00651863e-01, -6.34062986e-02, ...,
          9.10628331e-01,  8.07624855e-01,  6.15911654e-01],
        [ 4.00651863e-01,  0.00000000e+00,  3.41750894e-01, ...,
          6.68785409e-01,  5.03707371e-01,  2.48677321e-01],
        [ 6.34062986e-02, -3.41750894e-01,  0.00000000e+00, ...,
          8.82594806e-01,  7.68609270e-01,  5.64719867e-01],
        ...,
        [-9.10628331e-01, -6.68785409e-01, -8.82594806e-01, ...,
          0.00000000e+00,  2.03262544e-01,  4.62895922e-01],
        [-8.07624855e-01, -5.03707371e-01, -7.68609270e-01, ...,
         -2.03262544e-01,  0.00000000e+00,  2.73058144e-01],
        [-6.15911654e-01, -2.48677321e-01, -5.64719867e-01, ...,
         -4.62895922e-01, -2.73058144e-01,  0.00000000e+00]],

       [[ 0.00000000e+00, -5.69139463e-02, -9.93660796e-02, ...,
          1.56878319e-01,  1.81310512e-01,  8.03171543e-01],
        [ 5.69139463e-02,  0.00000000e+00, -4.25727399e-02, ...,
          2.12833268e-01,  2.36987272e-01,  8.35776032e-01],
        [ 9.93660796e-02,  4.25727399e-02,  0.00000000e+00, ...,
          2.54237643e-01,  2.78132372e-01,  8.58393729e-01],
        ...,
        [-1.56878319e-01, -2.12833268e-01, -2.54237643e-01, ...,
          0.00000000e+00,  2.47873114e-02,  6.99766706e-01],
        [-1.81310512e-01, -2.36987272e-01, -2.78132372e-01, ...,
         -2.47873114e-02,  0.00000000e+00,  6.81844354e-01],
        [-8.03171543e-01, -8.35776032e-01, -8.58393729e-01, ...,
         -6.99766706e-01, -6.81844354e-01,  0.00000000e+00]],

       [[ 0.00000000e+00, -9.15772118e-02, -1.45405410e-01, ...,
          5.63458164e-01,  4.45166385e-01,  5.48158056e-01],
        [ 9.15772118e-02,  0.00000000e+00, -5.41904697e-02, ...,
          4.85434482e-01,  3.61293167e-01,  4.69261816e-01],
        [ 1.45405410e-01,  5.41904697e-02,  0.00000000e+00, ...,
          4.37343925e-01,  3.10232263e-01,  4.20718904e-01],
        ...,
        [-5.63458164e-01, -4.85434482e-01, -4.37343925e-01, ...,
          0.00000000e+00,  1.36775608e-01,  1.84043711e-02],
        [-4.45166385e-01, -3.61293167e-01, -3.10232263e-01, ...,
         -1.36775608e-01,  0.00000000e+00, -1.18521034e-01],
        [-5.48158056e-01, -4.69261816e-01, -4.20718904e-01, ...,
         -1.84043711e-02,  1.18521034e-01,  0.00000000e+00]],

       ...,

       [[ 0.00000000e+00, -3.79065006e-01, -1.18108772e-01, ...,
          2.98799839e-01,  3.36700670e-01,  3.05881300e-01],
        [ 3.79065006e-01,  0.00000000e+00,  2.67117482e-01, ...,
          6.38248147e-01,  6.68504772e-01,  6.43949682e-01],
        [ 1.18108772e-01, -2.67117482e-01,  0.00000000e+00, ...,
          4.09421507e-01,  4.45556595e-01,  4.16188112e-01],
        ...,
        [-2.98799839e-01, -6.38248147e-01, -4.09421507e-01, ...,
          0.00000000e+00,  3.99653365e-02,  7.42909886e-03],
        [-3.36700670e-01, -6.68504772e-01, -4.45556595e-01, ...,
         -3.99653365e-02,  0.00000000e+00, -3.25410701e-02],
        [-3.05881300e-01, -6.43949682e-01, -4.16188112e-01, ...,
         -7.42909886e-03,  3.25410701e-02,  0.00000000e+00]],

       [[ 0.00000000e+00,  5.16064826e-02,  5.21746271e-02, ...,
          5.18036432e-01,  3.94418289e-01,  1.30229009e-02],
        [-5.16064826e-02,  0.00000000e+00,  5.68910960e-04, ...,
          5.61488193e-01,  4.41315523e-01,  6.46076541e-02],
        [-5.21746271e-02, -5.68910960e-04,  0.00000000e+00, ...,
          5.61958868e-01,  4.41825965e-01,  6.51753660e-02],
        ...,
        [-5.18036432e-01, -5.61488193e-01, -5.61958868e-01, ...,
          0.00000000e+00,  1.38670688e-01,  5.06853252e-01],
        [-3.94418289e-01, -4.41315523e-01, -4.41825965e-01, ...,
         -1.38670688e-01,  0.00000000e+00,  3.82417694e-01],
        [-1.30229009e-02, -6.46076541e-02, -6.51753660e-02, ...,
         -5.06853252e-01, -3.82417694e-01,  0.00000000e+00]],

       [[ 0.00000000e+00, -6.16598707e-03, -5.81630038e-03, ...,
          9.94933048e-01,  9.94168138e-01,  9.95557945e-01],
        [ 6.16598707e-03,  0.00000000e+00,  3.49692962e-04, ...,
          9.94294208e-01,  9.93484292e-01,  9.94958487e-01],
        [ 5.81630038e-03, -3.49692962e-04,  0.00000000e+00, ...,
          9.94331450e-01,  9.93524085e-01,  9.94993496e-01],
        ...,
        [-9.94933048e-01, -9.94294208e-01, -9.94331450e-01, ...,
          0.00000000e+00,  7.34136128e-03, -6.41932244e-03],
        [-9.94168138e-01, -9.93484292e-01, -9.93524085e-01, ...,
         -7.34136128e-03,  0.00000000e+00, -1.37603595e-02],
        [-9.95557945e-01, -9.94958487e-01, -9.94993496e-01, ...,
          6.41932244e-03,  1.37603595e-02,  0.00000000e+00]]]), 'num': array([9.92817602e-01, 8.67324682e-04, 1.74332210e-04, 9.60075762e-05,
       9.70199584e-05, 9.21267778e-05, 1.19634315e-01, 4.21825906e-06,
       8.89715201e-05, 7.75906571e-05, 6.10944520e-05, 1.28348248e-06,
       9.79898788e-05, 5.71914354e-05])}
{'img': array([[[ 0.00000000e+00,  3.33801493e-01,  3.11870288e-01, ...,
          6.31272512e-01,  4.83559088e-01,  0.00000000e+00],
        [-3.33801493e-01,  0.00000000e+00, -2.31705728e-02, ...,
          8.53948314e-01,  7.48004138e-01,  3.33801493e-01],
        [-3.11870288e-01,  2.31705728e-02,  0.00000000e+00, ...,
          8.41662062e-01,  7.32425146e-01,  3.11870288e-01],
        ...,
        [-6.31272512e-01, -8.53948314e-01, -8.41662062e-01, ...,
          0.00000000e+00,  1.77530612e-01,  6.31272512e-01],
        [-4.83559088e-01, -7.48004138e-01, -7.32425146e-01, ...,
         -1.77530612e-01,  0.00000000e+00,  4.83559088e-01],
        [-0.00000000e+00, -3.33801493e-01, -3.11870288e-01, ...,
         -6.31272512e-01, -4.83559088e-01,  0.00000000e+00]],

       [[ 0.00000000e+00, -4.25727399e-02, -6.58914779e-02, ...,
          2.36987272e-01,  8.35776032e-01,  4.65161943e-01],
        [ 4.25727399e-02,  0.00000000e+00, -2.33515181e-02, ...,
          2.78132372e-01,  8.58393729e-01,  5.02426693e-01],
        [ 6.58914779e-02,  2.33515181e-02,  0.00000000e+00, ...,
          3.00486661e-01,  8.70138787e-01,  5.22479874e-01],
        ...,
        [-2.36987272e-01, -2.78132372e-01, -3.00486661e-01, ...,
          0.00000000e+00,  6.81844354e-01,  2.42123561e-01],
        [-8.35776032e-01, -8.58393729e-01, -8.70138787e-01, ...,
         -6.81844354e-01,  0.00000000e+00, -4.84443636e-01],
        [-4.65161943e-01, -5.02426693e-01, -5.22479874e-01, ...,
         -2.42123561e-01,  4.84443636e-01,  0.00000000e+00]],

       [[ 0.00000000e+00, -5.33272320e-02, -1.34095768e-01, ...,
          6.56642844e-01,  6.71063992e-01,  3.55887270e-01],
        [ 5.33272320e-02,  0.00000000e+00, -8.10593609e-02, ...,
          6.15489013e-01,  6.30572349e-01,  3.05545035e-01],
        [ 1.34095768e-01,  8.10593609e-02,  0.00000000e+00, ...,
          5.49577041e-01,  5.65584669e-01,  2.27356661e-01],
        ...,
        [-6.56642844e-01, -6.15489013e-01, -5.49577041e-01, ...,
          0.00000000e+00, -1.92829582e-02,  3.45240933e-01],
        [-6.71063992e-01, -6.30572349e-01, -5.65584669e-01, ...,
          1.92829582e-02,  0.00000000e+00,  3.63274069e-01],
        [-3.55887270e-01, -3.05545035e-01, -2.27356661e-01, ...,
         -3.45240933e-01, -3.63274069e-01,  0.00000000e+00]],

       ...,

       [[ 0.00000000e+00,  2.67117482e-01,  3.23681563e-01, ...,
          6.68504772e-01,  6.43949682e-01,  9.08493269e-01],
        [-2.67117482e-01,  0.00000000e+00,  5.91827606e-02, ...,
          4.45556595e-01,  4.16188112e-01,  7.63853974e-01],
        [-3.23681563e-01, -5.91827606e-02,  0.00000000e+00, ...,
          3.91792018e-01,  3.61644989e-01,  7.24319154e-01],
        ...,
        [-6.68504772e-01, -4.45556595e-01, -3.91792018e-01, ...,
          0.00000000e+00, -3.25410701e-02,  3.96285778e-01],
        [-6.43949682e-01, -4.16188112e-01, -3.61644989e-01, ...,
          3.25410701e-02,  0.00000000e+00,  4.25952746e-01],
        [-9.08493269e-01, -7.63853974e-01, -7.24319154e-01, ...,
         -3.96285778e-01, -4.25952746e-01,  0.00000000e+00]],

       [[ 0.00000000e+00,  5.56105628e-04, -4.81856331e-02, ...,
          5.96861240e-01,  4.68970926e-01,  6.31563821e-02],
        [-5.56105628e-04,  0.00000000e+00, -4.87410853e-02, ...,
          5.97307336e-01,  4.69462014e-01,  6.37113678e-02],
        [ 4.81856331e-02,  4.87410853e-02,  0.00000000e+00, ...,
          5.57506448e-01,  4.25867962e-01,  1.49935822e-02],
        ...,
        [-5.96861240e-01, -5.97307336e-01, -5.57506448e-01, ...,
          0.00000000e+00,  1.50879735e-01,  5.44996518e-01],
        [-4.68970926e-01, -4.69462014e-01, -4.25867962e-01, ...,
         -1.50879735e-01,  0.00000000e+00,  4.12254117e-01],
        [-6.31563821e-02, -6.37113678e-02, -1.49935822e-02, ...,
         -5.44996518e-01, -4.12254117e-01,  0.00000000e+00]],

       [[ 0.00000000e+00,  3.49692962e-04, -3.16662188e-03, ...,
          9.93484292e-01,  9.94958487e-01,  9.95679789e-01],
        [-3.49692962e-04,  0.00000000e+00, -3.51631289e-03, ...,
          9.93524085e-01,  9.94993496e-01,  9.95712199e-01],
        [ 3.16662188e-03,  3.51631289e-03,  0.00000000e+00, ...,
          9.93118414e-01,  9.94635925e-01,  9.95380766e-01],
        ...,
        [-9.93484292e-01, -9.93524085e-01, -9.93118414e-01, ...,
          0.00000000e+00, -1.37603595e-02, -2.12283432e-02],
        [-9.94958487e-01, -9.94993496e-01, -9.94635925e-01, ...,
          1.37603595e-02,  0.00000000e+00, -7.46907468e-03],
        [-9.95679789e-01, -9.95712199e-01, -9.95380766e-01, ...,
          2.12283432e-02,  7.46907468e-03,  0.00000000e+00]]]), 'num': array([8.53329824e-01, 6.46677734e-04, 1.29982187e-04, 8.25283726e-05,
       8.52960924e-05, 6.95704117e-05, 5.21371019e-01, 1.09450738e-05,
       7.03000833e-05, 5.94871052e-05, 4.65752729e-05, 1.00154206e-06,
       7.76397499e-05, 4.13344604e-05])}
{'img': array([[[ 0.00000000e+00, -4.64249519e-02, -4.64249519e-02, ...,
          9.19653373e-01,  8.61592935e-01,  1.57700643e-01],
        [ 4.64249519e-02,  0.00000000e+00,  0.00000000e+00, ...,
          9.00429265e-01,  8.37098650e-01,  1.11686572e-01],
        [ 4.64249519e-02,  0.00000000e+00,  0.00000000e+00, ...,
          9.00429265e-01,  8.37098650e-01,  1.11686572e-01],
        ...,
        [-9.19653373e-01, -9.00429265e-01, -9.00429265e-01, ...,
          0.00000000e+00,  1.28441628e-01,  8.46211781e-01],
        [-8.61592935e-01, -8.37098650e-01, -8.37098650e-01, ...,
         -1.28441628e-01,  0.00000000e+00,  7.70762969e-01],
        [-1.57700643e-01, -1.11686572e-01, -1.11686572e-01, ...,
         -8.46211781e-01, -7.70762969e-01,  0.00000000e+00]],

       [[ 0.00000000e+00, -2.33515181e-02, -1.26035407e-01, ...,
          8.58393729e-01,  5.02426693e-01,  9.92938585e-01],
        [ 2.33515181e-02,  0.00000000e+00, -1.02835732e-01, ...,
          8.70138787e-01,  5.22479874e-01,  9.89897647e-01],
        [ 1.26035407e-01,  1.02835732e-01,  0.00000000e+00, ...,
          9.16203760e-01,  6.07392923e-01,  9.70069117e-01],
        ...,
        [-8.58393729e-01, -8.70138787e-01, -9.16203760e-01, ...,
          0.00000000e+00, -4.84443636e-01,  6.11199831e-01],
        [-5.02426693e-01, -5.22479874e-01, -6.07392923e-01, ...,
          4.84443636e-01,  0.00000000e+00,  9.18117016e-01],
        [-9.92938585e-01, -9.89897647e-01, -9.70069117e-01, ...,
         -6.11199831e-01, -9.18117016e-01,  0.00000000e+00]],

       [[ 0.00000000e+00, -7.76004651e-02, -1.71235898e-01, ...,
          8.33289389e-01,  7.70264389e-01,  2.92998657e-01],
        [ 7.76004651e-02,  0.00000000e+00, -9.42652315e-02, ...,
          7.87876224e-01,  7.18453953e-01,  2.17920328e-01],
        [ 1.71235898e-01,  9.42652315e-02,  0.00000000e+00, ...,
          7.26316206e-01,  6.49686270e-01,  1.24950241e-01],
        ...,
        [-8.33289389e-01, -7.87876224e-01, -7.26316206e-01, ...,
          0.00000000e+00,  1.05578526e-01,  6.34738184e-01],
        [-7.70264389e-01, -7.18453953e-01, -6.49686270e-01, ...,
         -1.05578526e-01,  0.00000000e+00,  5.49607206e-01],
        [-2.92998657e-01, -2.17920328e-01, -1.24950241e-01, ...,
         -6.34738184e-01, -5.49607206e-01,  0.00000000e+00]],

       ...,

       [[ 0.00000000e+00,  5.91827606e-02,  6.95152528e-03, ...,
          4.16188112e-01,  7.63853974e-01,  8.63196942e-01],
        [-5.91827606e-02,  0.00000000e+00, -5.22419903e-02, ...,
          3.61644989e-01,  7.24319154e-01,  8.31804457e-01],
        [-6.95152528e-03,  5.22419903e-02,  0.00000000e+00, ...,
          4.09857183e-01,  7.59349079e-01,  8.59666488e-01],
        ...,
        [-4.16188112e-01, -3.61644989e-01, -4.09857183e-01, ...,
          0.00000000e+00,  4.25952746e-01,  5.74766664e-01],
        [-7.63853974e-01, -7.24319154e-01, -7.59349079e-01, ...,
         -4.25952746e-01,  0.00000000e+00,  1.71452979e-01],
        [-8.63196942e-01, -8.31804457e-01, -8.59666488e-01, ...,
         -5.74766664e-01, -1.71452979e-01,  0.00000000e+00]],

       [[ 0.00000000e+00, -4.65647087e-02, -4.77748104e-02, ...,
          7.12058889e-01,  6.13848928e-01,  6.08682987e-02],
        [ 4.65647087e-02,  0.00000000e+00, -1.21144987e-03, ...,
          6.78592500e-01,  5.76423795e-01,  1.43239047e-02],
        [ 4.77748104e-02,  1.21144987e-03,  0.00000000e+00, ...,
          6.77702174e-01,  5.75433434e-01,  1.31125686e-02],
        ...,
        [-7.12058889e-01, -6.78592500e-01, -6.77702174e-01, ...,
          0.00000000e+00,  1.31120580e-01,  6.68001759e-01],
        [-6.13848928e-01, -5.76423795e-01, -5.75433434e-01, ...,
         -1.31120580e-01,  0.00000000e+00,  5.64659866e-01],
        [-6.08682987e-02, -1.43239047e-02, -1.31125686e-02, ...,
         -6.68001759e-01, -5.64659866e-01,  0.00000000e+00]],

       [[ 0.00000000e+00, -3.51631289e-03, -3.89272295e-03, ...,
          9.94993496e-01,  9.95712199e-01,  9.92678130e-01],
        [ 3.51631289e-03,  0.00000000e+00, -3.76412630e-04, ...,
          9.94635925e-01,  9.95380766e-01,  9.93096727e-01],
        [ 3.89272295e-03,  3.76412630e-04,  0.00000000e+00, ...,
          9.94596919e-01,  9.95344557e-01,  9.93140809e-01],
        ...,
        [-9.94993496e-01, -9.94635925e-01, -9.94596919e-01, ...,
          0.00000000e+00, -7.46907468e-03, -2.19392834e-01],
        [-9.95712199e-01, -9.95380766e-01, -9.95344557e-01, ...,
          7.46907468e-03,  0.00000000e+00, -2.12099612e-01],
        [-9.92678130e-01, -9.93096727e-01, -9.93140809e-01, ...,
          2.19392834e-01,  2.12099612e-01,  0.00000000e+00]]]), 'num': array([ 9.39824075e-01,  2.78958818e-04,  1.55040448e-04,  9.08914691e-05,
        1.07989864e-04,  9.08914691e-05,  3.41658528e-01, -7.49929613e-06,
        8.69618380e-05,  7.25744383e-05,  5.65934383e-05,  1.11040303e-06,
        9.49990079e-05,  5.01498688e-05])}
{'img': array([[[ 0.00000000e+00,  0.00000000e+00, -1.11686572e-01, ...,
          8.37098650e-01,  1.11686572e-01,  6.95804730e-01],
        [ 0.00000000e+00,  0.00000000e+00, -1.11686572e-01, ...,
          8.37098650e-01,  1.11686572e-01,  6.95804730e-01],
        [ 1.11686572e-01,  1.11686572e-01,  0.00000000e+00, ...,
          7.70762969e-01,  0.00000000e+00,  6.11234657e-01],
        ...,
        [-8.37098650e-01, -8.37098650e-01, -7.70762969e-01, ...,
          0.00000000e+00,  7.70762969e-01,  2.20588862e-01],
        [-1.11686572e-01, -1.11686572e-01, -0.00000000e+00, ...,
         -7.70762969e-01,  0.00000000e+00, -6.11234657e-01],
        [-6.95804730e-01, -6.95804730e-01, -6.11234657e-01, ...,
         -2.20588862e-01,  6.11234657e-01,  0.00000000e+00]],

       [[ 0.00000000e+00, -1.02835732e-01, -5.83666236e-02, ...,
          5.22479874e-01,  9.89897647e-01,  9.09185494e-01],
        [ 1.02835732e-01,  0.00000000e+00,  4.46032346e-02, ...,
          6.07392923e-01,  9.70069117e-01,  9.47185220e-01],
        [ 5.83666236e-02, -4.46032346e-02,  0.00000000e+00, ...,
          5.71355555e-01,  9.79934643e-01,  9.31938885e-01],
        ...,
        [-5.22479874e-01, -6.07392923e-01, -5.71355555e-01, ...,
          0.00000000e+00,  9.18117016e-01,  5.57662394e-01],
        [-9.89897647e-01, -9.70069117e-01, -9.79934643e-01, ...,
         -9.18117016e-01,  0.00000000e+00, -5.41092576e-01],
        [-9.09185494e-01, -9.47185220e-01, -9.31938885e-01, ...,
         -5.57662394e-01,  5.41092576e-01,  0.00000000e+00]],

       [[ 0.00000000e+00, -9.17701854e-02, -2.12245193e-01, ...,
          8.14369577e-01,  6.24129529e-01,  2.12245193e-01],
        [ 9.17701854e-02,  0.00000000e+00, -1.21670229e-01, ...,
          7.57674595e-01,  5.49793872e-01,  1.21670229e-01],
        [ 2.12245193e-01,  1.21670229e-01,  0.00000000e+00, ...,
          6.72639563e-01,  4.44078035e-01,  0.00000000e+00],
        ...,
        [-8.14369577e-01, -7.57674595e-01, -6.72639563e-01, ...,
          0.00000000e+00,  2.74072503e-01,  6.72639563e-01],
        [-6.24129529e-01, -5.49793872e-01, -4.44078035e-01, ...,
         -2.74072503e-01,  0.00000000e+00,  4.44078035e-01],
        [-2.12245193e-01, -1.21670229e-01, -0.00000000e+00, ...,
         -6.72639563e-01, -4.44078035e-01,  0.00000000e+00]],

       ...,

       [[ 0.00000000e+00, -5.22419903e-02, -4.99644417e-01, ...,
          7.24319154e-01,  8.31804457e-01,  6.60331141e-01],
        [ 5.22419903e-02,  0.00000000e+00, -4.53708519e-01, ...,
          7.59349079e-01,  8.59666488e-01,  6.98661835e-01],
        [ 4.99644417e-01,  4.53708519e-01,  0.00000000e+00, ...,
          9.71914674e-01,  9.97871490e-01,  9.47219287e-01],
        ...,
        [-7.24319154e-01, -7.59349079e-01, -9.71914674e-01, ...,
          0.00000000e+00,  1.71452979e-01, -8.86701512e-02],
        [-8.31804457e-01, -8.59666488e-01, -9.97871490e-01, ...,
         -1.71452979e-01,  0.00000000e+00, -2.58134784e-01],
        [-6.60331141e-01, -6.98661835e-01, -9.47219287e-01, ...,
          8.86701512e-02,  2.58134784e-01,  0.00000000e+00]],

       [[ 0.00000000e+00, -1.18850335e-03, -1.40526161e-02, ...,
          6.64178779e-01,  3.93036079e-01,  1.40526161e-02],
        [ 1.18850335e-03,  0.00000000e+00, -1.28642202e-02, ...,
          6.63289816e-01,  3.91942945e-01,  1.28642202e-02],
        [ 1.40526161e-02,  1.28642202e-02,  0.00000000e+00, ...,
          6.53607828e-01,  3.80075565e-01,  0.00000000e+00],
        ...,
        [-6.64178779e-01, -6.63289816e-01, -6.53607828e-01, ...,
          0.00000000e+00,  3.16904231e-01,  6.53607828e-01],
        [-3.93036079e-01, -3.91942945e-01, -3.80075565e-01, ...,
         -3.16904231e-01,  0.00000000e+00,  3.80075565e-01],
        [-1.40526161e-02, -1.28642202e-02, -0.00000000e+00, ...,
         -6.53607828e-01, -3.80075565e-01,  0.00000000e+00]],

       [[ 0.00000000e+00, -3.76412630e-04,  5.77199410e-04, ...,
          9.95380766e-01,  9.93096727e-01,  9.99920308e-01],
        [ 3.76412630e-04,  0.00000000e+00,  9.53611936e-04, ...,
          9.95344557e-01,  9.93140809e-01,  9.99924989e-01],
        [-5.77199410e-04, -9.53611936e-04,  0.00000000e+00, ...,
          9.95436014e-01,  9.93028857e-01,  9.99912854e-01],
        ...,
        [-9.95380766e-01, -9.95344557e-01, -9.95436014e-01, ...,
          0.00000000e+00, -2.12099612e-01, -1.08564440e-01],
        [-9.93096727e-01, -9.93140809e-01, -9.93028857e-01, ...,
          2.12099612e-01,  0.00000000e+00,  1.04751591e-01],
