state_0,state_1,state_2,state_3,state_4,state_5,state_6,state_7,state_8,state_9,state_10,state_11,state_12,state_13,state_14,state_15,state_16,state_17,state_18,state_19,state_20,state_21,state_22,state_23,state_24,state_25,state_26,state_27,state_28,state_29,state_30,state_31,state_32,state_33,state_34,state_35,state_36,state_37,state_38,state_39,state_40,state_41,state_42,state_43,state_44,state_45,state_46,state_47,state_48,state_49,state_50,state_51,state_52,state_53,state_54,state_55,state_56,state_57,state_58,state_59,state_60,state_61,state_62,state_63,state_64,state_65,state_66,state_67,state_68,state_69,state_70,state_71,state_72,state_73,state_74,state_75,state_76,state_77,state_78,state_79,state_80,state_81,state_82,state_83,state_84,state_85,state_86,state_87,state_88,state_89,state_90,state_91,state_92,state_93,state_94,state_95,state_96,state_97,state_98,state_99,state_100,state_101,state_102,state_103,state_104,state_105,state_106,state_107,state_108,state_109,state_110,state_111,state_112,state_113,state_114,state_115,state_116,state_117,state_118,state_119,state_120,state_121,state_122,state_123,state_124,state_125,state_126,state_127,state_128,state_129,state_130,state_131,state_132,state_133,state_134,state_135,state_136,state_137,state_138,state_139,state_140,state_141,state_142,state_143,state_144,state_145,state_146,state_147,state_148,state_149,state_150,state_151,state_152,state_153,state_154,state_155,state_156,state_157,state_158,state_159,state_160,state_161,state_162,state_163,state_164,state_165,state_166,state_167,state_168,state_169,state_170,state_171,state_172,state_173,state_174,state_175,state_176,state_177,state_178,state_179,state_180,state_181,state_182,state_183,state_184,state_185,state_186,state_187,state_188,state_189,state_190,state_191,state_192,state_193,state_194,state_195,state_196,state_197,state_198,state_199,state_200,state_201,state_202,state_203,state_204,state_205,state_206,state_207,state_208,state_209,state_210,state_211,state_212,state_213,state_214,state_215,state_216,state_217,state_218,state_219,state_220,state_221,state_222,state_223,state_224,state_225,state_226,state_227,state_228,state_229,state_230,state_231,state_232,state_233,state_234,state_235,state_236,state_237,state_238,state_239,state_240,state_241,state_242,state_243,state_244,state_245,state_246,state_247,state_248,state_249,state_250,state_251,state_252,state_253,state_254,state_255,state_256,state_257,state_258,state_259,state_260,state_261,state_262,state_263,state_264,state_265,state_266,state_267,state_268,state_269,state_270,state_271,state_272,state_273,state_274,state_275,state_276,state_277,state_278,state_279,state_280,state_281,state_282,state_283,state_284,state_285,state_286,state_287
{'img': array([[[ 0.        , -0.49431818, -0.82259518, ..., -0.99741218,
         -0.87883589, -0.91708453],
        [ 0.49431818,  0.        , -0.43398351, ..., -0.83149228,
         -0.99980654, -0.99428531],
        [ 0.82259518,  0.43398351,  0.        , ..., -0.50801511,
         -0.89221026, -0.84944222],
        ...,
        [ 0.99741218,  0.83149228,  0.50801511, ...,  0.        ,
         -0.53907375, -0.46359525],
        [ 0.87883589,  0.99980654,  0.89221026, ...,  0.53907375,
          0.        ,  0.08717766],
        [ 0.91708453,  0.99428531,  0.84944222, ...,  0.46359525,
         -0.08717766,  0.        ]],

       [[ 0.        , -0.21213359, -0.01893433, ..., -0.47016063,
         -0.14918136, -0.81794497],
        [ 0.21213359,  0.        ,  0.19359216, ..., -0.27223504,
          0.06397369, -0.67728939],
        [ 0.01893433, -0.19359216,  0.        , ..., -0.45336526,
         -0.13043216, -0.80690548],
        ...,
        [ 0.47016063,  0.27223504,  0.45336526, ...,  0.        ,
          0.33323484, -0.45142083],
        [ 0.14918136, -0.06397369,  0.13043216, ..., -0.33323484,
          0.        , -0.72296853],
        [ 0.81794497,  0.67728939,  0.80690548, ...,  0.45142083,
          0.72296853,  0.        ]],

       [[ 0.        , -0.33563411, -0.5852611 , ..., -0.99878992,
         -0.98979526, -0.96183094],
        [ 0.33563411,  0.        , -0.27916433, ..., -0.95735914,
         -0.98020644, -0.99788185],
        [ 0.5852611 ,  0.27916433,  0.        , ..., -0.83864703,
         -0.88596829, -0.94004912],
        ...,
        [ 0.99878992,  0.95735914,  0.83864703, ...,  0.        ,
         -0.09364596, -0.22601009],
        [ 0.98979526,  0.98020644,  0.88596829, ...,  0.09364596,
          0.        , -0.13379404],
        [ 0.96183094,  0.99788185,  0.94004912, ...,  0.22601009,
          0.13379404,  0.        ]],

       ...,

       [[ 0.        , -0.02318865, -0.55684079, ...,  0.43595457,
          0.02273978, -0.01940547],
        [ 0.02318865,  0.        , -0.53743012, ...,  0.4567064 ,
          0.04591632,  0.00378403],
        [ 0.55684079,  0.53743012,  0.        , ...,  0.86325152,
          0.5755849 ,  0.54061737],
        ...,
        [-0.43595457, -0.4567064 , -0.86325152, ...,  0.        ,
         -0.41537675, -0.45333679],
        [-0.02273978, -0.04591632, -0.5755849 , ...,  0.41537675,
          0.        , -0.04213595],
        [ 0.01940547, -0.00378403, -0.54061737, ...,  0.45333679,
          0.04213595,  0.        ]],

       [[ 0.        , -0.20863963, -0.31559989, ..., -0.91169846,
         -0.91637171, -0.89524379],
        [ 0.20863963,  0.        , -0.1106778 , ..., -0.97735601,
         -0.97972913, -0.96850674],
        [ 0.31559989,  0.1106778 ,  0.        , ..., -0.99477106,
         -0.99588174, -0.99011394],
        ...,
        [ 0.91169846,  0.97735601,  0.99477106, ...,  0.        ,
          0.01152161, -0.03841171],
        [ 0.91637171,  0.97972913,  0.99588174, ..., -0.01152161,
          0.        , -0.04992226],
        [ 0.89524379,  0.96850674,  0.99011394, ...,  0.03841171,
          0.04992226,  0.        ]],

       [[ 0.        ,  0.18874591,  0.32463915, ..., -0.87504173,
         -0.88244849, -0.85307076],
        [-0.18874591,  0.        ,  0.14028103, ..., -0.95067568,
         -0.9553751 , -0.93622435],
        [-0.32463915, -0.14028103,  0.        , ..., -0.98478844,
         -0.98736646, -0.97626186],
        ...,
        [ 0.87504173,  0.95067568,  0.98478844, ...,  0.        ,
         -0.01551944,  0.04366585],
        [ 0.88244849,  0.9553751 ,  0.98736646, ...,  0.01551944,
          0.        ,  0.05916523],
        [ 0.85307076,  0.93622435,  0.97626186, ..., -0.04366585,
         -0.05916523,  0.        ]]]), 'num': array([ 7.07105677e-01,  7.07105677e-01,  0.00000000e+00,  5.92941289e-04,
        6.02217145e-04,  5.80811323e-04,  3.73374630e-04, -6.42174681e-06,
        6.08638892e-04,  6.23301881e-04,  6.28249004e-04,  2.81554064e-07,
        6.56870976e-04,  5.89732785e-04])}
{'img': array([[[ 0.        , -0.55104305, -0.08447947, ..., -0.9835947 ,
         -0.99584603, -0.9741146 ],
        [ 0.55104305,  0.        ,  0.47857703, ..., -0.92019102,
         -0.88118465, -0.93744194],
        [ 0.08447947, -0.47857703,  0.        , ..., -0.99531803,
         -0.99997823, -0.98972934],
        ...,
        [ 0.9835947 ,  0.92019102,  0.99531803, ...,  0.        ,
          0.09008374, -0.04662325],
        [ 0.99584603,  0.88118465,  0.99997823, ..., -0.09008374,
          0.        , -0.13641947],
        [ 0.9741146 ,  0.93744194,  0.98972934, ...,  0.04662325,
          0.13641947,  0.        ]],

       [[ 0.        ,  0.19359216,  0.17192499, ...,  0.06397369,
         -0.67728939,  0.34390988],
        [-0.19359216,  0.        , -0.02203706, ..., -0.13043216,
         -0.80690548,  0.15562027],
        [-0.17192499,  0.02203706,  0.        , ..., -0.10855169,
         -0.79369267,  0.17735106],
        ...,
        [-0.06397369,  0.13043216,  0.10855169, ...,  0.        ,
         -0.72296853,  0.28313395],
        [ 0.67728939,  0.80690548,  0.79369267, ...,  0.72296853,
          0.        ,  0.88899679],
        [-0.34390988, -0.15562027, -0.17735106, ..., -0.28313395,
         -0.88899679,  0.        ]],

       [[ 0.        , -0.50188378, -0.65174105, ..., -0.99314568,
         -0.96774076, -0.91191028],
        [ 0.50188378,  0.        , -0.18306417, ..., -0.91766826,
         -0.96348156, -0.99471107],
        [ 0.65174105,  0.18306417,  0.        , ..., -0.82942048,
         -0.8981797 , -0.95909842],
        ...,
        [ 0.99314568,  0.91766826,  0.82942048, ...,  0.        ,
         -0.13710856, -0.30098975],
        [ 0.96774076,  0.96348156,  0.8981797 , ...,  0.13710856,
          0.        , -0.16739673],
        [ 0.91191028,  0.99471107,  0.95909842, ...,  0.30098975,
          0.16739673,  0.        ]],

       ...,

       [[ 0.        , -0.53743012, -0.10103374, ...,  0.04591632,
          0.00378403, -0.14598364],
        [ 0.53743012,  0.        ,  0.4494775 , ...,  0.5755849 ,
          0.54061737,  0.40856342],
        [ 0.10103374, -0.4494775 ,  0.        , ...,  0.14660854,
          0.10479767, -0.04528528],
        ...,
        [-0.04591632, -0.5755849 , -0.14660854, ...,  0.        ,
         -0.04213595, -0.19125408],
        [-0.00378403, -0.54061737, -0.10479767, ...,  0.04213595,
          0.        , -0.14972608],
        [ 0.14598364, -0.40856342,  0.04528528, ...,  0.19125408,
          0.14972608,  0.        ]],

       [[ 0.        , -0.1106778 , -0.23641547, ..., -0.97972913,
         -0.96850674, -0.9741884 ],
        [ 0.1106778 ,  0.        , -0.1274227 , ..., -0.99588174,
         -0.99011394, -0.99318734],
        [ 0.23641547,  0.1274227 ,  0.        , ..., -0.99931619,
         -0.99991603, -0.99993976],
        ...,
        [ 0.97972913,  0.99588174,  0.99931619, ...,  0.        ,
         -0.04992226, -0.02600452],
        [ 0.96850674,  0.99011394,  0.99991603, ...,  0.04992226,
          0.        ,  0.02393329],
        [ 0.9741884 ,  0.99318734,  0.99993976, ...,  0.02600452,
         -0.02393329,  0.        ]],

       [[ 0.        ,  0.14028103,  0.58090938, ..., -0.9553751 ,
         -0.93622435, -0.94614026],
        [-0.14028103,  0.        ,  0.46098088, ..., -0.98736646,
         -0.97626186, -0.98220154],
        [-0.58090938, -0.46098088,  0.        , ..., -0.94924292,
         -0.9661901 , -0.95820161],
        ...,
        [ 0.9553751 ,  0.98736646,  0.94924292, ...,  0.        ,
          0.05916523,  0.02982396],
        [ 0.93622435,  0.97626186,  0.9661901 , ..., -0.05916523,
          0.        , -0.02936719],
        [ 0.94614026,  0.98220154,  0.95820161, ..., -0.02982396,
          0.02936719,  0.        ]]]), 'num': array([ 7.15126654e-01,  6.98992719e-01,  1.94854288e-07,  5.97553150e-04,
        6.04769976e-04,  5.88171277e-04,  1.33237032e-04, -2.16504765e-06,
        6.07512369e-04,  6.28838089e-04,  6.34118399e-04,  1.79241417e-07,
        6.65696996e-04,  5.91979181e-04])}
{'img': array([[[ 0.        ,  0.47857703, -0.21336182, ..., -0.88118465,
         -0.93744194, -0.95303888],
        [-0.47857703,  0.        , -0.65489836, ..., -0.99997823,
         -0.98972934, -0.98174765],
        [ 0.21336182,  0.65489836,  0.        , ..., -0.76002229,
         -0.84157557, -0.8664773 ],
        ...,
        [ 0.88118465,  0.99997823,  0.76002229, ...,  0.        ,
         -0.13641947, -0.18370536],
        [ 0.93744194,  0.98972934,  0.84157557, ...,  0.13641947,
          0.        , -0.04789013],
        [ 0.95303888,  0.98174765,  0.8664773 , ...,  0.18370536,
          0.04789013,  0.        ]],

       [[ 0.        , -0.02203706, -0.09814922, ..., -0.80690548,
          0.15562027, -0.68829002],
        [ 0.02203706,  0.        , -0.07619473, ..., -0.79369267,
          0.17735106, -0.67213641],
        [ 0.09814922,  0.07619473,  0.        , ..., -0.74503467,
          0.25182235, -0.61376582],
        ...,
        [ 0.80690548,  0.79369267,  0.74503467, ...,  0.        ,
          0.88899679,  0.17879844],
        [-0.15562027, -0.17735106, -0.25182235, ..., -0.88899679,
          0.        , -0.79279704],
        [ 0.68829002,  0.67213641,  0.61376582, ..., -0.17879844,
          0.79279704,  0.        ]],

       [[ 0.        , -0.46407889, -0.75111874, ..., -0.98024813,
         -0.9299492 , -0.85191697],
        [ 0.46407889,  0.        , -0.35896675, ..., -0.96007941,
         -0.99437955, -0.99765022],
        [ 0.75111874,  0.35896675,  0.        , ..., -0.79567754,
         -0.89009926, -0.9557511 ],
        ...,
        [ 0.98024813,  0.96007941,  0.79567754, ...,  0.        ,
         -0.17650797, -0.34484831],
        [ 0.9299492 ,  0.99437955,  0.89009926, ...,  0.17650797,
          0.        , -0.17375323],
        [ 0.85191697,  0.99765022,  0.9557511 , ...,  0.34484831,
          0.17375323,  0.        ]],

       ...,

       [[ 0.        ,  0.4494775 ,  0.27327167, ...,  0.54061737,
          0.40856342, -0.03549725],
        [-0.4494775 ,  0.        , -0.1882577 , ...,  0.10479767,
         -0.04528528, -0.48090363],
        [-0.27327167,  0.1882577 ,  0.        , ...,  0.29014493,
          0.143589  , -0.30724556],
        ...,
        [-0.54061737, -0.10479767, -0.29014493, ...,  0.        ,
         -0.14972608, -0.57013938],
        [-0.40856342,  0.04528528, -0.143589  , ...,  0.14972608,
          0.        , -0.44070534],
        [ 0.03549725,  0.48090363,  0.30724556, ...,  0.57013938,
          0.44070534,  0.        ]],

       [[ 0.        , -0.1274227 , -0.0220606 , ..., -0.99011394,
         -0.99318734, -0.99713268],
        [ 0.1274227 ,  0.        ,  0.10551092, ..., -0.99991603,
         -0.99993976, -0.99864703],
        [ 0.0220606 , -0.10551092,  0.        , ..., -0.99296732,
         -0.99551632, -0.99855941],
        ...,
        [ 0.99011394,  0.99991603,  0.99296732, ...,  0.        ,
          0.02393329,  0.06493831],
        [ 0.99318734,  0.99993976,  0.99551632, ..., -0.02393329,
          0.        ,  0.04103694],
        [ 0.99713268,  0.99864703,  0.99855941, ..., -0.06493831,
         -0.04103694,  0.        ]],

       [[ 0.        ,  0.46098088,  0.05601459, ..., -0.97626186,
         -0.98220154, -0.99571159],
        [-0.46098088,  0.        , -0.41054921, ..., -0.9661901 ,
         -0.95820161, -0.92625066],
        [-0.05601459,  0.41054921,  0.        , ..., -0.98686148,
         -0.99118066, -0.99933028],
        ...,
        [ 0.97626186,  0.9661901 ,  0.98686148, ...,  0.        ,
         -0.02936719, -0.12534897],
        [ 0.98220154,  0.95820161,  0.99118066, ...,  0.02936719,
          0.        , -0.09615934],
        [ 0.99571159,  0.92625066,  0.99933028, ...,  0.12534897,
          0.09615934,  0.        ]]]), 'num': array([ 7.12405031e-01,  7.01766364e-01,  1.29424177e-07,  5.91037077e-04,
        6.09012657e-04,  5.88880008e-04,  2.16756736e-04, -4.31413925e-06,
        5.97508286e-04,  6.24651412e-04,  6.30679223e-04,  1.54076402e-07,
        6.64472252e-04,  5.84830572e-04])}
{'img': array([[[ 0.        , -0.65489836, -0.91017733, ..., -0.98972934,
         -0.98174765, -0.95768474],
        [ 0.65489836,  0.        , -0.41656523, ..., -0.84157557,
         -0.8664773 , -0.91223099],
        [ 0.91017733,  0.41656523,  0.        , ..., -0.54007796,
         -0.57976333, -0.65865763],
        ...,
        [ 0.98972934,  0.84157557,  0.54007796, ...,  0.        ,
         -0.04789013, -0.14795838],
        [ 0.98174765,  0.8664773 ,  0.57976333, ...,  0.04789013,
          0.        , -0.10042558],
        [ 0.95768474,  0.91223099,  0.65865763, ...,  0.14795838,
          0.10042558,  0.        ]],

       [[ 0.        , -0.07619473,  0.55360921, ...,  0.17735106,
         -0.67213641, -0.29974408],
        [ 0.07619473,  0.        ,  0.61545302, ...,  0.25182235,
         -0.61376582, -0.22618145],
        [-0.55360921, -0.61545302,  0.        , ..., -0.39713939,
         -0.96964686, -0.77777391],
        ...,
        [-0.17735106, -0.25182235,  0.39713939, ...,  0.        ,
         -0.79279704, -0.46418883],
        [ 0.67213641,  0.61376582,  0.96964686, ...,  0.79279704,
          0.        ,  0.41929262],
        [ 0.29974408,  0.22618145,  0.77777391, ...,  0.46418883,
         -0.41929262,  0.        ]],

       [[ 0.        , -0.64909306, -0.84409791, ..., -0.94419243,
         -0.86898972, -0.75618537],
        [ 0.64909306,  0.        , -0.29407628, ..., -0.9320633 ,
         -0.98223912, -0.99997591],
        [ 0.84409791,  0.29407628,  0.        , ..., -0.78430677,
         -0.88362787, -0.95780009],
        ...,
        [ 0.94419243,  0.9320633 ,  0.78430677, ...,  0.        ,
         -0.18097453, -0.36875614],
        [ 0.86898972,  0.98223912,  0.88362787, ...,  0.18097453,
          0.        , -0.1944466 ],
        [ 0.75618537,  0.99997591,  0.95780009, ...,  0.36875614,
          0.1944466 ,  0.        ]],

       ...,

       [[ 0.        , -0.1882577 , -0.31258183, ..., -0.04528528,
         -0.48090363, -0.58539268],
        [ 0.1882577 ,  0.        , -0.1281685 , ...,  0.143589  ,
         -0.30724556, -0.42229575],
        [ 0.31258183,  0.1281685 ,  0.        , ...,  0.26924508,
         -0.18274249, -0.30263345],
        ...,
        [ 0.04528528, -0.143589  , -0.26924508, ...,  0.        ,
         -0.44070534, -0.54807709],
        [ 0.48090363,  0.30724556,  0.18274249, ...,  0.44070534,
          0.        , -0.12336419],
        [ 0.58539268,  0.42229575,  0.30263345, ...,  0.54807709,
          0.12336419,  0.        ]],

       [[ 0.        ,  0.10551092,  0.55750906, ..., -0.99993976,
         -0.99864703, -0.99601502],
        [-0.10551092,  0.        ,  0.46680504, ..., -0.99551632,
         -0.99855941, -0.99986547],
        [-0.55750906, -0.46680504,  0.        , ..., -0.83624001,
         -0.85803876, -0.87658445],
        ...,
        [ 0.99993976,  0.99551632,  0.83624001, ...,  0.        ,
          0.04103694,  0.07824812],
        [ 0.99864703,  0.99855941,  0.85803876, ..., -0.04103694,
          0.        ,  0.03727109],
        [ 0.99601502,  0.99986547,  0.87658445, ..., -0.07824812,
         -0.03727109,  0.        ]],

       [[ 0.        , -0.41054921, -0.73455332, ..., -0.95820161,
         -0.92625066, -0.87854487],
        [ 0.41054921,  0.        , -0.39121539, ..., -0.99118066,
         -0.99933028, -0.99719385],
        [ 0.73455332,  0.39121539,  0.        , ..., -0.8603398 ,
         -0.90536738, -0.94700408],
        ...,
        [ 0.95820161,  0.99118066,  0.8603398 , ...,  0.        ,
         -0.09615934, -0.20634814],
        [ 0.92625066,  0.99933028,  0.90536738, ...,  0.09615934,
          0.        , -0.11130206],
        [ 0.87854487,  0.99719385,  0.94700408, ...,  0.20634814,
          0.11130206,  0.        ]]]), 'num': array([ 7.11910805e-01,  7.02267764e-01,  1.22218513e-07,  5.67237688e-04,
        6.06778972e-04,  5.67237688e-04,  2.61641080e-04, -2.37247702e-05,
        5.90962459e-04,  6.22559539e-04,  6.28850198e-04,  1.26870429e-07,
        6.69123888e-04,  5.75995189e-04])}
{'img': array([[[ 0.        , -0.4062853 , -0.01506799, ..., -0.84638951,
         -0.89233475, -0.87537545],
        [ 0.4062853 ,  0.        ,  0.39247085, ..., -0.55701219,
         -0.63198085, -0.99628713],
        [ 0.01506799, -0.39247085,  0.        , ..., -0.83826875,
         -0.88543214, -0.8825606 ],
        ...,
        [ 0.84638951,  0.55701219,  0.83826875, ...,  0.        ,
         -0.09318728, -0.87537545],
        [ 0.89233475,  0.63198085,  0.88543214, ...,  0.09318728,
          0.        , -0.82651554],
        [ 0.87537545,  0.99628713,  0.8825606 , ...,  0.87537545,
          0.82651554,  0.        ]],

       [[ 0.        ,  0.61545302,  0.2784277 , ..., -0.61376582,
         -0.22618145, -0.07350654],
        [-0.61545302,  0.        , -0.37166693, ..., -0.96964686,
         -0.77777391, -0.67172397],
        [-0.2784277 ,  0.37166693,  0.        , ..., -0.80931116,
         -0.48844989, -0.34827436],
        ...,
        [ 0.61376582,  0.96964686,  0.80931116, ...,  0.        ,
          0.41929262,  0.55407288],
        [ 0.22618145,  0.77777391,  0.48844989, ..., -0.41929262,
          0.        ,  0.15396794],
        [ 0.07350654,  0.67172397,  0.34827436, ..., -0.55407288,
         -0.15396794,  0.        ]],

       [[ 0.        , -0.53890839, -0.67091048, ..., -0.96564885,
         -0.88965664, -0.77678508],
        [ 0.53890839,  0.        , -0.16552984, ..., -0.95346382,
         -0.99549686, -0.99372215],
        [ 0.67091048,  0.16552984,  0.        , ..., -0.8904021 ,
         -0.96607245, -0.99853239],
        ...,
        [ 0.96564885,  0.95346382,  0.8904021 , ...,  0.        ,
         -0.2097666 , -0.40628458],
        [ 0.88965664,  0.99549686,  0.96607245, ...,  0.2097666 ,
          0.        , -0.20557184],
        [ 0.77678508,  0.99372215,  0.99853239, ...,  0.40628458,
          0.20557184,  0.        ]],

       ...,

       [[ 0.        , -0.1281685 ,  0.1282604 , ..., -0.30724556,
         -0.42229575, -0.55706065],
        [ 0.1281685 ,  0.        ,  0.25431246, ..., -0.18274249,
         -0.30263345, -0.44602591],
        [-0.1282604 , -0.25431246,  0.        , ..., -0.42676435,
         -0.53507049, -0.65897627],
        ...,
        [ 0.30724556,  0.18274249,  0.42676435, ...,  0.        ,
         -0.12336419, -0.274957  ],
        [ 0.42229575,  0.30263345,  0.53507049, ...,  0.12336419,
          0.        , -0.15424742],
        [ 0.55706065,  0.44602591,  0.65897627, ...,  0.274957  ,
          0.15424742,  0.        ]],

       [[ 0.        ,  0.46680504,  0.55246468, ..., -0.99855941,
         -0.99986547, -0.99286228],
        [-0.46680504,  0.        ,  0.09947885, ..., -0.85803876,
         -0.87658445, -0.93372214],
        [-0.55246468, -0.09947885,  0.        , ..., -0.80269177,
         -0.82436231, -0.89347729],
        ...,
        [ 0.99855941,  0.85803876,  0.80269177, ...,  0.        ,
          0.03727109,  0.17236898],
        [ 0.99986547,  0.87658445,  0.82436231, ..., -0.03727109,
          0.        ,  0.13553599],
        [ 0.99286228,  0.93372214,  0.89347729, ..., -0.17236898,
         -0.13553599,  0.        ]],

       [[ 0.        , -0.65462378, -0.76168552, ..., -0.9374295 ,
         -0.89121918, -0.76878707],
        [ 0.65462378,  0.        , -0.1516384 , ..., -0.93657809,
         -0.97064105, -0.99980338],
        [ 0.76168552,  0.1516384 ,  0.        , ..., -0.87260449,
         -0.9229426 , -0.98523477],
        ...,
        [ 0.9374295 ,  0.93657809,  0.87260449, ...,  0.        ,
         -0.11489224, -0.33181816],
        [ 0.89121918,  0.97064105,  0.9229426 , ...,  0.11489224,
          0.        , -0.22123802],
        [ 0.76878707,  0.99980338,  0.98523477, ...,  0.33181816,
          0.22123802,  0.        ]]]), 'num': array([ 8.16218522e-01,  5.77739737e-01,  3.03794630e-06,  6.48040176e-04,
        6.73631571e-04,  6.31529598e-04,  5.92911357e-04, -3.30211554e-06,
        6.69503927e-04,  7.12225047e-04,  7.20494094e-04,  1.57470828e-07,
        7.72928931e-04,  6.51521162e-04])}
{'img': array([[[ 0.        ,  0.38496886,  0.56448589, ..., -0.61293789,
         -0.97744605, -0.99396723],
        [-0.38496886,  0.        ,  0.20321097, ..., -0.86987437,
         -0.98341361, -0.87513935],
        [-0.56448589, -0.20321097,  0.        , ..., -0.95196297,
         -0.92603683, -0.75855166],
        ...,
        [ 0.61293789,  0.86987437,  0.95196297, ...,  0.        ,
         -0.64286707, -0.85258986],
        [ 0.97744605,  0.98341361,  0.92603683, ...,  0.64286707,
          0.        , -0.31711499],
        [ 0.99396723,  0.87513935,  0.75855166, ...,  0.85258986,
          0.31711499,  0.        ]],

       [[ 0.        , -0.37166693, -0.54239583, ..., -0.77777391,
         -0.67172397, -0.05617486],
        [ 0.37166693,  0.        , -0.19129596, ..., -0.48844989,
         -0.34827436,  0.31892921],
        [ 0.54239583,  0.19129596,  0.        , ..., -0.31250608,
         -0.16252314,  0.49434556],
        ...,
        [ 0.77777391,  0.48844989,  0.31250608, ...,  0.        ,
          0.15396794,  0.74123738],
        [ 0.67172397,  0.34827436,  0.16252314, ..., -0.15396794,
          0.        ,  0.62904886],
        [ 0.05617486, -0.31892921, -0.49434556, ..., -0.74123738,
         -0.62904886,  0.        ]],

       [[ 0.        , -0.16552984, -0.16965277, ..., -0.99549686,
         -0.99372215, -0.8865312 ],
        [ 0.16552984,  0.        , -0.00418207, ..., -0.96607245,
         -0.99853239, -0.9508868 ],
        [ 0.16965277,  0.00418207,  0.        , ..., -0.96498389,
         -0.99829717, -0.952173  ],
        ...,
        [ 0.99549686,  0.96607245,  0.96498389, ...,  0.        ,
         -0.20557184, -0.54462362],
        [ 0.99372215,  0.99853239,  0.99829717, ...,  0.20557184,
          0.        , -0.36058245],
        [ 0.8865312 ,  0.9508868 ,  0.952173  , ...,  0.54462362,
          0.36058245,  0.        ]],

       ...,

       [[ 0.        ,  0.25431246,  0.31714955, ..., -0.30263345,
         -0.44602591, -0.39031331],
        [-0.25431246,  0.        ,  0.06553862, ..., -0.53507049,
         -0.65897627, -0.61162156],
        [-0.31714955, -0.06553862,  0.        , ..., -0.58928762,
         -0.70685526, -0.66215751],
        ...,
        [ 0.30263345,  0.53507049,  0.58928762, ...,  0.        ,
         -0.15424742, -0.09338116],
        [ 0.44602591,  0.65897627,  0.70685526, ...,  0.15424742,
          0.        ,  0.06130983],
        [ 0.39031331,  0.61162156,  0.66215751, ...,  0.09338116,
         -0.06130983,  0.        ]],

       [[ 0.        ,  0.09947885, -0.07811819, ..., -0.87658445,
         -0.93372214, -0.96683738],
        [-0.09947885,  0.        , -0.17690555, ..., -0.82436231,
         -0.89347729, -0.93663537],
        [ 0.07811819,  0.17690555,  0.        , ..., -0.91149993,
         -0.95883498, -0.98383365],
        ...,
        [ 0.87658445,  0.82436231,  0.91149993, ...,  0.        ,
          0.13553599,  0.24141525],
        [ 0.93372214,  0.89347729,  0.95883498, ..., -0.13553599,
          0.        ,  0.10766048],
        [ 0.96683738,  0.93663537,  0.98383365, ..., -0.24141525,
         -0.10766048,  0.        ]],

       [[ 0.        , -0.48052513, -0.59018366, ..., -0.92595672,
         -0.80783938, -0.60356636],
        [ 0.48052513,  0.        , -0.12966678, ..., -0.99350695,
         -0.99168256, -0.91244503],
        [ 0.59018366,  0.12966678,  0.        , ..., -0.97036701,
         -0.99999953, -0.95780138],
        ...,
        [ 0.92595672,  0.99350695,  0.97036701, ...,  0.        ,
         -0.24069729, -0.51035256],
        [ 0.80783938,  0.99168256,  0.99999953, ...,  0.24069729,
          0.        , -0.28835701],
        [ 0.60356636,  0.91244503,  0.95780138, ...,  0.51035256,
          0.28835701,  0.        ]]]), 'num': array([7.83711306e-01, 6.21122392e-01, 2.06856125e-06, 6.22946031e-04,
       6.38004523e-04, 6.18190718e-04, 3.24462946e-04, 7.92552202e-07,
       6.35626866e-04, 6.80841969e-04, 6.90590361e-04, 1.67371273e-07,
       7.44881904e-04, 6.16802035e-04])}
{'img': array([[[ 0.        ,  0.20321097,  0.27140449, ..., -0.98341361,
         -0.87513935, -0.94132698],
        [-0.20321097,  0.        ,  0.07015811, ..., -0.92603683,
         -0.75855166, -0.8531033 ],
        [-0.27140449, -0.07015811,  0.        , ..., -0.89727496,
         -0.71096657, -0.81439672],
        ...,
        [ 0.98341361,  0.92603683,  0.89727496, ...,  0.        ,
         -0.31711499, -0.16116287],
        [ 0.87513935,  0.75855166,  0.71096657, ...,  0.31711499,
          0.        ,  0.16012482],
        [ 0.94132698,  0.8531033 ,  0.81439672, ...,  0.16116287,
         -0.16012482,  0.        ]],

       [[ 0.        , -0.19129596, -0.2145573 , ..., -0.34827436,
          0.31892921, -0.25231568],
        [ 0.19129596,  0.        , -0.02375399, ..., -0.16252314,
          0.49434556, -0.06254944],
        [ 0.2145573 ,  0.02375399,  0.        , ..., -0.1390391 ,
          0.5148546 , -0.03882431],
        ...,
        [ 0.34827436,  0.16252314,  0.1390391 , ...,  0.        ,
          0.62904886,  0.10048707],
        [-0.31892921, -0.49434556, -0.5148546 , ..., -0.62904886,
          0.        , -0.54774963],
        [ 0.25231568,  0.06254944,  0.03882431, ..., -0.10048707,
          0.54774963,  0.        ]],

       [[ 0.        , -0.00406577, -0.07511456, ..., -0.98945126,
         -0.99112383, -0.78078382],
        [ 0.00406577,  0.        , -0.07105966, ..., -0.98885409,
         -0.99165615, -0.78331766],
        [ 0.07511456,  0.07105966,  0.        , ..., -0.97577441,
         -0.99830969, -0.82550971],
        ...,
        [ 0.98945126,  0.98885409,  0.97577441, ...,  0.        ,
         -0.27511987, -0.73131955],
        [ 0.99112383,  0.99165615,  0.99830969, ...,  0.27511987,
          0.        , -0.51545651],
        [ 0.78078382,  0.78331766,  0.82550971, ...,  0.73131955,
          0.51545651,  0.        ]],

       ...,

       [[ 0.        ,  0.06553862,  0.07179689, ..., -0.65897627,
         -0.61162156, -0.54507988],
        [-0.06553862,  0.        ,  0.00627304, ..., -0.70685526,
         -0.66215751, -0.59885452],
        [-0.07179689, -0.00627304,  0.        , ..., -0.71127865,
         -0.66684528, -0.60386655],
        ...,
        [ 0.65897627,  0.70685526,  0.71127865, ...,  0.        ,
          0.06130983,  0.14248592],
        [ 0.61162156,  0.66215751,  0.66684528, ..., -0.06130983,
          0.        ,  0.0815336 ],
        [ 0.54507988,  0.59885452,  0.60386655, ..., -0.14248592,
         -0.0815336 ,  0.        ]],

       [[ 0.        , -0.17690555, -0.60819562, ..., -0.89347729,
         -0.93663537, -0.95794888],
        [ 0.17690555,  0.        , -0.4581777 , ..., -0.95883498,
         -0.98383365, -0.99360104],
        [ 0.60819562,  0.4581777 ,  0.        , ..., -0.98237657,
         -0.95654363, -0.93492254],
        ...,
        [ 0.89347729,  0.95883498,  0.98237657, ...,  0.        ,
          0.10766048,  0.17384945],
        [ 0.93663537,  0.98383365,  0.95654363, ..., -0.10766048,
          0.        ,  0.06681794],
        [ 0.95794888,  0.99360104,  0.93492254, ..., -0.17384945,
         -0.06681794,  0.        ]],

       [[ 0.        , -0.37821186, -0.31144213, ..., -0.82680288,
         -0.62072488, -0.15993268],
        [ 0.37821186,  0.        ,  0.07109362, ..., -0.97812825,
         -0.87114571, -0.52139622],
        [ 0.31144213, -0.07109362,  0.        , ..., -0.96086557,
         -0.83403269, -0.45941167],
        ...,
        [ 0.82680288,  0.97812825,  0.96086557, ...,  0.        ,
         -0.29908435, -0.72619939],
        [ 0.62072488,  0.87114571,  0.83403269, ...,  0.29908435,
          0.        , -0.48734308],
        [ 0.15993268,  0.52139622,  0.45941167, ...,  0.72619939,
          0.48734308,  0.        ]]]), 'num': array([7.67884657e-01, 6.40585307e-01, 1.57743927e-06, 6.24016419e-04,
       6.24016419e-04, 6.10097837e-04, 5.58150596e-04, 1.62383455e-05,
       6.16902477e-04, 6.61828566e-04, 6.72576804e-04, 2.15281095e-07,
       7.26556761e-04, 5.97100371e-04])}
{'img': array([[[ 0.        ,  0.07015811,  0.36568236, ..., -0.75855166,
         -0.8531033 , -0.99802577],
        [-0.07015811,  0.        ,  0.29948233, ..., -0.71096657,
         -0.81439672, -0.99997285],
        [-0.36568236, -0.29948233,  0.        , ..., -0.46773081,
         -0.60322526, -0.95186919],
        ...,
        [ 0.75855166,  0.71096657,  0.46773081, ...,  0.        ,
          0.16012482,  0.69796791],
        [ 0.8531033 ,  0.81439672,  0.60322526, ..., -0.16012482,
          0.        ,  0.57429184],
        [ 0.99802577,  0.99997285,  0.95186919, ..., -0.69796791,
         -0.57429184,  0.        ]],

       [[ 0.        , -0.02375399, -0.0814498 , ...,  0.49434556,
         -0.06254944,  0.4998541 ],
        [ 0.02375399,  0.        , -0.05775174, ...,  0.5148546 ,
         -0.03882431,  0.52028662],
        [ 0.0814498 ,  0.05775174,  0.        , ...,  0.56350457,
          0.01894869,  0.56873776],
        ...,
        [-0.49434556, -0.5148546 , -0.56350457, ...,  0.        ,
         -0.54774963,  0.00634846],
        [ 0.06254944,  0.03882431, -0.01894869, ...,  0.54774963,
          0.        ,  0.55304998],
        [-0.4998541 , -0.52028662, -0.56873776, ..., -0.00634846,
         -0.55304998,  0.        ]],

       [[ 0.        , -0.06961806,  0.04871038, ..., -0.99928173,
         -0.9476301 , -0.77345915],
        [ 0.06961806,  0.        ,  0.11812761, ..., -0.99949536,
         -0.9675648 , -0.81570966],
        [-0.04871038, -0.11812761,  0.        , ..., -0.99624966,
         -0.93094857, -0.74166612],
        ...,
        [ 0.99928173,  0.99949536,  0.99624966, ...,  0.        ,
         -0.28323035, -0.6040808 ],
        [ 0.9476301 ,  0.9675648 ,  0.93094857, ...,  0.28323035,
          0.        , -0.35363204],
        [ 0.77345915,  0.81570966,  0.74166612, ...,  0.6040808 ,
          0.35363204,  0.        ]],

       ...,

       [[ 0.        ,  0.00627304,  0.22690052, ..., -0.66215751,
         -0.59885452, -0.39433416],
        [-0.00627304,  0.        ,  0.22078663, ..., -0.66684528,
         -0.60386655, -0.40009113],
        [-0.22690052, -0.22078663,  0.        , ..., -0.81491831,
         -0.76495022, -0.59256324],
        ...,
        [ 0.66215751,  0.66684528,  0.81491831, ...,  0.        ,
          0.0815336 ,  0.31300088],
        [ 0.59885452,  0.60386655,  0.76495022, ..., -0.0815336 ,
          0.        ,  0.23452201],
        [ 0.39433416,  0.40009113,  0.59256324, ..., -0.31300088,
         -0.23452201,  0.        ]],

       [[ 0.        , -0.58911997, -0.6522949 , ..., -0.93855063,
         -0.95962838, -0.95834093],
        [ 0.58911997,  0.        , -0.08055153, ..., -0.96172149,
         -0.94112583, -0.94265159],
        [ 0.6522949 ,  0.08055153,  0.        , ..., -0.93652288,
         -0.91083662, -0.91270204],
        ...,
        [ 0.93855063,  0.96172149,  0.93652288, ...,  0.        ,
          0.0672206 ,  0.06268811],
        [ 0.95962838,  0.94112583,  0.91083662, ..., -0.0672206 ,
          0.        , -0.00454207],
        [ 0.95834093,  0.94265159,  0.91270204, ..., -0.06268811,
          0.00454207,  0.        ]],

       [[ 0.        ,  0.21755875,  0.04887733, ..., -0.85488689,
         -0.6377094 , -0.21755875],
        [-0.21755875,  0.        , -0.16959214, ..., -0.72153736,
         -0.45485398, -0.        ],
        [-0.04887733,  0.16959214,  0.        , ..., -0.82850685,
         -0.59929812, -0.16959214],
        ...,
        [ 0.85488689,  0.72153736,  0.82850685, ...,  0.        ,
         -0.3276469 , -0.72153736],
        [ 0.6377094 ,  0.45485398,  0.59929812, ...,  0.3276469 ,
          0.        , -0.45485398],
        [ 0.21755875,  0.        ,  0.16959214, ...,  0.72153736,
          0.45485398,  0.        ]]]), 'num': array([7.45210160e-01, 6.66827167e-01, 9.59400158e-07, 6.12367132e-04,
       6.16114789e-04, 6.01124161e-04, 4.69738807e-04, 7.49531373e-06,
       5.97226598e-04, 6.38225964e-04, 6.50743138e-04, 2.57106692e-07,
       6.99807163e-04, 5.76644766e-04])}
{'img': array([[[ 0.        ,  0.29948233,  0.22499924, ..., -0.81439672,
         -0.99997285, -0.98667925],
        [-0.29948233,  0.        , -0.0771311 , ..., -0.60322526,
         -0.95186919, -0.99011161],
        [-0.22499924,  0.0771311 ,  0.        , ..., -0.66294574,
         -0.97267457, -0.99798212],
        ...,
        [ 0.81439672,  0.60322526,  0.66294574, ...,  0.        ,
          0.57429184,  0.70506261],
        [ 0.99997285,  0.95186919,  0.97267457, ..., -0.57429184,
          0.        ,  0.16994374],
        [ 0.98667925,  0.99011161,  0.99798212, ..., -0.70506261,
         -0.16994374,  0.        ]],

       [[ 0.        , -0.05775174,  0.26728136, ..., -0.03882431,
          0.52028662,  0.36951931],
        [ 0.05775174,  0.        ,  0.32248591, ...,  0.01894869,
          0.56873776,  0.42256683],
        [-0.26728136, -0.32248591,  0.        , ..., -0.30449167,
          0.27310176,  0.10771166],
        ...,
        [ 0.03882431, -0.01894869,  0.30449167, ...,  0.        ,
          0.55304998,  0.40531716],
        [-0.52028662, -0.56873776, -0.27310176, ..., -0.55304998,
          0.        , -0.16789589],
        [-0.36951931, -0.42256683, -0.10771166, ..., -0.40531716,
          0.16789589,  0.        ]],

       [[ 0.        ,  0.11757492,  0.38031997, ..., -0.9759766 ,
         -0.90225399, -0.81341815],
        [-0.11757492,  0.        ,  0.26894233, ..., -0.94359057,
         -0.84529708, -0.73938539],
        [-0.38031997, -0.26894233,  0.        , ..., -0.81977446,
         -0.67045822, -0.53106953],
        ...,
        [ 0.9759766 ,  0.94359057,  0.81977446, ...,  0.        ,
         -0.22426707, -0.39048171],
        [ 0.90225399,  0.84529708,  0.67045822, ...,  0.22426707,
          0.        , -0.17407258],
        [ 0.81341815,  0.73938539,  0.53106953, ...,  0.39048171,
          0.17407258,  0.        ]],

       ...,

       [[ 0.        ,  0.22078663,  0.05477571, ..., -0.60386655,
         -0.40009113, -0.20783754],
        [-0.22078663,  0.        , -0.1670312 , ..., -0.76495022,
         -0.59256324, -0.41867394],
        [-0.05477571,  0.1670312 ,  0.        , ..., -0.64662087,
         -0.44969105, -0.2611051 ],
        ...,
        [ 0.60386655,  0.76495022,  0.64662087, ...,  0.        ,
          0.23452201,  0.42501586],
        [ 0.40009113,  0.59256324,  0.44969105, ..., -0.23452201,
          0.        ,  0.2008765 ],
        [ 0.20783754,  0.41867394,  0.2611051 , ..., -0.42501586,
         -0.2008765 ,  0.        ]],

       [[ 0.        , -0.32821561, -0.46340133, ..., -0.97876913,
         -0.97774774, -0.94483085],
        [ 0.32821561,  0.        , -0.14688243, ..., -0.99182108,
         -0.99243769, -0.99999976],
        [ 0.46340133,  0.14688243,  0.        , ..., -0.96231625,
         -0.96364393, -0.98905158],
        ...,
        [ 0.97876913,  0.99182108,  0.96231625, ...,  0.        ,
         -0.00492529, -0.12694628],
        [ 0.97774774,  0.99243769,  0.96364393, ...,  0.00492529,
          0.        , -0.12205929],
        [ 0.94483085,  0.99999976,  0.98905158, ...,  0.12694628,
          0.12205929,  0.        ]],

       [[ 0.        , -0.16746485, -0.23926899, ..., -0.53776148,
         -0.31290847, -0.        ],
        [ 0.16746485,  0.        , -0.07328949, ..., -0.67135636,
         -0.46754491, -0.16746485],
        [ 0.23926899,  0.07328949,  0.        , ..., -0.72386827,
         -0.53107321, -0.23926899],
        ...,
        [ 0.53776148,  0.67135636,  0.72386827, ...,  0.        ,
         -0.24694467, -0.53776148],
        [ 0.31290847,  0.46754491,  0.53107321, ...,  0.24694467,
          0.        , -0.31290847],
        [ 0.        ,  0.16746485,  0.23926899, ...,  0.53776148,
          0.31290847,  0.        ]]]), 'num': array([ 7.31489177e-01,  6.81850806e-01,  6.26747118e-07,  5.83980844e-04,
        6.02414583e-04,  5.75132649e-04,  3.16087005e-04, -1.84337388e-05,
        5.87962532e-04,  6.23502780e-04,  6.38630735e-04,  1.59200471e-07,
        6.83561972e-04,  5.63443588e-04])}
{'img': array([[[ 0.        , -0.0771311 , -0.24558401, ..., -0.95186919,
         -0.99011161, -0.7925695 ],
        [ 0.0771311 ,  0.        , -0.17008343, ..., -0.97267457,
         -0.99798212, -0.83724153],
        [ 0.24558401,  0.17008343,  0.        , ..., -0.99799111,
         -0.99424073, -0.91804992],
        ...,
        [ 0.95186919,  0.97267457,  0.99799111, ...,  0.        ,
          0.16994374, -0.33750614],
        [ 0.99011161,  0.99798212,  0.99424073, ..., -0.16994374,
          0.        , -0.4925687 ],
        [ 0.7925695 ,  0.83724153,  0.91804992, ...,  0.33750614,
          0.4925687 ,  0.        ]],

       [[ 0.        ,  0.32248591, -0.46483685, ...,  0.56873776,
          0.42256683,  0.05953728],
