state_0,state_1,state_2,state_3,state_4,state_5,state_6,state_7,state_8,state_9,state_10,state_11,state_12,state_13,state_14,state_15,state_16,state_17,state_18,state_19,state_20,state_21,state_22,state_23,state_24,state_25,state_26,state_27,state_28,state_29,state_30,state_31,state_32,state_33,state_34,state_35,state_36,state_37,state_38,state_39,state_40,state_41,state_42,state_43,state_44,state_45,state_46,state_47,state_48,state_49,state_50,state_51,state_52,state_53,state_54,state_55,state_56,state_57,state_58,state_59,state_60,state_61,state_62,state_63,state_64,state_65,state_66,state_67,state_68,state_69,state_70,state_71,state_72,state_73,state_74,state_75,state_76,state_77,state_78,state_79,state_80,state_81,state_82,state_83,state_84,state_85,state_86,state_87,state_88,state_89,state_90,state_91,state_92,state_93,state_94,state_95,state_96,state_97,state_98,state_99,state_100,state_101,state_102,state_103,state_104,state_105,state_106,state_107,state_108,state_109,state_110,state_111,state_112,state_113,state_114,state_115,state_116,state_117,state_118,state_119,state_120,state_121,state_122,state_123,state_124,state_125,state_126,state_127,state_128,state_129,state_130,state_131,state_132,state_133,state_134,state_135,state_136,state_137,state_138,state_139,state_140,state_141,state_142,state_143,state_144,state_145,state_146,state_147,state_148,state_149,state_150,state_151,state_152,state_153,state_154,state_155,state_156,state_157,state_158,state_159,state_160,state_161,state_162,state_163,state_164,state_165,state_166,state_167,state_168,state_169,state_170,state_171,state_172,state_173,state_174,state_175,state_176,state_177,state_178,state_179,state_180,state_181,state_182,state_183,state_184,state_185,state_186,state_187,state_188,state_189,state_190,state_191,state_192,state_193,state_194,state_195,state_196,state_197,state_198,state_199,state_200,state_201,state_202,state_203,state_204,state_205,state_206,state_207,state_208,state_209,state_210,state_211,state_212,state_213,state_214,state_215,state_216,state_217,state_218,state_219,state_220,state_221,state_222,state_223,state_224,state_225,state_226,state_227,state_228,state_229,state_230,state_231,state_232,state_233,state_234,state_235,state_236,state_237,state_238,state_239,state_240,state_241,state_242,state_243,state_244,state_245,state_246,state_247,state_248,state_249,state_250,state_251,state_252,state_253,state_254,state_255,state_256,state_257,state_258,state_259,state_260,state_261,state_262,state_263,state_264,state_265,state_266,state_267,state_268,state_269,state_270,state_271,state_272,state_273,state_274,state_275,state_276,state_277,state_278,state_279,state_280,state_281,state_282,state_283,state_284,state_285,state_286,state_287
{'img': array([[[ 0.        ,  0.3201454 , -0.38036892, ..., -0.96912319,
         -0.98245166, -0.95779831],
        [-0.3201454 ,  0.        , -0.65643112, ..., -0.83917619,
         -0.87103099, -0.81536491],
        [ 0.38036892,  0.65643112,  0.        , ..., -0.99006914,
         -0.97955095, -0.99513892],
        ...,
        [ 0.96912319,  0.83917619,  0.99006914, ...,  0.        ,
          0.06149171, -0.04239477],
        [ 0.98245166,  0.87103099,  0.97955095, ..., -0.06149171,
          0.        , -0.10375096],
        [ 0.95779831,  0.81536491,  0.99513892, ...,  0.04239477,
          0.10375096,  0.        ]],

       [[ 0.        ,  0.07747415, -0.02364079, ...,  0.12019731,
          0.05688129,  0.05003967],
        [-0.07747415,  0.        , -0.10102224, ...,  0.04292358,
         -0.02063839, -0.02748783],
        [ 0.02364079,  0.10102224,  0.        , ...,  0.14363311,
          0.08046791,  0.07363686],
        ...,
        [-0.12019731, -0.04292358, -0.14363311, ...,  0.        ,
         -0.0635338 , -0.07036985],
        [-0.05688129,  0.02063839, -0.08046791, ...,  0.0635338 ,
          0.        , -0.00685138],
        [-0.05003967,  0.02748783, -0.07363686, ...,  0.07036985,
          0.00685138,  0.        ]],

       [[ 0.        ,  0.29034157,  0.37849888, ..., -0.98780321,
         -0.98996984, -0.92699751],
        [-0.29034157,  0.        ,  0.09345364, ..., -0.99046004,
         -0.90630584, -0.77816762],
        [-0.37849888, -0.09345364,  0.        , ..., -0.97324748,
         -0.86284391, -0.7160679 ],
        ...,
        [ 0.98780321,  0.99046004,  0.97324748, ...,  0.        ,
         -0.29370144, -0.5148333 ],
        [ 0.98996984,  0.90630584,  0.86284391, ...,  0.29370144,
          0.        , -0.24034031],
        [ 0.92699751,  0.77816762,  0.7160679 , ...,  0.5148333 ,
          0.24034031,  0.        ]],

       ...,

       [[ 0.        , -0.03398924, -0.29379314, ..., -0.35308858,
         -0.39087791, -0.42436471],
        [ 0.03398924,  0.        , -0.26113412, ..., -0.32108457,
         -0.35936691, -0.39334255],
        [ 0.29379314,  0.26113412,  0.        , ..., -0.06263654,
         -0.10320838, -0.13960994],
        ...,
        [ 0.35308858,  0.32108457,  0.06263654, ...,  0.        ,
         -0.04070368, -0.07731269],
        [ 0.39087791,  0.35936691,  0.10320838, ...,  0.04070368,
          0.        , -0.03666677],
        [ 0.42436471,  0.39334255,  0.13960994, ...,  0.07731269,
          0.03666677,  0.        ]],

       [[ 0.        ,  0.00902906,  0.00645423, ..., -0.95079757,
         -0.95196872, -0.95233983],
        [-0.00902906,  0.        , -0.00257491, ..., -0.95355613,
         -0.95469457, -0.95505523],
        [-0.00645423,  0.00257491,  0.        , ..., -0.95277737,
         -0.95392514, -0.95428879],
        ...,
        [ 0.95079757,  0.95355613,  0.95277737, ...,  0.        ,
         -0.00380235, -0.00501667],
        [ 0.95196872,  0.95469457,  0.95392514, ...,  0.00380235,
          0.        , -0.00121433],
        [ 0.95233983,  0.95505523,  0.95428879, ...,  0.00501667,
          0.00121433,  0.        ]],

       [[ 0.        ,  0.12654658, -0.0361964 , ..., -0.85841974,
         -0.84899826, -0.83190258],
        [-0.12654658,  0.        , -0.16236906, ..., -0.78660682,
         -0.77530621, -0.7549912 ],
        [ 0.0361964 ,  0.16236906,  0.        , ..., -0.87642408,
         -0.86756793, -0.8514436 ],
        ...,
        [ 0.85841974,  0.78660682,  0.87642408, ...,  0.        ,
         -0.01809338, -0.04963306],
        [ 0.84899826,  0.77530621,  0.86756793, ...,  0.01809338,
          0.        , -0.03155385],
        [ 0.83190258,  0.7549912 ,  0.8514436 , ...,  0.04963306,
          0.03155385,  0.        ]]]), 'num': array([ 7.06510379e-01,  7.06510379e-01,  0.00000000e+00,  4.21289523e-03,
        4.25214580e-03,  4.14747760e-03,  3.91351799e-02, -1.57002307e-04,
        4.36989753e-03,  4.51643302e-03,  4.56702265e-03,  1.14953519e-05,
        4.96438664e-03,  4.06847939e-03])}
{'img': array([[[ 0.00000000e+00, -6.56431120e-01, -7.60683628e-01, ...,
         -8.71030989e-01, -8.15364915e-01, -6.13784410e-01],
        [ 6.56431120e-01,  0.00000000e+00, -1.47744641e-01, ...,
         -9.79550945e-01, -9.95138918e-01, -9.81265439e-01],
        [ 7.60683628e-01,  1.47744641e-01,  0.00000000e+00, ...,
         -9.39075231e-01, -9.69667747e-01, -9.98961165e-01],
        ...,
        [ 8.71030989e-01,  9.79550945e-01,  9.39075231e-01, ...,
          0.00000000e+00, -1.03750965e-01, -3.86147912e-01],
        [ 8.15364915e-01,  9.95138918e-01,  9.69667747e-01, ...,
          1.03750965e-01,  0.00000000e+00, -2.88360274e-01],
        [ 6.13784410e-01,  9.81265439e-01,  9.98961165e-01, ...,
          3.86147912e-01,  2.88360274e-01,  0.00000000e+00]],

       [[ 0.00000000e+00, -1.01022235e-01, -1.88685994e-01, ...,
         -2.06383912e-02, -2.74878304e-02, -1.02461962e-01],
        [ 1.01022235e-01,  0.00000000e+00, -8.85130875e-02, ...,
          8.04679093e-02,  7.36368554e-02, -1.44723681e-03],
        [ 1.88685994e-01,  8.85130875e-02,  0.00000000e+00, ...,
          1.68378131e-01,  1.61620617e-01,  8.70714384e-02],
        ...,
        [ 2.06383912e-02, -8.04679093e-02, -1.68378131e-01, ...,
          0.00000000e+00, -6.85138291e-03, -8.19103687e-02],
        [ 2.74878304e-02, -7.36368554e-02, -1.61620617e-01, ...,
          6.85138291e-03,  0.00000000e+00, -7.50800860e-02],
        [ 1.02461962e-01,  1.44723681e-03, -8.70714384e-02, ...,
          8.19103687e-02,  7.50800860e-02,  0.00000000e+00]],

       [[ 0.00000000e+00,  9.34536390e-02, -1.86901825e-01, ...,
         -9.06305843e-01, -7.78167624e-01, -6.27715997e-01],
        [-9.34536390e-02,  0.00000000e+00, -2.77890729e-01, ...,
         -8.62843911e-01, -7.16067897e-01, -5.52220602e-01],
        [ 1.86901825e-01,  2.77890729e-01,  0.00000000e+00, ...,
         -9.69324366e-01, -8.81840151e-01, -7.62147072e-01],
        ...,
        [ 9.06305843e-01,  8.62843911e-01,  9.69324366e-01, ...,
          0.00000000e+00, -2.40340314e-01, -4.40220068e-01],
        [ 7.78167624e-01,  7.16067897e-01,  8.81840151e-01, ...,
          2.40340314e-01,  0.00000000e+00, -2.11517498e-01],
        [ 6.27715997e-01,  5.52220602e-01,  7.62147072e-01, ...,
          4.40220068e-01,  2.11517498e-01,  0.00000000e+00]],

       ...,

       [[ 0.00000000e+00, -2.61134121e-01, -3.71125359e-01, ...,
         -3.59366912e-01, -3.93342549e-01, -4.62057241e-01],
        [ 2.61134121e-01,  0.00000000e+00, -1.15763601e-01, ...,
         -1.03208382e-01, -1.39609938e-01, -2.14438201e-01],
        [ 3.71125359e-01,  1.15763601e-01,  0.00000000e+00, ...,
          1.26309047e-02, -2.40414321e-02, -9.99258313e-02],
        ...,
        [ 3.59366912e-01,  1.03208382e-01, -1.26309047e-02, ...,
          0.00000000e+00, -3.66667681e-02, -1.12485546e-01],
        [ 3.93342549e-01,  1.39609938e-01,  2.40414321e-02, ...,
          3.66667681e-02,  0.00000000e+00, -7.59758470e-02],
        [ 4.62057241e-01,  2.14438201e-01,  9.99258313e-02, ...,
          1.12485546e-01,  7.59758470e-02,  0.00000000e+00]],

       [[ 0.00000000e+00, -2.57490969e-03, -7.11727815e-04, ...,
         -9.54694567e-01, -9.55055231e-01, -9.52102011e-01],
        [ 2.57490969e-03,  0.00000000e+00,  1.86318359e-03, ...,
         -9.53925141e-01, -9.54288790e-01, -9.51311498e-01],
        [ 7.11727815e-04, -1.86318359e-03,  0.00000000e+00, ...,
         -9.54482524e-01, -9.54844013e-01, -9.51884138e-01],
        ...,
        [ 9.54694567e-01,  9.53925141e-01,  9.54482524e-01, ...,
          0.00000000e+00, -1.21432732e-03,  8.59345355e-03],
        [ 9.55055231e-01,  9.54288790e-01,  9.54844013e-01, ...,
          1.21432732e-03,  0.00000000e+00,  9.80772970e-03],
        [ 9.52102011e-01,  9.51311498e-01,  9.51884138e-01, ...,
         -8.59345355e-03, -9.80772970e-03,  0.00000000e+00]],

       [[ 0.00000000e+00, -1.62369064e-01, -2.21077634e-01, ...,
         -7.75306212e-01, -7.54991196e-01, -6.90773920e-01],
        [ 1.62369064e-01,  0.00000000e+00, -5.97925165e-02, ...,
         -8.67567926e-01, -8.51443603e-01, -7.99011748e-01],
        [ 2.21077634e-01,  5.97925165e-02,  0.00000000e+00, ...,
         -8.95751634e-01, -8.81278180e-01, -8.33536340e-01],
        ...,
        [ 7.75306212e-01,  8.67567926e-01,  8.95751634e-01, ...,
          0.00000000e+00, -3.15538511e-02, -1.24318479e-01],
        [ 7.54991196e-01,  8.51443603e-01,  8.81278180e-01, ...,
          3.15538511e-02,  0.00000000e+00, -9.29475069e-02],
        [ 6.90773920e-01,  7.99011748e-01,  8.33536340e-01, ...,
          1.24318479e-01,  9.29475069e-02,  0.00000000e+00]]]), 'num': array([7.06734147e-01, 7.06734147e-01, 0.00000000e+00, 4.26658022e-03,
       4.29275556e-03, 4.17496654e-03, 2.99796625e-02, 5.23506776e-05,
       4.33725364e-03, 4.50673896e-03, 4.54709260e-03, 1.19658692e-05,
       4.96799529e-03, 4.04548262e-03])}
{'img': array([[[ 0.00000000e+00, -4.74973683e-01, -4.74973683e-01, ...,
         -8.54166260e-01, -6.49923072e-01, -7.33212111e-01],
        [ 4.74973683e-01,  0.00000000e+00,  0.00000000e+00, ...,
         -9.98652624e-01, -9.32912303e-01, -9.68208763e-01],
        [ 4.74973683e-01,  0.00000000e+00,  0.00000000e+00, ...,
         -9.98652624e-01, -9.32912303e-01, -9.68208763e-01],
        ...,
        [ 8.54166260e-01,  9.98652624e-01,  9.98652624e-01, ...,
          0.00000000e+00, -3.11206360e-01, -1.99562759e-01],
        [ 6.49923072e-01,  9.32912303e-01,  9.32912303e-01, ...,
          3.11206360e-01,  0.00000000e+00,  1.15293515e-01],
        [ 7.33212111e-01,  9.68208763e-01,  9.68208763e-01, ...,
          1.99562759e-01, -1.15293515e-01,  0.00000000e+00]],

       [[ 0.00000000e+00, -8.85130875e-02, -2.06746509e-01, ...,
          7.36368554e-02, -1.44723681e-03, -9.77667990e-02],
        [ 8.85130875e-02,  0.00000000e+00, -1.19334310e-01, ...,
          1.61620617e-01,  8.70714384e-02, -9.29401325e-03],
        [ 2.06746509e-01,  1.19334310e-01,  0.00000000e+00, ...,
          2.78231115e-01,  2.05330324e-01,  1.10101556e-01],
        ...,
        [-7.36368554e-02, -1.61620617e-01, -2.78231115e-01, ...,
          0.00000000e+00, -7.50800860e-02, -1.70785461e-01],
        [ 1.44723681e-03, -8.70714384e-02, -2.05330324e-01, ...,
          7.50800860e-02,  0.00000000e+00, -9.63263930e-02],
        [ 9.77667990e-02,  9.29401325e-03, -1.10101556e-01, ...,
          1.70785461e-01,  9.63263930e-02,  0.00000000e+00]],

       [[ 0.00000000e+00, -2.77890729e-01, -4.63275256e-01, ...,
         -7.16067897e-01, -5.52220602e-01, -4.54805464e-01],
        [ 2.77890729e-01,  0.00000000e+00, -1.98757314e-01, ...,
         -8.81840151e-01, -7.62147072e-01, -6.84378829e-01],
        [ 4.63275256e-01,  1.98757314e-01,  0.00000000e+00, ...,
         -9.57970033e-01, -8.75617542e-01, -8.15643856e-01],
        ...,
        [ 7.16067897e-01,  8.81840151e-01,  9.57970033e-01, ...,
          0.00000000e+00, -2.11517498e-01, -3.20255342e-01],
        [ 5.52220602e-01,  7.62147072e-01,  8.75617542e-01, ...,
          2.11517498e-01,  0.00000000e+00, -1.12632174e-01],
        [ 4.54805464e-01,  6.84378829e-01,  8.15643856e-01, ...,
          3.20255342e-01,  1.12632174e-01,  0.00000000e+00]],

       ...,

       [[ 0.00000000e+00, -1.15763601e-01, -3.43667615e-01, ...,
         -1.39609938e-01, -2.14438201e-01, -1.59195810e-01],
        [ 1.15763601e-01,  0.00000000e+00, -2.32644470e-01, ...,
         -2.40414321e-02, -9.99258313e-02, -4.38382331e-02],
        [ 3.43667615e-01,  2.32644470e-01,  0.00000000e+00, ...,
          2.09195447e-01,  1.34296007e-01,  1.89785422e-01],
        ...,
        [ 1.39609938e-01,  2.40414321e-02, -2.09195447e-01, ...,
          0.00000000e+00, -7.59758470e-02, -1.98072425e-02],
        [ 2.14438201e-01,  9.99258313e-02, -1.34296007e-01, ...,
          7.59758470e-02,  0.00000000e+00,  5.62109490e-02],
        [ 1.59195810e-01,  4.38382331e-02, -1.89785422e-01, ...,
          1.98072425e-02, -5.62109490e-02,  0.00000000e+00]],

       [[ 0.00000000e+00,  1.86318359e-03,  1.12095039e-03, ...,
         -9.54288790e-01, -9.51311498e-01, -9.50363722e-01],
        [-1.86318359e-03,  0.00000000e+00, -7.42233974e-04, ...,
         -9.54844013e-01, -9.51884138e-01, -9.50941786e-01],
        [-1.12095039e-03,  7.42233974e-04,  0.00000000e+00, ...,
         -9.54623227e-01, -9.51656412e-01, -9.50711899e-01],
        ...,
        [ 9.54288790e-01,  9.54844013e-01,  9.54623227e-01, ...,
          0.00000000e+00,  9.80772970e-03,  1.28679676e-02],
        [ 9.51311498e-01,  9.51884138e-01,  9.51656412e-01, ...,
         -9.80772970e-03,  0.00000000e+00,  3.06043101e-03],
        [ 9.50363722e-01,  9.50941786e-01,  9.50711899e-01, ...,
         -1.28679676e-02, -3.06043101e-03,  0.00000000e+00]],

       [[ 0.00000000e+00, -6.96575053e-02, -5.29503632e-02, ...,
         -8.34724457e-01, -7.79845957e-01, -7.37692146e-01],
        [ 6.96575053e-02,  0.00000000e+00,  1.67380410e-02, ...,
         -8.71055031e-01, -8.21555296e-01, -7.82928642e-01],
        [ 5.29503632e-02, -1.67380410e-02,  0.00000000e+00, ...,
         -8.62711523e-01, -8.11897364e-01, -7.72406033e-01],
        ...,
        [ 8.34724457e-01,  8.71055031e-01,  8.62711523e-01, ...,
          0.00000000e+00, -9.30775998e-02, -1.57330222e-01],
        [ 7.79845957e-01,  8.21555296e-01,  8.11897364e-01, ...,
          9.30775998e-02,  0.00000000e+00, -6.47288127e-02],
        [ 7.37692146e-01,  7.82928642e-01,  7.72406033e-01, ...,
          1.57330222e-01,  6.47288127e-02,  0.00000000e+00]]]), 'num': array([7.06631159e-01, 7.06631159e-01, 0.00000000e+00, 4.35755882e-03,
       4.35755882e-03, 4.20052967e-03, 3.44767960e-02, 9.16003355e-05,
       4.32877014e-03, 4.50346507e-03, 4.52963659e-03, 1.33936625e-05,
       4.96739363e-03, 4.03953650e-03])}
{'img': array([[[ 0.00000000e+00,  0.00000000e+00,  2.04112836e-01, ...,
         -8.02969758e-01, -8.68081105e-01, -9.43958506e-01],
        [ 0.00000000e+00,  0.00000000e+00,  2.04112836e-01, ...,
         -8.02969758e-01, -8.68081105e-01, -9.43958506e-01],
        [-2.04112836e-01, -2.04112836e-01,  0.00000000e+00, ...,
         -6.64409846e-01, -7.48479530e-01, -8.56715366e-01],
        ...,
        [ 8.02969758e-01,  8.02969758e-01,  6.64409846e-01, ...,
          0.00000000e+00,  1.18781330e-01,  2.97586406e-01],
        [ 8.68081105e-01,  8.68081105e-01,  7.48479530e-01, ...,
         -1.18781330e-01,  0.00000000e+00,  1.82079696e-01],
        [ 9.43958506e-01,  9.43958506e-01,  8.56715366e-01, ...,
         -2.97586406e-01, -1.82079696e-01,  0.00000000e+00]],

       [[ 0.00000000e+00, -1.19334310e-01,  5.29090227e-02, ...,
          8.70714384e-02, -9.29401325e-03,  4.02871581e-02],
        [ 1.19334310e-01,  0.00000000e+00,  1.71698105e-01, ...,
          2.05330324e-01,  1.10101556e-01,  1.59236699e-01],
        [-5.29090227e-02, -1.71698105e-01,  0.00000000e+00, ...,
          3.42414027e-02, -6.21877330e-02, -1.26353388e-02],
        ...,
        [-8.70714384e-02, -2.05330324e-01, -3.42414027e-02, ...,
          0.00000000e+00, -9.63263930e-02, -4.68665985e-02],
        [ 9.29401325e-03, -1.10101556e-01,  6.21877330e-02, ...,
          9.63263930e-02,  0.00000000e+00,  4.95718860e-02],
        [-4.02871581e-02, -1.59236699e-01,  1.26353388e-02, ...,
          4.68665985e-02, -4.95718860e-02,  0.00000000e+00]],

       [[ 0.00000000e+00, -3.82133470e-01, -5.22435885e-01, ...,
         -5.57231563e-01, -4.59084013e-01, -4.32183440e-01],
        [ 3.82133470e-01,  0.00000000e+00, -1.56949712e-01, ...,
         -8.32248924e-01, -7.63727461e-01, -7.43986307e-01],
        [ 5.22435885e-01,  1.56949712e-01,  0.00000000e+00, ...,
         -9.08947782e-01, -8.55579409e-01, -8.39638776e-01],
        ...,
        [ 5.57231563e-01,  8.32248924e-01,  9.08947782e-01, ...,
          0.00000000e+00, -1.13836851e-01, -1.43636857e-01],
        [ 4.59084013e-01,  7.63727461e-01,  8.55579409e-01, ...,
          1.13836851e-01,  0.00000000e+00, -3.00467242e-02],
        [ 4.32183440e-01,  7.43986307e-01,  8.39638776e-01, ...,
          1.43636857e-01,  3.00467242e-02,  0.00000000e+00]],

       ...,

       [[ 0.00000000e+00, -2.32644470e-01, -4.17343859e-01, ...,
         -9.99258313e-02, -4.38382331e-02,  1.29911664e-01],
        [ 2.32644470e-01,  0.00000000e+00, -1.94477368e-01, ...,
          1.34296007e-01,  1.89785422e-01,  3.57020069e-01],
        [ 4.17343859e-01,  1.94477368e-01,  0.00000000e+00, ...,
          3.24447543e-01,  3.77104708e-01,  5.31864157e-01],
        ...,
        [ 9.99258313e-02, -1.34296007e-01, -3.24447543e-01, ...,
          0.00000000e+00,  5.62109490e-02,  2.28340459e-01],
        [ 4.38382331e-02, -1.89785422e-01, -3.77104708e-01, ...,
         -5.62109490e-02,  0.00000000e+00,  1.73253501e-01],
        [-1.29911664e-01, -3.57020069e-01, -5.31864157e-01, ...,
         -2.28340459e-01, -1.73253501e-01,  0.00000000e+00]],

       [[ 0.00000000e+00, -7.42233974e-04, -5.18705398e-03, ...,
         -9.51884138e-01, -9.50941786e-01, -9.50884965e-01],
        [ 7.42233974e-04,  0.00000000e+00, -4.44482856e-03, ...,
         -9.51656412e-01, -9.50711899e-01, -9.50654949e-01],
        [ 5.18705398e-03,  4.44482856e-03,  0.00000000e+00, ...,
         -9.50281717e-01, -9.49324275e-01, -9.49266549e-01],
        ...,
        [ 9.51884138e-01,  9.51656412e-01,  9.50281717e-01, ...,
          0.00000000e+00,  3.06043101e-03,  3.24404334e-03],
        [ 9.50941786e-01,  9.50711899e-01,  9.49324275e-01, ...,
         -3.06043101e-03,  0.00000000e+00,  1.83613243e-04],
        [ 9.50884965e-01,  9.50654949e-01,  9.49266549e-01, ...,
         -3.24404334e-03, -1.83613243e-04,  0.00000000e+00]],

       [[ 0.00000000e+00,  1.67380410e-02,  1.99281044e-01, ...,
         -8.21555296e-01, -7.82928642e-01, -7.73532226e-01],
        [-1.67380410e-02,  0.00000000e+00,  1.82850811e-01, ...,
         -8.11897364e-01, -7.72406033e-01, -7.62816011e-01],
        [-1.99281044e-01, -1.82850811e-01,  0.00000000e+00, ...,
         -6.91460980e-01, -6.43249923e-01, -6.31721259e-01],
        ...,
        [ 8.21555296e-01,  8.11897364e-01,  6.91460980e-01, ...,
          0.00000000e+00, -6.47288127e-02, -7.96533618e-02],
        [ 7.82928642e-01,  7.72406033e-01,  6.43249923e-01, ...,
          6.47288127e-02,  0.00000000e+00, -1.49631752e-02],
        [ 7.73532226e-01,  7.62816011e-01,  6.31721259e-01, ...,
          7.96533618e-02,  1.49631752e-02,  0.00000000e+00]]]), 'num': array([ 7.06677492e-01,  7.06677492e-01,  0.00000000e+00,  4.20080509e-03,
        4.29241143e-03,  4.20080509e-03,  3.25642223e-02, -1.57039443e-04,
        4.28194214e-03,  4.49132806e-03,  4.51183043e-03,  1.18832528e-05,
        4.97341329e-03,  4.00924283e-03])}
{'img': array([[[ 0.00000000e+00,  2.04112836e-01, -8.22150750e-01, ...,
         -8.68081105e-01, -9.43958506e-01, -7.83316679e-01],
        [-2.04112836e-01,  0.00000000e+00, -9.21037594e-01, ...,
         -7.48479530e-01, -8.56715366e-01, -6.39944596e-01],
        [ 8.22150750e-01,  9.21037594e-01,  0.00000000e+00, ...,
         -9.02306432e-01, -8.08729586e-01, -9.56986257e-01],
        ...,
        [ 8.68081105e-01,  7.48479530e-01,  9.02306432e-01, ...,
          0.00000000e+00,  1.82079696e-01, -1.50763117e-01],
        [ 9.43958506e-01,  8.56715366e-01,  8.08729586e-01, ...,
         -1.82079696e-01,  0.00000000e+00, -3.28241437e-01],
        [ 7.83316679e-01,  6.39944596e-01,  9.56986257e-01, ...,
          1.50763117e-01,  3.28241437e-01,  0.00000000e+00]],

       [[ 0.00000000e+00,  1.71698105e-01,  5.52103233e-01, ...,
          1.10101556e-01,  1.59236699e-01,  1.38973771e-01],
        [-1.71698105e-01,  0.00000000e+00,  4.00746569e-01, ...,
         -6.21877330e-02, -1.26353388e-02, -3.31219998e-02],
        [-5.52103233e-01, -4.00746569e-01,  0.00000000e+00, ...,
         -4.56946626e-01, -4.12290935e-01, -4.30872696e-01],
        ...,
        [-1.10101556e-01,  6.21877330e-02,  4.56946626e-01, ...,
          0.00000000e+00,  4.95718860e-02,  2.90957204e-02],
        [-1.59236699e-01,  1.26353388e-02,  4.12290935e-01, ...,
         -4.95718860e-02,  0.00000000e+00, -2.04909498e-02],
        [-1.38973771e-01,  3.31219998e-02,  4.30872696e-01, ...,
         -2.90957204e-02,  2.04909498e-02,  0.00000000e+00]],

       [[ 0.00000000e+00, -3.78126196e-01, -7.11173793e-01, ...,
         -4.67504447e-01, -4.40175352e-01, -1.91777061e-01],
        [ 3.78126196e-01,  0.00000000e+00, -3.92543170e-01, ...,
         -7.67054188e-01, -7.47018104e-01, -5.48646005e-01],
        [ 7.11173793e-01,  3.92543170e-01,  0.00000000e+00, ...,
         -9.57334253e-01, -9.48021786e-01, -8.32795740e-01],
        ...,
        [ 4.67504447e-01,  7.67054188e-01,  9.57334253e-01, ...,
          0.00000000e+00, -3.06668494e-02, -2.89297729e-01],
        [ 4.40175352e-01,  7.47018104e-01,  9.48021786e-01, ...,
          3.06668494e-02,  0.00000000e+00, -2.59806151e-01],
        [ 1.91777061e-01,  5.48646005e-01,  8.32795740e-01, ...,
          2.89297729e-01,  2.59806151e-01,  0.00000000e+00]],

       ...,

       [[ 0.00000000e+00, -1.94477368e-01, -8.78289457e-01, ...,
          1.89785422e-01,  3.57020069e-01,  1.80110279e-01],
        [ 1.94477368e-01,  0.00000000e+00, -7.68534952e-01, ...,
          3.77104708e-01,  5.31864157e-01,  3.67968403e-01],
        [ 8.78289457e-01,  7.68534952e-01,  0.00000000e+00, ...,
          9.53069038e-01,  9.91109052e-01,  9.50042286e-01],
        ...,
        [-1.89785422e-01, -3.77104708e-01, -9.53069038e-01, ...,
          0.00000000e+00,  1.73253501e-01, -9.84487030e-03],
        [-3.57020069e-01, -5.31864157e-01, -9.91109052e-01, ...,
         -1.73253501e-01,  0.00000000e+00, -1.82941094e-01],
        [-1.80110279e-01, -3.67968403e-01, -9.50042286e-01, ...,
          9.84487030e-03,  1.82941094e-01,  0.00000000e+00]],

       [[ 0.00000000e+00, -4.44482856e-03,  4.85323427e-02, ...,
         -9.50711899e-01, -9.50654949e-01, -9.47976466e-01],
        [ 4.44482856e-03,  0.00000000e+00,  5.29714541e-02, ...,
         -9.49324275e-01, -9.49266549e-01, -9.46552133e-01],
        [-4.85323427e-02, -5.29714541e-02,  0.00000000e+00, ...,
         -9.64640287e-01, -9.64591876e-01, -9.62309187e-01],
        ...,
        [ 9.50711899e-01,  9.49324275e-01,  9.64640287e-01, ...,
          0.00000000e+00,  1.83613243e-04,  8.70563865e-03],
        [ 9.50654949e-01,  9.49266549e-01,  9.64591876e-01, ...,
         -1.83613243e-04,  0.00000000e+00,  8.52203221e-03],
        [ 9.47976466e-01,  9.46552133e-01,  9.62309187e-01, ...,
         -8.70563865e-03, -8.52203221e-03,  0.00000000e+00]],

       [[ 0.00000000e+00,  1.82850811e-01, -2.80375853e-01, ...,
         -7.72406033e-01, -7.62816011e-01, -7.00621726e-01],
        [-1.82850811e-01,  0.00000000e+00, -4.51165624e-01, ...,
         -6.43249923e-01, -6.31721259e-01, -5.58339645e-01],
        [ 2.80375853e-01,  4.51165624e-01,  0.00000000e+00, ...,
         -9.19499907e-01, -9.13515087e-01, -8.72577391e-01],
        ...,
        [ 7.72406033e-01,  6.43249923e-01,  9.19499907e-01, ...,
          0.00000000e+00, -1.49631752e-02, -1.06151898e-01],
        [ 7.62816011e-01,  6.31721259e-01,  9.13515087e-01, ...,
          1.49631752e-02,  0.00000000e+00, -9.12613821e-02],
        [ 7.00621726e-01,  5.58339645e-01,  8.72577391e-01, ...,
          1.06151898e-01,  9.12613821e-02,  0.00000000e+00]]]), 'num': array([ 7.06610898e-01,  7.06610898e-01,  0.00000000e+00,  4.14806768e-03,
        4.25275077e-03,  4.10881152e-03,  3.53734650e-02, -5.23415480e-05,
        4.23704831e-03,  4.47127674e-03,  4.49243144e-03,  1.13655933e-05,
        4.97509642e-03,  3.96745705e-03])}
{'img': array([[[ 0.        , -0.92103759, -0.998614  , ..., -0.85671537,
         -0.6399446 , -0.52251257],
        [ 0.92103759,  0.        , -0.34045821, ..., -0.80872959,
         -0.95698626, -0.98881064],
        [ 0.998614  ,  0.34045821,  0.        , ..., -0.56016487,
         -0.80103731, -0.87895049],
        ...,
        [ 0.85671537,  0.80872959,  0.56016487, ...,  0.        ,
         -0.32824144, -0.46095609],
        [ 0.6399446 ,  0.95698626,  0.80103731, ...,  0.32824144,
          0.        , -0.14412731],
        [ 0.52251257,  0.98881064,  0.87895049, ...,  0.46095609,
          0.14412731,  0.        ]],

       [[ 0.        ,  0.40074657,  0.43746434, ..., -0.01263534,
         -0.033122  , -0.00329838],
        [-0.40074657,  0.        ,  0.04043435, ..., -0.41229094,
         -0.4308727 , -0.40376633],
        [-0.43746434, -0.04043435,  0.        , ..., -0.44879157,
         -0.4670088 , -0.44042799],
        ...,
        [ 0.01263534,  0.41229094,  0.44879157, ...,  0.        ,
         -0.02049095,  0.00933715],
        [ 0.033122  ,  0.4308727 ,  0.4670088 , ...,  0.02049095,
          0.        ,  0.02982524],
        [ 0.00329838,  0.40376633,  0.44042799, ..., -0.00933715,
         -0.02982524,  0.        ]],

       [[ 0.        , -0.63110067, -0.84034232, ..., -0.54804538,
         -0.39059942, -0.        ],
        [ 0.63110067,  0.        , -0.30976237, ..., -0.95300259,
         -0.88395485, -0.63110067],
        [ 0.84034232,  0.30976237,  0.        , ..., -0.99997448,
         -0.98531294, -0.84034232],
        ...,
        [ 0.54804538,  0.95300259,  0.99997448, ...,  0.        ,
         -0.17779273, -0.54804538],
        [ 0.39059942,  0.88395485,  0.98531294, ...,  0.17779273,
          0.        , -0.39059942],
        [ 0.        ,  0.63110067,  0.84034232, ...,  0.54804538,
          0.39059942,  0.        ]],

       ...,

       [[ 0.        , -0.76853495, -0.83038532, ...,  0.53186416,
          0.3679684 ,  0.30944028],
        [ 0.76853495,  0.        , -0.10306734, ...,  0.99110905,
          0.95004229,  0.9287967 ],
        [ 0.83038532,  0.10306734,  0.        , ...,  0.9995441 ,
          0.97715223,  0.96204597],
        ...,
        [-0.53186416, -0.99110905, -0.9995441 , ...,  0.        ,
         -0.18294109, -0.24371646],
        [-0.3679684 , -0.95004229, -0.97715223, ...,  0.18294109,
          0.        , -0.06217868],
        [-0.30944028, -0.9287967 , -0.96204597, ...,  0.24371646,
          0.06217868,  0.        ]],

       [[ 0.        ,  0.05297145,  0.1650948 , ..., -0.94926655,
         -0.94655213, -0.94551262],
        [-0.05297145,  0.        ,  0.11261845, ..., -0.96459188,
         -0.96230919, -0.96143188],
        [-0.1650948 , -0.11261845,  0.        , ..., -0.98815822,
         -0.98681473, -0.98629048],
        ...,
        [ 0.94926655,  0.96459188,  0.98815822, ...,  0.        ,
          0.00852203,  0.01172957],
        [ 0.94655213,  0.96230919,  0.98681473, ..., -0.00852203,
          0.        ,  0.0032077 ],
        [ 0.94551262,  0.96143188,  0.98629048, ..., -0.01172957,
         -0.0032077 ,  0.        ]],

       [[ 0.        , -0.45116562, -0.73910124, ..., -0.63172126,
         -0.55833965, -0.42889089],
        [ 0.45116562,  0.        , -0.35570106, ..., -0.91351509,
         -0.87257739, -0.7903228 ],
        [ 0.73910124,  0.35570106,  0.        , ..., -0.99847192,
         -0.98926203, -0.95657024],
        ...,
        [ 0.63172126,  0.91351509,  0.99847192, ...,  0.        ,
         -0.09126138, -0.23819504],
        [ 0.55833965,  0.87257739,  0.98926203, ...,  0.09126138,
          0.        , -0.14856641],
        [ 0.42889089,  0.7903228 ,  0.95657024, ...,  0.23819504,
          0.14856641,  0.        ]]]), 'num': array([ 7.06693887e-01,  7.06693887e-01,  0.00000000e+00,  4.09620716e-03,
        4.18781562e-03,  4.08312023e-03,  3.19182220e-02, -5.23476953e-05,
        4.21398947e-03,  4.45020845e-03,  4.47289245e-03,  1.11129186e-05,
        4.97898981e-03,  3.92142708e-03])}
{'img': array([[[ 0.        , -0.35482827, -0.75249705, ..., -0.96732255,
         -0.99405152, -0.99624849],
        [ 0.35482827,  0.        , -0.46984485, ..., -0.81441398,
         -0.89072543, -0.96213048],
        [ 0.75249705,  0.46984485,  0.        , ..., -0.44627955,
         -0.57272289, -0.72124503],
        ...,
        [ 0.96732255,  0.81441398,  0.44627955, ...,  0.        ,
         -0.14668882, -0.33630864],
        [ 0.99405152,  0.89072543,  0.57272289, ...,  0.14668882,
          0.        , -0.19452622],
        [ 0.99624849,  0.96213048,  0.72124503, ...,  0.33630864,
          0.19452622,  0.        ]],

       [[ 0.        ,  0.04043435,  0.05277731, ..., -0.4308727 ,
         -0.40376633, -0.4372807 ],
        [-0.04043435,  0.        ,  0.01235615, ..., -0.4670088 ,
         -0.44042799, -0.47328672],
        [-0.05277731, -0.01235615,  0.        , ..., -0.47789911,
         -0.45148757, -0.48413523],
        ...,
        [ 0.4308727 ,  0.4670088 ,  0.47789911, ...,  0.        ,
          0.02982524, -0.00711305],
        [ 0.40376633,  0.44042799,  0.45148757, ..., -0.02982524,
          0.        , -0.03693438],
        [ 0.4372807 ,  0.47328672,  0.48413523, ...,  0.00711305,
          0.03693438,  0.        ]],

       [[ 0.        , -0.66936846, -0.91493599, ..., -0.49948262,
         -0.30067232, -0.        ],
        [ 0.66936846,  0.        , -0.40957752, ..., -0.95097082,
         -0.86177378, -0.66936846],
        [ 0.91493599,  0.40957752,  0.        , ..., -0.9942216 ,
         -0.99395066, -0.91493599],
        ...,
        [ 0.49948262,  0.95097082,  0.9942216 , ...,  0.        ,
         -0.2158907 , -0.49948262],
        [ 0.30067232,  0.86177378,  0.99395066, ...,  0.2158907 ,
          0.        , -0.30067232],
        [ 0.        ,  0.66936846,  0.91493599, ...,  0.49948262,
          0.30067232,  0.        ]],

       ...,

       [[ 0.        , -0.10306734, -0.10306734, ...,  0.95004229,
          0.9287967 ,  0.9170233 ],
        [ 0.10306734,  0.        ,  0.        , ...,  0.97715223,
          0.96204597,  0.95324631],
        [ 0.10306734,  0.        ,  0.        , ...,  0.97715223,
          0.96204597,  0.95324631],
        ...,
        [-0.95004229, -0.97715223, -0.97715223, ...,  0.        ,
         -0.06217868, -0.09268638],
        [-0.9287967 , -0.96204597, -0.96204597, ...,  0.06217868,
          0.        , -0.03059601],
        [-0.9170233 , -0.95324631, -0.95324631, ...,  0.09268638,
          0.03059601,  0.        ]],

       [[ 0.        ,  0.11261845,  0.31024011, ..., -0.96230919,
         -0.96143188, -0.96006748],
        [-0.11261845,  0.        ,  0.2012048 , ..., -0.98681473,
         -0.98629048, -0.98546692],
        [-0.31024011, -0.2012048 ,  0.        , ..., -0.99919936,
         -0.99932255, -0.99949148],
        ...,
        [ 0.96230919,  0.98681473,  0.99919936, ...,  0.        ,
          0.0032077 ,  0.00812604],
        [ 0.96143188,  0.98629048,  0.99932255, ..., -0.0032077 ,
          0.        ,  0.0049184 ],
        [ 0.96006748,  0.98546692,  0.99949148, ..., -0.00812604,
         -0.0049184 ,  0.        ]],

       [[ 0.        , -0.63959065, -0.91521262, ..., -0.57246634,
         -0.44027412, -0.17046049],
        [ 0.63959065,  0.        , -0.44580161, ..., -0.96448228,
         -0.91271067, -0.76126559],
        [ 0.91521262,  0.44580161,  0.        , ..., -0.98109616,
         -0.99915375, -0.97050872],
        ...,
        [ 0.57246634,  0.96448228,  0.98109616, ...,  0.        ,
         -0.15300339, -0.42432264],
        [ 0.44027412,  0.91271067,  0.99915375, ...,  0.15300339,
          0.        , -0.28078026],
        [ 0.17046049,  0.76126559,  0.97050872, ...,  0.42432264,
          0.28078026,  0.        ]]]), 'num': array([7.06880614e-01, 7.06880614e-01, 0.00000000e+00, 4.16274140e-03,
       4.21510292e-03, 4.11037987e-03, 2.21473551e-02, 6.54519087e-05,
       4.19415831e-03, 4.43502134e-03, 4.46142027e-03, 9.93607289e-06,
       4.97820751e-03, 3.89183516e-03])}
{'img': array([[[ 0.        , -0.46984485, -0.53215877, ..., -0.89072543,
         -0.96213048, -0.87196154],
        [ 0.46984485,  0.        , -0.07197103, ..., -0.57272289,
         -0.72124503, -0.53969918],
        [ 0.53215877,  0.07197103,  0.        , ..., -0.51223948,
         -0.66952175, -0.47771021],
        ...,
        [ 0.89072543,  0.57272289,  0.51223948, ...,  0.        ,
         -0.19452622,  0.03973342],
        [ 0.96213048,  0.72124503,  0.66952175, ...,  0.19452622,
          0.        ,  0.23334702],
        [ 0.87196154,  0.53969918,  0.47771021, ..., -0.03973342,
         -0.23334702,  0.        ]],

       [[ 0.        ,  0.01235615, -0.33546194, ..., -0.44042799,
         -0.47328672, -0.57886187],
        [-0.01235615,  0.        , -0.34707649, ..., -0.45148757,
         -0.48413523, -0.5888932 ],
        [ 0.33546194,  0.34707649,  0.        , ..., -0.11373316,
         -0.15035028, -0.27177474],
        ...,
        [ 0.44042799,  0.45148757,  0.11373316, ...,  0.        ,
         -0.03693438, -0.16055895],
        [ 0.47328672,  0.48413523,  0.15035028, ...,  0.03693438,
          0.        , -0.1239942 ],
        [ 0.57886187,  0.5888932 ,  0.27177474, ...,  0.16055895,
          0.1239942 ,  0.        ]],

       [[ 0.        , -0.78492046, -0.97506897, ..., -0.4316999 ,
         -0.30015485, -0.        ],
        [ 0.78492046,  0.        , -0.42997393, ..., -0.97549159,
         -0.93470307, -0.78492046],
        [ 0.97506897,  0.42997393,  0.        , ..., -0.97532415,
         -0.99671398, -0.97506897],
        ...,
        [ 0.4316999 ,  0.97549159,  0.97532415, ...,  0.        ,
         -0.14104957, -0.4316999 ],
        [ 0.30015485,  0.93470307,  0.99671398, ...,  0.14104957,
          0.        , -0.30015485],
        [ 0.        ,  0.78492046,  0.97506897, ...,  0.4316999 ,
          0.30015485,  0.        ]],

       ...,

       [[ 0.        ,  0.        ,  0.08161104, ...,  0.96204597,
          0.95324631,  0.90038899],
        [ 0.        ,  0.        ,  0.08161104, ...,  0.96204597,
          0.95324631,  0.90038899],
        [-0.08161104, -0.08161104,  0.        , ...,  0.93656621,
          0.92540412,  0.86187771],
        ...,
        [-0.96204597, -0.96204597, -0.93656621, ...,  0.        ,
         -0.03059601, -0.17286773],
        [-0.95324631, -0.95324631, -0.92540412, ...,  0.03059601,
          0.        , -0.14265141],
        [-0.90038899, -0.90038899, -0.86187771, ...,  0.17286773,
          0.14265141,  0.        ]],

       [[ 0.        ,  0.2012048 ,  0.38443016, ..., -0.98629048,
         -0.98546692, -0.98599134],
        [-0.2012048 ,  0.        ,  0.19082522, ..., -0.99932255,
         -0.99949148, -0.99938728],
        [-0.38443016, -0.19082522,  0.        , ..., -0.97393615,
         -0.97503997, -0.97434353],
        ...,
        [ 0.98629048,  0.99932255,  0.97393615, ...,  0.        ,
          0.0049184 ,  0.00180301],
        [ 0.98546692,  0.99949148,  0.97503997, ..., -0.0049184 ,
          0.        , -0.0031154 ],
        [ 0.98599134,  0.99938728,  0.97434353, ..., -0.00180301,
          0.0031154 ,  0.        ]],

       [[ 0.        , -0.80280422, -0.9711477 , ..., -0.5429089 ,
         -0.35096934, -0.        ],
        [ 0.80280422,  0.        , -0.38758794, ..., -0.99789372,
         -0.96099831, -0.80280422],
        [ 0.9711477 ,  0.38758794,  0.        , ..., -0.94503395,
         -0.99306879, -0.9711477 ],
        ...,
        [ 0.5429089 ,  0.99789372,  0.94503395, ...,  0.        ,
         -0.21363171, -0.5429089 ],
        [ 0.35096934,  0.96099831,  0.99306879, ...,  0.21363171,
          0.        , -0.35096934],
        [ 0.        ,  0.80280422,  0.9711477 , ...,  0.5429089 ,
          0.35096934,  0.        ]]]), 'num': array([ 7.06607964e-01,  7.06607964e-01,  0.00000000e+00,  4.04336779e-03,
        4.16113579e-03,  4.01719713e-03,  3.55620086e-02, -1.17767994e-04,
        4.12973099e-03,  4.41237418e-03,  4.44857693e-03,  3.79574535e-06,
        4.98098270e-03,  3.84376565e-03])}
{'img': array([[[ 0.        , -0.07065082, -0.19336147, ..., -0.6940764 ,
         -0.52462897, -0.92647997],
        [ 0.07065082,  0.        , -0.12356081, ..., -0.64148036,
         -0.46317075, -0.89757577],
        [ 0.19336147,  0.12356081,  0.        , ..., -0.54177632,
         -0.35011334, -0.83622461],
        ...,
        [ 0.6940764 ,  0.64148036,  0.54177632, ...,  0.        ,
          0.21320764, -0.40576263],
        [ 0.52462897,  0.46317075,  0.35011334, ..., -0.21320764,
          0.        , -0.59130009],
        [ 0.92647997,  0.89757577,  0.83622461, ...,  0.40576263,
          0.59130009,  0.        ]],

       [[ 0.        , -0.34707649, -0.13942905, ..., -0.48413523,
         -0.5888932 , -0.44975374],
        [ 0.34707649,  0.        ,  0.21292457, ..., -0.15035028,
         -0.27177474, -0.11180335],
        [ 0.13942905, -0.21292457,  0.        , ..., -0.35740675,
         -0.47045286, -0.32082916],
        ...,
        [ 0.48413523,  0.15035028,  0.35740675, ...,  0.        ,
         -0.1239942 ,  0.03887517],
        [ 0.5888932 ,  0.27177474,  0.47045286, ...,  0.1239942 ,
          0.        ,  0.16247564],
        [ 0.44975374,  0.11180335,  0.32082916, ..., -0.03887517,
         -0.16247564,  0.        ]],

       [[ 0.        , -0.83677887, -0.99844545, ..., -0.61289555,
