state_0,state_1,state_2,state_3,state_4,state_5,state_6,state_7,state_8,state_9,state_10,state_11,state_12,state_13,state_14,state_15,state_16,state_17,state_18,state_19,state_20,state_21,state_22,state_23,state_24,state_25,state_26,state_27,state_28,state_29,state_30,state_31,state_32,state_33,state_34,state_35,state_36,state_37,state_38,state_39,state_40,state_41,state_42,state_43,state_44,state_45,state_46,state_47,state_48,state_49,state_50,state_51,state_52,state_53,state_54,state_55,state_56,state_57,state_58,state_59,state_60,state_61,state_62,state_63,state_64,state_65,state_66,state_67,state_68,state_69,state_70,state_71,state_72,state_73,state_74,state_75,state_76,state_77,state_78,state_79,state_80,state_81,state_82,state_83,state_84,state_85,state_86,state_87,state_88,state_89,state_90,state_91,state_92,state_93,state_94,state_95,state_96,state_97,state_98,state_99,state_100,state_101,state_102,state_103,state_104,state_105,state_106,state_107,state_108,state_109,state_110,state_111,state_112,state_113,state_114,state_115,state_116,state_117,state_118,state_119,state_120,state_121,state_122,state_123,state_124,state_125,state_126,state_127,state_128,state_129,state_130,state_131,state_132,state_133,state_134,state_135,state_136,state_137,state_138,state_139,state_140,state_141,state_142,state_143,state_144,state_145,state_146,state_147,state_148,state_149,state_150,state_151,state_152,state_153,state_154,state_155,state_156,state_157,state_158,state_159,state_160,state_161,state_162,state_163,state_164,state_165,state_166,state_167,state_168,state_169,state_170,state_171,state_172,state_173,state_174,state_175,state_176,state_177,state_178,state_179,state_180,state_181,state_182,state_183,state_184,state_185,state_186,state_187,state_188,state_189,state_190,state_191,state_192,state_193,state_194,state_195,state_196,state_197,state_198,state_199,state_200,state_201,state_202,state_203,state_204,state_205,state_206,state_207,state_208,state_209,state_210,state_211,state_212,state_213,state_214,state_215,state_216,state_217,state_218,state_219,state_220,state_221,state_222,state_223,state_224,state_225,state_226,state_227,state_228,state_229,state_230,state_231,state_232,state_233,state_234,state_235,state_236,state_237,state_238,state_239,state_240,state_241,state_242,state_243,state_244,state_245,state_246,state_247,state_248,state_249,state_250,state_251,state_252,state_253,state_254,state_255,state_256,state_257,state_258,state_259,state_260,state_261,state_262,state_263,state_264,state_265,state_266,state_267,state_268,state_269,state_270,state_271,state_272,state_273,state_274,state_275,state_276,state_277,state_278,state_279,state_280,state_281,state_282,state_283,state_284,state_285,state_286,state_287
{'img': array([[[ 0.        ,  0.2813832 ,  0.34539943, ...,  0.88591929,
          0.82043753,  0.87869524],
        [-0.2813832 ,  0.        ,  0.06737805, ...,  0.71960754,
          0.62641119,  0.70886438],
        [-0.34539943, -0.06737805,  0.        , ...,  0.6711862 ,
          0.57246698,  0.65972874],
        ...,
        [-0.88591929, -0.71960754, -0.6711862 , ...,  0.        ,
         -0.12596085, -0.01534947],
        [-0.82043753, -0.62641119, -0.57246698, ...,  0.12596085,
          0.        ,  0.1107188 ],
        [-0.87869524, -0.70886438, -0.65972874, ...,  0.01534947,
         -0.1107188 ,  0.        ]],

       [[ 0.        ,  0.19983526, -0.33168245, ..., -0.47453271,
         -0.27356872, -0.34790129],
        [-0.19983526,  0.        , -0.51351506, ..., -0.64086371,
         -0.46026274, -0.52823574],
        [ 0.33168245,  0.51351506,  0.        , ..., -0.15571047,
          0.06094729, -0.01724434],
        ...,
        [ 0.47453271,  0.64086371,  0.15571047, ...,  0.        ,
          0.2156249 ,  0.13865331],
        [ 0.27356872,  0.46026274, -0.06094729, ..., -0.2156249 ,
          0.        , -0.07815051],
        [ 0.34790129,  0.52823574,  0.01724434, ..., -0.13865331,
          0.07815051,  0.        ]],

       [[ 0.        ,  0.57386863,  0.76484822, ...,  0.71722457,
          0.82491064,  0.87083301],
        [-0.57386863,  0.        ,  0.25667822, ...,  0.987265  ,
          0.99994519,  0.99526814],
        [-0.76484822, -0.25667822,  0.        , ...,  0.99502206,
          0.96375664,  0.93698308],
        ...,
        [-0.71722457, -0.987265  , -0.99502206, ...,  0.        ,
         -0.16941184, -0.25426061],
        [-0.82491064, -0.99994519, -0.96375664, ...,  0.16941184,
          0.        , -0.08674112],
        [-0.87083301, -0.99526814, -0.93698308, ...,  0.25426061,
          0.08674112,  0.        ]],

       ...,

       [[ 0.        ,  0.39496992,  0.48046046, ...,  0.19450505,
          0.13412956,  0.15618866],
        [-0.39496992,  0.        ,  0.09500108, ..., -0.20873596,
         -0.26817687, -0.24663296],
        [-0.48046046, -0.09500108,  0.        , ..., -0.30070028,
         -0.35848511, -0.33758387],
        ...,
        [-0.19450505,  0.20873596,  0.30070028, ...,  0.        ,
         -0.06117958, -0.03891225],
        [-0.13412956,  0.26817687,  0.35848511, ...,  0.06117958,
          0.        ,  0.02229389],
        [-0.15618866,  0.24663296,  0.33758387, ...,  0.03891225,
         -0.02229389,  0.        ]],

       [[ 0.        ,  0.54548757,  0.71649494, ...,  0.25504058,
          0.19988145,  0.        ],
        [-0.54548757,  0.        ,  0.21998004, ...,  0.74120282,
          0.7020041 ,  0.54548757],
        [-0.71649494, -0.21998004,  0.        , ...,  0.87071504,
          0.84147189,  0.71649494],
        ...,
        [-0.25504058, -0.74120282, -0.87071504, ...,  0.        ,
          0.05662244,  0.25504058],
        [-0.19988145, -0.7020041 , -0.84147189, ..., -0.05662244,
          0.        ,  0.19988145],
        [-0.        , -0.54548757, -0.71649494, ..., -0.25504058,
         -0.19988145,  0.        ]],

       [[ 0.        , -0.24160808, -0.45543681, ...,  0.48920305,
          0.62750315,  0.74212933],
        [ 0.24160808,  0.        , -0.22684804, ...,  0.68543317,
          0.79703212,  0.88208238],
        [ 0.45543681,  0.22684804,  0.        , ...,  0.83274016,
          0.91325553,  0.96595366],
        ...,
        [-0.48920305, -0.68543317, -0.83274016, ...,  0.        ,
          0.16638902,  0.31937125],
        [-0.62750315, -0.79703212, -0.91325553, ..., -0.16638902,
          0.        ,  0.15724411],
        [-0.74212933, -0.88208238, -0.96595366, ..., -0.31937125,
         -0.15724411,  0.        ]]]), 'num': array([7.07092368e-01, 7.07092368e-01, 0.00000000e+00, 1.27413736e-03,
       1.28099282e-03, 1.22223168e-03, 5.36361880e-03, 2.64425124e-05,
       1.25533379e-03, 1.20097974e-03, 1.10497057e-03, 6.69612000e-07,
       1.44128103e-03, 9.60678450e-04])}
{'img': array([[[ 0.        ,  0.06737805, -0.06419645, ...,  0.62641119,
          0.70886438,  0.80091808],
        [-0.06737805,  0.        , -0.13128964, ...,  0.57246698,
          0.65972874,  0.75875378],
        [ 0.06419645,  0.13128964,  0.        , ...,  0.67515975,
          0.75268283,  0.83770517],
        ...,
        [-0.62641119, -0.57246698, -0.67515975, ...,  0.        ,
          0.1107188 ,  0.24923117],
        [-0.70886438, -0.65972874, -0.75268283, ..., -0.1107188 ,
          0.        ,  0.14047388],
        [-0.80091808, -0.75875378, -0.83770517, ..., -0.24923117,
         -0.14047388,  0.        ]],

       [[ 0.        , -0.51351506, -0.51656856, ..., -0.46026274,
         -0.52823574, -0.59484145],
        [ 0.51351506,  0.        , -0.00356232, ...,  0.06094729,
         -0.01724434, -0.09763639],
        [ 0.51656856,  0.00356232,  0.        , ...,  0.0645026 ,
         -0.01368244, -0.09409047],
        ...,
        [ 0.46026274, -0.06094729, -0.0645026 , ...,  0.        ,
         -0.07815051, -0.15811097],
        [ 0.52823574,  0.01724434,  0.01368244, ...,  0.07815051,
          0.        , -0.08045992],
        [ 0.59484145,  0.09763639,  0.09409047, ...,  0.15811097,
          0.08045992,  0.        ]],

       [[ 0.        ,  0.58936022,  0.74013919, ...,  0.85295115,
          0.89752075,  0.90584415],
        [-0.58936022,  0.        ,  0.20161906, ...,  0.99671454,
          0.98497191,  0.98146419],
        [-0.74013919, -0.20161906,  0.        , ...,  0.95991596,
          0.92992198,  0.92266944],
        ...,
        [-0.85295115, -0.99671454, -0.95991596, ...,  0.        ,
         -0.09236976, -0.11152267],
        [-0.89752075, -0.98497191, -0.92992198, ...,  0.09236976,
          0.        , -0.01925235],
        [-0.90584415, -0.98146419, -0.92266944, ...,  0.11152267,
          0.01925235,  0.        ]],

       ...,

       [[ 0.        ,  0.09500108, -0.10860466, ..., -0.26817687,
         -0.24663296, -0.22947289],
        [-0.09500108,  0.        , -0.20255261, ..., -0.35848511,
         -0.33758387, -0.320901  ],
        [ 0.10860466,  0.20255261,  0.        , ..., -0.16196417,
         -0.13992438, -0.12240901],
        ...,
        [ 0.26817687,  0.35848511,  0.16196417, ...,  0.        ,
          0.02229389,  0.03995336],
        [ 0.24663296,  0.33758387,  0.13992438, ..., -0.02229389,
          0.        ,  0.01766734],
        [ 0.22947289,  0.320901  ,  0.12240901, ..., -0.03995336,
         -0.01766734,  0.        ]],

       [[ 0.        ,  0.52715211,  0.65854829, ...,  0.33149871,
          0.26214362,  0.        ],
        [-0.52715211,  0.        ,  0.16291296, ...,  0.77904262,
          0.73147903,  0.52715211],
        [-0.65854829, -0.16291296,  0.        , ...,  0.87077665,
          0.83279127,  0.65854829],
        ...,
        [-0.33149871, -0.77904262, -0.87077665, ...,  0.        ,
          0.07258495,  0.33149871],
        [-0.26214362, -0.73147903, -0.83279127, ..., -0.07258495,
          0.        ,  0.26214362],
        [-0.        , -0.52715211, -0.65854829, ..., -0.33149871,
         -0.26214362,  0.        ]],

       [[ 0.        , -0.22684804, -0.30866425, ...,  0.79703212,
          0.88208238,  0.93734212],
        [ 0.22684804,  0.        , -0.08484614, ...,  0.91325553,
          0.96595366,  0.99194196],
        [ 0.30866425,  0.08484614,  0.        , ...,  0.94452762,
          0.98442147,  0.99911451],
        ...,
        [-0.79703212, -0.91325553, -0.94452762, ...,  0.        ,
          0.15724411,  0.28840129],
        [-0.88208238, -0.96595366, -0.98442147, ..., -0.15724411,
          0.        ,  0.13425076],
        [-0.93734212, -0.99194196, -0.99911451, ..., -0.28840129,
         -0.13425076,  0.        ]]]), 'num': array([7.07093300e-01, 7.07093300e-01, 0.00000000e+00, 1.28980869e-03,
       1.29568482e-03, 1.25455196e-03, 5.08772237e-03, 1.56696576e-05,
       1.25768590e-03, 1.21199905e-03, 1.10818757e-03, 6.74626672e-07,
       1.44732325e-03, 9.76674848e-04])}
{'img': array([[[ 0.        , -0.13128964,  0.21468129, ...,  0.65972874,
          0.75875378,  0.81273457],
        [ 0.13128964,  0.        ,  0.34105152, ...,  0.75268283,
          0.83770517,  0.88219341],
        [-0.21468129, -0.34105152,  0.        , ...,  0.48301281,
          0.60122424,  0.66870434],
        ...,
        [-0.65972874, -0.75268283, -0.48301281, ...,  0.        ,
          0.14047388,  0.22639266],
        [-0.75875378, -0.83770517, -0.60122424, ..., -0.14047388,
          0.        ,  0.0873212 ],
        [-0.81273457, -0.88219341, -0.66870434, ..., -0.22639266,
         -0.0873212 ,  0.        ]],

       [[ 0.        , -0.00356232,  0.25573641, ..., -0.01724434,
         -0.09763639, -0.13343632],
        [ 0.00356232,  0.        ,  0.25917865, ..., -0.01368244,
         -0.09409047, -0.12990501],
        [-0.25573641, -0.25917865,  0.        , ..., -0.27236929,
         -0.34890418, -0.38244856],
        ...,
        [ 0.01724434,  0.01368244,  0.27236929, ...,  0.        ,
         -0.08045992, -0.11632635],
        [ 0.09763639,  0.09409047,  0.34890418, ...,  0.08045992,
          0.        , -0.03603552],
        [ 0.13343632,  0.12990501,  0.38244856, ...,  0.11632635,
          0.03603552,  0.        ]],

       [[ 0.        ,  0.20254133,  0.40392617, ...,  0.98545871,
          0.98200186,  0.98479409],
        [-0.20254133,  0.        ,  0.21027118, ...,  0.93061899,
          0.92339437,  0.92919634],
        [-0.40392617, -0.21027118,  0.        , ...,  0.8328562 ,
          0.82203699,  0.830709  ],
        ...,
        [-0.98545871, -0.93061899, -0.8328562 , ...,  0.        ,
         -0.01926792, -0.00386812],
        [-0.98200186, -0.92339437, -0.82203699, ...,  0.01926792,
          0.        ,  0.01540037],
        [-0.98479409, -0.92919634, -0.830709  , ...,  0.00386812,
         -0.01540037,  0.        ]],

       ...,

       [[ 0.        , -0.20255261, -0.08327963, ..., -0.33758387,
         -0.320901  , -0.30458163],
        [ 0.20255261,  0.        ,  0.12029562, ..., -0.13992438,
         -0.12240901, -0.10533951],
        [ 0.08327963, -0.12029562,  0.        , ..., -0.25802044,
         -0.24091106, -0.22420088],
        ...,
        [ 0.33758387,  0.13992438,  0.25802044, ...,  0.        ,
          0.01766734,  0.03484268],
        [ 0.320901  ,  0.12240901,  0.24091106, ..., -0.01766734,
          0.        ,  0.01718064],
        [ 0.30458163,  0.10533951,  0.22420088, ..., -0.03484268,
         -0.01718064,  0.        ]],

       [[ 0.        ,  0.44285191,  0.68979572, ...,  0.36753069,
          0.254006  ,  0.        ],
        [-0.44285191,  0.        ,  0.29784067, ...,  0.74138342,
          0.65606799,  0.44285191],
        [-0.68979572, -0.29784067,  0.        , ...,  0.90761159,
          0.85107362,  0.68979572],
        ...,
        [-0.36753069, -0.74138342, -0.90761159, ...,  0.        ,
          0.11924818,  0.36753069],
        [-0.254006  , -0.65606799, -0.85107362, ..., -0.11924818,
          0.        ,  0.254006  ],
        [-0.        , -0.44285191, -0.68979572, ..., -0.36753069,
         -0.254006  ,  0.        ]],

       [[ 0.        , -0.08484614, -0.47098456, ...,  0.96595366,
          0.99194196,  0.99777766],
        [ 0.08484614,  0.        , -0.39443993, ...,  0.98442147,
          0.99911451,  0.98852631],
        [ 0.47098456,  0.39443993,  0.        , ...,  0.97395861,
          0.93470362,  0.84879865],
        ...,
        [-0.96595366, -0.98442147, -0.97395861, ...,  0.        ,
          0.13425076,  0.32250309],
        [-0.99194196, -0.99911451, -0.93470362, ..., -0.13425076,
          0.        ,  0.19250606],
        [-0.99777766, -0.98852631, -0.84879865, ..., -0.32250309,
         -0.19250606,  0.        ]]]), 'num': array([9.00205529e-01, 4.35408730e-01, 3.50261341e-06, 1.64821560e-03,
       1.66187828e-03, 1.61964819e-03, 5.40124103e-03, 1.24206149e-05,
       1.60747598e-03, 1.55257687e-03, 1.40949138e-03, 8.57666791e-07,
       1.84020463e-03, 1.26494910e-03])}
{'img': array([[[ 0.        ,  0.34105152,  0.0925053 , ...,  0.83770517,
          0.88219341,  0.90746667],
        [-0.34105152,  0.        , -0.25263006, ...,  0.60122424,
          0.66870434,  0.7097752 ],
        [-0.0925053 ,  0.25263006,  0.        , ...,  0.78359401,
          0.83485117,  0.86471193],
        ...,
        [-0.83770517, -0.60122424, -0.78359401, ...,  0.        ,
          0.0873212 ,  0.14364808],
        [-0.88219341, -0.66870434, -0.83485117, ..., -0.0873212 ,
          0.        ,  0.05668379],
        [-0.90746667, -0.7097752 , -0.86471193, ..., -0.14364808,
         -0.05668379,  0.        ]],

       [[ 0.        ,  0.25917865,  0.4711656 , ..., -0.09409047,
         -0.12990501, -0.2573249 ],
        [-0.25917865,  0.        ,  0.22645842, ..., -0.34890418,
         -0.38244856, -0.49898274],
        [-0.4711656 , -0.22645842,  0.        , ..., -0.55206735,
         -0.58175519, -0.68227115],
        ...,
        [ 0.09409047,  0.34890418,  0.55206735, ...,  0.        ,
         -0.03603552, -0.16526135],
        [ 0.12990501,  0.38244856,  0.58175519, ...,  0.03603552,
          0.        , -0.12961399],
        [ 0.2573249 ,  0.49898274,  0.68227115, ...,  0.16526135,
          0.12961399,  0.        ]],

       [[ 0.        ,  0.21027118,  0.27416104, ...,  0.92339437,
          0.92919634,  0.95139326],
        [-0.21027118,  0.        ,  0.06581727, ...,  0.82203699,
          0.830709  ,  0.86536402],
        [-0.27416104, -0.06581727,  0.        , ...,  0.78277597,
          0.79226684,  0.83050373],
        ...,
        [-0.92339437, -0.82203699, -0.78277597, ...,  0.        ,
          0.01540037,  0.08080903],
        [-0.92919634, -0.830709  , -0.79226684, ..., -0.01540037,
          0.        ,  0.06544944],
        [-0.95139326, -0.86536402, -0.83050373, ..., -0.08080903,
         -0.06544944,  0.        ]],

       ...,

       [[ 0.        ,  0.12029562,  0.24969886, ..., -0.12240901,
         -0.10533951, -0.09974574],
        [-0.12029562,  0.        ,  0.13140049, ..., -0.24091106,
         -0.22420088, -0.2187171 ],
        [-0.24969886, -0.13140049,  0.        , ..., -0.36635258,
         -0.35031234, -0.34503974],
        ...,
        [ 0.12240901,  0.24091106,  0.36635258, ...,  0.        ,
          0.01718064,  0.02280293],
        [ 0.10533951,  0.22420088,  0.35031234, ..., -0.01718064,
          0.        ,  0.0056234 ],
        [ 0.09974574,  0.2187171 ,  0.34503974, ..., -0.02280293,
         -0.0056234 ,  0.        ]],

       [[ 0.        ,  0.31807832,  0.43282643, ...,  0.66724097,
          0.56801863,  0.39331556],
        [-0.31807832,  0.        ,  0.12360697, ...,  0.86950551,
          0.80030172,  0.66533082],
        [-0.43282643, -0.12360697,  0.        , ...,  0.92388985,
          0.86827884,  0.75250719],
        ...,
        [-0.66724097, -0.86950551, -0.92388985, ...,  0.        ,
          0.1260657 ,  0.3205058 ],
        [-0.56801863, -0.80030172, -0.86827884, ..., -0.1260657 ,
          0.        ,  0.19853347],
        [-0.39331556, -0.66533082, -0.75250719, ..., -0.3205058 ,
         -0.19853347,  0.        ]],

       [[ 0.        , -0.39443993, -0.31367346, ...,  0.99911451,
          0.98852631,  0.89724979],
        [ 0.39443993,  0.        ,  0.08629155, ...,  0.93470362,
          0.84879865,  0.65034791],
        [ 0.31367346, -0.08629155,  0.        , ...,  0.96188755,
          0.89125631,  0.71347228],
        ...,
        [-0.99911451, -0.93470362, -0.96188755, ...,  0.        ,
          0.19250606,  0.47888304],
        [-0.98852631, -0.84879865, -0.89125631, ..., -0.19250606,
          0.        ,  0.30092893],
        [-0.89724979, -0.65034791, -0.71347228, ..., -0.47888304,
         -0.30092893,  0.        ]]]), 'num': array([ 8.99473077e-01,  4.36924494e-01,  3.51480686e-06,  1.64024320e-03,
        1.66766368e-03,  1.62653296e-03,  4.98166539e-03, -1.37102395e-05,
        1.62902573e-03,  1.57256447e-03,  1.41869820e-03,  8.01937901e-07,
        1.84649957e-03,  1.29862938e-03])}
{'img': array([[[ 0.        , -0.25263006, -0.24718287, ...,  0.66870434,
          0.7097752 ,  0.66454852],
        [ 0.25263006,  0.        ,  0.00562567, ...,  0.83485117,
          0.86471193,  0.8317691 ],
        [ 0.24718287, -0.00562567,  0.        , ...,  0.83174116,
          0.86187265,  0.82863301],
        ...,
        [-0.66870434, -0.83485117, -0.83174116, ...,  0.        ,
          0.05668379, -0.00557534],
        [-0.7097752 , -0.86471193, -0.86187265, ..., -0.05668379,
          0.        , -0.06224929],
        [-0.66454852, -0.8317691 , -0.82863301, ...,  0.00557534,
          0.06224929,  0.        ]],

       [[ 0.        ,  0.22645842, -0.1189973 , ..., -0.38244856,
         -0.49898274, -0.56019386],
        [-0.22645842,  0.        , -0.34075519, ..., -0.58175519,
         -0.68227115, -0.73322994],
        [ 0.1189973 ,  0.34075519,  0.        , ..., -0.26978036,
         -0.39231278, -0.45764066],
        ...,
        [ 0.38244856,  0.58175519,  0.26978036, ...,  0.        ,
         -0.12961399, -0.20080045],
        [ 0.49898274,  0.68227115,  0.39231278, ...,  0.12961399,
          0.        , -0.07213257],
        [ 0.56019386,  0.73322994,  0.45764066, ...,  0.20080045,
          0.07213257,  0.        ]],

       [[ 0.        ,  0.06581727,  0.07355187, ...,  0.830709  ,
          0.86536402,  0.90590472],
        [-0.06581727,  0.        ,  0.00775339, ...,  0.79226684,
          0.83050373,  0.87606803],
        [-0.07355187, -0.00775339,  0.        , ...,  0.78751211,
          0.82616003,  0.87230311],
        ...,
        [-0.830709  , -0.79226684, -0.78751211, ...,  0.        ,
          0.06544944,  0.15253343],
        [-0.86536402, -0.83050373, -0.82616003, ..., -0.06544944,
          0.        ,  0.08752281],
        [-0.90590472, -0.87606803, -0.87230311, ..., -0.15253343,
         -0.08752281,  0.        ]],

       ...,

       [[ 0.        ,  0.13140049,  0.105842  , ..., -0.22420088,
         -0.2187171 , -0.36734555],
        [-0.13140049,  0.        , -0.02573813, ..., -0.35031234,
         -0.34503974, -0.486374  ],
        [-0.105842  ,  0.02573813,  0.        , ..., -0.32608911,
         -0.32076794, -0.46372416],
        ...,
        [ 0.22420088,  0.35031234,  0.32608911, ...,  0.        ,
          0.0056234 , -0.14946825],
        [ 0.2187171 ,  0.34503974,  0.32076794, ..., -0.0056234 ,
          0.        , -0.15502611],
        [ 0.36734555,  0.486374  ,  0.46372416, ...,  0.14946825,
          0.15502611,  0.        ]],

       [[ 0.        ,  0.12360697,  0.22091931, ...,  0.80030172,
          0.66533082,  0.68803137],
        [-0.12360697,  0.        ,  0.09867224, ...,  0.86827884,
          0.75250719,  0.77245425],
        [-0.22091931, -0.09867224,  0.        , ...,  0.9129906 ,
          0.81381891,  0.83134848],
        ...,
        [-0.80030172, -0.86827884, -0.9129906 , ...,  0.        ,
          0.19853347,  0.16822182],
        [-0.66533082, -0.75250719, -0.81381891, ..., -0.19853347,
          0.        , -0.03083099],
        [-0.68803137, -0.77245425, -0.83134848, ..., -0.16822182,
          0.03083099,  0.        ]],

       [[ 0.        ,  0.08534296, -0.07227655, ...,  0.87001579,
          0.6968545 ,  0.07227655],
        [-0.08534296,  0.        , -0.15713261, ...,  0.90891777,
          0.75552116,  0.15713261],
        [ 0.07227655,  0.15713261,  0.        , ...,  0.83210632,
          0.64319432,  0.        ],
        ...,
        [-0.87001579, -0.90891777, -0.83210632, ...,  0.        ,
          0.28042033,  0.83210632],
        [-0.6968545 , -0.75552116, -0.64319432, ..., -0.28042033,
          0.        ,  0.64319432],
        [-0.07227655, -0.15713261, -0.        , ..., -0.83210632,
         -0.64319432,  0.        ]]]), 'num': array([ 8.58572814e-01,  5.12655968e-01,  2.63054636e-06,  1.56523460e-03,
        1.57237635e-03,  1.53666758e-03,  4.24146439e-03, -1.19029247e-06,
        1.56547266e-03,  1.51631358e-03,  1.35766743e-03,  4.84510076e-07,
        1.75734225e-03,  1.27528491e-03])}
{'img': array([[[ 0.        ,  0.00562567, -0.0398775 , ...,  0.86471193,
          0.8317691 ,  0.82867021],
        [-0.00562567,  0.        , -0.04549806, ...,  0.86187265,
          0.82863301,  0.8255082 ],
        [ 0.0398775 ,  0.04549806,  0.        , ...,  0.88405331,
          0.85324436,  0.85033198],
        ...,
        [-0.86471193, -0.86187265, -0.88405331, ...,  0.        ,
         -0.06224929, -0.06779675],
        [-0.8317691 , -0.82863301, -0.85324436, ...,  0.06224929,
          0.        , -0.00555921],
        [-0.82867021, -0.8255082 , -0.85033198, ...,  0.06779675,
          0.00555921,  0.        ]],

       [[ 0.        , -0.34075519, -0.38714813, ..., -0.68227115,
         -0.73322994, -0.82111649],
        [ 0.34075519,  0.        , -0.04979586, ..., -0.39231278,
         -0.45764066, -0.57748471],
        [ 0.38714813,  0.04979586,  0.        , ..., -0.34602226,
         -0.41279756, -0.53611488],
        ...,
        [ 0.68227115,  0.39231278,  0.34602226, ...,  0.        ,
         -0.07213257, -0.21090411],
        [ 0.73322994,  0.45764066,  0.41279756, ...,  0.07213257,
          0.        , -0.13984464],
        [ 0.82111649,  0.57748471,  0.53611488, ...,  0.21090411,
          0.13984464,  0.        ]],

       [[ 0.        ,  0.00775339, -0.01038471, ...,  0.83050373,
          0.87606803,  0.90297988],
        [-0.00775339,  0.        , -0.01813737, ...,  0.82616003,
          0.87230311,  0.89962124],
        [ 0.01038471,  0.01813737,  0.        , ...,  0.83624337,
          0.88102817,  0.90739332],
        ...,
        [-0.83050373, -0.82616003, -0.83624337, ...,  0.        ,
          0.08752281,  0.14611838],
        [-0.87606803, -0.87230311, -0.88102817, ..., -0.08752281,
          0.        ,  0.05897422],
        [-0.90297988, -0.89962124, -0.90739332, ..., -0.14611838,
         -0.05897422,  0.        ]],

       ...,

       [[ 0.        , -0.02573813, -0.05896964, ..., -0.34503974,
         -0.486374  , -0.96796121],
        [ 0.02573813,  0.        , -0.03325677, ..., -0.32076794,
         -0.46372416, -0.9611777 ],
        [ 0.05896964,  0.03325677,  0.        , ..., -0.28909109,
         -0.43400283, -0.95146947],
        ...,
        [ 0.34503974,  0.32076794,  0.28909109, ...,  0.        ,
         -0.15502611, -0.82187744],
        [ 0.486374  ,  0.46372416,  0.43400283, ...,  0.15502611,
          0.        , -0.7236284 ],
        [ 0.96796121,  0.9611777 ,  0.95146947, ...,  0.82187744,
          0.7236284 ,  0.        ]],

       [[ 0.        ,  0.09867224,  0.17360754, ...,  0.75250719,
          0.77245425,  0.88534788],
        [-0.09867224,  0.        ,  0.07558645, ...,  0.81381891,
          0.83134848,  0.92690297],
        [-0.17360754, -0.07558645,  0.        , ...,  0.85541546,
          0.87097748,  0.95261901],
        ...,
        [-0.75250719, -0.81381891, -0.85541546, ...,  0.        ,
         -0.03083099, -0.23321344],
        [-0.77245425, -0.83134848, -0.87097748, ...,  0.03083099,
          0.        , -0.20312173],
        [-0.88534788, -0.92690297, -0.95261901, ...,  0.23321344,
          0.20312173,  0.        ]],

       [[ 0.        , -0.14677286,  0.12145926, ...,  0.91213914,
          0.77054644,  0.14677286],
        [ 0.14677286,  0.        ,  0.2658301 , ...,  0.84210151,
          0.66865094,  0.        ],
        [-0.12145926, -0.2658301 ,  0.        , ...,  0.95516985,
          0.84225781,  0.2658301 ],
        ...,
        [-0.91213914, -0.84210151, -0.95516985, ...,  0.        ,
          0.26555064,  0.84210151],
        [-0.77054644, -0.66865094, -0.84225781, ..., -0.26555064,
          0.        ,  0.66865094],
        [-0.14677286, -0.        , -0.2658301 , ..., -0.84210151,
         -0.66865094,  0.        ]]]), 'num': array([7.34062069e-01, 6.79048658e-01, 4.17400690e-07, 1.34179051e-03,
       1.38047643e-03, 1.32957390e-03, 5.65306115e-03, 3.05415139e-06,
       1.34240134e-03, 1.30890748e-03, 1.16448005e-03, 3.01931316e-07,
       1.49516131e-03, 1.12265365e-03])}
{'img': array([[[ 0.        , -0.04549806, -0.29349128, ...,  0.82863301,
          0.8255082 ,  0.83483252],
        [ 0.04549806,  0.        , -0.24969294, ...,  0.85324436,
          0.85033198,  0.85901485],
        [ 0.29349128,  0.24969294,  0.        , ...,  0.9564356 ,
          0.95479784,  0.95963608],
        ...,
        [-0.82863301, -0.85324436, -0.9564356 , ...,  0.        ,
         -0.00555921,  0.01116696],
        [-0.8255082 , -0.85033198, -0.95479784, ...,  0.00555921,
          0.        ,  0.01672565],
        [-0.83483252, -0.85901485, -0.95963608, ..., -0.01116696,
         -0.01672565,  0.        ]],

       [[ 0.        , -0.04979586,  0.21371449, ..., -0.45764066,
         -0.57748471, -0.22583031],
        [ 0.04979586,  0.        ,  0.26209475, ..., -0.41279756,
         -0.53611488, -0.17704068],
        [-0.21371449, -0.26209475,  0.        , ..., -0.63708892,
         -0.73861943, -0.42880629],
        ...,
        [ 0.45764066,  0.41279756,  0.63708892, ...,  0.        ,
         -0.13984464,  0.24502414],
        [ 0.57748471,  0.53611488,  0.73861943, ...,  0.13984464,
          0.        ,  0.37819815],
        [ 0.22583031,  0.17704068,  0.42880629, ..., -0.24502414,
         -0.37819815,  0.        ]],

       [[ 0.        , -0.01813737, -0.05888855, ...,  0.87230311,
          0.89962124,  0.91036768],
        [ 0.01813737,  0.        , -0.04077297, ...,  0.88102817,
          0.90739332,  0.91772317],
        [ 0.05888855,  0.04077297,  0.        , ...,  0.89958376,
          0.92377493,  0.93315589],
        ...,
        [-0.87230311, -0.88102817, -0.89958376, ...,  0.        ,
          0.05897422,  0.0841791 ],
        [-0.89962124, -0.90739332, -0.92377493, ..., -0.05897422,
          0.        ,  0.02526769],
        [-0.91036768, -0.91772317, -0.93315589, ..., -0.0841791 ,
         -0.02526769,  0.        ]],

       ...,

       [[ 0.        , -0.03325677, -0.32987405, ..., -0.46372416,
         -0.9611777 , -0.92526986],
        [ 0.03325677,  0.        , -0.29829636, ..., -0.43400283,
         -0.95146947, -0.93737265],
        [ 0.32987405,  0.29829636,  0.        , ..., -0.14550549,
         -0.81635355, -0.99860219],
        ...,
        [ 0.46372416,  0.43400283,  0.14550549, ...,  0.        ,
         -0.7236284 , -0.99566522],
        [ 0.9611777 ,  0.95146947,  0.81635355, ...,  0.7236284 ,
          0.        , -0.61989363],
        [ 0.92526986,  0.93737265,  0.99860219, ...,  0.99566522,
          0.61989363,  0.        ]],

       [[ 0.        ,  0.07558645,  0.10591995, ...,  0.83134848,
          0.92690297,  0.96966195],
        [-0.07558645,  0.        ,  0.03045569, ...,  0.87097748,
          0.95261901,  0.98536508],
        [-0.10591995, -0.03045569,  0.        , ...,  0.88553703,
          0.9614407 ,  0.99009938],
        ...,
        [-0.83134848, -0.87097748, -0.88553703, ...,  0.        ,
         -0.20312173, -0.33566808],
        [-0.92690297, -0.95261901, -0.9614407 , ...,  0.20312173,
          0.        , -0.1373339 ],
        [-0.96966195, -0.98536508, -0.99009938, ...,  0.33566808,
          0.1373339 ,  0.        ]],

       [[ 0.        ,  0.24965377,  0.4169597 , ...,  0.84519332,
          0.64977087,  0.        ],
        [-0.24965377,  0.        ,  0.1768402 , ...,  0.95186055,
          0.81896534,  0.24965377],
        [-0.4169597 , -0.1768402 ,  0.        , ...,  0.99106589,
          0.9075366 ,  0.4169597 ],
        ...,
        [-0.84519332, -0.95186055, -0.99106589, ...,  0.        ,
          0.29517991,  0.84519332],
        [-0.64977087, -0.81896534, -0.9075366 , ..., -0.29517991,
          0.        ,  0.64977087],
        [-0.        , -0.24965377, -0.4169597 , ..., -0.84519332,
         -0.64977087,  0.        ]]]), 'num': array([8.02972669e-01, 5.95879451e-01, 1.46666585e-06, 1.54547177e-03,
       1.57502399e-03, 1.42507383e-03, 1.20740639e-02, 1.02885515e-04,
       1.46403898e-03, 1.42430766e-03, 1.25717343e-03, 5.88308128e-07,
       1.61002676e-03, 1.23858856e-03])}
{'img': array([[[ 0.        , -0.24969294, -0.08886208, ...,  0.85033198,
          0.85901485,  0.98349008],
        [ 0.24969294,  0.        ,  0.16265776, ...,  0.95479784,
          0.95963608,  0.90715315],
        [ 0.08886208, -0.16265776,  0.        , ...,  0.89373139,
          0.90110954,  0.96351867],
        ...,
        [-0.85033198, -0.95479784, -0.89373139, ...,  0.        ,
          0.01672565,  0.67143616],
        [-0.85901485, -0.95963608, -0.90110954, ..., -0.01672565,
          0.        ,  0.65894749],
        [-0.98349008, -0.90715315, -0.96351867, ..., -0.67143616,
         -0.65894749,  0.        ]],

       [[ 0.        ,  0.26209475, -0.06702888, ..., -0.53611488,
         -0.17704068,  0.29514422],
        [-0.26209475,  0.        , -0.326191  , ..., -0.73861943,
         -0.42880629,  0.03440748],
        [ 0.06702888,  0.326191  ,  0.        , ..., -0.47832707,
         -0.11067246,  0.35852338],
        ...,
        [ 0.53611488,  0.73861943,  0.47832707, ...,  0.        ,
          0.37819815,  0.76137694],
        [ 0.17704068,  0.42880629,  0.11067246, ..., -0.37819815,
          0.        ,  0.45963598],
        [-0.29514422, -0.03440748, -0.35852338, ..., -0.76137694,
         -0.45963598,  0.        ]],

       [[ 0.        , -0.04077297, -0.13622331, ...,  0.90739332,
          0.91772317,  0.96751142],
        [ 0.04077297,  0.        , -0.09571715, ...,  0.92377493,
          0.93315589,  0.9770154 ],
        [ 0.13622331,  0.09571715,  0.        , ...,  0.95618701,
          0.963279  ,  0.99293341],
        ...,
        [-0.90739332, -0.92377493, -0.95618701, ...,  0.        ,
          0.02526769,  0.1772143 ],
        [-0.91772317, -0.93315589, -0.963279  , ..., -0.02526769,
          0.        ,  0.15228996],
        [-0.96751142, -0.9770154 , -0.99293341, ..., -0.1772143 ,
         -0.15228996,  0.        ]],

       ...,

       [[ 0.        , -0.29829636, -0.29577704, ..., -0.95146947,
         -0.93737265, -0.71151718],
        [ 0.29829636,  0.        ,  0.0026384 , ..., -0.81635355,
         -0.99860219, -0.46952064],
        [ 0.29577704, -0.0026384 ,  0.        , ..., -0.81787452,
         -0.99845926, -0.4718485 ],
        ...,
        [ 0.95146947,  0.81635355,  0.81787452, ...,  0.        ,
         -0.61989363,  0.44960328],
        [ 0.93737265,  0.99860219,  0.99845926, ...,  0.61989363,
          0.        ,  0.9065039 ],
        [ 0.71151718,  0.46952064,  0.4718485 , ..., -0.44960328,
         -0.9065039 ,  0.        ]],

       [[ 0.        ,  0.03045569,  0.07345329, ...,  0.95261901,
          0.98536508,  0.97866445],
        [-0.03045569,  0.        ,  0.0430458 , ...,  0.9614407 ,
          0.99009938,  0.98446805],
        [-0.07345329, -0.0430458 ,  0.        , ...,  0.97238766,
          0.99522392,  0.99111283],
        ...,
        [-0.95261901, -0.9614407 , -0.97238766, ...,  0.        ,
         -0.1373339 , -0.10194663],
        [-0.98536508, -0.99009938, -0.99522392, ...,  0.1373339 ,
          0.        ,  0.0356377 ],
        [-0.97866445, -0.98446805, -0.99111283, ...,  0.10194663,
         -0.0356377 ,  0.        ]],

       [[ 0.        ,  0.32496393,  0.44914497, ...,  0.81531175,
          0.60245486,  0.        ],
        [-0.32496393,  0.        ,  0.13442635, ...,  0.9592232 ,
          0.82912839,  0.32496393],
        [-0.44914497, -0.13442635,  0.        , ...,  0.98851246,
          0.89675504,  0.44914497],
        ...,
        [-0.81531175, -0.9592232 , -0.98851246, ...,  0.        ,
          0.30190873,  0.81531175],
        [-0.60245486, -0.82912839, -0.89675504, ..., -0.30190873,
          0.        ,  0.60245486],
        [-0.        , -0.32496393, -0.44914497, ..., -0.81531175,
         -0.60245486,  0.        ]]]), 'num': array([ 7.47246896e-01,  6.64510143e-01,  6.03037558e-07,  1.40231785e-03,
        1.45853321e-03,  1.39414107e-03,  5.79337159e-03, -4.08839022e-05,
        1.37635657e-03,  1.34359834e-03,  1.17830813e-03,  5.03727162e-07,
        1.49360031e-03,  1.19359638e-03])}
{'img': array([[[ 0.        ,  0.16265776,  0.07469263, ...,  0.95963608,
          0.90715315,  0.99852593],
        [-0.16265776,  0.        , -0.08850549, ...,  0.90110954,
          0.96351867,  0.99405664],
        [-0.07469263,  0.08850549,  0.        , ...,  0.93594853,
          0.93604982,  0.99979073],
        ...,
        [-0.95963608, -0.90110954, -0.93594853, ...,  0.        ,
          0.65894749,  0.33291604],
        [-0.90715315, -0.96351867, -0.93604982, ..., -0.65894749,
          0.        , -0.37094303],
        [-0.99852593, -0.99405664, -0.99979073, ..., -0.33291604,
          0.37094303,  0.        ]],

       [[ 0.        , -0.326191  , -0.4129716 , ..., -0.42880629,
          0.03440748, -0.41627445],
        [ 0.326191  ,  0.        , -0.09330719, ..., -0.11067246,
          0.35852338, -0.09692026],
        [ 0.4129716 ,  0.09330719,  0.        , ..., -0.01745563,
          0.44406348, -0.00362952],
        ...,
        [ 0.42880629,  0.11067246,  0.01745563, ...,  0.        ,
          0.45963598,  0.01382655],
        [-0.03440748, -0.35852338, -0.44406348, ..., -0.45963598,
          0.        , -0.44731258],
        [ 0.41627445,  0.09692026,  0.00362952, ..., -0.01382655,
          0.44731258,  0.        ]],

       [[ 0.        , -0.09571715, -0.14716277, ...,  0.93315589,
          0.9770154 ,  0.9912205 ],
        [ 0.09571715,  0.        , -0.05181208, ...,  0.963279  ,
          0.99293341,  0.99932503],
        [ 0.14716277,  0.05181208,  0.        , ...,  0.97589685,
          0.99774844,  0.99988612],
        ...,
        [-0.93315589, -0.963279  , -0.97589685, ...,  0.        ,
          0.15228996,  0.2329348 ],
        [-0.9770154 , -0.99293341, -0.99774844, ..., -0.15228996,
          0.        ,  0.082117  ],
        [-0.9912205 , -0.99932503, -0.99988612, ..., -0.2329348 ,
         -0.082117  ,  0.        ]],

       ...,

       [[ 0.        ,  0.0026384 , -0.0481752 , ..., -0.99860219,
         -0.46952064, -0.59571409],
        [-0.0026384 ,  0.        , -0.05081037, ..., -0.99845926,
         -0.4718485 , -0.59783117],
        [ 0.0481752 ,  0.05081037,  0.        , ..., -0.99998902,
         -0.42644056, -0.55632826],
        ...,
        [ 0.99860219,  0.99845926,  0.99998902, ...,  0.        ,
          0.9065039 ,  0.83356037],
        [ 0.46952064,  0.4718485 ,  0.42644056, ..., -0.9065039 ,
          0.        , -0.14885142],
        [ 0.59571409,  0.59783117,  0.55632826, ..., -0.83356037,
          0.14885142,  0.        ]],

       [[ 0.        ,  0.0430458 ,  0.07233215, ...,  0.99009938,
          0.98446805,  0.99898261],
        [-0.0430458 ,  0.        ,  0.02933206, ...,  0.99522392,
          0.99111283,  0.99999789],
        [-0.07233215, -0.02933206,  0.        , ...,  0.99765904,
          0.99458824,  0.99962784],
        ...,
        [-0.99009938, -0.99522392, -0.99765904, ...,  0.        ,
          0.0356377 , -0.09557471],
        [-0.98446805, -0.99111283, -0.99458824, ..., -0.0356377 ,
          0.        , -0.13098856],
        [-0.99898261, -0.99999789, -0.99962784, ...,  0.09557471,
          0.13098856,  0.        ]],

       [[ 0.        ,  0.30468274,  0.41292597, ...,  0.81005652,
          0.63808534,  0.        ],
        [-0.30468274,  0.        ,  0.11579869, ...,  0.95019277,
          0.84234211,  0.30468274],
        [-0.41292597, -0.11579869,  0.        , ...,  0.97989068,
          0.89908434,  0.41292597],
        ...,
        [-0.81005652, -0.95019277, -0.97989068, ...,  0.        ,
          0.24957322,  0.81005652],
        [-0.63808534, -0.84234211, -0.89908434, ..., -0.24957322,
          0.        ,  0.63808534],
        [-0.        , -0.30468274, -0.41292597, ..., -0.81005652,
         -0.63808534,  0.        ]]]), 'num': array([8.40571603e-01, 5.41642743e-01, 2.11705991e-06, 1.60714440e-03,
       1.61625004e-03, 1.55364880e-03, 6.62166258e-03, 4.55281701e-05,
       1.55455937e-03, 1.51318564e-03, 1.31849581e-03, 6.77807026e-07,
       1.65026906e-03, 1.37610223e-03])}
{'img': array([[[ 0.        , -0.08850549, -0.12838797, ...,  0.96351867,
          0.99405664,  0.96351867],
        [ 0.08850549,  0.        , -0.04011113, ...,  0.93604982,
          0.99979073,  0.93604982],
        [ 0.12838797,  0.04011113,  0.        , ...,  0.92118271,
          0.99980669,  0.92118271],
        ...,
        [-0.96351867, -0.93604982, -0.92118271, ...,  0.        ,
         -0.37094303,  0.        ],
        [-0.99405664, -0.99979073, -0.99980669, ...,  0.37094303,
          0.        ,  0.37094303],
        [-0.96351867, -0.93604982, -0.92118271, ...,  0.        ,
         -0.37094303,  0.        ]],

       [[ 0.        , -0.09330719, -0.12128893, ...,  0.35852338,
         -0.09692026, -0.07954723],
