state_0,state_1,state_2,state_3,state_4,state_5,state_6,state_7,state_8,state_9,state_10,state_11,state_12,state_13,state_14,state_15,state_16,state_17,state_18,state_19,state_20,state_21,state_22,state_23,state_24,state_25,state_26,state_27,state_28,state_29,state_30,state_31,state_32,state_33,state_34,state_35,state_36,state_37,state_38,state_39,state_40,state_41,state_42,state_43,state_44,state_45,state_46,state_47,state_48,state_49,state_50,state_51,state_52,state_53,state_54,state_55,state_56,state_57,state_58,state_59,state_60,state_61,state_62,state_63,state_64,state_65,state_66,state_67,state_68,state_69,state_70,state_71,state_72,state_73,state_74,state_75,state_76,state_77,state_78,state_79,state_80,state_81,state_82,state_83,state_84,state_85,state_86,state_87,state_88,state_89,state_90,state_91,state_92,state_93,state_94,state_95,state_96,state_97,state_98,state_99,state_100,state_101,state_102,state_103,state_104,state_105,state_106,state_107,state_108,state_109,state_110,state_111,state_112,state_113,state_114,state_115,state_116,state_117,state_118,state_119,state_120,state_121,state_122,state_123,state_124,state_125,state_126,state_127,state_128,state_129,state_130,state_131,state_132,state_133,state_134,state_135,state_136,state_137,state_138,state_139,state_140,state_141,state_142,state_143,state_144,state_145,state_146,state_147,state_148,state_149,state_150,state_151,state_152,state_153,state_154,state_155,state_156,state_157,state_158,state_159,state_160,state_161,state_162,state_163,state_164,state_165,state_166,state_167,state_168,state_169,state_170,state_171,state_172,state_173,state_174,state_175,state_176,state_177,state_178,state_179,state_180,state_181,state_182,state_183,state_184,state_185,state_186,state_187,state_188,state_189,state_190,state_191,state_192,state_193,state_194,state_195,state_196,state_197,state_198,state_199,state_200,state_201,state_202,state_203,state_204,state_205,state_206,state_207,state_208,state_209,state_210,state_211,state_212,state_213,state_214,state_215,state_216,state_217,state_218,state_219,state_220,state_221,state_222,state_223,state_224,state_225,state_226,state_227,state_228,state_229,state_230,state_231,state_232,state_233,state_234,state_235,state_236,state_237,state_238,state_239,state_240,state_241,state_242,state_243,state_244,state_245,state_246,state_247,state_248,state_249,state_250,state_251,state_252,state_253,state_254,state_255,state_256,state_257,state_258,state_259,state_260,state_261,state_262,state_263,state_264,state_265,state_266,state_267,state_268,state_269,state_270,state_271,state_272,state_273,state_274,state_275,state_276,state_277,state_278,state_279,state_280,state_281,state_282,state_283,state_284,state_285,state_286,state_287
{'img': array([[[ 0.        ,  0.09940541, -0.09867502, ..., -0.63898176,
         -0.63898176, -0.62731119],
        [-0.09940541,  0.        , -0.19710656, ..., -0.71228171,
         -0.71228171, -0.70161795],
        [ 0.09867502,  0.19710656,  0.        , ..., -0.55996036,
         -0.55996036, -0.54740472],
        ...,
        [ 0.63898176,  0.71228171,  0.55996036, ...,  0.        ,
          0.        ,  0.01507749],
        [ 0.63898176,  0.71228171,  0.55996036, ...,  0.        ,
          0.        ,  0.01507749],
        [ 0.62731119,  0.70161795,  0.54740472, ..., -0.01507749,
         -0.01507749,  0.        ]],

       [[ 0.        , -0.40966495, -0.29912572, ..., -0.18743283,
         -0.23479813, -0.33273208],
        [ 0.40966495,  0.        ,  0.11803464, ...,  0.23142165,
          0.1840211 ,  0.08279262],
        [ 0.29912572, -0.11803464,  0.        , ...,  0.11497347,
          0.06671582, -0.03541555],
        ...,
        [ 0.18743283, -0.23142165, -0.11497347, ...,  0.        ,
         -0.04844392, -0.15008204],
        [ 0.23479813, -0.1840211 , -0.06671582, ...,  0.04844392,
          0.        , -0.10201061],
        [ 0.33273208, -0.08279262,  0.03541555, ...,  0.15008204,
          0.10201061,  0.        ]],

       [[ 0.        , -0.02735689, -0.03951623, ..., -0.62376698,
         -0.63900233, -0.67862171],
        [ 0.02735689,  0.        , -0.01216593, ..., -0.6021511 ,
         -0.61772012, -0.65827442],
        [ 0.03951623,  0.01216593,  0.        , ..., -0.59239348,
         -0.60810715, -0.64906746],
        ...,
        [ 0.62376698,  0.6021511 ,  0.59239348, ...,  0.        ,
         -0.01964628, -0.07226842],
        [ 0.63900233,  0.61772012,  0.60810715, ...,  0.01964628,
          0.        , -0.05265956],
        [ 0.67862171,  0.65827442,  0.64906746, ...,  0.07226842,
          0.05265956,  0.        ]],

       ...,

       [[ 0.        ,  0.        ,  0.00895024, ...,  0.34655353,
          0.27698445,  0.11342411],
        [ 0.        ,  0.        ,  0.00895024, ...,  0.34655353,
          0.27698445,  0.11342411],
        [-0.00895024, -0.00895024,  0.        , ...,  0.33814406,
          0.2683733 ,  0.10452709],
        ...,
        [-0.34655353, -0.34655353, -0.33814406, ...,  0.        ,
         -0.07317464, -0.23792186],
        [-0.27698445, -0.27698445, -0.2683733 , ...,  0.07317464,
          0.        , -0.16621065],
        [-0.11342411, -0.11342411, -0.10452709, ...,  0.23792186,
          0.16621065,  0.        ]],

       [[ 0.        , -0.43039461, -0.64385793, ..., -0.4052239 ,
         -0.38213277, -0.        ],
        [ 0.43039461,  0.        , -0.25185815, ..., -0.75924591,
         -0.7426595 , -0.43039461],
        [ 0.64385793,  0.25185815,  0.        , ..., -0.89868123,
         -0.8873809 , -0.64385793],
        ...,
        [ 0.4052239 ,  0.75924591,  0.89868123, ...,  0.        ,
         -0.02511796, -0.4052239 ],
        [ 0.38213277,  0.7426595 ,  0.8873809 , ...,  0.02511796,
          0.        , -0.38213277],
        [ 0.        ,  0.43039461,  0.64385793, ...,  0.4052239 ,
          0.38213277,  0.        ]],

       [[ 0.        , -0.00461939, -0.00821073, ..., -0.61493574,
         -0.58444282, -0.46042308],
        [ 0.00461939,  0.        , -0.00359141, ..., -0.61128643,
         -0.58068825, -0.45631753],
        [ 0.00821073,  0.00359141,  0.        , ..., -0.60844021,
         -0.57776064, -0.45311889],
        ...,
        [ 0.61493574,  0.61128643,  0.60844021, ...,  0.        ,
          0.03810202,  0.18279906],
        [ 0.58444282,  0.58068825,  0.57776064, ..., -0.03810202,
          0.        ,  0.14520631],
        [ 0.46042308,  0.45631753,  0.45311889, ..., -0.18279906,
         -0.14520631,  0.        ]]]), 'num': array([ 7.07000025e-01,  7.07000025e-01,  0.00000000e+00,  5.46788031e-03,
        5.57124289e-03,  5.44720779e-03,  7.25522599e-03, -5.16812884e-05,
        5.52783060e-03,  5.56297388e-03,  5.93611278e-03,  9.10575081e-07,
        5.71454727e-03,  5.41140049e-03])}
{'img': array([[[ 0.        , -0.19710656, -0.01252057, ..., -0.71228171,
         -0.70161795, -0.75443193],
        [ 0.19710656,  0.        ,  0.18481618, ..., -0.55996036,
         -0.54740472, -0.61025507],
        [ 0.01252057, -0.18481618,  0.        , ..., -0.70343777,
         -0.69264138, -0.74615457],
        ...,
        [ 0.71228171,  0.55996036,  0.70343777, ...,  0.        ,
          0.01507749, -0.06200476],
        [ 0.70161795,  0.54740472,  0.69264138, ..., -0.01507749,
          0.        , -0.07704619],
        [ 0.75443193,  0.61025507,  0.74615457, ...,  0.06200476,
          0.07704619,  0.        ]],

       [[ 0.        ,  0.11803464, -0.01389588, ...,  0.1840211 ,
          0.08279262, -0.17025962],
        [-0.11803464,  0.        , -0.13182199, ...,  0.06671582,
         -0.03541555, -0.28538066],
        [ 0.01389588,  0.13182199,  0.        , ...,  0.19766191,
          0.0966328 , -0.15655019],
        ...,
        [-0.1840211 , -0.06671582, -0.19766191, ...,  0.        ,
         -0.10201061, -0.34868623],
        [-0.08279262,  0.03541555, -0.0966328 , ...,  0.10201061,
          0.        , -0.25125886],
        [ 0.17025962,  0.28538066,  0.15655019, ...,  0.34868623,
          0.25125886,  0.        ]],

       [[ 0.        , -0.01216593,  0.04254533, ..., -0.61772012,
         -0.65827442, -0.72090971],
        [ 0.01216593,  0.        ,  0.05469709, ..., -0.60810715,
         -0.64906746, -0.71242502],
        [-0.04254533, -0.05469709,  0.        , ..., -0.65061836,
         -0.68970557, -0.7497421 ],
        ...,
        [ 0.61772012,  0.60810715,  0.65061836, ...,  0.        ,
         -0.05265956, -0.13882402],
        [ 0.65827442,  0.64906746,  0.68970557, ...,  0.05265956,
          0.        , -0.08648175],
        [ 0.72090971,  0.71242502,  0.7497421 , ...,  0.13882402,
          0.08648175,  0.        ]],

       ...,

       [[ 0.        ,  0.00895024,  0.23738498, ...,  0.27698445,
          0.11342411,  0.06902806],
        [-0.00895024,  0.        ,  0.22868107, ...,  0.2683733 ,
          0.10452709,  0.0600964 ],
        [-0.23738498, -0.22868107,  0.        , ...,  0.04096988,
         -0.12567109, -0.16976381],
        ...,
        [-0.27698445, -0.2683733 , -0.04096988, ...,  0.        ,
         -0.16621065, -0.20999647],
        [-0.11342411, -0.10452709,  0.12567109, ...,  0.16621065,
          0.        , -0.04457097],
        [-0.06902806, -0.0600964 ,  0.16976381, ...,  0.20999647,
          0.04457097,  0.        ]],

       [[ 0.        , -0.51785486, -0.74620896, ..., -0.39139219,
         -0.        , -0.08363043],
        [ 0.51785486,  0.        , -0.29361617, ..., -0.81136614,
         -0.51785486, -0.58758392],
        [ 0.74620896,  0.29361617,  0.        , ..., -0.94723377,
         -0.74620896, -0.79926863],
        ...,
        [ 0.39139219,  0.81136614,  0.94723377, ...,  0.        ,
         -0.39139219, -0.31306236],
        [ 0.        ,  0.51785486,  0.74620896, ...,  0.39139219,
          0.        ,  0.08363043],
        [ 0.08363043,  0.58758392,  0.79926863, ...,  0.31306236,
         -0.08363043,  0.        ]],

       [[ 0.        , -0.00359141,  0.06711076, ..., -0.58068825,
         -0.45631753, -0.46645452],
        [ 0.00359141,  0.        ,  0.07069365, ..., -0.57776064,
         -0.45311889, -0.46327474],
        [-0.06711076, -0.07069365,  0.        , ..., -0.63401572,
         -0.51500508, -0.52476541],
        ...,
        [ 0.58068825,  0.57776064,  0.63401572, ...,  0.        ,
          0.14520631,  0.13389224],
        [ 0.45631753,  0.45311889,  0.51500508, ..., -0.14520631,
          0.        , -0.01142569],
        [ 0.46645452,  0.46327474,  0.52476541, ..., -0.13389224,
          0.01142569,  0.        ]]]), 'num': array([7.06973328e-01, 7.06973328e-01, 0.00000000e+00, 5.56069664e-03,
       5.60204011e-03, 5.47800970e-03, 1.12661161e-02, 9.30228063e-05,
       5.51315165e-03, 5.55656229e-03, 5.92624182e-03, 9.63114913e-07,
       5.69743376e-03, 5.41569083e-03])}
{'img': array([[[ 0.        ,  0.18481618,  0.11099239, ..., -0.54740472,
         -0.61025507, -0.49724768],
        [-0.18481618,  0.        , -0.07459391, ..., -0.69264138,
         -0.74615457, -0.64902976],
        [-0.11099239,  0.07459391,  0.        , ..., -0.63690843,
         -0.69441318, -0.59047327],
        ...,
        [ 0.54740472,  0.69264138,  0.63690843, ...,  0.        ,
         -0.07704619,  0.05880238],
        [ 0.61025507,  0.74615457,  0.69441318, ...,  0.07704619,
          0.        ,  0.13554047],
        [ 0.49724768,  0.64902976,  0.59047327, ..., -0.05880238,
         -0.13554047,  0.        ]],

       [[ 0.        , -0.13182199, -0.2577329 , ..., -0.03541555,
         -0.28538066,  0.12477293],
        [ 0.13182199,  0.        , -0.12811523, ...,  0.0966328 ,
         -0.15655019,  0.25447593],
        [ 0.2577329 ,  0.12811523,  0.        , ...,  0.22335214,
         -0.02872454,  0.37627643],
        ...,
        [ 0.03541555, -0.0966328 , -0.22335214, ...,  0.        ,
         -0.25125886,  0.15983345],
        [ 0.28538066,  0.15655019,  0.02872454, ...,  0.25125886,
          0.        ,  0.40273466],
        [-0.12477293, -0.25447593, -0.37627643, ..., -0.15983345,
         -0.40273466,  0.        ]],

       [[ 0.        ,  0.05469709,  0.1032097 , ..., -0.64906746,
         -0.71242502, -0.73471644],
        [-0.05469709,  0.        ,  0.04865021, ..., -0.68970557,
         -0.7497421 , -0.77072167],
        [-0.1032097 , -0.04865021,  0.        , ..., -0.724116  ,
         -0.78104763, -0.80080759],
        ...,
        [ 0.64906746,  0.68970557,  0.724116  , ...,  0.        ,
         -0.08648175, -0.11861076],
        [ 0.71242502,  0.7497421 ,  0.78104763, ...,  0.08648175,
          0.        , -0.03229511],
        [ 0.73471644,  0.77072167,  0.80080759, ...,  0.11861076,
          0.03229511,  0.        ]],

       ...,

       [[ 0.        ,  0.22868107,  0.36966916, ...,  0.10452709,
          0.0600964 ,  0.1294255 ],
        [-0.22868107,  0.        ,  0.14739136, ..., -0.12567109,
         -0.16976381, -0.10076176],
        [-0.36966916, -0.14739136,  0.        , ..., -0.27052138,
         -0.31316163, -0.24630249],
        ...,
        [-0.10452709,  0.12567109,  0.27052138, ...,  0.        ,
         -0.04457097,  0.02506858],
        [-0.0600964 ,  0.16976381,  0.31316163, ...,  0.04457097,
          0.        ,  0.06960063],
        [-0.1294255 ,  0.10076176,  0.24630249, ..., -0.02506858,
         -0.06960063,  0.        ]],

       [[ 0.        , -0.31275331, -0.48092516, ..., -0.65004182,
         -0.66165847, -0.46630673],
        [ 0.31275331,  0.        , -0.18258915, ..., -0.85509283,
         -0.86297008, -0.71958297],
        [ 0.48092516,  0.18258915,  0.        , ..., -0.93538602,
         -0.94071703, -0.83427736],
        ...,
        [ 0.65004182,  0.85509283,  0.93538602, ...,  0.        ,
          0.0153884 , -0.22069626],
        [ 0.66165847,  0.86297008,  0.94071703, ..., -0.0153884 ,
          0.        , -0.23567909],
        [ 0.46630673,  0.71958297,  0.83427736, ...,  0.22069626,
          0.23567909,  0.        ]],

       [[ 0.        ,  0.07069365,  0.10902912, ..., -0.45311889,
         -0.46327474, -0.45596346],
        [-0.07069365,  0.        ,  0.03848413, ..., -0.51500508,
         -0.52476541, -0.51773991],
        [-0.10902912, -0.03848413,  0.        , ..., -0.54761167,
         -0.55713617, -0.55028101],
        ...,
        [ 0.45311889,  0.51500508,  0.54761167, ...,  0.        ,
         -0.01142569, -0.00319353],
        [ 0.46327474,  0.52476541,  0.55713617, ...,  0.01142569,
          0.        ,  0.0082323 ],
        [ 0.45596346,  0.51773991,  0.55028101, ...,  0.00319353,
         -0.0082323 ,  0.        ]]]), 'num': array([ 7.17861416e-01,  6.95886398e-01,  8.40344875e-08,  5.49375462e-03,
        5.70384084e-03,  5.49375462e-03,  1.27071490e-02, -1.57564664e-04,
        5.58199083e-03,  5.63766368e-03,  6.01319280e-03,  8.70054037e-07,
        5.79447021e-03,  5.48085715e-03])}
{'img': array([[[ 0.        , -0.07459391, -0.11155545, ..., -0.74615457,
         -0.64902976, -0.80861131],
        [ 0.07459391,  0.        , -0.03711635, ..., -0.69441318,
         -0.59047327, -0.7624717 ],
        [ 0.11155545,  0.03711635,  0.        , ..., -0.66722664,
         -0.56011139, -0.73793124],
        ...,
        [ 0.74615457,  0.69441318,  0.66722664, ...,  0.        ,
          0.13554047, -0.0993564 ],
        [ 0.64902976,  0.59047327,  0.56011139, ..., -0.13554047,
          0.        , -0.23330932],
        [ 0.80861131,  0.7624717 ,  0.73793124, ...,  0.0993564 ,
          0.23330932,  0.        ]],

       [[ 0.        , -0.12811523, -0.0209917 , ..., -0.15655019,
          0.25447593,  0.34560944],
        [ 0.12811523,  0.        ,  0.10726828, ..., -0.02872454,
          0.37627643,  0.46298195],
        [ 0.0209917 , -0.10726828,  0.        , ..., -0.13578282,
          0.2747205 ,  0.36523145],
        ...,
        [ 0.15655019,  0.02872454,  0.13578282, ...,  0.        ,
          0.40273466,  0.4882514 ],
        [-0.25447593, -0.37627643, -0.2747205 , ..., -0.40273466,
          0.        ,  0.09543694],
        [-0.34560944, -0.46298195, -0.36523145, ..., -0.4882514 ,
         -0.09543694,  0.        ]],

       [[ 0.        ,  0.04865021,  0.04256736, ..., -0.7497421 ,
         -0.77072167, -0.80065643],
        [-0.04865021,  0.        , -0.00608916, ..., -0.78104763,
         -0.80080759, -0.82885585],
        [-0.04256736,  0.00608916,  0.        , ..., -0.77723064,
         -0.79714581, -0.82543383],
        ...,
        [ 0.7497421 ,  0.78104763,  0.77723064, ...,  0.        ,
         -0.03229511, -0.08063018],
        [ 0.77072167,  0.80080759,  0.79714581, ...,  0.03229511,
          0.        , -0.04839816],
        [ 0.80065643,  0.82885585,  0.82543383, ...,  0.08063018,
          0.04839816,  0.        ]],

       ...,

       [[ 0.        ,  0.14739136, -0.26423215, ..., -0.16976381,
         -0.10076176, -0.23969279],
        [-0.14739136,  0.        , -0.40349922, ..., -0.31316163,
         -0.24630249, -0.38016965],
        [ 0.26423215,  0.40349922,  0.        , ...,  0.09666651,
          0.16570677,  0.02535557],
        ...,
        [ 0.16976381,  0.31316163, -0.09666651, ...,  0.        ,
          0.06960063, -0.07139861],
        [ 0.10076176,  0.24630249, -0.16570677, ..., -0.06960063,
          0.        , -0.14064847],
        [ 0.23969279,  0.38016965, -0.02535557, ...,  0.07139861,
          0.14064847,  0.        ]],

       [[ 0.        , -0.18258915, -0.3312045 , ..., -0.86297008,
         -0.71958297, -0.79587208],
        [ 0.18258915,  0.        , -0.15335309, ..., -0.94071703,
         -0.83427736, -0.89304422],
        [ 0.3312045 ,  0.15335309,  0.        , ..., -0.98160592,
         -0.90895953, -0.95148493],
        ...,
        [ 0.86297008,  0.94071703,  0.98160592, ...,  0.        ,
         -0.23567909, -0.12037963],
        [ 0.71958297,  0.83427736,  0.90895953, ...,  0.23567909,
          0.        ,  0.11697657],
        [ 0.79587208,  0.89304422,  0.95148493, ...,  0.12037963,
         -0.11697657,  0.        ]],

       [[ 0.        ,  0.03848413,  0.07548336, ..., -0.52476541,
         -0.51773991, -0.55304956],
        [-0.03848413,  0.        ,  0.0370531 , ..., -0.55713617,
         -0.55028101, -0.58470285],
        [-0.07548336, -0.0370531 ,  0.        , ..., -0.58752326,
         -0.58084171, -0.61436058],
        ...,
        [ 0.52476541,  0.55713617,  0.58752326, ...,  0.        ,
          0.0082323 , -0.03357427],
        [ 0.51773991,  0.55028101,  0.58084171, ..., -0.0082323 ,
          0.        , -0.04180079],
        [ 0.55304956,  0.58470285,  0.61436058, ...,  0.03357427,
          0.04180079,  0.        ]]]), 'num': array([7.15253435e-01, 6.98586504e-01, 6.27756356e-08, 5.55564375e-03,
       5.58703157e-03, 5.46148030e-03, 1.16685259e-02, 8.37008475e-05,
       5.55564375e-03, 5.61841939e-03, 5.97850741e-03, 9.85899406e-07,
       5.76697366e-03, 5.46986512e-03])}
{'img': array([[[ 0.        , -0.03711635, -0.15997928, ..., -0.59047327,
         -0.7624717 , -0.67148875],
        [ 0.03711635,  0.        , -0.12323075, ..., -0.56011139,
         -0.73793124, -0.6435223 ],
        [ 0.15997928,  0.12323075,  0.        , ..., -0.45375576,
         -0.6491413 , -0.54429321],
        ...,
        [ 0.59047327,  0.56011139,  0.45375576, ...,  0.        ,
         -0.23330932, -0.10438042],
        [ 0.7624717 ,  0.73793124,  0.6491413 , ...,  0.23330932,
          0.        ,  0.13053507],
        [ 0.67148875,  0.6435223 ,  0.54429321, ...,  0.10438042,
         -0.13053507,  0.        ]],

       [[ 0.        ,  0.10726828,  0.22857212, ...,  0.37627643,
          0.46298195,  0.39550047],
        [-0.10726828,  0.        ,  0.12282471, ...,  0.2747205 ,
          0.36523145,  0.29469623],
        [-0.22857212, -0.12282471,  0.        , ...,  0.15454149,
          0.24812647,  0.17509472],
        ...,
        [-0.37627643, -0.2747205 , -0.15454149, ...,  0.        ,
          0.09543694,  0.02083711],
        [-0.46298195, -0.36523145, -0.24812647, ..., -0.09543694,
          0.        , -0.07467422],
        [-0.39550047, -0.29469623, -0.17509472, ..., -0.02083711,
          0.07467422,  0.        ]],

       [[ 0.        , -0.00608916, -0.06685693, ..., -0.80080759,
         -0.82885585, -0.83443706],
        [ 0.00608916,  0.        , -0.06078016, ..., -0.79714581,
         -0.82543383, -0.83106583],
        [ 0.06685693,  0.06078016,  0.        , ..., -0.75897377,
         -0.78959742, -0.79572499],
        ...,
        [ 0.80080759,  0.79714581,  0.75897377, ...,  0.        ,
         -0.04839816, -0.05843479],
        [ 0.82885585,  0.82543383,  0.78959742, ...,  0.04839816,
          0.        , -0.01005085],
        [ 0.83443706,  0.83106583,  0.79572499, ...,  0.05843479,
          0.01005085,  0.        ]],

       ...,

       [[ 0.        , -0.40349922, -0.3321016 , ..., -0.24630249,
         -0.38016965, -0.23224626],
        [ 0.40349922,  0.        ,  0.07673175, ...,  0.16570677,
          0.02535557,  0.17996566],
        [ 0.3321016 , -0.07673175,  0.        , ...,  0.08954729,
         -0.05142626,  0.10395614],
        ...,
        [ 0.24630249, -0.16570677, -0.08954729, ...,  0.        ,
         -0.14064847,  0.01447639],
        [ 0.38016965, -0.02535557,  0.05142626, ...,  0.14064847,
          0.        ,  0.15496622],
        [ 0.23224626, -0.17996566, -0.10395614, ..., -0.01447639,
         -0.15496622,  0.        ]],

       [[ 0.        , -0.1533259 , -0.24413061, ..., -0.85171427,
         -0.89496734, -0.83419872],
        [ 0.1533259 ,  0.        , -0.09255731, ..., -0.9219871 ,
         -0.9527885 , -0.9088886 ],
        [ 0.24413061,  0.09255731,  0.        , ..., -0.95386943,
         -0.97680214, -0.94358707],
        ...,
        [ 0.85171427,  0.9219871 ,  0.95386943, ...,  0.        ,
          0.08899199, -0.03256418],
        [ 0.89496734,  0.9527885 ,  0.97680214, ..., -0.08899199,
          0.        , -0.12137976],
        [ 0.83419872,  0.9088886 ,  0.94358707, ...,  0.03256418,
          0.12137976,  0.        ]],

       [[ 0.        ,  0.0370531 ,  0.02703336, ..., -0.55028101,
         -0.58470285, -0.56866081],
        [-0.0370531 ,  0.        , -0.01002477, ..., -0.58084171,
         -0.61436058, -0.59874915],
        [-0.02703336,  0.01002477,  0.        , ..., -0.5726522 ,
         -0.60641991, -0.59068986],
        ...,
        [ 0.55028101,  0.58084171,  0.5726522 , ...,  0.        ,
         -0.04180079, -0.02217431],
        [ 0.58470285,  0.61436058,  0.60641991, ...,  0.04180079,
          0.        ,  0.01963559],
        [ 0.56866081,  0.59874915,  0.59068986, ...,  0.02217431,
         -0.01963559,  0.        ]]]), 'num': array([7.15264193e-01, 6.98597011e-01, 6.27765799e-08, 5.55572732e-03,
       5.68128048e-03, 5.53480179e-03, 1.02168884e-02, 0.00000000e+00,
       5.54944966e-03, 5.61902704e-03, 5.96883209e-03, 1.12675913e-06,
       5.76661877e-03, 5.47143531e-03])}
{'img': array([[[ 0.        , -0.12323075, -0.07402889, ..., -0.73793124,
         -0.6435223 , -0.6435223 ],
        [ 0.12323075,  0.        ,  0.04942797, ..., -0.6491413 ,
         -0.54429321, -0.54429321],
        [ 0.07402889, -0.04942797,  0.        , ..., -0.68594611,
         -0.58509279, -0.58509279],
        ...,
        [ 0.73793124,  0.6491413 ,  0.68594611, ...,  0.        ,
          0.13053507,  0.13053507],
        [ 0.6435223 ,  0.54429321,  0.58509279, ..., -0.13053507,
          0.        ,  0.        ],
        [ 0.6435223 ,  0.54429321,  0.58509279, ..., -0.13053507,
          0.        ,  0.        ]],

       [[ 0.        ,  0.12282471,  0.13589966, ...,  0.36523145,
          0.29469623,  0.17800542],
        [-0.12282471,  0.        ,  0.01318546, ...,  0.24812647,
          0.17509472,  0.05579449],
        [-0.13589966, -0.01318546,  0.        , ...,  0.23533179,
          0.16209773,  0.04262472],
        ...,
        [-0.36523145, -0.24812647, -0.23533179, ...,  0.        ,
         -0.07467422, -0.19369029],
        [-0.29469623, -0.17509472, -0.16209773, ...,  0.07467422,
          0.        , -0.11988941],
        [-0.17800542, -0.05579449, -0.04262472, ...,  0.19369029,
          0.11988941,  0.        ]],

       [[ 0.        , -0.06078016, -0.06078016, ..., -0.82543383,
         -0.83106583, -0.83949623],
        [ 0.06078016,  0.        ,  0.        , ..., -0.78959742,
         -0.79572499, -0.8049183 ],
        [ 0.06078016,  0.        ,  0.        , ..., -0.78959742,
         -0.79572499, -0.8049183 ],
        ...,
        [ 0.82543383,  0.78959742,  0.78959742, ...,  0.        ,
         -0.01005085, -0.02538241],
        [ 0.83106583,  0.79572499,  0.79572499, ...,  0.01005085,
          0.        , -0.01533351],
        [ 0.83949623,  0.8049183 ,  0.8049183 , ...,  0.02538241,
          0.01533351,  0.        ]],

       ...,

       [[ 0.        ,  0.07673175,  0.21280242, ...,  0.02535557,
          0.17996566,  0.36365142],
        [-0.07673175,  0.        ,  0.1372008 , ..., -0.05142626,
          0.10395614,  0.29110098],
        [-0.21280242, -0.1372008 ,  0.        , ..., -0.1879592 ,
         -0.03348438,  0.15708915],
        ...,
        [-0.02535557,  0.05142626,  0.1879592 , ...,  0.        ,
          0.15496622,  0.3399149 ],
        [-0.17996566, -0.10395614,  0.03348438, ..., -0.15496622,
          0.        ,  0.19006971],
        [-0.36365142, -0.29110098, -0.15708915, ..., -0.3399149 ,
         -0.19006971,  0.        ]],

       [[ 0.        , -0.0925329 , -0.2472808 , ..., -0.95447212,
         -0.92403641, -0.90879136],
        [ 0.0925329 ,  0.        , -0.15656069, ..., -0.97797966,
         -0.95544769, -0.94350173],
        [ 0.2472808 ,  0.15656069,  0.        , ..., -0.9985938 ,
         -0.98987596, -0.98374593],
        ...,
        [ 0.95447212,  0.97797966,  0.9985938 , ...,  0.        ,
         -0.08925877, -0.12716171],
        [ 0.92403641,  0.95544769,  0.98987596, ...,  0.08925877,
          0.        , -0.03811997],
        [ 0.90879136,  0.94350173,  0.98374593, ...,  0.12716171,
          0.03811997,  0.        ]],

       [[ 0.        , -0.01002477,  0.04754119, ..., -0.61436058,
         -0.59874915, -0.59658085],
        [ 0.01002477,  0.        ,  0.05755224, ..., -0.60641991,
         -0.59068986, -0.58850547],
        [-0.04754119, -0.05755224,  0.        , ..., -0.65117712,
         -0.63614962, -0.63406061],
        ...,
        [ 0.61436058,  0.60641991,  0.65117712, ...,  0.        ,
          0.01963559,  0.02233947],
        [ 0.59874915,  0.59068986,  0.63614962, ..., -0.01963559,
          0.        ,  0.00270448],
        [ 0.59658085,  0.58850547,  0.63406061, ..., -0.02233947,
         -0.00270448,  0.        ]]]), 'num': array([9.86196114e-01, 1.58761150e-01, 2.94460841e-06, 7.73303705e-03,
       7.74679690e-03, 7.40280059e-03, 4.19118500e-02, 4.26555425e-04,
       7.38904074e-03, 7.40417658e-03, 7.84472119e-03, 1.61880617e-06,
       7.64876158e-03, 7.15959157e-03])}
{'img': array([[[ 0.        ,  0.04942797,  0.13549162, ..., -0.54429321,
         -0.54429321, -0.14938979],
        [-0.04942797,  0.        ,  0.08635385, ..., -0.58509279,
         -0.58509279, -0.1980805 ],
        [-0.13549162, -0.08635385,  0.        , ..., -0.65293726,
         -0.65293726, -0.28198338],
        ...,
        [ 0.54429321,  0.58509279,  0.65293726, ...,  0.        ,
          0.        ,  0.41286301],
        [ 0.54429321,  0.58509279,  0.65293726, ...,  0.        ,
          0.        ,  0.41286301],
        [ 0.14938979,  0.1980805 ,  0.28198338, ..., -0.41286301,
         -0.41286301,  0.        ]],

       [[ 0.        ,  0.01318546,  0.40326393, ...,  0.17509472,
          0.05579449,  0.99106136],
        [-0.01318546,  0.        ,  0.39116308, ...,  0.16209773,
          0.04262472,  0.98921617],
        [-0.40326393, -0.39116308,  0.        , ..., -0.23680782,
         -0.35157912,  0.85310595],
        ...,
        [-0.17509472, -0.16209773,  0.23680782, ...,  0.        ,
         -0.11988941,  0.95239221],
        [-0.05579449, -0.04262472,  0.35157912, ...,  0.11988941,
          0.        ,  0.98207419],
        [-0.99106136, -0.98921617, -0.85310595, ..., -0.95239221,
         -0.98207419,  0.        ]],

       [[ 0.        ,  0.        , -0.02431836, ..., -0.79572499,
         -0.8049183 , -0.70390178],
        [ 0.        ,  0.        , -0.02431836, ..., -0.79572499,
         -0.8049183 , -0.70390178],
        [ 0.02431836,  0.02431836,  0.        , ..., -0.78076105,
         -0.7902501 , -0.68642034],
        ...,
        [ 0.79572499,  0.79572499,  0.78076105, ...,  0.        ,
         -0.01533351,  0.13887751],
        [ 0.8049183 ,  0.8049183 ,  0.7902501 , ...,  0.01533351,
          0.        ,  0.15404611],
        [ 0.70390178,  0.70390178,  0.68642034, ..., -0.13887751,
         -0.15404611,  0.        ]],

       ...,

       [[ 0.        ,  0.1372008 , -0.03273417, ...,  0.10395614,
          0.29110098,  0.43252467],
        [-0.1372008 ,  0.        , -0.16955189, ..., -0.03348438,
          0.15708915,  0.30473112],
        [ 0.03273417,  0.16955189,  0.        , ...,  0.13645725,
          0.32226151,  0.46180673],
        ...,
        [-0.10395614,  0.03348438, -0.13645725, ...,  0.        ,
          0.19006971,  0.33645204],
        [-0.29110098, -0.15708915, -0.32226151, ..., -0.19006971,
          0.        ,  0.15132996],
        [-0.43252467, -0.30473112, -0.46180673, ..., -0.33645204,
         -0.15132996,  0.        ]],

       [[ 0.        , -0.15656069, -0.239332  , ..., -0.95544769,
         -0.94350173, -0.99767822],
        [ 0.15656069,  0.        , -0.08436995, ..., -0.98987596,
         -0.98374593, -0.97471277],
        [ 0.239332  ,  0.08436995,  0.        , ..., -0.99832162,
         -0.99538836, -0.952384  ],
        ...,
        [ 0.95544769,  0.98987596,  0.99832162, ...,  0.        ,
         -0.03811997,  0.35954509],
        [ 0.94350173,  0.98374593,  0.99538836, ...,  0.03811997,
          0.        ,  0.39485457],
        [ 0.99767822,  0.97471277,  0.952384  , ..., -0.35954509,
         -0.39485457,  0.        ]],

       [[ 0.        ,  0.05755224,  0.08679471, ..., -0.59068986,
         -0.58850547, -0.62830181],
        [-0.05755224,  0.        ,  0.0293158 , ..., -0.63614962,
         -0.63406061, -0.6720343 ],
        [-0.08679471, -0.0293158 ,  0.        , ..., -0.65849526,
         -0.65645751, -0.69345439],
        ...,
        [ 0.59068986,  0.63614962,  0.65849526, ...,  0.        ,
          0.00270448, -0.0474371 ],
        [ 0.58850547,  0.63406061,  0.65645751, ..., -0.00270448,
          0.        , -0.05013836],
        [ 0.62830181,  0.6720343 ,  0.69345439, ...,  0.0474371 ,
          0.05013836,  0.        ]]]), 'num': array([ 9.46983242e-01,  3.20190063e-01,  2.27924793e-06,  7.37403741e-03,
        7.54833284e-03,  7.37403741e-03,  1.63729104e-02, -1.60888089e-04,
        7.23191959e-03,  7.22186409e-03,  7.63838547e-03,  1.44944224e-06,
        7.47013894e-03,  6.97358924e-03])}
{'img': array([[[ 0.        ,  0.08635385,  0.27076515, ..., -0.58509279,
         -0.1980805 , -0.34732204],
        [-0.08635385,  0.        ,  0.18662558, ..., -0.65293726,
         -0.28198338, -0.4270026 ],
        [-0.27076515, -0.18662558,  0.        , ..., -0.78281833,
         -0.45608143, -0.58825689],
        ...,
        [ 0.58509279,  0.65293726,  0.78281833, ...,  0.        ,
          0.41286301,  0.26700189],
        [ 0.1980805 ,  0.28198338,  0.45608143, ..., -0.41286301,
          0.        , -0.15469094],
        [ 0.34732204,  0.4270026 ,  0.58825689, ..., -0.26700189,
          0.15469094,  0.        ]],

       [[ 0.        ,  0.39116308,  0.17747907, ...,  0.04262472,
          0.98921617,  0.24386193],
        [-0.39116308,  0.        , -0.22161541, ..., -0.35157912,
          0.85310595, -0.1549225 ],
        [-0.17747907,  0.22161541,  0.        , ..., -0.13536973,
          0.94751786,  0.06786954],
        ...,
        [-0.04262472,  0.35157912,  0.13536973, ...,  0.        ,
          0.98207419,  0.20230241],
        [-0.98921617, -0.85310595, -0.94751786, ..., -0.98207419,
          0.        , -0.92363499],
        [-0.24386193,  0.1549225 , -0.06786954, ..., -0.20230241,
          0.92363499,  0.        ]],

       [[ 0.        , -0.02431836,  0.01519715, ..., -0.8049183 ,
         -0.70390178, -0.66721681],
        [ 0.02431836,  0.        ,  0.0395082 , ..., -0.7902501 ,
         -0.68642034, -0.64890563],
        [-0.01519715, -0.0395082 ,  0.        , ..., -0.81384312,
         -0.71461498, -0.67845955],
        ...,
        [ 0.8049183 ,  0.7902501 ,  0.81384312, ...,  0.        ,
          0.15404611,  0.20363744],
        [ 0.70390178,  0.68642034,  0.71461498, ..., -0.15404611,
          0.        ,  0.05038848],
        [ 0.66721681,  0.64890563,  0.67845955, ..., -0.20363744,
         -0.05038848,  0.        ]],

       ...,

       [[ 0.        , -0.16955189, -0.08087028, ...,  0.15708915,
          0.30473112,  0.16313185],
        [ 0.16955189,  0.        ,  0.08929717, ...,  0.32226151,
          0.46180673,  0.32805053],
        [ 0.08087028, -0.08929717,  0.        , ...,  0.23644086,
          0.38075697,  0.2423845 ],
        ...,
        [-0.15708915, -0.32226151, -0.23644086, ...,  0.        ,
          0.15132996,  0.00612165],
        [-0.30473112, -0.46180673, -0.38075697, ..., -0.15132996,
          0.        , -0.14527598],
        [-0.16313185, -0.32805053, -0.2423845 , ..., -0.00612165,
          0.14527598,  0.        ]],

       [[ 0.        , -0.08436995, -0.06946076, ..., -0.98374593,
         -0.97471277, -0.96147539],
        [ 0.08436995,  0.        ,  0.01495307, ..., -0.99538836,
         -0.952384  , -0.93485471],
        [ 0.06946076, -0.01495307,  0.        , ..., -0.99384266,
         -0.95683672, -0.94005899],
        ...,
        [ 0.98374593,  0.99538836,  0.99384266, ...,  0.        ,
          0.39485457,  0.44307121],
        [ 0.97471277,  0.952384  ,  0.95683672, ..., -0.39485457,
          0.        ,  0.05308709],
        [ 0.96147539,  0.93485471,  0.94005899, ..., -0.44307121,
         -0.05308709,  0.        ]],

       [[ 0.        ,  0.0293158 ,  0.02802518, ..., -0.63406061,
         -0.6720343 , -0.67478438],
        [-0.0293158 ,  0.        , -0.00129114, ..., -0.65645751,
         -0.69345439, -0.69612985],
        [-0.02802518,  0.00129114,  0.        , ..., -0.65548297,
         -0.69252354, -0.69520233],
        ...,
        [ 0.63406061,  0.65645751,  0.65548297, ...,  0.        ,
         -0.05013836, -0.05385332],
        [ 0.6720343 ,  0.69345439,  0.69252354, ...,  0.05013836,
          0.        , -0.00371999],
        [ 0.67478438,  0.69612985,  0.69520233, ...,  0.05385332,
          0.00371999,  0.        ]]]), 'num': array([ 9.80294017e-01,  1.96036861e-01,  2.88860831e-06,  7.61414715e-03,
        7.69828137e-03,  7.57208003e-03,  1.12071833e-02, -9.81565930e-05,
        7.61975609e-03,  7.55244872e-03,  7.98059843e-03,  1.46320387e-06,
        7.81137322e-03,  7.29352421e-03])}
{'img': array([[[ 0.00000000e+00,  1.86625582e-01,  3.75606457e-01, ...,
         -2.81983382e-01, -4.27002597e-01, -5.10831023e-01],
        [-1.86625582e-01,  0.00000000e+00,  1.96046751e-01, ...,
         -4.56081431e-01, -5.88256894e-01, -6.62294785e-01],
        [-3.75606457e-01, -1.96046751e-01,  0.00000000e+00, ...,
         -6.21700429e-01, -7.35379437e-01, -7.96329384e-01],
        ...,
        [ 2.81983382e-01,  4.56081431e-01,  6.21700429e-01, ...,
          0.00000000e+00, -1.54690943e-01, -2.47685342e-01],
        [ 4.27002597e-01,  5.88256894e-01,  7.35379437e-01, ...,
          1.54690943e-01,  0.00000000e+00, -9.48330762e-02],
        [ 5.10831023e-01,  6.62294785e-01,  7.96329384e-01, ...,
          2.47685342e-01,  9.48330762e-02,  0.00000000e+00]],

       [[ 0.00000000e+00, -2.21615413e-01, -1.93160294e-01, ...,
          8.53105945e-01, -1.54922503e-01, -5.17004010e-01],
        [ 2.21615413e-01,  0.00000000e+00,  2.90845778e-02, ...,
          9.47517860e-01,  6.78695432e-02, -3.14449245e-01],
        [ 1.93160294e-01, -2.90845778e-02,  0.00000000e+00, ...,
          9.37818594e-01,  3.88233166e-02, -3.41925461e-01],
        ...,
        [-8.53105945e-01, -9.47517860e-01, -9.37818594e-01, ...,
          0.00000000e+00, -9.23634991e-01, -9.99984657e-01],
        [ 1.54922503e-01, -6.78695432e-02, -3.88233166e-02, ...,
          9.23634991e-01,  0.00000000e+00, -3.78151002e-01],
        [ 5.17004010e-01,  3.14449245e-01,  3.41925461e-01, ...,
          9.99984657e-01,  3.78151002e-01,  0.00000000e+00]],

       [[ 0.00000000e+00,  3.95082010e-02,  1.33528109e-01, ...,
         -6.86420344e-01, -6.48905628e-01, -5.86596895e-01],
        [-3.95082010e-02,  0.00000000e+00,  9.42694507e-02, ...,
         -7.14614980e-01, -6.78459554e-01, -6.18135772e-01],
        [-1.33528109e-01, -9.42694507e-02,  0.00000000e+00, ...,
         -7.77375777e-01, -7.44692081e-01, -6.89485554e-01],
        ...,
        [ 6.86420344e-01,  7.14614980e-01,  7.77375777e-01, ...,
          0.00000000e+00,  5.03884770e-02,  1.29341265e-01],
        [ 6.48905628e-01,  6.78459554e-01,  7.44692081e-01, ...,
         -5.03884770e-02,  0.00000000e+00,  7.92117409e-02],
        [ 5.86596895e-01,  6.18135772e-01,  6.89485554e-01, ...,
         -1.29341265e-01, -7.92117409e-02,  0.00000000e+00]],

       ...,

       [[ 0.00000000e+00,  8.92971682e-02,  3.29597459e-01, ...,
          4.61806730e-01,  3.28050531e-01,  2.75812156e-01],
        [-8.92971682e-02,  0.00000000e+00,  2.43973345e-01, ...,
          3.80756972e-01,  2.42384499e-01,  1.88876824e-01],
        [-3.29597459e-01, -2.43973345e-01,  0.00000000e+00, ...,
          1.43655145e-01, -1.63801630e-03, -5.64126842e-02],
        ...,
        [-4.61806730e-01, -3.80756972e-01, -1.43655145e-01, ...,
          0.00000000e+00, -1.45275979e-01, -1.99253940e-01],
        [-3.28050531e-01, -2.42384499e-01,  1.63801630e-03, ...,
          1.45275979e-01,  0.00000000e+00, -5.47772007e-02],
        [-2.75812156e-01, -1.88876824e-01,  5.64126842e-02, ...,
          1.99253940e-01,  5.47772007e-02,  0.00000000e+00]],

       [[ 0.00000000e+00,  1.49530725e-02,  5.84115948e-02, ...,
         -9.52383995e-01, -9.34854708e-01, -9.36270377e-01],
        [-1.49530725e-02,  0.00000000e+00,  4.34775228e-02, ...,
         -9.56836725e-01, -9.40058985e-01, -9.41418417e-01],
        [-5.84115948e-02, -4.34775228e-02,  0.00000000e+00, ...,
         -9.68567645e-01, -9.53996422e-01, -9.55190612e-01],
        ...,
        [ 9.52383995e-01,  9.56836725e-01,  9.68567645e-01, ...,
          0.00000000e+00,  5.30870943e-02,  4.90837061e-02],
        [ 9.34854708e-01,  9.40058985e-01,  9.53996422e-01, ...,
         -5.30870943e-02,  0.00000000e+00, -4.00861423e-03],
        [ 9.36270377e-01,  9.41418417e-01,  9.55190612e-01, ...,
         -4.90837061e-02,  4.00861423e-03,  0.00000000e+00]],

       [[ 0.00000000e+00, -1.29114454e-03,  5.19507553e-02, ...,
         -6.93454392e-01, -6.96129848e-01, -6.96092003e-01],
        [ 1.29114454e-03,  0.00000000e+00,  5.32401130e-02, ...,
         -6.92523543e-01, -6.95202335e-01, -6.95164442e-01],
        [-5.19507553e-02, -5.32401130e-02,  0.00000000e+00, ...,
         -7.29948531e-01, -7.32486101e-01, -7.32450213e-01],
        ...,
        [ 6.93454392e-01,  6.92523543e-01,  7.29948531e-01, ...,
          0.00000000e+00, -3.71998949e-03, -3.66727624e-03],
        [ 6.96129848e-01,  6.95202335e-01,  7.32486101e-01, ...,
          3.71998949e-03,  0.00000000e+00,  5.27136075e-05],
        [ 6.96092003e-01,  6.95164442e-01,  7.32450213e-01, ...,
          3.66727624e-03, -5.27136075e-05,  0.00000000e+00]]]), 'num': array([ 9.34340631e-01,  3.55628284e-01,  2.15134701e-06,  7.23390434e-03,
        7.31457985e-03,  7.22045842e-03,  1.04246747e-02, -6.72295942e-05,
