state_0,state_1,state_2,state_3,state_4,state_5,state_6,state_7,state_8,state_9,state_10,state_11,state_12,state_13,state_14,state_15,state_16,state_17,state_18,state_19,state_20,state_21,state_22,state_23,state_24,state_25,state_26,state_27,state_28,state_29,state_30,state_31,state_32,state_33,state_34,state_35,state_36,state_37,state_38,state_39,state_40,state_41,state_42,state_43,state_44,state_45,state_46,state_47,state_48,state_49,state_50,state_51,state_52,state_53,state_54,state_55,state_56,state_57,state_58,state_59,state_60,state_61,state_62,state_63,state_64,state_65,state_66,state_67,state_68,state_69,state_70,state_71,state_72,state_73,state_74,state_75,state_76,state_77,state_78,state_79,state_80,state_81,state_82,state_83,state_84,state_85,state_86,state_87,state_88,state_89,state_90,state_91,state_92,state_93,state_94,state_95,state_96,state_97,state_98,state_99,state_100,state_101,state_102,state_103,state_104,state_105,state_106,state_107,state_108,state_109,state_110,state_111,state_112,state_113,state_114,state_115,state_116,state_117,state_118,state_119,state_120,state_121,state_122,state_123,state_124,state_125,state_126,state_127,state_128,state_129,state_130,state_131,state_132,state_133,state_134,state_135,state_136,state_137,state_138,state_139,state_140,state_141,state_142,state_143,state_144,state_145,state_146,state_147,state_148,state_149,state_150,state_151,state_152,state_153,state_154,state_155,state_156,state_157,state_158,state_159,state_160,state_161,state_162,state_163,state_164,state_165,state_166,state_167,state_168,state_169,state_170,state_171,state_172,state_173,state_174,state_175,state_176,state_177,state_178,state_179,state_180,state_181,state_182,state_183,state_184,state_185,state_186,state_187,state_188,state_189,state_190,state_191,state_192,state_193,state_194,state_195,state_196,state_197,state_198,state_199,state_200,state_201,state_202,state_203,state_204,state_205,state_206,state_207,state_208,state_209,state_210,state_211,state_212,state_213,state_214,state_215,state_216,state_217,state_218,state_219,state_220,state_221,state_222,state_223,state_224,state_225,state_226,state_227,state_228,state_229,state_230,state_231,state_232,state_233,state_234,state_235,state_236,state_237,state_238,state_239,state_240,state_241,state_242,state_243,state_244,state_245,state_246,state_247,state_248,state_249,state_250,state_251,state_252,state_253,state_254,state_255,state_256,state_257,state_258,state_259,state_260,state_261,state_262,state_263,state_264,state_265,state_266,state_267,state_268,state_269,state_270,state_271,state_272,state_273,state_274,state_275,state_276,state_277,state_278,state_279,state_280,state_281,state_282,state_283,state_284,state_285,state_286,state_287
{'img': array([[[ 0.        , -0.41539825,  0.06009103, ...,  0.54011485,
          0.        ,  0.17486092],
        [ 0.41539825,  0.        ,  0.46930877, ...,  0.84090544,
          0.41539825,  0.56805869],
        [-0.06009103, -0.46930877,  0.        , ...,  0.48856672,
         -0.06009103,  0.11537971],
        ...,
        [-0.54011485, -0.84090544, -0.48856672, ...,  0.        ,
         -0.54011485, -0.38463194],
        [ 0.        , -0.41539825,  0.06009103, ...,  0.54011485,
          0.        ,  0.17486092],
        [-0.17486092, -0.56805869, -0.11537971, ...,  0.38463194,
         -0.17486092,  0.        ]],

       [[ 0.        , -0.59314431,  0.59567527, ...,  0.71741052,
          0.70633768,  0.05925286],
        [ 0.59314431,  0.        ,  0.95600442, ...,  0.99079883,
          0.98854181,  0.63980641],
        [-0.59567527, -0.95600442,  0.        , ...,  0.16126476,
          0.14568468, -0.54703527],
        ...,
        [-0.71741052, -0.99079883, -0.16126476, ...,  0.        ,
         -0.0157664 , -0.67487149],
        [-0.70633768, -0.98854181, -0.14568468, ...,  0.0157664 ,
          0.        , -0.66315302],
        [-0.05925286, -0.63980641,  0.54703527, ...,  0.67487149,
          0.66315302,  0.        ]],

       [[ 0.        , -0.18853739, -0.2052864 , ...,  0.66758962,
          0.47574944,  0.44673379],
        [ 0.18853739,  0.        , -0.01708288, ...,  0.79598872,
          0.63305123,  0.60740024],
        [ 0.2052864 ,  0.01708288,  0.        , ...,  0.80621303,
          0.64618289,  0.62088218],
        ...,
        [-0.66758962, -0.79598872, -0.80621303, ...,  0.        ,
         -0.23298958, -0.26466389],
        [-0.47574944, -0.63305123, -0.64618289, ...,  0.23298958,
          0.        , -0.0326988 ],
        [-0.44673379, -0.60740024, -0.62088218, ...,  0.26466389,
          0.0326988 ,  0.        ]],

       ...,

       [[ 0.        , -0.76845147, -0.58571968, ..., -0.9714097 ,
         -0.96809337, -0.96421182],
        [ 0.76845147,  0.        ,  0.2480337 , ..., -0.43917535,
         -0.81205682, -0.82074885],
        [ 0.58571968, -0.2480337 ,  0.        , ..., -0.64828555,
         -0.93142829, -0.93680057],
        ...,
        [ 0.9714097 ,  0.43917535,  0.64828555, ...,  0.        ,
         -0.47325973, -0.48646577],
        [ 0.96809337,  0.81205682,  0.93142829, ...,  0.47325973,
          0.        , -0.015052  ],
        [ 0.96421182,  0.82074885,  0.93680057, ...,  0.48646577,
          0.015052  ,  0.        ]],

       [[ 0.        ,  0.0058323 ,  0.0224908 , ...,  0.73091325,
          0.76090778,  0.80191044],
        [-0.0058323 ,  0.        ,  0.01665959, ...,  0.72692045,
          0.75711049,  0.79841233],
        [-0.0224908 , -0.01665959,  0.        , ...,  0.71537906,
          0.74612193,  0.7882706 ],
        ...,
        [-0.73091325, -0.72692045, -0.71537906, ...,  0.        ,
          0.04503662,  0.1106002 ],
        [-0.76090778, -0.75711049, -0.74612193, ..., -0.04503662,
          0.        ,  0.06572766],
        [-0.80191044, -0.79841233, -0.7882706 , ..., -0.1106002 ,
         -0.06572766,  0.        ]],

       [[ 0.        ,  0.31057307,  0.527431  , ...,  0.23788158,
          0.58292439,  0.70898484],
        [-0.31057307,  0.        ,  0.23748705, ...,  0.52777603,
          0.80644732,  0.89294869],
        [-0.527431  , -0.23748705,  0.        , ...,  0.71439433,
          0.92380293,  0.97430886],
        ...,
        [-0.23788158, -0.52777603, -0.71439433, ...,  0.        ,
         -0.372906  , -0.5208731 ],
        [-0.58292439, -0.80644732, -0.92380293, ...,  0.372906  ,
          0.        , -0.16497678],
        [-0.70898484, -0.89294869, -0.97430886, ...,  0.5208731 ,
          0.16497678,  0.        ]]]), 'num': array([5.60545389e-01, 5.60545389e-01, 0.00000000e+00, 2.12460374e-01,
       2.15741615e-01, 2.11503345e-01, 8.63376617e-03, 4.10155162e-04,
       2.13827558e-01, 2.18667389e-01, 2.14003013e-01, 5.18411729e-06,
       2.26403959e-01, 2.10930819e-01])}
{'img': array([[[ 0.        ,  0.46930877,  0.17924986, ...,  0.41539825,
          0.56805869,  0.60223451],
        [-0.46930877,  0.        , -0.3034239 , ..., -0.06009103,
          0.11537971,  0.15713542],
        [-0.17924986,  0.3034239 ,  0.        , ...,  0.2456175 ,
          0.41133768,  0.44938186],
        ...,
        [-0.41539825,  0.06009103, -0.2456175 , ...,  0.        ,
          0.17486092,  0.21619599],
        [-0.56805869, -0.11537971, -0.41133768, ..., -0.17486092,
          0.        ,  0.04213963],
        [-0.60223451, -0.15713542, -0.44938186, ..., -0.21619599,
         -0.04213963,  0.        ]],

       [[ 0.        ,  0.95600442,  0.081785  , ...,  0.98854181,
          0.63980641,  0.90310879],
        [-0.95600442,  0.        , -0.92880999, ...,  0.14568468,
         -0.54703527,  0.6754486 ],
        [-0.081785  ,  0.92880999,  0.        , ...,  0.97288496,
          0.57480833,  0.93520282],
        ...,
        [-0.98854181, -0.14568468, -0.97288496, ...,  0.        ,
         -0.66315302,  0.56081338],
        [-0.63980641,  0.54703527, -0.57480833, ...,  0.66315302,
          0.        ,  0.96881215],
        [-0.90310879, -0.6754486 , -0.93520282, ..., -0.56081338,
         -0.96881215,  0.        ]],

       [[ 0.        , -0.01708288, -0.13758966, ...,  0.63305123,
          0.60740024,  0.47392735],
        [ 0.01708288,  0.        , -0.12064917, ...,  0.64618289,
          0.62088218,  0.48890076],
        [ 0.13758966,  0.12064917,  0.        , ...,  0.73354   ,
          0.71092412,  0.59057647],
        ...,
        [-0.63305123, -0.64618289, -0.73354   , ...,  0.        ,
         -0.0326988 , -0.19057024],
        [-0.60740024, -0.62088218, -0.71092412, ...,  0.0326988 ,
          0.        , -0.15836878],
        [-0.47392735, -0.48890076, -0.59057647, ...,  0.19057024,
          0.15836878,  0.        ]],

       ...,

       [[ 0.        ,  0.2480337 , -0.07044853, ..., -0.81205682,
         -0.82074885, -0.69561984],
        [-0.2480337 ,  0.        , -0.31566455, ..., -0.93142829,
         -0.93680057, -0.85207261],
        [ 0.07044853,  0.31566455,  0.        , ..., -0.76892696,
         -0.77846315, -0.64328059],
        ...,
        [ 0.81205682,  0.93142829,  0.76892696, ...,  0.        ,
         -0.015052  ,  0.17744111],
        [ 0.82074885,  0.93680057,  0.77846315, ...,  0.015052  ,
          0.        ,  0.19223415],
        [ 0.69561984,  0.85207261,  0.64328059, ..., -0.17744111,
         -0.19223415,  0.        ]],

       [[ 0.        ,  0.01665959, -0.138684  , ...,  0.75711049,
          0.79841233,  0.8162939 ],
        [-0.01665959,  0.        , -0.15516336, ...,  0.74612193,
          0.7882706 ,  0.80655742],
        [ 0.138684  ,  0.15516336,  0.        , ...,  0.84039473,
          0.87420019,  0.88851478],
        ...,
        [-0.75711049, -0.74612193, -0.84039473, ...,  0.        ,
          0.06572766,  0.09593919],
        [-0.79841233, -0.7882706 , -0.87420019, ..., -0.06572766,
          0.        ,  0.03030726],
        [-0.8162939 , -0.80655742, -0.88851478, ..., -0.09593919,
         -0.03030726,  0.        ]],

       [[ 0.        ,  0.44306593,  0.74670756, ...,  0.58949291,
          0.71634084,  0.79120094],
        [-0.44306593,  0.        ,  0.37470873, ...,  0.88637086,
          0.95134119,  0.98026271],
        [-0.74670756, -0.37470873,  0.        , ...,  0.99527329,
          0.99749148,  0.98292296],
        ...,
        [-0.58949291, -0.88637086, -0.99527329, ...,  0.        ,
         -0.16732219, -0.27860311],
        [-0.71634084, -0.95134119, -0.99749148, ...,  0.16732219,
          0.        , -0.11397815],
        [-0.79120094, -0.98026271, -0.98292296, ...,  0.27860311,
          0.11397815,  0.        ]]]), 'num': array([ 5.61398823e-01,  5.61398823e-01,  0.00000000e+00,  2.11551508e-01,
        2.14016185e-01,  2.11140728e-01,  6.32641702e-03, -1.23233888e-03,
        2.12756461e-01,  2.18418374e-01,  2.14397297e-01,  4.99262843e-06,
        2.26558895e-01,  2.10277852e-01])}
{'img': array([[[ 0.        , -0.3034239 , -0.64213329, ...,  0.11537971,
          0.15713542,  0.02942195],
        [ 0.3034239 ,  0.        , -0.37925771, ...,  0.41133768,
          0.44938186,  0.33132742],
        [ 0.64213329,  0.37925771,  0.        , ...,  0.72629406,
          0.75461503,  0.66440996],
        ...,
        [-0.11537971, -0.41133768, -0.72629406, ...,  0.        ,
          0.04213963, -0.08610431],
        [-0.15713542, -0.44938186, -0.75461503, ..., -0.04213963,
          0.        , -0.12801095],
        [-0.02942195, -0.33132742, -0.66440996, ...,  0.08610431,
          0.12801095,  0.        ]],

       [[ 0.        , -0.92880999, -0.72850876, ..., -0.54703527,
          0.6754486 ,  0.10669582],
        [ 0.92880999,  0.        ,  0.36631518, ...,  0.57480833,
          0.93520282,  0.96304488],
        [ 0.72850876, -0.36631518,  0.        , ...,  0.23510253,
          0.99991445,  0.79744075],
        ...,
        [ 0.54703527, -0.57480833, -0.23510253, ...,  0.        ,
          0.96881215,  0.63322872],
        [-0.6754486 , -0.93520282, -0.99991445, ..., -0.96881215,
          0.        , -0.59291469],
        [-0.10669582, -0.96304488, -0.79744075, ..., -0.63322872,
          0.59291469,  0.        ]],

       [[ 0.        , -0.12064917, -0.27892217, ...,  0.62088218,
          0.48890076,  0.31856689],
        [ 0.12064917,  0.        , -0.16102365, ...,  0.71092412,
          0.59057647,  0.43060322],
        [ 0.27892217,  0.16102365,  0.        , ...,  0.81488985,
          0.71281291,  0.57031459],
        ...,
        [-0.62088218, -0.71092412, -0.81488985, ...,  0.        ,
         -0.15836878, -0.33880863],
        [-0.48890076, -0.59057647, -0.71281291, ...,  0.15836878,
          0.        , -0.18553076],
        [-0.31856689, -0.43060322, -0.57031459, ...,  0.33880863,
          0.18553076,  0.        ]],

       ...,

       [[ 0.        , -0.31566455, -0.68377485, ..., -0.93680057,
         -0.85207261, -0.89327212],
        [ 0.31566455,  0.        , -0.41847579, ..., -0.77846315,
         -0.64328059, -0.70570351],
        [ 0.68377485,  0.41847579,  0.        , ..., -0.44434879,
         -0.26384757, -0.34444651],
        ...,
        [ 0.93680057,  0.77846315,  0.44434879, ...,  0.        ,
          0.19223415,  0.10858356],
        [ 0.85207261,  0.64328059,  0.26384757, ..., -0.19223415,
          0.        , -0.08453916],
        [ 0.89327212,  0.70570351,  0.34444651, ..., -0.10858356,
          0.08453916,  0.        ]],

       [[ 0.        , -0.15516336, -0.39478242, ...,  0.7882706 ,
          0.80655742,  0.78041224],
        [ 0.15516336,  0.        , -0.24744099, ...,  0.87420019,
          0.88851478,  0.8679788 ],
        [ 0.39478242,  0.24744099,  0.        , ...,  0.96716401,
          0.97442241,  0.96386674],
        ...,
        [-0.7882706 , -0.87420019, -0.96716401, ...,  0.        ,
          0.03030726, -0.0126682 ],
        [-0.80655742, -0.88851478, -0.97442241, ..., -0.03030726,
          0.        , -0.04296721],
        [-0.78041224, -0.8679788 , -0.96386674, ...,  0.0126682 ,
          0.04296721,  0.        ]],

       [[ 0.        ,  0.65452884,  0.87430196, ...,  0.73204744,
          0.80714379,  0.86979472],
        [-0.65452884,  0.        ,  0.34330787, ...,  0.99935514,
          0.9966349 ,  0.98055056],
        [-0.87430196, -0.34330787,  0.        , ...,  0.95094436,
          0.90792184,  0.85357568],
        ...,
        [-0.73204744, -0.99935514, -0.95094436, ...,  0.        ,
         -0.11770188, -0.23134855],
        [-0.80714379, -0.9966349 , -0.90792184, ...,  0.11770188,
          0.        , -0.1152317 ],
        [-0.86979472, -0.98055056, -0.85357568, ...,  0.23134855,
          0.1152317 ,  0.        ]]]), 'num': array([6.25820840e-01, 3.88370232e-01, 1.52017035e-07, 2.37450608e-01,
       2.39882881e-01, 2.34866318e-01, 1.08921725e-02, 2.58428959e-03,
       2.35656807e-01, 2.42155535e-01, 2.38073878e-01, 6.27203150e-06,
       2.51416592e-01, 2.32894478e-01])}
{'img': array([[[ 0.        , -0.37925771, -0.73519806, ...,  0.44938186,
          0.33132742,  0.54488744],
        [ 0.37925771,  0.        , -0.42319148, ...,  0.75461503,
          0.66440996,  0.82219057],
        [ 0.73519806,  0.42319148,  0.        , ...,  0.96139622,
          0.91826209,  0.98582357],
        ...,
        [-0.44938186, -0.75461503, -0.96139622, ...,  0.        ,
         -0.12801095,  0.1099588 ],
        [-0.33132742, -0.66440996, -0.91826209, ...,  0.12801095,
          0.        ,  0.23628885],
        [-0.54488744, -0.82219057, -0.98582357, ..., -0.1099588 ,
         -0.23628885,  0.        ]],

       [[ 0.        ,  0.36631518,  0.52342475, ...,  0.93520282,
          0.96304488,  0.68192283],
        [-0.36631518,  0.        ,  0.17491505, ...,  0.99991445,
          0.79744075,  0.9024547 ],
        [-0.52342475, -0.17491505,  0.        , ...,  0.98221131,
          0.67960376,  0.96389277],
        ...,
        [-0.93520282, -0.99991445, -0.98221131, ...,  0.        ,
         -0.59291469,  0.44255249],
        [-0.96304488, -0.79744075, -0.67960376, ...,  0.59291469,
          0.        ,  0.88806401],
        [-0.68192283, -0.9024547 , -0.96389277, ..., -0.44255249,
         -0.88806401,  0.        ]],

       [[ 0.        , -0.16102365, -0.40404645, ...,  0.59057647,
          0.43060322,  0.36859462],
        [ 0.16102365,  0.        , -0.25147934, ...,  0.71281291,
          0.57031459,  0.51347067],
        [ 0.40404645,  0.25147934,  0.        , ...,  0.8662811 ,
          0.75855796,  0.71276531],
        ...,
        [-0.59057647, -0.71281291, -0.8662811 , ...,  0.        ,
         -0.18553076, -0.25154502],
        [-0.43060322, -0.57031459, -0.75855796, ...,  0.18553076,
          0.        , -0.06761267],
        [-0.36859462, -0.51347067, -0.71276531, ...,  0.25154502,
          0.06761267,  0.        ]],

       ...,

       [[ 0.        , -0.41847579, -0.9958485 , ..., -0.64328059,
         -0.70570351, -0.497409  ],
        [ 0.41847579,  0.        , -0.9425497 , ..., -0.26384757,
         -0.34444651, -0.08872625],
        [ 0.9958485 ,  0.9425497 ,  0.        , ...,  0.82100739,
          0.76980342,  0.90919192],
        ...,
        [ 0.64328059,  0.26384757, -0.82100739, ...,  0.        ,
         -0.08453916,  0.17722479],
        [ 0.70570351,  0.34444651, -0.76980342, ...,  0.08453916,
          0.        ,  0.2597913 ],
        [ 0.497409  ,  0.08872625, -0.90919192, ..., -0.17722479,
         -0.2597913 ,  0.        ]],

       [[ 0.        , -0.24744099, -0.31671128, ...,  0.88851478,
          0.8679788 ,  0.8568979 ],
        [ 0.24744099,  0.        , -0.07215928, ...,  0.97442241,
          0.96386674,  0.95780332],
        [ 0.31671128,  0.07215928,  0.        , ...,  0.98809814,
          0.9805762 ,  0.97604679],
        ...,
        [-0.88851478, -0.97442241, -0.98809814, ...,  0.        ,
         -0.04296721, -0.06483119],
        [-0.8679788 , -0.96386674, -0.9805762 , ...,  0.04296721,
          0.        , -0.0218945 ],
        [-0.8568979 , -0.95780332, -0.97604679, ...,  0.06483119,
          0.0218945 ,  0.        ]],

       [[ 0.        ,  0.72214297,  0.80174052, ...,  0.8458356 ,
          0.90611349,  0.93058096],
        [-0.72214297,  0.        ,  0.12299424, ...,  0.97032415,
          0.93228994,  0.90809019],
        [-0.80174052, -0.12299424,  0.        , ...,  0.93321588,
          0.88072295,  0.84968854],
        ...,
        [-0.8458356 , -0.97032415, -0.93321588, ...,  0.        ,
         -0.12554269, -0.18676381],
        [-0.90611349, -0.93228994, -0.88072295, ...,  0.12554269,
          0.        , -0.06195243],
        [-0.93058096, -0.90809019, -0.84968854, ...,  0.18676381,
          0.06195243,  0.        ]]]), 'num': array([6.29412017e-01, 3.80074001e-01, 1.48769699e-07, 2.49338016e-01,
       2.49933095e-01, 2.35056125e-01, 1.65876727e-02, 1.69597457e-02,
       2.34699078e-01, 2.37466194e-01, 2.33365109e-01, 8.67200257e-06,
       2.47968365e-01, 2.26964023e-01])}
{'img': array([[[ 0.        , -0.39084963,  0.44810485, ...,  0.61210178,
          0.76388421,  0.39084963],
        [ 0.39084963,  0.        ,  0.76187229, ...,  0.87248754,
          0.9553568 ,  0.        ],
        [-0.44810485, -0.76187229,  0.        , ...,  0.19285547,
          0.39371202,  0.76187229],
        ...,
        [-0.61210178, -0.87248754, -0.19285547, ...,  0.        ,
          0.20904166,  0.87248754],
        [-0.76388421, -0.9553568 , -0.39371202, ..., -0.20904166,
          0.        ,  0.9553568 ],
        [-0.39084963, -0.        , -0.76187229, ..., -0.87248754,
         -0.9553568 ,  0.        ]],

       [[ 0.        ,  0.13311246, -0.25440386, ...,  0.61964674,
          0.94052193,  0.47513291],
        [-0.13311246,  0.        , -0.38087271, ...,  0.50965505,
          0.88692947,  0.58803219],
        [ 0.25440386,  0.38087271,  0.        , ...,  0.79893588,
          0.99600632,  0.23564659],
        ...,
        [-0.61964674, -0.50965505, -0.79893588, ...,  0.        ,
          0.52768319,  0.91815858],
        [-0.94052193, -0.88692947, -0.99600632, ..., -0.52768319,
          0.        ,  0.98899677],
        [-0.47513291, -0.58803219, -0.23564659, ..., -0.91815858,
         -0.98899677,  0.        ]],

       [[ 0.        , -0.25147934, -0.13742706, ...,  0.57031459,
          0.51347067,  0.8624463 ],
        [ 0.25147934,  0.        ,  0.11608275, ...,  0.75855796,
          0.71276531,  0.96201548],
        [ 0.13742706, -0.11608275,  0.        , ...,  0.67778959,
          0.62652595,  0.92382183],
        ...,
        [-0.57031459, -0.75855796, -0.67778959, ...,  0.        ,
         -0.06761267,  0.41977221],
        [-0.51347067, -0.71276531, -0.62652595, ...,  0.06761267,
          0.        ,  0.48017888],
        [-0.8624463 , -0.96201548, -0.92382183, ..., -0.41977221,
         -0.48017888,  0.        ]],

       ...,

       [[ 0.        , -0.9425497 ,  0.1228608 , ..., -0.34444651,
         -0.08872625,  0.66039158],
        [ 0.9425497 ,  0.        ,  0.97645247, ...,  0.76980342,
          0.90919192,  0.92839509],
        [-0.1228608 , -0.97645247,  0.        , ..., -0.4571794 ,
         -0.21043029,  0.5631296 ],
        ...,
        [ 0.34444651, -0.76980342,  0.4571794 , ...,  0.        ,
          0.2597913 ,  0.8786318 ],
        [ 0.08872625, -0.90919192,  0.21043029, ..., -0.2597913 ,
          0.        ,  0.72441347],
        [-0.66039158, -0.92839509, -0.5631296 , ..., -0.8786318 ,
         -0.72441347,  0.        ]],

       [[ 0.        , -0.07215928, -0.31960828, ...,  0.96386674,
          0.95780332,  0.96076146],
        [ 0.07215928,  0.        , -0.25040059, ...,  0.9805762 ,
          0.97604679,  0.93824163],
        [ 0.31960828,  0.25040059,  0.        , ...,  0.99845051,
          0.99942953,  0.82171765],
        ...,
        [-0.96386674, -0.9805762 , -0.99845051, ...,  0.        ,
         -0.0218945 ,  0.52328578],
        [-0.95780332, -0.97604679, -0.99942953, ...,  0.0218945 ,
          0.        ,  0.5418179 ],
        [-0.96076146, -0.93824163, -0.82171765, ..., -0.52328578,
         -0.5418179 ,  0.        ]],

       [[ 0.        ,  0.4583196 ,  0.82359201, ...,  0.94812269,
          0.96809605,  0.99115014],
        [-0.4583196 ,  0.        ,  0.47204729, ...,  0.98838148,
          0.97527708,  0.94176172],
        [-0.82359201, -0.47204729,  0.        , ...,  0.7995825 ,
          0.75546251,  0.67149142],
        ...,
        [-0.94812269, -0.98838148, -0.7995825 , ...,  0.        ,
         -0.07018222, -0.18923212],
        [-0.96809605, -0.97527708, -0.75546251, ...,  0.07018222,
          0.        , -0.11985132],
        [-0.99115014, -0.94176172, -0.67149142, ...,  0.18923212,
          0.11985132,  0.        ]]]), 'num': array([ 6.24498442e-01,  3.81616916e-01,  1.49373632e-07,  2.42881525e-01,
        2.54831416e-01,  2.40640921e-01,  7.83449761e-03, -7.46868159e-03,
        2.37892446e-01,  2.38437660e-01,  2.34608716e-01,  8.09688845e-06,
        2.48994847e-01,  2.27880473e-01])}
{'img': array([[[ 0.00000000e+00,  7.61872286e-01,  5.90799815e-01, ...,
          9.55356798e-01,  0.00000000e+00,  9.01960674e-01],
        [-7.61872286e-01,  0.00000000e+00, -2.32015260e-01, ...,
          3.93712023e-01,  7.61872286e-01,  9.13214833e-01],
        [-5.90799815e-01,  2.32015260e-01,  0.00000000e+00, ...,
          5.96244744e-01,  5.90799815e-01,  9.82836373e-01],
        ...,
        [-9.55356798e-01, -3.93712023e-01, -5.96244744e-01, ...,
          0.00000000e+00,  9.55356798e-01,  6.79028817e-01],
        [-0.00000000e+00, -7.61872286e-01, -5.90799815e-01, ...,
         -9.55356798e-01,  0.00000000e+00, -9.01960674e-01],
        [-9.01960674e-01, -9.13214833e-01, -9.82836373e-01, ...,
         -6.79028817e-01,  9.01960674e-01,  0.00000000e+00]],

       [[ 0.00000000e+00, -3.80872708e-01, -1.67885702e-01, ...,
          8.86929472e-01,  5.88032195e-01,  6.25988713e-01],
        [ 3.80872708e-01,  0.00000000e+00,  2.20235045e-01, ...,
          9.96006324e-01,  2.35646590e-01,  8.75823138e-01],
        [ 1.67885702e-01, -2.20235045e-01,  0.00000000e+00, ...,
          9.51888034e-01,  4.43893685e-01,  7.48026384e-01],
        ...,
        [-8.86929472e-01, -9.96006324e-01, -9.51888034e-01, ...,
          0.00000000e+00,  9.88996773e-01, -4.02508852e-01],
        [-5.88032195e-01, -2.35646590e-01, -4.43893685e-01, ...,
         -9.88996773e-01,  0.00000000e+00, -9.64889551e-01],
        [-6.25988713e-01, -8.75823138e-01, -7.48026384e-01, ...,
          4.02508852e-01,  9.64889551e-01,  0.00000000e+00]],

       [[ 0.00000000e+00,  1.16082751e-01, -8.90244992e-02, ...,
          7.12765311e-01,  9.62015485e-01,  9.99944311e-01],
        [-1.16082751e-01,  0.00000000e+00, -2.04044490e-01, ...,
          6.26525949e-01,  9.23821825e-01,  9.94409302e-01],
        [ 8.90244992e-02,  2.04044490e-01,  0.00000000e+00, ...,
          7.72377246e-01,  9.82498974e-01,  9.95034457e-01],
        ...,
        [-7.12765311e-01, -6.26525949e-01, -7.72377246e-01, ...,
          0.00000000e+00,  4.80178881e-01,  7.08885645e-01],
        [-9.62015485e-01, -9.23821825e-01, -9.82498974e-01, ...,
         -4.80178881e-01,  0.00000000e+00,  2.83132222e-01],
        [-9.99944311e-01, -9.94409302e-01, -9.95034457e-01, ...,
         -7.08885645e-01, -2.83132222e-01,  0.00000000e+00]],

       ...,

       [[ 0.00000000e+00,  9.76452474e-01,  9.40711476e-01, ...,
          9.09191917e-01,  9.28395086e-01,  9.83192118e-01],
        [-9.76452474e-01,  0.00000000e+00, -1.28278122e-01, ...,
         -2.10430288e-01,  5.63129599e-01,  3.90381432e-01],
        [-9.40711476e-01,  1.28278122e-01,  0.00000000e+00, ...,
         -8.32859327e-02,  6.64482165e-01,  5.05255857e-01],
        ...,
        [-9.09191917e-01,  2.10430288e-01,  8.32859327e-02, ...,
          0.00000000e+00,  7.24413470e-01,  5.75373669e-01],
        [-9.28395086e-01, -5.63129599e-01, -6.64482165e-01, ...,
         -7.24413470e-01,  0.00000000e+00, -1.95848119e-01],
        [-9.83192118e-01, -3.90381432e-01, -5.05255857e-01, ...,
         -5.75373669e-01,  1.95848119e-01,  0.00000000e+00]],

       [[ 0.00000000e+00, -2.50400586e-01, -2.89012824e-01, ...,
          9.76046786e-01,  9.38241625e-01,  9.33486776e-01],
        [ 2.50400586e-01,  0.00000000e+00, -4.00907483e-02, ...,
          9.99429532e-01,  8.21717649e-01,  8.13951440e-01],
        [ 2.89012824e-01,  4.00907483e-02,  0.00000000e+00, ...,
          9.97272051e-01,  7.98209513e-01,  7.90007023e-01],
        ...,
        [-9.76046786e-01, -9.99429532e-01, -9.97272051e-01, ...,
          0.00000000e+00,  5.41817896e-01,  5.53111983e-01],
        [-9.38241625e-01, -8.21717649e-01, -7.98209513e-01, ...,
         -5.41817896e-01,  0.00000000e+00,  1.34961204e-02],
        [-9.33486776e-01, -8.13951440e-01, -7.90007023e-01, ...,
         -5.53111983e-01, -1.34961204e-02,  0.00000000e+00]],

       [[ 0.00000000e+00,  7.51740510e-01,  8.00164061e-01, ...,
          9.78456474e-01,  9.96658499e-01,  9.96710662e-01],
        [-7.51740510e-01,  0.00000000e+00,  7.67955937e-02, ...,
          8.00451195e-01,  7.18658592e-01,  7.18212627e-01],
        [-8.00164061e-01, -7.67955937e-02,  0.00000000e+00, ...,
          7.52056229e-01,  6.63135470e-01,  6.62655449e-01],
        ...,
        [-9.78456474e-01, -8.00451195e-01, -7.52056229e-01, ...,
          0.00000000e+00, -1.25841741e-01, -1.26477747e-01],
        [-9.96658499e-01, -7.18658592e-01, -6.63135470e-01, ...,
          1.25841741e-01,  0.00000000e+00, -6.41128575e-04],
        [-9.96710662e-01, -7.18212627e-01, -6.62655449e-01, ...,
          1.26477747e-01,  6.41128575e-04,  0.00000000e+00]]]), 'num': array([ 6.24476542e-01,  3.83806798e-01,  1.50230802e-07,  2.40669744e-01,
        2.50284516e-01,  2.36613513e-01,  9.23093161e-03, -3.60553924e-03,
        2.40699791e-01,  2.39535502e-01,  2.36210393e-01,  7.39010641e-06,
        2.49769065e-01,  2.29301939e-01])}
{'img': array([[[ 0.00000000e+00, -2.61813852e-01, -7.18132465e-01, ...,
          7.18132465e-01,  9.31257542e-01,  7.86173784e-01],
        [ 2.61813852e-01,  0.00000000e+00, -5.10884905e-01, ...,
          5.10884905e-01,  9.94168699e-01,  9.20553174e-01],
        [ 7.18132465e-01,  5.10884905e-01,  0.00000000e+00, ...,
          0.00000000e+00,  9.09728023e-01,  9.90913197e-01],
        ...,
        [-7.18132465e-01, -5.10884905e-01, -0.00000000e+00, ...,
          0.00000000e+00, -9.09728023e-01, -9.90913197e-01],
        [-9.31257542e-01, -9.94168699e-01, -9.09728023e-01, ...,
          9.09728023e-01,  0.00000000e+00, -2.89070716e-01],
        [-7.86173784e-01, -9.20553174e-01, -9.90913197e-01, ...,
          9.90913197e-01,  2.89070716e-01,  0.00000000e+00]],

       [[ 0.00000000e+00,  2.20235045e-01,  4.55164211e-01, ...,
          2.35646590e-01,  8.75823138e-01,  9.52869632e-01],
        [-2.20235045e-01,  0.00000000e+00,  2.47889549e-01, ...,
          4.43893685e-01,  7.48026384e-01,  8.62658743e-01],
        [-4.55164211e-01, -2.47889549e-01,  0.00000000e+00, ...,
          6.52167742e-01,  5.60162603e-01,  7.10354532e-01],
        ...,
        [-2.35646590e-01, -4.43893685e-01, -6.52167742e-01, ...,
          0.00000000e+00, -9.64889551e-01, -9.97526173e-01],
        [-8.75823138e-01, -7.48026384e-01, -5.60162603e-01, ...,
          9.64889551e-01,  0.00000000e+00,  1.94178276e-01],
        [-9.52869632e-01, -8.62658743e-01, -7.10354532e-01, ...,
          9.97526173e-01, -1.94178276e-01,  0.00000000e+00]],

       [[ 0.00000000e+00, -2.04044490e-01, -5.46368155e-01, ...,
          9.23821825e-01,  9.94409302e-01,  9.94887396e-01],
        [ 2.04044490e-01,  0.00000000e+00, -3.63976984e-01, ...,
          9.82498974e-01,  9.95034457e-01,  9.53350030e-01],
        [ 5.46368155e-01,  3.63976984e-01,  0.00000000e+00, ...,
          9.82904611e-01,  8.90555987e-01,  7.78085128e-01],
        ...,
        [-9.23821825e-01, -9.82498974e-01, -9.82904611e-01, ...,
          0.00000000e+00,  2.83132222e-01,  4.74162674e-01],
        [-9.94409302e-01, -9.95034457e-01, -8.90555987e-01, ...,
         -2.83132222e-01,  0.00000000e+00,  2.05480201e-01],
        [-9.94887396e-01, -9.53350030e-01, -7.78085128e-01, ...,
         -4.74162674e-01, -2.05480201e-01,  0.00000000e+00]],

       ...,

       [[ 0.00000000e+00, -1.50944733e-01, -8.30892917e-01, ...,
          6.17386747e-01,  4.35538336e-01,  1.90670544e-01],
        [ 1.50944733e-01,  0.00000000e+00, -7.37382182e-01, ...,
          7.29055006e-01,  5.66423975e-01,  3.36661394e-01],
        [ 8.30892917e-01,  7.37382182e-01,  0.00000000e+00, ...,
          9.97163995e-01,  9.90292649e-01,  9.21744685e-01],
        ...,
        [-6.17386747e-01, -7.29055006e-01, -9.97163995e-01, ...,
          0.00000000e+00, -2.13132651e-01, -4.56067376e-01],
        [-4.35538336e-01, -5.66423975e-01, -9.90292649e-01, ...,
          2.13132651e-01,  0.00000000e+00, -2.55912049e-01],
        [-1.90670544e-01, -3.36661394e-01, -9.21744685e-01, ...,
          4.56067376e-01,  2.55912049e-01,  0.00000000e+00]],

       [[ 0.00000000e+00, -4.00907483e-02, -5.64578182e-02, ...,
          8.21717649e-01,  8.13951440e-01,  9.41377424e-01],
        [ 4.00907483e-02,  0.00000000e+00, -1.63856256e-02, ...,
          7.98209513e-01,  7.90007023e-01,  9.27095773e-01],
        [ 5.64578182e-02,  1.63856256e-02,  0.00000000e+00, ...,
          7.88231979e-01,  7.79854971e-01,  9.20829573e-01],
        ...,
        [-8.21717649e-01, -7.98209513e-01, -7.88231979e-01, ...,
          0.00000000e+00,  1.34961204e-02, -2.59275377e-01],
        [-8.13951440e-01, -7.90007023e-01, -7.79854971e-01, ...,
         -1.34961204e-02,  0.00000000e+00, -2.72286362e-01],
        [-9.41377424e-01, -9.27095773e-01, -9.20829573e-01, ...,
          2.59275377e-01,  2.72286362e-01,  0.00000000e+00]],

       [[ 0.00000000e+00,  1.67835049e-01,  2.11805618e-01, ...,
          9.14012229e-01,  9.13707793e-01,  9.20584046e-01],
        [-1.67835049e-01,  0.00000000e+00,  4.47739991e-02, ...,
          8.32958614e-01,  8.32543496e-01,  8.41978589e-01],
        [-2.11805618e-01, -4.47739991e-02,  0.00000000e+00, ...,
          8.07348241e-01,  8.06905582e-01,  8.16978142e-01],
        ...,
        [-9.14012229e-01, -8.32958614e-01, -8.07348241e-01, ...,
          0.00000000e+00, -7.49788684e-04,  1.65061839e-02],
        [-9.13707793e-01, -8.32543496e-01, -8.06905582e-01, ...,
          7.49788684e-04,  0.00000000e+00,  1.72558658e-02],
        [-9.20584046e-01, -8.41978589e-01, -8.16978142e-01, ...,
         -1.65061839e-02, -1.72558658e-02,  0.00000000e+00]]]), 'num': array([ 6.25252270e-01,  3.85489151e-01,  1.50889313e-07,  2.39763119e-01,
        2.40517565e-01,  2.36896222e-01,  5.64009164e-03, -1.96156107e-03,
        2.43082684e-01,  2.40359132e-01,  2.37391642e-01,  6.65794572e-06,
        2.50499736e-01,  2.30218528e-01])}
{'img': array([[[ 0.        , -0.5108849 ,  0.24593407, ...,  0.9941687 ,
          0.92055317,  0.85055393],
        [ 0.5108849 ,  0.        ,  0.70661088, ...,  0.90972802,
          0.9909132 ,  0.99984609],
        [-0.24593407, -0.70661088,  0.        , ...,  0.93711382,
          0.79621372,  0.69509675],
        ...,
        [-0.9941687 , -0.90972802, -0.93711382, ...,  0.        ,
         -0.28907072, -0.43110092],
        [-0.92055317, -0.9909132 , -0.79621372, ...,  0.28907072,
          0.        , -0.15186667],
        [-0.85055393, -0.99984609, -0.69509675, ...,  0.43110092,
          0.15186667,  0.        ]],

       [[ 0.        ,  0.24788955,  0.40384893, ...,  0.74802638,
          0.86265874,  0.46718675],
        [-0.24788955,  0.        ,  0.16446839, ...,  0.5601626 ,
          0.71035453,  0.23343136],
        [-0.40384893, -0.16446839,  0.        , ...,  0.41629175,
          0.58492108,  0.07032791],
        ...,
        [-0.74802638, -0.5601626 , -0.41629175, ...,  0.        ,
          0.19417828, -0.35131665],
        [-0.86265874, -0.71035453, -0.58492108, ..., -0.19417828,
          0.        , -0.52643049],
        [-0.46718675, -0.23343136, -0.07032791, ...,  0.35131665,
          0.52643049,  0.        ]],

       [[ 0.        , -0.36397698,  0.0378412 , ...,  0.99503446,
          0.95335003,  0.86108183],
        [ 0.36397698,  0.        ,  0.39896189, ...,  0.89055599,
          0.77808513,  0.61694839],
        [-0.0378412 , -0.39896189,  0.        , ...,  0.99808815,
          0.96409022,  0.87970608],
        ...,
        [-0.99503446, -0.89055599, -0.99808815, ...,  0.        ,
          0.2054802 ,  0.42023721],
        [-0.95335003, -0.77808513, -0.96409022, ..., -0.2054802 ,
          0.        ,  0.22481422],
        [-0.86108183, -0.61694839, -0.87970608, ..., -0.42023721,
         -0.22481422,  0.        ]],

       ...,

       [[ 0.        , -0.73738218, -0.14596411, ...,  0.56642397,
          0.33666139,  0.06928007],
        [ 0.73738218,  0.        ,  0.63088951, ...,  0.99029265,
          0.92174469,  0.78240744],
        [ 0.14596411, -0.63088951,  0.        , ...,  0.68064858,
          0.47049928,  0.21415147],
        ...,
        [-0.56642397, -0.99029265, -0.68064858, ...,  0.        ,
         -0.25591205, -0.50796833],
        [-0.33666139, -0.92174469, -0.47049928, ...,  0.25591205,
          0.        , -0.27061658],
        [-0.06928007, -0.78240744, -0.21415147, ...,  0.50796833,
          0.27061658,  0.        ]],

       [[ 0.        , -0.01638563, -0.02918544, ...,  0.79000702,
          0.92709577,  0.96008694],
        [ 0.01638563,  0.        , -0.01280288, ...,  0.77985497,
          0.92082957,  0.95537496],
        [ 0.02918544,  0.01280288,  0.        , ...,  0.77177696,
          0.91576142,  0.95151474],
        ...,
        [-0.79000702, -0.77985497, -0.77177696, ...,  0.        ,
         -0.27228636, -0.36766085],
        [-0.92709577, -0.92082957, -0.91576142, ...,  0.27228636,
          0.        , -0.10055384],
        [-0.96008694, -0.95537496, -0.95151474, ...,  0.36766085,
          0.10055384,  0.        ]],

       [[ 0.        ,  0.044774  ,  0.12861083, ...,  0.8325435 ,
          0.84197859,  0.83469376],
        [-0.044774  ,  0.        ,  0.0840797 , ...,  0.80690558,
          0.81697814,  0.80919899],
        [-0.12861083, -0.0840797 ,  0.        , ...,  0.75438412,
          0.76559913,  0.75693391],
        ...,
        [-0.8325435 , -0.80690558, -0.75438412, ...,  0.        ,
          0.01725587,  0.00389301],
        [-0.84197859, -0.81697814, -0.76559913, ..., -0.01725587,
          0.        , -0.01336331],
        [-0.83469376, -0.80919899, -0.75693391, ..., -0.00389301,
          0.01336331,  0.        ]]]), 'num': array([ 6.23689501e-01,  3.87518228e-01,  1.51683541e-07,  2.36171273e-01,
        2.40570096e-01,  2.36171273e-01,  9.32944785e-03, -4.85387330e-03,
        2.44210501e-01,  2.41146493e-01,  2.38742309e-01,  6.75781392e-06,
        2.51421908e-01,  2.30871078e-01])}
{'img': array([[[ 0.        ,  0.70661088,  0.65643112, ...,  0.9909132 ,
          0.99984609,  0.92004493],
        [-0.70661088,  0.        , -0.06856513, ...,  0.79621372,
          0.69509675,  0.37416671],
        [-0.65643112,  0.06856513,  0.        , ...,  0.83582291,
          0.74275353,  0.43687083],
        ...,
        [-0.9909132 , -0.79621372, -0.83582291, ...,  0.        ,
         -0.15186667, -0.51200127],
        [-0.99984609, -0.69509675, -0.74275353, ...,  0.15186667,
          0.        , -0.37561142],
        [-0.92004493, -0.37416671, -0.43687083, ...,  0.51200127,
          0.37561142,  0.        ]],

       [[ 0.        ,  0.16446839, -0.44487423, ...,  0.71035453,
          0.23343136,  0.71127422],
        [-0.16446839,  0.        , -0.58611283, ...,  0.58492108,
          0.07032791,  0.5859811 ],
        [ 0.44487423,  0.58611283,  0.        , ...,  0.94931066,
          0.64164332,  0.94972086],
        ...,
        [-0.71035453, -0.58492108, -0.94931066, ...,  0.        ,
         -0.52643049,  0.00130753],
        [-0.23343136, -0.07032791, -0.64164332, ...,  0.52643049,
          0.        ,  0.52754173],
        [-0.71127422, -0.5859811 , -0.94972086, ..., -0.00130753,
         -0.52754173,  0.        ]],

       [[ 0.        ,  0.39896189,  0.56788966, ...,  0.77808513,
          0.61694839,  0.63930523],
        [-0.39896189,  0.        ,  0.19234896, ...,  0.96409022,
          0.87970608,  0.89300509],
        [-0.56788966, -0.19234896,  0.        , ...,  0.99717043,
          0.95474433,  0.96289563],
        ...,
        [-0.77808513, -0.96409022, -0.99717043, ...,  0.        ,
          0.22481422,  0.19672571],
        [-0.61694839, -0.87970608, -0.95474433, ..., -0.22481422,
          0.        , -0.02873117],
        [-0.63930523, -0.89300509, -0.96289563, ..., -0.19672571,
          0.02873117,  0.        ]],

       ...,

       [[ 0.        ,  0.63088951,  0.67683404, ...,  0.92174469,
          0.78240744,  0.79723323],
        [-0.63088951,  0.        ,  0.06071678, ...,  0.47049928,
          0.21415147,  0.23770152],
        [-0.67683404, -0.06071678,  0.        , ...,  0.41605471,
          0.15444818,  0.17828643],
        ...,
        [-0.92174469, -0.47049928, -0.41605471, ...,  0.        ,
         -0.27061658, -0.24726604],
        [-0.78240744, -0.21415147, -0.15444818, ...,  0.27061658,
          0.        ,  0.02417344],
        [-0.79723323, -0.23770152, -0.17828643, ...,  0.24726604,
         -0.02417344,  0.        ]],

       [[ 0.        , -0.01280288, -0.02568621, ...,  0.92082957,
          0.95537496,  0.97885456],
        [ 0.01280288,  0.        , -0.01288545, ...,  0.91576142,
          0.95151474,  0.97615541],
        [ 0.02568621,  0.01288545,  0.        , ...,  0.91050902,
          0.94747214,  0.97327728],
        ...,
        [-0.92082957, -0.91576142, -0.91050902, ...,  0.        ,
         -0.10055384, -0.1933567 ],
        [-0.95537496, -0.95151474, -0.94747214, ...,  0.10055384,
          0.        , -0.09372045],
