state_0,state_1,state_2,state_3,state_4,state_5,state_6,state_7,state_8,state_9,state_10,state_11,state_12,state_13,state_14,state_15,state_16,state_17,state_18,state_19,state_20,state_21,state_22,state_23,state_24,state_25,state_26,state_27,state_28,state_29,state_30,state_31,state_32,state_33,state_34,state_35,state_36,state_37,state_38,state_39,state_40,state_41,state_42,state_43,state_44,state_45,state_46,state_47,state_48,state_49,state_50,state_51,state_52,state_53,state_54,state_55,state_56,state_57,state_58,state_59,state_60,state_61,state_62,state_63,state_64,state_65,state_66,state_67,state_68,state_69,state_70,state_71,state_72,state_73,state_74,state_75,state_76,state_77,state_78,state_79,state_80,state_81,state_82,state_83,state_84,state_85,state_86,state_87,state_88,state_89,state_90,state_91,state_92,state_93,state_94,state_95,state_96,state_97,state_98,state_99,state_100,state_101,state_102,state_103,state_104,state_105,state_106,state_107,state_108,state_109,state_110,state_111,state_112,state_113,state_114,state_115,state_116,state_117,state_118,state_119,state_120,state_121,state_122,state_123,state_124,state_125,state_126,state_127,state_128,state_129,state_130,state_131,state_132,state_133,state_134,state_135,state_136,state_137,state_138,state_139,state_140,state_141,state_142,state_143,state_144,state_145,state_146,state_147,state_148,state_149,state_150,state_151,state_152,state_153,state_154,state_155,state_156,state_157,state_158,state_159,state_160,state_161,state_162,state_163,state_164,state_165,state_166,state_167,state_168,state_169,state_170,state_171,state_172,state_173,state_174,state_175,state_176,state_177,state_178,state_179,state_180,state_181,state_182,state_183,state_184,state_185,state_186,state_187,state_188,state_189,state_190,state_191,state_192,state_193,state_194,state_195,state_196,state_197,state_198,state_199,state_200,state_201,state_202,state_203,state_204,state_205,state_206,state_207,state_208,state_209,state_210,state_211,state_212,state_213,state_214,state_215,state_216,state_217,state_218,state_219,state_220,state_221,state_222,state_223,state_224,state_225,state_226,state_227,state_228,state_229,state_230,state_231,state_232,state_233,state_234,state_235,state_236,state_237,state_238,state_239,state_240,state_241,state_242,state_243,state_244,state_245,state_246,state_247,state_248,state_249,state_250,state_251,state_252,state_253,state_254,state_255,state_256,state_257,state_258,state_259,state_260,state_261,state_262,state_263,state_264,state_265,state_266,state_267,state_268,state_269,state_270,state_271,state_272,state_273,state_274,state_275,state_276,state_277,state_278,state_279,state_280,state_281,state_282,state_283,state_284,state_285,state_286,state_287
{'img': array([[[ 0.        , -0.35757533, -0.67748435, ..., -0.69500152,
         -0.        , -0.71170414],
        [ 0.35757533,  0.        , -0.36968204, ..., -0.90615063,
         -0.35757533, -0.9158386 ],
        [ 0.67748435,  0.36968204,  0.        , ..., -0.99831631,
         -0.67748435, -0.99940362],
        ...,
        [ 0.69500152,  0.90615063,  0.99831631, ...,  0.        ,
         -0.69500152,  0.02349695],
        [ 0.        ,  0.35757533,  0.67748435, ...,  0.69500152,
          0.        ,  0.71170414],
        [ 0.71170414,  0.9158386 ,  0.99940362, ..., -0.02349695,
         -0.71170414,  0.        ]],

       [[ 0.        , -0.35725719, -0.64388655, ..., -0.23282166,
         -0.00855397,  0.33412537],
        [ 0.35725719,  0.        , -0.32804896, ...,  0.12998272,
          0.34925465,  0.64880025],
        [ 0.64388655,  0.32804896,  0.        , ...,  0.44805545,
          0.63731817,  0.86252784],
        ...,
        [ 0.23282166, -0.12998272, -0.44805545, ...,  0.        ,
          0.22449424,  0.54438451],
        [ 0.00855397, -0.34925465, -0.63731817, ..., -0.22449424,
          0.        ,  0.34217551],
        [-0.33412537, -0.64880025, -0.86252784, ..., -0.54438451,
         -0.34217551,  0.        ]],

       [[ 0.        ,  0.16736945,  0.20875881, ..., -0.99984945,
         -0.96114941, -0.75236427],
        [-0.16736945,  0.        ,  0.04213229, ..., -0.98864994,
         -0.90139291, -0.63149743],
        [-0.20875881, -0.04213229,  0.        , ..., -0.98144221,
         -0.88234914, -0.59826824],
        ...,
        [ 0.99984945,  0.98864994,  0.98144221, ...,  0.        ,
         -0.2926645 , -0.67170279],
        [ 0.96114941,  0.90139291,  0.88234914, ...,  0.2926645 ,
          0.        , -0.42548048],
        [ 0.75236427,  0.63149743,  0.59826824, ...,  0.67170279,
          0.42548048,  0.        ]],

       ...,

       [[ 0.        , -0.06244824, -0.12162371, ..., -0.46949625,
         -0.72114948, -0.54910601],
        [ 0.06244824,  0.        , -0.05940168, ..., -0.41344219,
         -0.67647908, -0.49584299],
        [ 0.12162371,  0.05940168,  0.        , ..., -0.35862508,
         -0.63153746, -0.44338226],
        ...,
        [ 0.46949625,  0.41344219,  0.35862508, ...,  0.        ,
         -0.31147035, -0.09244186],
        [ 0.72114948,  0.67647908,  0.63153746, ...,  0.31147035,
          0.        ,  0.22229324],
        [ 0.54910601,  0.49584299,  0.44338226, ...,  0.09244186,
         -0.22229324,  0.        ]],

       [[ 0.        , -0.54176826, -0.66392527, ..., -0.90340166,
         -0.94443066, -0.94945585],
        [ 0.54176826,  0.        , -0.15291399, ..., -0.99164201,
         -0.97190535, -0.96810552],
        [ 0.66392527,  0.15291399,  0.        , ..., -0.96025086,
         -0.92448358, -0.91840862],
        ...,
        [ 0.90340166,  0.99164201,  0.96025086, ...,  0.        ,
          0.10800968,  0.12354391],
        [ 0.94443066,  0.97190535,  0.92448358, ..., -0.10800968,
          0.        ,  0.01563893],
        [ 0.94945585,  0.96810552,  0.91840862, ..., -0.12354391,
         -0.01563893,  0.        ]],

       [[ 0.        ,  0.08046642,  0.11252143, ..., -0.95988017,
         -0.99400179, -0.93470173],
        [-0.08046642,  0.        ,  0.03220116, ..., -0.97933121,
         -0.98197845, -0.90307036],
        [-0.11252143, -0.03220116,  0.        , ..., -0.98533645,
         -0.97538342, -0.88877188],
        ...,
        [ 0.95988017,  0.97933121,  0.98533645, ...,  0.        ,
         -0.38370469, -0.60327338],
        [ 0.99400179,  0.98197845,  0.97538342, ...,  0.38370469,
          0.        , -0.25107861],
        [ 0.93470173,  0.90307036,  0.88877188, ...,  0.60327338,
          0.25107861,  0.        ]]]), 'num': array([7.07085117e-01, 7.07085117e-01, 0.00000000e+00, 2.56696379e-03,
       2.59936586e-03, 2.53096149e-03, 2.49212221e-03, 7.20045944e-06,
       2.55688315e-03, 2.66344995e-03, 2.72747403e-03, 2.82875192e-07,
       2.82889764e-03, 2.49800225e-03])}
{'img': array([[[ 0.        , -0.39417851, -0.13307049, ..., -0.3122499 ,
         -0.89701063, -0.91625479],
        [ 0.39417851,  0.        ,  0.26837662, ..., -0.66143783,
         -0.99861361, -0.99997555],
        [ 0.13307049, -0.26837662,  0.        , ..., -0.43588989,
         -0.94785148, -0.96141366],
        ...,
        [ 0.3122499 ,  0.66143783,  0.43588989, ...,  0.        ,
          0.71414284,  0.74535599],
        [ 0.89701063,  0.99861361,  0.94785148, ..., -0.71414284,
          0.        ,  0.04565397],
        [ 0.91625479,  0.99997555,  0.96141366, ..., -0.74535599,
         -0.04565397,  0.        ]],

       [[ 0.        , -0.32804896, -0.18908973, ...,  0.34925465,
          0.64880025,  0.05887779],
        [ 0.32804896,  0.        ,  0.14350526, ...,  0.63731817,
          0.86252784,  0.3830994 ],
        [ 0.18908973, -0.14350526,  0.        , ...,  0.52013638,
          0.78098526,  0.24657732],
        ...,
        [-0.34925465, -0.63731817, -0.52013638, ...,  0.        ,
          0.34217551, -0.29347864],
        [-0.64880025, -0.86252784, -0.78098526, ..., -0.34217551,
          0.        , -0.60287114],
        [-0.05887779, -0.3830994 , -0.24657732, ...,  0.29347864,
          0.60287114,  0.        ]],

       [[ 0.        ,  0.04077677,  0.21537773, ..., -0.96683285,
         -0.91079372, -0.61543535],
        [-0.04077677,  0.        ,  0.17537882, ..., -0.95561392,
         -0.89320102, -0.58278374],
        [-0.21537773, -0.17537882,  0.        , ..., -0.88913245,
         -0.80049691, -0.43123357],
        ...,
        [ 0.96683285,  0.95561392,  0.88913245, ...,  0.        ,
         -0.16654249, -0.60485712],
        [ 0.91079372,  0.89320102,  0.80049691, ...,  0.16654249,
          0.        , -0.46378641],
        [ 0.61543535,  0.58278374,  0.43123357, ...,  0.60485712,
          0.46378641,  0.        ]],

       ...,

       [[ 0.        , -0.05940168,  0.16780734, ..., -0.67647908,
         -0.49584299, -0.48354489],
        [ 0.05940168,  0.        ,  0.22607038, ..., -0.63153746,
         -0.44338226, -0.43069557],
        [-0.16780734, -0.22607038,  0.        , ..., -0.79047019,
         -0.63453778, -0.62357318],
        ...,
        [ 0.67647908,  0.63153746,  0.79047019, ...,  0.        ,
          0.22229324,  0.23602301],
        [ 0.49584299,  0.44338226,  0.63453778, ..., -0.22229324,
          0.        ,  0.01410479],
        [ 0.48354489,  0.43069557,  0.62357318, ..., -0.23602301,
         -0.01410479,  0.        ]],

       [[ 0.        , -0.16964263, -0.1117485 , ..., -0.98348139,
         -0.98048538, -0.97722177],
        [ 0.16964263,  0.        ,  0.0584513 , ..., -0.93851958,
         -0.93292349, -0.92705589],
        [ 0.1117485 , -0.0584513 ,  0.        , ..., -0.95709387,
         -0.95237527, -0.94738562],
        ...,
        [ 0.98348139,  0.93851958,  0.95709387, ...,  0.        ,
          0.01586766,  0.03182892],
        [ 0.98048538,  0.93292349,  0.95237527, ..., -0.01586766,
          0.        ,  0.01596529],
        [ 0.97722177,  0.92705589,  0.94738562, ..., -0.03182892,
         -0.01596529,  0.        ]],

       [[ 0.        ,  0.03171893,  0.02571537, ..., -0.99763054,
         -0.98685531, -0.89709257],
        [-0.03171893,  0.        , -0.00600601, ..., -0.99494633,
         -0.98123277, -0.8826264 ],
        [-0.02571537,  0.00600601,  0.        , ..., -0.99553144,
         -0.98237319, -0.88543375],
        ...,
        [ 0.99763054,  0.99494633,  0.99553144, ...,  0.        ,
         -0.09332878, -0.37907668],
        [ 0.98685531,  0.98123277,  0.98237319, ...,  0.09332878,
          0.        , -0.29105893],
        [ 0.89709257,  0.8826264 ,  0.88543375, ...,  0.37907668,
          0.29105893,  0.        ]]]), 'num': array([9.78059360e-01, 2.08049128e-01, 2.12124031e-06, 3.56486218e-03,
       3.59923413e-03, 3.46665661e-03, 3.49167939e-03, 6.38336204e-05,
       3.48924389e-03, 3.62894132e-03, 3.71307076e-03, 4.41925064e-07,
       3.85648333e-03, 3.40139931e-03])}
{'img': array([[[ 0.        ,  0.26837662,  0.66143783, ..., -0.99861361,
         -0.99997555, -0.96741844],
        [-0.26837662,  0.        ,  0.43588989, ..., -0.94785148,
         -0.96141366, -0.99987615],
        [-0.66143783, -0.43588989,  0.        , ..., -0.71414284,
         -0.74535599, -0.89302855],
        ...,
        [ 0.99861361,  0.94785148,  0.71414284, ...,  0.        ,
          0.04565397,  0.30375571],
        [ 0.99997555,  0.96141366,  0.74535599, ..., -0.04565397,
          0.        ,  0.25994217],
        [ 0.96741844,  0.99987615,  0.89302855, ..., -0.30375571,
         -0.25994217,  0.        ]],

       [[ 0.        ,  0.14350526, -0.00906002, ...,  0.86252784,
          0.3830994 ,  0.41080176],
        [-0.14350526,  0.        , -0.15246562, ...,  0.78098526,
          0.24657732,  0.27571249],
        [ 0.00906002,  0.15246562,  0.        , ...,  0.8670769 ,
          0.39145248,  0.41904514],
        ...,
        [-0.86252784, -0.78098526, -0.8670769 , ...,  0.        ,
         -0.60287114, -0.5785183 ],
        [-0.3830994 , -0.24657732, -0.39145248, ...,  0.60287114,
          0.        ,  0.03017933],
        [-0.41080176, -0.27571249, -0.41904514, ...,  0.5785183 ,
         -0.03017933,  0.        ]],

       [[ 0.        ,  0.17537882,  0.58278374, ..., -0.89320102,
         -0.58278374, -0.68155245],
        [-0.17537882,  0.        ,  0.43123357, ..., -0.80049691,
         -0.43123357, -0.54265226],
        [-0.58278374, -0.43123357,  0.        , ..., -0.46378641,
         -0.        , -0.12738489],
        ...,
        [ 0.89320102,  0.80049691,  0.46378641, ...,  0.        ,
         -0.46378641, -0.34715183],
        [ 0.58278374,  0.43123357,  0.        , ...,  0.46378641,
          0.        ,  0.12738489],
        [ 0.68155245,  0.54265226,  0.12738489, ...,  0.34715183,
         -0.12738489,  0.        ]],

       ...,

       [[ 0.        ,  0.22607038,  0.4175827 , ..., -0.44338226,
         -0.43069557, -0.19264209],
        [-0.22607038,  0.        ,  0.20135554, ..., -0.63453778,
         -0.62357318, -0.40949065],
        [-0.4175827 , -0.20135554,  0.        , ..., -0.77716738,
         -0.76821401, -0.58480309],
        ...,
        [ 0.44338226,  0.63453778,  0.77716738, ...,  0.        ,
          0.01410479,  0.26240592],
        [ 0.43069557,  0.62357318,  0.76821401, ..., -0.01410479,
          0.        ,  0.2487693 ],
        [ 0.19264209,  0.40949065,  0.58480309, ..., -0.26240592,
         -0.2487693 ,  0.        ]],

       [[ 0.        ,  0.0584513 ,  0.13842032, ..., -0.93292349,
         -0.92705589, -0.93110125],
        [-0.0584513 ,  0.        ,  0.08029504, ..., -0.95237527,
         -0.94738562, -0.95083005],
        [-0.13842032, -0.08029504,  0.        , ..., -0.97378442,
         -0.97002864, -0.97262838],
        ...,
        [ 0.93292349,  0.95237527,  0.97378442, ...,  0.        ,
          0.01596529,  0.005028  ],
        [ 0.92705589,  0.94738562,  0.97002864, ..., -0.01596529,
          0.        , -0.01093773],
        [ 0.93110125,  0.95083005,  0.97262838, ..., -0.005028  ,
          0.01093773,  0.        ]],

       [[ 0.        , -0.00595186, -0.01974777, ..., -0.99242549,
         -0.96463545, -0.87885507],
        [ 0.00595186,  0.        , -0.01379672, ..., -0.99313908,
         -0.9661872 , -0.88167907],
        [ 0.01974777,  0.01379672,  0.        , ..., -0.99465793,
         -0.96965261, -0.88810513],
        ...,
        [ 0.99242549,  0.99313908,  0.99465793, ...,  0.        ,
         -0.14308747, -0.36550945],
        [ 0.96463545,  0.9661872 ,  0.96965261, ...,  0.14308747,
          0.        , -0.22856146],
        [ 0.87885507,  0.88167907,  0.88810513, ...,  0.36550945,
          0.22856146,  0.        ]]]), 'num': array([ 9.51246513e-01,  3.08259140e-01,  1.78856015e-06,  3.45692136e-03,
        3.52423277e-03,  3.44730545e-03,  2.70083160e-03, -3.36557017e-05,
        3.42518884e-03,  3.55043613e-03,  3.62936677e-03,  4.37087035e-07,
        3.77663456e-03,  3.32423771e-03])}
{'img': array([[[ 0.        ,  0.43588989,  0.        , ..., -0.96141366,
         -0.99987615, -0.9885567 ],
        [-0.43588989,  0.        , -0.43588989, ..., -0.74535599,
         -0.89302855, -0.82394714],
        [ 0.        ,  0.43588989,  0.        , ..., -0.96141366,
         -0.99987615, -0.9885567 ],
        ...,
        [ 0.96141366,  0.74535599,  0.96141366, ...,  0.        ,
          0.25994217,  0.1269297 ],
        [ 0.99987615,  0.89302855,  0.99987615, ..., -0.25994217,
          0.        , -0.1352733 ],
        [ 0.9885567 ,  0.82394714,  0.9885567 , ..., -0.1269297 ,
          0.1352733 ,  0.        ]],

       [[ 0.        , -0.15246562, -0.40750827, ...,  0.24657732,
          0.27571249,  0.01523185],
        [ 0.15246562,  0.        , -0.26351217, ...,  0.39145248,
          0.41904514,  0.1675017 ],
        [ 0.40750827,  0.26351217,  0.        , ...,  0.62010047,
          0.64349437,  0.42137075],
        ...,
        [-0.24657732, -0.39145248, -0.62010047, ...,  0.        ,
          0.03017933, -0.23178717],
        [-0.27571249, -0.41904514, -0.64349437, ..., -0.03017933,
          0.        , -0.26103903],
        [-0.01523185, -0.1675017 , -0.42137075, ...,  0.23178717,
          0.26103903,  0.        ]],

       [[ 0.        ,  0.43123357,  0.20502212, ..., -0.43123357,
         -0.54265226, -0.6789585 ],
        [-0.43123357,  0.        , -0.2370938 , ..., -0.        ,
         -0.12738489, -0.29598211],
        [-0.20502212,  0.2370938 ,  0.        , ..., -0.2370938 ,
         -0.35891502, -0.51401316],
        ...,
        [ 0.43123357,  0.        ,  0.2370938 , ...,  0.        ,
          0.12738489,  0.29598211],
        [ 0.54265226,  0.12738489,  0.35891502, ..., -0.12738489,
          0.        ,  0.17189363],
        [ 0.6789585 ,  0.29598211,  0.51401316, ..., -0.29598211,
         -0.17189363,  0.        ]],

       ...,

       [[ 0.        ,  0.20135554,  0.46356576, ..., -0.62357318,
         -0.40949065, -0.39146447],
        [-0.20135554,  0.        ,  0.27565751, ..., -0.76821401,
         -0.58480309, -0.56873259],
        [-0.46356576, -0.27565751,  0.        , ..., -0.9149243 ,
         -0.78575199, -0.77343206],
        ...,
        [ 0.62357318,  0.76821401,  0.9149243 , ...,  0.        ,
          0.2487693 ,  0.2677746 ],
        [ 0.40949065,  0.58480309,  0.78575199, ..., -0.2487693 ,
          0.        ,  0.01967188],
        [ 0.39146447,  0.56873259,  0.77343206, ..., -0.2677746 ,
         -0.01967188,  0.        ]],

       [[ 0.        ,  0.08029504,  0.17872254, ..., -0.94738562,
         -0.95083005, -0.94983285],
        [-0.08029504,  0.        ,  0.09914322, ..., -0.97002864,
         -0.97262838, -0.97187889],
        [-0.17872254, -0.09914322,  0.        , ..., -0.98934035,
         -0.99087394, -0.99043698],
        ...,
        [ 0.94738562,  0.97002864,  0.98934035, ...,  0.        ,
         -0.01093773, -0.00773387],
        [ 0.95083005,  0.97262838,  0.99087394, ...,  0.01093773,
          0.        ,  0.00320399],
        [ 0.94983285,  0.97187889,  0.99043698, ...,  0.00773387,
         -0.00320399,  0.        ]],

       [[ 0.        , -0.01365552, -0.00881378, ..., -0.98660017,
         -0.96771959, -0.87739131],
        [ 0.01365552,  0.        ,  0.00484203, ..., -0.98873617,
         -0.97107095, -0.88386109],
        [ 0.00881378, -0.00484203,  0.        , ..., -0.98799988,
         -0.96990333, -0.88158587],
        ...,
        [ 0.98660017,  0.98873617,  0.98799988, ...,  0.        ,
         -0.09076231, -0.33019431],
        [ 0.96771959,  0.97107095,  0.96990333, ...,  0.09076231,
          0.        , -0.24315974],
        [ 0.87739131,  0.88386109,  0.88158587, ...,  0.33019431,
          0.24315974,  0.        ]]]), 'num': array([ 8.41624542e-01,  5.39982130e-01,  8.58157645e-07,  3.01642412e-03,
        3.10223989e-03,  3.00355176e-03,  3.12832788e-03, -6.86526116e-05,
        3.06533911e-03,  3.16038007e-03,  3.23153564e-03,  2.24755574e-07,
        3.37271947e-03,  2.94804067e-03])}
{'img': array([[[ 0.        , -0.43588989, -0.69741587, ..., -0.89302855,
         -0.82394714, -0.5527708 ],
        [ 0.43588989,  0.        , -0.31528652, ..., -0.99987615,
         -0.9885567 , -0.8607353 ],
        [ 0.69741587,  0.31528652,  0.        , ..., -0.95384094,
         -0.98569777, -0.97733229],
        ...,
        [ 0.89302855,  0.99987615,  0.95384094, ...,  0.        ,
         -0.1352733 , -0.4954436 ],
        [ 0.82394714,  0.9885567 ,  0.98569777, ...,  0.1352733 ,
          0.        , -0.37338583],
        [ 0.5527708 ,  0.8607353 ,  0.97733229, ...,  0.4954436 ,
          0.37338583,  0.        ]],

       [[ 0.        , -0.26351217,  0.25122627, ...,  0.41904514,
          0.1675017 ,  0.44443292],
        [ 0.26351217,  0.        ,  0.49740785, ...,  0.64349437,
          0.42137075,  0.66478231],
        [-0.25122627, -0.49740785,  0.        , ...,  0.17750093,
         -0.08554723,  0.2051277 ],
        ...,
        [-0.41904514, -0.64349437, -0.17750093, ...,  0.        ,
         -0.26103903,  0.02814399],
        [-0.1675017 , -0.42137075,  0.08554723, ...,  0.26103903,
          0.        ,  0.28810382],
        [-0.44443292, -0.66478231, -0.2051277 , ..., -0.02814399,
         -0.28810382,  0.        ]],

       [[ 0.        , -0.2370938 , -0.40467566, ..., -0.12738489,
         -0.29598211, -0.40467566],
        [ 0.2370938 ,  0.        , -0.17632418, ..., -0.35891502,
         -0.51401316, -0.60994991],
        [ 0.40467566,  0.17632418,  0.        , ..., -0.51786734,
         -0.65720744, -0.74011963],
        ...,
        [ 0.12738489,  0.35891502,  0.51786734, ...,  0.        ,
          0.17189363,  0.28489048],
        [ 0.29598211,  0.51401316,  0.65720744, ..., -0.17189363,
          0.        ,  0.11587966],
        [ 0.40467566,  0.60994991,  0.74011963, ..., -0.28489048,
         -0.11587966,  0.        ]],

       ...,

       [[ 0.        ,  0.27565751,  0.50100616, ..., -0.58480309,
         -0.56873259, -0.9992104 ],
        [-0.27565751,  0.        ,  0.24302908, ..., -0.78575199,
         -0.77343206, -0.94954466],
        [-0.50100616, -0.24302908,  0.        , ..., -0.91251798,
         -0.90429488, -0.84485471],
        ...,
        [ 0.58480309,  0.78575199,  0.91251798, ...,  0.        ,
          0.01967188, -0.8337698 ],
        [ 0.56873259,  0.77343206,  0.90429488, ..., -0.01967188,
          0.        , -0.84446954],
        [ 0.9992104 ,  0.94954466,  0.84485471, ...,  0.8337698 ,
          0.84446954,  0.        ]],

       [[ 0.        ,  0.09914322,  0.03246294, ..., -0.97262838,
         -0.97187889, -0.96794185],
        [-0.09914322,  0.        , -0.06678797, ..., -0.99087394,
         -0.99043698, -0.98807521],
        [-0.03246294,  0.06678797,  0.        , ..., -0.97965904,
         -0.97901106, -0.97558555],
        ...,
        [ 0.97262838,  0.99087394,  0.97965904, ...,  0.        ,
          0.00320399,  0.0193824 ],
        [ 0.97187889,  0.99043698,  0.97901106, ..., -0.00320399,
          0.        ,  0.01617891],
        [ 0.96794185,  0.98807521,  0.97558555, ..., -0.0193824 ,
         -0.01617891,  0.        ]],

       [[ 0.        ,  0.00468573,  0.00601967, ..., -0.99991289,
         -0.9970959 , -0.87001713],
        [-0.00468573,  0.        ,  0.00133396, ..., -0.99984007,
         -0.9967281 , -0.86769742],
        [-0.00601967, -0.00133396,  0.        , ..., -0.99981533,
         -0.99661939, -0.86703354],
        ...,
        [ 0.99991289,  0.99984007,  0.99981533, ...,  0.        ,
         -0.06298937, -0.48149556],
        [ 0.9970959 ,  0.9967281 ,  0.99661939, ...,  0.06298937,
          0.        , -0.42533246],
        [ 0.87001713,  0.86769742,  0.86703354, ...,  0.48149556,
          0.42533246,  0.        ]]]), 'num': array([8.96490224e-01, 4.42959233e-01, 1.25111997e-06, 3.26281288e-03,
       3.27181374e-03, 3.15930295e-03, 2.49859460e-03, 9.90094943e-05,
       3.22770951e-03, 3.30916732e-03, 3.38282439e-03, 3.09553493e-07,
       3.53116408e-03, 3.08717056e-03])}
{'img': array([[[ 0.        , -0.59052746, -0.40956553, ..., -0.83917619,
         -0.56577247, -0.8986841 ],
        [ 0.59052746,  0.        ,  0.20820024, ..., -0.99839397,
         -0.94351447, -0.98425711],
        [ 0.40956553, -0.20820024,  0.        , ..., -0.98831041,
         -0.85385524, -0.99948617],
        ...,
        [ 0.83917619,  0.99839397,  0.98831041, ...,  0.        ,
         -0.38425148,  0.12069829],
        [ 0.56577247,  0.94351447,  0.85385524, ...,  0.38425148,
          0.        ,  0.4928744 ],
        [ 0.8986841 ,  0.98425711,  0.99948617, ..., -0.12069829,
         -0.4928744 ,  0.        ]],

       [[ 0.        ,  0.49740785, -0.24559986, ...,  0.42137075,
          0.66478231,  0.40915197],
        [-0.49740785,  0.        , -0.6952349 , ..., -0.08554723,
          0.2051277 , -0.09892167],
        [ 0.24559986,  0.6952349 ,  0.        , ...,  0.63119639,
          0.82789311,  0.62072176],
        ...,
        [-0.42137075,  0.08554723, -0.63119639, ...,  0.        ,
          0.28810382, -0.01343139],
        [-0.66478231, -0.2051277 , -0.82789311, ..., -0.28810382,
          0.        , -0.30093972],
        [-0.40915197,  0.09892167, -0.62072176, ...,  0.01343139,
          0.30093972,  0.        ]],

       [[ 0.        , -0.33519504, -0.28449445, ..., -0.29806539,
         -0.40745981, -0.51801439],
        [ 0.33519504,  0.        ,  0.05330791, ..., -0.60078084,
         -0.68999562, -0.77476303],
        [ 0.28449445, -0.05330791,  0.        , ..., -0.55731152,
         -0.65042955, -0.7399574 ],
        ...,
        [ 0.29806539,  0.60078084,  0.55731152, ...,  0.        ,
          0.1167387 ,  0.23951153],
        [ 0.40745981,  0.68999562,  0.65042955, ..., -0.1167387 ,
          0.        ,  0.12453306],
        [ 0.51801439,  0.77476303,  0.7399574 , ..., -0.23951153,
         -0.12453306,  0.        ]],

       ...,

       [[ 0.        ,  0.24302908, -0.2872397 , ..., -0.77343206,
         -0.94954466, -0.98310311],
        [-0.24302908,  0.        , -0.51141549, ..., -0.90429488,
         -0.84485471, -0.99811582],
        [ 0.2872397 ,  0.51141549,  0.        , ..., -0.55876338,
         -0.99961717, -0.8890939 ],
        ...,
        [ 0.77343206,  0.90429488,  0.55876338, ...,  0.        ,
         -0.84446954, -0.4815898 ],
        [ 0.94954466,  0.84485471,  0.99961717, ...,  0.84446954,
          0.        ,  0.48214914],
        [ 0.98310311,  0.99811582,  0.8890939 , ...,  0.4815898 ,
         -0.48214914,  0.        ]],

       [[ 0.        , -0.06678797, -0.10356867, ..., -0.99043698,
         -0.98807521, -0.99370842],
        [ 0.06678797,  0.        , -0.03690862, ..., -0.97901106,
         -0.97558555, -0.98400953],
        [ 0.10356867,  0.03690862,  0.        , ..., -0.97082177,
         -0.96681497, -0.97676505],
        ...,
        [ 0.99043698,  0.97901106,  0.97082177, ...,  0.        ,
          0.01617891, -0.02617075],
        [ 0.98807521,  0.97558555,  0.96681497, ..., -0.01617891,
          0.        , -0.04234069],
        [ 0.99370842,  0.98400953,  0.97676505, ...,  0.02617075,
          0.04234069,  0.        ]],

       [[ 0.        ,  0.00132346,  0.00484097, ..., -0.99929274,
         -0.95248479, -0.86427375],
        [-0.00132346,  0.        ,  0.00351752, ..., -0.9992421 ,
         -0.95208084, -0.86360727],
        [-0.00484097, -0.00351752,  0.        , ..., -0.999099  ,
         -0.95099913, -0.86182851],
        ...,
        [ 0.99929274,  0.9992421 ,  0.999099  , ...,  0.        ,
         -0.2685541 , -0.47016637],
        [ 0.95248479,  0.95208084,  0.95099913, ...,  0.2685541 ,
          0.        , -0.21587474],
        [ 0.86427375,  0.86360727,  0.86182851, ...,  0.47016637,
          0.21587474,  0.        ]]]), 'num': array([ 8.25645676e-01,  5.64118995e-01,  7.33595178e-07,  2.97189410e-03,
        3.00107118e-03,  2.94271702e-03,  2.37844061e-03, -5.00178531e-05,
        2.98940035e-03,  3.05629923e-03,  3.12653263e-03,  2.86698452e-07,
        3.26244175e-03,  2.85015671e-03])}
{'img': array([[[ 0.00000000e+00,  2.43547869e-01,  6.94118428e-02, ...,
         -9.25257226e-01, -9.91311541e-01, -9.92396583e-01],
        [-2.43547869e-01,  0.00000000e+00, -1.75638679e-01, ...,
         -8.05009171e-01, -9.93497081e-01, -9.32538205e-01],
        [-6.94118428e-02,  1.75638679e-01,  0.00000000e+00, ...,
         -8.96694879e-01, -9.98050666e-01, -9.81459707e-01],
        ...,
        [ 9.25257226e-01,  8.05009171e-01,  8.96694879e-01, ...,
          0.00000000e+00,  4.97748031e-01,  2.62574099e-01],
        [ 9.91311541e-01,  9.93497081e-01,  9.98050666e-01, ...,
         -4.97748031e-01,  0.00000000e+00, -2.52546755e-01],
        [ 9.92396583e-01,  9.32538205e-01,  9.81459707e-01, ...,
         -2.62574099e-01,  2.52546755e-01,  0.00000000e+00]],

       [[ 0.00000000e+00, -6.95234903e-01, -4.63577375e-01, ...,
          2.05127704e-01, -9.89216692e-02, -6.77415158e-02],
        [ 6.95234903e-01,  0.00000000e+00,  2.82806012e-01, ...,
          8.27893109e-01,  6.20721756e-01,  6.44946459e-01],
        [ 4.63577375e-01, -2.82806012e-01,  0.00000000e+00, ...,
          6.35474226e-01,  3.73653449e-01,  4.02489687e-01],
        ...,
        [-2.05127704e-01, -8.27893109e-01, -6.35474226e-01, ...,
          0.00000000e+00, -3.00939720e-01, -2.70957513e-01],
        [ 9.89216692e-02, -6.20721756e-01, -3.73653449e-01, ...,
          3.00939720e-01,  0.00000000e+00,  3.12851780e-02],
        [ 6.77415158e-02, -6.44946459e-01, -4.02489687e-01, ...,
          2.70957513e-01, -3.12851780e-02,  0.00000000e+00]],

       [[ 0.00000000e+00,  1.82949227e-01, -9.23515244e-02, ...,
         -5.71331175e-01, -6.70123640e-01, -6.70123640e-01],
        [-1.82949227e-01,  0.00000000e+00, -2.72960236e-01, ...,
         -4.11538436e-01, -5.23019566e-01, -5.23019566e-01],
        [ 9.23515244e-02,  2.72960236e-01,  0.00000000e+00, ...,
         -6.44684280e-01, -7.35807717e-01, -7.35807717e-01],
        ...,
        [ 5.71331175e-01,  4.11538436e-01,  6.44684280e-01, ...,
          0.00000000e+00,  1.25913343e-01,  1.25913343e-01],
        [ 6.70123640e-01,  5.23019566e-01,  7.35807717e-01, ...,
         -1.25913343e-01,  0.00000000e+00,  0.00000000e+00],
        [ 6.70123640e-01,  5.23019566e-01,  7.35807717e-01, ...,
         -1.25913343e-01,  0.00000000e+00,  0.00000000e+00]],

       ...,

       [[ 0.00000000e+00, -5.11415493e-01, -4.47667555e-01, ...,
         -8.44854710e-01, -9.98115819e-01, -9.98115819e-01],
        [ 5.11415493e-01,  0.00000000e+00,  7.26120074e-02, ...,
         -9.99617166e-01, -8.89093898e-01, -8.89093898e-01],
        [ 4.47667555e-01, -7.26120074e-02,  0.00000000e+00, ...,
         -9.94969406e-01, -9.19983246e-01, -9.19983246e-01],
        ...,
        [ 8.44854710e-01,  9.99617166e-01,  9.94969406e-01, ...,
          0.00000000e+00,  4.82149136e-01,  4.82149136e-01],
        [ 9.98115819e-01,  8.89093898e-01,  9.19983246e-01, ...,
         -4.82149136e-01,  0.00000000e+00,  0.00000000e+00],
        [ 9.98115819e-01,  8.89093898e-01,  9.19983246e-01, ...,
         -4.82149136e-01,  0.00000000e+00,  0.00000000e+00]],

       [[ 0.00000000e+00, -3.69086240e-02, -4.77617465e-02, ...,
         -9.75585549e-01, -9.84009526e-01, -9.92769155e-01],
        [ 3.69086240e-02,  0.00000000e+00, -1.08627014e-02, ...,
         -9.66814966e-01, -9.76765055e-01, -9.87662245e-01],
        [ 4.77617465e-02,  1.08627014e-02,  0.00000000e+00, ...,
         -9.63982745e-01, -9.74379407e-01, -9.85902882e-01],
        ...,
        [ 9.75585549e-01,  9.66814966e-01,  9.63982745e-01, ...,
          0.00000000e+00, -4.23406877e-02, -1.00923226e-01],
        [ 9.84009526e-01,  9.76765055e-01,  9.74379407e-01, ...,
          4.23406877e-02,  0.00000000e+00, -5.87082157e-02],
        [ 9.92769155e-01,  9.87662245e-01,  9.85902882e-01, ...,
          1.00923226e-01,  5.87082157e-02,  0.00000000e+00]],

       [[ 0.00000000e+00,  3.46375630e-03,  3.37063236e-03, ...,
         -9.85942394e-01, -9.72017364e-01, -8.56845062e-01],
        [-3.46375630e-03,  0.00000000e+00, -9.31244789e-05, ...,
         -9.85357736e-01, -9.71197865e-01, -8.55054099e-01],
        [-3.37063236e-03,  9.31244789e-05,  0.00000000e+00, ...,
         -9.85373609e-01, -9.71220050e-01, -8.55102384e-01],
        ...,
        [ 9.85942394e-01,  9.85357736e-01,  9.85373609e-01, ...,
          0.00000000e+00, -6.91966578e-02, -3.65159789e-01],
        [ 9.72017364e-01,  9.71197865e-01,  9.71220050e-01, ...,
          6.91966578e-02,  0.00000000e+00, -2.99866243e-01],
        [ 8.56845062e-01,  8.55054099e-01,  8.55102384e-01, ...,
          3.65159789e-01,  2.99866243e-01,  0.00000000e+00]]]), 'num': array([ 7.98416571e-01,  6.02006835e-01,  6.24514263e-07,  2.61879648e-03,
        2.92272675e-03,  2.57299876e-03,  7.13109522e-03, -3.49727987e-04,
        2.90524035e-03,  3.02660429e-03,  3.11139945e-03,  2.19127812e-07,
        3.30171178e-03,  2.75149680e-03])}
{'img': array([[[ 0.00000000e+00, -1.39236558e-01,  4.82387280e-02, ...,
         -9.38374769e-01, -9.76678076e-01, -2.58881494e-01],
        [ 1.39236558e-01,  0.00000000e+00,  1.86843306e-01, ...,
         -8.81111339e-01, -9.37269063e-01, -3.90849625e-01],
        [-4.82387280e-02, -1.86843306e-01,  0.00000000e+00, ...,
         -9.53954588e-01, -9.85898348e-01, -2.11985888e-01],
        ...,
        [ 9.38374769e-01,  8.81111339e-01,  9.53954588e-01, ...,
          0.00000000e+00, -1.36081455e-01, -9.95859195e-01],
        [ 9.76678076e-01,  9.37269063e-01,  9.85898348e-01, ...,
          1.36081455e-01,  0.00000000e+00, -9.98966408e-01],
        [ 2.58881494e-01,  3.90849625e-01,  2.11985888e-01, ...,
          9.95859195e-01,  9.98966408e-01,  0.00000000e+00]],

       [[ 0.00000000e+00,  2.82806012e-01,  2.98454212e-01, ...,
          6.20721756e-01,  6.44946459e-01,  7.12700025e-01],
        [-2.82806012e-01,  0.00000000e+00,  1.63536210e-02, ...,
          3.73653449e-01,  4.02489687e-01,  8.81985195e-01],
        [-2.98454212e-01, -1.63536210e-02,  0.00000000e+00, ...,
          3.58434379e-01,  3.87465357e-01,  8.89574335e-01],
        ...,
        [-6.20721756e-01, -3.73653449e-01, -3.58434379e-01, ...,
          0.00000000e+00,  3.12851780e-02,  9.94195897e-01],
        [-6.44946459e-01, -4.02489687e-01, -3.87465357e-01, ...,
         -3.12851780e-02,  0.00000000e+00,  9.97075051e-01],
        [-7.12700025e-01, -8.81985195e-01, -8.89574335e-01, ...,
         -9.94195897e-01, -9.97075051e-01,  0.00000000e+00]],

       [[ 0.00000000e+00, -2.56975529e-01, -3.69817346e-01, ...,
         -7.69986894e-01, -7.69986894e-01, -0.00000000e+00],
        [ 2.56975529e-01,  0.00000000e+00, -1.18640993e-01, ...,
         -9.08094855e-01, -9.08094855e-01, -2.56975529e-01],
        [ 3.69817346e-01,  1.18640993e-01,  0.00000000e+00, ...,
         -9.51363817e-01, -9.51363817e-01, -3.69817346e-01],
        ...,
        [ 7.69986894e-01,  9.08094855e-01,  9.51363817e-01, ...,
          0.00000000e+00,  0.00000000e+00, -7.69986894e-01],
        [ 7.69986894e-01,  9.08094855e-01,  9.51363817e-01, ...,
          0.00000000e+00,  0.00000000e+00, -7.69986894e-01],
        [ 0.00000000e+00,  2.56975529e-01,  3.69817346e-01, ...,
          7.69986894e-01,  7.69986894e-01,  0.00000000e+00]],

       ...,

       [[ 0.00000000e+00,  7.26120074e-02, -1.38143284e-01, ...,
         -8.89093898e-01, -8.89093898e-01, -9.99851265e-01],
        [-7.26120074e-02,  0.00000000e+00, -2.09694444e-01, ...,
         -9.19983246e-01, -9.19983246e-01, -9.95959604e-01],
        [ 1.38143284e-01,  2.09694444e-01,  0.00000000e+00, ...,
         -8.17337878e-01, -8.17337878e-01, -9.92647460e-01],
        ...,
        [ 8.89093898e-01,  9.19983246e-01,  8.17337878e-01, ...,
          0.00000000e+00,  0.00000000e+00, -4.72990706e-01],
        [ 8.89093898e-01,  9.19983246e-01,  8.17337878e-01, ...,
          0.00000000e+00,  0.00000000e+00, -4.72990706e-01],
        [ 9.99851265e-01,  9.95959604e-01,  9.92647460e-01, ...,
          4.72990706e-01,  4.72990706e-01,  0.00000000e+00]],

       [[ 0.00000000e+00, -1.08627014e-02,  5.07942195e-02, ...,
         -9.76765055e-01, -9.87662245e-01, -8.94953451e-01],
        [ 1.08627014e-02,  0.00000000e+00,  6.16399018e-02, ...,
         -9.74379407e-01, -9.85902882e-01, -8.90054151e-01],
        [-5.07942195e-02, -6.16399018e-02,  0.00000000e+00, ...,
         -9.86390046e-01, -9.94341643e-01, -9.16460517e-01],
        ...,
        [ 9.76765055e-01,  9.74379407e-01,  9.86390046e-01, ...,
          0.00000000e+00, -5.87082157e-02,  2.43992943e-01],
        [ 9.87662245e-01,  9.85902882e-01,  9.94341643e-01, ...,
          5.87082157e-02,  0.00000000e+00,  3.00505978e-01],
        [ 8.94953451e-01,  8.90054151e-01,  9.16460517e-01, ...,
         -2.43992943e-01, -3.00505978e-01,  0.00000000e+00]],

       [[ 0.00000000e+00, -8.10904707e-05,  4.94160501e-03, ...,
         -9.54929117e-01, -9.67560687e-01, -7.90569859e-01],
        [ 8.10904707e-05,  0.00000000e+00,  5.02269448e-03, ...,
         -9.54905043e-01, -9.67540197e-01, -7.90619514e-01],
        [-4.94160501e-03, -5.02269448e-03,  0.00000000e+00, ...,
         -9.56384293e-01, -9.68797314e-01, -7.87534107e-01],
        ...,
        [ 9.54929117e-01,  9.54905043e-01,  9.56384293e-01, ...,
          0.00000000e+00, -4.59527804e-02, -8.19439679e-01],
        [ 9.67560687e-01,  9.67540197e-01,  9.68797314e-01, ...,
          4.59527804e-02,  0.00000000e+00, -7.92235489e-01],
        [ 7.90569859e-01,  7.90619514e-01,  7.87534107e-01, ...,
          8.19439679e-01,  7.92235489e-01,  0.00000000e+00]]]), 'num': array([7.59572621e-01, 6.50356901e-01, 3.30456038e-07, 2.60037430e-03,
       2.66331830e-03, 2.51382629e-03, 4.98611740e-03, 1.25888014e-04,
       2.69951111e-03, 2.84310212e-03, 2.93069920e-03, 2.89089427e-07,
       3.12380457e-03, 2.56239968e-03])}
{'img': array([[[ 0.        ,  0.18684331,  0.39084963, ..., -0.93726906,
         -0.39084963, -0.9587512 ],
        [-0.18684331,  0.        ,  0.21198589, ..., -0.98589835,
         -0.21198589, -0.88875775],
        [-0.39084963, -0.21198589,  0.        , ..., -0.99896641,
         -0.        , -0.77138922],
        ...,
        [ 0.93726906,  0.98589835,  0.99896641, ...,  0.        ,
         -0.99896641, -0.60064275],
        [ 0.39084963,  0.21198589,  0.        , ...,  0.99896641,
          0.        ,  0.77138922],
        [ 0.9587512 ,  0.88875775,  0.77138922, ...,  0.60064275,
         -0.77138922,  0.        ]],

       [[ 0.        ,  0.09839148,  0.3794749 , ...,  0.59867971,
          0.71876943,  0.99372616],
        [-0.09839148,  0.        ,  0.28660161, ...,  0.51696434,
          0.78368833,  0.99990855],
        [-0.3794749 , -0.28660161,  0.        , ...,  0.24994465,
          0.9288363 ,  0.96183817],
        ...,
        [-0.59867971, -0.51696434, -0.24994465, ...,  0.        ,
          0.99195724,  0.86291996],
        [-0.71876943, -0.78368833, -0.9288363 , ..., -0.99195724,
          0.        , -0.61049902],
        [-0.99372616, -0.99990855, -0.96183817, ..., -0.86291996,
          0.61049902,  0.        ]],

       [[ 0.        , -0.2592436 , -0.28349282, ..., -0.8826209 ,
         -0.59771401, -0.        ],
        [ 0.2592436 ,  0.        , -0.02519279, ..., -0.97431248,
         -0.78511738, -0.2592436 ],
        [ 0.28349282,  0.02519279,  0.        , ..., -0.97967667,
         -0.80047127, -0.28349282],
        ...,
        [ 0.8826209 ,  0.97431248,  0.97967667, ...,  0.        ,
         -0.4266288 , -0.8826209 ],
        [ 0.59771401,  0.78511738,  0.80047127, ...,  0.4266288 ,
          0.        , -0.59771401],
        [ 0.        ,  0.2592436 ,  0.28349282, ...,  0.8826209 ,
          0.59771401,  0.        ]],

       ...,

       [[ 0.        , -0.20969444,  0.00853259, ..., -0.91998325,
         -0.9959596 , -0.8693944 ],
        [ 0.20969444,  0.        ,  0.2180297 , ..., -0.81733788,
         -0.99264746, -0.74645116],
        [-0.00853259, -0.2180297 ,  0.        , ..., -0.92329417,
         -0.9951571 , -0.87357887],
        ...,
        [ 0.91998325,  0.81733788,  0.92329417, ...,  0.        ,
         -0.47299071,  0.11381518],
        [ 0.9959596 ,  0.99264746,  0.9951571 , ...,  0.47299071,
          0.        ,  0.57019603],
        [ 0.8693944 ,  0.74645116,  0.87357887, ..., -0.11381518,
         -0.57019603,  0.        ]],

       [[ 0.        ,  0.0616399 ,  0.15234634, ..., -0.98590288,
         -0.89005415, -0.87622857],
        [-0.0616399 ,  0.        ,  0.09113626, ..., -0.99434164,
         -0.91646052, -0.90426639],
        [-0.15234634, -0.09113626,  0.        , ..., -0.99988498,
         -0.94911251, -0.93941555],
        ...,
        [ 0.98590288,  0.99434164,  0.99988498, ...,  0.        ,
          0.30050598,  0.32849307],
        [ 0.89005415,  0.91646052,  0.94911251, ..., -0.30050598,
          0.        ,  0.02948028],
