state_0,state_1,state_2,state_3,state_4,state_5,state_6,state_7,state_8,state_9,state_10,state_11,state_12,state_13,state_14,state_15,state_16,state_17,state_18,state_19,state_20,state_21,state_22,state_23,state_24,state_25,state_26,state_27,state_28,state_29,state_30,state_31,state_32,state_33,state_34,state_35,state_36,state_37,state_38,state_39,state_40,state_41,state_42,state_43,state_44,state_45,state_46,state_47,state_48,state_49,state_50,state_51,state_52,state_53,state_54,state_55,state_56,state_57,state_58,state_59,state_60,state_61,state_62,state_63,state_64,state_65,state_66,state_67,state_68,state_69,state_70,state_71,state_72,state_73,state_74,state_75,state_76,state_77,state_78,state_79,state_80,state_81,state_82,state_83,state_84,state_85,state_86,state_87,state_88,state_89,state_90,state_91,state_92,state_93,state_94,state_95,state_96,state_97,state_98,state_99,state_100,state_101,state_102,state_103,state_104,state_105,state_106,state_107,state_108,state_109,state_110,state_111,state_112,state_113,state_114,state_115,state_116,state_117,state_118,state_119,state_120,state_121,state_122,state_123,state_124,state_125,state_126,state_127,state_128,state_129,state_130,state_131,state_132,state_133,state_134,state_135,state_136,state_137,state_138,state_139,state_140,state_141,state_142,state_143,state_144,state_145,state_146,state_147,state_148,state_149,state_150,state_151,state_152,state_153,state_154,state_155,state_156,state_157,state_158,state_159,state_160,state_161,state_162,state_163,state_164,state_165,state_166,state_167,state_168,state_169,state_170,state_171,state_172,state_173,state_174,state_175,state_176,state_177,state_178,state_179,state_180,state_181,state_182,state_183,state_184,state_185,state_186,state_187,state_188,state_189,state_190,state_191,state_192,state_193,state_194,state_195,state_196,state_197,state_198,state_199,state_200,state_201,state_202,state_203,state_204,state_205,state_206,state_207,state_208,state_209,state_210,state_211,state_212,state_213,state_214,state_215,state_216,state_217,state_218,state_219,state_220,state_221,state_222,state_223,state_224,state_225,state_226,state_227,state_228,state_229,state_230,state_231,state_232,state_233,state_234,state_235,state_236,state_237,state_238,state_239,state_240,state_241,state_242,state_243,state_244,state_245,state_246,state_247,state_248,state_249,state_250,state_251,state_252,state_253,state_254,state_255,state_256,state_257,state_258,state_259,state_260,state_261,state_262,state_263,state_264,state_265,state_266,state_267,state_268,state_269,state_270,state_271,state_272,state_273,state_274,state_275,state_276,state_277,state_278,state_279,state_280,state_281,state_282,state_283,state_284,state_285,state_286,state_287
{'img': array([[[ 0.00000000e+00, -1.13696803e-01, -1.54021569e-01, ...,
          8.60294574e-01,  5.71156466e-01,  7.12457496e-01],
        [ 1.13696803e-01,  0.00000000e+00, -4.06827013e-02, ...,
          9.12678308e-01,  6.60779820e-01,  7.87620343e-01],
        [ 1.54021569e-01,  4.06827013e-02,  0.00000000e+00, ...,
          9.28548871e-01,  6.90768385e-01,  8.12035373e-01],
        ...,
        [-8.60294574e-01, -9.12678308e-01, -9.28548871e-01, ...,
          0.00000000e+00, -4.14991238e-01, -2.40472959e-01],
        [-5.71156466e-01, -6.60779820e-01, -6.90768385e-01, ...,
          4.14991238e-01,  0.00000000e+00,  1.84025260e-01],
        [-7.12457496e-01, -7.87620343e-01, -8.12035373e-01, ...,
          2.40472959e-01, -1.84025260e-01,  0.00000000e+00]],

       [[ 0.00000000e+00, -4.50634842e-02, -7.22027435e-02, ...,
          8.09556190e-01,  4.40142497e-01,  3.24511700e-01],
        [ 4.50634842e-02,  0.00000000e+00, -2.71835271e-02, ...,
          8.35187958e-01,  4.80159129e-01,  3.66806761e-01],
        [ 7.22027435e-02,  2.71835271e-02,  0.00000000e+00, ...,
          8.49829300e-01,  5.03826575e-01,  3.91959969e-01],
        ...,
        [-8.09556190e-01, -8.35187958e-01, -8.49829300e-01, ...,
          0.00000000e+00, -4.68540814e-01, -5.75242245e-01],
        [-4.40142497e-01, -4.80159129e-01, -5.03826575e-01, ...,
          4.68540814e-01,  0.00000000e+00, -1.24934604e-01],
        [-3.24511700e-01, -3.66806761e-01, -3.91959969e-01, ...,
          5.75242245e-01,  1.24934604e-01,  0.00000000e+00]],

       [[ 0.00000000e+00,  1.58415842e-02,  1.18811881e-02, ...,
          8.15841584e-01,  9.50495050e-01,  1.00000000e+00],
        [-1.58415842e-02,  0.00000000e+00, -3.96076880e-03, ...,
          8.06578408e-01,  9.45453167e-01,  9.99874514e-01],
        [-1.18811881e-02,  3.96076880e-03,  0.00000000e+00, ...,
          8.08913399e-01,  9.46736003e-01,  9.99929416e-01],
        ...,
        [-8.15841584e-01, -8.06578408e-01, -8.08913399e-01, ...,
          0.00000000e+00,  2.96133595e-01,  5.78275462e-01],
        [-9.50495050e-01, -9.45453167e-01, -9.46736003e-01, ...,
         -2.96133595e-01,  0.00000000e+00,  3.10739700e-01],
        [-1.00000000e+00, -9.99874514e-01, -9.99929416e-01, ...,
         -5.78275462e-01, -3.10739700e-01,  0.00000000e+00]],

       ...,

       [[ 0.00000000e+00, -4.77774267e-01, -5.44438735e-01, ...,
          9.86038212e-01,  6.48669973e-01,  7.84257005e-01],
        [ 4.77774267e-01,  0.00000000e+00, -7.75226313e-02, ...,
          9.45776042e-01,  9.33464885e-01,  9.85384566e-01],
        [ 5.44438735e-01,  7.75226313e-02,  0.00000000e+00, ...,
          9.17748958e-01,  9.58460658e-01,  9.95624698e-01],
        ...,
        [-9.86038212e-01, -9.45776042e-01, -9.17748958e-01, ...,
          0.00000000e+00, -6.42427914e-01, -4.81179848e-01],
        [-6.48669973e-01, -9.33464885e-01, -9.58460658e-01, ...,
          6.42427914e-01,  0.00000000e+00,  1.94416069e-01],
        [-7.84257005e-01, -9.85384566e-01, -9.95624698e-01, ...,
          4.81179848e-01, -1.94416069e-01,  0.00000000e+00]],

       [[ 0.00000000e+00, -7.03692390e-04, -4.67159469e-03, ...,
          8.93244779e-01,  9.74511878e-01,  9.24634952e-01],
        [ 7.03692390e-04,  0.00000000e+00, -3.96790882e-03, ...,
          8.93560918e-01,  9.74669500e-01,  9.24366719e-01],
        [ 4.67159469e-03,  3.96790882e-03,  0.00000000e+00, ...,
          8.95335244e-01,  9.75549250e-01,  9.22845664e-01],
        ...,
        [-8.93244779e-01, -8.93560918e-01, -8.95335244e-01, ...,
          0.00000000e+00,  2.37725053e-01,  7.55885090e-01],
        [-9.74511878e-01, -9.74669500e-01, -9.75549250e-01, ...,
         -2.37725053e-01,  0.00000000e+00,  5.78576128e-01],
        [-9.24634952e-01, -9.24366719e-01, -9.22845664e-01, ...,
         -7.55885090e-01, -5.78576128e-01,  0.00000000e+00]],

       [[ 0.00000000e+00, -1.33121383e-01, -2.63230984e-01, ...,
         -2.22712317e-01, -2.47053663e-01, -1.22428474e-01],
        [ 1.33121383e-01,  0.00000000e+00, -1.32461590e-01, ...,
         -3.50508054e-01, -3.73849681e-01, -2.53458785e-01],
        [ 2.63230984e-01,  1.32461590e-01,  0.00000000e+00, ...,
         -4.71477616e-01, -4.93412079e-01, -3.79361555e-01],
        ...,
        [ 2.22712317e-01,  3.50508054e-01,  4.71477616e-01, ...,
          0.00000000e+00,  2.50400793e-02, -1.01683342e-01],
        [ 2.47053663e-01,  3.73849681e-01,  4.93412079e-01, ...,
         -2.50400793e-02,  0.00000000e+00, -1.26561751e-01],
        [ 1.22428474e-01,  2.53458785e-01,  3.79361555e-01, ...,
          1.01683342e-01,  1.26561751e-01,  0.00000000e+00]]]), 'num': array([7.06768989e-01, 7.06768989e-01, 0.00000000e+00, 1.36553103e-03,
       1.37886629e-03, 1.34952871e-03, 3.06843090e-02, 0.00000000e+00,
       1.36766467e-03, 1.24998097e-03, 1.20608572e-03, 1.97056130e-06,
       1.43099169e-03, 1.06897024e-03])}
{'img': array([[[ 0.        , -0.0406827 , -0.17114247, ...,  0.66077982,
          0.78762034,  0.78762034],
        [ 0.0406827 ,  0.        , -0.1309183 , ...,  0.69076838,
          0.81203537,  0.81203537],
        [ 0.17114247,  0.1309183 ,  0.        , ...,  0.77948694,
          0.88145131,  0.88145131],
        ...,
        [-0.66077982, -0.69076838, -0.77948694, ...,  0.        ,
          0.18402526,  0.18402526],
        [-0.78762034, -0.81203537, -0.88145131, ..., -0.18402526,
          0.        ,  0.        ],
        [-0.78762034, -0.81203537, -0.88145131, ..., -0.18402526,
          0.        ,  0.        ]],

       [[ 0.        , -0.02165656,  0.28010053, ...,  0.43711257,
          0.32784088, -0.44689762],
        [ 0.02165656,  0.        ,  0.3008245 , ...,  0.45648811,
          0.34822365, -0.42741917],
        [-0.28010053, -0.3008245 ,  0.        , ...,  0.16769092,
          0.05009742, -0.67958237],
        ...,
        [-0.43711257, -0.45648811, -0.16769092, ...,  0.        ,
         -0.11809233, -0.79297715],
        [-0.32784088, -0.34822365, -0.05009742, ...,  0.11809233,
          0.        , -0.71548047],
        [ 0.44689762,  0.42741917,  0.67958237, ...,  0.79297715,
          0.71548047,  0.        ]],

       [[ 0.        , -0.00396077, -0.04949175, ...,  0.94545317,
          0.99987451,  0.93923427],
        [ 0.00396077,  0.        , -0.04553544, ...,  0.946736  ,
          0.99992942,  0.94058654],
        [ 0.04949175,  0.04553544,  0.        , ...,  0.96041688,
          0.99943323,  0.95507264],
        ...,
        [-0.94545317, -0.946736  , -0.96041688, ...,  0.        ,
          0.3107397 , -0.01858905],
        [-0.99987451, -0.99992942, -0.99943323, ..., -0.3107397 ,
          0.        , -0.32835481],
        [-0.93923427, -0.94058654, -0.95507264, ...,  0.01858905,
          0.32835481,  0.        ]],

       ...,

       [[ 0.        , -0.07752263, -0.12130786, ...,  0.93346488,
          0.98538457,  0.97296833],
        [ 0.07752263,  0.        , -0.04399267, ...,  0.95846066,
          0.9956247 ,  0.98794324],
        [ 0.12130786,  0.04399267,  0.        , ...,  0.97008053,
          0.99877156,  0.99379756],
        ...,
        [-0.93346488, -0.95846066, -0.97008053, ...,  0.        ,
          0.19441607,  0.13340034],
        [-0.98538457, -0.9956247 , -0.99877156, ..., -0.19441607,
          0.        , -0.06182348],
        [-0.97296833, -0.98794324, -0.99379756, ..., -0.13340034,
          0.06182348,  0.        ]],

       [[ 0.        , -0.00374963,  0.01280811, ...,  0.92704148,
          0.99311723,  0.9033804 ],
        [ 0.00374963,  0.        ,  0.01655734, ...,  0.92844092,
          0.99354942,  0.90176606],
        [-0.01280811, -0.01655734,  0.        , ...,  0.92216293,
          0.99153562,  0.90879893],
        ...,
        [-0.92704148, -0.92844092, -0.92216293, ...,  0.        ,
          0.26379869,  0.736283  ],
        [-0.99311723, -0.99354942, -0.99153562, ..., -0.26379869,
          0.        ,  0.53169656],
        [-0.9033804 , -0.90176606, -0.90879893, ..., -0.736283  ,
         -0.53169656,  0.        ]],

       [[ 0.        , -0.22862214, -0.43031621, ..., -0.2475965 ,
         -0.12270076, -0.18255231],
        [ 0.22862214,  0.        , -0.21254716, ..., -0.46254256,
         -0.34634567, -0.40249787],
        [ 0.43031621,  0.21254716,  0.        , ..., -0.64041753,
         -0.53782393, -0.58787124],
        ...,
        [ 0.2475965 ,  0.46254256,  0.64041753, ...,  0.        ,
         -0.12684533, -0.0665677 ],
        [ 0.12270076,  0.34634567,  0.53782393, ...,  0.12684533,
          0.        ,  0.06053398],
        [ 0.18255231,  0.40249787,  0.58787124, ...,  0.0665677 ,
         -0.06053398,  0.        ]]]), 'num': array([ 7.06732123e-01,  7.06732123e-01,  0.00000000e+00,  1.35212523e-03,
        1.36279289e-03,  1.33612375e-03,  3.23390485e-02, -1.33345684e-05,
        1.36279289e-03,  1.25744980e-03,  1.20797855e-03,  1.97675390e-06,
        1.44225748e-03,  1.07264211e-03])}
{'img': array([[[ 0.        , -0.1309183 , -0.1803096 , ...,  0.81203537,
          0.81203537,  0.73660508],
        [ 0.1309183 ,  0.        , -0.04998516, ...,  0.88145131,
          0.88145131,  0.81880831],
        [ 0.1803096 ,  0.04998516,  0.        , ...,  0.9039562 ,
          0.9039562 ,  0.8464796 ],
        ...,
        [-0.81203537, -0.88145131, -0.9039562 , ...,  0.        ,
          0.        , -0.11930951],
        [-0.81203537, -0.88145131, -0.9039562 , ...,  0.        ,
          0.        , -0.11930951],
        [-0.73660508, -0.81880831, -0.8464796 , ...,  0.11930951,
          0.11930951,  0.        ]],

       [[ 0.        ,  0.3008245 ,  0.33462713, ...,  0.34822365,
         -0.42741917, -0.23643821],
        [-0.3008245 ,  0.        ,  0.03564488, ...,  0.05009742,
         -0.67958237, -0.51778136],
        [-0.33462713, -0.03564488,  0.        , ...,  0.01446546,
         -0.70529957, -0.54794698],
        ...,
        [-0.34822365, -0.05009742, -0.01446546, ...,  0.        ,
         -0.71548047, -0.5599902 ],
        [ 0.42741917,  0.67958237,  0.70529957, ...,  0.71548047,
          0.        ,  0.20154754],
        [ 0.23643821,  0.51778136,  0.54794698, ...,  0.5599902 ,
         -0.20154754,  0.        ]],

       [[ 0.        , -0.04553544, -0.13060053, ...,  0.99992942,
          0.94058654,  0.9038924 ],
        [ 0.04553544,  0.        , -0.08531962, ...,  0.99943323,
          0.95507264,  0.92243305],
        [ 0.13060053,  0.08531962,  0.        , ...,  0.99291678,
          0.97687642,  0.95201629],
        ...,
        [-0.99992942, -0.99943323, -0.99291678, ...,  0.        ,
         -0.32835481, -0.4169904 ],
        [-0.94058654, -0.95507264, -0.97687642, ...,  0.32835481,
          0.        , -0.09542488],
        [-0.9038924 , -0.92243305, -0.95201629, ...,  0.4169904 ,
          0.09542488,  0.        ]],

       ...,

       [[ 0.        , -0.04399267,  0.36365192, ...,  0.9956247 ,
          0.98794324,  0.99009932],
        [ 0.04399267,  0.        ,  0.40428055, ...,  0.99877156,
          0.99379756,  0.99531595],
        [-0.36365192, -0.40428055,  0.        , ...,  0.8934787 ,
          0.86400429,  0.87126678],
        ...,
        [-0.9956247 , -0.99877156, -0.8934787 , ...,  0.        ,
         -0.06182348, -0.04723728],
        [-0.98794324, -0.99379756, -0.86400429, ...,  0.06182348,
          0.        ,  0.01460754],
        [-0.99009932, -0.99531595, -0.87126678, ...,  0.04723728,
         -0.01460754,  0.        ]],

       [[ 0.        ,  0.01592756,  0.03518093, ...,  0.96979219,
          0.99994007,  0.88632037],
        [-0.01592756,  0.        ,  0.01925878, ...,  0.96578392,
          0.9999876 ,  0.89358355],
        [-0.03518093, -0.01925878,  0.        , ...,  0.96061007,
          0.99970622,  0.90206302],
        ...,
        [-0.96979219, -0.96578392, -0.96061007, ...,  0.        ,
          0.25453508,  0.66528659],
        [-0.99994007, -0.9999876 , -0.99970622, ..., -0.25453508,
          0.        ,  0.45334155],
        [-0.88632037, -0.89358355, -0.90206302, ..., -0.66528659,
         -0.45334155,  0.        ]],

       [[ 0.        , -0.37205088, -0.48691294, ..., -0.1235182 ,
         -0.18376272, -0.37413947],
        [ 0.37205088,  0.        , -0.12699057, ..., -0.48385295,
         -0.53628591, -0.6923106 ],
        [ 0.48691294,  0.12699057,  0.        , ..., -0.59107135,
         -0.63912876, -0.77834195],
        ...,
        [ 0.1235182 ,  0.48385295,  0.59107135, ...,  0.        ,
          0.06094075,  0.25672704],
        [ 0.18376272,  0.53628591,  0.63912876, ..., -0.06094075,
          0.        ,  0.19735163],
        [ 0.37413947,  0.6923106 ,  0.77834195, ..., -0.25672704,
         -0.19735163,  0.        ]]]), 'num': array([ 7.19694270e-01,  6.90997725e-01,  5.70507852e-07,  1.36650214e-03,
        1.38551907e-03,  1.33118499e-03,  6.74408742e-02, -1.08668162e-05,
        1.37899898e-03,  1.28839690e-03,  1.23245543e-03,  1.88007201e-06,
        1.47778352e-03,  1.09901028e-03])}
{'img': array([[[ 0.        , -0.04998516, -0.01660626, ...,  0.88145131,
          0.81880831,  0.76614164],
        [ 0.04998516,  0.        ,  0.03339277, ...,  0.9039562 ,
          0.8464796 ,  0.79730799],
        [ 0.01660626, -0.03339277,  0.        , ...,  0.88917248,
          0.82822851,  0.77670837],
        ...,
        [-0.88145131, -0.9039562 , -0.88917248, ...,  0.        ,
         -0.11930951, -0.20465439],
        [-0.81880831, -0.8464796 , -0.82822851, ...,  0.11930951,
          0.        , -0.08640832],
        [-0.76614164, -0.79730799, -0.77670837, ...,  0.20465439,
          0.08640832,  0.        ]],

       [[ 0.        ,  0.03564488, -0.36890942, ..., -0.67958237,
         -0.51778136,  0.22733586],
        [-0.03564488,  0.        , -0.40180566, ..., -0.70529957,
         -0.54794698,  0.19247983],
        [ 0.36890942,  0.40180566,  0.        , ..., -0.36101661,
         -0.16565304,  0.57055085],
        ...,
        [ 0.67958237,  0.70529957,  0.36101661, ...,  0.        ,
          0.20154754,  0.82856188],
        [ 0.51778136,  0.54794698,  0.16565304, ..., -0.20154754,
          0.        ,  0.69871277],
        [-0.22733586, -0.19247983, -0.57055085, ..., -0.82856188,
         -0.69871277,  0.        ]],

       [[ 0.        , -0.08531962, -0.15893381, ...,  0.95507264,
          0.92243305,  0.85928963],
        [ 0.08531962,  0.        , -0.07411913, ...,  0.97687642,
          0.95201629,  0.89979642],
        [ 0.15893381,  0.07411913,  0.        , ...,  0.99003644,
          0.97208163,  0.92966035],
        ...,
        [-0.95507264, -0.97687642, -0.99003644, ...,  0.        ,
         -0.09542488, -0.23384022],
        [-0.92243305, -0.95201629, -0.97208163, ...,  0.09542488,
          0.        , -0.1399939 ],
        [-0.85928963, -0.89979642, -0.92966035, ...,  0.23384022,
          0.1399939 ,  0.        ]],

       ...,

       [[ 0.        ,  0.40428055,  0.31175447, ...,  0.99379756,
          0.99531595,  0.93803322],
        [-0.40428055,  0.        , -0.09899074, ...,  0.86400429,
          0.87126678,  0.71785649],
        [-0.31175447,  0.09899074,  0.        , ...,  0.90960091,
          0.91557304,  0.78324711],
        ...,
        [-0.99379756, -0.86400429, -0.90960091, ...,  0.        ,
          0.01460754, -0.24008253],
        [-0.99531595, -0.87126678, -0.91557304, ..., -0.01460754,
          0.        , -0.25423722],
        [-0.93803322, -0.71785649, -0.78324711, ...,  0.24008253,
          0.25423722,  0.        ]],

       [[ 0.        ,  0.01873978,  0.02993492, ...,  0.99237877,
          0.99570378,  0.88249602],
        [-0.01873978,  0.        ,  0.01119828, ...,  0.9898953 ,
          0.99726415,  0.89115474],
        [-0.02993492, -0.01119828,  0.        , ...,  0.98824531,
          0.9980294 ,  0.89617951],
        ...,
        [-0.99237877, -0.9898953 , -0.98824531, ...,  0.        ,
          0.21458561,  0.57548093],
        [-0.99570378, -0.99726415, -0.9980294 , ..., -0.21458561,
          0.        ,  0.38658384],
        [-0.88249602, -0.89115474, -0.89617951, ..., -0.57548093,
         -0.38658384,  0.        ]],

       [[ 0.        , -0.33222723, -0.48816431, ..., -0.18712229,
         -0.38077308, -0.56021335],
        [ 0.33222723,  0.        , -0.17048438, ..., -0.50285261,
         -0.66634499, -0.80359276],
        [ 0.48816431,  0.17048438,  0.        , ..., -0.64285299,
         -0.78371054, -0.89329728],
        ...,
        [ 0.18712229,  0.50285261,  0.64285299, ...,  0.        ,
          0.20102125,  0.39531564],
        [ 0.38077308,  0.66634499,  0.78371054, ..., -0.20102125,
          0.        ,  0.20259889],
        [ 0.56021335,  0.80359276,  0.89329728, ..., -0.39531564,
         -0.20259889,  0.        ]]]), 'num': array([ 7.53575126e-01,  6.53122444e-01,  2.02321616e-06,  1.41482651e-03,
        1.47609292e-03,  1.41482651e-03,  7.44314438e-02, -1.85224014e-05,
        1.44218267e-03,  1.35990047e-03,  1.29483459e-03,  2.01385175e-06,
        1.55413051e-03,  1.16567042e-03])}
{'img': array([[[ 0.        ,  0.03339277, -0.06764208, ...,  0.8464796 ,
          0.79730799,  0.71289619],
        [-0.03339277,  0.        , -0.10092064, ...,  0.82822851,
          0.77670837,  0.68908128],
        [ 0.06764208,  0.10092064,  0.        , ...,  0.88055494,
          0.83630879,  0.75869874],
        ...,
        [-0.8464796 , -0.82822851, -0.88055494, ...,  0.        ,
         -0.08640832, -0.21404939],
        [-0.79730799, -0.77670837, -0.83630879, ...,  0.08640832,
          0.        , -0.12884318],
        [-0.71289619, -0.68908128, -0.75869874, ...,  0.21404939,
          0.12884318,  0.        ]],

       [[ 0.        , -0.40180566, -0.48901772, ..., -0.54794698,
          0.19247983,  0.24206984],
        [ 0.40180566,  0.        , -0.09732116, ..., -0.16565304,
          0.57055085,  0.61152488],
        [ 0.48901772,  0.09732116,  0.        , ..., -0.06889011,
          0.64776866,  0.68562495],
        ...,
        [ 0.54794698,  0.16565304,  0.06889011, ...,  0.        ,
          0.69871277,  0.73414498],
        [-0.19247983, -0.57055085, -0.64776866, ..., -0.69871277,
          0.        ,  0.0507881 ],
        [-0.24206984, -0.61152488, -0.68562495, ..., -0.73414498,
         -0.0507881 ,  0.        ]],

       [[ 0.        , -0.07411913, -0.14485338, ...,  0.95201629,
          0.89979642,  0.87549553],
        [ 0.07411913,  0.        , -0.07111754, ...,  0.97208163,
          0.92966035,  0.90890369],
        [ 0.14485338,  0.07111754,  0.        , ...,  0.98630749,
          0.95350736,  0.93625874],
        ...,
        [-0.95201629, -0.97208163, -0.98630749, ...,  0.        ,
         -0.1399939 , -0.19209614],
        [-0.89979642, -0.92966035, -0.95350736, ...,  0.1399939 ,
          0.        , -0.05281778],
        [-0.87549553, -0.90890369, -0.93625874, ...,  0.19209614,
          0.05281778,  0.        ]],

       ...,

       [[ 0.        , -0.09899074, -0.53403534, ...,  0.87126678,
          0.71785649,  0.764005  ],
        [ 0.09899074,  0.        , -0.44771942, ...,  0.91557304,
          0.78324711,  0.82412232],
        [ 0.53403534,  0.44771942,  0.        , ...,  0.99873283,
          0.97871115,  0.99050243],
        ...,
        [-0.87126678, -0.91557304, -0.99873283, ...,  0.        ,
         -0.25423722, -0.18716923],
        [-0.71785649, -0.78324711, -0.97871115, ...,  0.25423722,
          0.        ,  0.06872506],
        [-0.764005  , -0.82412232, -0.99050243, ...,  0.18716923,
         -0.06872506,  0.        ]],

       [[ 0.        ,  0.01106555,  0.0357077 , ...,  0.99997996,
          0.97621033,  0.88631352],
        [-0.01106555,  0.        ,  0.02464702, ...,  0.99998879,
          0.97854986,  0.89138355],
        [-0.0357077 , -0.02464702,  0.        , ...,  0.9995683 ,
          0.98333012,  0.90228402],
        ...,
        [-0.99997996, -0.99998879, -0.9995683 , ...,  0.        ,
          0.21064144,  0.45746555],
        [-0.97621033, -0.97854986, -0.98333012, ..., -0.21064144,
          0.        ,  0.25989345],
        [-0.88631352, -0.89138355, -0.90228402, ..., -0.45746555,
         -0.25989345,  0.        ]],

       [[ 0.        , -0.37384015, -0.58637089, ..., -0.38607704,
         -0.56756165, -0.7756871 ],
        [ 0.37384015,  0.        , -0.2410285 , ..., -0.70293884,
         -0.83420369, -0.9553816 ],
        [ 0.58637089,  0.2410285 ,  0.        , ..., -0.85364642,
         -0.94252645, -0.99840871],
        ...,
        [ 0.38607704,  0.70293884,  0.85364642, ...,  0.        ,
          0.20568747,  0.47188535],
        [ 0.56756165,  0.83420369,  0.94252645, ..., -0.20568747,
          0.        ,  0.28044897],
        [ 0.7756871 ,  0.9553816 ,  0.99840871, ..., -0.47188535,
         -0.28044897,  0.        ]]]), 'num': array([7.40488518e-01, 6.68758286e-01, 1.39552981e-06, 1.43460464e-03,
       1.44018676e-03, 1.38157451e-03, 6.65129323e-02, 4.88435433e-05,
       1.41367169e-03, 1.34291833e-03, 1.27123462e-03, 2.02902689e-06,
       1.53028369e-03, 1.15555298e-03])}
{'img': array([[[ 0.        , -0.10092064, -0.19548757, ...,  0.77670837,
          0.68908128,  0.91213328],
        [ 0.10092064,  0.        , -0.09551601, ...,  0.83630879,
          0.75869874,  0.9488431 ],
        [ 0.19548757,  0.09551601,  0.        , ...,  0.88485258,
          0.817453  ,  0.97466387],
        ...,
        [-0.77670837, -0.83630879, -0.88485258, ...,  0.        ,
         -0.12884318,  0.25614871],
        [-0.68908128, -0.75869874, -0.817453  , ...,  0.12884318,
          0.        ,  0.37855834],
        [-0.91213328, -0.9488431 , -0.97466387, ..., -0.25614871,
         -0.37855834,  0.        ]],

       [[ 0.        , -0.09732116,  0.25453825, ...,  0.57055085,
          0.61152488,  0.53709411],
        [ 0.09732116,  0.        ,  0.34744562, ...,  0.64776866,
          0.68562495,  0.6166371 ],
        [-0.25453825, -0.34744562,  0.        , ...,  0.34271579,
          0.38998583,  0.30469498],
        ...,
        [-0.57055085, -0.64776866, -0.34271579, ...,  0.        ,
          0.0507881 , -0.04017726],
        [-0.61152488, -0.68562495, -0.38998583, ..., -0.0507881 ,
          0.        , -0.09087251],
        [-0.53709411, -0.6166371 , -0.30469498, ...,  0.04017726,
          0.09087251,  0.        ]],

       [[ 0.        , -0.07111754, -0.15573869, ...,  0.92966035,
          0.90890369,  0.9145304 ],
        [ 0.07111754,  0.        , -0.08509457, ...,  0.95350736,
          0.93625874,  0.94098302],
        [ 0.15573869,  0.08509457,  0.        , ...,  0.9756938 ,
          0.9627575 ,  0.96637054],
        ...,
        [-0.92966035, -0.95350736, -0.9756938 , ...,  0.        ,
         -0.05281778, -0.03913437],
        [-0.90890369, -0.93625874, -0.9627575 , ...,  0.05281778,
          0.        ,  0.01369758],
        [-0.9145304 , -0.94098302, -0.96637054, ...,  0.03913437,
         -0.01369758,  0.        ]],

       ...,

       [[ 0.        , -0.44771942, -0.69616168, ...,  0.78324711,
          0.82412232,  0.87880941],
        [ 0.44771942,  0.        , -0.30107867, ...,  0.97871115,
          0.99050243,  0.99944821],
        [ 0.69616168,  0.30107867,  0.        , ...,  0.99509241,
          0.98593931,  0.96307364],
        ...,
        [-0.78324711, -0.97871115, -0.99509241, ...,  0.        ,
          0.06872506,  0.17262072],
        [-0.82412232, -0.99050243, -0.98593931, ..., -0.06872506,
          0.        ,  0.10451919],
        [-0.87880941, -0.99944821, -0.96307364, ..., -0.17262072,
         -0.10451919,  0.        ]],

       [[ 0.        ,  0.02407083, -0.01220217, ...,  0.99925757,
          0.9926112 ,  0.88175412],
        [-0.02407083,  0.        , -0.03626768, ...,  0.99989541,
          0.99524431,  0.89285307],
        [ 0.01220217,  0.03626768,  0.        , ...,  0.99871306,
          0.99105671,  0.8759326 ],
        ...,
        [-0.99925757, -0.99989541, -0.99871306, ...,  0.        ,
          0.08300617,  0.43738794],
        [-0.9926112 , -0.99524431, -0.99105671, ..., -0.08300617,
          0.        ,  0.36123332],
        [-0.88175412, -0.89285307, -0.8759326 , ..., -0.43738794,
         -0.36123332,  0.        ]],

       [[ 0.        , -0.47841953, -0.66225415, ..., -0.57708356,
         -0.78677385, -0.91698615],
        [ 0.47841953,  0.        , -0.22307631, ..., -0.8974733 ,
         -0.98619115, -0.99608499],
        [ 0.66225415,  0.22307631,  0.        , ..., -0.97324985,
         -0.998284  , -0.95126452],
        ...,
        [ 0.57708356,  0.8974733 ,  0.97324985, ...,  0.        ,
          0.28634665,  0.51867931],
        [ 0.78677385,  0.98619115,  0.998284  , ..., -0.28634665,
          0.        ,  0.2521427 ],
        [ 0.91698615,  0.99608499,  0.95126452, ..., -0.51867931,
         -0.2521427 ,  0.        ]]]), 'num': array([7.40352181e-01, 6.70069274e-01, 1.36737174e-06, 1.43434505e-03,
       1.45108837e-03, 1.41202061e-03, 5.35767501e-02, 0.00000000e+00,
       1.41453211e-03, 1.35425613e-03, 1.27391141e-03, 1.97500517e-06,
       1.53403456e-03, 1.17447770e-03])}
{'img': array([[[ 0.        , -0.09551601,  0.15018437, ...,  0.75869874,
          0.9488431 ,  0.9488431 ],
        [ 0.09551601,  0.        ,  0.24393038, ...,  0.817453  ,
          0.97466387,  0.97466387],
        [-0.15018437, -0.24393038,  0.        , ...,  0.65225723,
          0.89066092,  0.89066092],
        ...,
        [-0.75869874, -0.817453  , -0.65225723, ...,  0.        ,
          0.37855834,  0.37855834],
        [-0.9488431 , -0.97466387, -0.89066092, ..., -0.37855834,
          0.        ,  0.        ],
        [-0.9488431 , -0.97466387, -0.89066092, ..., -0.37855834,
          0.        ,  0.        ]],

       [[ 0.        ,  0.34744562,  0.06646555, ...,  0.68562495,
          0.6166371 ,  0.44146683],
        [-0.34744562,  0.        , -0.28435257, ...,  0.38998583,
          0.30469498,  0.10220834],
        [-0.06646555,  0.28435257,  0.        , ...,  0.63572491,
          0.56294871,  0.38085258],
        ...,
        [-0.68562495, -0.38998583, -0.63572491, ...,  0.        ,
         -0.09087251, -0.29382791],
        [-0.6166371 , -0.30469498, -0.56294871, ...,  0.09087251,
          0.        , -0.20575097],
        [-0.44146683, -0.10220834, -0.38085258, ...,  0.29382791,
          0.20575097,  0.        ]],

       [[ 0.        , -0.08509457, -0.07670406, ...,  0.93625874,
          0.94098302,  0.94561992],
        [ 0.08509457,  0.        ,  0.00841802, ...,  0.9627575 ,
          0.96637054,  0.96986907],
        [ 0.07670406, -0.00841802,  0.        , ...,  0.96044743,
          0.96417157,  0.96778385],
        ...,
        [-0.93625874, -0.9627575 , -0.96044743, ...,  0.        ,
          0.01369758,  0.02766656],
        [-0.94098302, -0.96637054, -0.96417157, ..., -0.01369758,
          0.        ,  0.01397163],
        [-0.94561992, -0.96986907, -0.96778385, ..., -0.02766656,
         -0.01397163,  0.        ]],

       ...,

       [[ 0.        , -0.30107867,  0.27087297, ...,  0.99050243,
          0.99944821,  0.99118206],
        [ 0.30107867,  0.        ,  0.54812715, ...,  0.98593931,
          0.96307364,  0.98508557],
        [-0.27087297, -0.54812715,  0.        , ...,  0.91622885,
          0.95308672,  0.91823425],
        ...,
        [-0.99050243, -0.98593931, -0.91622885, ...,  0.        ,
          0.10451919,  0.00503428],
        [-0.99944821, -0.96307364, -0.95308672, ..., -0.10451919,
          0.        , -0.09951116],
        [-0.99118206, -0.98508557, -0.91823425, ..., -0.00503428,
          0.09951116,  0.        ]],

       [[ 0.        , -0.03585858, -0.13644461, ...,  0.99962296,
          0.97604248,  0.88820525],
        [ 0.03585858,  0.        , -0.10083364, ...,  0.99799548,
          0.96761266,  0.87115892],
        [ 0.13644461,  0.10083364,  0.        , ...,  0.98652772,
          0.93722662,  0.81720945],
        ...,
        [-0.99962296, -0.99799548, -0.98652772, ...,  0.        ,
          0.19069801,  0.43488547],
        [-0.97604248, -0.96761266, -0.93722662, ..., -0.19069801,
          0.        ,  0.25518394],
        [-0.88820525, -0.87115892, -0.81720945, ..., -0.43488547,
         -0.25518394,  0.        ]],

       [[ 0.        , -0.50556776, -0.44285517, ..., -0.80564043,
         -0.93298472, -0.99927025],
        [ 0.50556776,  0.        ,  0.07119896, ..., -0.9945968 ,
         -0.98692891, -0.88146815],
        [ 0.44285517, -0.07119896,  0.        , ..., -0.98468125,
         -0.99589837, -0.91285434],
        ...,
        [ 0.80564043,  0.9945968 ,  0.98468125, ...,  0.        ,
          0.2627418 ,  0.56119998],
        [ 0.93298472,  0.98692891,  0.99589837, ..., -0.2627418 ,
          0.        ,  0.32401668],
        [ 0.99927025,  0.88146815,  0.91285434, ..., -0.56119998,
         -0.32401668,  0.        ]]]), 'num': array([ 7.27201671e-01,  6.85243053e-01,  8.22717996e-07,  1.39862059e-03,
        1.41507495e-03,  1.38765102e-03,  4.00604703e-02, -1.09695733e-05,
        1.39176461e-03,  1.34089321e-03,  1.25487348e-03,  1.86981363e-06,
        1.50888781e-03,  1.17289862e-03])}
{'img': array([[[ 0.        ,  0.24393038,  0.26778002, ...,  0.97466387,
          0.97466387,  0.94661626],
        [-0.24393038,  0.        ,  0.02466906, ...,  0.89066092,
          0.89066092,  0.83938755],
        [-0.26778002, -0.02466906,  0.        , ...,  0.87917363,
          0.87917363,  0.82572364],
        ...,
        [-0.97466387, -0.89066092, -0.87917363, ...,  0.        ,
          0.        , -0.10246117],
        [-0.97466387, -0.89066092, -0.87917363, ...,  0.        ,
          0.        , -0.10246117],
        [-0.94661626, -0.83938755, -0.82572364, ...,  0.10246117,
          0.10246117,  0.        ]],

       [[ 0.        , -0.28435257,  0.05085427, ...,  0.30469498,
          0.10220834, -0.16912495],
        [ 0.28435257,  0.        ,  0.33273964, ...,  0.56294871,
          0.38085258,  0.11811293],
        [-0.05085427, -0.33273964,  0.        , ...,  0.25586459,
          0.05148814, -0.21902781],
        ...,
        [-0.30469498, -0.56294871, -0.25586459, ...,  0.        ,
         -0.20575097, -0.46138879],
        [-0.10220834, -0.38085258, -0.05148814, ...,  0.20575097,
          0.        , -0.26897523],
        [ 0.16912495, -0.11811293,  0.21902781, ...,  0.46138879,
          0.26897523,  0.        ]],

       [[ 0.        ,  0.00841802,  0.03560036, ...,  0.96637054,
          0.96986907,  0.97488616],
        [-0.00841802,  0.        ,  0.02718641, ...,  0.96417157,
          0.96778385,  0.9729769 ],
        [-0.03560036, -0.02718641,  0.        , ...,  0.9566032 ,
          0.96058107,  0.96633985],
        ...,
        [-0.96637054, -0.96417157, -0.9566032 , ...,  0.        ,
          0.01397163,  0.03548114],
        [-0.96986907, -0.96778385, -0.96058107, ..., -0.01397163,
          0.        ,  0.02151485],
        [-0.97488616, -0.9729769 , -0.96633985, ..., -0.03548114,
         -0.02151485,  0.        ]],

       ...,

       [[ 0.        ,  0.54812715,  0.58256866, ...,  0.96307364,
          0.98508557,  0.99855444],
        [-0.54812715,  0.        ,  0.04174992, ...,  0.95308672,
          0.91823425,  0.86464766],
        [-0.58256866, -0.04174992,  0.        , ...,  0.93961812,
          0.90089909,  0.84291949],
        ...,
        [-0.96307364, -0.95308672, -0.93961812, ...,  0.        ,
         -0.09951116, -0.21708393],
        [-0.98508557, -0.91823425, -0.90089909, ...,  0.09951116,
          0.        , -0.11886831],
        [-0.99855444, -0.86464766, -0.84291949, ...,  0.21708393,
          0.11886831,  0.        ]],

       [[ 0.        , -0.10047154, -0.18612844, ...,  0.97615742,
          0.93317004,  0.8695677 ],
        [ 0.10047154,  0.        , -0.08647077, ...,  0.94940927,
          0.89233513,  0.8155534 ],
        [ 0.18612844,  0.08647077,  0.        , ...,  0.91869774,
          0.84996217,  0.76245959],
        ...,
        [-0.97615742, -0.94940927, -0.91869774, ...,  0.        ,
          0.14830793,  0.2932883 ],
        [-0.93317004, -0.89233513, -0.84996217, ..., -0.14830793,
          0.        ,  0.14825895],
        [-0.8695677 , -0.8155534 , -0.76245959, ..., -0.2932883 ,
         -0.14825895,  0.        ]],

       [[ 0.        ,  0.11508859,  0.35877239, ..., -0.99969586,
         -0.93404226, -0.76260834],
        [-0.11508859,  0.        ,  0.24896185, ..., -0.99589137,
         -0.96894109, -0.83198725],
        [-0.35877239, -0.24896185,  0.        , ..., -0.94198907,
         -0.99999851, -0.94391344],
        ...,
        [ 0.99969586,  0.99589137,  0.94198907, ...,  0.        ,
          0.33401894,  0.62785666],
        [ 0.93404226,  0.96894109,  0.99999851, ..., -0.33401894,
          0.        ,  0.33181995],
        [ 0.76260834,  0.83198725,  0.94391344, ..., -0.62785666,
         -0.33181995,  0.        ]]]), 'num': array([7.13245050e-01, 6.97691485e-01, 2.95695145e-07, 1.41396042e-03,
       1.42471297e-03, 1.35750953e-03, 6.70333367e-02, 4.30102029e-05,
       1.37659531e-03, 1.32706637e-03, 1.23390000e-03, 1.85609507e-06,
       1.48096613e-03, 1.17316661e-03])}
{'img': array([[[ 0.        ,  0.02466906, -0.34813826, ...,  0.89066092,
          0.83938755,  0.9866918 ],
        [-0.02466906,  0.        , -0.37115816, ...,  0.87917363,
          0.82572364,  0.99040275],
        [ 0.34813826,  0.37115816,  0.        , ...,  0.9932314 ,
          0.97610292,  0.86835967],
        ...,
        [-0.89066092, -0.87917363, -0.9932314 , ...,  0.        ,
         -0.10246117,  0.59344025],
        [-0.83938755, -0.82572364, -0.97610292, ...,  0.10246117,
          0.        ,  0.67278572],
        [-0.9866918 , -0.99040275, -0.86835967, ..., -0.59344025,
         -0.67278572,  0.        ]],

       [[ 0.        ,  0.33273964,  0.65166353, ...,  0.38085258,
          0.11811293,  0.59928282],
        [-0.33273964,  0.        ,  0.36214519, ...,  0.05148814,
         -0.21902781,  0.29876441],
        [-0.65166353, -0.36214519,  0.        , ..., -0.31367163,
         -0.55751238, -0.06712011],
        ...,
        [-0.38085258, -0.05148814,  0.31367163, ...,  0.        ,
         -0.26897523,  0.24923161],
        [-0.11811293,  0.21902781,  0.55751238, ...,  0.26897523,
          0.        ,  0.50053413],
        [-0.59928282, -0.29876441,  0.06712011, ..., -0.24923161,
         -0.50053413,  0.        ]],

       [[ 0.        ,  0.02718641, -0.04661598, ...,  0.96778385,
          0.9729769 ,  0.99944707],
        [-0.02718641,  0.        , -0.07375561, ...,  0.96058107,
          0.96633985,  0.99817372],
        [ 0.04661598,  0.07375561,  0.        , ...,  0.97846884,
          0.9826829 ,  0.99991053],
        ...,
        [-0.96778385, -0.96058107, -0.97846884, ...,  0.        ,
          0.02151485,  0.21946469],
        [-0.9729769 , -0.96633985, -0.9826829 , ..., -0.02151485,
          0.        ,  0.19842356],
        [-0.99944707, -0.99817372, -0.99991053, ..., -0.21946469,
         -0.19842356,  0.        ]],

       ...,

       [[ 0.        ,  0.04174992, -0.10398129, ...,  0.91823425,
          0.86464766,  0.883236  ],
        [-0.04174992,  0.        , -0.14541423, ...,  0.90089909,
          0.84291949,  0.86288816],
        [ 0.10398129,  0.14541423,  0.        , ...,  0.95443724,
          0.91219861,  0.92720802],
        ...,
        [-0.91823425, -0.90089909, -0.95443724, ...,  0.        ,
         -0.11886831, -0.08079167],
        [-0.86464766, -0.84291949, -0.91219861, ...,  0.11886831,
          0.        ,  0.03826087],
        [-0.883236  , -0.86288816, -0.92720802, ...,  0.08079167,
         -0.03826087,  0.        ]],

       [[ 0.        , -0.08603613, -0.02588671, ...,  0.92585314,
          0.90440574,  0.81311414],
        [ 0.08603613,  0.        ,  0.06021657, ...,  0.88990846,
          0.86434289,  0.76001713],
        [ 0.02588671, -0.06021657,  0.        , ...,  0.91576071,
          0.89305749,  0.79777288],
        ...,
        [-0.92585314, -0.88990846, -0.91576071, ...,  0.        ,
          0.05327693,  0.23168064],
        [-0.90440574, -0.86434289, -0.89305749, ..., -0.05327693,
          0.        ,  0.17952423],
        [-0.81311414, -0.76001713, -0.79777288, ..., -0.23168064,
         -0.17952423,  0.        ]],

       [[ 0.        ,  0.24896185, -0.37575847, ..., -0.96894109,
         -0.83198725, -0.44651091],
        [-0.24896185,  0.        , -0.59464441, ..., -0.99999851,
         -0.94391344, -0.65521739],
        [ 0.37575847,  0.59464441,  0.        , ..., -0.80501287,
         -0.56254842, -0.07756905],
        ...,
        [ 0.96894109,  0.99999851,  0.80501287, ...,  0.        ,
          0.33181995,  0.75656894],
        [ 0.83198725,  0.94391344,  0.56254842, ..., -0.33181995,
          0.        ,  0.49672213],
        [ 0.44651091,  0.65521739,  0.07756905, ..., -0.75656894,
         -0.49672213,  0.        ]]]), 'num': array([7.12218176e-01, 7.00795889e-01, 2.14704647e-07, 1.42778591e-03,
       1.43852114e-03, 1.41705067e-03, 4.01921196e-02, 1.61028486e-05,
