state_0,state_1,state_2,state_3,state_4,state_5,state_6,state_7,state_8,state_9,state_10,state_11,state_12,state_13,state_14,state_15,state_16,state_17,state_18,state_19,state_20,state_21,state_22,state_23,state_24,state_25,state_26,state_27,state_28,state_29,state_30,state_31,state_32,state_33,state_34,state_35,state_36,state_37,state_38,state_39,state_40,state_41,state_42,state_43,state_44,state_45,state_46,state_47,state_48,state_49,state_50,state_51,state_52,state_53,state_54,state_55,state_56,state_57,state_58,state_59,state_60,state_61,state_62,state_63,state_64,state_65,state_66,state_67,state_68,state_69,state_70,state_71,state_72,state_73,state_74,state_75,state_76,state_77,state_78,state_79,state_80,state_81,state_82,state_83,state_84,state_85,state_86,state_87,state_88,state_89,state_90,state_91,state_92,state_93,state_94,state_95,state_96,state_97,state_98,state_99,state_100,state_101,state_102,state_103,state_104,state_105,state_106,state_107,state_108,state_109,state_110,state_111,state_112,state_113,state_114,state_115,state_116,state_117,state_118,state_119,state_120,state_121,state_122,state_123,state_124,state_125,state_126,state_127,state_128,state_129,state_130,state_131,state_132,state_133,state_134,state_135,state_136,state_137,state_138,state_139,state_140,state_141,state_142,state_143,state_144,state_145,state_146,state_147,state_148,state_149,state_150,state_151,state_152,state_153,state_154,state_155,state_156,state_157,state_158,state_159,state_160,state_161,state_162,state_163,state_164,state_165,state_166,state_167,state_168,state_169,state_170,state_171,state_172,state_173,state_174,state_175,state_176,state_177,state_178,state_179,state_180,state_181,state_182,state_183,state_184,state_185,state_186,state_187,state_188,state_189,state_190,state_191,state_192,state_193,state_194,state_195,state_196,state_197,state_198,state_199,state_200,state_201,state_202,state_203,state_204,state_205,state_206,state_207,state_208,state_209,state_210,state_211,state_212,state_213,state_214,state_215,state_216,state_217,state_218,state_219,state_220,state_221,state_222,state_223,state_224,state_225,state_226,state_227,state_228,state_229,state_230,state_231,state_232,state_233,state_234,state_235,state_236,state_237,state_238,state_239,state_240,state_241,state_242,state_243,state_244,state_245,state_246,state_247,state_248,state_249,state_250,state_251,state_252,state_253,state_254,state_255,state_256,state_257,state_258,state_259,state_260,state_261,state_262,state_263,state_264,state_265,state_266,state_267,state_268,state_269,state_270,state_271,state_272,state_273,state_274,state_275,state_276,state_277,state_278,state_279,state_280,state_281,state_282,state_283,state_284,state_285,state_286,state_287
{'img': array([[[ 0.        ,  0.10961564,  0.22458458, ...,  0.34620994,
         -0.0354917 , -0.35948812],
        [-0.10961564,  0.        ,  0.11641579, ...,  0.24128701,
         -0.1448244 , -0.45960966],
        [-0.22458458, -0.11641579,  0.        , ...,  0.12667025,
         -0.25902814, -0.55987588],
        ...,
        [-0.34620994, -0.24128701, -0.12667025, ...,  0.        ,
         -0.3792886 , -0.66032201],
        [ 0.0354917 ,  0.1448244 ,  0.25902814, ...,  0.3792886 ,
          0.        , -0.32614257],
        [ 0.35948812,  0.45960966,  0.55987588, ...,  0.66032201,
          0.32614257,  0.        ]],

       [[ 0.        , -0.04681666, -0.03256276, ...,  0.6596401 ,
          0.19366442,  0.19923836],
        [ 0.04681666,  0.        ,  0.01426478, ...,  0.69410335,
          0.23938239,  0.24489794],
        [ 0.03256276, -0.01426478,  0.        , ...,  0.68376386,
          0.225508  ,  0.23104262],
        ...,
        [-0.6596401 , -0.69410335, -0.68376386, ...,  0.        ,
         -0.50159706, -0.49667112],
        [-0.19366442, -0.23938239, -0.225508  , ...,  0.50159706,
          0.        ,  0.0056847 ],
        [-0.19923836, -0.24489794, -0.23104262, ...,  0.49667112,
         -0.0056847 ,  0.        ]],

       [[ 0.        , -0.08799085, -0.11325048, ..., -0.76200343,
         -0.58545075, -0.48589198],
        [ 0.08799085,  0.        , -0.02538646, ..., -0.70206734,
         -0.51184507, -0.40710167],
        [ 0.11325048,  0.02538646,  0.        , ..., -0.68376311,
         -0.48987117, -0.38378291],
        ...,
        [ 0.76200343,  0.70206734,  0.68376311, ...,  0.        ,
          0.23864017,  0.35135487],
        [ 0.58545075,  0.51184507,  0.48987117, ..., -0.23864017,
          0.        ,  0.11777851],
        [ 0.48589198,  0.40710167,  0.38378291, ..., -0.35135487,
         -0.11777851,  0.        ]],

       ...,

       [[ 0.        ,  0.23127206,  0.37579239, ...,  0.74530517,
          0.99999651,  0.95608252],
        [-0.23127206,  0.        ,  0.15128361, ...,  0.8792938 ,
          0.97227464,  0.862377  ],
        [-0.37579239, -0.15128361,  0.        , ...,  0.9412268 ,
          0.9257077 ,  0.77586154],
        ...,
        [-0.74530517, -0.8792938 , -0.9412268 , ...,  0.        ,
         -0.66869045, -0.85588983],
        [-0.99999651, -0.97227464, -0.9257077 , ...,  0.66869045,
          0.        , -0.29057036],
        [-0.95608252, -0.862377  , -0.77586154, ...,  0.85588983,
          0.29057036,  0.        ]],

       [[ 0.        , -0.18810393, -0.19157795, ..., -0.92284075,
         -0.97301791, -0.98705874],
        [ 0.18810393,  0.        , -0.00353836, ..., -0.97882143,
         -0.99904984, -0.99960306],
        [ 0.19157795,  0.00353836,  0.        , ..., -0.97953966,
         -0.99919779, -0.99949712],
        ...,
        [ 0.92284075,  0.97882143,  0.97953966, ...,  0.        ,
          0.16186205,  0.23221106],
        [ 0.97301791,  0.99904984,  0.99919779, ..., -0.16186205,
          0.        ,  0.07171137],
        [ 0.98705874,  0.99960306,  0.99949712, ..., -0.23221106,
         -0.07171137,  0.        ]],

       [[ 0.        , -0.07443673, -0.09725391, ..., -0.85088852,
         -0.7302631 , -0.7474463 ],
        [ 0.07443673,  0.        , -0.02290022, ..., -0.88763299,
         -0.77908981, -0.79482267],
        [ 0.09725391,  0.02290022,  0.        , ..., -0.89794695,
         -0.79324193, -0.80851104],
        ...,
        [ 0.85088852,  0.88763299,  0.89794695, ...,  0.        ,
         -0.19765711, -0.17259601],
        [ 0.7302631 ,  0.77908981,  0.79324193, ...,  0.19765711,
          0.        ,  0.0254999 ],
        [ 0.7474463 ,  0.79482267,  0.80851104, ...,  0.17259601,
         -0.0254999 ,  0.        ]]]), 'num': array([7.07106262e-01, 7.07106262e-01, 0.00000000e+00, 4.10785192e-04,
       4.17835518e-04, 4.07260029e-04, 3.87933840e-04, 0.00000000e+00,
       4.17669628e-04, 3.94642018e-04, 4.06492788e-04, 1.27404951e-06,
       4.24286385e-04, 3.64997652e-04])}
{'img': array([[[ 0.        ,  0.11641579,  0.11641579, ..., -0.1448244 ,
         -0.45960966, -0.45960966],
        [-0.11641579,  0.        ,  0.        , ..., -0.25902814,
         -0.55987588, -0.55987588],
        [-0.11641579,  0.        ,  0.        , ..., -0.25902814,
         -0.55987588, -0.55987588],
        ...,
        [ 0.1448244 ,  0.25902814,  0.25902814, ...,  0.        ,
         -0.32614257, -0.32614257],
        [ 0.45960966,  0.55987588,  0.55987588, ...,  0.32614257,
          0.        ,  0.        ],
        [ 0.45960966,  0.55987588,  0.55987588, ...,  0.32614257,
          0.        ,  0.        ]],

       [[ 0.        ,  0.01426478, -0.06207826, ...,  0.23938239,
          0.24489794,  0.06791092],
        [-0.01426478,  0.        , -0.07630921, ...,  0.225508  ,
          0.23104262,  0.05367216],
        [ 0.06207826,  0.07630921,  0.        , ...,  0.29919405,
          0.30461351,  0.12971488],
        ...,
        [-0.23938239, -0.225508  , -0.29919405, ...,  0.        ,
          0.0056847 , -0.17289332],
        [-0.24489794, -0.23104262, -0.30461351, ..., -0.0056847 ,
          0.        , -0.17848961],
        [-0.06791092, -0.05367216, -0.12971488, ...,  0.17289332,
          0.17848961,  0.        ]],

       [[ 0.        , -0.02538646, -0.01697248, ..., -0.51184507,
         -0.40710167, -0.30687884],
        [ 0.02538646,  0.        ,  0.00841579, ..., -0.48987117,
         -0.38378291, -0.28261841],
        [ 0.01697248, -0.00841579,  0.        , ..., -0.49719066,
         -0.39154066, -0.2906811 ],
        ...,
        [ 0.51184507,  0.48987117,  0.49719066, ...,  0.        ,
          0.11777851,  0.22351503],
        [ 0.40710167,  0.38378291,  0.39154066, ..., -0.11777851,
          0.        ,  0.10716058],
        [ 0.30687884,  0.28261841,  0.2906811 , ..., -0.22351503,
         -0.10716058,  0.        ]],

       ...,

       [[ 0.        ,  0.15128361,  0.15128361, ...,  0.97227464,
          0.862377  ,  0.8035138 ],
        [-0.15128361,  0.        ,  0.        , ...,  0.9257077 ,
          0.77586154,  0.70420864],
        [-0.15128361,  0.        ,  0.        , ...,  0.9257077 ,
          0.77586154,  0.70420864],
        ...,
        [-0.97227464, -0.9257077 , -0.9257077 , ...,  0.        ,
         -0.29057036, -0.39088643],
        [-0.862377  , -0.77586154, -0.77586154, ...,  0.29057036,
          0.        , -0.10656883],
        [-0.8035138 , -0.70420864, -0.70420864, ...,  0.39088643,
          0.10656883,  0.        ]],

       [[ 0.        , -0.03681161, -0.16921059, ..., -0.9746347 ,
         -0.98825753, -0.99598785],
        [ 0.03681161,  0.        , -0.13281512, ..., -0.98221262,
         -0.99321243, -0.99860701],
        [ 0.16921059,  0.13281512,  0.        , ..., -0.99845001,
         -0.99986172, -0.99676804],
        ...,
        [ 0.9746347 ,  0.98221262,  0.99845001, ...,  0.        ,
          0.07225199,  0.13568507],
        [ 0.98825753,  0.99321243,  0.99986172, ..., -0.07225199,
          0.        ,  0.06374664],
        [ 0.99598785,  0.99860701,  0.99676804, ..., -0.13568507,
         -0.06374664,  0.        ]],

       [[ 0.        , -0.02290022,  0.05283866, ..., -0.77908981,
         -0.79482267, -0.83796122],
        [ 0.02290022,  0.        ,  0.07569303, ..., -0.79324193,
         -0.80851104, -0.8502388 ],
        [-0.05283866, -0.07569303,  0.        , ..., -0.74487626,
         -0.76164765, -0.80795501],
        ...,
        [ 0.77908981,  0.79324193,  0.74487626, ...,  0.        ,
          0.0254999 ,  0.10015571],
        [ 0.79482267,  0.80851104,  0.76164765, ..., -0.0254999 ,
          0.        ,  0.07475146],
        [ 0.83796122,  0.8502388 ,  0.80795501, ..., -0.10015571,
         -0.07475146,  0.        ]]]), 'num': array([ 8.57704097e-01,  5.14141160e-01,  1.78752829e-05,  4.89405893e-04,
        5.03920012e-04,  4.87368824e-04,  7.75334029e-04, -1.50233859e-05,
        5.08961758e-04,  4.85726437e-04,  4.98615144e-04,  1.44791689e-06,
        5.21260917e-04,  4.50191956e-04])}
{'img': array([[[ 0.        ,  0.        , -0.11641579, ..., -0.55987588,
         -0.55987588, -0.8394265 ],
        [ 0.        ,  0.        , -0.11641579, ..., -0.55987588,
         -0.55987588, -0.8394265 ],
        [ 0.11641579,  0.11641579,  0.        , ..., -0.45960966,
         -0.45960966, -0.77045001],
        ...,
        [ 0.55987588,  0.55987588,  0.45960966, ...,  0.        ,
          0.        , -0.3912515 ],
        [ 0.55987588,  0.55987588,  0.45960966, ...,  0.        ,
          0.        , -0.3912515 ],
        [ 0.8394265 ,  0.8394265 ,  0.77045001, ...,  0.3912515 ,
          0.3912515 ,  0.        ]],

       [[ 0.        , -0.07630921,  0.03022504, ...,  0.23104262,
          0.05367216,  0.16477698],
        [ 0.07630921,  0.        ,  0.10641126, ...,  0.30461351,
          0.12971488,  0.23956265],
        [-0.03022504, -0.10641126,  0.        , ...,  0.2015298 ,
          0.02346616,  0.1348898 ],
        ...,
        [-0.23104262, -0.30461351, -0.2015298 , ...,  0.        ,
         -0.17848961, -0.06756575],
        [-0.05367216, -0.12971488, -0.02346616, ...,  0.17848961,
          0.        ,  0.11160096],
        [-0.16477698, -0.23956265, -0.1348898 , ...,  0.06756575,
         -0.11160096,  0.        ]],

       [[ 0.        ,  0.00841579,  0.01687769, ..., -0.38378291,
         -0.28261841, -0.3877507 ],
        [-0.00841579,  0.        ,  0.00846249, ..., -0.39154066,
         -0.2906811 , -0.39549435],
        [-0.01687769, -0.00846249,  0.        , ..., -0.3993135 ,
         -0.29876778, -0.40325272],
        ...,
        [ 0.38378291,  0.39154066,  0.3993135 , ...,  0.        ,
          0.10716058, -0.00430067],
        [ 0.28261841,  0.2906811 ,  0.29876778, ..., -0.10716058,
          0.        , -0.11143549],
        [ 0.3877507 ,  0.39549435,  0.40325272, ...,  0.00430067,
          0.11143549,  0.        ]],

       ...,

       [[ 0.        ,  0.        ,  0.16455072, ...,  0.77586154,
          0.70420864,  0.58488383],
        [ 0.        ,  0.        ,  0.16455072, ...,  0.77586154,
          0.70420864,  0.58488383],
        [-0.16455072, -0.16455072,  0.        , ...,  0.6614699 ,
          0.57777943,  0.44344116],
        ...,
        [-0.77586154, -0.77586154, -0.6614699 , ...,  0.        ,
         -0.10656883, -0.26030944],
        [-0.70420864, -0.70420864, -0.57777943, ...,  0.10656883,
          0.        , -0.15593217],
        [-0.58488383, -0.58488383, -0.44344116, ...,  0.26030944,
          0.15593217,  0.        ]],

       [[ 0.        , -0.16524208, -0.25546562, ..., -0.98830189,
         -0.99601553, -0.99658417],
        [ 0.16524208,  0.        , -0.09219471, ..., -0.99991685,
         -0.99705962, -0.99653039],
        [ 0.25546562,  0.09219471,  0.        , ..., -0.99446932,
         -0.98574829, -0.98461283],
        ...,
        [ 0.98830189,  0.99991685,  0.99446932, ...,  0.        ,
          0.06376589,  0.07037216],
        [ 0.99601553,  0.99705962,  0.98574829, ..., -0.06376589,
          0.        ,  0.00662114],
        [ 0.99658417,  0.99653039,  0.98461283, ..., -0.07037216,
         -0.00662114,  0.        ]],

       [[ 0.        ,  0.07569303,  0.16545331, ..., -0.80851104,
         -0.8502388 , -0.9190337 ],
        [-0.07569303,  0.        ,  0.09032885, ..., -0.76164765,
         -0.80795501, -0.88656054],
        [-0.16545331, -0.09032885,  0.        , ..., -0.70000171,
         -0.75142634, -0.84114901],
        ...,
        [ 0.80851104,  0.76164765,  0.70000171, ...,  0.        ,
          0.07475146,  0.22213582],
        [ 0.8502388 ,  0.80795501,  0.75142634, ..., -0.07475146,
          0.        ,  0.14863047],
        [ 0.9190337 ,  0.88656054,  0.84114901, ..., -0.22213582,
         -0.14863047,  0.        ]]]), 'num': array([ 8.12281053e-01,  5.83264498e-01,  1.21172780e-05,  4.58033109e-04,
        4.69665696e-04,  4.56579035e-04,  5.30542900e-04, -7.75505793e-06,
        4.75191174e-04,  4.62989075e-04,  4.73846157e-04,  1.30148542e-06,
        4.95827561e-04,  4.30150590e-04])}
{'img': array([[[ 0.        , -0.11641579, -0.11641579, ..., -0.55987588,
         -0.8394265 , -0.94613292],
        [ 0.11641579,  0.        ,  0.        , ..., -0.45960966,
         -0.77045001, -0.90200683],
        [ 0.11641579,  0.        ,  0.        , ..., -0.45960966,
         -0.77045001, -0.90200683],
        ...,
        [ 0.55987588,  0.45960966,  0.45960966, ...,  0.        ,
         -0.3912515 , -0.60266773],
        [ 0.8394265 ,  0.77045001,  0.77045001, ...,  0.3912515 ,
          0.        , -0.24240969],
        [ 0.94613292,  0.90200683,  0.90200683, ...,  0.60266773,
          0.24240969,  0.        ]],

       [[ 0.        ,  0.10641126,  0.02578671, ...,  0.12971488,
          0.23956265,  0.16333192],
        [-0.10641126,  0.        , -0.08073558, ...,  0.02346616,
          0.1348898 ,  0.05742227],
        [-0.02578671,  0.08073558,  0.        , ...,  0.1041029 ,
          0.21444716,  0.13783718],
        ...,
        [-0.12971488, -0.02346616, -0.1041029 , ...,  0.        ,
          0.11160096,  0.03397902],
        [-0.23956265, -0.1348898 , -0.21444716, ..., -0.11160096,
          0.        , -0.07776976],
        [-0.16333192, -0.05742227, -0.13783718, ..., -0.03397902,
          0.07776976,  0.        ]],

       [[ 0.        ,  0.00846249,  0.03413826, ..., -0.2906811 ,
         -0.39549435, -0.62551871],
        [-0.00846249,  0.        ,  0.02567947, ..., -0.29876778,
         -0.40325272, -0.63209883],
        [-0.03413826, -0.02567947,  0.        , ..., -0.32317584,
         -0.42661873, -0.65178909],
        ...,
        [ 0.2906811 ,  0.29876778,  0.32317584, ...,  0.        ,
         -0.11143549, -0.37171675],
        [ 0.39549435,  0.40325272,  0.42661873, ...,  0.11143549,
          0.        , -0.26595086],
        [ 0.62551871,  0.63209883,  0.65178909, ...,  0.37171675,
          0.26595086,  0.        ]],

       ...,

       [[ 0.        ,  0.16455072, -0.01929164, ...,  0.70420864,
          0.58488383,  0.4976837 ],
        [-0.16455072,  0.        , -0.18354876, ...,  0.57777943,
          0.44344116,  0.34817511],
        [ 0.01929164,  0.18354876,  0.        , ...,  0.71777452,
          0.60042276,  0.51432385],
        ...,
        [-0.70420864, -0.57777943, -0.71777452, ...,  0.        ,
         -0.15593217, -0.25744943],
        [-0.58488383, -0.44344116, -0.60042276, ...,  0.15593217,
          0.        , -0.10362427],
        [-0.4976837 , -0.34817511, -0.51432385, ...,  0.25744943,
          0.10362427,  0.        ]],

       [[ 0.        , -0.19686507, -0.19381035, ..., -0.99655986,
         -0.99708998, -0.99647224],
        [ 0.19686507,  0.        ,  0.00311471, ..., -0.99337318,
         -0.99258527, -0.99349338],
        [ 0.19381035, -0.00311471,  0.        , ..., -0.99372635,
         -0.99295905, -0.99384329],
        ...,
        [ 0.99655986,  0.99337318,  0.99372635, ...,  0.        ,
          0.00666345, -0.00105055],
        [ 0.99708998,  0.99258527,  0.99295905, ..., -0.00666345,
          0.        , -0.00771397],
        [ 0.99647224,  0.99349338,  0.99384329, ...,  0.00105055,
          0.00771397,  0.        ]],

       [[ 0.        ,  0.09032885,  0.01774956, ..., -0.80795501,
         -0.88656054, -0.92951988],
        [-0.09032885,  0.        , -0.07263762, ..., -0.75142634,
         -0.84114901, -0.89240925],
        [-0.01774956,  0.07263762,  0.        , ..., -0.79736891,
         -0.87820971, -0.92282791],
        ...,
        [ 0.80795501,  0.75142634,  0.79736891, ...,  0.        ,
          0.14863047,  0.24976299],
        [ 0.88656054,  0.84114901,  0.87820971, ..., -0.14863047,
          0.        ,  0.10306889],
        [ 0.92951988,  0.89240925,  0.92282791, ..., -0.24976299,
         -0.10306889,  0.        ]]]), 'num': array([ 7.74429564e-01,  6.32658804e-01,  7.59757557e-06,  4.32227927e-04,
        4.41029997e-04,  4.30374860e-04,  3.55256148e-04, -5.55920164e-06,
        4.46589198e-04,  4.42906227e-04,  4.52132958e-04,  1.08395436e-06,
        4.73588308e-04,  4.12224147e-04])}
{'img': array([[[ 0.        ,  0.        ,  0.07677192, ..., -0.77045001,
         -0.90200683, -0.97391417],
        [ 0.        ,  0.        ,  0.07677192, ..., -0.77045001,
         -0.90200683, -0.97391417],
        [-0.07677192, -0.07677192,  0.        , ..., -0.8171183 ,
         -0.93248883, -0.98846067],
        ...,
        [ 0.77045001,  0.77045001,  0.8171183 , ...,  0.        ,
         -0.24240969, -0.44604271],
        [ 0.90200683,  0.90200683,  0.93248883, ...,  0.24240969,
          0.        , -0.21577953],
        [ 0.97391417,  0.97391417,  0.98846067, ...,  0.44604271,
          0.21577953,  0.        ]],

       [[ 0.        , -0.08073558,  0.09267629, ...,  0.1348898 ,
          0.05742227, -0.0173168 ],
        [ 0.08073558,  0.        ,  0.17276186, ...,  0.21444716,
          0.13783718,  0.0634632 ],
        [-0.09267629, -0.17276186,  0.        , ...,  0.04247999,
         -0.03534823, -0.10990466],
        ...,
        [-0.1348898 , -0.21444716, -0.04247999, ...,  0.        ,
         -0.07776976, -0.15202811],
        [-0.05742227, -0.13783718,  0.03534823, ...,  0.07776976,
          0.        , -0.07470189],
        [ 0.0173168 , -0.0634632 ,  0.10990466, ...,  0.15202811,
          0.07470189,  0.        ]],

       [[ 0.        ,  0.02567947,  0.04305126, ..., -0.40325272,
         -0.63209883, -0.79663133],
        [-0.02567947,  0.        ,  0.0173814 , ..., -0.42661873,
         -0.65178909, -0.81189098],
        [-0.04305126, -0.0173814 ,  0.        , ..., -0.44227457,
         -0.66487268, -0.82191574],
        ...,
        [ 0.40325272,  0.42661873,  0.44227457, ...,  0.        ,
         -0.26595086, -0.48523594],
        [ 0.63209883,  0.65178909,  0.66487268, ...,  0.26595086,
          0.        , -0.23521795],
        [ 0.79663133,  0.81189098,  0.82191574, ...,  0.48523594,
          0.23521795,  0.        ]],

       ...,

       [[ 0.        , -0.18354876,  0.23405185, ...,  0.44344116,
          0.34817511,  0.13329193],
        [ 0.18354876,  0.        ,  0.40852599, ...,  0.60042276,
          0.51432385,  0.3129383 ],
        [-0.23405185, -0.40852599,  0.        , ...,  0.2213427 ,
          0.11909712, -0.10237374],
        ...,
        [-0.44344116, -0.60042276, -0.2213427 , ...,  0.        ,
         -0.10362427, -0.32001424],
        [-0.34817511, -0.51432385, -0.11909712, ...,  0.10362427,
          0.        , -0.22011649],
        [-0.13329193, -0.3129383 ,  0.10237374, ...,  0.32001424,
          0.22011649,  0.        ]],

       [[ 0.        ,  0.03504446, -0.51623122, ..., -0.99947544,
         -0.99919312, -0.99876922],
        [-0.03504446,  0.        , -0.54592793, ..., -0.99772657,
         -0.99717186, -0.99641757],
        [ 0.51623122,  0.54592793,  0.        , ..., -0.87271864,
         -0.87649185, -0.88099961],
        ...,
        [ 0.99947544,  0.99772657,  0.87271864, ...,  0.        ,
         -0.00778258, -0.01722669],
        [ 0.99919312,  0.99717186,  0.87649185, ...,  0.00778258,
          0.        , -0.00944474],
        [ 0.99876922,  0.99641757,  0.88099961, ...,  0.01722669,
          0.00944474,  0.        ]],

       [[ 0.        , -0.07263762,  0.03774244, ..., -0.84114901,
         -0.89240925, -0.91839583],
        [ 0.07263762,  0.        ,  0.11022861, ..., -0.87820971,
         -0.92282791, -0.9447098 ],
        [-0.03774244, -0.11022861,  0.        , ..., -0.82013845,
         -0.874743  , -0.90280819],
        ...,
        [ 0.84114901,  0.87820971,  0.82013845, ...,  0.        ,
          0.10306889,  0.16386018],
        [ 0.89240925,  0.92282791,  0.874743  , ..., -0.10306889,
          0.        ,  0.06131172],
        [ 0.91839583,  0.9447098 ,  0.90280819, ..., -0.16386018,
         -0.06131172,  0.        ]]]), 'num': array([ 7.73911817e-01,  6.33292038e-01,  7.60518005e-06,  4.28718839e-04,
        4.37065988e-04,  4.25472726e-04,  3.83992033e-04, -3.94170917e-06,
        4.40914951e-04,  4.43569808e-04,  4.51808753e-04,  1.03589986e-06,
        4.73792613e-04,  4.13347003e-04])}
{'img': array([[[ 0.        ,  0.07677192,  0.28525407, ..., -0.90200683,
         -0.97391417, -0.99942533],
        [-0.07677192,  0.        ,  0.21082999, ..., -0.93248883,
         -0.98846067, -0.99907805],
        [-0.28525407, -0.21082999,  0.        , ..., -0.98768058,
         -0.99817884, -0.96757044],
        ...,
        [ 0.90200683,  0.93248883,  0.98768058, ...,  0.        ,
         -0.21577953, -0.40089821],
        [ 0.97391417,  0.98846067,  0.99817884, ...,  0.21577953,
          0.        , -0.19377339],
        [ 0.99942533,  0.99907805,  0.96757044, ...,  0.40089821,
          0.19377339,  0.        ]],

       [[ 0.        ,  0.17276186,  0.10860945, ...,  0.13783718,
          0.0634632 ,  0.07893711],
        [-0.17276186,  0.        , -0.06476353, ..., -0.03534823,
         -0.10990466, -0.09447259],
        [-0.10860945,  0.06476353,  0.        , ...,  0.02944904,
         -0.04530273, -0.02980038],
        ...,
        [-0.13783718,  0.03534823, -0.02944904, ...,  0.        ,
         -0.07470189, -0.05922342],
        [-0.0634632 ,  0.10990466,  0.04530273, ...,  0.07470189,
          0.        ,  0.01551282],
        [-0.07893711,  0.09447259,  0.02980038, ...,  0.05922342,
         -0.01551282,  0.        ]],

       [[ 0.        ,  0.0173814 ,  0.05280905, ..., -0.65178909,
         -0.81189098, -0.91409307],
        [-0.0173814 ,  0.        ,  0.03544393, ..., -0.66487268,
         -0.82191574, -0.92100321],
        [-0.05280905, -0.03544393,  0.        , ..., -0.69093   ,
         -0.84158849, -0.93423187],
        ...,
        [ 0.65178909,  0.66487268,  0.69093   , ...,  0.        ,
         -0.23521795, -0.42894505],
        [ 0.81189098,  0.82191574,  0.84158849, ...,  0.23521795,
          0.        , -0.20443042],
        [ 0.91409307,  0.92100321,  0.93423187, ...,  0.42894505,
          0.20443042,  0.        ]],

       ...,

       [[ 0.        ,  0.40852599, -0.04138654, ...,  0.51432385,
          0.3129383 ,  0.24764656],
        [-0.40852599,  0.        , -0.4459514 , ...,  0.11909712,
         -0.10237374, -0.169762  ],
        [ 0.04138654,  0.4459514 ,  0.        , ...,  0.54937612,
          0.35197802,  0.28753175],
        ...,
        [-0.51432385, -0.11909712, -0.54937612, ...,  0.        ,
         -0.22011649, -0.28592218],
        [-0.3129383 ,  0.10237374, -0.35197802, ...,  0.22011649,
          0.        , -0.06798228],
        [-0.24764656,  0.169762  , -0.28753175, ...,  0.28592218,
          0.06798228,  0.        ]],

       [[ 0.        , -0.54592793, -0.67199876, ..., -0.99717186,
         -0.99641757, -0.99571909],
        [ 0.54592793,  0.        , -0.158734  , ..., -0.87649185,
         -0.88099961, -0.88470613],
        [ 0.67199876,  0.158734  ,  0.        , ..., -0.78896195,
         -0.79473001, -0.79949556],
        ...,
        [ 0.99717186,  0.87649185,  0.78896195, ...,  0.        ,
         -0.00944474, -0.01733634],
        [ 0.99641757,  0.88099961,  0.79473001, ...,  0.00944474,
          0.        , -0.00789225],
        [ 0.99571909,  0.88470613,  0.79949556, ...,  0.01733634,
          0.00789225,  0.        ]],

       [[ 0.        ,  0.11022861,  0.19609697, ..., -0.92282791,
         -0.9447098 , -0.95632804],
        [-0.11022861,  0.        ,  0.08681354, ..., -0.874743  ,
         -0.90280819, -0.9182811 ],
        [-0.19609697, -0.08681354,  0.        , ..., -0.82937175,
         -0.86206611, -0.8804422 ],
        ...,
        [ 0.92282791,  0.874743  ,  0.82937175, ...,  0.        ,
          0.06131172,  0.09865103],
        [ 0.9447098 ,  0.90280819,  0.86206611, ..., -0.06131172,
          0.        ,  0.03745278],
        [ 0.95632804,  0.9182811 ,  0.8804422 , ..., -0.09865103,
         -0.03745278,  0.        ]]]), 'num': array([ 7.43138813e-01,  6.69136200e-01,  4.00880893e-06,  4.11125627e-04,
        4.16916129e-04,  4.06448683e-04,  1.84449753e-04, -6.68134822e-07,
        4.17495179e-04,  4.26192067e-04,  4.33214907e-04,  1.02823630e-06,
        4.54919370e-04,  3.97464765e-04])}
{'img': array([[[ 0.        ,  0.21082999,  0.12274761, ..., -0.98846067,
         -0.99907805, -0.99643414],
        [-0.21082999,  0.        , -0.0892471 , ..., -0.99817884,
         -0.96757044, -0.95624842],
        [-0.12274761,  0.0892471 ,  0.        , ..., -0.99957938,
         -0.9862533 , -0.97854229],
        ...,
        [ 0.98846067,  0.99817884,  0.99957938, ...,  0.        ,
         -0.19377339, -0.23433819],
        [ 0.99907805,  0.96757044,  0.9862533 , ...,  0.19377339,
          0.        , -0.04151882],
        [ 0.99643414,  0.95624842,  0.97854229, ...,  0.23433819,
          0.04151882,  0.        ]],

       [[ 0.        , -0.06476353, -0.13771422, ..., -0.10990466,
         -0.09447259, -0.22888525],
        [ 0.06476353,  0.        , -0.07327865, ..., -0.04530273,
         -0.02980038, -0.16536046],
        [ 0.13771422,  0.07327865,  0.        , ...,  0.02802248,
          0.04352584, -0.09264606],
        ...,
        [ 0.10990466,  0.04530273, -0.02802248, ...,  0.        ,
          0.01551282, -0.12051163],
        [ 0.09447259,  0.02980038, -0.04352584, ..., -0.01551282,
          0.        , -0.13589689],
        [ 0.22888525,  0.16536046,  0.09264606, ...,  0.12051163,
          0.13589689,  0.        ]],

       [[ 0.        ,  0.03544393,  0.05352533, ..., -0.82191574,
         -0.92100321, -0.98747469],
        [-0.03544393,  0.        ,  0.01809858, ..., -0.84158849,
         -0.93423187, -0.99244648],
        [-0.05352533, -0.01809858,  0.        , ..., -0.85122604,
         -0.940534  , -0.99450423],
        ...,
        [ 0.82191574,  0.84158849,  0.85122604, ...,  0.        ,
         -0.20443042, -0.43279476],
        [ 0.92100321,  0.93423187,  0.940534  , ...,  0.20443042,
          0.        , -0.23936213],
        [ 0.98747469,  0.99244648,  0.99450423, ...,  0.43279476,
          0.23936213,  0.        ]],

       ...,

       [[ 0.        , -0.4459514 , -0.55135925, ..., -0.10237374,
         -0.169762  , -0.12234316],
        [ 0.4459514 ,  0.        , -0.1214551 , ...,  0.35197802,
          0.28753175,  0.33309722],
        [ 0.55135925,  0.1214551 ,  0.        , ...,  0.46305528,
          0.40172932,  0.44515038],
        ...,
        [ 0.10237374, -0.35197802, -0.46305528, ...,  0.        ,
         -0.06798228, -0.02009568],
        [ 0.169762  , -0.28753175, -0.40172932, ...,  0.06798228,
          0.        ,  0.04791937],
        [ 0.12234316, -0.33309722, -0.44515038, ...,  0.02009568,
         -0.04791937,  0.        ]],

       [[ 0.        , -0.44779494, -0.58683451, ..., -0.99999281,
         -0.99992376, -0.99983942],
        [ 0.44779494,  0.        , -0.16212737, ..., -0.89582848,
         -0.89959763, -0.90201733],
        [ 0.58683451,  0.16212737,  0.        , ..., -0.81192713,
         -0.8168916 , -0.82009313],
        ...,
        [ 0.99999281,  0.89582848,  0.81192713, ...,  0.        ,
         -0.00855522, -0.01412747],
        [ 0.99992376,  0.89959763,  0.8168916 , ...,  0.00855522,
          0.        , -0.00557259],
        [ 0.99983942,  0.90201733,  0.82009313, ...,  0.01412747,
          0.00557259,  0.        ]],

       [[ 0.        ,  0.08681354,  0.14957389, ..., -0.90280819,
         -0.9182811 , -0.92716546],
        [-0.08681354,  0.        ,  0.06317225, ..., -0.86206611,
         -0.8804422 , -0.89114015],
        [-0.14957389, -0.06317225,  0.        , ..., -0.82832882,
         -0.8487303 , -0.86069719],
        ...,
        [ 0.90280819,  0.86206611,  0.82832882, ...,  0.        ,
          0.03745278,  0.06048245],
        [ 0.9182811 ,  0.8804422 ,  0.8487303 , ..., -0.03745278,
          0.        ,  0.0230558 ],
        [ 0.92716546,  0.89114015,  0.86069719, ..., -0.06048245,
         -0.0230558 ,  0.        ]]]), 'num': array([7.83992635e-01, 6.20768824e-01, 8.83245730e-06, 4.34105880e-04,
       4.37864372e-04, 4.29877576e-04, 2.08502370e-04, 4.69811558e-07,
       4.36877768e-04, 4.49233812e-04, 4.56104806e-04, 1.05139280e-06,
       4.80008585e-04, 4.18459039e-04])}
{'img': array([[[ 0.00000000e+00, -8.92470995e-02,  7.13164538e-01, ...,
         -9.67570440e-01, -9.56248415e-01, -9.64072720e-01],
        [ 8.92470995e-02,  0.00000000e+00,  7.72880586e-01, ...,
         -9.86253303e-01, -9.78542288e-01, -9.83933065e-01],
        [-7.13164538e-01, -7.72880586e-01,  0.00000000e+00, ...,
         -4.98117337e-01, -4.61686452e-01, -4.86367845e-01],
        ...,
        [ 9.67570440e-01,  9.86253303e-01,  4.98117337e-01, ...,
          0.00000000e+00, -4.15188206e-02, -1.34978479e-02],
        [ 9.56248415e-01,  9.78542288e-01,  4.61686452e-01, ...,
          4.15188206e-02,  0.00000000e+00,  2.80288293e-02],
        [ 9.64072720e-01,  9.83933065e-01,  4.86367845e-01, ...,
          1.34978479e-02, -2.80288293e-02,  0.00000000e+00]],

       [[ 0.00000000e+00, -7.32786472e-02,  3.17050489e-01, ...,
         -2.98003835e-02, -1.65360461e-01, -1.51468129e-01],
        [ 7.32786472e-02,  0.00000000e+00,  3.85696205e-01, ...,
          4.35258366e-02, -9.26460558e-02, -7.86277392e-02],
        [-3.17050489e-01, -3.85696205e-01,  0.00000000e+00, ...,
         -3.45172620e-01, -4.69515011e-01, -4.57046091e-01],
        ...,
        [ 2.98003835e-02, -4.35258366e-02,  3.45172620e-01, ...,
          0.00000000e+00, -1.35896892e-01, -1.21944307e-01],
        [ 1.65360461e-01,  9.26460558e-02,  4.69515011e-01, ...,
          1.35896892e-01,  0.00000000e+00,  1.40696583e-02],
        [ 1.51468129e-01,  7.86277392e-02,  4.57046091e-01, ...,
          1.21944307e-01, -1.40696583e-02,  0.00000000e+00]],

       [[ 0.00000000e+00,  1.80985799e-02,  1.73704401e-01, ...,
         -9.34231872e-01, -9.92446482e-01, -9.99301140e-01],
        [-1.80985799e-02,  0.00000000e+00,  1.55852508e-01, ...,
         -9.40534004e-01, -9.94504231e-01, -9.98460945e-01],
        [-1.73704401e-01, -1.55852508e-01,  0.00000000e+00, ...,
         -9.81984024e-01, -9.98668921e-01, -9.77616608e-01],
        ...,
        [ 9.34231872e-01,  9.40534004e-01,  9.81984024e-01, ...,
          0.00000000e+00, -2.39362125e-01, -3.91338158e-01],
        [ 9.92446482e-01,  9.94504231e-01,  9.98668921e-01, ...,
          2.39362125e-01,  0.00000000e+00, -1.59689835e-01],
        [ 9.99301140e-01,  9.98460945e-01,  9.77616608e-01, ...,
          3.91338158e-01,  1.59689835e-01,  0.00000000e+00]],

       ...,

       [[ 0.00000000e+00, -1.21455102e-01,  5.72083364e-01, ...,
          2.87531751e-01,  3.33097223e-01,  2.90036584e-01],
        [ 1.21455102e-01,  0.00000000e+00,  6.67465114e-01, ...,
          4.01729320e-01,  4.45150383e-01,  4.04123845e-01],
        [-5.72083364e-01, -6.67465114e-01,  0.00000000e+00, ...,
         -3.12092673e-01, -2.66208269e-01, -3.09605985e-01],
        ...,
        [-2.87531751e-01, -4.01729320e-01,  3.12092673e-01, ...,
          0.00000000e+00,  4.79193676e-02,  2.61630058e-03],
        [-3.33097223e-01, -4.45150383e-01,  2.66208269e-01, ...,
         -4.79193676e-02,  0.00000000e+00, -4.53059086e-02],
        [-2.90036584e-01, -4.04123845e-01,  3.09605985e-01, ...,
         -2.61630058e-03,  4.53059086e-02,  0.00000000e+00]],

       [[ 0.00000000e+00, -3.16705516e-01, -4.20899071e-01, ...,
         -9.87459079e-01, -9.88368227e-01, -9.87443689e-01],
        [ 3.16705516e-01,  0.00000000e+00, -1.11946893e-01, ...,
         -8.86628616e-01, -8.89326407e-01, -8.86583543e-01],
        [ 4.20899071e-01,  1.11946893e-01,  0.00000000e+00, ...,
         -8.29282003e-01, -8.32545986e-01, -8.29227541e-01],
        ...,
        [ 9.87459079e-01,  8.86628616e-01,  8.29282003e-01, ...,
          0.00000000e+00, -5.86627451e-03,  9.74511976e-05],
        [ 9.88368227e-01,  8.89326407e-01,  8.32545986e-01, ...,
          5.86627451e-03,  0.00000000e+00,  5.96372400e-03],
        [ 9.87443689e-01,  8.86583543e-01,  8.29227541e-01, ...,
         -9.74511976e-05, -5.96372400e-03,  0.00000000e+00]],

       [[ 0.00000000e+00,  6.31722497e-02,  1.70142372e-01, ...,
         -8.80442200e-01, -8.91140147e-01, -8.72824762e-01],
        [-6.31722497e-02,  0.00000000e+00,  1.07551370e-01, ...,
         -8.48730296e-01, -8.60697190e-01, -8.40251226e-01],
        [-1.70142372e-01, -1.07551370e-01,  0.00000000e+00, ...,
         -7.86931305e-01, -8.00948485e-01, -7.77063313e-01],
        ...,
        [ 8.80442200e-01,  8.48730296e-01,  7.86931305e-01, ...,
          0.00000000e+00,  2.30557963e-02, -1.58325960e-02],
        [ 8.91140147e-01,  8.60697190e-01,  8.00948485e-01, ...,
         -2.30557963e-02,  0.00000000e+00, -3.88812937e-02],
        [ 8.72824762e-01,  8.40251226e-01,  7.77063313e-01, ...,
          1.58325960e-02,  3.88812937e-02,  0.00000000e+00]]]), 'num': array([ 7.53186801e-01,  6.57805396e-01,  5.16972387e-06,  4.16512688e-04,
        4.19898970e-04,  4.12900654e-04,  5.07107019e-04, -6.77256403e-07,
        4.17822050e-04,  4.31649368e-04,  4.37428623e-04,  1.09187307e-06,
        4.61378267e-04,  4.01920469e-04])}
{'img': array([[[ 0.        ,  0.77288059,  0.58499961, ..., -0.97854229,
         -0.98393306, -0.97543048],
        [-0.77288059,  0.        , -0.25561972, ..., -0.46168645,
         -0.48636784, -0.44868952],
        [-0.58499961,  0.25561972,  0.        , ..., -0.67309377,
         -0.69355824, -0.66222709],
        ...,
        [ 0.97854229,  0.46168645,  0.67309377, ...,  0.        ,
          0.02802883, -0.01459653],
        [ 0.98393306,  0.48636784,  0.69355824, ..., -0.02802883,
          0.        , -0.04261664],
        [ 0.97543048,  0.44868952,  0.66222709, ...,  0.01459653,
          0.04261664,  0.        ]],

       [[ 0.        ,  0.3856962 ,  0.12094198, ..., -0.09264606,
         -0.07862774,  0.10832333],
        [-0.3856962 ,  0.        , -0.27128084, ..., -0.46951501,
         -0.45704609, -0.28348475],
        [-0.12094198,  0.27128084,  0.        , ..., -0.21238781,
         -0.19861812, -0.01270213],
        ...,
        [ 0.09264606,  0.46951501,  0.21238781, ...,  0.        ,
          0.01406966,  0.19995834],
        [ 0.07862774,  0.45704609,  0.19861812, ..., -0.01406966,
          0.        ,  0.18615304],
        [-0.10832333,  0.28348475,  0.01270213, ..., -0.19995834,
         -0.18615304,  0.        ]],

       [[ 0.        ,  0.15585251,  0.32778026, ..., -0.99450423,
         -0.99846095, -0.98506659],
        [-0.15585251,  0.        ,  0.17653262, ..., -0.99866892,
         -0.97761661, -0.9461957 ],
        [-0.32778026, -0.17653262,  0.        , ..., -0.97387925,
         -0.92512148, -0.87421043],
        ...,
        [ 0.99450423,  0.99866892,  0.97387925, ...,  0.        ,
         -0.15968984, -0.27436046],
        [ 0.99846095,  0.97761661,  0.92512148, ...,  0.15968984,
          0.        , -0.11727761],
        [ 0.98506659,  0.9461957 ,  0.87421043, ...,  0.27436046,
          0.11727761,  0.        ]],

       ...,

       [[ 0.        ,  0.66746511,  0.69788003, ...,  0.44515038,
          0.40412384,  0.50698484],
        [-0.66746511,  0.        ,  0.04162182, ..., -0.26620827,
         -0.30960598, -0.19780314],
        [-0.69788003, -0.04162182,  0.        , ..., -0.3060975 ,
         -0.34891442, -0.23843118],
        ...,
        [-0.44515038,  0.26620827,  0.3060975 , ...,  0.        ,
         -0.04530591,  0.07028294],
        [-0.40412384,  0.30960598,  0.34891442, ...,  0.04530591,
          0.        ,  0.11540465],
        [-0.50698484,  0.19780314,  0.23843118, ..., -0.07028294,
         -0.11540465,  0.        ]],

       [[ 0.        , -0.11194689, -0.05864467, ..., -0.88932641,
         -0.88658354, -0.8854013 ],
        [ 0.11194689,  0.        ,  0.05347819, ..., -0.83254599,
         -0.82922754, -0.82779985],
        [ 0.05864467, -0.05347819,  0.        , ..., -0.86097919,
         -0.85793049, -0.8566178 ],
        ...,
        [ 0.88932641,  0.83254599,  0.86097919, ...,  0.        ,
          0.00596372,  0.00851326],
        [ 0.88658354,  0.82922754,  0.85793049, ..., -0.00596372,
          0.        ,  0.0025496 ],
        [ 0.8854013 ,  0.82779985,  0.8566178 , ..., -0.00851326,
         -0.0025496 ,  0.        ]],

       [[ 0.        ,  0.10755137,  0.07660432, ..., -0.86069719,
         -0.84025123, -0.83333004],
        [-0.10755137,  0.        , -0.03107536, ..., -0.80094849,
         -0.77706331, -0.76904454],
        [-0.07660432,  0.03107536,  0.        , ..., -0.81916752,
         -0.79624756, -0.78853634],
        ...,
        [ 0.86069719,  0.80094849,  0.81916752, ...,  0.        ,
         -0.03888129, -0.05150988],
        [ 0.84025123,  0.77706331,  0.79624756, ...,  0.03888129,
          0.        , -0.01264125],
        [ 0.83333004,  0.76904454,  0.78853634, ...,  0.05150988,
          0.01264125,  0.        ]]]), 'num': array([7.36569557e-01, 6.76360738e-01, 3.24400964e-06, 4.09583802e-04,
