state_0,state_1,state_2,state_3,state_4,state_5,state_6,state_7,state_8,state_9,state_10,state_11,state_12,state_13,state_14,state_15,state_16,state_17,state_18,state_19,state_20,state_21,state_22,state_23,state_24,state_25,state_26,state_27,state_28,state_29,state_30,state_31,state_32,state_33,state_34,state_35,state_36,state_37,state_38,state_39,state_40,state_41,state_42,state_43,state_44,state_45,state_46,state_47,state_48,state_49,state_50,state_51,state_52,state_53,state_54,state_55,state_56,state_57,state_58,state_59,state_60,state_61,state_62,state_63,state_64,state_65,state_66,state_67,state_68,state_69,state_70,state_71,state_72,state_73,state_74,state_75,state_76,state_77,state_78,state_79,state_80,state_81,state_82,state_83,state_84,state_85,state_86,state_87,state_88,state_89,state_90,state_91,state_92,state_93,state_94,state_95,state_96,state_97,state_98,state_99,state_100,state_101,state_102,state_103,state_104,state_105,state_106,state_107,state_108,state_109,state_110,state_111,state_112,state_113,state_114,state_115,state_116,state_117,state_118,state_119,state_120,state_121,state_122,state_123,state_124,state_125,state_126,state_127,state_128,state_129,state_130,state_131,state_132,state_133,state_134,state_135,state_136,state_137,state_138,state_139,state_140,state_141,state_142,state_143,state_144,state_145,state_146,state_147,state_148,state_149,state_150,state_151,state_152,state_153,state_154,state_155,state_156,state_157,state_158,state_159,state_160,state_161,state_162,state_163,state_164,state_165,state_166,state_167,state_168,state_169,state_170,state_171,state_172,state_173,state_174,state_175,state_176,state_177,state_178,state_179,state_180,state_181,state_182,state_183,state_184,state_185,state_186,state_187,state_188,state_189,state_190,state_191,state_192,state_193,state_194,state_195,state_196,state_197,state_198,state_199,state_200,state_201,state_202,state_203,state_204,state_205,state_206,state_207,state_208,state_209,state_210,state_211,state_212,state_213,state_214,state_215,state_216,state_217,state_218,state_219,state_220,state_221,state_222,state_223,state_224,state_225,state_226,state_227,state_228,state_229,state_230,state_231,state_232,state_233,state_234,state_235,state_236,state_237,state_238,state_239,state_240,state_241,state_242,state_243,state_244,state_245,state_246,state_247,state_248,state_249,state_250,state_251,state_252,state_253,state_254,state_255,state_256,state_257,state_258,state_259,state_260,state_261,state_262,state_263,state_264,state_265,state_266,state_267,state_268,state_269,state_270,state_271,state_272,state_273,state_274,state_275,state_276,state_277,state_278,state_279,state_280,state_281,state_282,state_283,state_284,state_285,state_286,state_287
{'img': array([[[ 0.        , -0.04111724,  0.65369902, ..., -0.73679776,
         -0.51545837, -0.80693869],
        [ 0.04111724,  0.        ,  0.68426187, ..., -0.70837476,
         -0.47978849, -0.78197099],
        [-0.65369902, -0.68426187,  0.        , ..., -0.99954966,
         -0.95023976, -0.99675226],
        ...,
        [ 0.73679776,  0.70837476,  0.99954966, ...,  0.        ,
          0.28286457, -0.11040319],
        [ 0.51545837,  0.47978849,  0.95023976, ..., -0.28286457,
          0.        , -0.3870297 ],
        [ 0.80693869,  0.78197099,  0.99675226, ...,  0.11040319,
          0.3870297 ,  0.        ]],

       [[ 0.        , -0.48680559,  0.64116942, ...,  0.13313817,
         -0.04055884,  0.14874207],
        [ 0.48680559,  0.        ,  0.18649382, ...,  0.59876936,
          0.45097645,  0.61131811],
        [-0.64116942, -0.18649382,  0.        , ..., -0.73763154,
         -0.609517  , -0.74818163],
        ...,
        [-0.13313817, -0.59876936,  0.73763154, ...,  0.        ,
         -0.17322638,  0.01576075],
        [ 0.04055884, -0.45097645,  0.609517  , ...,  0.17322638,
          0.        ,  0.18872734],
        [-0.14874207, -0.61131811,  0.74818163, ..., -0.01576075,
         -0.18872734,  0.        ]],

       [[ 0.        ,  0.01047106,  0.16746762, ..., -0.90352794,
         -0.84010352, -0.84010352],
        [-0.01047106,  0.        ,  0.15713526, ..., -0.90796556,
         -0.84573724, -0.84573724],
        [-0.16746762, -0.15713526,  0.        , ..., -0.9625327 ,
         -0.91907804, -0.91907804],
        ...,
        [ 0.90352794,  0.90796556,  0.9625327 , ...,  0.        ,
          0.13008825,  0.13008825],
        [ 0.84010352,  0.84573724,  0.91907804, ..., -0.13008825,
          0.        ,  0.        ],
        [ 0.84010352,  0.84573724,  0.91907804, ..., -0.13008825,
          0.        ,  0.        ]],

       ...,

       [[ 0.        ,  0.42036419,  0.96419574, ...,  0.40631244,
          0.35307836, -0.14910949],
        [-0.42036419,  0.        ,  0.76339122, ..., -0.01543133,
         -0.07292254, -0.55096012],
        [-0.96419574, -0.76339122,  0.        , ..., -0.77326798,
         -0.8084621 , -0.99295928],
        ...,
        [-0.40631244,  0.01543133,  0.77326798, ...,  0.        ,
         -0.05752361, -0.53801659],
        [-0.35307836,  0.07292254,  0.8084621 , ...,  0.05752361,
          0.        , -0.48863709],
        [ 0.14910949,  0.55096012,  0.99295928, ...,  0.53801659,
          0.48863709,  0.        ]],

       [[ 0.        , -0.00169649,  0.07282521, ..., -0.96242044,
         -0.96903021, -0.96903021],
        [ 0.00169649,  0.        ,  0.07451709, ..., -0.96287976,
         -0.96944775, -0.96944775],
        [-0.07282521, -0.07451709,  0.        , ..., -0.94008826,
         -0.94847354, -0.94847354],
        ...,
        [ 0.96242044,  0.96287976,  0.94008826, ...,  0.        ,
          0.02549128,  0.02549128],
        [ 0.96903021,  0.96944775,  0.94847354, ..., -0.02549128,
          0.        ,  0.        ],
        [ 0.96903021,  0.96944775,  0.94847354, ..., -0.02549128,
          0.        ,  0.        ]],

       [[ 0.        ,  0.6705389 ,  0.9104448 , ...,  0.93858381,
          0.97473849,  0.97473849],
        [-0.6705389 ,  0.        ,  0.39808026, ...,  0.46494093,
          0.57336917,  0.57336917],
        [-0.9104448 , -0.39808026,  0.        , ...,  0.07407679,
          0.19983453,  0.19983453],
        ...,
        [-0.93858381, -0.46494093, -0.07407679, ...,  0.        ,
          0.12670286,  0.12670286],
        [-0.97473849, -0.57336917, -0.19983453, ..., -0.12670286,
          0.        ,  0.        ],
        [-0.97473849, -0.57336917, -0.19983453, ..., -0.12670286,
          0.        ,  0.        ]]]), 'num': array([7.07079515e-01, 7.07079515e-01, 0.00000000e+00, 1.85309486e-04,
       1.86590427e-04, 1.84882506e-04, 8.76589873e-03, 0.00000000e+00,
       1.86163447e-04, 1.87038757e-04, 1.90511531e-04, 3.29939387e-07,
       1.90373307e-04, 1.83704207e-04])}
{'img': array([[[ 0.        ,  0.68426187,  0.7764887 , ..., -0.47978849,
         -0.78197099, -0.78197099],
        [-0.68426187,  0.        ,  0.13506907, ..., -0.95023976,
         -0.99675226, -0.99675226],
        [-0.7764887 , -0.13506907,  0.        , ..., -0.98360859,
         -0.97674122, -0.97674122],
        ...,
        [ 0.47978849,  0.95023976,  0.98360859, ...,  0.        ,
         -0.3870297 , -0.3870297 ],
        [ 0.78197099,  0.99675226,  0.97674122, ...,  0.3870297 ,
          0.        ,  0.        ],
        [ 0.78197099,  0.99675226,  0.97674122, ...,  0.3870297 ,
          0.        ,  0.        ]],

       [[ 0.        ,  0.18649382,  0.75318081, ...,  0.45097645,
          0.61131811,  0.40587619],
        [-0.18649382,  0.        , -0.86264527, ..., -0.609517  ,
         -0.74818163, -0.56919749],
        [-0.75318081,  0.86264527,  0.        , ..., -0.37558245,
         -0.19392263, -0.42136222],
        ...,
        [-0.45097645,  0.609517  ,  0.37558245, ...,  0.        ,
          0.18872734, -0.04990099],
        [-0.61131811,  0.74818163,  0.19392263, ..., -0.18872734,
          0.        , -0.23749646],
        [-0.40587619,  0.56919749,  0.42136222, ...,  0.04990099,
          0.23749646,  0.        ]],

       [[ 0.        ,  0.15713526,  0.3773556 , ..., -0.84573724,
         -0.84573724, -0.8872441 ],
        [-0.15713526,  0.        ,  0.22714974, ..., -0.91907804,
         -0.91907804, -0.94870848],
        [-0.3773556 , -0.22714974,  0.        , ..., -0.98456736,
         -0.98456736, -0.99572298],
        ...,
        [ 0.84573724,  0.91907804,  0.98456736, ...,  0.        ,
          0.        , -0.08329429],
        [ 0.84573724,  0.91907804,  0.98456736, ...,  0.        ,
          0.        , -0.08329429],
        [ 0.8872441 ,  0.94870848,  0.99572298, ...,  0.08329429,
          0.08329429,  0.        ]],

       ...,

       [[ 0.        ,  0.76339122,  0.35884546, ..., -0.07292254,
         -0.55096012, -0.72964098],
        [-0.76339122,  0.        , -0.48075572, ..., -0.8084621 ,
         -0.99295928, -0.99333181],
        [-0.35884546,  0.48075572,  0.        , ..., -0.42595575,
         -0.81373239, -0.92643413],
        ...,
        [ 0.07292254,  0.8084621 ,  0.42595575, ...,  0.        ,
         -0.48863709, -0.67783174],
        [ 0.55096012,  0.99295928,  0.81373239, ...,  0.48863709,
          0.        , -0.23214514],
        [ 0.72964098,  0.99333181,  0.92643413, ...,  0.67783174,
          0.23214514,  0.        ]],

       [[ 0.        ,  0.07451709,  0.1522578 , ..., -0.96944775,
         -0.96944775, -0.97633414],
        [-0.07451709,  0.        ,  0.0781862 , ..., -0.94847354,
         -0.94847354, -0.95750405],
        [-0.1522578 , -0.0781862 ,  0.        , ..., -0.92079625,
         -0.92079625, -0.93202247],
        ...,
        [ 0.96944775,  0.94847354,  0.92079625, ...,  0.        ,
          0.        ,  0.02983267],
        [ 0.96944775,  0.94847354,  0.92079625, ...,  0.        ,
          0.        ,  0.02983267],
        [ 0.97633414,  0.95750405,  0.93202247, ..., -0.02983267,
         -0.02983267,  0.        ]],

       [[ 0.        ,  0.48540199,  0.76393665, ...,  0.66786348,
          0.66786348,  0.63055687],
        [-0.48540199,  0.        ,  0.35467734, ...,  0.22263024,
          0.22263024,  0.17454886],
        [-0.76393665, -0.35467734,  0.        , ..., -0.13761921,
         -0.13761921, -0.18603129],
        ...,
        [-0.66786348, -0.22263024,  0.13761921, ...,  0.        ,
          0.        , -0.04904434],
        [-0.66786348, -0.22263024,  0.13761921, ...,  0.        ,
          0.        , -0.04904434],
        [-0.63055687, -0.17454886,  0.18603129, ...,  0.04904434,
          0.04904434,  0.        ]]]), 'num': array([ 9.99938341e-01,  5.61313901e-04,  4.63748029e-05,  2.62097299e-04,
        2.63313528e-04,  2.61489185e-04,  1.10650061e-02, -1.82434315e-06,
        2.64773003e-04,  2.66171666e-04,  2.71097392e-04,  4.39912533e-07,
        2.71275481e-04,  2.61067851e-04])}
{'img': array([[[ 0.        ,  0.13506907,  0.65560728, ..., -0.99675226,
         -0.99675226, -0.96206964],
        [-0.13506907,  0.        ,  0.54760848, ..., -0.97674122,
         -0.97674122, -0.91640603],
        [-0.65560728, -0.54760848,  0.        , ..., -0.69985421,
         -0.69985421, -0.54760848],
        ...,
        [ 0.99675226,  0.97674122,  0.69985421, ...,  0.        ,
          0.        , -0.19444338],
        [ 0.99675226,  0.97674122,  0.69985421, ...,  0.        ,
          0.        , -0.19444338],
        [ 0.96206964,  0.91640603,  0.54760848, ...,  0.19444338,
          0.19444338,  0.        ]],

       [[ 0.        , -0.86264527, -0.88223358, ..., -0.74818163,
         -0.56919749, -0.49820653],
        [ 0.86264527,  0.        ,  0.04009831, ..., -0.19392263,
         -0.42136222, -0.49596628],
        [ 0.88223358, -0.04009831,  0.        , ..., -0.23310378,
         -0.45738819, -0.53038642],
        ...,
        [ 0.74818163,  0.19392263,  0.23310378, ...,  0.        ,
         -0.23749646, -0.31816014],
        [ 0.56919749,  0.42136222,  0.45738819, ...,  0.23749646,
          0.        , -0.08390164],
        [ 0.49820653,  0.49596628,  0.53038642, ...,  0.31816014,
          0.08390164,  0.        ]],

       [[ 0.        ,  0.22714974,  0.52305419, ..., -0.91907804,
         -0.94870848, -0.9691092 ],
        [-0.22714974,  0.        ,  0.31578188, ..., -0.98456736,
         -0.99572298, -0.99979894],
        [-0.52305419, -0.31578188,  0.        , ..., -0.98945257,
         -0.97394843, -0.95497313],
        ...,
        [ 0.91907804,  0.98456736,  0.98945257, ...,  0.        ,
         -0.08329429, -0.15522821],
        [ 0.94870848,  0.99572298,  0.97394843, ...,  0.08329429,
          0.        , -0.07240414],
        [ 0.9691092 ,  0.99979894,  0.95497313, ...,  0.15522821,
          0.07240414,  0.        ]],

       ...,

       [[ 0.        , -0.48075572, -0.22208213, ..., -0.99295928,
         -0.99333181, -0.95813914],
        [ 0.48075572,  0.        ,  0.27401654, ..., -0.81373239,
         -0.92643413, -0.97779048],
        [ 0.22208213, -0.27401654,  0.        , ..., -0.94185606,
         -0.99413026, -0.99779522],
        ...,
        [ 0.99295928,  0.81373239,  0.94185606, ...,  0.        ,
         -0.23214514, -0.39778472],
        [ 0.99333181,  0.92643413,  0.99413026, ...,  0.23214514,
          0.        , -0.17392947],
        [ 0.95813914,  0.97779048,  0.99779522, ...,  0.39778472,
          0.17392947,  0.        ]],

       [[ 0.        ,  0.0781862 ,  0.05593017, ..., -0.94847354,
         -0.95750405, -0.98325763],
        [-0.0781862 ,  0.        , -0.02230486, ..., -0.92079625,
         -0.93202247, -0.9660005 ],
        [-0.05593017,  0.02230486,  0.        , ..., -0.92926705,
         -0.93987389, -0.97152688],
        ...,
        [ 0.94847354,  0.92079625,  0.92926705, ...,  0.        ,
          0.02983267,  0.13871978],
        [ 0.95750405,  0.93202247,  0.93987389, ..., -0.02983267,
          0.        ,  0.1091138 ],
        [ 0.98325763,  0.9660005 ,  0.97152688, ..., -0.13871978,
         -0.1091138 ,  0.        ]],

       [[ 0.        ,  0.35467734,  0.8554836 , ...,  0.22263024,
          0.17454886,  0.06368665],
        [-0.35467734,  0.        ,  0.61620501, ..., -0.13761921,
         -0.18603129, -0.29441102],
        [-0.8554836 , -0.61620501,  0.        , ..., -0.71872889,
         -0.75196403, -0.82076806],
        ...,
        [-0.22263024,  0.13761921,  0.71872889, ...,  0.        ,
         -0.04904434, -0.16008999],
        [-0.17454886,  0.18603129,  0.75196403, ...,  0.04904434,
          0.        , -0.11148555],
        [-0.06368665,  0.29441102,  0.82076806, ...,  0.16008999,
          0.11148555,  0.        ]]]), 'num': array([ 9.99923628e-01,  2.99871279e-04,  4.64941282e-05,  2.62093276e-04,
        2.65140873e-04,  2.60264719e-04,  1.23321957e-02, -6.09519248e-07,
        2.64653257e-04,  2.66634195e-04,  2.71317334e-04,  3.79256421e-07,
        2.72105967e-04,  2.61162423e-04])}
{'img': array([[[ 0.        ,  0.54760848,  0.54760848, ..., -0.97674122,
         -0.91640603, -0.88175467],
        [-0.54760848,  0.        ,  0.        , ..., -0.69985421,
         -0.54760848, -0.47948327],
        [-0.54760848,  0.        ,  0.        , ..., -0.69985421,
         -0.54760848, -0.47948327],
        ...,
        [ 0.97674122,  0.69985421,  0.69985421, ...,  0.        ,
         -0.19444338, -0.27166973],
        [ 0.91640603,  0.54760848,  0.54760848, ...,  0.19444338,
          0.        , -0.0793541 ],
        [ 0.88175467,  0.47948327,  0.47948327, ...,  0.27166973,
          0.0793541 ,  0.        ]],

       [[ 0.        ,  0.07112337, -0.53242458, ..., -0.64191994,
         -0.73270935, -0.65348817],
        [-0.07112337,  0.        , -0.59128056, ..., -0.69482967,
         -0.7792562 , -0.70566912],
        [ 0.53242458,  0.59128056,  0.        , ..., -0.13512266,
         -0.25788481, -0.15015128],
        ...,
        [ 0.64191994,  0.69482967,  0.13512266, ...,  0.        ,
         -0.12496749, -0.01518344],
        [ 0.73270935,  0.7792562 ,  0.25788481, ...,  0.12496749,
          0.        ,  0.10988867],
        [ 0.65348817,  0.70566912,  0.15015128, ...,  0.01518344,
         -0.10988867,  0.        ]],

       [[ 0.        ,  0.31578188,  0.62248265, ..., -0.99572298,
         -0.99979894, -0.98253699],
        [-0.31578188,  0.        ,  0.34348984, ..., -0.97394843,
         -0.95497313, -0.87350565],
        [-0.62248265, -0.34348984,  0.        , ..., -0.83679685,
         -0.79495833, -0.65314276],
        ...,
        [ 0.99572298,  0.97394843,  0.83679685, ...,  0.        ,
         -0.07240414, -0.27604721],
        [ 0.99979894,  0.95497313,  0.79495833, ...,  0.07240414,
          0.        , -0.20573188],
        [ 0.98253699,  0.87350565,  0.65314276, ...,  0.27604721,
          0.20573188,  0.        ]],

       ...,

       [[ 0.        ,  0.27206995,  0.76092406, ..., -0.91964744,
         -0.97238576, -0.88515285],
        [-0.27206995,  0.        ,  0.55568996, ..., -0.99181011,
         -0.99920043, -0.7251684 ],
        [-0.76092406, -0.55568996,  0.        , ..., -0.89555399,
         -0.80850768, -0.22026516],
        ...,
        [ 0.91964744,  0.99181011,  0.89555399, ...,  0.        ,
         -0.16727284, -0.77555159],
        [ 0.97238576,  0.99920043,  0.80850768, ...,  0.16727284,
          0.        , -0.65902787],
        [ 0.88515285,  0.7251684 ,  0.22026516, ...,  0.77555159,
          0.65902787,  0.        ]],

       [[ 0.        , -0.02230486,  0.15992548, ..., -0.93202247,
         -0.9660005 , -0.98426044],
        [ 0.02230486,  0.        ,  0.18190347, ..., -0.93987389,
         -0.97152688, -0.98795737],
        [-0.15992548, -0.18190347,  0.        , ..., -0.86206942,
         -0.91222003, -0.94332943],
        ...,
        [ 0.93202247,  0.93987389,  0.86206942, ...,  0.        ,
          0.1091138 ,  0.19198568],
        [ 0.9660005 ,  0.97152688,  0.91222003, ..., -0.1091138 ,
          0.        ,  0.08375535],
        [ 0.98426044,  0.98795737,  0.94332943, ..., -0.19198568,
         -0.08375535,  0.        ]],

       [[ 0.        ,  0.61620501,  0.49489946, ..., -0.18603129,
         -0.29441102, -0.39352119],
        [-0.61620501,  0.        , -0.1456757 , ..., -0.75196403,
         -0.82076806, -0.87641855],
        [-0.49489946,  0.1456757 ,  0.        , ..., -0.64791235,
         -0.7287935 , -0.79691911],
        ...,
        [ 0.18603129,  0.75196403,  0.64791235, ...,  0.        ,
         -0.11148555, -0.21563036],
        [ 0.29441102,  0.82076806,  0.7287935 , ...,  0.11148555,
          0.        , -0.10542327],
        [ 0.39352119,  0.87641855,  0.79691911, ...,  0.21563036,
          0.10542327,  0.        ]]]), 'num': array([ 9.99949167e-01,  3.02693851e-04,  4.69317593e-05,  2.62099232e-04,
        2.63945002e-04,  2.61483976e-04,  1.00499551e-02, -2.46102566e-06,
        2.65175515e-04,  2.68928579e-04,  2.73399442e-04,  4.00632084e-07,
        2.75153320e-04,  2.62703838e-04])}
{'img': array([[[ 0.        ,  0.        , -0.8       , ..., -0.6       ,
         -0.5425864 , -0.        ],
        [ 0.        ,  0.        , -0.8       , ..., -0.6       ,
         -0.5425864 , -0.        ],
        [ 0.8       ,  0.8       ,  0.        , ..., -1.        ,
         -0.99755184, -0.8       ],
        ...,
        [ 0.6       ,  0.6       ,  1.        , ...,  0.        ,
         -0.06993088, -0.6       ],
        [ 0.5425864 ,  0.5425864 ,  0.99755184, ...,  0.06993088,
          0.        , -0.5425864 ],
        [ 0.        ,  0.        ,  0.8       , ...,  0.6       ,
          0.5425864 ,  0.        ]],

       [[ 0.        , -0.59128056, -0.22083306, ..., -0.7792562 ,
         -0.70566912, -0.84516751],
        [ 0.59128056,  0.        ,  0.39858845, ..., -0.25788481,
         -0.15015128, -0.36555844],
        [ 0.22083306, -0.39858845,  0.        , ..., -0.62162033,
         -0.53177789, -0.70626608],
        ...,
        [ 0.7792562 ,  0.25788481,  0.62162033, ...,  0.        ,
          0.10988867, -0.11315749],
        [ 0.70566912,  0.15015128,  0.53177789, ..., -0.10988867,
          0.        , -0.22165505],
        [ 0.84516751,  0.36555844,  0.70626608, ...,  0.11315749,
          0.22165505,  0.        ]],

       [[ 0.        ,  0.33061505,  0.73501691, ..., -0.99699099,
         -0.98405347, -0.73501691],
        [-0.33061505,  0.        ,  0.46951061, ..., -0.91529746,
         -0.86990845, -0.46951061],
        [-0.73501691, -0.46951061,  0.        , ..., -0.61903189,
         -0.53649667, -0.        ],
        ...,
        [ 0.99699099,  0.91529746,  0.61903189, ...,  0.        ,
         -0.10105636, -0.61903189],
        [ 0.98405347,  0.86990845,  0.53649667, ...,  0.10105636,
          0.        , -0.53649667],
        [ 0.73501691,  0.46951061,  0.        , ...,  0.61903189,
          0.53649667,  0.        ]],

       ...,

       [[ 0.        ,  0.55568996, -0.29375761, ..., -0.99920043,
         -0.7251684 , -0.92840766],
        [-0.55568996,  0.        , -0.77539991, ..., -0.80850768,
         -0.22026516, -0.56539453],
        [ 0.29375761,  0.77539991,  0.        , ..., -0.96686044,
         -0.89544706, -0.99659578],
        ...,
        [ 0.99920043,  0.80850768,  0.96686044, ...,  0.        ,
         -0.65902787, -0.33414724],
        [ 0.7251684 ,  0.22026516,  0.89544706, ...,  0.65902787,
          0.        ,  0.36982921],
        [ 0.92840766,  0.56539453,  0.99659578, ...,  0.33414724,
         -0.36982921,  0.        ]],

       [[ 0.        ,  0.18190347,  0.21284737, ..., -0.97152688,
         -0.98795737, -0.99971665],
        [-0.18190347,  0.        ,  0.03156107, ..., -0.91222003,
         -0.94332943, -0.97870776],
        [-0.21284737, -0.03156107,  0.        , ..., -0.898835  ,
         -0.9323857 , -0.97174201],
        ...,
        [ 0.97152688,  0.91222003,  0.898835  , ...,  0.        ,
          0.08375535,  0.21373613],
        [ 0.98795737,  0.94332943,  0.9323857 , ..., -0.08375535,
          0.        ,  0.13116526],
        [ 0.99971665,  0.97870776,  0.97174201, ..., -0.21373613,
         -0.13116526,  0.        ]],

       [[ 0.        , -0.1456757 , -0.15774778, ..., -0.82076806,
         -0.87641855, -0.95783425],
        [ 0.1456757 ,  0.        , -0.01221323, ..., -0.7287935 ,
         -0.79691911, -0.90576071],
        [ 0.15774778,  0.01221323,  0.        , ..., -0.72037634,
         -0.78948183, -0.90051732],
        ...,
        [ 0.82076806,  0.7287935 ,  0.72037634, ...,  0.        ,
         -0.10542327, -0.31134972],
        [ 0.87641855,  0.79691911,  0.78948183, ...,  0.10542327,
          0.        , -0.20943146],
        [ 0.95783425,  0.90576071,  0.90051732, ...,  0.31134972,
          0.20943146,  0.        ]]]), 'num': array([ 9.99841626e-01,  3.08452071e-04,  4.78245538e-05,  2.62069526e-04,
        2.66458251e-04,  2.62069526e-04,  1.77776180e-02, -5.01568472e-06,
        2.68213740e-04,  2.73354817e-04,  2.77994325e-04,  3.81628185e-07,
        2.81500481e-04,  2.65209154e-04])}
