state_0,state_1,state_2,state_3,state_4,state_5,state_6,state_7,state_8,state_9,state_10,state_11,state_12,state_13,state_14,state_15,state_16,state_17,state_18,state_19,state_20,state_21,state_22,state_23,state_24,state_25,state_26,state_27,state_28,state_29,state_30,state_31,state_32,state_33,state_34,state_35,state_36,state_37,state_38,state_39,state_40,state_41,state_42,state_43,state_44,state_45,state_46,state_47,state_48,state_49,state_50,state_51,state_52,state_53,state_54,state_55,state_56,state_57,state_58,state_59,state_60,state_61,state_62,state_63,state_64,state_65,state_66,state_67,state_68,state_69,state_70,state_71,state_72,state_73,state_74,state_75,state_76,state_77,state_78,state_79,state_80,state_81,state_82,state_83,state_84,state_85,state_86,state_87,state_88,state_89,state_90,state_91,state_92,state_93,state_94,state_95,state_96,state_97,state_98,state_99,state_100,state_101,state_102,state_103,state_104,state_105,state_106,state_107,state_108,state_109,state_110,state_111,state_112,state_113,state_114,state_115,state_116,state_117,state_118,state_119,state_120,state_121,state_122,state_123,state_124,state_125,state_126,state_127,state_128,state_129,state_130,state_131,state_132,state_133,state_134,state_135,state_136,state_137,state_138,state_139,state_140,state_141,state_142,state_143,state_144,state_145,state_146,state_147,state_148,state_149,state_150,state_151,state_152,state_153,state_154,state_155,state_156,state_157,state_158,state_159,state_160,state_161,state_162,state_163,state_164,state_165,state_166,state_167,state_168,state_169,state_170,state_171,state_172,state_173,state_174,state_175,state_176,state_177,state_178,state_179,state_180,state_181,state_182,state_183,state_184,state_185,state_186,state_187,state_188,state_189,state_190,state_191,state_192,state_193,state_194,state_195,state_196,state_197,state_198,state_199,state_200,state_201,state_202,state_203,state_204,state_205,state_206,state_207,state_208,state_209,state_210,state_211,state_212,state_213,state_214,state_215,state_216,state_217,state_218,state_219,state_220,state_221,state_222,state_223,state_224,state_225,state_226,state_227,state_228,state_229,state_230,state_231,state_232,state_233,state_234,state_235,state_236,state_237,state_238,state_239,state_240,state_241,state_242,state_243,state_244,state_245,state_246,state_247,state_248,state_249,state_250,state_251,state_252,state_253,state_254,state_255,state_256,state_257,state_258,state_259,state_260,state_261,state_262,state_263,state_264,state_265,state_266,state_267,state_268,state_269,state_270,state_271,state_272,state_273,state_274,state_275,state_276,state_277,state_278,state_279,state_280,state_281,state_282,state_283,state_284,state_285,state_286,state_287
{'img': array([[[ 0.        , -0.01234521,  0.20003865, ...,  0.14957008,
          0.27636235, -0.03698218],
        [ 0.01234521,  0.        ,  0.2121191 , ...,  0.16176503,
          0.2882057 , -0.0246426 ],
        [-0.20003865, -0.2121191 ,  0.        , ..., -0.05124147,
          0.07852866, -0.23613651],
        ...,
        [-0.14957008, -0.16176503,  0.05124147, ...,  0.        ,
          0.12950873, -0.18603394],
        [-0.27636235, -0.2882057 , -0.07852866, ..., -0.12950873,
          0.        , -0.31171515],
        [ 0.03698218,  0.0246426 ,  0.23613651, ...,  0.18603394,
          0.31171515,  0.        ]],

       [[ 0.        ,  0.66118656, -0.5169171 , ..., -0.74260955,
         -0.88995183, -0.97357466],
        [-0.66118656,  0.        , -0.95380148, ..., -0.99993458,
         -0.96919815, -0.88139115],
        [ 0.5169171 ,  0.95380148,  0.        , ..., -0.289508  ,
         -0.52608794, -0.71536661],
        ...,
        [ 0.74260955,  0.99993458,  0.289508  , ...,  0.        ,
         -0.25735219, -0.48243794],
        [ 0.88995183,  0.96919815,  0.52608794, ...,  0.25735219,
          0.        , -0.24076577],
        [ 0.97357466,  0.88139115,  0.71536661, ...,  0.48243794,
          0.24076577,  0.        ]],

       [[ 0.        , -0.28750549, -0.35327716, ..., -0.81955722,
         -0.67470066, -0.57221037],
        [ 0.28750549,  0.        , -0.06939468, ..., -0.6202148 ,
         -0.43400877, -0.31226584],
        [ 0.35327716,  0.06939468,  0.        , ..., -0.56428423,
         -0.37044423, -0.24558847],
        ...,
        [ 0.81955722,  0.6202148 ,  0.56428423, ...,  0.        ,
          0.2183065 ,  0.34424949],
        [ 0.67470066,  0.43400877,  0.37044423, ..., -0.2183065 ,
          0.        ,  0.13098306],
        [ 0.57221037,  0.31226584,  0.24558847, ..., -0.34424949,
         -0.13098306,  0.        ]],

       ...,

       [[ 0.        , -0.00258157,  0.19264993, ...,  0.98348792,
          0.98576022,  0.93068041],
        [ 0.00258157,  0.        ,  0.1951825 , ...,  0.98395184,
          0.98619104,  0.93162173],
        [-0.19264993, -0.1951825 ,  0.        , ...,  0.9302002 ,
          0.93489907,  0.84276873],
        ...,
        [-0.98348792, -0.98395184, -0.9302002 , ...,  0.        ,
          0.01301633, -0.19136385],
        [-0.98576022, -0.98619104, -0.93489907, ..., -0.01301633,
          0.        , -0.20412342],
        [-0.93068041, -0.93162173, -0.84276873, ...,  0.19136385,
          0.20412342,  0.        ]],

       [[ 0.        , -0.36293934, -0.44377764, ..., -0.30825454,
         -0.50237666, -0.55798131],
        [ 0.36293934,  0.        , -0.08827432, ..., -0.63250113,
         -0.78193608, -0.82112059],
        [ 0.44377764,  0.08827432,  0.        , ..., -0.69840568,
         -0.83391012, -0.86829809],
        ...,
        [ 0.30825454,  0.63250113,  0.69840568, ...,  0.        ,
          0.21138094,  0.27500369],
        [ 0.50237666,  0.78193608,  0.83391012, ..., -0.21138094,
          0.        ,  0.06555887],
        [ 0.55798131,  0.82112059,  0.86829809, ..., -0.27500369,
         -0.06555887,  0.        ]],

       [[ 0.        , -0.2910054 , -0.49135254, ..., -0.96888822,
         -0.77448721, -0.88962303],
        [ 0.2910054 ,  0.        , -0.21663321, ..., -0.99897957,
         -0.92505548, -0.98402228],
        [ 0.49135254,  0.21663321,  0.        , ..., -0.96547277,
         -0.98537248, -0.99922531],
        ...,
        [ 0.96888822,  0.99897957,  0.96547277, ...,  0.        ,
         -0.42122397, -0.22230642],
        [ 0.77448721,  0.92505548,  0.98537248, ...,  0.42122397,
          0.        ,  0.20906134],
        [ 0.88962303,  0.98402228,  0.99922531, ...,  0.22230642,
         -0.20906134,  0.        ]]]), 'num': array([7.06901807e-01, 7.06901807e-01, 0.00000000e+00, 8.63235861e-03,
       8.73917069e-03, 8.48670576e-03, 1.71608182e-03, 3.88407586e-05,
       8.62847453e-03, 8.26094385e-03, 8.59950580e-03, 1.10527561e-06,
       8.84277385e-03, 7.67911386e-03])}
{'img': array([[[ 0.        ,  0.2121191 ,  0.40371685, ...,  0.2882057 ,
         -0.0246426 ,  0.02470645],
        [-0.2121191 ,  0.        ,  0.20046543, ...,  0.07852866,
         -0.23613651, -0.18791012],
        [-0.40371685, -0.20046543,  0.        , ..., -0.12291177,
         -0.42613937, -0.38099008],
        ...,
        [-0.2882057 , -0.07852866,  0.12291177, ...,  0.        ,
         -0.31171515, -0.2644596 ],
        [ 0.0246426 ,  0.23613651,  0.42613937, ...,  0.31171515,
          0.        ,  0.04933402],
        [-0.02470645,  0.18791012,  0.38099008, ...,  0.2644596 ,
         -0.04933402,  0.        ]],

       [[ 0.        , -0.95380148, -0.99385448, ..., -0.96919815,
         -0.88139115, -0.93748592],
        [ 0.95380148,  0.        , -0.40417186, ..., -0.52608794,
         -0.71536661, -0.61360104],
        [ 0.99385448,  0.40417186,  0.        , ..., -0.13748379,
         -0.37191892, -0.24210984],
        ...,
        [ 0.96919815,  0.52608794,  0.13748379, ...,  0.        ,
         -0.24076577, -0.10641728],
        [ 0.88139115,  0.71536661,  0.37191892, ...,  0.24076577,
          0.        ,  0.13611176],
        [ 0.93748592,  0.61360104,  0.24210984, ...,  0.10641728,
         -0.13611176,  0.        ]],

       [[ 0.        , -0.06939468, -0.0953579 , ..., -0.43400877,
         -0.31226584, -0.25818896],
        [ 0.06939468,  0.        , -0.02604956, ..., -0.37044423,
         -0.24558847, -0.19052472],
        [ 0.0953579 ,  0.02604956,  0.        , ..., -0.34612226,
         -0.22025335, -0.16488767],
        ...,
        [ 0.43400877,  0.37044423,  0.34612226, ...,  0.        ,
          0.13098306,  0.18668879],
        [ 0.31226584,  0.24558847,  0.22025335, ..., -0.13098306,
          0.        ,  0.05640013],
        [ 0.25818896,  0.19052472,  0.16488767, ..., -0.18668879,
         -0.05640013,  0.        ]],

       ...,

       [[ 0.        ,  0.1951825 ,  0.1441857 , ...,  0.98619104,
          0.93162173,  0.96860354],
        [-0.1951825 ,  0.        , -0.0517304 , ...,  0.93489907,
          0.84276873,  0.90144991],
        [-0.1441857 ,  0.0517304 ,  0.        , ...,  0.95200715,
          0.86948556,  0.92263618],
        ...,
        [-0.98619104, -0.93489907, -0.95200715, ...,  0.        ,
         -0.20412342, -0.08476542],
        [-0.93162173, -0.84276873, -0.86948556, ...,  0.20412342,
          0.        ,  0.12040807],
        [-0.96860354, -0.90144991, -0.92263618, ...,  0.08476542,
         -0.12040807,  0.        ]],

       [[ 0.        , -0.26926932, -0.42807939, ..., -0.51051072,
         -0.566811  , -0.61794862],
        [ 0.26926932,  0.        , -0.16891848, ..., -0.72319195,
         -0.76771274, -0.80682915],
        [ 0.42807939,  0.16891848,  0.        , ..., -0.82946275,
         -0.86492271, -0.89502951],
        ...,
        [ 0.51051072,  0.72319195,  0.82946275, ...,  0.        ,
          0.06680141,  0.12998337],
        [ 0.566811  ,  0.76771274,  0.86492271, ..., -0.06680141,
          0.        ,  0.06345835],
        [ 0.61794862,  0.80682915,  0.89502951, ..., -0.12998337,
         -0.06345835,  0.        ]],

       [[ 0.        , -0.21663321, -0.34348829, ..., -0.92505548,
         -0.98402228, -0.98323706],
        [ 0.21663321,  0.        , -0.13187891, ..., -0.98537248,
         -0.99922531, -0.99938732],
        [ 0.34348829,  0.13187891,  0.        , ..., -0.99924014,
         -0.98530787, -0.98604277],
        ...,
        [ 0.92505548,  0.98537248,  0.99924014, ...,  0.        ,
          0.20906134,  0.20479787],
        [ 0.98402228,  0.99922531,  0.98530787, ..., -0.20906134,
          0.        , -0.00435778],
        [ 0.98323706,  0.99938732,  0.98604277, ..., -0.20479787,
          0.00435778,  0.        ]]]), 'num': array([8.36933760e-01, 5.46548478e-01, 6.38911512e-07, 1.03709029e-02,
       1.05420399e-02, 1.01199020e-02, 3.39951124e-03, 2.28182683e-04,
       1.02522479e-02, 9.75709151e-03, 1.01083027e-02, 1.43616577e-06,
       1.04787262e-02, 9.03545679e-03])}
{'img': array([[[ 0.        ,  0.20046543, -0.36484861, ..., -0.23613651,
         -0.18791012,  0.0652958 ],
        [-0.20046543,  0.        , -0.54408919, ..., -0.42613937,
         -0.38099008, -0.13606728],
        [ 0.36484861,  0.54408919,  0.        , ...,  0.13467177,
          0.18339239,  0.42486476],
        ...,
        [ 0.23613651,  0.42613937, -0.13467177, ...,  0.        ,
          0.04933402,  0.29908181],
        [ 0.18791012,  0.38099008, -0.18339239, ..., -0.04933402,
          0.        ,  0.25164175],
        [-0.0652958 ,  0.13606728, -0.42486476, ..., -0.29908181,
         -0.25164175,  0.        ]],

       [[ 0.        , -0.40417186,  0.19776766, ..., -0.71536661,
         -0.61360104, -0.2808018 ],
        [ 0.40417186,  0.        ,  0.57708375, ..., -0.37191892,
         -0.24210984,  0.13106567],
        [-0.19776766, -0.57708375,  0.        , ..., -0.83942737,
         -0.75764231, -0.46506629],
        ...,
        [ 0.71536661,  0.37191892,  0.83942737, ...,  0.        ,
          0.13611176,  0.49037433],
        [ 0.61360104,  0.24210984,  0.75764231, ..., -0.13611176,
          0.        ,  0.36718763],
        [ 0.2808018 , -0.13106567,  0.46506629, ..., -0.49037433,
         -0.36718763,  0.        ]],

       [[ 0.        , -0.02604956, -0.09981158, ..., -0.24558847,
         -0.19052472, -0.03252967],
        [ 0.02604956,  0.        , -0.07385822, ..., -0.22025335,
         -0.16488767, -0.00648286],
        [ 0.09981158,  0.07385822,  0.        , ..., -0.14760732,
         -0.09159004,  0.06739152],
        ...,
        [ 0.24558847,  0.22025335,  0.14760732, ...,  0.        ,
          0.05640013,  0.21392507],
        [ 0.19052472,  0.16488767,  0.09159004, ..., -0.05640013,
          0.        ,  0.15849008],
        [ 0.03252967,  0.00648286, -0.06739152, ..., -0.21392507,
         -0.15849008,  0.        ]],

       ...,

       [[ 0.        , -0.0517304 ,  0.04034618, ...,  0.84276873,
          0.90144991,  0.97076348],
        [ 0.0517304 ,  0.        ,  0.09198044, ...,  0.86948556,
          0.92263618,  0.98188097],
        [-0.04034618, -0.09198044,  0.        , ...,  0.82036514,
          0.88325072,  0.96028843],
        ...,
        [-0.84276873, -0.86948556, -0.82036514, ...,  0.        ,
          0.12040807,  0.32024194],
        [-0.90144991, -0.92263618, -0.88325072, ..., -0.12040807,
          0.        ,  0.20384514],
        [-0.97076348, -0.98188097, -0.96028843, ..., -0.32024194,
         -0.20384514,  0.        ]],

       [[ 0.        , -0.34238419, -0.43369185, ..., -0.57159837,
         -0.6230322 , -0.69194574],
        [ 0.34238419,  0.        , -0.0989704 , ..., -0.8179887 ,
         -0.85318777, -0.89730866],
        [ 0.43369185,  0.0989704 ,  0.        , ..., -0.87090385,
         -0.90062229, -0.93658911],
        ...,
        [ 0.57159837,  0.8179887 ,  0.87090385, ...,  0.        ,
          0.06411676,  0.15509953],
        [ 0.6230322 ,  0.85318777,  0.90062229, ..., -0.06411676,
          0.        ,  0.09143952],
        [ 0.69194574,  0.89730866,  0.93658911, ..., -0.15509953,
         -0.09143952,  0.        ]],

       [[ 0.        , -0.13187891, -0.37075227, ..., -0.99922531,
         -0.99938732, -0.99334187],
        [ 0.13187891,  0.        , -0.24503391, ..., -0.98530787,
         -0.98604277, -0.96947289],
        [ 0.37075227,  0.24503391,  0.        , ..., -0.91342152,
         -0.91518653, -0.87983608],
        ...,
        [ 0.99922531,  0.98530787,  0.91342152, ...,  0.        ,
         -0.00435778,  0.07602208],
        [ 0.99938732,  0.98604277,  0.91518653, ...,  0.00435778,
          0.        ,  0.08036653],
        [ 0.99334187,  0.96947289,  0.87983608, ..., -0.07602208,
         -0.08036653,  0.        ]]]), 'num': array([ 7.51627600e-01,  6.59084360e-01,  2.05195655e-07,  9.25432403e-03,
        9.49029903e-03,  9.20302512e-03,  1.31413453e-03, -7.18184792e-05,
        9.22354468e-03,  8.81366636e-03,  9.08965452e-03,  1.28737401e-06,
        9.47833798e-03,  8.14899475e-03])}
{'img': array([[[ 0.        , -0.54408919, -0.77734445, ..., -0.38099008,
         -0.13606728, -0.22560489],
        [ 0.54408919,  0.        , -0.30994027, ...,  0.18339239,
          0.42486476,  0.34077328],
        [ 0.77734445,  0.30994027,  0.        , ...,  0.47904504,
          0.68451828,  0.6153812 ],
        ...,
        [ 0.38099008, -0.18339239, -0.47904504, ...,  0.        ,
          0.25164175,  0.16257816],
        [ 0.13606728, -0.42486476, -0.68451828, ..., -0.25164175,
          0.        , -0.09094736],
        [ 0.22560489, -0.34077328, -0.6153812 , ..., -0.16257816,
          0.09094736,  0.        ]],

       [[ 0.        ,  0.57708375,  0.19911919, ..., -0.24210984,
          0.13106567, -0.45157662],
        [-0.57708375,  0.        , -0.40291017, ..., -0.75764231,
         -0.46506629, -0.88368863],
        [-0.19911919,  0.40291017,  0.        , ..., -0.43045682,
         -0.06896041, -0.6201945 ],
        ...,
        [ 0.24210984,  0.75764231,  0.43045682, ...,  0.        ,
          0.36718763, -0.22212347],
        [-0.13106567,  0.46506629,  0.06896041, ..., -0.36718763,
          0.        , -0.56462221],
        [ 0.45157662,  0.88368863,  0.6201945 , ...,  0.22212347,
          0.56462221,  0.        ]],

       [[ 0.        , -0.07385822, -0.19575233, ..., -0.16488767,
         -0.00648286,  0.        ],
        [ 0.07385822,  0.        , -0.12278836, ..., -0.09159004,
          0.06739152,  0.07385822],
        [ 0.19575233,  0.12278836,  0.        , ...,  0.03137529,
          0.18939078,  0.19575233],
        ...,
        [ 0.16488767,  0.09159004, -0.03137529, ...,  0.        ,
          0.15849008,  0.16488767],
        [ 0.00648286, -0.06739152, -0.18939078, ..., -0.15849008,
          0.        ,  0.00648286],
        [ 0.        , -0.07385822, -0.19575233, ..., -0.16488767,
         -0.00648286,  0.        ]],

       ...,

       [[ 0.        ,  0.09198044,  0.0263794 , ...,  0.92263618,
          0.98188097,  0.98047462],
        [-0.09198044,  0.        , -0.06568086, ...,  0.88325072,
          0.96028843,  0.95823066],
        [-0.0263794 ,  0.06568086,  0.        , ...,  0.91214132,
          0.97654042,  0.97494603],
        ...,
        [-0.92263618, -0.88325072, -0.91214132, ...,  0.        ,
          0.20384514,  0.19670871],
        [-0.98188097, -0.96028843, -0.97654042, ..., -0.20384514,
          0.        , -0.00728397],
        [-0.98047462, -0.95823066, -0.97494603, ..., -0.19670871,
          0.00728397,  0.        ]],

       [[ 0.        , -0.27896412, -0.38030282, ..., -0.63145926,
         -0.70087412, -0.74208783],
        [ 0.27896412,  0.        , -0.10720206, ..., -0.8227026 ,
         -0.8720314 , -0.89961846],
        [ 0.38030282,  0.10720206,  0.        , ..., -0.87890294,
         -0.91947615, -0.94124684],
        ...,
        [ 0.63145926,  0.8227026 ,  0.87890294, ...,  0.        ,
          0.09305372,  0.1521528 ],
        [ 0.70087412,  0.8720314 ,  0.91947615, ..., -0.09305372,
          0.        ,  0.05952233],
        [ 0.74208783,  0.89961846,  0.94124684, ..., -0.1521528 ,
         -0.05952233,  0.        ]],

       [[ 0.        , -0.24503391, -0.53267529, ..., -0.98604277,
         -0.96947289, -0.93326027],
        [ 0.24503391,  0.        , -0.3090594 , ..., -0.91518653,
         -0.87983608, -0.81679298],
        [ 0.53267529,  0.3090594 ,  0.        , ..., -0.74582113,
         -0.68987281, -0.59849912],
        ...,
        [ 0.98604277,  0.91518653,  0.74582113, ...,  0.        ,
          0.08036653,  0.19880685],
        [ 0.96947289,  0.87983608,  0.68987281, ..., -0.08036653,
          0.        ,  0.11940147],
        [ 0.93326027,  0.81679298,  0.59849912, ..., -0.19880685,
         -0.11940147,  0.        ]]]), 'num': array([7.42862373e-01, 6.68957653e-01, 1.62071755e-07, 9.23809005e-03,
       9.30899644e-03, 9.17731314e-03, 1.20834623e-03, 1.01294847e-04,
       9.11045854e-03, 8.73668056e-03, 8.97303520e-03, 1.31874423e-06,
       9.42805777e-03, 8.04530334e-03])}
{'img': array([[[ 0.00000000e+00, -3.09940271e-01, -1.60469537e-01, ...,
          4.24864765e-01,  3.40773281e-01,  4.60750525e-01],
        [ 3.09940271e-01,  0.00000000e+00,  1.53356311e-01, ...,
          6.84518285e-01,  6.15381205e-01,  7.13142533e-01],
        [ 1.60469537e-01, -1.53356311e-01,  0.00000000e+00, ...,
          5.64624999e-01,  4.87221844e-01,  5.97201043e-01],
        ...,
        [-4.24864765e-01, -6.84518285e-01, -5.64624999e-01, ...,
          0.00000000e+00, -9.09473577e-02,  4.00174670e-02],
        [-3.40773281e-01, -6.15381205e-01, -4.87221844e-01, ...,
          9.09473577e-02,  0.00000000e+00,  1.30726130e-01],
        [-4.60750525e-01, -7.13142533e-01, -5.97201043e-01, ...,
         -4.00174670e-02, -1.30726130e-01,  0.00000000e+00]],

       [[ 0.00000000e+00, -4.02910165e-01, -2.91932226e-01, ...,
         -4.65066290e-01, -8.83688630e-01, -9.07964547e-01],
        [ 4.02910165e-01,  0.00000000e+00,  1.18171085e-01, ...,
         -6.89604103e-02, -6.20194505e-01, -6.62166753e-01],
        [ 2.91932226e-01, -1.18171085e-01,  0.00000000e+00, ...,
         -1.86366989e-01, -7.08548037e-01, -7.46079389e-01],
        ...,
        [ 4.65066290e-01,  6.89604103e-02,  1.86366989e-01, ...,
          0.00000000e+00, -5.64622207e-01, -6.08914464e-01],
        [ 8.83688630e-01,  6.20194505e-01,  7.08548037e-01, ...,
          5.64622207e-01,  0.00000000e+00, -5.46886379e-02],
        [ 9.07964547e-01,  6.62166753e-01,  7.46079389e-01, ...,
          6.08914464e-01,  5.46886379e-02,  0.00000000e+00]],

       [[ 0.00000000e+00, -1.22788363e-01, -2.02998833e-01, ...,
          6.73915208e-02,  7.38582236e-02,  8.03335322e-02],
        [ 1.22788363e-01,  0.00000000e+00, -8.12309322e-02, ...,
          1.89390778e-01,  1.95752327e-01,  2.02117155e-01],
        [ 2.02998833e-01,  8.12309322e-02,  0.00000000e+00, ...,
          2.68525698e-01,  2.74764813e-01,  2.81003655e-01],
        ...,
        [-6.73915208e-02, -1.89390778e-01, -2.68525698e-01, ...,
          0.00000000e+00,  6.48285704e-03,  1.29771886e-02],
        [-7.38582236e-02, -1.95752327e-01, -2.74764813e-01, ...,
         -6.48285704e-03,  0.00000000e+00,  6.49460471e-03],
        [-8.03335322e-02, -2.02117155e-01, -2.81003655e-01, ...,
         -1.29771886e-02, -6.49460471e-03,  0.00000000e+00]],

       ...,

       [[ 0.00000000e+00, -6.56808608e-02, -3.88180566e-03, ...,
          9.60288425e-01,  9.58230656e-01,  9.79730429e-01],
        [ 6.56808608e-02,  0.00000000e+00,  6.18069424e-02, ...,
          9.76540421e-01,  9.74946028e-01,  9.90772099e-01],
        [ 3.88180566e-03, -6.18069424e-02,  0.00000000e+00, ...,
          9.61364250e-01,  9.59333620e-01,  9.80500652e-01],
        ...,
        [-9.60288425e-01, -9.76540421e-01, -9.61364250e-01, ...,
          0.00000000e+00, -7.28396682e-03,  8.09883964e-02],
        [-9.58230656e-01, -9.74946028e-01, -9.59333620e-01, ...,
          7.28396682e-03,  0.00000000e+00,  8.82462872e-02],
        [-9.79730429e-01, -9.90772099e-01, -9.80500652e-01, ...,
         -8.09883964e-02, -8.82462872e-02,  0.00000000e+00]],

       [[ 0.00000000e+00, -2.66471469e-01, -5.05655744e-01, ...,
         -7.06734704e-01, -7.48064623e-01, -7.94503314e-01],
        [ 2.66471469e-01,  0.00000000e+00, -2.57478298e-01, ...,
         -8.69704039e-01, -8.97854071e-01, -9.27593719e-01],
        [ 5.05655744e-01,  2.57478298e-01,  0.00000000e+00, ...,
         -9.67465655e-01, -9.80948030e-01, -9.92510502e-01],
        ...,
        [ 7.06734704e-01,  8.69704039e-01,  9.67465655e-01, ...,
          0.00000000e+00,  6.02323131e-02,  1.32922556e-01],
        [ 7.48064623e-01,  8.97854071e-01,  9.80948030e-01, ...,
         -6.02323131e-02,  0.00000000e+00,  7.29833830e-02],
        [ 7.94503314e-01,  9.27593719e-01,  9.92510502e-01, ...,
         -1.32922556e-01, -7.29833830e-02,  0.00000000e+00]],

       [[ 0.00000000e+00, -3.09059396e-01, -4.96748675e-01, ...,
         -8.79836080e-01, -8.16792977e-01, -8.17298928e-01],
        [ 3.09059396e-01,  0.00000000e+00, -2.04198290e-01, ...,
         -6.89872813e-01, -5.98499122e-01, -5.99201890e-01],
        [ 4.96748675e-01,  2.04198290e-01,  0.00000000e+00, ...,
         -5.27511492e-01, -4.22300434e-01, -4.23095700e-01],
        ...,
        [ 8.79836080e-01,  6.89872813e-01,  5.27511492e-01, ...,
          0.00000000e+00,  1.19401472e-01,  1.18530188e-01],
        [ 8.16792977e-01,  5.98499122e-01,  4.22300434e-01, ...,
         -1.19401472e-01,  0.00000000e+00, -8.77515542e-04],
        [ 8.17298928e-01,  5.99201890e-01,  4.23095700e-01, ...,
         -1.18530188e-01,  8.77515542e-04,  0.00000000e+00]]]), 'num': array([ 7.24640518e-01,  6.88666757e-01,  7.90632109e-08,  8.99344025e-03,
        9.06262056e-03,  8.91437703e-03,  3.82379337e-03, -1.97658027e-05,
        8.93809600e-03,  8.55365113e-03,  8.76053320e-03,  1.25608488e-06,
        9.25544848e-03,  7.85185379e-03])}
{'img': array([[[ 0.00000000e+00,  1.53356311e-01,  4.57211729e-01, ...,
          6.15381205e-01,  7.13142533e-01,  6.94129568e-01],
        [-1.53356311e-01,  0.00000000e+00,  3.15414708e-01, ...,
          4.87221844e-01,  5.97201043e-01,  5.75525127e-01],
        [-4.57211729e-01, -3.15414708e-01,  0.00000000e+00, ...,
          1.86906284e-01,  3.13724792e-01,  2.88205699e-01],
        ...,
        [-6.15381205e-01, -4.87221844e-01, -1.86906284e-01, ...,
          0.00000000e+00,  1.30726130e-01,  1.04151291e-01],
        [-7.13142533e-01, -5.97201043e-01, -3.13724792e-01, ...,
         -1.30726130e-01,  0.00000000e+00, -2.67576522e-02],
        [-6.94129568e-01, -5.75525127e-01, -2.88205699e-01, ...,
         -1.04151291e-01,  2.67576522e-02,  0.00000000e+00]],

       [[ 0.00000000e+00,  1.18171085e-01,  3.49007036e-01, ...,
         -6.20194505e-01, -6.62166753e-01,  1.52167504e-01],
        [-1.18171085e-01,  0.00000000e+00,  2.35821131e-01, ...,
         -7.08548037e-01, -7.46079389e-01,  3.43063548e-02],
        [-3.49007036e-01, -2.35821131e-01,  0.00000000e+00, ...,
         -8.54974635e-01, -8.82060474e-01, -2.02343523e-01],
        ...,
        [ 6.20194505e-01,  7.08548037e-01,  8.54974635e-01, ...,
          0.00000000e+00, -5.46886379e-02,  7.32339671e-01],
        [ 6.62166753e-01,  7.46079389e-01,  8.82060474e-01, ...,
          5.46886379e-02,  0.00000000e+00,  7.68483347e-01],
        [-1.52167504e-01, -3.43063548e-02,  2.02343523e-01, ...,
         -7.32339671e-01, -7.68483347e-01,  0.00000000e+00]],

       [[ 0.00000000e+00, -8.12309322e-02, -1.34075453e-01, ...,
          1.95752327e-01,  2.02117155e-01,  2.81962224e-01],
        [ 8.12309322e-02,  0.00000000e+00, -5.31348669e-02, ...,
          2.74764813e-01,  2.81003655e-01,  3.58965454e-01],
        [ 1.34075453e-01,  5.31348669e-02,  0.00000000e+00, ...,
          3.25466449e-01,  3.31600582e-01,  4.08051833e-01],
        ...,
        [-1.95752327e-01, -2.74764813e-01, -3.25466449e-01, ...,
          0.00000000e+00,  6.49460471e-03,  8.86974285e-02],
        [-2.02117155e-01, -2.81003655e-01, -3.31600582e-01, ...,
         -6.49460471e-03,  0.00000000e+00,  8.22265508e-02],
        [-2.81962224e-01, -3.58965454e-01, -4.08051833e-01, ...,
         -8.86974285e-02, -8.22265508e-02,  0.00000000e+00]],

       ...,

       [[ 0.00000000e+00,  6.18069424e-02,  3.99454297e-01, ...,
          9.74946028e-01,  9.90772099e-01,  9.81115405e-01],
        [-6.18069424e-02,  0.00000000e+00,  3.42028883e-01, ...,
          9.59333620e-01,  9.80500652e-01,  9.67284733e-01],
        [-3.99454297e-01, -3.42028883e-01,  0.00000000e+00, ...,
          8.04929571e-01,  8.54152020e-01,  8.22176843e-01],
        ...,
        [-9.74946028e-01, -9.59333620e-01, -8.04929571e-01, ...,
          0.00000000e+00,  8.82462872e-02,  2.96635812e-02],
        [-9.90772099e-01, -9.80500652e-01, -8.54152020e-01, ...,
         -8.82462872e-02,  0.00000000e+00, -5.86595992e-02],
        [-9.81115405e-01, -9.67284733e-01, -8.22176843e-01, ...,
         -2.96635812e-02,  5.86595992e-02,  0.00000000e+00]],

       [[ 0.00000000e+00, -4.41967630e-01, -6.55262489e-01, ...,
         -7.53513221e-01, -7.99978324e-01, -8.33666542e-01],
        [ 4.41967630e-01,  0.00000000e+00, -2.53927858e-01, ...,
         -9.66488714e-01, -9.82798707e-01, -9.91909372e-01],
        [ 6.55262489e-01,  2.53927858e-01,  0.00000000e+00, ...,
         -9.99995863e-01, -9.97481068e-01, -9.91633355e-01],
        ...,
        [ 7.53513221e-01,  9.66488714e-01,  9.99995863e-01, ...,
          0.00000000e+00,  7.38022440e-02,  1.31938346e-01],
        [ 7.99978324e-01,  9.82798707e-01,  9.97481068e-01, ...,
         -7.38022440e-02,  0.00000000e+00,  5.84214773e-02],
        [ 8.33666542e-01,  9.91909372e-01,  9.91633355e-01, ...,
         -1.31938346e-01, -5.84214773e-02,  0.00000000e+00]],

       [[ 0.00000000e+00, -2.04198290e-01, -2.56406450e-01, ...,
         -5.98499122e-01, -5.99201890e-01, -5.90636026e-01],
        [ 2.04198290e-01,  0.00000000e+00, -5.36321026e-02, ...,
         -4.22300434e-01, -4.23095700e-01, -4.13415679e-01],
        [ 2.56406450e-01,  5.36321026e-02,  0.00000000e+00, ...,
         -3.73077506e-01, -3.73891522e-01, -3.63986372e-01],
        ...,
        [ 5.98499122e-01,  4.22300434e-01,  3.73077506e-01, ...,
          0.00000000e+00, -8.77515542e-04,  9.77936205e-03],
        [ 5.99201890e-01,  4.23095700e-01,  3.73891522e-01, ...,
          8.77515542e-04,  0.00000000e+00,  1.06568319e-02],
        [ 5.90636026e-01,  4.13415679e-01,  3.63986372e-01, ...,
         -9.77936205e-03, -1.06568319e-02,  0.00000000e+00]]]), 'num': array([8.27812112e-01, 5.60283189e-01, 5.86686236e-07, 1.02895740e-02,
       1.02895740e-02, 9.98494843e-03, 1.98990432e-03, 2.25648552e-05,
       1.02557267e-02, 9.79145480e-03, 1.00129665e-02, 1.58671597e-06,
       1.06245924e-02, 8.95831723e-03])}
{'img': array([[[ 0.        ,  0.31541471,  0.50952833, ...,  0.59720104,
          0.57552513,  0.59720104],
        [-0.31541471,  0.        ,  0.2121191 , ...,  0.31372479,
          0.2882057 ,  0.31372479],
        [-0.50952833, -0.2121191 ,  0.        , ...,  0.10517557,
          0.07852866,  0.10517557],
        ...,
        [-0.59720104, -0.31372479, -0.10517557, ...,  0.        ,
         -0.02675765,  0.        ],
        [-0.57552513, -0.2882057 , -0.07852866, ...,  0.02675765,
          0.        ,  0.02675765],
        [-0.59720104, -0.31372479, -0.10517557, ...,  0.        ,
         -0.02675765,  0.        ]],

       [[ 0.        ,  0.23582113,  0.11424964, ..., -0.74607939,
          0.03430635, -0.53526661],
        [-0.23582113,  0.        , -0.1232496 , ..., -0.88206047,
         -0.20234352, -0.71936435],
        [-0.11424964,  0.1232496 ,  0.        , ..., -0.81726804,
         -0.08010067, -0.62826647],
        ...,
        [ 0.74607939,  0.88206047,  0.81726804, ...,  0.        ,
          0.76848335,  0.27378968],
        [-0.03430635,  0.20234352,  0.08010067, ..., -0.76848335,
          0.        , -0.56392954],
        [ 0.53526661,  0.71936435,  0.62826647, ..., -0.27378968,
          0.56392954,  0.        ]],

       [[ 0.        , -0.05313487, -0.1000333 , ...,  0.28100366,
          0.35896545,  0.43064916],
        [ 0.05313487,  0.        , -0.04702364, ...,  0.33160058,
          0.40805183,  0.47799605],
        [ 0.1000333 ,  0.04702364,  0.        , ...,  0.3755968 ,
          0.45053108,  0.51877106],
        ...,
        [-0.28100366, -0.33160058, -0.3755968 , ...,  0.        ,
          0.08222655,  0.15968562],
        [-0.35896545, -0.40805183, -0.45053108, ..., -0.08222655,
          0.        ,  0.07797346],
        [-0.43064916, -0.47799605, -0.51877106, ..., -0.15968562,
         -0.07797346,  0.        ]],

       ...,

       [[ 0.        ,  0.34202888,  0.34202888, ...,  0.98050065,
          0.96728473,  0.99953556],
        [-0.34202888,  0.        ,  0.        , ...,  0.85415202,
          0.82217684,  0.94967601],
        [-0.34202888,  0.        ,  0.        , ...,  0.85415202,
          0.82217684,  0.94967601],
        ...,
        [-0.98050065, -0.85415202, -0.85415202, ...,  0.        ,
         -0.0586596 ,  0.22630436],
        [-0.96728473, -0.82217684, -0.82217684, ...,  0.0586596 ,
          0.        ,  0.28305245],
        [-0.99953556, -0.94967601, -0.94967601, ..., -0.22630436,
         -0.28305245,  0.        ]],

       [[ 0.        , -0.52567944, -0.74159354, ..., -0.81581082,
         -0.8492657 , -0.87581914],
        [ 0.52567944,  0.        , -0.27820905, ..., -0.99800652,
         -0.99999638, -0.99875786],
        [ 0.74159354,  0.27820905,  0.        , ..., -0.97616379,
         -0.96126539, -0.94546511],
        ...,
        [ 0.81581082,  0.99800652,  0.97616379, ...,  0.        ,
          0.06042625,  0.11276023],
        [ 0.8492657 ,  0.99999638,  0.96126539, ..., -0.06042625,
          0.        ,  0.05251332],
        [ 0.87581914,  0.99875786,  0.94546511, ..., -0.11276023,
         -0.05251332,  0.        ]],

       [[ 0.        , -0.0536321 ,  0.01713796, ..., -0.4230957 ,
         -0.41341568, -0.43285771],
        [ 0.0536321 ,  0.        ,  0.07073752, ..., -0.37389152,
         -0.36398637, -0.38388741],
        [-0.01713796, -0.07073752,  0.        , ..., -0.43856201,
         -0.4289598 , -0.44824336],
        ...,
        [ 0.4230957 ,  0.37389152,  0.43856201, ...,  0.        ,
          0.01065683, -0.01080107],
        [ 0.41341568,  0.36398637,  0.4289598 , ..., -0.01065683,
          0.        , -0.02145667],
        [ 0.43285771,  0.38388741,  0.44824336, ...,  0.01080107,
          0.02145667,  0.        ]]]), 'num': array([ 8.17109389e-01,  5.75791007e-01,  5.36859583e-07,  1.00549326e-02,
        1.02786241e-02,  1.00101943e-02,  1.62699770e-03, -1.45399470e-04,
        1.01444092e-02,  9.73617222e-03,  9.93320715e-03,  1.22298620e-06,
        1.05674051e-02,  8.90493933e-03])}
{'img': array([[[ 0.        ,  0.2121191 ,  0.02470645, ...,  0.2882057 ,
          0.31372479,  0.14922074],
        [-0.2121191 ,  0.        , -0.18791012, ...,  0.07852866,
          0.10517557, -0.06391915],
        [-0.02470645,  0.18791012,  0.        , ...,  0.2644596 ,
          0.29016991,  0.12474535],
        ...,
        [-0.2882057 , -0.07852866, -0.2644596 , ...,  0.        ,
          0.02675765, -0.14208984],
        [-0.31372479, -0.10517557, -0.29016991, ..., -0.02675765,
          0.        , -0.16852513],
        [-0.14922074,  0.06391915, -0.12474535, ...,  0.14208984,
          0.16852513,  0.        ]],

       [[ 0.        , -0.1232496 , -0.36693546, ..., -0.20234352,
         -0.71936435, -0.8042726 ],
        [ 0.1232496 ,  0.        , -0.24948534, ..., -0.08010067,
         -0.62826647, -0.72489822],
        [ 0.36693546,  0.24948534,  0.        , ...,  0.17111592,
         -0.41430064, -0.53011643],
        ...,
        [ 0.20234352,  0.08010067, -0.17111592, ...,  0.        ,
         -0.56392954, -0.66739114],
        [ 0.71936435,  0.62826647,  0.41430064, ...,  0.56392954,
          0.        , -0.13118441],
        [ 0.8042726 ,  0.72489822,  0.53011643, ...,  0.66739114,
          0.13118441,  0.        ]],

       [[ 0.        , -0.04702364,  0.        , ...,  0.40805183,
          0.47799605,  0.44763387],
        [ 0.04702364,  0.        ,  0.04702364, ...,  0.45053108,
          0.51877106,  0.48918802],
        [ 0.        , -0.04702364,  0.        , ...,  0.40805183,
          0.47799605,  0.44763387],
        ...,
        [-0.40805183, -0.45053108, -0.40805183, ...,  0.        ,
          0.07797346,  0.04378441],
        [-0.47799605, -0.51877106, -0.47799605, ..., -0.07797346,
          0.        , -0.03424759],
        [-0.44763387, -0.48918802, -0.44763387, ..., -0.04378441,
          0.03424759,  0.        ]],

       ...,

       [[ 0.        ,  0.        ,  0.00717519, ...,  0.82217684,
          0.94967601,  0.61827791],
        [ 0.        ,  0.        ,  0.00717519, ...,  0.82217684,
          0.94967601,  0.61827791],
        [-0.00717519, -0.00717519,  0.        , ...,  0.81807133,
          0.94740405,  0.61262258],
        ...,
        [-0.82217684, -0.82217684, -0.81807133, ...,  0.        ,
          0.28305245, -0.29425409],
        [-0.94967601, -0.94967601, -0.94740405, ..., -0.28305245,
          0.        , -0.55274133],
        [-0.61827791, -0.61827791, -0.61262258, ...,  0.29425409,
          0.55274133,  0.        ]],

       [[ 0.        , -0.59238179, -0.85693125, ..., -0.87178937,
         -0.89755739, -0.91147552],
        [ 0.59238179,  0.        , -0.3850612 , ..., -0.99256006,
         -0.98430347, -0.97801579],
        [ 0.85693125,  0.3850612 ,  0.        , ..., -0.86914128,
         -0.84044762, -0.82230486],
        ...,
        [ 0.87178937,  0.99256006,  0.86914128, ...,  0.        ,
          0.05532635,  0.08790012],
        [ 0.89755739,  0.98430347,  0.84044762, ..., -0.05532635,
          0.        ,  0.03265329],
        [ 0.91147552,  0.97801579,  0.82230486, ..., -0.08790012,
         -0.03265329,  0.        ]],

       [[ 0.        ,  0.07073752,  0.27299315, ..., -0.36398637,
         -0.38388741, -0.29967792],
        [-0.07073752,  0.        ,  0.20425867, ..., -0.4289598 ,
         -0.44824336, -0.36641367],
        [-0.27299315, -0.20425867,  0.        , ..., -0.60442769,
         -0.62138221, -0.54874145],
        ...,
        [ 0.36398637,  0.4289598 ,  0.60442769, ...,  0.        ,
         -0.02145667,  0.06813642],
        [ 0.38388741,  0.44824336,  0.62138221, ...,  0.02145667,
          0.        ,  0.08952754],
        [ 0.29967792,  0.36641367,  0.54874145, ..., -0.06813642,
         -0.08952754,  0.        ]]]), 'num': array([ 7.11184092e-01,  7.02582496e-01,  1.94826638e-08,  8.60159605e-03,
        8.68926804e-03,  8.53340673e-03,  1.54088388e-03, -1.55861310e-04,
        8.79837096e-03,  8.50661807e-03,  8.65078978e-03,  1.18722482e-06,
        9.20658208e-03,  7.80665406e-03])}
{'img': array([[[ 0.        , -0.18791012, -0.29534961, ...,  0.10517557,
         -0.06391915, -0.25996366],
        [ 0.18791012,  0.        , -0.11056101, ...,  0.29016991,
          0.12474535, -0.07388325],
        [ 0.29534961,  0.11056101,  0.        , ...,  0.39419511,
          0.23367797,  0.03682854],
        ...,
        [-0.10517557, -0.29016991, -0.39419511, ...,  0.        ,
         -0.16852513, -0.36008128],
        [ 0.06391915, -0.12474535, -0.23367797, ...,  0.16852513,
          0.        , -0.19771054],
        [ 0.25996366,  0.07388325, -0.03682854, ...,  0.36008128,
          0.19771054,  0.        ]],

       [[ 0.        , -0.24948534, -0.52189301, ..., -0.62826647,
         -0.72489822, -0.68403754],
        [ 0.24948534,  0.        , -0.29257628, ..., -0.41430064,
         -0.53011643, -0.48042102],
        [ 0.52189301,  0.29257628,  0.        , ..., -0.12988634,
         -0.25883699, -0.20279833],
        ...,
        [ 0.62826647,  0.41430064,  0.12988634, ...,  0.        ,
         -0.13118441, -0.07389303],
        [ 0.72489822,  0.53011643,  0.25883699, ...,  0.13118441,
          0.        ,  0.05757133],
        [ 0.68403754,  0.48042102,  0.20279833, ...,  0.07389303,
         -0.05757133,  0.        ]],

       [[ 0.        ,  0.04702364,  0.143463  , ...,  0.51877106,
          0.48918802,  0.43261651],
        [-0.04702364,  0.        ,  0.09676708, ...,  0.47799605,
          0.44763387,  0.38974246],
        [-0.143463  , -0.09676708,  0.        , ...,  0.39075632,
          0.35900239,  0.29879831],
        ...,
        [-0.51877106, -0.47799605, -0.39075632, ...,  0.        ,
         -0.03424759, -0.09786302],
        [-0.48918802, -0.44763387, -0.35900239, ...,  0.03424759,
          0.        , -0.06372242],
        [-0.43261651, -0.38974246, -0.29879831, ...,  0.09786302,
          0.06372242,  0.        ]],

       ...,

       [[ 0.        ,  0.00717519,  0.03678678, ...,  0.94967601,
          0.61827791,  0.76544502],
        [-0.00717519,  0.        ,  0.0296155 , ...,  0.94740405,
          0.61262258,  0.76080807],
        [-0.03678678, -0.0296155 ,  0.        , ...,  0.93751034,
          0.5889465 ,  0.74125458],
        ...,
        [-0.94967601, -0.94740405, -0.93751034, ...,  0.        ,
         -0.55274133, -0.37135441],
        [-0.61827791, -0.61262258, -0.5889465 , ...,  0.55274133,
          0.        ,  0.20374619],
        [-0.76544502, -0.76080807, -0.74125458, ...,  0.37135441,
         -0.20374619,  0.        ]],

       [[ 0.        , -0.73456687, -0.84182901, ..., -0.92468974,
         -0.9374951 , -0.93859908],
        [ 0.73456687,  0.        , -0.17473326, ..., -0.90710098,
         -0.89175261, -0.89030633],
        [ 0.84182901,  0.17473326,  0.        , ..., -0.81959845,
         -0.79896285, -0.79704277],
        ...,
        [ 0.92468974,  0.90710098,  0.81959845, ...,  0.        ,
          0.03513395,  0.03831785],
        [ 0.9374951 ,  0.89175261,  0.79896285, ..., -0.03513395,
          0.        ,  0.00318604],
