state_0,state_1,state_2,state_3,state_4,state_5,state_6,state_7,state_8,state_9,state_10,state_11,state_12,state_13,state_14,state_15,state_16,state_17,state_18,state_19,state_20,state_21,state_22,state_23,state_24,state_25,state_26,state_27,state_28,state_29,state_30,state_31,state_32,state_33,state_34,state_35,state_36,state_37,state_38,state_39,state_40,state_41,state_42,state_43,state_44,state_45,state_46,state_47,state_48,state_49,state_50,state_51,state_52,state_53,state_54,state_55,state_56,state_57,state_58,state_59,state_60,state_61,state_62,state_63,state_64,state_65,state_66,state_67,state_68,state_69,state_70,state_71,state_72,state_73,state_74,state_75,state_76,state_77,state_78,state_79,state_80,state_81,state_82,state_83,state_84,state_85,state_86,state_87,state_88,state_89,state_90,state_91,state_92,state_93,state_94,state_95,state_96,state_97,state_98,state_99,state_100,state_101,state_102,state_103,state_104,state_105,state_106,state_107,state_108,state_109,state_110,state_111,state_112,state_113,state_114,state_115,state_116,state_117,state_118,state_119,state_120,state_121,state_122,state_123,state_124,state_125,state_126,state_127,state_128,state_129,state_130,state_131,state_132,state_133,state_134,state_135,state_136,state_137,state_138,state_139,state_140,state_141,state_142,state_143,state_144,state_145,state_146,state_147,state_148,state_149,state_150,state_151,state_152,state_153,state_154,state_155,state_156,state_157,state_158,state_159,state_160,state_161,state_162,state_163,state_164,state_165,state_166,state_167,state_168,state_169,state_170,state_171,state_172,state_173,state_174,state_175,state_176,state_177,state_178,state_179,state_180,state_181,state_182,state_183,state_184,state_185,state_186,state_187,state_188,state_189,state_190,state_191,state_192,state_193,state_194,state_195,state_196,state_197,state_198,state_199,state_200,state_201,state_202,state_203,state_204,state_205,state_206,state_207,state_208,state_209,state_210,state_211,state_212,state_213,state_214,state_215,state_216,state_217,state_218,state_219,state_220,state_221,state_222,state_223,state_224,state_225,state_226,state_227,state_228,state_229,state_230,state_231,state_232,state_233,state_234,state_235,state_236,state_237,state_238,state_239,state_240,state_241,state_242,state_243,state_244,state_245,state_246,state_247,state_248,state_249,state_250,state_251,state_252,state_253,state_254,state_255,state_256,state_257,state_258,state_259,state_260,state_261,state_262,state_263,state_264,state_265,state_266,state_267,state_268,state_269,state_270,state_271,state_272,state_273,state_274,state_275,state_276,state_277,state_278,state_279,state_280,state_281,state_282,state_283,state_284,state_285,state_286,state_287
{'img': array([[[ 0.        ,  0.17400925,  0.25543529, ...,  0.97055346,
          0.96826882,  0.92902323],
        [-0.17400925,  0.        ,  0.08330169, ...,  0.91383035,
          0.91001012,  0.85046292],
        [-0.25543529, -0.08330169,  0.        , ...,  0.87682573,
          0.87231155,  0.80368743],
        ...,
        [-0.97055346, -0.91383035, -0.87682573, ...,  0.        ,
         -0.0093097 , -0.13533703],
        [-0.96826882, -0.91001012, -0.87231155, ...,  0.0093097 ,
          0.        , -0.12610711],
        [-0.92902323, -0.85046292, -0.80368743, ...,  0.13533703,
          0.12610711,  0.        ]],

       [[ 0.        , -0.07024215, -0.15226299, ...,  0.0706976 ,
         -0.08482941, -0.05034563],
        [ 0.07024215,  0.        , -0.08246377, ...,  0.14058936,
         -0.01463092,  0.01993179],
        [ 0.15226299,  0.08246377,  0.        , ...,  0.22175527,
          0.06787386,  0.1023113 ],
        ...,
        [-0.0706976 , -0.14058936, -0.22175527, ...,  0.        ,
         -0.15505992, -0.1208276 ],
        [ 0.08482941,  0.01463092, -0.06787386, ...,  0.15505992,
          0.        ,  0.03455767],
        [ 0.05034563, -0.01993179, -0.1023113 , ...,  0.1208276 ,
         -0.03455767,  0.        ]],

       [[ 0.        ,  0.45959647,  0.63041818, ...,  0.79620812,
          0.75934783,  0.72860746],
        [-0.45959647,  0.        ,  0.20312756, ...,  0.98520097,
          0.97345045,  0.96188868],
        [-0.63041818, -0.20312756,  0.        , ...,  0.99947849,
          0.99965169,  0.99737897],
        ...,
        [-0.79620812, -0.98520097, -0.99947849, ...,  0.        ,
          0.05865786,  0.10452388],
        [-0.75934783, -0.97345045, -0.99965169, ..., -0.05865786,
          0.        ,  0.04600735],
        [-0.72860746, -0.96188868, -0.99737897, ..., -0.10452388,
         -0.04600735,  0.        ]],

       ...,

       [[ 0.        ,  0.09080881,  0.31982176, ...,  0.16377257,
          0.07441252, -0.20308883],
        [-0.09080881,  0.        ,  0.23246105, ...,  0.0735132 ,
         -0.01645198, -0.29116611],
        [-0.31982176, -0.23246105,  0.        , ..., -0.16033271,
         -0.24843087, -0.50557892],
        ...,
        [-0.16377257, -0.0735132 ,  0.16033271, ...,  0.        ,
         -0.08991071, -0.36070635],
        [-0.07441252,  0.01645198,  0.24843087, ...,  0.08991071,
          0.        , -0.27538755],
        [ 0.20308883,  0.29116611,  0.50557892, ...,  0.36070635,
          0.27538755,  0.        ]],

       [[ 0.        ,  0.34831429,  0.5081039 , ...,  0.88560248,
          0.87108691,  0.87203341],
        [-0.34831429,  0.        ,  0.17628369, ...,  0.9919166 ,
          0.98760475,  0.98790593],
        [-0.5081039 , -0.17628369,  0.        , ...,  0.9987515 ,
          0.99980799,  0.9997683 ],
        ...,
        [-0.88560248, -0.9919166 , -0.9987515 , ...,  0.        ,
          0.03037387,  0.02844419],
        [-0.87108691, -0.98760475, -0.99980799, ..., -0.03037387,
          0.        , -0.00193051],
        [-0.87203341, -0.98790593, -0.9997683 , ..., -0.02844419,
          0.00193051,  0.        ]],

       [[ 0.        , -0.08212474, -0.16565256, ...,  0.85757786,
          0.80756719,  0.58111005],
        [ 0.08212474,  0.        , -0.08410288, ...,  0.81243981,
          0.7564041 ,  0.51231193],
        [ 0.16565256,  0.08410288,  0.        , ...,  0.76052563,
          0.69871214,  0.43826934],
        ...,
        [-0.85757786, -0.81243981, -0.76052563, ...,  0.        ,
          0.09040294,  0.39902192],
        [-0.80756719, -0.7564041 , -0.69871214, ..., -0.09040294,
          0.        ,  0.31449383],
        [-0.58111005, -0.51231193, -0.43826934, ..., -0.39902192,
         -0.31449383,  0.        ]]]), 'num': array([ 7.07077355e-01,  7.07077355e-01,  0.00000000e+00,  5.36569601e-05,
        5.53909372e-05,  5.31752997e-05,  9.12162541e-03, -1.15598478e-06,
        5.50441418e-05,  5.40952710e-05,  5.04250193e-05,  8.90932391e-07,
        5.66465071e-05,  5.15440349e-05])}
{'img': array([[[ 0.        ,  0.08330169,  0.1033041 , ...,  0.91001012,
          0.85046292,  0.79121669],
        [-0.08330169,  0.        ,  0.02008904, ...,  0.87231155,
          0.80368743,  0.73752474],
        [-0.1033041 , -0.02008904,  0.        , ...,  0.86231296,
          0.79157122,  0.72380937],
        ...,
        [-0.91001012, -0.87231155, -0.86231296, ...,  0.        ,
         -0.12610711, -0.22847646],
        [-0.85046292, -0.80368743, -0.79157122, ...,  0.12610711,
          0.        , -0.10388094],
        [-0.79121669, -0.73752474, -0.72380937, ...,  0.22847646,
          0.10388094,  0.        ]],

       [[ 0.        , -0.08246377, -0.06232172, ..., -0.01463092,
          0.01993179, -0.07739494],
        [ 0.08246377,  0.        ,  0.02019401, ...,  0.06787386,
          0.1023113 ,  0.00508509],
        [ 0.06232172, -0.02019401,  0.        , ...,  0.04771258,
          0.08220239, -0.0151097 ],
        ...,
        [ 0.01463092, -0.06787386, -0.04771258, ...,  0.        ,
          0.03455767, -0.06279962],
        [-0.01993179, -0.1023113 , -0.08220239, ..., -0.03455767,
          0.        , -0.09725157],
        [ 0.07739494, -0.00508509,  0.0151097 , ...,  0.06279962,
          0.09725157,  0.        ]],

       [[ 0.        ,  0.47218515,  0.64924374, ...,  0.77660494,
          0.74571631,  0.71873496],
        [-0.47218515,  0.        ,  0.21317319, ...,  0.98204772,
          0.97194825,  0.96186728],
        [-0.64924374, -0.21317319,  0.        , ...,  0.99968621,
          0.99974469,  0.99806462],
        ...,
        [-0.77660494, -0.98204772, -0.99968621, ...,  0.        ,
          0.04763135,  0.08716678],
        [-0.74571631, -0.97194825, -0.99974469, ..., -0.04763135,
          0.        ,  0.03961779],
        [-0.71873496, -0.96186728, -0.99806462, ..., -0.08716678,
         -0.03961779,  0.        ]],

       ...,

       [[ 0.        ,  0.23246105,  0.48335361, ..., -0.01645198,
         -0.29116611, -0.37086223],
        [-0.23246105,  0.        ,  0.26661022, ..., -0.24843087,
         -0.50557892, -0.57658648],
        [-0.48335361, -0.26661022,  0.        , ..., -0.49769067,
         -0.71730527, -0.77354679],
        ...,
        [ 0.01645198,  0.24843087,  0.49769067, ...,  0.        ,
         -0.27538755, -0.35553329],
        [ 0.29116611,  0.50557892,  0.71730527, ...,  0.27538755,
          0.        , -0.08439126],
        [ 0.37086223,  0.57658648,  0.77354679, ...,  0.35553329,
          0.08439126,  0.        ]],

       [[ 0.        ,  0.38847618,  0.52328441, ...,  0.88015814,
          0.88109269,  0.88743376],
        [-0.38847618,  0.        ,  0.15114187, ...,  0.99543153,
          0.99561792,  0.99679599],
        [-0.52328441, -0.15114187,  0.        , ...,  0.99842683,
          0.9983143 ,  0.99743411],
        ...,
        [-0.88015814, -0.99543153, -0.99842683, ...,  0.        ,
         -0.0019724 , -0.01555164],
        [-0.88109269, -0.99561792, -0.9983143 , ...,  0.0019724 ,
          0.        , -0.01357945],
        [-0.88743376, -0.99679599, -0.99743411, ...,  0.01555164,
          0.01357945,  0.        ]],

       [[ 0.        , -0.08311352, -0.1607291 , ...,  0.82387103,
          0.73787239,  0.50705415],
        [ 0.08311352,  0.        , -0.07814006, ...,  0.77391365,
          0.67922276,  0.43366306],
        [ 0.1607291 ,  0.07814006,  0.        , ...,  0.72206191,
          0.61979646,  0.36192703],
        ...,
        [-0.82387103, -0.77391365, -0.72206191, ...,  0.        ,
          0.13785437,  0.42271935],
        [-0.73787239, -0.67922276, -0.61979646, ..., -0.13785437,
          0.        ,  0.29375144],
        [-0.50705415, -0.43366306, -0.36192703, ..., -0.42271935,
         -0.29375144,  0.        ]]]), 'num': array([ 7.07092054e-01,  7.07092054e-01,  0.00000000e+00,  5.30800711e-05,
        5.42360799e-05,  5.27910689e-05,  6.45220536e-03, -5.78004404e-07,
        5.47948175e-05,  5.41590127e-05,  5.05818076e-05,  8.80768616e-07,
        5.65403160e-05,  5.17777093e-05])}
{'img': array([[[ 0.        ,  0.02008904,  0.        , ...,  0.80368743,
          0.73752474,  0.70211286],
        [-0.02008904,  0.        , -0.02008904, ...,  0.79157122,
          0.72380937,  0.68766645],
        [ 0.        ,  0.02008904,  0.        , ...,  0.80368743,
          0.73752474,  0.70211286],
        ...,
        [-0.80368743, -0.79157122, -0.80368743, ...,  0.        ,
         -0.10388094, -0.15448479],
        [-0.73752474, -0.72380937, -0.73752474, ...,  0.10388094,
          0.        , -0.05101511],
        [-0.70211286, -0.68766645, -0.70211286, ...,  0.15448479,
          0.05101511,  0.        ]],

       [[ 0.        ,  0.02019401, -0.02548174, ...,  0.1023113 ,
          0.00508509, -0.04017089],
        [-0.02019401,  0.        , -0.045664  , ...,  0.08220239,
         -0.0151097 , -0.06034041],
        [ 0.02548174,  0.045664  ,  0.        , ...,  0.1276261 ,
          0.03056485, -0.01469667],
        ...,
        [-0.1023113 , -0.08220239, -0.1276261 , ...,  0.        ,
         -0.09725157, -0.1421888 ],
        [-0.00508509,  0.0151097 , -0.03056485, ...,  0.09725157,
          0.        , -0.04525135],
        [ 0.04017089,  0.06034041,  0.01469667, ...,  0.1421888 ,
          0.04525135,  0.        ]],

       [[ 0.        ,  0.49045717,  0.59378025, ...,  0.76397638,
          0.73681671,  0.76614016],
        [-0.49045717,  0.        ,  0.12282368, ...,  0.98224355,
          0.97370463,  0.9828684 ],
        [-0.59378025, -0.12282368,  0.        , ...,  0.99784948,
          0.99431321,  0.9980641 ],
        ...,
        [-0.76397638, -0.98224355, -0.99784948, ...,  0.        ,
          0.04109201, -0.00336012],
        [-0.73681671, -0.97370463, -0.99431321, ..., -0.04109201,
          0.        , -0.04444906],
        [-0.76614016, -0.9828684 , -0.9980641 , ...,  0.00336012,
          0.04444906,  0.        ]],

       ...,

       [[ 0.        ,  0.26661022,  0.17607814, ..., -0.50557892,
         -0.57658648, -0.58945049],
        [-0.26661022,  0.        , -0.09273986, ..., -0.71730527,
         -0.77354679, -0.78348393],
        [-0.17607814,  0.09273986,  0.        , ..., -0.64959662,
         -0.71144021, -0.72247775],
        ...,
        [ 0.50557892,  0.71730527,  0.64959662, ...,  0.        ,
         -0.08439126, -0.10015738],
        [ 0.57658648,  0.77354679,  0.71144021, ...,  0.08439126,
          0.        , -0.01583318],
        [ 0.58945049,  0.78348393,  0.72247775, ...,  0.10015738,
          0.01583318,  0.        ]],

       [[ 0.        ,  0.37291225,  0.47978403, ...,  0.89232183,
          0.89853565,  0.90429728],
        [-0.37291225,  0.        ,  0.11798736, ...,  0.99628814,
          0.99739262,  0.99826473],
        [-0.47978403, -0.11798736,  0.        , ...,  0.99948564,
          0.99894063,  0.99823972],
        ...,
        [-0.89232183, -0.99628814, -0.99948564, ...,  0.        ,
         -0.01395823, -0.02726443],
        [-0.89853565, -0.99739262, -0.99894063, ...,  0.01395823,
          0.        , -0.01330873],
        [-0.90429728, -0.99826473, -0.99823972, ...,  0.02726443,
          0.01330873,  0.        ]],

       [[ 0.        , -0.07748406, -0.1503864 , ...,  0.74201899,
          0.64352309,  0.43034431],
        [ 0.07748406,  0.        , -0.07333142, ...,  0.6878445 ,
          0.58228002,  0.35910838],
        [ 0.1503864 ,  0.07333142,  0.        , ...,  0.63276436,
          0.52109472,  0.28970162],
        ...,
        [-0.74201899, -0.6878445 , -0.63276436, ...,  0.        ,
          0.13655687,  0.3813007 ],
        [-0.64352309, -0.58228002, -0.52109472, ..., -0.13655687,
          0.        ,  0.25148862],
        [-0.43034431, -0.35910838, -0.28970162, ..., -0.3813007 ,
         -0.25148862,  0.        ]]]), 'num': array([8.65002616e-01, 5.01682175e-01, 1.31637841e-04, 6.50063412e-05,
       6.53596365e-05, 6.30043343e-05, 9.24218235e-03, 1.17765111e-07,
       6.62310984e-05, 6.62546514e-05, 6.20111819e-05, 1.20746506e-06,
       6.90537970e-05, 6.34555057e-05])}
{'img': array([[[ 0.        , -0.02008904, -0.1033041 , ...,  0.72380937,
          0.68766645,  0.69379146],
        [ 0.02008904,  0.        , -0.08330169, ...,  0.73752474,
          0.70211286,  0.7081191 ],
        [ 0.1033041 ,  0.08330169,  0.        , ...,  0.79121669,
          0.75898885,  0.76447668],
        ...,
        [-0.72380937, -0.73752474, -0.79121669, ...,  0.        ,
         -0.05101511, -0.04255399],
        [-0.68766645, -0.70211286, -0.75898885, ...,  0.05101511,
          0.        ,  0.00847032],
        [-0.69379146, -0.7081191 , -0.76447668, ...,  0.04255399,
         -0.00847032,  0.        ]],

       [[ 0.        , -0.045664  , -0.07315496, ..., -0.0151097 ,
         -0.06034041, -0.04000887],
        [ 0.045664  ,  0.        , -0.027537  , ...,  0.03056485,
         -0.01469667,  0.0056603 ],
        [ 0.07315496,  0.027537  ,  0.        , ...,  0.0580774 ,
          0.01284294,  0.03319472],
        ...,
        [ 0.0151097 , -0.03056485, -0.0580774 , ...,  0.        ,
         -0.04525135, -0.02490671],
        [ 0.06034041,  0.01469667, -0.01284294, ...,  0.04525135,
          0.        ,  0.02035612],
        [ 0.04000887, -0.0056603 , -0.03319472, ...,  0.02490671,
         -0.02035612,  0.        ]],

       [[ 0.        ,  0.37115374,  0.46107217, ...,  0.75662752,
          0.78607442,  0.84786024],
        [-0.37115374,  0.        ,  0.09879048, ...,  0.94526015,
          0.9593482 ,  0.98409185],
        [-0.46107217, -0.09879048,  0.        , ...,  0.97287326,
          0.98253647,  0.99682908],
        ...,
        [-0.75662752, -0.94526015, -0.97287326, ...,  0.        ,
         -0.04627615, -0.15319128],
        [-0.78607442, -0.9593482 , -0.98253647, ...,  0.04627615,
          0.        , -0.10729723],
        [-0.84786024, -0.98409185, -0.99682908, ...,  0.15319128,
          0.10729723,  0.        ]],

       ...,

       [[ 0.        , -0.09273986, -0.346385  , ..., -0.77354679,
         -0.78348393, -0.67068237],
        [ 0.09273986,  0.        , -0.25789365, ..., -0.71144021,
         -0.72247775, -0.59900268],
        [ 0.346385  ,  0.25789365,  0.        , ..., -0.50614065,
         -0.51973255, -0.37223283],
        ...,
        [ 0.77354679,  0.71144021,  0.50614065, ...,  0.        ,
         -0.01583318,  0.14873651],
        [ 0.78348393,  0.72247775,  0.51973255, ...,  0.01583318,
          0.        ,  0.16437494],
        [ 0.67068237,  0.59900268,  0.37223283, ..., -0.14873651,
         -0.16437494,  0.        ]],

       [[ 0.        ,  0.31936661,  0.405312  , ...,  0.90849011,
          0.91411269,  0.91681396],
        [-0.31936661,  0.        ,  0.09212825, ...,  0.99437895,
          0.9957322 ,  0.99632931],
        [-0.405312  , -0.09212825,  0.        , ...,  0.99990451,
          0.99999999,  0.99997854],
        ...,
        [-0.90849011, -0.99437895, -0.99990451, ...,  0.        ,
         -0.0136569 , -0.020369  ],
        [-0.91411269, -0.9957322 , -0.99999999, ...,  0.0136569 ,
          0.        , -0.00671303],
        [-0.91681396, -0.99632931, -0.99997854, ...,  0.020369  ,
          0.00671303,  0.        ]],

       [[ 0.        , -0.07299562, -0.08679358, ...,  0.63046206,
          0.5266797 ,  0.35756044],
        [ 0.07299562,  0.        , -0.01384188, ...,  0.57211949,
          0.46322372,  0.28843668],
        [ 0.08679358,  0.01384188,  0.        , ...,  0.56071198,
          0.4509121 ,  0.27515546],
        ...,
        [-0.63046206, -0.57211949, -0.56071198, ...,  0.        ,
          0.12711364,  0.31123663],
        [-0.5266797 , -0.46322372, -0.4509121 , ..., -0.12711364,
          0.        ,  0.18791172],
        [-0.35756044, -0.28843668, -0.27515546, ..., -0.31123663,
         -0.18791172,  0.        ]]]), 'num': array([ 8.56873831e-01,  5.15276667e-01,  1.29392865e-04,  6.27128995e-05,
        6.66324558e-05,  6.27128995e-05,  1.60357122e-02, -2.85058634e-06,
        6.54922212e-05,  6.67274753e-05,  6.26693489e-05,  9.12535262e-07,
        6.99423812e-05,  6.35125694e-05])}
{'img': array([[[ 0.        , -0.08330169, -0.07261294, ...,  0.70211286,
          0.7081191 ,  0.55285551],
        [ 0.08330169,  0.        ,  0.01072123, ...,  0.75898885,
          0.76447668,  0.62034738],
        [ 0.07261294, -0.01072123,  0.        , ...,  0.7519646 ,
          0.75752129,  0.61190278],
        ...,
        [-0.70211286, -0.75898885, -0.7519646 , ...,  0.        ,
          0.00847032, -0.19138517],
        [-0.7081191 , -0.76447668, -0.75752129, ..., -0.00847032,
          0.        , -0.19969205],
        [-0.55285551, -0.62034738, -0.61190278, ...,  0.19138517,
          0.19969205,  0.        ]],

       [[ 0.        , -0.027537  , -0.0597543 , ..., -0.01469667,
          0.0056603 ,  0.08130317],
        [ 0.027537  ,  0.        , -0.03224384, ...,  0.01284294,
          0.03319472,  0.10871818],
        [ 0.0597543 ,  0.03224384,  0.        , ...,  0.04507744,
          0.06540353,  0.14071437],
        ...,
        [ 0.01469667, -0.01284294, -0.04507744, ...,  0.        ,
          0.02035612,  0.0959424 ],
        [-0.0056603 , -0.03319472, -0.06540353, ..., -0.02035612,
          0.        ,  0.07566031],
        [-0.08130317, -0.10871818, -0.14071437, ..., -0.0959424 ,
         -0.07566031,  0.        ]],

       [[ 0.        ,  0.28921238,  0.29847979, ...,  0.79699295,
          0.85849585,  0.93443819],
        [-0.28921238,  0.        ,  0.00969533, ...,  0.93761441,
          0.97012203,  0.9975008 ],
        [-0.29847979, -0.00969533,  0.        , ...,  0.94094118,
          0.97242869,  0.99813894],
        ...,
        [-0.79699295, -0.93761441, -0.94094118, ...,  0.        ,
         -0.10980737, -0.28056062],
        [-0.85849585, -0.97012203, -0.97242869, ...,  0.10980737,
          0.        , -0.17346693],
        [-0.93443819, -0.9975008 , -0.99813894, ...,  0.28056062,
          0.17346693,  0.        ]],

       ...,

       [[ 0.        , -0.25789365, -0.07389167, ..., -0.72247775,
         -0.59900268, -0.85844088],
        [ 0.25789365,  0.        ,  0.18579648, ..., -0.51973255,
         -0.37223283, -0.69712579],
        [ 0.07389167, -0.18579648,  0.        , ..., -0.66941442,
         -0.53819664, -0.81819418],
        ...,
        [ 0.72247775,  0.51973255,  0.66941442, ...,  0.        ,
          0.16437494, -0.22295315],
        [ 0.59900268,  0.37223283,  0.53819664, ..., -0.16437494,
          0.        , -0.380158  ],
        [ 0.85844088,  0.69712579,  0.81819418, ...,  0.22295315,
          0.380158  ,  0.        ]],

       [[ 0.        ,  0.25985487,  0.36278967, ...,  0.92103747,
          0.92368069,  0.91126821],
        [-0.25985487,  0.        ,  0.10817578, ...,  0.99060441,
          0.99151692,  0.98697574],
        [-0.36278967, -0.10817578,  0.        , ...,  0.99958529,
          0.99975892,  0.9985861 ],
        ...,
        [-0.92103747, -0.99060441, -0.99958529, ...,  0.        ,
         -0.00684199,  0.02438028],
        [-0.92368069, -0.99151692, -0.99975892, ...,  0.00684199,
          0.        ,  0.03121967],
        [-0.91126821, -0.98697574, -0.9985861 , ..., -0.02438028,
         -0.03121967,  0.        ]],

       [[ 0.        , -0.01384188, -0.01603068, ...,  0.46322372,
          0.28843668,  0.58342043],
        [ 0.01384188,  0.        , -0.00218904, ...,  0.4509121 ,
          0.27515546,  0.57212258],
        [ 0.01603068,  0.00218904,  0.        , ...,  0.44895715,
          0.27305026,  0.57032582],
        ...,
        [-0.46322372, -0.4509121 , -0.44895715, ...,  0.        ,
          0.18791172, -0.14083478],
        [-0.28843668, -0.27515546, -0.27305026, ..., -0.18791172,
          0.        , -0.32436476],
        [-0.58342043, -0.57212258, -0.57032582, ...,  0.14083478,
          0.32436476,  0.        ]]]), 'num': array([ 8.47013148e-01,  5.31368122e-01,  1.20705555e-04,  6.16253467e-05,
        6.45711089e-05,  6.16253467e-05,  1.47173111e-02, -5.89152454e-07,
        6.38876921e-05,  6.60086409e-05,  6.22910889e-05,  9.05283039e-07,
        6.97612045e-05,  6.22560774e-05])}
{'img': array([[[ 0.        ,  0.01072123,  0.18973176, ...,  0.76447668,
          0.62034738,  0.58711192],
        [-0.01072123,  0.        ,  0.17919437, ...,  0.75752129,
          0.61190278,  0.57839928],
        [-0.18973176, -0.17919437,  0.        , ...,  0.62827986,
          0.46026759,  0.42285865],
        ...,
        [-0.76447668, -0.75752129, -0.62827986, ...,  0.        ,
         -0.19969205, -0.24036578],
        [-0.62034738, -0.61190278, -0.46026759, ...,  0.19969205,
          0.        , -0.04168694],
        [-0.58711192, -0.57839928, -0.42285865, ...,  0.24036578,
          0.04168694,  0.        ]],

       [[ 0.        , -0.03224384,  0.04859392, ...,  0.03319472,
          0.10871818,  0.09711911],
        [ 0.03224384,  0.        ,  0.0807744 , ...,  0.06540353,
          0.14071437,  0.12916003],
        [-0.04859392, -0.0807744 ,  0.        , ..., -0.01541164,
          0.06028385,  0.04864016],
        ...,
        [-0.03319472, -0.06540353,  0.01541164, ...,  0.        ,
          0.07566031,  0.06402779],
        [-0.10871818, -0.14071437, -0.06028385, ..., -0.07566031,
          0.        , -0.0116608 ],
        [-0.09711911, -0.12916003, -0.04864016, ..., -0.06402779,
          0.0116608 ,  0.        ]],

       [[ 0.        ,  0.0762492 ,  0.26200873, ...,  0.86476114,
          0.93967558,  0.97809662],
        [-0.0762492 ,  0.        ,  0.18766049, ...,  0.90053472,
          0.96302232,  0.99112056],
        [-0.26200873, -0.18766049,  0.        , ...,  0.96612758,
          0.99647302,  0.99846479],
        ...,
        [-0.86476114, -0.90053472, -0.96612758, ...,  0.        ,
         -0.17608327, -0.31118267],
        [-0.93967558, -0.96302232, -0.99647302, ...,  0.17608327,
          0.        , -0.13897976],
        [-0.97809662, -0.99112056, -0.99846479, ...,  0.31118267,
          0.13897976,  0.        ]],

       ...,

       [[ 0.        ,  0.18579648,  0.3408239 , ..., -0.37223283,
         -0.69712579, -0.69712579],
        [-0.18579648,  0.        ,  0.16021724, ..., -0.53819664,
         -0.81819418, -0.81819418],
        [-0.3408239 , -0.16021724,  0.        , ..., -0.66627828,
         -0.89974018, -0.89974018],
        ...,
        [ 0.37223283,  0.53819664,  0.66627828, ...,  0.        ,
         -0.380158  , -0.380158  ],
        [ 0.69712579,  0.81819418,  0.89974018, ...,  0.380158  ,
          0.        ,  0.        ],
        [ 0.69712579,  0.81819418,  0.89974018, ...,  0.380158  ,
          0.        ,  0.        ]],

       [[ 0.        ,  0.25990915,  0.44356159, ...,  0.92807911,
          0.91584411,  0.8986653 ],
        [-0.25990915,  0.        ,  0.19537575, ...,  0.99296966,
          0.98873173,  0.98178619],
        [-0.44356159, -0.19537575,  0.        , ...,  0.99696007,
          0.99892476,  0.99998493],
        ...,
        [-0.92807911, -0.99296966, -0.99696007, ...,  0.        ,
          0.03161048,  0.07244024],
        [-0.91584411, -0.98873173, -0.99892476, ..., -0.03161048,
          0.        ,  0.0408766 ],
        [-0.8986653 , -0.98178619, -0.99998493, ..., -0.07244024,
         -0.0408766 ,  0.        ]],

       [[ 0.        , -0.00218904, -0.12136309, ...,  0.27515546,
          0.57212258,  0.72484141],
        [ 0.00218904,  0.        , -0.11918994, ...,  0.27305026,
          0.57032582,  0.72333161],
        [ 0.12136309,  0.11918994,  0.        , ...,  0.15644312,
          0.46835541,  0.63587457],
        ...,
        [-0.27515546, -0.27305026, -0.15644312, ...,  0.        ,
         -0.32436476, -0.50730341],
        [-0.57212258, -0.57032582, -0.46835541, ...,  0.32436476,
          0.        , -0.20034756],
        [-0.72484141, -0.72333161, -0.63587457, ...,  0.50730341,
          0.20034756,  0.        ]]]), 'num': array([8.03443780e-01, 5.95313184e-01, 7.82445849e-05, 5.92121183e-05,
       6.02138271e-05, 5.84330115e-05, 8.95939453e-03, 1.00170877e-06,
       5.97908834e-05, 6.21282038e-05, 5.89839513e-05, 9.03502026e-07,
       6.58687115e-05, 5.83876962e-05])}
{'img': array([[[ 0.        ,  0.17919437,  0.20686171, ...,  0.61190278,
          0.57839928,  0.6379236 ],
        [-0.17919437,  0.        ,  0.02819496, ...,  0.46026759,
          0.42285865,  0.48960045],
        [-0.20686171, -0.02819496,  0.        , ...,  0.43505369,
          0.39714039,  0.4648213 ],
        ...,
        [-0.61190278, -0.46026759, -0.43505369, ...,  0.        ,
         -0.04168694,  0.0333287 ],
        [-0.57839928, -0.42285865, -0.39714039, ...,  0.04168694,
          0.        ,  0.07496352],
        [-0.6379236 , -0.48960045, -0.4648213 , ..., -0.0333287 ,
         -0.07496352,  0.        ]],

       [[ 0.        ,  0.0807744 ,  0.05333412, ...,  0.14071437,
          0.12916003,  0.06870357],
        [-0.0807744 ,  0.        , -0.0274996 , ...,  0.06028385,
          0.04864016, -0.01210447],
        [-0.05333412,  0.0274996 ,  0.        , ...,  0.08771064,
          0.07608882,  0.0153977 ],
        ...,
        [-0.14071437, -0.06028385, -0.08771064, ...,  0.        ,
         -0.0116608 , -0.07236189],
        [-0.12916003, -0.04864016, -0.07608882, ...,  0.0116608 ,
          0.        , -0.06072674],
        [-0.06870357,  0.01210447, -0.0153977 , ...,  0.07236189,
          0.06072674,  0.        ]],

       [[ 0.        ,  0.25121994,  0.36001995, ...,  0.94002416,
          0.97834156,  0.99096634],
        [-0.25121994,  0.        ,  0.11409983, ...,  0.99557071,
          0.99896797,  0.99287739],
        [-0.36001995, -0.11409983,  0.        , ...,  0.99979611,
          0.98726156,  0.97279926],
        ...,
        [-0.94002416, -0.99557071, -0.99979611, ...,  0.        ,
         -0.13913775, -0.21195904],
        [-0.97834156, -0.99896797, -0.98726156, ...,  0.13913775,
          0.        , -0.07392099],
        [-0.99096634, -0.99287739, -0.97279926, ...,  0.21195904,
          0.07392099,  0.        ]],

       ...,

       [[ 0.        ,  0.16021724,  0.36170299, ..., -0.81819418,
         -0.81819418, -0.7769164 ],
        [-0.16021724,  0.        ,  0.20766096, ..., -0.89974018,
         -0.89974018, -0.8677534 ],
        [-0.36170299, -0.20766096,  0.        , ..., -0.97075525,
         -0.97075525, -0.95204359],
        ...,
        [ 0.81819418,  0.89974018,  0.97075525, ...,  0.        ,
          0.        ,  0.06845627],
        [ 0.81819418,  0.89974018,  0.97075525, ...,  0.        ,
          0.        ,  0.06845627],
        [ 0.7769164 ,  0.8677534 ,  0.95204359, ..., -0.06845627,
         -0.06845627,  0.        ]],

       [[ 0.        ,  0.36908   ,  0.51600668, ...,  0.92036073,
          0.90338988,  0.90473679],
        [-0.36908   ,  0.        ,  0.16342715, ...,  0.99971738,
          0.99787736,  0.99807763],
        [-0.51600668, -0.16342715,  0.        , ...,  0.99016178,
          0.99510389,  0.99478747],
        ...,
        [-0.92036073, -0.99971738, -0.99016178, ...,  0.        ,
          0.04138011,  0.03823115],
        [-0.90338988, -0.99787736, -0.99510389, ..., -0.04138011,
          0.        , -0.00315145],
        [-0.90473679, -0.99807763, -0.99478747, ..., -0.03823115,
          0.00315145,  0.        ]],

       [[ 0.        , -0.11918994, -0.27305026, ...,  0.57032582,
          0.72333161,  0.78302007],
        [ 0.11918994,  0.        , -0.15644312, ...,  0.46835541,
          0.63587457,  0.70330257],
        [ 0.27305026,  0.15644312,  0.        , ...,  0.32436476,
          0.50730341,  0.58342884],
        ...,
        [-0.57032582, -0.46835541, -0.32436476, ...,  0.        ,
         -0.20034756, -0.28844659],
        [-0.72333161, -0.63587457, -0.50730341, ...,  0.20034756,
          0.        , -0.09076632],
        [-0.78302007, -0.70330257, -0.58342884, ...,  0.28844659,
          0.09076632,  0.        ]]]), 'num': array([ 7.22509812e-01,  6.90872295e-01,  1.26297476e-05,  5.02981206e-05,
        5.34103795e-05,  4.90933752e-05,  2.59811578e-02, -3.11225896e-06,
        5.29284814e-05,  5.56943760e-05,  5.32815387e-05,  5.43577576e-07,
        5.98439399e-05,  5.15448121e-05])}
{'img': array([[[ 0.        ,  0.02819496, -0.04797068, ...,  0.42285865,
          0.48960045,  0.24825745],
        [-0.02819496,  0.        , -0.0761141 , ...,  0.39714039,
          0.4648213 ,  0.22084646],
        [ 0.04797068,  0.0761141 ,  0.        , ...,  0.46584265,
          0.53086468,  0.29444055],
        ...,
        [-0.42285865, -0.39714039, -0.46584265, ...,  0.        ,
          0.07496352, -0.18465085],
        [-0.48960045, -0.4648213 , -0.53086468, ..., -0.07496352,
          0.        , -0.25780575],
        [-0.24825745, -0.22084646, -0.29444055, ...,  0.18465085,
          0.25780575,  0.        ]],

       [[ 0.        , -0.0274996 , -0.03154259, ...,  0.04864016,
         -0.01210447,  0.17229062],
        [ 0.0274996 ,  0.        , -0.00404475, ...,  0.07608882,
          0.0153977 ,  0.19931383],
        [ 0.03154259,  0.00404475,  0.        , ...,  0.08012122,
          0.01944184,  0.20327579],
        ...,
        [-0.04864016, -0.07608882, -0.08012122, ...,  0.        ,
         -0.06072674,  0.12417388],
        [ 0.01210447, -0.0153977 , -0.01944184, ...,  0.06072674,
          0.        ,  0.18420145],
        [-0.17229062, -0.19931383, -0.20327579, ..., -0.12417388,
         -0.18420145,  0.        ]],

       [[ 0.        ,  0.11409983,  0.15954181, ...,  0.99896797,
          0.99287739,  0.96493453],
        [-0.11409983,  0.        ,  0.04586155, ...,  0.98726156,
          0.97279926,  0.92868268],
        [-0.15954181, -0.04586155,  0.        , ...,  0.97892594,
          0.96115188,  0.91069661],
        ...,
        [-0.99896797, -0.98726156, -0.97892594, ...,  0.        ,
         -0.07392099, -0.21839224],
        [-0.99287739, -0.97279926, -0.96115188, ...,  0.07392099,
          0.        , -0.14565813],
        [-0.96493453, -0.92868268, -0.91069661, ...,  0.21839224,
          0.14565813,  0.        ]],

       ...,

       [[ 0.        ,  0.20766096,  0.47715322, ..., -0.89974018,
         -0.8677534 , -0.9989512 ],
        [-0.20766096,  0.        ,  0.28425507, ..., -0.97075525,
         -0.95204359, -0.98668321],
        [-0.47715322, -0.28425507,  0.        , ..., -0.99895182,
         -0.99974192, -0.89974609],
        ...,
        [ 0.89974018,  0.97075525,  0.99895182, ...,  0.        ,
          0.06845627, -0.39477132],
        [ 0.8677534 ,  0.95204359,  0.99974192, ..., -0.06845627,
          0.        , -0.45674144],
        [ 0.9989512 ,  0.98668321,  0.89974609, ...,  0.39477132,
          0.45674144,  0.        ]],

       [[ 0.        ,  0.3811275 ,  0.47385873, ...,  0.91301812,
          0.91433191,  0.88917116],
        [-0.3811275 ,  0.        ,  0.10247185, ...,  0.99957493,
          0.99966395,  0.99645305],
        [-0.47385873, -0.10247185,  0.        , ...,  0.99730054,
          0.99705798,  0.99983069],
        ...,
        [-0.91301812, -0.99957493, -0.99730054, ...,  0.        ,
         -0.0032324 ,  0.05506423],
        [-0.91433191, -0.99966395, -0.99705798, ...,  0.0032324 ,
          0.        ,  0.05829144],
        [-0.88917116, -0.99645305, -0.99983069, ..., -0.05506423,
         -0.05829144,  0.        ]],

       [[ 0.        , -0.15644312,  0.06905123, ...,  0.63587457,
          0.70330257,  0.8418705 ],
        [ 0.15644312,  0.        ,  0.22427071, ...,  0.50730341,
          0.58342884,  0.74707536],
        [-0.06905123, -0.22427071,  0.        , ...,  0.68765002,
          0.75071174,  0.87712659],
        ...,
        [-0.63587457, -0.50730341, -0.68765002, ...,  0.        ,
         -0.09076632, -0.30658074],
        [-0.70330257, -0.58342884, -0.75071174, ...,  0.09076632,
          0.        , -0.21891981],
        [-0.8418705 , -0.74707536, -0.87712659, ...,  0.30658074,
          0.21891981,  0.        ]]]), 'num': array([ 9.91108502e-01,  1.26671289e-01,  3.51397241e-04,  6.88465445e-05,
        7.15052525e-05,  6.77270885e-05,  4.07204642e-02, -1.25938801e-06,
        7.20929669e-05,  7.71095291e-05,  7.43085569e-05,  8.11440006e-07,
        8.39872831e-05,  7.02317752e-05])}
{'img': array([[[ 0.        , -0.0761141 ,  0.10011527, ...,  0.4648213 ,
          0.22084646,  0.14404922],
        [ 0.0761141 ,  0.        ,  0.17555654, ...,  0.53086468,
          0.29444055,  0.21895162],
        [-0.10011527, -0.17555654,  0.        , ...,  0.37384346,
          0.12209361,  0.04425437],
        ...,
        [-0.4648213 , -0.53086468, -0.37384346, ...,  0.        ,
         -0.25780575, -0.33243163],
        [-0.22084646, -0.29444055, -0.12209361, ...,  0.25780575,
          0.        , -0.07805071],
        [-0.14404922, -0.21895162, -0.04425437, ...,  0.33243163,
          0.07805071,  0.        ]],

       [[ 0.        , -0.00404475,  0.04133816, ...,  0.0153977 ,
          0.19931383,  0.22270435],
        [ 0.00404475,  0.        ,  0.04537911, ...,  0.01944184,
          0.20327579,  0.2266457 ],
        [-0.04133816, -0.04537911,  0.        , ..., -0.02594872,
          0.15863473,  0.182214  ],
        ...,
        [-0.0153977 , -0.01944184,  0.02594872, ...,  0.        ,
          0.18420145,  0.20766695],
        [-0.19931383, -0.20327579, -0.15863473, ..., -0.18420145,
          0.        ,  0.02392767],
        [-0.22270435, -0.2266457 , -0.182214  , ..., -0.20766695,
         -0.02392767,  0.        ]],

       [[ 0.        ,  0.04586155,  0.24005174, ...,  0.97279926,
          0.92868268,  0.84938457],
        [-0.04586155,  0.        ,  0.19527859, ...,  0.96115188,
          0.91069661,  0.8242863 ],
        [-0.24005174, -0.19527859,  0.        , ...,  0.88874679,
          0.81249883,  0.69785548],
        ...,
        [-0.97279926, -0.96115188, -0.88874679, ...,  0.        ,
         -0.14565813, -0.31665889],
        [-0.92868268, -0.91069661, -0.81249883, ...,  0.14565813,
          0.        , -0.17511923],
        [-0.84938457, -0.8242863 , -0.69785548, ...,  0.31665889,
          0.17511923,  0.        ]],

       ...,

       [[ 0.        ,  0.28425507,  0.58456204, ..., -0.95204359,
         -0.98668321, -0.99633788],
        [-0.28425507,  0.        ,  0.32981803, ..., -0.99974192,
         -0.89974609, -0.93093289],
        [-0.58456204, -0.32981803,  0.        , ..., -0.95129365,
         -0.70546325, -0.75839575],
        ...,
        [ 0.95204359,  0.99974192,  0.95129365, ...,  0.        ,
         -0.45674144, -0.38624487],
        [ 0.98668321,  0.89974609,  0.70546325, ...,  0.45674144,
          0.        ,  0.07769337],
        [ 0.99633788,  0.93093289,  0.75839575, ...,  0.38624487,
         -0.07769337,  0.        ]],

       [[ 0.        ,  0.29867197,  0.49786009, ...,  0.92431555,
          0.89980055,  0.87229962],
        [-0.29867197,  0.        ,  0.21611023, ...,  0.99610785,
          0.98904092,  0.97852638],
        [-0.49786009, -0.21611023,  0.        , ...,  0.99161736,
          0.99757574,  0.99994779],
        ...,
        [-0.92431555, -0.99610785, -0.99161736, ...,  0.        ,
          0.05989018,  0.1190693 ],
        [-0.89980055, -0.98904092, -0.99757574, ..., -0.05989018,
          0.        ,  0.05939144],
        [-0.87229962, -0.97852638, -0.99994779, ..., -0.1190693 ,
         -0.05939144,  0.        ]],

       [[ 0.        ,  0.22427071,  0.23486549, ...,  0.58342884,
          0.74707536,  0.85851792],
        [-0.22427071,  0.        ,  0.01088536, ...,  0.75071174,
          0.87712659,  0.95165113],
        [-0.23486549, -0.01088536,  0.        , ...,  0.75785846,
          0.88230242,  0.95493852],
        ...,
        [-0.58342884, -0.75071174, -0.75785846, ...,  0.        ,
         -0.21891981, -0.39808485],
        [-0.74707536, -0.87712659, -0.88230242, ...,  0.21891981,
          0.        , -0.18760267],
        [-0.85851792, -0.95165113, -0.95493852, ...,  0.39808485,
          0.18760267,  0.        ]]]), 'num': array([7.24546955e-01, 6.88962283e-01, 1.43776453e-05, 5.06904162e-05,
       5.08952259e-05, 4.87447234e-05, 1.90436008e-02, 3.07214643e-07,
       5.20831225e-05, 5.61588368e-05, 5.44128336e-05, 6.53380837e-07,
       6.17810047e-05, 5.05366689e-05])}
{'img': array([[[ 0.        ,  0.17555654,  0.0761141 , ...,  0.29444055,
          0.21895162,  0.24448091],
        [-0.17555654,  0.        , -0.10011527, ...,  0.12209361,
          0.04425437,  0.07045484],
        [-0.0761141 ,  0.10011527,  0.        , ...,  0.22084646,
          0.14404922,  0.16996735],
        ...,
        [-0.29444055, -0.12209361, -0.22084646, ...,  0.        ,
         -0.07805071, -0.05186246],
        [-0.21895162, -0.04425437, -0.14404922, ...,  0.07805071,
          0.        ,  0.02624142],
        [-0.24448091, -0.07045484, -0.16996735, ...,  0.05186246,
         -0.02624142,  0.        ]],

       [[ 0.        ,  0.04537911, -0.06067341, ...,  0.20327579,
          0.2266457 ,  0.14312135],
