state_0,state_1,state_2,state_3,state_4,state_5,state_6,state_7,state_8,state_9,state_10,state_11,state_12,state_13,state_14,state_15,state_16,state_17,state_18,state_19,state_20,state_21,state_22,state_23,state_24,state_25,state_26,state_27,state_28,state_29,state_30,state_31,state_32,state_33,state_34,state_35,state_36,state_37,state_38,state_39,state_40,state_41,state_42,state_43,state_44,state_45,state_46,state_47,state_48,state_49,state_50,state_51,state_52,state_53,state_54,state_55,state_56,state_57,state_58,state_59,state_60,state_61,state_62,state_63,state_64,state_65,state_66,state_67,state_68,state_69,state_70,state_71,state_72,state_73,state_74,state_75,state_76,state_77,state_78,state_79,state_80,state_81,state_82,state_83,state_84,state_85,state_86,state_87,state_88,state_89,state_90,state_91,state_92,state_93,state_94,state_95,state_96,state_97,state_98,state_99,state_100,state_101,state_102,state_103,state_104,state_105,state_106,state_107,state_108,state_109,state_110,state_111,state_112,state_113,state_114,state_115,state_116,state_117,state_118,state_119,state_120,state_121,state_122,state_123,state_124,state_125,state_126,state_127,state_128,state_129,state_130,state_131,state_132,state_133,state_134,state_135,state_136,state_137,state_138,state_139,state_140,state_141,state_142,state_143,state_144,state_145,state_146,state_147,state_148,state_149,state_150,state_151,state_152,state_153,state_154,state_155,state_156,state_157,state_158,state_159,state_160,state_161,state_162,state_163,state_164,state_165,state_166,state_167,state_168,state_169,state_170,state_171,state_172,state_173,state_174,state_175,state_176,state_177,state_178,state_179,state_180,state_181,state_182,state_183,state_184,state_185,state_186,state_187,state_188,state_189,state_190,state_191,state_192,state_193,state_194,state_195,state_196,state_197,state_198,state_199,state_200,state_201,state_202,state_203,state_204,state_205,state_206,state_207,state_208,state_209,state_210,state_211,state_212,state_213,state_214,state_215,state_216,state_217,state_218,state_219,state_220,state_221,state_222,state_223,state_224,state_225,state_226,state_227,state_228,state_229,state_230,state_231,state_232,state_233,state_234,state_235,state_236,state_237,state_238,state_239,state_240,state_241,state_242,state_243,state_244,state_245,state_246,state_247,state_248,state_249,state_250,state_251,state_252,state_253,state_254,state_255,state_256,state_257,state_258,state_259,state_260,state_261,state_262,state_263,state_264,state_265,state_266,state_267,state_268,state_269,state_270,state_271,state_272,state_273,state_274,state_275,state_276,state_277,state_278,state_279,state_280,state_281,state_282,state_283,state_284,state_285,state_286,state_287
{'img': array([[[ 0.        ,  0.10259748, -0.12710324, ..., -0.93533381,
         -0.99598992, -0.99328286],
        [-0.10259748,  0.        , -0.22819787, ..., -0.96669355,
         -0.99991297, -0.99991297],
        [ 0.12710324,  0.22819787,  0.        , ..., -0.88278292,
         -0.97654057, -0.97051952],
        ...,
        [ 0.93533381,  0.96669355,  0.88278292, ...,  0.        ,
         -0.26866762, -0.24316119],
        [ 0.99598992,  0.99991297,  0.97654057, ...,  0.26866762,
          0.        ,  0.02638293],
        [ 0.99328286,  0.99991297,  0.97051952, ...,  0.24316119,
         -0.02638293,  0.        ]],

       [[ 0.        , -0.1378403 ,  0.0490216 , ...,  0.54267085,
          0.53743234,  0.30159839],
        [ 0.1378403 ,  0.        ,  0.18622824, ...,  0.65326909,
          0.64854394,  0.43014125],
        [-0.0490216 , -0.18622824,  0.        , ...,  0.50084293,
          0.49544595,  0.25449688],
        ...,
        [-0.54267085, -0.65326909, -0.50084293, ...,  0.        ,
         -0.0062242 , -0.26407521],
        [-0.53743234, -0.64854394, -0.49544595, ...,  0.0062242 ,
          0.        , -0.25806684],
        [-0.30159839, -0.43014125, -0.25449688, ...,  0.26407521,
          0.25806684,  0.        ]],

       [[ 0.        ,  0.10592289,  0.20114262, ..., -0.88072395,
         -0.87963169, -0.89137684],
        [-0.10592289,  0.        ,  0.09625303, ..., -0.92593755,
         -0.92506598, -0.93437318],
        [-0.20114262, -0.09625303,  0.        , ..., -0.95799085,
         -0.95732833, -0.96432935],
        ...,
        [ 0.88072395,  0.92593755,  0.95799085, ...,  0.        ,
          0.00230121, -0.0229832 ],
        [ 0.87963169,  0.92506598,  0.95732833, ..., -0.00230121,
          0.        , -0.02528375],
        [ 0.89137684,  0.93437318,  0.96432935, ...,  0.0229832 ,
          0.02528375,  0.        ]],

       ...,

       [[ 0.        ,  0.05207151, -0.01205968, ...,  0.67738055,
          0.296317  ,  0.33075018],
        [-0.05207151,  0.        , -0.06411104, ...,  0.63815607,
          0.24618204,  0.28116063],
        [ 0.01205968,  0.06411104,  0.        , ...,  0.68620278,
          0.30781353,  0.34210707],
        ...,
        [-0.67738055, -0.63815607, -0.68620278, ...,  0.        ,
         -0.42897865, -0.39594578],
        [-0.296317  , -0.24618204, -0.30781353, ...,  0.42897865,
          0.        ,  0.03625628],
        [-0.33075018, -0.28116063, -0.34210707, ...,  0.39594578,
         -0.03625628,  0.        ]],

       [[ 0.        , -0.01720458, -0.03250331, ..., -0.96099055,
         -0.95980786, -0.95640616],
        [ 0.01720458,  0.        , -0.01530301, ..., -0.96560678,
         -0.9644944 , -0.96128902],
        [ 0.03250331,  0.01530301,  0.        , ..., -0.96947259,
         -0.96842304, -0.96539308],
        ...,
        [ 0.96099055,  0.96560678,  0.96947259, ...,  0.        ,
         -0.00424479, -0.01612355],
        [ 0.95980786,  0.9644944 ,  0.96842304, ...,  0.00424479,
          0.        , -0.01187916],
        [ 0.95640616,  0.96128902,  0.96539308, ...,  0.01612355,
          0.01187916,  0.        ]],

       [[ 0.        , -0.06200648, -0.10421147, ..., -0.92400226,
         -0.9425403 , -0.96035063],
        [ 0.06200648,  0.        , -0.04234207, ..., -0.94593472,
         -0.96144252, -0.97578977],
        [ 0.10421147,  0.04234207,  0.        , ..., -0.95882033,
         -0.97222459, -0.98417532],
        ...,
        [ 0.92400226,  0.94593472,  0.95882033, ...,  0.        ,
          0.05171297,  0.10961839],
        [ 0.9425403 ,  0.96144252,  0.97222459, ..., -0.05171297,
          0.        ,  0.05807038],
        [ 0.96035063,  0.97578977,  0.98417532, ..., -0.10961839,
         -0.05807038,  0.        ]]]), 'num': array([7.07102294e-01, 7.07102294e-01, 0.00000000e+00, 2.89635549e-04,
       2.90787181e-04, 2.80422490e-04, 3.47008723e-03, 6.33397821e-06,
       2.95739201e-04, 2.75931123e-04, 2.88311172e-04, 7.41817267e-07,
       3.15030019e-04, 2.36832228e-04])}
{'img': array([[[ 0.        , -0.22819787, -0.14490269, ..., -0.99991297,
         -0.99991297, -0.9974592 ],
        [ 0.22819787,  0.        ,  0.08471005, ..., -0.97654057,
         -0.97051952, -0.95488417],
        [ 0.14490269, -0.08471005,  0.        , ..., -0.99127145,
         -0.98744816, -0.97660904],
        ...,
        [ 0.99991297,  0.97654057,  0.99127145, ...,  0.        ,
          0.02638293,  0.084393  ],
        [ 0.99991297,  0.97051952,  0.98744816, ..., -0.02638293,
          0.        ,  0.05807481],
        [ 0.9974592 ,  0.95488417,  0.97660904, ..., -0.084393  ,
         -0.05807481,  0.        ]],

       [[ 0.        ,  0.18622824,  0.15030917, ...,  0.64854394,
          0.43014125,  0.36805315],
        [-0.18622824,  0.        , -0.03643276, ...,  0.49544595,
          0.25449688,  0.18845872],
        [-0.15030917,  0.03643276,  0.        , ...,  0.52676394,
          0.28956108,  0.22411353],
        ...,
        [-0.64854394, -0.49544595, -0.52676394, ...,  0.        ,
         -0.25806684, -0.32286555],
        [-0.43014125, -0.25449688, -0.28956108, ...,  0.25806684,
          0.        , -0.06768312],
        [-0.36805315, -0.18845872, -0.22411353, ...,  0.32286555,
          0.06768312,  0.        ]],

       [[ 0.        ,  0.09625303,  0.28412755, ..., -0.92506598,
         -0.93437318, -0.94153161],
        [-0.09625303,  0.        ,  0.19052221, ..., -0.95732833,
         -0.96432935, -0.96959   ],
        [-0.28412755, -0.19052221,  0.        , ..., -0.99485424,
         -0.99709786, -0.99845737],
        ...,
        [ 0.92506598,  0.95732833,  0.99485424, ...,  0.        ,
         -0.02528375, -0.04592221],
        [ 0.93437318,  0.96432935,  0.99709786, ...,  0.02528375,
          0.        , -0.02065045],
        [ 0.94153161,  0.96959   ,  0.99845737, ...,  0.04592221,
          0.02065045,  0.        ]],

       ...,

       [[ 0.        , -0.06411104, -0.16756387, ...,  0.24618204,
          0.28116063,  0.49162903],
        [ 0.06411104,  0.        , -0.10401456, ...,  0.30781353,
          0.34210707,  0.54644584],
        [ 0.16756387,  0.10401456,  0.        , ...,  0.40510818,
          0.43798982,  0.63059341],
        ...,
        [-0.24618204, -0.30781353, -0.40510818, ...,  0.        ,
          0.03625628,  0.26212198],
        [-0.28116063, -0.34210707, -0.43798982, ..., -0.03625628,
          0.        ,  0.22696107],
        [-0.49162903, -0.54644584, -0.63059341, ..., -0.26212198,
         -0.22696107,  0.        ]],

       [[ 0.        , -0.01530301, -0.03638449, ..., -0.9644944 ,
         -0.96128902, -0.95156881],
        [ 0.01530301,  0.        , -0.02108734, ..., -0.96842304,
         -0.96539308, -0.95616208],
        [ 0.03638449,  0.02108734,  0.        , ..., -0.97346504,
         -0.97067797, -0.96212464],
        ...,
        [ 0.9644944 ,  0.96842304,  0.97346504, ...,  0.        ,
         -0.01187916, -0.04520769],
        [ 0.96128902,  0.96539308,  0.97067797, ...,  0.01187916,
          0.        , -0.03333748],
        [ 0.95156881,  0.95616208,  0.96212464, ...,  0.04520769,
          0.03333748,  0.        ]],

       [[ 0.        , -0.08387808, -0.11089912, ..., -0.94276737,
         -0.960552  , -0.9797696 ],
        [ 0.08387808,  0.        , -0.02714762, ..., -0.96741433,
         -0.98049357, -0.99310333],
        [ 0.11089912,  0.02714762,  0.        , ..., -0.97393151,
         -0.98546809, -0.99592016],
        ...,
        [ 0.94276737,  0.96741433,  0.97393151, ...,  0.        ,
          0.05811315,  0.13803041],
        [ 0.960552  ,  0.98049357,  0.98546809, ..., -0.05811315,
          0.        ,  0.08024026],
        [ 0.9797696 ,  0.99310333,  0.99592016, ..., -0.13803041,
         -0.08024026,  0.        ]]]), 'num': array([ 8.04536474e-01,  5.93891876e-01,  8.42578389e-06,  3.28106849e-04,
        3.33356559e-04,  3.26794422e-04,  3.55729509e-03, -1.96864110e-06,
        3.30731704e-04,  3.17640241e-04,  3.26608495e-04,  7.87456439e-07,
        3.56138180e-04,  2.79142302e-04])}
{'img': array([[[ 0.        ,  0.17769904, -0.07426815, ..., -0.98061578,
         -0.96749991, -0.97141075],
        [-0.17769904,  0.        , -0.25029445, ..., -0.99982761,
         -0.99703703, -0.99813728],
        [ 0.07426815,  0.25029445,  0.        , ..., -0.96335548,
         -0.94604768, -0.95109638],
        ...,
        [ 0.98061578,  0.99982761,  0.96335548, ...,  0.        ,
          0.05839719,  0.04246439],
        [ 0.96749991,  0.99703703,  0.94604768, ..., -0.05839719,
          0.        , -0.0159526 ],
        [ 0.97141075,  0.99813728,  0.95109638, ..., -0.04246439,
          0.0159526 ,  0.        ]],

       [[ 0.        , -0.0513387 ,  0.08940164, ...,  0.27946382,
          0.21087572,  0.1803663 ],
        [ 0.0513387 ,  0.        ,  0.14041688, ...,  0.32838847,
          0.26078188,  0.23062518],
        [-0.08940164, -0.14041688,  0.        , ...,  0.19250521,
          0.12264004,  0.09170864],
        ...,
        [-0.27946382, -0.32838847, -0.19250521, ...,  0.        ,
         -0.07070585, -0.10170065],
        [-0.21087572, -0.26078188, -0.12264004, ...,  0.07070585,
          0.        , -0.03110687],
        [-0.1803663 , -0.23062518, -0.09170864, ...,  0.10170065,
          0.03110687,  0.        ]],

       [[ 0.        ,  0.19052221,  0.0124148 , ..., -0.96432935,
         -0.96959   , -0.98157367],
        [-0.19052221,  0.        , -0.17832014, ..., -0.99709786,
         -0.99845737, -0.99999984],
        [-0.0124148 ,  0.17832014,  0.        , ..., -0.9675413 ,
         -0.97255361, -0.98387029],
        ...,
        [ 0.96432935,  0.99709786,  0.9675413 , ...,  0.        ,
         -0.02065045, -0.07555975],
        [ 0.96959   ,  0.99845737,  0.97255361, ...,  0.02065045,
          0.        , -0.05495222],
        [ 0.98157367,  0.99999984,  0.98387029, ...,  0.07555975,
          0.05495222,  0.        ]],

       ...,

       [[ 0.        , -0.10401456, -0.10401456, ...,  0.34210707,
          0.54644584,  0.44427341],
        [ 0.10401456,  0.        ,  0.        , ...,  0.43798982,
          0.63059341,  0.5350493 ],
        [ 0.10401456,  0.        ,  0.        , ...,  0.43798982,
          0.63059341,  0.5350493 ],
        ...,
        [-0.34210707, -0.43798982, -0.43798982, ...,  0.        ,
          0.22696107,  0.11097565],
        [-0.54644584, -0.63059341, -0.63059341, ..., -0.22696107,
          0.        , -0.11747954],
        [-0.44427341, -0.5350493 , -0.5350493 , ..., -0.11097565,
          0.11747954,  0.        ]],

       [[ 0.        , -0.02108734, -0.13997244, ..., -0.96539308,
         -0.95616208, -0.94343004],
        [ 0.02108734,  0.        , -0.11906157, ..., -0.97067797,
         -0.96212464, -0.95021223],
        [ 0.13997244,  0.11906157,  0.        , ..., -0.99239387,
         -0.98773829, -0.98055324],
        ...,
        [ 0.96539308,  0.97067797,  0.99239387, ...,  0.        ,
         -0.03333748, -0.07405121],
        [ 0.95616208,  0.96212464,  0.98773829, ...,  0.03333748,
          0.        , -0.04076409],
        [ 0.94343004,  0.95021223,  0.98055324, ...,  0.07405121,
          0.04076409,  0.        ]],

       [[ 0.        , -0.07273946, -0.08046357, ..., -0.96092   ,
         -0.98005692, -0.99213711],
        [ 0.07273946,  0.        , -0.00774682, ..., -0.97851069,
         -0.99191529, -0.99861267],
        [ 0.08046357,  0.00774682,  0.        , ..., -0.98007869,
         -0.99286861, -0.99899063],
        ...,
        [ 0.96092   ,  0.97851069,  0.98007869, ...,  0.        ,
          0.08035438,  0.15438492],
        [ 0.98005692,  0.99191529,  0.99286861, ..., -0.08035438,
          0.        ,  0.0744947 ],
        [ 0.99213711,  0.99861267,  0.99899063, ..., -0.15438492,
         -0.0744947 ,  0.        ]]]), 'num': array([ 8.02887441e-01,  5.96108216e-01,  8.45722800e-06,  3.22086020e-04,
        3.31965959e-04,  3.22086020e-04,  5.09036865e-03, -7.24528878e-06,
        3.25511065e-04,  3.20241764e-04,  3.25796486e-04,  7.78995210e-07,
        3.57142393e-04,  2.83341135e-04])}
{'img': array([[[ 0.        , -0.25029445, -0.33660885, ..., -0.99703703,
         -0.99813728, -0.99999648],
        [ 0.25029445,  0.        , -0.0902061 , ..., -0.94604768,
         -0.95109638, -0.96750244],
        [ 0.33660885,  0.0902061 ,  0.        , ..., -0.91296151,
         -0.91935472, -0.94074839],
        ...,
        [ 0.99703703,  0.94604768,  0.91296151, ...,  0.        ,
         -0.0159526 , -0.07427815],
        [ 0.99813728,  0.95109638,  0.91935472, ...,  0.0159526 ,
          0.        , -0.05836016],
        [ 0.99999648,  0.96750244,  0.94074839, ...,  0.07427815,
          0.05836016,  0.        ]],

       [[ 0.        ,  0.14041688,  0.07773351, ...,  0.26078188,
          0.23062518,  0.33346648],
        [-0.14041688,  0.        , -0.06302863, ...,  0.12264004,
          0.09170864,  0.19778296],
        [-0.07773351,  0.06302863,  0.        , ...,  0.18494904,
          0.15428932,  0.25917327],
        ...,
        [-0.26078188, -0.12264004, -0.18494904, ...,  0.        ,
         -0.03110687,  0.07607255],
        [-0.23062518, -0.09170864, -0.15428932, ...,  0.03110687,
          0.        ,  0.10705247],
        [-0.33346648, -0.19778296, -0.25917327, ..., -0.07607255,
         -0.10705247,  0.        ]],

       [[ 0.        , -0.17832014, -0.24216658, ..., -0.99845737,
         -0.99999984, -0.99845737],
        [ 0.17832014,  0.        , -0.06527287, ..., -0.97255361,
         -0.98387029, -0.99235562],
        [ 0.24216658,  0.06527287,  0.        , ..., -0.95529197,
         -0.97009591, -0.98218397],
        ...,
        [ 0.99845737,  0.97255361,  0.95529197, ...,  0.        ,
         -0.05495222, -0.1108762 ],
        [ 0.99999984,  0.98387029,  0.97009591, ...,  0.05495222,
          0.        , -0.05609527],
        [ 0.99845737,  0.99235562,  0.98218397, ...,  0.1108762 ,
          0.05609527,  0.        ]],

       ...,

       [[ 0.        ,  0.        , -0.01364619, ...,  0.63059341,
          0.5350493 ,  0.51583155],
        [ 0.        ,  0.        , -0.01364619, ...,  0.63059341,
          0.5350493 ,  0.51583155],
        [ 0.01364619,  0.01364619,  0.        , ...,  0.64112569,
          0.54652807,  0.52747407],
        ...,
        [-0.63059341, -0.63059341, -0.64112569, ...,  0.        ,
         -0.11747954, -0.13987934],
        [-0.5350493 , -0.5350493 , -0.54652807, ...,  0.11747954,
          0.        , -0.02258616],
        [-0.51583155, -0.51583155, -0.52747407, ...,  0.13987934,
          0.02258616,  0.        ]],

       [[ 0.        , -0.11906157, -0.20162704, ..., -0.96212464,
         -0.95021223, -0.94875468],
        [ 0.11906157,  0.        , -0.08357652, ..., -0.98773829,
         -0.98055324, -0.97963114],
        [ 0.20162704,  0.08357652,  0.        , ..., -0.99733042,
         -0.99352481, -0.99298639],
        ...,
        [ 0.96212464,  0.98773829,  0.99733042, ...,  0.        ,
         -0.04076409, -0.04540445],
        [ 0.95021223,  0.98055324,  0.99352481, ...,  0.04076409,
          0.        , -0.00464466],
        [ 0.94875468,  0.97963114,  0.99298639, ...,  0.04540445,
          0.00464466,  0.        ]],

       [[ 0.        , -0.03446846, -0.07709168, ..., -0.9802718 ,
         -0.99228278, -0.99509451],
        [ 0.03446846,  0.        , -0.04267999, ..., -0.98650215,
         -0.99596709, -0.99791314],
        [ 0.07709168,  0.04267999,  0.        , ..., -0.99259202,
         -0.99888878, -0.99975971],
        ...,
        [ 0.9802718 ,  0.98650215,  0.99259202, ...,  0.        ,
          0.07457963,  0.09970749],
        [ 0.99228278,  0.99596709,  0.99888878, ..., -0.07457963,
          0.        ,  0.02522182],
        [ 0.99509451,  0.99791314,  0.99975971, ..., -0.09970749,
         -0.02522182,  0.        ]]]), 'num': array([ 7.33268688e-01,  6.79914067e-01,  2.25600934e-06,  2.85318828e-04,
        2.98589471e-04,  2.82302773e-04,  5.76248725e-03, -9.65137684e-06,
        2.96417911e-04,  2.93703461e-04,  2.96317376e-04,  6.31664404e-07,
        3.26872172e-04,  2.60534751e-04])}
{'img': array([[[ 0.        , -0.23061186, -0.30770293, ..., -0.99694027,
         -0.99982198, -0.99772702],
        [ 0.23061186,  0.        , -0.07998591, ..., -0.9520423 ,
         -0.96852144, -0.98637399],
        [ 0.30770293,  0.07998591,  0.        , ..., -0.92451895,
         -0.94550739, -0.97005448],
        ...,
        [ 0.99694027,  0.9520423 ,  0.92451895, ...,  0.        ,
         -0.05934301, -0.14516871],
        [ 0.99982198,  0.96852144,  0.94550739, ...,  0.05934301,
          0.        , -0.08619849],
        [ 0.99772702,  0.98637399,  0.97005448, ...,  0.14516871,
          0.08619849,  0.        ]],

       [[ 0.        , -0.06302863, -0.23315229, ...,  0.09170864,
          0.19778296,  0.26555818],
        [ 0.06302863,  0.        , -0.17139714, ...,  0.15428932,
          0.25917327,  0.32579575],
        [ 0.23315229,  0.17139714,  0.        , ...,  0.32135093,
          0.42087867,  0.48302037],
        ...,
        [-0.09170864, -0.15428932, -0.32135093, ...,  0.        ,
          0.10705247,  0.17602325],
        [-0.19778296, -0.25917327, -0.42087867, ..., -0.10705247,
          0.        ,  0.06963076],
        [-0.26555818, -0.32579575, -0.48302037, ..., -0.17602325,
         -0.06963076,  0.        ]],

       [[ 0.        , -0.16584886, -0.25654599, ..., -0.99996254,
         -0.99885243, -0.99794664],
        [ 0.16584886,  0.        , -0.09269489, ..., -0.98467874,
         -0.99296264, -0.99474901],
        [ 0.25654599,  0.09269489,  0.        , ..., -0.96427528,
         -0.97770983, -0.98097936],
        ...,
        [ 0.99996254,  0.98467874,  0.96427528, ...,  0.        ,
         -0.05653761, -0.07268612],
        [ 0.99885243,  0.99296264,  0.97770983, ...,  0.05653761,
          0.        , -0.01618179],
        [ 0.99794664,  0.99474901,  0.98097936, ...,  0.07268612,
          0.01618179,  0.        ]],

       ...,

       [[ 0.        , -0.01364619,  0.32622897, ...,  0.5350493 ,
          0.51583155,  0.36024177],
        [ 0.01364619,  0.        ,  0.33909822, ...,  0.54652807,
          0.52747407,  0.3729382 ],
        [-0.32622897, -0.33909822,  0.        , ...,  0.23017214,
          0.2081337 ,  0.0362076 ],
        ...,
        [-0.5350493 , -0.54652807, -0.23017214, ...,  0.        ,
         -0.02258616, -0.19478579],
        [-0.51583155, -0.52747407, -0.2081337 , ...,  0.02258616,
          0.        , -0.17258256],
        [-0.36024177, -0.3729382 , -0.0362076 , ...,  0.19478579,
          0.17258256,  0.        ]],

       [[ 0.        , -0.08357652, -0.14290603, ..., -0.98055324,
         -0.97963114, -0.97898811],
        [ 0.08357652,  0.        , -0.05968735, ..., -0.99352481,
         -0.99298639, -0.99260569],
        [ 0.14290603,  0.05968735,  0.        , ..., -0.99853487,
         -0.99827277, -0.99808105],
        ...,
        [ 0.98055324,  0.99352481,  0.99853487, ...,  0.        ,
         -0.00464466, -0.00782219],
        [ 0.97963114,  0.99298639,  0.99827277, ...,  0.00464466,
          0.        , -0.00317759],
        [ 0.97898811,  0.99260569,  0.99808105, ...,  0.00782219,
          0.00317759,  0.        ]],

       [[ 0.        , -0.06898765, -0.11954047, ..., -0.99231528,
         -0.9951211 , -0.99597996],
        [ 0.06898765,  0.        , -0.0507627 , ..., -0.9984873 ,
         -0.99955663, -0.99978671],
        [ 0.11954047,  0.0507627 ,  0.        , ..., -0.99999107,
         -0.9997794 , -0.99954611],
        ...,
        [ 0.99231528,  0.9984873 ,  0.99999107, ...,  0.        ,
          0.02522857,  0.03434979],
        [ 0.9951211 ,  0.99955663,  0.9997794 , ..., -0.02522857,
          0.        ,  0.00912517],
        [ 0.99597996,  0.99978671,  0.99954611, ..., -0.03434979,
         -0.00912517,  0.        ]]]), 'num': array([7.16626075e-01, 6.97442390e-01, 7.89452049e-07, 2.86323653e-04,
       2.88680227e-04, 2.78664790e-04, 4.53005260e-03, 7.65886316e-06,
       2.88798055e-04, 2.87413569e-04, 2.87590312e-04, 6.37345955e-07,
       3.19362904e-04, 2.55464234e-04])}
{'img': array([[[ 0.        , -0.20793768, -0.383605  , ..., -0.99946237,
         -0.99850586, -0.99986562],
        [ 0.20793768,  0.        , -0.18319031, ..., -0.97079856,
         -0.98804331, -0.97460182],
        [ 0.383605  ,  0.18319031,  0.        , ..., -0.91042355,
         -0.94307945, -0.91708456],
        ...,
        [ 0.99946237,  0.97079856,  0.91042355, ...,  0.        ,
         -0.08735333, -0.01639785],
        [ 0.99850586,  0.98804331,  0.94307945, ...,  0.08735333,
          0.        ,  0.07100641],
        [ 0.99986562,  0.97460182,  0.91708456, ...,  0.01639785,
         -0.07100641,  0.        ]],

       [[ 0.        , -0.17139714, -0.01681297, ...,  0.25917327,
          0.32579575,  0.25762009],
        [ 0.17139714,  0.        ,  0.15480874, ...,  0.42087867,
          0.48302037,  0.41941968],
        [ 0.01681297, -0.15480874,  0.        , ...,  0.27537512,
          0.34164536,  0.27382915],
        ...,
        [-0.25917327, -0.42087867, -0.27537512, ...,  0.        ,
          0.06963076, -0.00160778],
        [-0.32579575, -0.48302037, -0.34164536, ..., -0.06963076,
          0.        , -0.07123455],
        [-0.25762009, -0.41941968, -0.27382915, ...,  0.00160778,
          0.07123455,  0.        ]],

       [[ 0.        , -0.19779184, -0.29764214, ..., -0.99914865,
         -0.99834408, -0.99791788],
        [ 0.19779184,  0.        , -0.10293451, ..., -0.98756943,
         -0.98999876, -0.99096011],
        [ 0.29764214,  0.10293451,  0.        , ..., -0.966144  ,
         -0.97021842, -0.9718869 ],
        ...,
        [ 0.99914865,  0.98756943,  0.966144  , ...,  0.        ,
         -0.01628895, -0.02327329],
        [ 0.99834408,  0.98999876,  0.97021842, ...,  0.01628895,
          0.        , -0.00698566],
        [ 0.99791788,  0.99096011,  0.9718869 , ...,  0.02327329,
          0.00698566,  0.        ]],

       ...,

       [[ 0.        ,  0.33909822,  0.05276999, ...,  0.52747407,
          0.3729382 ,  0.41332455],
        [-0.33909822,  0.        , -0.28898232, ...,  0.2081337 ,
          0.0362076 ,  0.08005814],
        [-0.05276999,  0.28898232,  0.        , ...,  0.48190728,
          0.32345562,  0.36469717],
        ...,
        [-0.52747407, -0.2081337 , -0.48190728, ...,  0.        ,
         -0.17258256, -0.12916073],
        [-0.3729382 , -0.0362076 , -0.32345562, ...,  0.17258256,
          0.        ,  0.04391427],
        [-0.41332455, -0.08005814, -0.36469717, ...,  0.12916073,
         -0.04391427,  0.        ]],

       [[ 0.        , -0.05968735, -0.09493152, ..., -0.99298639,
         -0.99260569, -0.99282553],
        [ 0.05968735,  0.        , -0.03534448, ..., -0.99827277,
         -0.99808105, -0.99819238],
        [ 0.09493152,  0.03534448,  0.        , ..., -0.9997255 ,
         -0.99964601, -0.99969289],
        ...,
        [ 0.99298639,  0.99827277,  0.9997255 , ...,  0.        ,
         -0.00317759, -0.00135287],
        [ 0.99260569,  0.99808105,  0.99964601, ...,  0.00317759,
          0.        ,  0.00182473],
        [ 0.99282553,  0.99819238,  0.99969289, ...,  0.00135287,
         -0.00182473,  0.        ]],

       [[ 0.        , -0.09779984, -0.18524825, ..., -0.99522709,
         -0.99607703, -0.99683076],
        [ 0.09779984,  0.        , -0.08825309, ..., -0.99999998,
         -0.99995629, -0.99983218],
        [ 0.18524825,  0.08825309,  0.        , ..., -0.9960791 ,
         -0.99522938, -0.99431414],
        ...,
        [ 0.99522709,  0.99999998,  0.9960791 , ...,  0.        ,
          0.00913513,  0.01810497],
        [ 0.99607703,  0.99995629,  0.99522938, ..., -0.00913513,
          0.        ,  0.00897058],
        [ 0.99683076,  0.99983218,  0.99431414, ..., -0.01810497,
         -0.00897058,  0.        ]]]), 'num': array([ 7.16217652e-01,  6.97852109e-01,  7.89915819e-07,  2.74112579e-04,
        2.85312878e-04,  2.72344111e-04,  5.83657009e-03, -1.23792778e-05,
        2.84487593e-04,  2.87582412e-04,  2.85784470e-04,  5.13074122e-07,
        3.19550516e-04,  2.55614308e-04])}
{'img': array([[[ 0.        , -0.32778778, -0.27541312, ..., -0.99902275,
         -0.99961838, -0.99608525],
        [ 0.32778778,  0.        ,  0.05491398, ..., -0.95831598,
         -0.93533593, -0.97002863],
        [ 0.27541312, -0.05491398,  0.        , ..., -0.97255947,
         -0.953351  , -0.98190853],
        ...,
        [ 0.99902275,  0.95831598,  0.97255947, ...,  0.        ,
          0.07177934, -0.04428554],
        [ 0.99961838,  0.93533593,  0.953351  , ..., -0.07177934,
          0.        , -0.11588022],
        [ 0.99608525,  0.97002863,  0.98190853, ...,  0.04428554,
          0.11588022,  0.        ]],

       [[ 0.        ,  0.15480874,  0.19814528, ...,  0.48302037,
          0.41941968,  0.49375809],
        [-0.15480874,  0.        ,  0.04401724, ...,  0.34164536,
          0.27382915,  0.353184  ],
        [-0.19814528, -0.04401724,  0.        , ...,  0.29994555,
          0.23122892,  0.31166119],
        ...,
        [-0.48302037, -0.34164536, -0.29994555, ...,  0.        ,
         -0.07123455,  0.01230491],
        [-0.41941968, -0.27382915, -0.23122892, ...,  0.07123455,
          0.        ,  0.08350281],
        [-0.49375809, -0.353184  , -0.31166119, ..., -0.01230491,
         -0.08350281,  0.        ]],

       [[ 0.        , -0.22577962, -0.31720556, ..., -0.99884146,
         -0.99847729, -0.995011  ],
        [ 0.22577962,  0.        , -0.09489516, ..., -0.98391476,
         -0.98514999, -0.99184319],
        [ 0.31720556,  0.09489516,  0.        , ..., -0.96252269,
         -0.96441116, -0.97527155],
        ...,
        [ 0.99884146,  0.98391476,  0.96252269, ...,  0.        ,
         -0.00705162, -0.05176769],
        [ 0.99847729,  0.98514999,  0.96441116, ...,  0.00705162,
          0.        , -0.04472424],
        [ 0.995011  ,  0.99184319,  0.97527155, ...,  0.05176769,
          0.04472424,  0.        ]],

       ...,

       [[ 0.        , -0.28898232, -0.12832697, ...,  0.0362076 ,
          0.08005814, -0.1864564 ],
        [ 0.28898232,  0.        ,  0.16374117, ...,  0.32345562,
          0.36469717,  0.10541338],
        [ 0.12832697, -0.16374117,  0.        , ...,  0.16415105,
          0.20731128, -0.05883824],
        ...,
        [-0.0362076 , -0.32345562, -0.16415105, ...,  0.        ,
          0.04391427, -0.22190677],
        [-0.08005814, -0.36469717, -0.20731128, ..., -0.04391427,
          0.        , -0.2645121 ],
        [ 0.1864564 , -0.10541338,  0.05883824, ...,  0.22190677,
          0.2645121 ,  0.        ]],

       [[ 0.        , -0.03534448, -0.08806707, ..., -0.99808105,
         -0.99819238, -0.99819238],
        [ 0.03534448,  0.        , -0.05280489, ..., -0.99964601,
         -0.99969289, -0.99969289],
        [ 0.08806707,  0.05280489,  0.        , ..., -0.99965626,
         -0.99960676, -0.99960676],
        ...,
        [ 0.99808105,  0.99964601,  0.99965626, ...,  0.        ,
          0.00182473,  0.00182473],
        [ 0.99819238,  0.99969289,  0.99960676, ..., -0.00182473,
          0.        ,  0.        ],
        [ 0.99819238,  0.99969289,  0.99960676, ..., -0.00182473,
          0.        ,  0.        ]],

       [[ 0.        , -0.15789703, -0.19177298, ..., -0.99626916,
         -0.99700478, -0.99700478],
        [ 0.15789703,  0.        , -0.03440095, ..., -0.99739812,
         -0.99670968, -0.99670968],
        [ 0.19177298,  0.03440095,  0.        , ..., -0.9943278 ,
         -0.9933314 , -0.9933314 ],
        ...,
        [ 0.99626916,  0.99739812,  0.9943278 , ...,  0.        ,
          0.00899048,  0.00899048],
        [ 0.99700478,  0.99670968,  0.9933314 , ..., -0.00899048,
          0.        ,  0.        ],
        [ 0.99700478,  0.99670968,  0.9933314 , ..., -0.00899048,
          0.        ,  0.        ]]]), 'num': array([7.12717528e-01, 7.01438969e-01, 4.80961984e-07, 2.75086793e-04,
       2.76846410e-04, 2.69807942e-04, 4.05784107e-03, 2.34615602e-06,
       2.79427182e-04, 2.87022862e-04, 2.82467409e-04, 5.47436404e-07,
       3.16500226e-04, 2.57545498e-04])}
{'img': array([[[ 0.        ,  0.18307692, -0.18463381, ..., -0.97320366,
         -0.99355055, -0.99073779],
        [-0.18307692,  0.        , -0.36144259, ..., -0.99885274,
         -0.99751725, -0.99885274],
        [ 0.18463381,  0.36144259,  0.        , ..., -0.91401615,
         -0.95553317, -0.94863319],
        ...,
        [ 0.97320366,  0.99885274,  0.91401615, ...,  0.        ,
         -0.11811017, -0.09566477],
        [ 0.99355055,  0.99751725,  0.95553317, ...,  0.11811017,
          0.        ,  0.02257331],
        [ 0.99073779,  0.99885274,  0.94863319, ...,  0.09566477,
         -0.02257331,  0.        ]],

       [[ 0.        ,  0.12480673,  0.05031181, ...,  0.39341283,
          0.47323326,  0.36051109],
        [-0.12480673,  0.        , -0.07473024, ...,  0.27559421,
          0.3595862 ,  0.24127818],
        [-0.05031181,  0.07473024,  0.        , ...,  0.34665983,
          0.4283124 ,  0.31312593],
        ...,
        [-0.39341283, -0.27559421, -0.34665983, ...,  0.        ,
          0.08850066, -0.03551759],
        [-0.47323326, -0.3595862 , -0.4283124 , ..., -0.08850066,
          0.        , -0.12382304],
        [-0.36051109, -0.24127818, -0.31312593, ...,  0.03551759,
          0.12382304,  0.        ]],

       [[ 0.        , -0.22723195, -0.33966366, ..., -0.9990834 ,
         -0.99612131, -0.99217546],
        [ 0.22723195,  0.        , -0.11705597, ..., -0.98267497,
         -0.99005769, -0.99459103],
        [ 0.33966366,  0.11705597,  0.        , ..., -0.95422456,
         -0.96678605, -0.97559509],
        ...,
        [ 0.9990834 ,  0.98267497,  0.95422456, ...,  0.        ,
         -0.04526968, -0.08226568],
        [ 0.99612131,  0.99005769,  0.96678605, ...,  0.04526968,
          0.        , -0.03706511],
        [ 0.99217546,  0.99459103,  0.97559509, ...,  0.08226568,
          0.03706511,  0.        ]],

       ...,

       [[ 0.        ,  0.16374117,  0.17578679, ...,  0.36469717,
          0.10541338,  0.18452336],
        [-0.16374117,  0.        ,  0.01222282, ...,  0.20731128,
         -0.05883824,  0.02110349],
        [-0.17578679, -0.01222282,  0.        , ...,  0.19533851,
         -0.07103549,  0.00888181],
        ...,
        [-0.36469717, -0.20731128, -0.19533851, ...,  0.        ,
         -0.2645121 , -0.1866201 ],
        [-0.10541338,  0.05883824,  0.07103549, ...,  0.2645121 ,
          0.        ,  0.07989206],
        [-0.18452336, -0.02110349, -0.00888181, ...,  0.1866201 ,
         -0.07989206,  0.        ]],

       [[ 0.        , -0.05280489, -0.14660091, ..., -0.99969289,
         -0.99969289, -0.99883418],
        [ 0.05280489,  0.        , -0.09416201, ..., -0.99960676,
         -0.99960676, -0.9999897 ],
        [ 0.14660091,  0.09416201,  0.        , ..., -0.99252493,
         -0.99252493, -0.99511936],
        ...,
        [ 0.99969289,  0.99960676,  0.99252493, ...,  0.        ,
          0.        , -0.02350545],
        [ 0.99969289,  0.99960676,  0.99252493, ...,  0.        ,
          0.        , -0.02350545],
        [ 0.99883418,  0.9999897 ,  0.99511936, ...,  0.02350545,
          0.02350545,  0.        ]],

       [[ 0.        , -0.1098719 , -0.12652335, ..., -0.99743943,
         -0.99743943, -0.9990923 ],
        [ 0.1098719 ,  0.        , -0.01676842, ..., -0.99925832,
         -0.99925832, -0.99772386],
        [ 0.12652335,  0.01676842,  0.        , ..., -0.99847212,
         -0.99847212, -0.99645285],
        ...,
        [ 0.99743943,  0.99925832,  0.99847212, ...,  0.        ,
          0.        ,  0.02896252],
        [ 0.99743943,  0.99925832,  0.99847212, ...,  0.        ,
          0.        ,  0.02896252],
        [ 0.9990923 ,  0.99772386,  0.99645285, ..., -0.02896252,
         -0.02896252,  0.        ]]]), 'num': array([ 7.08719273e-01,  7.05485459e-01,  1.39991912e-07,  2.69484430e-04,
        2.76484026e-04,  2.67151232e-04,  2.57666780e-03, -4.08309743e-06,
        2.74734127e-04,  2.85525170e-04,  2.79060266e-04,  5.20900137e-07,
        3.14637607e-04,  2.56412733e-04])}
{'img': array([[[ 0.        , -0.36144259, -0.31438437, ..., -0.99751725,
         -0.99885274, -0.99617997],
        [ 0.36144259,  0.        ,  0.04998571, ..., -0.95553317,
         -0.94863319, -0.96039518],
        [ 0.31438437, -0.04998571,  0.        , ..., -0.96907866,
         -0.96326172, -0.97312272],
        ...,
        [ 0.99751725,  0.95553317,  0.96907866, ...,  0.        ,
          0.02257331, -0.01695362],
        [ 0.99885274,  0.94863319,  0.96326172, ..., -0.02257331,
          0.        , -0.03951937],
        [ 0.99617997,  0.96039518,  0.97312272, ...,  0.01695362,
          0.03951937,  0.        ]],

       [[ 0.        , -0.11432536,  0.21665515, ...,  0.36707002,
          0.24820602,  0.0980203 ],
        [ 0.11432536,  0.        ,  0.32684455, ...,  0.47100796,
          0.35732643,  0.21115243],
        [-0.21665515, -0.32684455,  0.        , ...,  0.15682027,
          0.03243526, -0.11991969],
        ...,
        [-0.36707002, -0.47100796, -0.15682027, ...,  0.        ,
         -0.12470382, -0.27412454],
        [-0.24820602, -0.35732643, -0.03243526, ...,  0.12470382,
          0.        , -0.15205779],
        [-0.0980203 , -0.21115243,  0.11991969, ...,  0.27412454,
          0.15205779,  0.        ]],

       [[ 0.        , -0.25754967, -0.33513906, ..., -0.99711516,
         -0.99356618, -0.98931657],
        [ 0.25754967,  0.        , -0.08117793, ..., -0.98302649,
         -0.98921656, -0.99348843],
        [ 0.33513906,  0.08117793,  0.        , ..., -0.96488893,
         -0.97406244, -0.9809607 ],
        ...,
        [ 0.99711516,  0.98302649,  0.96488893, ...,  0.        ,
         -0.03751103, -0.07026987],
        [ 0.99356618,  0.98921656,  0.97406244, ...,  0.03751103,
          0.        , -0.03280211],
        [ 0.98931657,  0.99348843,  0.9809607 , ...,  0.07026987,
          0.03280211,  0.        ]],

       ...,

       [[ 0.        ,  0.01222282,  0.07892681, ..., -0.05883824,
          0.02110349, -0.03000837],
        [-0.01222282,  0.        ,  0.06673622, ..., -0.07103549,
          0.00888181, -0.04222345],
        [-0.07892681, -0.06673622,  0.        , ..., -0.13744475,
         -0.05787158, -0.10880602],
        ...,
        [ 0.05883824,  0.07103549,  0.13744475, ...,  0.        ,
          0.07989206,  0.02885535],
        [-0.02110349, -0.00888181,  0.05787158, ..., -0.07989206,
          0.        , -0.05109568],
        [ 0.03000837,  0.04222345,  0.10880602, ..., -0.02885535,
          0.05109568,  0.        ]],

       [[ 0.        , -0.09416201, -0.17826573, ..., -0.99960676,
         -0.9999897 , -0.99999647],
        [ 0.09416201,  0.        , -0.08481991, ..., -0.99252493,
         -0.99511936, -0.9953033 ],
        [ 0.17826573,  0.08481991,  0.        , ..., -0.97859657,
         -0.98316333, -0.98350547],
        ...,
        [ 0.99960676,  0.99252493,  0.97859657, ...,  0.        ,
         -0.02350545, -0.02538678],
        [ 0.9999897 ,  0.99511936,  0.98316333, ...,  0.02350545,
          0.        , -0.00188189],
        [ 0.99999647,  0.9953033 ,  0.98350547, ...,  0.02538678,
          0.00188189,  0.        ]],

       [[ 0.        , -0.0301114 ,  0.0509439 , ..., -0.99983088,
         -0.99994339, -0.99991193],
        [ 0.0301114 ,  0.        ,  0.08099309, ..., -0.99993127,
         -0.99916957, -0.99905889],
        [-0.0509439 , -0.08099309,  0.        , ..., -0.99759574,
         -0.99918704, -0.99928967],
        ...,
        [ 0.99983088,  0.99993127,  0.99759574, ...,  0.        ,
          0.02902792,  0.03165817],
        [ 0.99994339,  0.99916957,  0.99918704, ..., -0.02902792,
          0.        ,  0.00263146],
        [ 0.99991193,  0.99905889,  0.99928967, ..., -0.03165817,
         -0.00263146,  0.        ]]]), 'num': array([7.41061026e-01, 6.71419380e-01, 2.93227982e-06, 2.88969484e-04,
       2.91402911e-04, 2.84710987e-04, 4.88753860e-03, 7.90863852e-06,
       2.86779400e-04, 2.98520686e-04, 2.89222966e-04, 4.89131103e-07,
       3.27254454e-04, 2.69786918e-04])}
{'img': array([[[ 0.        ,  0.18542214, -0.63475266, ..., -0.98668348,
         -0.9924604 , -0.98044968],
        [-0.18542214,  0.        , -0.76702393, ..., -0.99973266,
         -0.9979765 , -0.99993317],
        [ 0.63475266,  0.76702393,  0.        , ..., -0.65918163,
         -0.68909049, -0.63270829],
        ...,
        [ 0.98668348,  0.99973266,  0.65918163, ...,  0.        ,
         -0.04049222,  0.03467745],
        [ 0.9924604 ,  0.9979765 ,  0.68909049, ...,  0.04049222,
          0.        ,  0.07511687],
        [ 0.98044968,  0.99993317,  0.63270829, ..., -0.03467745,
         -0.07511687,  0.        ]],

       [[ 0.        ,  0.32684455,  0.5757239 , ...,  0.35732643,
          0.21115243,  0.4043945 ],
