state_0,state_1,state_2,state_3,state_4,state_5,state_6,state_7,state_8,state_9,state_10,state_11,state_12,state_13,state_14,state_15,state_16,state_17,state_18,state_19,state_20,state_21,state_22,state_23,state_24,state_25,state_26,state_27,state_28,state_29,state_30,state_31,state_32,state_33,state_34,state_35,state_36,state_37,state_38,state_39,state_40,state_41,state_42,state_43,state_44,state_45,state_46,state_47,state_48,state_49,state_50,state_51,state_52,state_53,state_54,state_55,state_56,state_57,state_58,state_59,state_60,state_61,state_62,state_63,state_64,state_65,state_66,state_67,state_68,state_69,state_70,state_71,state_72,state_73,state_74,state_75,state_76,state_77,state_78,state_79,state_80,state_81,state_82,state_83,state_84,state_85,state_86,state_87,state_88,state_89,state_90,state_91,state_92,state_93,state_94,state_95,state_96,state_97,state_98,state_99,state_100,state_101,state_102,state_103,state_104,state_105,state_106,state_107,state_108,state_109,state_110,state_111,state_112,state_113,state_114,state_115,state_116,state_117,state_118,state_119,state_120,state_121,state_122,state_123,state_124,state_125,state_126,state_127,state_128,state_129,state_130,state_131,state_132,state_133,state_134,state_135,state_136,state_137,state_138,state_139,state_140,state_141,state_142,state_143,state_144,state_145,state_146,state_147,state_148,state_149,state_150,state_151,state_152,state_153,state_154,state_155,state_156,state_157,state_158,state_159,state_160,state_161,state_162,state_163,state_164,state_165,state_166,state_167,state_168,state_169,state_170,state_171,state_172,state_173,state_174,state_175,state_176,state_177,state_178,state_179,state_180,state_181,state_182,state_183,state_184,state_185,state_186,state_187,state_188,state_189,state_190,state_191,state_192,state_193,state_194,state_195,state_196,state_197,state_198,state_199,state_200,state_201,state_202,state_203,state_204,state_205,state_206,state_207,state_208,state_209,state_210,state_211,state_212,state_213,state_214,state_215,state_216,state_217,state_218,state_219,state_220,state_221,state_222,state_223,state_224,state_225,state_226,state_227,state_228,state_229,state_230,state_231,state_232,state_233,state_234,state_235,state_236,state_237,state_238,state_239,state_240,state_241,state_242,state_243,state_244,state_245,state_246,state_247,state_248,state_249,state_250,state_251,state_252,state_253,state_254,state_255,state_256,state_257,state_258,state_259,state_260,state_261,state_262,state_263,state_264,state_265,state_266,state_267,state_268,state_269,state_270,state_271,state_272,state_273,state_274,state_275,state_276,state_277,state_278,state_279,state_280,state_281,state_282,state_283,state_284,state_285,state_286,state_287
{'img': array([[[ 0.        ,  0.22264871,  0.19079181, ..., -0.66276332,
         -0.66276332, -0.31668325],
        [-0.22264871,  0.        , -0.03255607, ..., -0.81285292,
         -0.81285292, -0.51992338],
        [-0.19079181,  0.03255607,  0.        , ..., -0.79345913,
         -0.79345913, -0.49183796],
        ...,
        [ 0.66276332,  0.81285292,  0.79345913, ...,  0.        ,
          0.        ,  0.3915102 ],
        [ 0.66276332,  0.81285292,  0.79345913, ...,  0.        ,
          0.        ,  0.3915102 ],
        [ 0.31668325,  0.51992338,  0.49183796, ..., -0.3915102 ,
         -0.3915102 ,  0.        ]],

       [[ 0.        ,  0.08605948, -0.15282237, ...,  0.46481005,
          0.06839722,  0.13662567],
        [-0.08605948,  0.        , -0.23730399, ...,  0.38688765,
         -0.01771447,  0.05086631],
        [ 0.15282237,  0.23730399,  0.        , ...,  0.59466076,
          0.22005829,  0.28641013],
        ...,
        [-0.46481005, -0.38688765, -0.59466076, ...,  0.        ,
         -0.40316193, -0.33948162],
        [-0.06839722,  0.01771447, -0.22005829, ...,  0.40316193,
          0.        ,  0.06854987],
        [-0.13662567, -0.05086631, -0.28641013, ...,  0.33948162,
         -0.06854987,  0.        ]],

       [[ 0.        ,  0.2013427 ,  0.23530652, ..., -0.72929219,
         -0.82214248, -0.70473535],
        [-0.2013427 ,  0.        ,  0.0347984 , ..., -0.85211607,
         -0.91992644, -0.83314965],
        [-0.23530652, -0.0347984 ,  0.        , ..., -0.86981184,
         -0.93301343, -0.85189022],
        ...,
        [ 0.72929219,  0.85211607,  0.86981184, ...,  0.        ,
         -0.14733908,  0.03522953],
        [ 0.82214248,  0.91992644,  0.93301343, ...,  0.14733908,
          0.        ,  0.18209266],
        [ 0.70473535,  0.83314965,  0.85189022, ..., -0.03522953,
         -0.18209266,  0.        ]],

       ...,

       [[ 0.        ,  0.15588578,  0.17381599, ...,  0.12070992,
         -0.15270961,  0.1982222 ],
        [-0.15588578,  0.        ,  0.0181782 , ..., -0.03551166,
         -0.30490016,  0.04300639],
        [-0.17381599, -0.0181782 ,  0.        , ..., -0.05367253,
         -0.32216241,  0.02483791],
        ...,
        [-0.12070992,  0.03551166,  0.05367253, ...,  0.        ,
         -0.27088709,  0.07845808],
        [ 0.15270961,  0.30490016,  0.32216241, ...,  0.27088709,
          0.        ,  0.34557668],
        [-0.1982222 , -0.04300639, -0.02483791, ..., -0.07845808,
         -0.34557668,  0.        ]],

       [[ 0.        , -0.19346025, -0.32643747, ...,  0.03748069,
          0.15262759,  0.16019687],
        [ 0.19346025,  0.        , -0.13740818, ...,  0.23009693,
          0.34093779,  0.34813218],
        [ 0.32643747,  0.13740818,  0.        , ...,  0.36163555,
          0.46687932,  0.47364265],
        ...,
        [-0.03748069, -0.23009693, -0.36163555, ...,  0.        ,
          0.11547879,  0.12308768],
        [-0.15262759, -0.34093779, -0.46687932, ..., -0.11547879,
          0.        ,  0.00766355],
        [-0.16019687, -0.34813218, -0.47364265, ..., -0.12308768,
         -0.00766355,  0.        ]],

       [[ 0.        , -0.22050295, -0.3228093 , ..., -0.73088851,
         -0.5129225 , -0.46137945],
        [ 0.22050295,  0.        , -0.10616566, ..., -0.86339122,
         -0.68958502, -0.64565405],
        [ 0.3228093 ,  0.10616566,  0.        , ..., -0.91207602,
         -0.76257347, -0.7230764 ],
        ...,
        [ 0.73088851,  0.86339122,  0.91207602, ...,  0.        ,
         -0.27735221, -0.33355638],
        [ 0.5129225 ,  0.68958502,  0.76257347, ...,  0.27735221,
          0.        , -0.05900211],
        [ 0.46137945,  0.64565405,  0.7230764 , ...,  0.33355638,
          0.05900211,  0.        ]]]), 'num': array([ 6.85713220e-01,  6.85713220e-01,  0.00000000e+00,  8.40684408e-03,
        8.53027246e-03,  8.39312981e-03,  2.42929542e-01, -4.11427932e-05,
        8.37941555e-03,  8.61461518e-03,  8.52912960e-03,  9.86464632e-06,
        9.12180384e-03,  8.10742653e-03])}
{'img': array([[[ 0.        , -0.03255607,  0.20112556, ..., -0.81285292,
         -0.51992338, -0.60395964],
        [ 0.03255607,  0.        ,  0.23290975, ..., -0.79345913,
         -0.49183796, -0.57769181],
        [-0.20112556, -0.23290975,  0.        , ..., -0.91339206,
         -0.68110304, -0.75191807],
        ...,
        [ 0.81285292,  0.79345913,  0.91339206, ...,  0.        ,
          0.3915102 ,  0.29606813],
        [ 0.51992338,  0.49183796,  0.68110304, ..., -0.3915102 ,
          0.        , -0.10152343],
        [ 0.60395964,  0.57769181,  0.75191807, ..., -0.29606813,
          0.10152343,  0.        ]],

       [[ 0.        , -0.23730399,  0.23473754, ..., -0.01771447,
          0.05086631,  0.28208204],
        [ 0.23730399,  0.        ,  0.4587058 , ...,  0.22005829,
          0.28641013,  0.50169163],
        [-0.23473754, -0.4587058 ,  0.        , ..., -0.25192022,
         -0.18498862,  0.04899541],
        ...,
        [ 0.01771447, -0.22005829,  0.25192022, ...,  0.        ,
          0.06854987,  0.29903287],
        [-0.05086631, -0.28641013,  0.18498862, ..., -0.06854987,
          0.        ,  0.23291623],
        [-0.28208204, -0.50169163, -0.04899541, ..., -0.29903287,
         -0.23291623,  0.        ]],

       [[ 0.        ,  0.0347984 ,  0.164729  , ..., -0.91992644,
         -0.83314965, -0.73058707],
        [-0.0347984 ,  0.        ,  0.13030621, ..., -0.93301343,
         -0.85189022, -0.75390563],
        [-0.164729  , -0.13030621,  0.        , ..., -0.97194796,
         -0.91287085, -0.8330866 ],
        ...,
        [ 0.91992644,  0.93301343,  0.97194796, ...,  0.        ,
          0.18209266,  0.34168714],
        [ 0.83314965,  0.85189022,  0.91287085, ..., -0.18209266,
          0.        ,  0.16484142],
        [ 0.73058707,  0.75390563,  0.8330866 , ..., -0.34168714,
         -0.16484142,  0.        ]],

       ...,

       [[ 0.        ,  0.0181782 ,  0.20932518, ..., -0.30490016,
          0.04300639, -0.11935511],
        [-0.0181782 ,  0.        ,  0.19151511, ..., -0.32216241,
          0.02483791, -0.13738364],
        [-0.20932518, -0.19151511,  0.        , ..., -0.49750345,
         -0.16707788, -0.32453977],
        ...,
        [ 0.30490016,  0.32216241,  0.49750345, ...,  0.        ,
          0.34557668,  0.18904869],
        [-0.04300639, -0.02483791,  0.16707788, ..., -0.34557668,
          0.        , -0.16194365],
        [ 0.11935511,  0.13738364,  0.32453977, ..., -0.18904869,
          0.16194365,  0.        ]],

       [[ 0.        , -0.13740818, -0.23359303, ...,  0.34093779,
          0.34813218,  0.36640857],
        [ 0.13740818,  0.        , -0.09777058, ...,  0.46687932,
          0.47364265,  0.49078501],
        [ 0.23359303,  0.09777058,  0.        , ...,  0.55110307,
          0.55748164,  0.57361927],
        ...,
        [-0.34093779, -0.46687932, -0.55110307, ...,  0.        ,
          0.00766355,  0.02722857],
        [-0.34813218, -0.47364265, -0.55748164, ..., -0.00766355,
          0.        ,  0.01956705],
        [-0.36640857, -0.49078501, -0.57361927, ..., -0.02722857,
         -0.01956705,  0.        ]],

       [[ 0.        , -0.22797584, -0.15764838, ..., -0.52689699,
         -0.475488  , -0.24989414],
        [ 0.22797584,  0.        ,  0.07162808, ..., -0.70678541,
         -0.66352228, -0.46405651],
        [ 0.15764838, -0.07162808,  0.        , ..., -0.65429826,
         -0.60822895, -0.39941599],
        ...,
        [ 0.52689699,  0.70678541,  0.65429826, ...,  0.        ,
         -0.05939186, -0.29778789],
        [ 0.475488  ,  0.66352228,  0.60822895, ...,  0.05939186,
          0.        , -0.24056484],
        [ 0.24989414,  0.46405651,  0.39941599, ...,  0.29778789,
          0.24056484,  0.        ]]]), 'num': array([8.76423054e-01, 3.90752509e-01, 1.56921016e-05, 1.07926788e-02,
       1.08624214e-02, 1.07229361e-02, 2.79738911e-01, 1.04614011e-04,
       1.06636548e-02, 1.09504716e-02, 1.08394645e-02, 1.40081439e-05,
       1.15968130e-02, 1.03041301e-02])}
{'img': array([[[ 0.        ,  0.23290975,  0.09835537, ..., -0.49183796,
         -0.57769181, -0.40381649],
        [-0.23290975,  0.        , -0.13613002, ..., -0.68110304,
         -0.75191807, -0.60578603],
        [-0.09835537,  0.13613002,  0.        , ..., -0.57508993,
         -0.65517385, -0.49183796],
        ...,
        [ 0.49183796,  0.68110304,  0.57508993, ...,  0.        ,
         -0.10152343,  0.09835537],
        [ 0.57769181,  0.75191807,  0.65517385, ...,  0.10152343,
          0.        ,  0.19887836],
        [ 0.40381649,  0.60578603,  0.49183796, ..., -0.09835537,
         -0.19887836,  0.        ]],

       [[ 0.        ,  0.4587058 ,  0.16534509, ...,  0.28641013,
          0.50169163,  0.41776181],
        [-0.4587058 ,  0.        , -0.30546836, ..., -0.18498862,
          0.04899541, -0.04554195],
        [-0.16534509,  0.30546836,  0.        , ...,  0.1240496 ,
          0.35175503,  0.26178627],
        ...,
        [-0.28641013,  0.18498862, -0.1240496 , ...,  0.        ,
          0.23291623,  0.14004076],
        [-0.50169163, -0.04899541, -0.35175503, ..., -0.23291623,
          0.        , -0.09443183],
        [-0.41776181,  0.04554195, -0.26178627, ..., -0.14004076,
          0.09443183,  0.        ]],

       [[ 0.        ,  0.13030621,  0.20834552, ..., -0.85189022,
         -0.75390563, -0.72730452],
        [-0.13030621,  0.        ,  0.07912244, ..., -0.91287085,
         -0.8330866 , -0.81053447],
        [-0.20834552, -0.07912244,  0.        , ..., -0.94231053,
         -0.87424079, -0.85433466],
        ...,
        [ 0.85189022,  0.91287085,  0.94231053, ...,  0.        ,
          0.16484142,  0.20376074],
        [ 0.75390563,  0.8330866 ,  0.87424079, ..., -0.16484142,
          0.        ,  0.03959015],
        [ 0.72730452,  0.81053447,  0.85433466, ..., -0.20376074,
         -0.03959015,  0.        ]],

       ...,

       [[ 0.        ,  0.19151511,  0.02702687, ...,  0.02483791,
         -0.13738364,  0.02483791],
        [-0.19151511,  0.        , -0.16491856, ..., -0.16707788,
         -0.32453977, -0.16707788],
        [-0.02702687,  0.16491856,  0.        , ..., -0.0021897 ,
         -0.16410405, -0.0021897 ],
        ...,
        [-0.02483791,  0.16707788,  0.0021897 , ...,  0.        ,
         -0.16194365,  0.        ],
        [ 0.13738364,  0.32453977,  0.16410405, ...,  0.16194365,
          0.        ,  0.16194365],
        [-0.02483791,  0.16707788,  0.0021897 , ...,  0.        ,
         -0.16194365,  0.        ]],

       [[ 0.        , -0.09777058, -0.2196834 , ...,  0.47364265,
          0.49078501,  0.48812865],
        [ 0.09777058,  0.        , -0.12324872, ...,  0.55748164,
          0.57361927,  0.57112141],
        [ 0.2196834 ,  0.12324872,  0.        , ...,  0.65555107,
          0.67020164,  0.66793771],
        ...,
        [-0.47364265, -0.55748164, -0.65555107, ...,  0.        ,
          0.01956705,  0.01652136],
        [-0.49078501, -0.57361927, -0.67020164, ..., -0.01956705,
          0.        , -0.00304619],
        [-0.48812865, -0.57112141, -0.66793771, ..., -0.01652136,
          0.00304619,  0.        ]],

       [[ 0.        ,  0.07162808,  0.24055778, ..., -0.66352228,
         -0.46405651, -0.38903598],
        [-0.07162808,  0.        ,  0.17041519, ..., -0.60822895,
         -0.39941599, -0.32205131],
        [-0.24055778, -0.17041519,  0.        , ..., -0.46406295,
         -0.23734198, -0.15600461],
        ...,
        [ 0.66352228,  0.60822895,  0.46406295, ...,  0.        ,
         -0.24056484, -0.32019189],
        [ 0.46405651,  0.39941599,  0.23734198, ...,  0.24056484,
          0.        , -0.08288908],
        [ 0.38903598,  0.32205131,  0.15600461, ...,  0.32019189,
          0.08288908,  0.        ]]]), 'num': array([8.56182312e-01, 3.79350932e-01, 1.52342294e-05, 1.05962529e-02,
       1.06639606e-02, 1.04777644e-02, 3.49498951e-01, 1.18488451e-04,
       1.04235983e-02, 1.06343385e-02, 1.05214923e-02, 1.34247999e-05,
       1.12603028e-02, 1.00083741e-02])}
{'img': array([[[ 0.        , -0.13613002, -0.41417604, ..., -0.75191807,
         -0.60578603, -0.41417604],
        [ 0.13613002,  0.        , -0.28641536, ..., -0.65517385,
         -0.49183796, -0.28641536],
        [ 0.41417604,  0.28641536,  0.        , ..., -0.41134515,
         -0.22185461,  0.        ],
        ...,
        [ 0.75191807,  0.65517385,  0.41134515, ...,  0.        ,
          0.19887836,  0.41134515],
        [ 0.60578603,  0.49183796,  0.22185461, ..., -0.19887836,
          0.        ,  0.22185461],
        [ 0.41417604,  0.28641536,  0.        , ..., -0.41134515,
         -0.22185461,  0.        ]],

       [[ 0.        , -0.30546836,  0.78706737, ...,  0.04899541,
         -0.04554195,  0.20249165],
        [ 0.30546836,  0.        ,  0.93788067, ...,  0.35175503,
          0.26178627,  0.49195328],
        [-0.78706737, -0.93788067,  0.        , ..., -0.75589845,
         -0.81434406, -0.64585205],
        ...,
        [-0.04899541, -0.35175503,  0.75589845, ...,  0.        ,
         -0.09443183,  0.15426804],
        [ 0.04554195, -0.26178627,  0.81434406, ...,  0.09443183,
          0.        ,  0.24688006],
        [-0.20249165, -0.49195328,  0.64585205, ..., -0.15426804,
         -0.24688006,  0.        ]],

       [[ 0.        ,  0.07912244,  0.07912244, ..., -0.8330866 ,
         -0.81053447, -0.64687472],
        [-0.07912244,  0.        ,  0.        , ..., -0.87424079,
         -0.85433466, -0.70518518],
        [-0.07912244,  0.        ,  0.        , ..., -0.87424079,
         -0.85433466, -0.70518518],
        ...,
        [ 0.8330866 ,  0.87424079,  0.87424079, ...,  0.        ,
          0.03959015,  0.2774948 ],
        [ 0.81053447,  0.85433466,  0.85433466, ..., -0.03959015,
          0.        ,  0.23924192],
        [ 0.64687472,  0.70518518,  0.70518518, ..., -0.2774948 ,
         -0.23924192,  0.        ]],

       ...,

       [[ 0.        , -0.16491856, -0.11265194, ..., -0.32453977,
         -0.16707788, -0.18602411],
        [ 0.16491856,  0.        ,  0.05275935, ..., -0.16410405,
         -0.0021897 , -0.02143699],
        [ 0.11265194, -0.05275935,  0.        , ..., -0.2159196 ,
         -0.05494588, -0.07415436],
        ...,
        [ 0.32453977,  0.16410405,  0.2159196 , ...,  0.        ,
          0.16194365,  0.14291998],
        [ 0.16707788,  0.0021897 ,  0.05494588, ..., -0.16194365,
          0.        , -0.01924774],
        [ 0.18602411,  0.02143699,  0.07415436, ..., -0.14291998,
          0.01924774,  0.        ]],

       [[ 0.        , -0.12324872, -0.23808444, ...,  0.57361927,
          0.57112141,  0.59426365],
        [ 0.12324872,  0.        , -0.1165646 , ...,  0.67020164,
          0.66793771,  0.68885816],
        [ 0.23808444,  0.1165646 ,  0.        , ...,  0.75214475,
          0.75013383,  0.76865952],
        ...,
        [-0.57361927, -0.67020164, -0.75214475, ...,  0.        ,
         -0.00304619,  0.02542952],
        [-0.57112141, -0.66793771, -0.75013383, ...,  0.00304619,
          0.        ,  0.02847461],
        [-0.59426365, -0.68885816, -0.76865952, ..., -0.02542952,
         -0.02847461,  0.        ]],

       [[ 0.        ,  0.17041519, -0.14748098, ..., -0.39941599,
         -0.32205131, -0.431243  ],
        [-0.17041519,  0.        , -0.31387536, ..., -0.23734198,
         -0.15600461, -0.27118024],
        [ 0.14748098,  0.31387536,  0.        , ..., -0.53025445,
         -0.45815316, -0.55958993],
        ...,
        [ 0.39941599,  0.23734198,  0.53025445, ...,  0.        ,
         -0.08288908,  0.03498314],
        [ 0.32205131,  0.15600461,  0.45815316, ...,  0.08288908,
          0.        ,  0.1177011 ],
        [ 0.431243  ,  0.27118024,  0.55958993, ..., -0.03498314,
         -0.1177011 ,  0.        ]]]), 'num': array([ 8.00194026e-01,  5.53057055e-01,  7.92105676e-06,  9.88547884e-03,
        9.98053152e-03,  9.86963673e-03,  2.30286982e-01, -3.16842270e-05,
        9.81577354e-03,  9.94409466e-03,  9.84323320e-03,  1.14960470e-05,
        1.05285033e-02,  9.35968598e-03])}
{'img': array([[[ 0.        , -0.28641536, -0.19378225, ..., -0.49183796,
         -0.28641536, -0.34664701],
        [ 0.28641536,  0.        ,  0.09532238, ..., -0.22185461,
          0.        , -0.06346806],
        [ 0.19378225, -0.09532238,  0.        , ..., -0.31379131,
         -0.09532238, -0.15830925],
        ...,
        [ 0.49183796,  0.22185461,  0.31379131, ...,  0.        ,
          0.22185461,  0.15952091],
        [ 0.28641536,  0.        ,  0.09532238, ..., -0.22185461,
          0.        , -0.06346806],
        [ 0.34664701,  0.06346806,  0.15830925, ..., -0.15952091,
          0.06346806,  0.        ]],

       [[ 0.        ,  0.93788067,  0.37950085, ...,  0.26178627,
          0.49195328,  0.17266028],
        [-0.93788067,  0.        , -0.73604826, ..., -0.81434406,
         -0.64585205, -0.86388919],
        [-0.37950085,  0.73604826,  0.        , ..., -0.12406369,
          0.1247493 , -0.21405749],
        ...,
        [-0.26178627,  0.81434406,  0.12406369, ...,  0.        ,
          0.24688006, -0.09121572],
        [-0.49195328,  0.64585205, -0.1247493 , ..., -0.24688006,
          0.        , -0.33424308],
        [-0.17266028,  0.86388919,  0.21405749, ...,  0.09121572,
          0.33424308,  0.        ]],

       [[ 0.        ,  0.        , -0.03531553, ..., -0.85433466,
         -0.70518518, -0.56012725],
        [ 0.        ,  0.        , -0.03531553, ..., -0.85433466,
         -0.70518518, -0.56012725],
        [ 0.03531553,  0.03531553,  0.        , ..., -0.83544744,
         -0.67970577, -0.53052223],
        ...,
        [ 0.85433466,  0.85433466,  0.83544744, ...,  0.        ,
          0.23924192,  0.41662529],
        [ 0.70518518,  0.70518518,  0.67970577, ..., -0.23924192,
          0.        ,  0.18703685],
        [ 0.56012725,  0.56012725,  0.53052223, ..., -0.41662529,
         -0.18703685,  0.        ]],

       ...,

       [[ 0.        ,  0.05275935,  0.2361905 , ..., -0.0021897 ,
         -0.02143699, -0.15142859],
        [-0.05275935,  0.        ,  0.18459492, ..., -0.05494588,
         -0.07415436, -0.20336863],
        [-0.2361905 , -0.18459492,  0.        , ..., -0.23831768,
         -0.25696668, -0.38061098],
        ...,
        [ 0.0021897 ,  0.05494588,  0.23831768, ...,  0.        ,
         -0.01924774, -0.14926378],
        [ 0.02143699,  0.07415436,  0.25696668, ...,  0.01924774,
          0.        , -0.13020401],
        [ 0.15142859,  0.20336863,  0.38061098, ...,  0.14926378,
          0.13020401,  0.        ]],

       [[ 0.        , -0.1165646 , -0.23148253, ...,  0.66793771,
          0.68885816,  0.58633397],
        [ 0.1165646 ,  0.        , -0.11650595, ...,  0.75013383,
          0.76865952,  0.67676242],
        [ 0.23148253,  0.11650595,  0.        , ...,  0.82206917,
          0.83794892,  0.75792551],
        ...,
        [-0.66793771, -0.75013383, -0.82206917, ...,  0.        ,
          0.02847461, -0.1047161 ],
        [-0.68885816, -0.76865952, -0.83794892, ..., -0.02847461,
          0.        , -0.13299169],
        [-0.58633397, -0.67676242, -0.75792551, ...,  0.1047161 ,
          0.13299169,  0.        ]],

       [[ 0.        , -0.31368307, -0.32969775, ..., -0.17108169,
         -0.27979136, -0.        ],
        [ 0.31368307,  0.        , -0.01691319, ..., -0.4715052 ,
         -0.56682449, -0.31368307],
        [ 0.32969775,  0.01691319,  0.        , ..., -0.48635288,
         -0.58067715, -0.32969775],
        ...,
        [ 0.17108169,  0.4715052 ,  0.48635288, ...,  0.        ,
          0.11141753, -0.17108169],
        [ 0.27979136,  0.56682449,  0.58067715, ..., -0.11141753,
          0.        , -0.27979136],
        [ 0.        ,  0.31368307,  0.32969775, ...,  0.17108169,
          0.27979136,  0.        ]]]), 'num': array([ 1.66692791e-01,  1.23649685e-01,  1.38848728e-06,  2.04967170e-03,
        2.07942500e-03,  2.04636577e-03,  9.78207668e-01, -1.32236884e-05,
        2.05099407e-03,  2.07066430e-03,  2.05325311e-03,  2.33694493e-06,
        2.18944356e-03,  1.95188505e-03])}
{'img': array([[[ 0.        ,  0.09532238,  0.        , ...,  0.        ,
         -0.06346806, -0.19021037],
        [-0.09532238,  0.        , -0.09532238, ..., -0.09532238,
         -0.15830925, -0.28292635],
        [ 0.        ,  0.09532238,  0.        , ...,  0.        ,
         -0.06346806, -0.19021037],
        ...,
        [ 0.        ,  0.09532238,  0.        , ...,  0.        ,
         -0.06346806, -0.19021037],
        [ 0.06346806,  0.15830925,  0.06346806, ...,  0.06346806,
          0.        , -0.12751753],
        [ 0.19021037,  0.28292635,  0.19021037, ...,  0.19021037,
          0.12751753,  0.        ]],

       [[ 0.        , -0.23741119, -0.4213463 , ..., -0.19714179,
         -0.30887223,  0.59049795],
        [ 0.23741119,  0.        , -0.19399153, ...,  0.04124663,
         -0.07423872,  0.38201505],
        [ 0.4213463 ,  0.19399153,  0.        , ...,  0.23428952,
          0.12062779,  0.19547953],
        ...,
        [ 0.19714179, -0.04124663, -0.23428952, ...,  0.        ,
         -0.11530836,  0.41980829],
        [ 0.30887223,  0.07423872, -0.12062779, ...,  0.11530836,
          0.        ,  0.31235272],
        [-0.59049795, -0.38201505, -0.19547953, ..., -0.41980829,
         -0.31235272,  0.        ]],

       [[ 0.        , -0.03531553, -0.08783939, ..., -0.70518518,
         -0.56012725, -0.52867023],
        [ 0.03531553,  0.        , -0.05260558, ..., -0.67970577,
         -0.53052223, -0.49836367],
        [ 0.08783939,  0.05260558,  0.        , ..., -0.64017923,
         -0.48519543, -0.45206626],
        ...,
        [ 0.70518518,  0.67970577,  0.64017923, ...,  0.        ,
          0.18703685,  0.223741  ],
        [ 0.56012725,  0.53052223,  0.48519543, ..., -0.18703685,
          0.        ,  0.03749741],
        [ 0.52867023,  0.49836367,  0.45206626, ..., -0.223741  ,
         -0.03749741,  0.        ]],

       ...,

       [[ 0.        ,  0.18459492,  0.18459492, ..., -0.07415436,
         -0.20336863, -0.24056647],
        [-0.18459492,  0.        ,  0.        , ..., -0.25696668,
         -0.38061098, -0.41560612],
        [-0.18459492,  0.        ,  0.        , ..., -0.25696668,
         -0.38061098, -0.41560612],
        ...,
        [ 0.07415436,  0.25696668,  0.25696668, ...,  0.        ,
         -0.13020401, -0.16792749],
        [ 0.20336863,  0.38061098,  0.38061098, ...,  0.13020401,
          0.        , -0.03814293],
        [ 0.24056647,  0.41560612,  0.41560612, ...,  0.16792749,
          0.03814293,  0.        ]],

       [[ 0.        , -0.11650595, -0.26519819, ...,  0.76865952,
          0.67676242,  0.44827393],
        [ 0.11650595,  0.        , -0.15105787, ...,  0.83794892,
          0.75792551,  0.54936541],
        [ 0.26519819,  0.15105787,  0.        , ...,  0.91077302,
          0.84776951,  0.66928266],
        ...,
        [-0.76865952, -0.83794892, -0.91077302, ...,  0.        ,
         -0.13299169, -0.40035979],
        [-0.67676242, -0.75792551, -0.84776951, ...,  0.13299169,
          0.        , -0.27493545],
        [-0.44827393, -0.54936541, -0.66928266, ...,  0.40035979,
          0.27493545,  0.        ]],

       [[ 0.        , -0.0384624 ,  0.12301654, ..., -0.48895742,
         -0.37558419, -0.12301654],
        [ 0.0384624 ,  0.        ,  0.16109578, ..., -0.52214666,
         -0.41095277, -0.16109578],
        [-0.12301654, -0.16109578,  0.        , ..., -0.37793534,
         -0.2587212 , -0.        ],
        ...,
        [ 0.48895742,  0.52214666,  0.37793534, ...,  0.        ,
         -0.12553505, -0.37793534],
        [ 0.37558419,  0.41095277,  0.2587212 , ...,  0.12553505,
          0.        , -0.2587212 ],
        [ 0.12301654,  0.16109578,  0.        , ...,  0.37793534,
          0.2587212 ,  0.        ]]]), 'num': array([8.51827292e-01, 4.17617659e-01, 1.36974647e-05, 1.05904788e-02,
       1.06405915e-02, 1.04234366e-02, 3.14811505e-01, 2.33859154e-04,
       1.04334591e-02, 1.04585155e-02, 1.03769432e-02, 1.36790506e-05,
       1.10538893e-02, 9.86314162e-03])}
{'img': array([[[ 0.        , -0.09532238, -0.46626061, ..., -0.15830925,
         -0.28292635,  0.16118099],
        [ 0.09532238,  0.        , -0.37981077, ..., -0.06346806,
         -0.19021037,  0.25452307],
        [ 0.46626061,  0.37981077,  0.        , ...,  0.320333  ,
          0.1969199 ,  0.60275253],
        ...,
        [ 0.15830925,  0.06346806, -0.320333  , ...,  0.        ,
         -0.12751753,  0.31538776],
        [ 0.28292635,  0.19021037, -0.1969199 , ...,  0.12751753,
          0.        ,  0.43382244],
        [-0.16118099, -0.25452307, -0.60275253, ..., -0.31538776,
         -0.43382244,  0.        ]],

       [[ 0.        , -0.19399153,  0.02209596, ..., -0.07423872,
          0.38201505,  0.01049296],
        [ 0.19399153,  0.        ,  0.21562038, ...,  0.12062779,
          0.19547953,  0.20427448],
        [-0.02209596, -0.21562038,  0.        , ..., -0.09625558,
          0.4023419 , -0.01160435],
        ...,
        [ 0.07423872, -0.12062779,  0.09625558, ...,  0.        ,
          0.31235272,  0.08469864],
        [-0.38201505, -0.19547953, -0.4023419 , ..., -0.31235272,
          0.        , -0.39169115],
        [-0.01049296, -0.20427448,  0.01160435, ..., -0.08469864,
          0.39169115,  0.        ]],

       [[ 0.        , -0.05260558, -0.2671686 , ..., -0.53052223,
         -0.49836367, -0.32590599],
        [ 0.05260558,  0.        , -0.21610532, ..., -0.48519543,
         -0.45206626, -0.2757213 ],
        [ 0.2671686 ,  0.21610532,  0.        , ..., -0.28476656,
         -0.24862139, -0.06147746],
        ...,
        [ 0.53052223,  0.48519543,  0.28476656, ...,  0.        ,
          0.03749741,  0.22529582],
        [ 0.49836367,  0.45206626,  0.24862139, ..., -0.03749741,
          0.        ,  0.18860401],
        [ 0.32590599,  0.2757213 ,  0.06147746, ..., -0.22529582,
         -0.18860401,  0.        ]],

       ...,

       [[ 0.        ,  0.        , -0.2366413 , ..., -0.38061098,
         -0.41560612, -0.21045419],
        [ 0.        ,  0.        , -0.2366413 , ..., -0.38061098,
         -0.41560612, -0.21045419],
        [ 0.2366413 ,  0.2366413 ,  0.        , ..., -0.15096997,
         -0.18856586,  0.02686474],
        ...,
        [ 0.38061098,  0.38061098,  0.15096997, ...,  0.        ,
         -0.03814293,  0.17747231],
        [ 0.41560612,  0.41560612,  0.18856586, ...,  0.03814293,
          0.        ,  0.2148806 ],
        [ 0.21045419,  0.21045419, -0.02686474, ..., -0.17747231,
         -0.2148806 ,  0.        ]],

       [[ 0.        , -0.15105787, -0.24666303, ...,  0.75792551,
          0.54936541,  0.50743591],
        [ 0.15105787,  0.        , -0.09744218, ...,  0.84776951,
          0.66928266,  0.63177802],
        [ 0.24666303,  0.09744218,  0.        , ...,  0.89541504,
          0.73849798,  0.70430375],
        ...,
        [-0.75792551, -0.84776951, -0.89541504, ...,  0.        ,
         -0.27493545, -0.32207516],
        [-0.54936541, -0.66928266, -0.73849798, ...,  0.27493545,
          0.        , -0.04937798],
        [-0.50743591, -0.63177802, -0.70430375, ...,  0.32207516,
          0.04937798,  0.        ]],

       [[ 0.        ,  0.16109578, -0.38664724, ..., -0.41095277,
         -0.16109578, -0.24000395],
        [-0.16109578,  0.        , -0.53016414, ..., -0.2587212 ,
         -0.        , -0.08048195],
        [ 0.38664724,  0.53016414,  0.        , ..., -0.73148155,
         -0.53016414, -0.59668458],
        ...,
        [ 0.41095277,  0.2587212 ,  0.73148155, ...,  0.        ,
         -0.2587212 , -0.18014021],
        [ 0.16109578,  0.        ,  0.53016414, ...,  0.2587212 ,
          0.        ,  0.08048195],
        [ 0.24000395,  0.08048195,  0.59668458, ...,  0.18014021,
         -0.08048195,  0.        ]]]), 'num': array([8.47012063e-01, 3.92869005e-01, 1.42364595e-05, 1.05614665e-02,
       1.05945745e-02, 1.04124803e-02, 3.56869303e-01, 6.62160907e-05,
       1.04025478e-02, 1.03586797e-02, 1.02861179e-02, 1.97239419e-05,
       1.09384842e-02, 9.77887519e-03])}
{'img': array([[[ 0.        , -0.37981077, -0.5058199 , ..., -0.19021037,
          0.25452307,  0.38220566],
        [ 0.37981077,  0.        , -0.14027626, ...,  0.1969199 ,
          0.60275253,  0.70453928],
        [ 0.5058199 ,  0.14027626,  0.        , ...,  0.33250243,
          0.70872314,  0.79712223],
        ...,
        [ 0.19021037, -0.1969199 , -0.33250243, ...,  0.        ,
          0.43382244,  0.55099694],
        [-0.25452307, -0.60275253, -0.70872314, ..., -0.43382244,
          0.        ,  0.13441937],
        [-0.38220566, -0.70453928, -0.79712223, ..., -0.55099694,
         -0.13441937,  0.        ]],

       [[ 0.        ,  0.21562038,  0.25621866, ...,  0.19547953,
          0.20427448,  0.24864425],
        [-0.21562038,  0.        ,  0.04176897, ...,  0.4023419 ,
         -0.01160435,  0.03394666],
        [-0.25621866, -0.04176897,  0.        , ...,  0.44022983,
         -0.05336038, -0.00782786],
        ...,
        [-0.19547953, -0.4023419 , -0.44022983, ...,  0.        ,
         -0.39169115, -0.43318782],
        [-0.20427448,  0.01160435,  0.05336038, ...,  0.39169115,
          0.        ,  0.04554203],
        [-0.24864425, -0.03394666,  0.00782786, ...,  0.43318782,
         -0.04554203,  0.        ]],

       [[ 0.        , -0.21610532, -0.42711738, ..., -0.45206626,
         -0.2757213 , -0.11299206],
        [ 0.21610532,  0.        , -0.22162302, ..., -0.24862139,
         -0.06147746,  0.10439929],
        [ 0.42711738,  0.22162302,  0.        , ..., -0.02777456,
          0.16125515,  0.32221508],
        ...,
        [ 0.45206626,  0.24862139,  0.02777456, ...,  0.        ,
          0.18860401,  0.34838402],
        [ 0.2757213 ,  0.06147746, -0.16125515, ..., -0.18860401,
          0.        ,  0.16534333],
        [ 0.11299206, -0.10439929, -0.32221508, ..., -0.34838402,
         -0.16534333,  0.        ]],

       ...,

       [[ 0.        , -0.2366413 , -0.22071768, ..., -0.41560612,
         -0.21045419,  0.42327054],
        [ 0.2366413 ,  0.        ,  0.01635653, ..., -0.18856586,
          0.02686474,  0.62564623],
        [ 0.22071768, -0.01635653,  0.        , ..., -0.20460374,
          0.01051051,  0.61280269],
        ...,
        [ 0.41560612,  0.18856586,  0.20460374, ...,  0.        ,
          0.2148806 ,  0.76152401],
        [ 0.21045419, -0.02686474, -0.01051051, ..., -0.2148806 ,
          0.        ,  0.60446305],
        [-0.42327054, -0.62564623, -0.61280269, ..., -0.76152401,
         -0.60446305,  0.        ]],

       [[ 0.        , -0.09744218, -0.18647735, ...,  0.66928266,
          0.63177802,  0.56628256],
        [ 0.09744218,  0.        , -0.08985697, ...,  0.73849798,
          0.70430375,  0.64390066],
        [ 0.18647735,  0.08985697,  0.        , ...,  0.79609709,
          0.76524397,  0.71004627],
        ...,
        [-0.66928266, -0.73849798, -0.79609709, ...,  0.        ,
         -0.04937798, -0.13087784],
        [-0.63177802, -0.70430375, -0.76524397, ...,  0.04937798,
          0.        , -0.08176493],
        [-0.56628256, -0.64390066, -0.71004627, ...,  0.13087784,
          0.08176493,  0.        ]],

       [[ 0.        , -0.53016414, -0.75183476, ..., -0.        ,
         -0.08048195, -0.22904324],
        [ 0.53016414,  0.        , -0.2879124 , ..., -0.53016414,
         -0.59668458, -0.71027502],
        [ 0.75183476,  0.2879124 ,  0.        , ..., -0.75183476,
         -0.80246176, -0.8828682 ],
        ...,
        [ 0.        ,  0.53016414,  0.75183476, ...,  0.        ,
          0.08048195,  0.22904324],
        [ 0.08048195,  0.59668458,  0.80246176, ..., -0.08048195,
          0.        ,  0.1499578 ],
        [ 0.22904324,  0.71027502,  0.8828682 , ..., -0.22904324,
         -0.1499578 ,  0.        ]]]), 'num': array([ 8.35615478e-01,  4.73144153e-01,  1.14887900e-05,  1.03563236e-02,
        1.06025119e-02,  1.03234985e-02,  2.77538968e-01, -1.14887900e-04,
        1.03300635e-02,  1.02611308e-02,  1.01995837e-02,  1.97656603e-05,
        1.08245000e-02,  9.69776151e-03])}
{'img': array([[[ 0.        , -0.14027626,  0.10032083, ...,  0.60275253,
          0.70453928,  0.52202277],
        [ 0.14027626,  0.        ,  0.23889748, ...,  0.70872314,
          0.79712223,  0.63650727],
        [-0.10032083, -0.23889748,  0.        , ...,  0.51966292,
          0.6297908 ,  0.43382244],
        ...,
        [-0.60275253, -0.70872314, -0.51966292, ...,  0.        ,
          0.13441937, -0.09756997],
        [-0.70453928, -0.79712223, -0.6297908 , ..., -0.13441937,
          0.        , -0.23046249],
        [-0.52202277, -0.63650727, -0.43382244, ...,  0.09756997,
          0.23046249,  0.        ]],

       [[ 0.        ,  0.04176897, -0.13033139, ..., -0.01160435,
          0.03394666, -0.04735318],
        [-0.04176897,  0.        , -0.17163035, ..., -0.05336038,
         -0.00782786, -0.08903397],
        [ 0.13033139,  0.17163035,  0.        , ...,  0.11881725,
          0.16391339,  0.08323591],
        ...,
        [ 0.01160435,  0.05336038, -0.11881725, ...,  0.        ,
          0.04554203, -0.03575866],
        [-0.03394666,  0.00782786, -0.16391339, ..., -0.04554203,
          0.        , -0.08123447],
        [ 0.04735318,  0.08903397, -0.08323591, ...,  0.03575866,
          0.08123447,  0.        ]],

       [[ 0.        , -0.22162302, -0.30290446, ..., -0.06147746,
          0.10439929,  0.14753473],
        [ 0.22162302,  0.        , -0.08416058, ...,  0.16125515,
          0.32221508,  0.36306367],
        [ 0.30290446,  0.08416058,  0.        , ...,  0.2437422 ,
          0.40074393,  0.44019342],
        ...,
        [ 0.06147746, -0.16125515, -0.2437422 , ...,  0.        ,
          0.16534333,  0.20806037],
        [-0.10439929, -0.32221508, -0.40074393, ..., -0.16534333,
          0.        ,  0.04347168],
        [-0.14753473, -0.36306367, -0.44019342, ..., -0.20806037,
         -0.04347168,  0.        ]],

       ...,

       [[ 0.        ,  0.01635653,  0.47328492, ...,  0.02686474,
          0.62564623,  0.64329339],
        [-0.01635653,  0.        ,  0.45881298, ...,  0.01051051,
          0.61280269,  0.63068445],
        [-0.47328492, -0.45881298,  0.        , ..., -0.4494487 ,
          0.18192481,  0.20432692],
        ...,
        [-0.02686474, -0.01051051,  0.4494487 , ...,  0.        ,
          0.60446305,  0.62249304],
        [-0.62564623, -0.61280269, -0.18192481, ..., -0.60446305,
          0.        ,  0.02283051],
        [-0.64329339, -0.63068445, -0.20432692, ..., -0.62249304,
         -0.02283051,  0.        ]],

       [[ 0.        , -0.08985697, -0.3227021 , ...,  0.70430375,
          0.64390066,  0.56756521],
        [ 0.08985697,  0.        , -0.23634699, ...,  0.76524397,
          0.71004627,  0.63925103],
        [ 0.3227021 ,  0.23634699,  0.        , ...,  0.89570972,
          0.85635467,  0.80289062],
        ...,
        [-0.70430375, -0.76524397, -0.89570972, ...,  0.        ,
         -0.08176493, -0.17695948],
        [-0.64390066, -0.71004627, -0.85635467, ...,  0.08176493,
          0.        , -0.09589242],
        [-0.56756521, -0.63925103, -0.80289062, ...,  0.17695948,
          0.09589242,  0.        ]],

       [[ 0.        , -0.6053794 , -0.48218951, ..., -0.0837232 ,
         -0.23815128, -0.28978747],
        [ 0.6053794 ,  0.        ,  0.14656039, ..., -0.66989234,
         -0.7775149 , -0.81005577],
        [ 0.48218951, -0.14656039,  0.        , ..., -0.55384369,
         -0.67695245, -0.71537247],
        ...,
        [ 0.0837232 ,  0.66989234,  0.55384369, ...,  0.        ,
          0.15600082,  0.20863931],
        [ 0.23815128,  0.7775149 ,  0.67695245, ..., -0.15600082,
          0.        ,  0.05351727],
        [ 0.28978747,  0.81005577,  0.71537247, ..., -0.20863931,
         -0.05351727,  0.        ]]]), 'num': array([8.50678768e-01, 4.69800954e-01, 1.19961516e-05, 1.05799393e-02,
       1.06299232e-02, 1.04633100e-02, 2.33997600e-01, 6.66452868e-05,
       1.05232908e-02, 1.04041623e-02, 1.03600098e-02, 2.17321587e-05,
       1.09497259e-02, 9.85859881e-03])}
{'img': array([[[ 0.        ,  0.23889748,  0.42141933, ...,  0.79712223,
          0.63650727,  0.73170194],
        [-0.23889748,  0.        ,  0.19256907, ...,  0.6297908 ,
          0.43382244,  0.54767694],
        [-0.42141933, -0.19256907,  0.        , ...,  0.4684224 ,
          0.25219835,  0.37630571],
        ...,
        [-0.79712223, -0.6297908 , -0.4684224 , ...,  0.        ,
         -0.23046249, -0.10152343],
        [-0.63650727, -0.43382244, -0.25219835, ...,  0.23046249,
          0.        ,  0.13048118],
        [-0.73170194, -0.54767694, -0.37630571, ...,  0.10152343,
         -0.13048118,  0.        ]],

       [[ 0.        , -0.17163035, -0.25030842, ..., -0.00782786,
         -0.08903397, -0.14873678],
