state_0,state_1,state_2,state_3,state_4,state_5,state_6,state_7,state_8,state_9,state_10,state_11,state_12,state_13,state_14,state_15,state_16,state_17,state_18,state_19,state_20,state_21,state_22,state_23,state_24,state_25,state_26,state_27,state_28,state_29,state_30,state_31,state_32,state_33,state_34,state_35,state_36,state_37,state_38,state_39,state_40,state_41,state_42,state_43,state_44,state_45,state_46,state_47,state_48,state_49,state_50,state_51,state_52,state_53,state_54,state_55,state_56,state_57,state_58,state_59,state_60,state_61,state_62,state_63,state_64,state_65,state_66,state_67,state_68,state_69,state_70,state_71,state_72,state_73,state_74,state_75,state_76,state_77,state_78,state_79,state_80,state_81,state_82,state_83,state_84,state_85,state_86,state_87,state_88,state_89,state_90,state_91,state_92,state_93,state_94,state_95,state_96,state_97,state_98,state_99,state_100,state_101,state_102,state_103,state_104,state_105,state_106,state_107,state_108,state_109,state_110,state_111,state_112,state_113,state_114,state_115,state_116,state_117,state_118,state_119,state_120,state_121,state_122,state_123,state_124,state_125,state_126,state_127,state_128,state_129,state_130,state_131,state_132,state_133,state_134,state_135,state_136,state_137,state_138,state_139,state_140,state_141,state_142,state_143,state_144,state_145,state_146,state_147,state_148,state_149,state_150,state_151,state_152,state_153,state_154,state_155,state_156,state_157,state_158,state_159,state_160,state_161,state_162,state_163,state_164,state_165,state_166,state_167,state_168,state_169,state_170,state_171,state_172,state_173,state_174,state_175,state_176,state_177,state_178,state_179,state_180,state_181,state_182,state_183,state_184,state_185,state_186,state_187,state_188,state_189,state_190,state_191,state_192,state_193,state_194,state_195,state_196,state_197,state_198,state_199,state_200,state_201,state_202,state_203,state_204,state_205,state_206,state_207,state_208,state_209,state_210,state_211,state_212,state_213,state_214,state_215,state_216,state_217,state_218,state_219,state_220,state_221,state_222,state_223,state_224,state_225,state_226,state_227,state_228,state_229,state_230,state_231,state_232,state_233,state_234,state_235,state_236,state_237,state_238,state_239,state_240,state_241,state_242,state_243,state_244,state_245,state_246,state_247,state_248,state_249,state_250,state_251,state_252,state_253,state_254,state_255,state_256,state_257,state_258,state_259,state_260,state_261,state_262,state_263,state_264,state_265,state_266,state_267,state_268,state_269,state_270,state_271,state_272,state_273,state_274,state_275,state_276,state_277,state_278,state_279,state_280,state_281,state_282,state_283,state_284,state_285,state_286,state_287
{'img': array([[[ 0.00000000e+00, -1.10149070e-01, -9.84430759e-02, ...,
          7.81335235e-01,  9.90030242e-01,  9.96216252e-01],
        [ 1.10149070e-01,  0.00000000e+00,  1.17699837e-02, ...,
          7.07835562e-01,  9.68490943e-01,  9.99727302e-01],
        [ 9.84430759e-02, -1.17699837e-02,  0.00000000e+00, ...,
          7.16100580e-01,  9.71355157e-01,  9.99932907e-01],
        ...,
        [-7.81335235e-01, -7.07835562e-01, -7.16100580e-01, ...,
          0.00000000e+00, -5.07834385e-01, -6.89655172e-01],
        [-9.90030242e-01, -9.68490943e-01, -9.71355157e-01, ...,
          5.07834385e-01,  0.00000000e+00, -2.26364564e-01],
        [-9.96216252e-01, -9.99727302e-01, -9.99932907e-01, ...,
          6.89655172e-01,  2.26364564e-01,  0.00000000e+00]],

       [[ 0.00000000e+00, -2.68500364e-02, -1.29777856e-01, ...,
          5.15018138e-01,  8.44516730e-01,  4.76481576e-01],
        [ 2.68500364e-02,  0.00000000e+00, -1.03108100e-01, ...,
          5.37847755e-01,  8.58591236e-01,  4.99915927e-01],
        [ 1.29777856e-01,  1.03108100e-01,  0.00000000e+00, ...,
          6.21905568e-01,  9.06874559e-01,  5.86550691e-01],
        ...,
        [-5.15018138e-01, -5.37847755e-01, -6.21905568e-01, ...,
          0.00000000e+00,  4.48095005e-01, -4.43658071e-02],
        [-8.44516730e-01, -8.58591236e-01, -9.06874559e-01, ...,
         -4.48095005e-01,  0.00000000e+00, -4.87316198e-01],
        [-4.76481576e-01, -4.99915927e-01, -5.86550691e-01, ...,
          4.43658071e-02,  4.87316198e-01,  0.00000000e+00]],

       [[ 0.00000000e+00, -2.41818236e-02, -3.52193373e-02, ...,
          6.90990950e-01,  8.18437009e-01,  8.84588497e-01],
        [ 2.41818236e-02,  0.00000000e+00, -1.10422170e-02, ...,
          6.73308733e-01,  8.04302894e-01,  8.73052088e-01],
        [ 3.52193373e-02,  1.10422170e-02,  0.00000000e+00, ...,
          6.65103493e-01,  7.97692357e-01,  8.67614378e-01],
        ...,
        [-6.90990950e-01, -6.73308733e-01, -6.65103493e-01, ...,
          0.00000000e+00, -1.94577351e-01, -3.17177566e-01],
        [-8.18437009e-01, -8.04302894e-01, -7.97692357e-01, ...,
          1.94577351e-01,  0.00000000e+00, -1.26584830e-01],
        [-8.84588497e-01, -8.73052088e-01, -8.67614378e-01, ...,
          3.17177566e-01,  1.26584830e-01,  0.00000000e+00]],

       ...,

       [[ 0.00000000e+00, -4.81122217e-02, -2.97358318e-01, ...,
          4.04734576e-01,  6.52655488e-02, -9.91398951e-01],
        [ 4.81122217e-02,  0.00000000e+00, -2.51078047e-01, ...,
          4.48261329e-01,  1.13199610e-01, -9.83954188e-01],
        [ 2.97358318e-01,  2.51078047e-01,  0.00000000e+00, ...,
          6.58341413e-01,  3.59037654e-01, -9.07637364e-01],
        ...,
        [-4.04734576e-01, -4.48261329e-01, -6.58341413e-01, ...,
          0.00000000e+00, -3.44190604e-01, -9.59538527e-01],
        [-6.52655488e-02, -1.13199610e-01, -3.59037654e-01, ...,
          3.44190604e-01,  0.00000000e+00, -9.97826813e-01],
        [ 9.91398951e-01,  9.83954188e-01,  9.07637364e-01, ...,
          9.59538527e-01,  9.97826813e-01,  0.00000000e+00]],

       [[ 0.00000000e+00,  1.63819080e-02,  5.18914837e-02, ...,
          3.35323522e-01,  5.14120656e-01,  6.76361344e-01],
        [-1.63819080e-02,  0.00000000e+00,  3.55246831e-02, ...,
          3.50711970e-01,  5.28102720e-01,  6.88337003e-01],
        [-5.18914837e-02, -3.55246831e-02,  0.00000000e+00, ...,
          3.83758875e-01,  5.57936250e-01,  7.13671812e-01],
        ...,
        [-3.35323522e-01, -3.50711970e-01, -3.83758875e-01, ...,
          0.00000000e+00, -1.96741654e-01, -3.90212838e-01],
        [-5.14120656e-01, -5.28102720e-01, -5.57936250e-01, ...,
          1.96741654e-01,  0.00000000e+00, -2.01441374e-01],
        [-6.76361344e-01, -6.88337003e-01, -7.13671812e-01, ...,
          3.90212838e-01,  2.01441374e-01,  0.00000000e+00]],

       [[ 0.00000000e+00,  8.97837511e-04,  8.87456137e-03, ...,
          9.74835283e-01,  9.95459548e-01,  6.53088292e-01],
        [-8.97837511e-04,  0.00000000e+00,  7.97675564e-03, ...,
          9.74634739e-01,  9.95544608e-01,  6.53767945e-01],
        [-8.87456137e-03, -7.97675564e-03,  0.00000000e+00, ...,
          9.72818521e-01,  9.96265077e-01,  6.59783117e-01],
        ...,
        [-9.74835283e-01, -9.74634739e-01, -9.72818521e-01, ...,
          0.00000000e+00,  3.14704425e-01,  8.83815600e-01],
        [-9.95459548e-01, -9.95544608e-01, -9.96265077e-01, ...,
         -3.14704425e-01,  0.00000000e+00,  6.91678803e-01],
        [-6.53088292e-01, -6.53767945e-01, -6.59783117e-01, ...,
         -8.83815600e-01, -6.91678803e-01,  0.00000000e+00]]]), 'num': array([ 7.07037307e-01,  7.07037307e-01,  0.00000000e+00,  1.91638769e-03,
        1.94382495e-03,  1.89739265e-03,  1.29064278e-02, -2.53267095e-05,
        1.98856881e-03,  1.98951856e-03,  1.73058813e-03,  6.53268301e-07,
        2.13311276e-03,  1.84592436e-03])}
{'img': array([[[ 0.        ,  0.01176998, -0.11630611, ...,  0.96849094,
          0.9997273 ,  0.99707359],
        [-0.01176998,  0.        , -0.12798816, ...,  0.97135516,
          0.99993291,  0.99610474],
        [ 0.11630611,  0.12798816,  0.        , ...,  0.9329523 ,
          0.99022658,  0.9991982 ],
        ...,
        [-0.96849094, -0.97135516, -0.9329523 , ...,  0.        ,
         -0.22636456, -0.32235888],
        [-0.9997273 , -0.99993291, -0.99022658, ...,  0.22636456,
          0.        , -0.09971063],
        [-0.99707359, -0.99610474, -0.9991982 , ...,  0.32235888,
          0.09971063,  0.        ]],

       [[ 0.        , -0.1031081 ,  0.07775327, ...,  0.85859124,
          0.49991593,  0.43594713],
        [ 0.1031081 ,  0.        ,  0.18013481, ...,  0.90687456,
          0.58655069,  0.52641803],
        [-0.07775327, -0.18013481,  0.        , ...,  0.81613091,
          0.43106241,  0.36465157],
        ...,
        [-0.85859124, -0.90687456, -0.81613091, ...,  0.        ,
         -0.4873162 , -0.54921531],
        [-0.49991593, -0.58655069, -0.43106241, ...,  0.4873162 ,
          0.        , -0.07234803],
        [-0.43594713, -0.52641803, -0.36465157, ...,  0.54921531,
          0.07234803,  0.        ]],

       [[ 0.        , -0.01104222, -0.04833362, ...,  0.80430289,
          0.87305209,  0.93194659],
        [ 0.01104222,  0.        , -0.03730136, ...,  0.79769236,
          0.86761438,  0.92788591],
        [ 0.04833362,  0.03730136,  0.        , ...,  0.77464208,
          0.84846293,  0.91333182],
        ...,
        [-0.80430289, -0.79769236, -0.77464208, ...,  0.        ,
         -0.12658483, -0.2621442 ],
        [-0.87305209, -0.86761438, -0.84846293, ...,  0.12658483,
          0.        , -0.13787746],
        [-0.93194659, -0.92788591, -0.91333182, ...,  0.2621442 ,
          0.13787746,  0.        ]],

       ...,

       [[ 0.        , -0.19850812, -0.23578621, ...,  0.0923535 ,
         -0.72683885, -0.97793451],
        [ 0.19850812,  0.        , -0.03818271, ...,  0.28817534,
         -0.57603724, -0.99994354],
        [ 0.23578621,  0.03818271,  0.        , ...,  0.32452811,
         -0.54440573, -0.99962009],
        ...,
        [-0.0923535 , -0.28817534, -0.32452811, ...,  0.        ,
         -0.78716167, -0.95446137],
        [ 0.72683885,  0.57603724,  0.54440573, ...,  0.78716167,
          0.        , -0.82349842],
        [ 0.97793451,  0.99994354,  0.99962009, ...,  0.95446137,
          0.82349842,  0.        ]],

       [[ 0.        ,  0.03552468, -0.06232506, ...,  0.52810272,
          0.688337  ,  0.6947924 ],
        [-0.03552468,  0.        , -0.09774134, ...,  0.55793625,
          0.71367181,  0.71990356],
        [ 0.06232506,  0.09774134,  0.        , ...,  0.47415081,
          0.64178877,  0.64861683],
        ...,
        [-0.52810272, -0.55793625, -0.47415081, ...,  0.        ,
         -0.20144137, -0.21018721],
        [-0.688337  , -0.71367181, -0.64178877, ...,  0.20144137,
          0.        , -0.00893709],
        [-0.6947924 , -0.71990356, -0.64861683, ...,  0.21018721,
          0.00893709,  0.        ]],

       [[ 0.        ,  0.0079305 ,  0.03761914, ...,  0.99731819,
          0.78991634,  0.65089663],
        [-0.0079305 ,  0.        ,  0.02969307, ...,  0.99786724,
          0.7947546 ,  0.65689673],
        [-0.03761914, -0.02969307,  0.        , ...,  0.99936549,
          0.8124258 ,  0.67899507],
        ...,
        [-0.99731819, -0.99786724, -0.99936549, ...,  0.        ,
          0.55375798,  0.70949283],
        [-0.78991634, -0.7947546 , -0.8124258 , ..., -0.55375798,
          0.        ,  0.20053859],
        [-0.65089663, -0.65689673, -0.67899507, ..., -0.70949283,
         -0.20053859,  0.        ]]]), 'num': array([ 7.06896851e-01,  7.06896851e-01,  0.00000000e+00,  1.74719580e-03,
        1.89912587e-03,  1.61003671e-03,  2.37865093e-02, -1.68811188e-04,
        1.93120000e-03,  1.98427001e-03,  1.73421844e-03,  4.47866418e-07,
        2.15167886e-03,  1.81686117e-03])}
{'img': array([[[ 0.        , -0.12798816, -0.2375995 , ...,  0.99993291,
          0.99610474,  0.78604797],
        [ 0.12798816,  0.        , -0.11132243, ...,  0.99022658,
          0.9991982 ,  0.85870113],
        [ 0.2375995 ,  0.11132243,  0.        , ...,  0.96854575,
          0.98853053,  0.91041389],
        ...,
        [-0.99993291, -0.99022658, -0.96854575, ...,  0.        ,
         -0.09971063, -0.62722938],
        [-0.99610474, -0.9991982 , -0.98853053, ...,  0.09971063,
          0.        , -0.54644548],
        [-0.78604797, -0.85870113, -0.91041389, ...,  0.62722938,
          0.54644548,  0.        ]],

       [[ 0.        ,  0.18013481,  0.24061103, ...,  0.58655069,
          0.52641803,  0.75045904],
        [-0.18013481,  0.        ,  0.06183235, ...,  0.43106241,
          0.36465157,  0.61912883],
        [-0.24061103, -0.06183235,  0.        , ...,  0.3744449 ,
          0.306379  ,  0.56938787],
        ...,
        [-0.58655069, -0.43106241, -0.3744449 , ...,  0.        ,
         -0.07234803,  0.22014488],
        [-0.52641803, -0.36465157, -0.306379  , ...,  0.07234803,
          0.        ,  0.2901411 ],
        [-0.75045904, -0.61912883, -0.56938787, ..., -0.22014488,
         -0.2901411 ,  0.        ]],

       [[ 0.        , -0.03730136, -0.11319907, ...,  0.86761438,
          0.92788591,  0.99573184],
        [ 0.03730136,  0.        , -0.07605868, ...,  0.84846293,
          0.91333182,  0.9915962 ],
        [ 0.11319907,  0.07605868,  0.        , ...,  0.8057508 ,
          0.87971389,  0.97888406],
        ...,
        [-0.86761438, -0.84846293, -0.8057508 , ...,  0.        ,
         -0.13787746, -0.41504018],
        [-0.92788591, -0.91333182, -0.87971389, ...,  0.13787746,
          0.        , -0.28563491],
        [-0.99573184, -0.9915962 , -0.97888406, ...,  0.41504018,
          0.28563491,  0.        ]],

       ...,

       [[ 0.        , -0.03241383, -0.4812245 , ..., -0.47152515,
         -0.79278043, -0.98541638],
        [ 0.03241383,  0.        , -0.45255775, ..., -0.44269315,
         -0.77260738, -0.99041413],
        [ 0.4812245 ,  0.45255775,  0.        , ...,  0.01103137,
         -0.40163939, -0.94569877],
        ...,
        [ 0.47152515,  0.44269315, -0.01103137, ...,  0.        ,
         -0.41171746, -0.94922691],
        [ 0.79278043,  0.77260738,  0.40163939, ...,  0.41171746,
          0.        , -0.73551834],
        [ 0.98541638,  0.99041413,  0.94569877, ...,  0.94922691,
          0.73551834,  0.        ]],

       [[ 0.        , -0.09774134, -0.07202195, ...,  0.71367181,
          0.71990356,  0.65076564],
        [ 0.09774134,  0.        ,  0.02581041, ...,  0.64178877,
          0.64861683,  0.57343677],
        [ 0.07202195, -0.02581041,  0.        , ...,  0.66136849,
          0.66804544,  0.59439091],
        ...,
        [-0.71367181, -0.64178877, -0.66136849, ...,  0.        ,
         -0.00893709,  0.08602731],
        [-0.71990356, -0.64861683, -0.66804544, ...,  0.00893709,
          0.        ,  0.09492783],
        [-0.65076564, -0.57343677, -0.59439091, ..., -0.08602731,
         -0.09492783,  0.        ]],

       [[ 0.        ,  0.02969307,  0.01106663, ...,  0.7947546 ,
          0.65689673,  0.9405023 ],
        [-0.02969307,  0.        , -0.0186295 , ...,  0.8124258 ,
          0.67899507,  0.95017693],
        [-0.01106663,  0.0186295 ,  0.        , ...,  0.80142261,
          0.66520052,  0.94420501],
        ...,
        [-0.7947546 , -0.8124258 , -0.80142261, ...,  0.        ,
          0.20053859, -0.30077238],
        [-0.65689673, -0.67899507, -0.66520052, ..., -0.20053859,
          0.        , -0.48591527],
        [-0.9405023 , -0.95017693, -0.94420501, ...,  0.30077238,
          0.48591527,  0.        ]]]), 'num': array([7.28208343e-01, 6.85023785e-01, 4.98666956e-07, 1.87758950e-03,
       1.93396054e-03, 1.82989092e-03, 2.06143066e-02, 8.23884537e-05,
       1.93656228e-03, 2.03672930e-03, 1.78728742e-03, 6.96894815e-07,
       2.21529794e-03, 1.85816066e-03])}
{'img': array([[[ 0.        , -0.11132243,  0.36247737, ...,  0.9991982 ,
          0.85870113,  0.96270199],
        [ 0.11132243,  0.        ,  0.46397601, ...,  0.98853053,
          0.91041389,  0.986838  ],
        [-0.36247737, -0.46397601,  0.        , ...,  0.94575776,
          0.61454188,  0.79915778],
        ...,
        [-0.9991982 , -0.98853053, -0.94575776, ...,  0.        ,
         -0.54644548, -0.30889062],
        [-0.85870113, -0.91041389, -0.61454188, ...,  0.54644548,
          0.        ,  0.26102872],
        [-0.96270199, -0.986838  , -0.79915778, ...,  0.30889062,
         -0.26102872,  0.        ]],

       [[ 0.        ,  0.1615024 ,  0.49785901, ...,  0.50093702,
          0.73817097,  0.67269598],
        [-0.1615024 ,  0.        ,  0.35125903, ...,  0.35458317,
          0.61952877,  0.54436634],
        [-0.49785901, -0.35125903,  0.        , ...,  0.00355275,
          0.30432217,  0.21502562],
        ...,
        [-0.50093702, -0.35458317, -0.00355275, ...,  0.        ,
          0.30093601,  0.21155462],
        [-0.73817097, -0.61952877, -0.30432217, ..., -0.30093601,
          0.        , -0.09237682],
        [-0.67269598, -0.54436634, -0.21502562, ..., -0.21155462,
          0.09237682,  0.        ]],

       [[ 0.        , -0.07605868, -0.02729402, ...,  0.91333182,
          0.9915962 ,  0.99797148],
        [ 0.07605868,  0.        ,  0.04881539, ...,  0.87971389,
          0.97888406,  0.99992279],
        [ 0.02729402, -0.04881539,  0.        , ...,  0.90187699,
          0.98769571,  0.99933729],
        ...,
        [-0.91333182, -0.87971389, -0.90187699, ...,  0.        ,
         -0.28563491, -0.46453513],
        [-0.9915962 , -0.97888406, -0.98769571, ...,  0.28563491,
          0.        , -0.19223657],
        [-0.99797148, -0.99992279, -0.99933729, ...,  0.46453513,
          0.19223657,  0.        ]],

       ...,

       [[ 0.        , -0.45255775, -0.07925761, ..., -0.77260738,
         -0.99041413, -0.73828306],
        [ 0.45255775,  0.        ,  0.38045729, ..., -0.40163939,
         -0.94569877, -0.35310677],
        [ 0.07925761, -0.38045729,  0.        , ..., -0.71985749,
         -0.99824629, -0.682502  ],
        ...,
        [ 0.77260738,  0.40163939,  0.71985749, ...,  0.        ,
         -0.73551834,  0.05239256],
        [ 0.99041413,  0.94569877,  0.99824629, ...,  0.73551834,
          0.        ,  0.77000436],
        [ 0.73828306,  0.35310677,  0.682502  , ..., -0.05239256,
         -0.77000436,  0.        ]],

       [[ 0.        ,  0.02581041,  0.22520136, ...,  0.64861683,
          0.57343677,  0.55378635],
        [-0.02581041,  0.        ,  0.19997894, ...,  0.66804544,
          0.59439091,  0.57509312],
        [-0.22520136, -0.19997894,  0.        , ...,  0.80335947,
          0.74320264,  0.72707671],
        ...,
        [-0.64861683, -0.66804544, -0.80335947, ...,  0.        ,
          0.09492783,  0.11858135],
        [-0.57343677, -0.59439091, -0.74320264, ..., -0.09492783,
          0.        ,  0.02378781],
        [-0.55378635, -0.57509312, -0.72707671, ..., -0.11858135,
         -0.02378781,  0.        ]],

       [[ 0.        , -0.0186295 , -0.01480712, ...,  0.67899507,
          0.95017693,  0.96996758],
        [ 0.0186295 ,  0.        ,  0.00382291, ...,  0.66520052,
          0.94420501,  0.96526791],
        [ 0.01480712, -0.00382291,  0.        , ...,  0.66805009,
          0.94545721,  0.96625964],
        ...,
        [-0.67899507, -0.66520052, -0.66805009, ...,  0.        ,
         -0.48591527, -0.54693988],
        [-0.95017693, -0.94420501, -0.94545721, ...,  0.48591527,
          0.        , -0.07123408],
        [-0.96996758, -0.96526791, -0.96625964, ...,  0.54693988,
          0.07123408,  0.        ]]]), 'num': array([7.19255239e-01, 6.94554203e-01, 2.78164817e-07, 1.90007967e-03,
       1.93431534e-03, 1.84230698e-03, 1.53863659e-02, 4.70740459e-05,
       1.88724130e-03, 2.00941984e-03, 1.77037641e-03, 7.61598586e-07,
       2.18714829e-03, 1.83169139e-03])}
{'img': array([[[ 0.        ,  0.46397601,  0.68871771, ...,  0.91041389,
          0.986838  ,  0.99999558],
        [-0.46397601,  0.        ,  0.2737027 , ...,  0.61454188,
          0.79915778,  0.8844647 ],
        [-0.68871771, -0.2737027 ,  0.        , ...,  0.37515546,
          0.60411288,  0.7229792 ],
        ...,
        [-0.91041389, -0.61454188, -0.37515546, ...,  0.        ,
          0.26102872,  0.41099061],
        [-0.986838  , -0.79915778, -0.60411288, ..., -0.26102872,
          0.        ,  0.15877788],
        [-0.99999558, -0.8844647 , -0.7229792 , ..., -0.41099061,
         -0.15877788,  0.        ]],

       [[ 0.        ,  0.42319421,  0.62304576, ...,  0.68517899,
          0.61352083,  0.49538856],
        [-0.42319421,  0.        ,  0.23348742, ...,  0.31255491,
          0.22168641,  0.08122459],
        [-0.62304576, -0.23348742,  0.        , ...,  0.08212621,
         -0.01211883, -0.15373641],
        ...,
        [-0.68517899, -0.31255491, -0.08212621, ...,  0.        ,
         -0.09419807, -0.23436696],
        [-0.61352083, -0.22168641,  0.01211883, ...,  0.09419807,
          0.        , -0.14175036],
        [-0.49538856, -0.08122459,  0.15373641, ...,  0.23436696,
          0.14175036,  0.        ]],

       [[ 0.        ,  0.04881539,  0.20782655, ...,  0.97888406,
          0.99992279,  0.99690036],
        [-0.04881539,  0.        ,  0.15982925, ...,  0.98769571,
          0.99933729,  0.99187135],
        [-0.20782655, -0.15982925,  0.        , ...,  0.99999393,
          0.98067268,  0.95878309],
        ...,
        [-0.97888406, -0.98769571, -0.99999393, ...,  0.        ,
         -0.19223657, -0.28079576],
        [-0.99992279, -0.99933729, -0.98067268, ...,  0.19223657,
          0.        , -0.09105611],
        [-0.99690036, -0.99187135, -0.95878309, ...,  0.28079576,
          0.09105611,  0.        ]],

       ...,

       [[ 0.        ,  0.38045729,  0.76475825, ..., -0.94569877,
         -0.35310677, -0.21830306],
        [-0.38045729,  0.        ,  0.46211205, ..., -0.99824629,
         -0.682502  , -0.57316739],
        [-0.76475825, -0.46211205,  0.        , ..., -0.85791046,
         -0.94300765, -0.88696951],
        ...,
        [ 0.94569877,  0.99824629,  0.85791046, ...,  0.        ,
          0.77000436,  0.85193131],
        [ 0.35310677,  0.682502  ,  0.94300765, ..., -0.77000436,
          0.        ,  0.14034956],
        [ 0.21830306,  0.57316739,  0.88696951, ..., -0.85193131,
         -0.14034956,  0.        ]],

       [[ 0.        ,  0.22377355,  0.45144659, ...,  0.57347979,
          0.55382826,  0.54992282],
        [-0.22377355,  0.        ,  0.24032571, ...,  0.74225671,
          0.7261046 ,  0.72287654],
        [-0.45144659, -0.24032571,  0.        , ...,  0.8815489 ,
          0.87006832,  0.86775029],
        ...,
        [-0.57347979, -0.74225671, -0.8815489 , ...,  0.        ,
          0.02378998,  0.02847159],
        [-0.55382826, -0.7261046 , -0.87006832, ..., -0.02378998,
          0.        ,  0.0046832 ],
        [-0.54992282, -0.72287654, -0.86775029, ..., -0.02847159,
         -0.0046832 ,  0.        ]],

       [[ 0.        ,  0.00382291, -0.06309533, ...,  0.94420501,
          0.96526791,  0.96950264],
        [-0.00382291,  0.        , -0.06691016, ...,  0.94545721,
          0.96625964,  0.97043247],
        [ 0.06309533,  0.06691016,  0.        , ...,  0.92154271,
          0.9468602 ,  0.95210745],
        ...,
        [-0.94420501, -0.94545721, -0.92154271, ...,  0.        ,
         -0.07123408, -0.08790717],
        [-0.96526791, -0.96625964, -0.9468602 , ...,  0.07123408,
          0.        , -0.01672554],
        [-0.96950264, -0.97043247, -0.95210745, ...,  0.08790717,
          0.01672554,  0.        ]]]), 'num': array([ 7.12653505e-01,  7.01394884e-01,  1.27216055e-07,  1.87643681e-03,
        1.91036109e-03,  1.84251253e-03,  1.18799229e-02, -6.36080274e-06,
        1.85523413e-03,  1.99135531e-03,  1.76084689e-03,  7.97950165e-07,
        2.16690323e-03,  1.81580740e-03])}
{'img': array([[[ 0.        ,  0.2737027 ,  0.2066752 , ...,  0.79915778,
          0.8844647 ,  0.8738593 ],
        [-0.2737027 ,  0.        , -0.06901018, ...,  0.60411288,
          0.7229792 ,  0.70742193],
        [-0.2066752 ,  0.06901018,  0.        , ...,  0.65766678,
          0.76893264,  0.75451121],
        ...,
        [-0.79915778, -0.60411288, -0.65766678, ...,  0.        ,
          0.15877788,  0.1367618 ],
        [-0.8844647 , -0.7229792 , -0.76893264, ..., -0.15877788,
          0.        , -0.02225911],
        [-0.8738593 , -0.70742193, -0.75451121, ..., -0.1367618 ,
          0.02225911,  0.        ]],

       [[ 0.        ,  0.23348742, -0.05161   , ...,  0.22168641,
          0.08122459, -0.03733595],
        [-0.23348742,  0.        , -0.28335975, ..., -0.01211883,
         -0.15373641, -0.2696286 ],
        [ 0.05161   ,  0.28335975,  0.        , ...,  0.27171681,
          0.13255582,  0.01428782],
        ...,
        [-0.22168641,  0.01211883, -0.27171681, ...,  0.        ,
         -0.14175036, -0.2579388 ],
        [-0.08122459,  0.15373641, -0.13255582, ...,  0.14175036,
          0.        , -0.11838055],
        [ 0.03733595,  0.2696286 , -0.01428782, ...,  0.2579388 ,
          0.11838055,  0.        ]],

       [[ 0.        ,  0.15982925,  0.26842068, ...,  0.99933729,
          0.99187135,  0.98331659],
        [-0.15982925,  0.        ,  0.11100624, ...,  0.98067268,
          0.95878309,  0.94160241],
        [-0.26842068, -0.11100624,  0.        , ...,  0.95289284,
          0.92131633,  0.89840427],
        ...,
        [-0.99933729, -0.98067268, -0.95289284, ...,  0.        ,
         -0.09105611, -0.14598895],
        [-0.99187135, -0.95878309, -0.92131633, ...,  0.09105611,
          0.        , -0.05530192],
        [-0.98331659, -0.94160241, -0.89840427, ...,  0.14598895,
          0.05530192,  0.        ]],

       ...,

       [[ 0.        ,  0.46211205,  0.44704199, ..., -0.682502  ,
         -0.57316739, -0.50787023],
        [-0.46211205,  0.        , -0.01691876, ..., -0.94300765,
         -0.88696951, -0.84846911],
        [-0.44704199,  0.01691876,  0.        , ..., -0.93724261,
         -0.879029  , -0.83939349],
        ...,
        [ 0.682502  ,  0.94300765,  0.93724261, ...,  0.        ,
          0.14034956,  0.21673606],
        [ 0.57316739,  0.88696951,  0.879029  , ..., -0.14034956,
          0.        ,  0.07757732],
        [ 0.50787023,  0.84846911,  0.83939349, ..., -0.21673606,
         -0.07757732,  0.        ]],

       [[ 0.        ,  0.39980663,  0.48016585, ...,  0.55704617,
          0.55312349,  0.55475629],
        [-0.39980663,  0.        ,  0.08941832, ...,  0.84262026,
          0.84007133,  0.84113362],
        [-0.48016585, -0.08941832,  0.        , ...,  0.88739736,
          0.88521343,  0.88612404],
        ...,
        [-0.55704617, -0.84262026, -0.88739736, ...,  0.        ,
          0.00471592,  0.00275474],
        [-0.55312349, -0.84007133, -0.88521343, ..., -0.00471592,
          0.        , -0.00196119],
        [-0.55475629, -0.84113362, -0.88612404, ..., -0.00275474,
          0.00196119,  0.        ]],

       [[ 0.        , -0.06691016, -0.03780896, ...,  0.96625964,
          0.97043247,  0.96894866],
        [ 0.06691016,  0.        ,  0.02913809, ...,  0.9468602 ,
          0.95210745,  0.95023291],
        [ 0.03780896, -0.02913809,  0.        , ...,  0.95583029,
          0.96061255,  0.95890712],
        ...,
        [-0.96625964, -0.9468602 , -0.95583029, ...,  0.        ,
         -0.01672554, -0.01065282],
        [-0.97043247, -0.95210745, -0.96061255, ...,  0.01672554,
          0.        ,  0.00607326],
        [-0.96894866, -0.95023291, -0.95890712, ...,  0.01065282,
         -0.00607326,  0.        ]]]), 'num': array([7.76046875e-01, 6.30565659e-01, 1.63830199e-06, 2.04903122e-03,
       2.08364323e-03, 2.03518641e-03, 1.01835698e-02, 6.92240276e-06,
       2.00980427e-03, 2.16013578e-03, 1.92200513e-03, 8.25920132e-07,
       2.35759502e-03, 1.96267654e-03])}
{'img': array([[[ 0.        , -0.06901018, -0.04576555, ...,  0.7229792 ,
          0.70742193,  0.7229792 ],
        [ 0.06901018,  0.        ,  0.02328143, ...,  0.76893264,
          0.75451121,  0.76893264],
        [ 0.04576555, -0.02328143,  0.        , ...,  0.75383971,
          0.7390274 ,  0.75383971],
        ...,
        [-0.7229792 , -0.76893264, -0.75383971, ...,  0.        ,
         -0.02225911,  0.        ],
        [-0.70742193, -0.75451121, -0.7390274 , ...,  0.02225911,
          0.        ,  0.02225911],
        [-0.7229792 , -0.76893264, -0.75383971, ...,  0.        ,
         -0.02225911,  0.        ]],

       [[ 0.        , -0.28335975, -0.49238752, ..., -0.15373641,
         -0.2696286 , -0.37566593],
        [ 0.28335975,  0.        , -0.22557683, ...,  0.13255582,
          0.01428782, -0.09766366],
        [ 0.49238752,  0.22557683,  0.        , ...,  0.35272548,
          0.23947336,  0.12935204],
        ...,
        [ 0.15373641, -0.13255582, -0.35272548, ...,  0.        ,
         -0.11838055, -0.22872396],
        [ 0.2696286 , -0.01428782, -0.23947336, ...,  0.11838055,
          0.        , -0.11187321],
        [ 0.37566593,  0.09766366, -0.12935204, ...,  0.22872396,
          0.11187321,  0.        ]],

       [[ 0.        ,  0.11100624,  0.23378502, ...,  0.95878309,
          0.94160241,  0.93065421],
        [-0.11100624,  0.        ,  0.1244101 , ...,  0.92131633,
          0.89840427,  0.88428533],
        [-0.23378502, -0.1244101 ,  0.        , ...,  0.86578615,
          0.83678735,  0.81932229],
        ...,
        [-0.95878309, -0.92131633, -0.86578615, ...,  0.        ,
         -0.05530192, -0.08638347],
        [-0.94160241, -0.89840427, -0.83678735, ...,  0.05530192,
          0.        , -0.03115607],
        [-0.93065421, -0.88428533, -0.81932229, ...,  0.08638347,
          0.03115607,  0.        ]],

       ...,

       [[ 0.        , -0.01691876,  0.09736101, ..., -0.88696951,
         -0.84846911, -0.88335457],
        [ 0.01691876,  0.        ,  0.11418546, ..., -0.879029  ,
         -0.83939349, -0.87529822],
        [-0.09736101, -0.11418546,  0.        , ..., -0.92771967,
         -0.89596596, -0.92479149],
        ...,
        [ 0.88696951,  0.879029  ,  0.92771967, ...,  0.        ,
          0.07757732,  0.0077695 ],
        [ 0.84846911,  0.83939349,  0.89596596, ..., -0.07757732,
          0.        , -0.0698289 ],
        [ 0.88335457,  0.87529822,  0.92479149, ..., -0.0077695 ,
          0.0698289 ,  0.        ]],

       [[ 0.        ,  0.28386998,  0.41022435, ...,  0.56390946,
          0.56556611,  0.56825682],
        [-0.28386998,  0.        ,  0.1344638 , ...,  0.77514202,
          0.77640871,  0.77846309],
        [-0.41022435, -0.1344638 ,  0.        , ...,  0.85305506,
          0.85410084,  0.85579511],
        ...,
        [-0.56390946, -0.77514202, -0.85305506, ...,  0.        ,
         -0.0020074 , -0.00527369],
        [-0.56556611, -0.77640871, -0.85410084, ...,  0.0020074 ,
          0.        , -0.0032663 ],
        [-0.56825682, -0.77846309, -0.85579511, ...,  0.00527369,
          0.0032663 ,  0.        ]],

       [[ 0.        ,  0.02913809,  0.02674677, ...,  0.95210745,
          0.95023291,  0.97463091],
        [-0.02913809,  0.        , -0.00239225, ...,  0.96061255,
          0.95890712,  0.98073871],
        [-0.02674677,  0.00239225,  0.        , ...,  0.95994501,
          0.95822565,  0.98026864],
        ...,
        [-0.95210745, -0.96061255, -0.95994501, ...,  0.        ,
          0.00607326, -0.08490771],
        [-0.95023291, -0.95890712, -0.95822565, ..., -0.00607326,
          0.        , -0.09095747],
        [-0.97463091, -0.98073871, -0.98026864, ...,  0.08490771,
          0.09095747,  0.        ]]]), 'num': array([ 7.28429920e-01,  6.84887385e-01,  4.98769016e-07,  1.89315370e-03,
        1.95387341e-03,  1.86062528e-03,  1.70009973e-02, -3.25284141e-05,
        1.90833363e-03,  2.01936395e-03,  1.80988096e-03,  7.20299393e-07,
        2.21046130e-03,  1.82826660e-03])}
{'img': array([[[ 0.        ,  0.02328143, -0.3066926 , ...,  0.75451121,
          0.76893264,  0.69441428],
        [-0.02328143,  0.        , -0.32876894, ...,  0.7390274 ,
          0.75383971,  0.67747332],
        [ 0.3066926 ,  0.32876894,  0.        , ...,  0.91942869,
          0.92795443,  0.88163796],
        ...,
        [-0.75451121, -0.7390274 , -0.91942869, ...,  0.        ,
          0.02225911, -0.08719256],
        [-0.76893264, -0.75383971, -0.92795443, ..., -0.02225911,
          0.        , -0.10934529],
        [-0.69441428, -0.67747332, -0.88163796, ...,  0.08719256,
          0.10934529,  0.        ]],

       [[ 0.        , -0.22557683,  0.45424142, ...,  0.01428782,
         -0.09766366,  0.17468256],
        [ 0.22557683,  0.        ,  0.6434951 , ...,  0.23947336,
          0.12935204,  0.39228872],
        [-0.45424142, -0.6434951 ,  0.        , ..., -0.44146634,
         -0.53907638, -0.29163641],
        ...,
        [-0.01428782, -0.23947336,  0.44146634, ...,  0.        ,
         -0.11187321,  0.16059658],
        [ 0.09766366, -0.12935204,  0.53907638, ...,  0.11187321,
          0.        ,  0.27000955],
        [-0.17468256, -0.39228872,  0.29163641, ..., -0.16059658,
         -0.27000955,  0.        ]],

       [[ 0.        ,  0.1244101 ,  0.1797159 , ...,  0.89840427,
          0.88428533,  0.91500903],
        [-0.1244101 ,  0.        ,  0.05593515, ...,  0.83678735,
          0.81932229,  0.85770904],
        [-0.1797159 , -0.05593515,  0.        , ...,  0.80485122,
          0.78597009,  0.82760798],
        ...,
        [-0.89840427, -0.83678735, -0.80485122, ...,  0.        ,
         -0.03115607,  0.03939774],
        [-0.88428533, -0.81932229, -0.78597009, ...,  0.03115607,
          0.        ,  0.0705105 ],
        [-0.91500903, -0.85770904, -0.82760798, ..., -0.03939774,
         -0.0705105 ,  0.        ]],

       ...,

       [[ 0.        ,  0.11418546, -0.53857913, ..., -0.83939349,
         -0.87529822, -0.920473  ],
        [-0.11418546,  0.        , -0.63126633, ..., -0.89596596,
         -0.92479149, -0.95907698],
        [ 0.53857913,  0.63126633,  0.        , ..., -0.41452113,
         -0.47705634, -0.56508744],
        ...,
        [ 0.83939349,  0.89596596,  0.41452113, ...,  0.        ,
         -0.0698289 , -0.1722592 ],
        [ 0.87529822,  0.92479149,  0.47705634, ...,  0.0698289 ,
          0.        , -0.10305364],
        [ 0.920473  ,  0.95907698,  0.56508744, ...,  0.1722592 ,
          0.10305364,  0.        ]],

       [[ 0.        ,  0.3056704 ,  0.28440538, ...,  0.57089709,
          0.57360644,  0.59681058],
        [-0.3056704 ,  0.        , -0.02225447, ...,  0.79453447,
          0.79653625,  0.81351014],
        [-0.28440538,  0.02225447,  0.        , ...,  0.78082435,
          0.78288413,  0.80036656],
        ...,
        [-0.57089709, -0.79453447, -0.78082435, ...,  0.        ,
         -0.00330378, -0.03191676],
        [-0.57360644, -0.79653625, -0.78288413, ...,  0.00330378,
          0.        , -0.02861449],
        [-0.59681058, -0.81351014, -0.80036656, ...,  0.03191676,
          0.02861449,  0.        ]],

       [[ 0.        , -0.00239225,  0.06116616, ...,  0.95890712,
          0.98073871,  0.99571054],
        [ 0.00239225,  0.        ,  0.06355375, ...,  0.95822565,
          0.98026864,  0.99548636],
        [-0.06116616, -0.06355375,  0.        , ...,  0.97446574,
          0.99084961,  0.99950545],
        ...,
        [-0.95890712, -0.95822565, -0.97446574, ...,  0.        ,
         -0.09095747, -0.19378213],
        [-0.98073871, -0.98026864, -0.99084961, ...,  0.09095747,
          0.        , -0.10374553],
        [-0.99571054, -0.99548636, -0.99950545, ...,  0.19378213,
          0.10374553,  0.        ]]]), 'num': array([7.25643509e-01, 6.87883830e-01, 4.32032933e-07, 1.88798392e-03,
       1.90742540e-03, 1.84478063e-03, 1.50912776e-02, 2.16016467e-06,
       1.90440117e-03, 2.00128456e-03, 1.80679773e-03, 6.70124076e-07,
       2.19502363e-03, 1.80754548e-03])}
{'img': array([[[ 0.        , -0.32876894, -0.43591244, ...,  0.75383971,
          0.67747332,  0.68273881],
        [ 0.32876894,  0.        , -0.11579178, ...,  0.92795443,
          0.88163796,  0.88500477],
        [ 0.43591244,  0.11579178,  0.        , ...,  0.96486742,
          0.93035283,  0.93296235],
        ...,
        [-0.75383971, -0.92795443, -0.96486742, ...,  0.        ,
         -0.10934529, -0.10220318],
        [-0.67747332, -0.88163796, -0.93035283, ...,  0.10934529,
          0.        ,  0.00718236],
        [-0.68273881, -0.88500477, -0.93296235, ...,  0.10220318,
         -0.00718236,  0.        ]],

       [[ 0.        ,  0.6434951 ,  0.10075201, ...,  0.12935204,
          0.39228872,  0.33956601],
        [-0.6434951 ,  0.        , -0.56310006, ..., -0.53907638,
         -0.29163641, -0.34533917],
        [-0.10075201,  0.56310006,  0.        , ...,  0.02878827,
          0.29761664,  0.2430726 ],
        ...,
        [-0.12935204,  0.53907638, -0.02878827, ...,  0.        ,
          0.27000955,  0.215047  ],
        [-0.39228872,  0.29163641, -0.29761664, ..., -0.27000955,
          0.        , -0.05663268],
        [-0.33956601,  0.34533917, -0.2430726 , ..., -0.215047  ,
          0.05663268,  0.        ]],

       [[ 0.        ,  0.05593515,  0.01515831, ...,  0.81932229,
          0.85770904,  0.86418431],
        [-0.05593515,  0.        , -0.04079414, ...,  0.78597009,
          0.82760798,  0.83468616],
        [-0.01515831,  0.04079414,  0.        , ...,  0.8105374 ,
          0.84981707,  0.85645774],
        ...,
        [-0.81932229, -0.78597009, -0.8105374 , ...,  0.        ,
          0.0705105 ,  0.08320276],
        [-0.85770904, -0.82760798, -0.84981707, ..., -0.0705105 ,
          0.        ,  0.01272966],
        [-0.86418431, -0.83468616, -0.85645774, ..., -0.08320276,
         -0.01272966,  0.        ]],

       ...,

       [[ 0.        , -0.63126633, -0.67418279, ..., -0.92479149,
         -0.95907698, -0.98154101],
        [ 0.63126633,  0.        , -0.05664242, ..., -0.47705634,
         -0.56508744, -0.64051915],
        [ 0.67418279,  0.05664242,  0.        , ..., -0.42650897,
         -0.51744845, -0.59599271],
        ...,
        [ 0.92479149,  0.47705634,  0.42650897, ...,  0.        ,
         -0.10305364, -0.1965831 ],
        [ 0.95907698,  0.56508744,  0.51744845, ...,  0.10305364,
          0.        , -0.09449368],
        [ 0.98154101,  0.64051915,  0.59599271, ...,  0.1965831 ,
          0.09449368,  0.        ]],

       [[ 0.        , -0.10649787, -0.11599949, ...,  0.66967609,
          0.69089232,  0.71698825],
        [ 0.10649787,  0.        , -0.00956086, ...,  0.5867766 ,
          0.60996972,  0.63867259],
        [ 0.11599949,  0.00956086,  0.        , ...,  0.57900788,
          0.60236558,  0.63128653],
        ...,
        [-0.66967609, -0.5867766 , -0.57900788, ...,  0.        ,
         -0.028946  , -0.06565237],
        [-0.69089232, -0.60996972, -0.60236558, ...,  0.028946  ,
          0.        , -0.03674131],
        [-0.71698825, -0.63867259, -0.63128653, ...,  0.06565237,
          0.03674131,  0.        ]],

       [[ 0.        ,  0.06355375,  0.06633452, ...,  0.98026864,
          0.99548636,  0.99988273],
        [-0.06355375,  0.        ,  0.00278665, ...,  0.99084961,
          0.99950545,  0.99883467],
        [-0.06633452, -0.00278665,  0.        , ...,  0.99122188,
          0.9995892 ,  0.9986963 ],
        ...,
        [-0.98026864, -0.99084961, -0.99122188, ...,  0.        ,
         -0.10374553, -0.18263441],
        [-0.99548636, -0.99950545, -0.9995892 , ...,  0.10374553,
          0.        , -0.07964828],
        [-0.99988273, -0.99883467, -0.9986963 , ...,  0.18263441,
          0.07964828,  0.        ]]]), 'num': array([7.73350695e-01, 6.33471707e-01, 1.58592956e-06, 2.02723170e-03,
       2.10767741e-03, 1.98356118e-03, 2.46665601e-02, 1.83875892e-05,
