state_0,state_1,state_2,state_3,state_4,state_5,state_6,state_7,state_8,state_9,state_10,state_11,state_12,state_13,state_14,state_15,state_16,state_17,state_18,state_19,state_20,state_21,state_22,state_23,state_24,state_25,state_26,state_27,state_28,state_29,state_30,state_31,state_32,state_33,state_34,state_35,state_36,state_37,state_38,state_39,state_40,state_41,state_42,state_43,state_44,state_45,state_46,state_47,state_48,state_49,state_50,state_51,state_52,state_53,state_54,state_55,state_56,state_57,state_58,state_59,state_60,state_61,state_62,state_63,state_64,state_65,state_66,state_67,state_68,state_69,state_70,state_71,state_72,state_73,state_74,state_75,state_76,state_77,state_78,state_79,state_80,state_81,state_82,state_83,state_84,state_85,state_86,state_87,state_88,state_89,state_90,state_91,state_92,state_93,state_94,state_95,state_96,state_97,state_98,state_99,state_100,state_101,state_102,state_103,state_104,state_105,state_106,state_107,state_108,state_109,state_110,state_111,state_112,state_113,state_114,state_115,state_116,state_117,state_118,state_119,state_120,state_121,state_122,state_123,state_124,state_125,state_126,state_127,state_128,state_129,state_130,state_131,state_132,state_133,state_134,state_135,state_136,state_137,state_138,state_139,state_140,state_141,state_142,state_143,state_144,state_145,state_146,state_147,state_148,state_149,state_150,state_151,state_152,state_153,state_154,state_155,state_156,state_157,state_158,state_159,state_160,state_161,state_162,state_163,state_164,state_165,state_166,state_167,state_168,state_169,state_170,state_171,state_172,state_173,state_174,state_175,state_176,state_177,state_178,state_179,state_180,state_181,state_182,state_183,state_184,state_185,state_186,state_187,state_188,state_189,state_190,state_191,state_192,state_193,state_194,state_195,state_196,state_197,state_198,state_199,state_200,state_201,state_202,state_203,state_204,state_205,state_206,state_207,state_208,state_209,state_210,state_211,state_212,state_213,state_214,state_215,state_216,state_217,state_218,state_219,state_220,state_221,state_222,state_223,state_224,state_225,state_226,state_227,state_228,state_229,state_230,state_231,state_232,state_233,state_234,state_235,state_236,state_237,state_238,state_239,state_240,state_241,state_242,state_243,state_244,state_245,state_246,state_247,state_248,state_249,state_250,state_251,state_252,state_253,state_254,state_255,state_256,state_257,state_258,state_259,state_260,state_261,state_262,state_263,state_264,state_265,state_266,state_267,state_268,state_269,state_270,state_271,state_272,state_273,state_274,state_275,state_276,state_277,state_278,state_279,state_280,state_281,state_282,state_283,state_284,state_285,state_286,state_287
{'img': array([[[ 0.        ,  0.35901099, -0.27279121, ..., -0.8771317 ,
         -0.93333333, -0.90732288],
        [-0.35901099,  0.        , -0.6       , ..., -0.99107125,
         -1.        , -0.9977753 ],
        [ 0.27279121,  0.6       ,  0.        , ..., -0.712857  ,
         -0.8       , -0.75822024],
        ...,
        [ 0.8771317 ,  0.99107125,  0.712857  , ...,  0.        ,
         -0.13333333, -0.06696529],
        [ 0.93333333,  1.        ,  0.8       , ...,  0.13333333,
          0.        ,  0.06666667],
        [ 0.90732288,  0.9977753 ,  0.75822024, ...,  0.06696529,
         -0.06666667,  0.        ]],

       [[ 0.        , -0.68781706, -0.74156312, ..., -0.0728427 ,
         -0.2984028 , -0.7819176 ],
        [ 0.68781706,  0.        ,  0.07684401, ..., -0.63311448,
         -0.4398743 ,  0.13880889],
        [ 0.74156312, -0.07684401,  0.        , ..., -0.69072418,
         -0.50758413,  0.06229835],
        ...,
        [ 0.0728427 ,  0.63311448,  0.69072418, ...,  0.        ,
          0.22808609,  0.73443158],
        [ 0.2984028 ,  0.4398743 ,  0.50758413, ..., -0.22808609,
          0.        ,  0.56027458],
        [ 0.7819176 , -0.13880889, -0.06229835, ..., -0.73443158,
         -0.56027458,  0.        ]],

       [[ 0.        ,  0.        , -0.08794502, ..., -0.85050527,
         -0.88088798, -0.91388008],
        [ 0.        ,  0.        , -0.08794502, ..., -0.85050527,
         -0.88088798, -0.91388008],
        [ 0.08794502,  0.08794502,  0.        , ..., -0.8009537 ,
         -0.83584827, -0.8746348 ],
        ...,
        [ 0.85050527,  0.85050527,  0.8009537 , ...,  0.        ,
         -0.06075236, -0.13537859],
        [ 0.88088798,  0.88088798,  0.83584827, ...,  0.06075236,
          0.        , -0.07493546],
        [ 0.91388008,  0.91388008,  0.8746348 , ...,  0.13537859,
          0.07493546,  0.        ]],

       ...,

       [[ 0.        ,  0.0418808 , -0.13594125, ...,  0.27994927,
          0.22723348,  0.11673027],
        [-0.0418808 ,  0.        , -0.17731399, ...,  0.23949746,
          0.1862489 ,  0.07503337],
        [ 0.13594125,  0.17731399,  0.        , ...,  0.40785608,
          0.35750912,  0.25065856],
        ...,
        [-0.27994927, -0.23949746, -0.40785608, ...,  0.        ,
         -0.05447838, -0.16597265],
        [-0.22723348, -0.1862489 , -0.35750912, ...,  0.05447838,
          0.        , -0.11200339],
        [-0.11673027, -0.07503337, -0.25065856, ...,  0.16597265,
          0.11200339,  0.        ]],

       [[ 0.        , -0.21661803, -0.23138834, ..., -0.97028022,
         -0.97538002, -0.98331051],
        [ 0.21661803,  0.        , -0.01515502, ..., -0.8948242 ,
         -0.90445009, -0.92055276],
        [ 0.23138834,  0.01515502,  0.        , ..., -0.88795595,
         -0.89788139, -0.91452721],
        ...,
        [ 0.97028022,  0.8948242 ,  0.88795595, ...,  0.        ,
         -0.0220498 , -0.06141731],
        [ 0.97538002,  0.90445009,  0.89788139, ...,  0.0220498 ,
          0.        , -0.0393942 ],
        [ 0.98331051,  0.92055276,  0.91452721, ...,  0.06141731,
          0.0393942 ,  0.        ]],

       [[ 0.        ,  0.1772811 ,  0.20764187, ..., -0.98399726,
         -0.99879148, -0.99437758],
        [-0.1772811 ,  0.        ,  0.03093563, ..., -0.93682241,
         -0.97425778, -0.99739964],
        [-0.20764187, -0.03093563,  0.        , ..., -0.92555257,
         -0.96681745, -0.99469276],
        ...,
        [ 0.98399726,  0.93682241,  0.92555257, ...,  0.        ,
          0.12960629,  0.28137978],
        [ 0.99879148,  0.97425778,  0.96681745, ..., -0.12960629,
          0.        ,  0.15463675],
        [ 0.99437758,  0.99739964,  0.99469276, ..., -0.28137978,
         -0.15463675,  0.        ]]]), 'num': array([ 7.07106452e-01,  7.07106452e-01,  0.00000000e+00,  9.75937246e-05,
        9.88971466e-05,  9.64532303e-05,  9.24582418e-04, -1.62927754e-07,
        9.79521656e-05,  9.80499223e-05,  9.74959679e-05,  1.43597342e-06,
        1.01786051e-04,  9.43137931e-05])}
{'img': array([[[ 0.        , -0.6       , -0.25603819, ..., -1.        ,
         -0.9977753 , -0.99944429],
        [ 0.6       ,  0.        ,  0.37516945, ..., -0.8       ,
         -0.75822024, -0.77955543],
        [ 0.25603819, -0.37516945,  0.        , ..., -0.96666667,
         -0.94744691, -0.95759487],
        ...,
        [ 1.        ,  0.8       ,  0.96666667, ...,  0.        ,
          0.06666667,  0.03333333],
        [ 0.9977753 ,  0.75822024,  0.94744691, ..., -0.06666667,
          0.        , -0.03337044],
        [ 0.99944429,  0.77955543,  0.95759487, ..., -0.03333333,
          0.03337044,  0.        ]],

       [[ 0.        ,  0.08857607,  0.28131996, ..., -0.49526355,
          0.16024998, -0.42034929],
        [-0.08857607,  0.        ,  0.19521536, ..., -0.5702667 ,
          0.07218874, -0.49906767],
        [-0.28131996, -0.19521536,  0.        , ..., -0.71965653,
         -0.12390619, -0.65863222],
        ...,
        [ 0.49526355,  0.5702667 ,  0.71965653, ...,  0.        ,
          0.628079  ,  0.0842081 ],
        [-0.16024998, -0.07218874,  0.12390619, ..., -0.628079  ,
          0.        , -0.56032169],
        [ 0.42034929,  0.49906767,  0.65863222, ..., -0.0842081 ,
          0.56032169,  0.        ]],

       [[ 0.        , -0.08794502,  0.02624218, ..., -0.88088798,
         -0.91388008, -0.91983042],
        [ 0.08794502,  0.        ,  0.11405524, ..., -0.83584827,
         -0.8746348 , -0.88176413],
        [-0.02624218, -0.11405524,  0.        , ..., -0.89300569,
         -0.92421926, -0.92980888],
        ...,
        [ 0.88088798,  0.83584827,  0.89300569, ...,  0.        ,
         -0.07493546, -0.08979193],
        [ 0.91388008,  0.8746348 ,  0.92421926, ...,  0.07493546,
          0.        , -0.01490671],
        [ 0.91983042,  0.88176413,  0.92980888, ...,  0.08979193,
          0.01490671,  0.        ]],

       ...,

       [[ 0.        , -0.17731399, -0.29296801, ...,  0.1862489 ,
          0.07503337, -0.19867376],
        [ 0.17731399,  0.        , -0.11879189, ...,  0.35750912,
          0.25065856, -0.02174629],
        [ 0.29296801,  0.11879189,  0.        , ...,  0.46591855,
          0.36388321,  0.09717149],
        ...,
        [-0.1862489 , -0.35750912, -0.46591855, ...,  0.        ,
         -0.11200339, -0.37773364],
        [-0.07503337, -0.25065856, -0.36388321, ...,  0.11200339,
          0.        , -0.27165133],
        [ 0.19867376,  0.02174629, -0.09717149, ...,  0.37773364,
          0.27165133,  0.        ]],

       [[ 0.        , -0.02010778, -0.03325358, ..., -0.92498947,
         -0.93933467, -0.96398916],
        [ 0.02010778,  0.        , -0.0131502 , ..., -0.91716164,
         -0.93224775, -0.95844676],
        [ 0.03325358,  0.0131502 ,  0.        , ..., -0.91184178,
         -0.92740913, -0.95461251],
        ...,
        [ 0.92498947,  0.91716164,  0.91184178, ...,  0.        ,
         -0.03966711, -0.12031575],
        [ 0.93933467,  0.93224775,  0.92740913, ...,  0.03966711,
          0.        , -0.08084209],
        [ 0.96398916,  0.95844676,  0.95461251, ...,  0.12031575,
          0.08084209,  0.        ]],

       [[ 0.        ,  0.03093563,  0.09959788, ..., -0.97425778,
         -0.99739964, -0.99236294],
        [-0.03093563,  0.        ,  0.0687684 , ..., -0.96681745,
         -0.99469276, -0.99570395],
        [-0.09959788, -0.0687684 ,  0.        , ..., -0.94696052,
         -0.98526241, -0.99971431],
        ...,
        [ 0.97425778,  0.96681745,  0.94696052, ...,  0.        ,
          0.15463675,  0.34389216],
        [ 0.99739964,  0.99469276,  0.98526241, ..., -0.15463675,
          0.        ,  0.19455029],
        [ 0.99236294,  0.99570395,  0.99971431, ..., -0.34389216,
         -0.19455029,  0.        ]]]), 'num': array([ 7.07099311e-01,  7.07099311e-01,  0.00000000e+00,  9.36825124e-05,
        9.79185912e-05,  9.28678818e-05,  4.58855316e-03, -3.91022660e-06,
        9.69084493e-05,  9.80570784e-05,  9.73510652e-05,  7.14196640e-07,
        1.01754137e-04,  9.43600197e-05])}
{'img': array([[[ 0.        ,  0.55700599,  0.13545894, ..., -0.78031691,
         -0.80111182, -0.96195683],
        [-0.55700599,  0.        , -0.43937225, ..., -0.99640261,
         -0.99870643, -0.64673844],
        [-0.13545894,  0.43937225,  0.        , ..., -0.85783859,
         -0.8748021 , -0.91608286],
        ...,
        [ 0.78031691,  0.99640261,  0.85783859, ...,  0.        ,
         -0.0339716 , -0.81477643],
        [ 0.80111182,  0.99870643,  0.8748021 , ...,  0.0339716 ,
          0.        , -0.79461025],
        [ 0.96195683,  0.64673844,  0.91608286, ...,  0.81477643,
          0.79461025,  0.        ]],

       [[ 0.        ,  0.19521536, -0.43418669, ...,  0.07218874,
         -0.49906767,  0.9314247 ],
        [-0.19521536,  0.        , -0.60168759, ..., -0.12390619,
         -0.65863222,  0.84245894],
        [ 0.43418669,  0.60168759,  0.        , ...,  0.49808317,
         -0.07332146,  0.99706405],
        ...,
        [-0.07218874,  0.12390619, -0.49808317, ...,  0.        ,
         -0.56032169,  0.90272266],
        [ 0.49906767,  0.65863222,  0.07332146, ...,  0.56032169,
          0.        ,  0.98876594],
        [-0.9314247 , -0.84245894, -0.99706405, ..., -0.90272266,
         -0.98876594,  0.        ]],

       [[ 0.        ,  0.11405524,  0.37770515, ..., -0.8746348 ,
         -0.88176413, -0.96801925],
        [-0.11405524,  0.        ,  0.2696337 , ..., -0.92421926,
         -0.92980888, -0.99031607],
        [-0.37770515, -0.2696337 ,  0.        , ..., -0.99295184,
         -0.99460824, -0.99107125],
        ...,
        [ 0.8746348 ,  0.92421926,  0.99295184, ...,  0.        ,
         -0.01490671, -0.24985388],
        [ 0.88176413,  0.92980888,  0.99460824, ...,  0.01490671,
          0.        , -0.23539219],
        [ 0.96801925,  0.99031607,  0.99107125, ...,  0.24985388,
          0.23539219,  0.        ]],

       ...,

       [[ 0.        , -0.11879189, -0.36936619, ...,  0.25065856,
         -0.02174629, -0.86104745],
        [ 0.11879189,  0.        , -0.25635938, ...,  0.36388321,
          0.09717149, -0.79454193],
        [ 0.36936619,  0.25635938,  0.        , ...,  0.59050735,
          0.34907037, -0.61232576],
        ...,
        [-0.25065856, -0.36388321, -0.59050735, ...,  0.        ,
         -0.27165133, -0.96102504],
        [ 0.02174629, -0.09717149, -0.34907037, ...,  0.27165133,
          0.        , -0.84978531],
        [ 0.86104745,  0.79454193,  0.61232576, ...,  0.96102504,
          0.84978531,  0.        ]],

       [[ 0.        , -0.0131502 , -0.04375811, ..., -0.93224775,
         -0.95844676, -0.96036486],
        [ 0.0131502 ,  0.        , -0.03061673, ..., -0.92740913,
         -0.95461251, -0.95661626],
        [ 0.04375811,  0.03061673,  0.        , ..., -0.91552221,
         -0.94504578, -0.94724758],
        ...,
        [ 0.93224775,  0.92740913,  0.91552221, ...,  0.        ,
         -0.08084209, -0.08761945],
        [ 0.95844676,  0.95461251,  0.94504578, ...,  0.08084209,
          0.        , -0.00680149],
        [ 0.96036486,  0.95661626,  0.94724758, ...,  0.08761945,
          0.00680149,  0.        ]],

       [[ 0.        ,  0.0687684 ,  0.16292084, ..., -0.99469276,
         -0.99570395, -0.99463762],
        [-0.0687684 ,  0.        ,  0.09468555, ..., -0.98526241,
         -0.99971431, -0.9993951 ],
        [-0.16292084, -0.09468555,  0.        , ..., -0.96463992,
         -0.99748598, -0.99819793],
        ...,
        [ 0.99469276,  0.98526241,  0.96463992, ...,  0.        ,
          0.19455029,  0.20521065],
        [ 0.99570395,  0.99971431,  0.99748598, ..., -0.19455029,
          0.        ,  0.01087977],
        [ 0.99463762,  0.9993951 ,  0.99819793, ..., -0.20521065,
         -0.01087977,  0.        ]]]), 'num': array([7.07106380e-01, 7.07106380e-01, 0.00000000e+00, 9.53127264e-05,
       9.61273651e-05, 9.38463768e-05, 1.02895383e-03, 1.62927737e-06,
       9.63554639e-05, 9.81313763e-05, 9.72515665e-05, 1.08618492e-06,
       1.01538242e-04, 9.47245109e-05])}
{'img': array([[[ 0.        , -0.43937225, -0.43937225, ..., -0.99870643,
         -0.64673844, -0.9057891 ],
        [ 0.43937225,  0.        ,  0.        , ..., -0.8748021 ,
         -0.91608286, -0.99984964],
        [ 0.43937225,  0.        ,  0.        , ..., -0.8748021 ,
         -0.91608286, -0.99984964],
        ...,
        [ 0.99870643,  0.8748021 ,  0.8748021 , ...,  0.        ,
         -0.79461025, -0.46923776],
        [ 0.64673844,  0.91608286,  0.91608286, ...,  0.79461025,
          0.        ,  0.41681438],
        [ 0.9057891 ,  0.99984964,  0.99984964, ...,  0.46923776,
         -0.41681438,  0.        ]],

       [[ 0.        , -0.60168759, -0.36161272, ..., -0.65863222,
          0.84245894, -0.58726968],
        [ 0.60168759,  0.        ,  0.27213895, ..., -0.07332146,
          0.99706405,  0.01792991],
        [ 0.36161272, -0.27213895,  0.        , ..., -0.3419606 ,
          0.98027106, -0.254842  ],
        ...,
        [ 0.65863222,  0.07332146,  0.3419606 , ...,  0.        ,
          0.98876594,  0.09119132],
        [-0.84245894, -0.99706405, -0.98027106, ..., -0.98876594,
          0.        , -0.9982767 ],
        [ 0.58726968, -0.01792991,  0.254842  , ..., -0.09119132,
          0.9982767 ,  0.        ]],

       [[ 0.        ,  0.2696337 ,  0.10049687, ..., -0.92980888,
         -0.99031607, -0.99994214],
        [-0.2696337 ,  0.        , -0.17149388, ..., -0.99460824,
         -0.99107125, -0.96580776],
        [-0.10049687,  0.17149388,  0.        , ..., -0.96208875,
         -0.99925456, -0.99596088],
        ...,
        [ 0.92980888,  0.99460824,  0.96208875, ...,  0.        ,
         -0.23539219, -0.35801924],
        [ 0.99031607,  0.99107125,  0.99925456, ...,  0.23539219,
          0.        , -0.12817003],
        [ 0.99994214,  0.96580776,  0.99596088, ...,  0.35801924,
          0.12817003,  0.        ]],

       ...,

       [[ 0.        , -0.25635938, -0.25635938, ...,  0.09717149,
         -0.79454193, -0.28991792],
        [ 0.25635938,  0.        ,  0.        , ...,  0.34907037,
         -0.61232576, -0.03488018],
        [ 0.25635938,  0.        ,  0.        , ...,  0.34907037,
         -0.61232576, -0.03488018],
        ...,
        [-0.09717149, -0.34907037, -0.34907037, ...,  0.        ,
         -0.84978531, -0.38154405],
        [ 0.79454193,  0.61232576,  0.61232576, ...,  0.84978531,
          0.        ,  0.5843767 ],
        [ 0.28991792,  0.03488018,  0.03488018, ...,  0.38154405,
         -0.5843767 ,  0.        ]],

       [[ 0.        , -0.03061673, -0.05027182, ..., -0.95461251,
         -0.95661626, -0.96940839],
        [ 0.03061673,  0.        , -0.01967024, ..., -0.94504578,
         -0.94724758, -0.96143895],
        [ 0.05027182,  0.01967024,  0.        , ..., -0.93843198,
         -0.94075995, -0.95584326],
        ...,
        [ 0.95461251,  0.94504578,  0.93843198, ...,  0.        ,
         -0.00680149, -0.05442595],
        [ 0.95661626,  0.94724758,  0.94075995, ...,  0.00680149,
          0.        , -0.04763328],
        [ 0.96940839,  0.96143895,  0.95584326, ...,  0.05442595,
          0.04763328,  0.        ]],

       [[ 0.        ,  0.09468555,  0.26841609, ..., -0.99971431,
         -0.9993951 , -0.99307272],
        [-0.09468555,  0.        ,  0.17599927, ..., -0.99748598,
         -0.99819793, -0.99973676],
        [-0.26841609, -0.17599927,  0.        , ..., -0.96944348,
         -0.97205507, -0.98816926],
        ...,
        [ 0.99971431,  0.99748598,  0.96944348, ...,  0.        ,
          0.01087977,  0.0937316 ],
        [ 0.9993951 ,  0.99819793,  0.97205507, ..., -0.01087977,
          0.        ,  0.08289419],
        [ 0.99307272,  0.99973676,  0.98816926, ..., -0.0937316 ,
         -0.08289419,  0.        ]]]), 'num': array([ 7.07105815e-01,  7.07105815e-01,  0.00000000e+00,  9.43350845e-05,
        9.51497225e-05,  9.25428808e-05,  1.63084018e-03, -9.77565642e-07,
        9.57362619e-05,  9.80253948e-05,  9.71211466e-05,  1.02075127e-06,
        1.01751097e-04,  9.42996925e-05])}
{'img': array([[[ 0.00000000e+00,  0.00000000e+00, -6.18589574e-01, ...,
         -6.61437828e-01, -9.19599514e-01, -7.94592695e-01],
        [ 0.00000000e+00,  0.00000000e+00, -6.18589574e-01, ...,
         -6.61437828e-01, -9.19599514e-01, -7.94592695e-01],
        [ 6.18589574e-01,  6.18589574e-01,  0.00000000e+00, ...,
         -9.83643331e-01, -9.65559808e-01, -9.99895073e-01],
        ...,
        [ 6.61437828e-01,  6.61437828e-01,  9.83643331e-01, ...,
          0.00000000e+00,  4.29849060e-01,  1.94357269e-01],
        [ 9.19599514e-01,  9.19599514e-01,  9.65559808e-01, ...,
         -4.29849060e-01,  0.00000000e+00, -2.46166860e-01],
        [ 7.94592695e-01,  7.94592695e-01,  9.99895073e-01, ...,
         -1.94357269e-01,  2.46166860e-01,  0.00000000e+00]],

       [[ 0.00000000e+00,  2.72138947e-01,  2.87397892e-01, ...,
          9.97064051e-01,  1.79299074e-02,  3.80036077e-01],
        [-2.72138947e-01,  0.00000000e+00,  1.58931580e-02, ...,
          9.80271062e-01, -2.54842003e-01,  1.13971929e-01],
        [-2.87397892e-01, -1.58931580e-02,  0.00000000e+00, ...,
          9.77005842e-01, -2.70178224e-01,  9.81679358e-02],
        ...,
        [-9.97064051e-01, -9.80271062e-01, -9.77005842e-01, ...,
          0.00000000e+00, -9.98276699e-01, -9.51356136e-01],
        [-1.79299074e-02,  2.54842003e-01,  2.70178224e-01, ...,
          9.98276699e-01,  0.00000000e+00,  3.63390329e-01],
        [-3.80036077e-01, -1.13971929e-01, -9.81679358e-02, ...,
          9.51356136e-01, -3.63390329e-01,  0.00000000e+00]],

       [[ 0.00000000e+00, -1.71493880e-01, -4.12160822e-01, ...,
         -9.91071250e-01, -9.65807764e-01, -9.16515139e-01],
        [ 1.71493880e-01,  0.00000000e+00, -2.49804756e-01, ...,
         -9.99254563e-01, -9.95960877e-01, -9.71534689e-01],
        [ 4.12160822e-01,  2.49804756e-01,  0.00000000e+00, ...,
         -9.57930804e-01, -9.86814694e-01, -9.99911455e-01],
        ...,
        [ 9.91071250e-01,  9.99254563e-01,  9.57930804e-01, ...,
          0.00000000e+00, -1.28170030e-01, -2.74226481e-01],
        [ 9.65807764e-01,  9.95960877e-01,  9.86814694e-01, ...,
          1.28170030e-01,  0.00000000e+00, -1.48708069e-01],
        [ 9.16515139e-01,  9.71534689e-01,  9.99911455e-01, ...,
          2.74226481e-01,  1.48708069e-01,  0.00000000e+00]],

       ...,

       [[ 0.00000000e+00,  0.00000000e+00, -1.01653871e-01, ...,
         -6.12325760e-01, -3.48801768e-02, -1.17775533e-01],
        [ 0.00000000e+00,  0.00000000e+00, -1.01653871e-01, ...,
         -6.12325760e-01, -3.48801768e-02, -1.17775533e-01],
        [ 1.01653871e-01,  1.01653871e-01,  0.00000000e+00, ...,
         -5.28785691e-01,  6.68925236e-02, -1.62190503e-02],
        ...,
        [ 6.12325760e-01,  6.12325760e-01,  5.28785691e-01, ...,
          0.00000000e+00,  5.84376699e-01,  5.14950129e-01],
        [ 3.48801768e-02,  3.48801768e-02, -6.68925236e-02, ...,
         -5.84376699e-01,  0.00000000e+00, -8.30664474e-02],
        [ 1.17775533e-01,  1.17775533e-01,  1.62190503e-02, ...,
         -5.14950129e-01,  8.30664474e-02,  0.00000000e+00]],

       [[ 0.00000000e+00, -1.96702421e-02,  3.67790656e-02, ...,
         -9.47247584e-01, -9.61438953e-01, -9.47527721e-01],
        [ 1.96702421e-02,  0.00000000e+00,  5.64288833e-02, ...,
         -9.40759946e-01, -9.55843257e-01, -9.41056337e-01],
        [-3.67790656e-02, -5.64288833e-02,  0.00000000e+00, ...,
         -9.58394488e-01, -9.70903385e-01, -9.58643940e-01],
        ...,
        [ 9.47247584e-01,  9.40759946e-01,  9.58394488e-01, ...,
          0.00000000e+00, -4.76332824e-02, -8.75184737e-04],
        [ 9.61438953e-01,  9.55843257e-01,  9.70903385e-01, ...,
          4.76332824e-02,  0.00000000e+00,  4.67590729e-02],
        [ 9.47527721e-01,  9.41056337e-01,  9.58643940e-01, ...,
          8.75184737e-04, -4.67590729e-02,  0.00000000e+00]],

       [[ 0.00000000e+00,  1.75999272e-01, -1.36456449e-01, ...,
         -9.98197925e-01, -9.99736756e-01, -9.97251302e-01],
        [-1.75999272e-01,  0.00000000e+00, -3.08679392e-01, ...,
         -9.72055073e-01, -9.88169256e-01, -9.68644110e-01],
        [ 1.36456449e-01,  3.08679392e-01,  0.00000000e+00, ...,
         -9.97049265e-01, -9.87254458e-01, -9.98033614e-01],
        ...,
        [ 9.98197925e-01,  9.72055073e-01,  9.97049265e-01, ...,
          0.00000000e+00,  8.28941853e-02, -1.41173645e-02],
        [ 9.99736756e-01,  9.88169256e-01,  9.87254458e-01, ...,
         -8.28941853e-02,  0.00000000e+00, -9.69547021e-02],
        [ 9.97251302e-01,  9.68644110e-01,  9.98033614e-01, ...,
          1.41173645e-02,  9.69547021e-02,  0.00000000e+00]]]), 'num': array([8.84278765e-01, 4.66958431e-01, 1.43903563e-04, 1.18087248e-04,
       1.20123235e-04, 1.16662057e-04, 8.68389189e-04, 2.03598703e-07,
       1.18820203e-04, 1.22393360e-04, 1.21215881e-04, 1.17069254e-06,
       1.27332507e-04, 1.17454214e-04])}
{'img': array([[[ 0.        , -0.61858957, -0.51507875, ..., -0.91959951,
         -0.7945927 , -0.82065181],
        [ 0.61858957,  0.        ,  0.1255149 , ..., -0.96555981,
         -0.99989507, -0.9982776 ],
        [ 0.51507875, -0.1255149 ,  0.        , ..., -0.99058052,
         -0.99380584, -0.99774655],
        ...,
        [ 0.91959951,  0.96555981,  0.99058052, ...,  0.        ,
         -0.24616686, -0.20308651],
        [ 0.7945927 ,  0.99989507,  0.99380584, ...,  0.24616686,
          0.        ,  0.04419991],
        [ 0.82065181,  0.9982776 ,  0.99774655, ...,  0.20308651,
         -0.04419991,  0.        ]],

       [[ 0.        ,  0.0158397 , -0.28642082, ..., -0.2535863 ,
          0.11363006, -0.70121265],
        [-0.0158397 ,  0.        , -0.30156096, ..., -0.26887643,
          0.0978787 , -0.71241762],
        [ 0.28642082,  0.30156096,  0.        , ...,  0.03409649,
          0.39343512, -0.46763023],
        ...,
        [ 0.2535863 ,  0.26887643, -0.03409649, ...,  0.        ,
          0.36185966, -0.49749704],
        [-0.11363006, -0.0978787 , -0.39343512, ..., -0.36185966,
          0.        , -0.77768379],
        [ 0.70121265,  0.71241762,  0.46763023, ...,  0.49749704,
          0.77768379,  0.        ]],

       [[ 0.        , -0.37905747, -0.41362407, ..., -0.96727473,
         -0.91845634, -0.83858153],
        [ 0.37905747,  0.        , -0.03764458, ..., -0.99126881,
         -0.99984053, -0.98250227],
        [ 0.41362407,  0.03764458,  0.        , ..., -0.98560251,
         -0.9998041 , -0.98881719],
        ...,
        [ 0.96727473,  0.99126881,  0.98560251, ...,  0.        ,
         -0.14953765, -0.31417376],
        [ 0.91845634,  0.99984053,  0.9998041 , ...,  0.14953765,
          0.        , -0.16867531],
        [ 0.83858153,  0.98250227,  0.98881719, ...,  0.31417376,
          0.16867531,  0.        ]],

       ...,

       [[ 0.        , -0.10165387,  0.11850772, ..., -0.03488018,
         -0.11777553, -0.23150605],
        [ 0.10165387,  0.        ,  0.21883136, ...,  0.06689252,
         -0.01621905, -0.13141452],
        [-0.11850772, -0.21883136,  0.        , ..., -0.15306999,
         -0.23462852, -0.34516293],
        ...,
        [ 0.03488018, -0.06689252,  0.15306999, ...,  0.        ,
         -0.08306645, -0.19743258],
        [ 0.11777553,  0.01621905,  0.23462852, ...,  0.08306645,
          0.        , -0.11531885],
        [ 0.23150605,  0.13141452,  0.34516293, ...,  0.19743258,
          0.11531885,  0.        ]],

       [[ 0.        ,  0.05642888,  0.08205839, ..., -0.95584326,
         -0.94105634, -0.92973523],
        [-0.05642888,  0.        ,  0.02568906, ..., -0.97090338,
         -0.95864394, -0.94903255],
        [-0.08205839, -0.02568906,  0.        , ..., -0.97673477,
         -0.96563889, -0.95681598],
        ...,
        [ 0.95584326,  0.97090338,  0.97673477, ...,  0.        ,
          0.04675907,  0.07874119],
        [ 0.94105634,  0.95864394,  0.96563889, ..., -0.04675907,
          0.        ,  0.03204117],
        [ 0.92973523,  0.94903255,  0.95681598, ..., -0.07874119,
         -0.03204117,  0.        ]],

       [[ 0.        , -0.30867939, -0.39791987, ..., -0.98816926,
         -0.96864411, -0.94827138],
        [ 0.30867939,  0.        , -0.0952992 , ..., -0.98725446,
         -0.99803361, -0.99995725],
        [ 0.39791987,  0.0952992 ,  0.        , ..., -0.9675943 ,
         -0.98751779, -0.99628728],
        ...,
        [ 0.98816926,  0.98725446,  0.9675943 , ...,  0.        ,
         -0.0969547 , -0.16827126],
        [ 0.96864411,  0.99803361,  0.98751779, ...,  0.0969547 ,
          0.        , -0.0719063 ],
        [ 0.94827138,  0.99995725,  0.99628728, ...,  0.16827126,
          0.0719063 ,  0.        ]]]), 'num': array([8.73596454e-01, 4.86649110e-01, 1.32516214e-04, 1.17114814e-04,
       1.19120204e-04, 1.15911579e-04, 1.32259524e-03, 8.02156257e-07,
       1.16432981e-04, 1.20423708e-04, 1.19260582e-04, 1.28917970e-06,
       1.25505702e-04, 1.15341714e-04])}
{'img': array([[[ 0.        ,  0.38461538, -0.29396146, ..., -0.97586132,
         -0.98493144, -1.        ],
        [-0.38461538,  0.        , -0.63897107, ..., -0.81679848,
         -0.84265009, -0.92307692],
        [ 0.29396146,  0.63897107,  0.        , ..., -0.99694368,
         -0.99225372, -0.95581727],
        ...,
        [ 0.97586132,  0.81679848,  0.99694368, ...,  0.        ,
          0.04632971,  0.21839112],
        [ 0.98493144,  0.84265009,  0.99225372, ..., -0.04632971,
          0.        ,  0.17294523],
        [ 1.        ,  0.92307692,  0.95581727, ..., -0.21839112,
         -0.17294523,  0.        ]],

       [[ 0.        , -0.30156096,  0.46646003, ...,  0.0978787 ,
         -0.71241762, -0.23473591],
        [ 0.30156096,  0.        ,  0.71148829, ...,  0.39343512,
         -0.46763023,  0.06932687],
        [-0.46646003, -0.71148829,  0.        , ..., -0.37764241,
         -0.95750452, -0.6610606 ],
        ...,
        [-0.0978787 , -0.39343512,  0.37764241, ...,  0.        ,
         -0.77768379, -0.32875269],
        [ 0.71241762,  0.46763023,  0.95750452, ...,  0.77768379,
          0.        ,  0.52778481],
        [ 0.23473591, -0.06932687,  0.6610606 , ...,  0.32875269,
         -0.52778481,  0.        ]],

       [[ 0.        , -0.17540633, -0.46801423, ..., -0.92819544,
         -0.84978355, -0.76552105],
        [ 0.17540633,  0.        , -0.30574795, ..., -0.97907229,
         -0.92907087, -0.86651084],
        [ 0.46801423,  0.30574795,  0.        , ..., -0.99441057,
         -0.99767668, -0.97763241],
        ...,
        [ 0.92819544,  0.97907229,  0.99441057, ...,  0.        ,
         -0.17308279, -0.31236598],
        [ 0.84978355,  0.92907087,  0.99767668, ...,  0.17308279,
          0.        , -0.14322948],
        [ 0.76552105,  0.86651084,  0.97763241, ...,  0.31236598,
          0.14322948,  0.        ]],

       ...,

       [[ 0.        ,  0.21883136,  0.3708854 , ..., -0.01621905,
         -0.13141452,  0.0182493 ],
        [-0.21883136,  0.        ,  0.15867213, ..., -0.23462852,
         -0.34516293, -0.20098792],
        [-0.3708854 , -0.15867213,  0.        , ..., -0.3858989 ,
         -0.48971076, -0.3538759 ],
        ...,
        [ 0.01621905,  0.23462852,  0.3858989 , ...,  0.        ,
         -0.11531885,  0.03446325],
        [ 0.13141452,  0.34516293,  0.48971076, ...,  0.11531885,
          0.        ,  0.14948368],
        [-0.0182493 ,  0.20098792,  0.3538759 , ..., -0.03446325,
         -0.14948368,  0.        ]],

       [[ 0.        ,  0.02568906,  0.1865265 , ..., -0.95864394,
         -0.94903255, -0.94400587],
        [-0.02568906,  0.        ,  0.16122672, ..., -0.96563889,
         -0.95681598, -0.95216989],
        [-0.1865265 , -0.16122672,  0.        , ..., -0.99490663,
         -0.99116602, -0.98897894],
        ...,
        [ 0.95864394,  0.96563889,  0.99490663, ...,  0.        ,
          0.03204117,  0.04761235],
        [ 0.94903255,  0.95681598,  0.99116602, ..., -0.03204117,
          0.        ,  0.01558307],
        [ 0.94400587,  0.95216989,  0.98897894, ..., -0.04761235,
         -0.01558307,  0.        ]],

       [[ 0.        , -0.2607386 , -0.45956619, ..., -0.97327502,
         -0.95382017, -0.9309493 ],
        [ 0.2607386 ,  0.        , -0.21209624, ..., -0.99948559,
         -0.99914719, -0.99395554],
        [ 0.45956619,  0.21209624,  0.        , ..., -0.96994389,
         -0.98517289, -0.99462648],
        ...,
        [ 0.97327502,  0.99948559,  0.96994389, ...,  0.        ,
         -0.07331287, -0.14160423],
        [ 0.95382017,  0.99914719,  0.98517289, ...,  0.07331287,
          0.        , -0.06864905],
        [ 0.9309493 ,  0.99395554,  0.99462648, ...,  0.14160423,
          0.06864905,  0.        ]]]), 'num': array([ 8.27731962e-01,  5.61122345e-01,  9.22524629e-05,  1.10214807e-04,
        1.12121637e-04,  1.08880025e-04,  1.18459942e-03, -1.14409834e-06,
        1.10824993e-04,  1.14238219e-04,  1.13272092e-04,  1.15695338e-06,
        1.19388639e-04,  1.09087800e-04])}
{'img': array([[[ 0.        , -0.63897107, -0.63897107, ..., -0.84265009,
         -0.92307692, -0.78822698],
        [ 0.63897107,  0.        ,  0.        , ..., -0.99225372,
         -0.95581727, -0.99954141],
        [ 0.63897107,  0.        ,  0.        , ..., -0.99225372,
         -0.95581727, -0.99954141],
        ...,
        [ 0.84265009,  0.99225372,  0.99225372, ...,  0.        ,
          0.17294523, -0.09412399],
        [ 0.92307692,  0.95581727,  0.95581727, ..., -0.17294523,
          0.        , -0.26488311],
        [ 0.78822698,  0.99954141,  0.99954141, ...,  0.09412399,
          0.26488311,  0.        ]],

       [[ 0.        ,  0.71148829,  0.48506289, ..., -0.46763023,
          0.06932687,  0.02055753],
        [-0.71148829,  0.        , -0.28132907, ..., -0.95750452,
         -0.6610606 , -0.6968922 ],
        [-0.48506289,  0.28132907,  0.        , ..., -0.83769176,
         -0.42327091, -0.46698325],
        ...,
        [ 0.46763023,  0.95750452,  0.83769176, ...,  0.        ,
          0.52778481,  0.4857027 ],
        [-0.06932687,  0.6610606 ,  0.42327091, ..., -0.52778481,
          0.        , -0.04880416],
        [-0.02055753,  0.6968922 ,  0.46698325, ..., -0.4857027 ,
          0.04880416,  0.        ]],

       [[ 0.        , -0.43910142, -0.57191556, ..., -0.85206407,
         -0.7678539 , -0.78681611],
        [ 0.43910142,  0.        , -0.15363   , ..., -0.99536847,
         -0.97116809, -0.97791301],
        [ 0.57191556,  0.15363   ,  0.        , ..., -0.99832086,
         -0.99626355, -0.99841422],
        ...,
        [ 0.85206407,  0.99536847,  0.99832086, ...,  0.        ,
         -0.14393002, -0.11403424],
        [ 0.7678539 ,  0.97116809,  0.99626355, ...,  0.14393002,
          0.        ,  0.03014424],
        [ 0.78681611,  0.97791301,  0.99841422, ...,  0.11403424,
         -0.03014424,  0.        ]],

       ...,

       [[ 0.        ,  0.15867213, -0.33008349, ..., -0.34516293,
         -0.20098792, -0.27616891],
        [-0.15867213,  0.        , -0.47568061, ..., -0.48971076,
         -0.3538759 , -0.42517145],
        [ 0.33008349,  0.47568061,  0.        , ..., -0.01601967,
          0.13362481,  0.05655613],
        ...,
        [ 0.34516293,  0.48971076,  0.01601967, ...,  0.        ,
          0.14948368,  0.07254291],
        [ 0.20098792,  0.3538759 , -0.13362481, ..., -0.14948368,
          0.        , -0.077362  ],
        [ 0.27616891,  0.42517145, -0.05655613, ..., -0.07254291,
          0.077362  ,  0.        ]],

       [[ 0.        ,  0.16122672, -0.11657127, ..., -0.95681598,
         -0.95216989, -0.94916072],
        [-0.16122672,  0.        , -0.27517374, ..., -0.99116602,
         -0.98897894, -0.98749609],
        [ 0.11657127,  0.27517374,  0.        , ..., -0.91640612,
         -0.91005772, -0.90599397],
        ...,
        [ 0.95681598,  0.99116602,  0.91640612, ...,  0.        ,
          0.01558307,  0.02528227],
        [ 0.95216989,  0.98897894,  0.91005772, ..., -0.01558307,
          0.        ,  0.00970111],
        [ 0.94916072,  0.98749609,  0.90599397, ..., -0.02528227,
         -0.00970111,  0.        ]],

       [[ 0.        , -0.38867664, -0.51060053, ..., -0.95761082,
         -0.93525478, -0.88228099],
        [ 0.38867664,  0.        , -0.13626298, ..., -0.99428212,
         -0.99930157, -0.99587005],
        [ 0.51060053,  0.13626298,  0.        , ..., -0.97045728,
         -0.98488891, -0.9989526 ],
        ...,
        [ 0.95761082,  0.99428212,  0.97045728, ...,  0.        ,
         -0.06955627, -0.19661518],
        [ 0.93525478,  0.99930157,  0.98488891, ...,  0.06955627,
          0.        , -0.1279404 ],
        [ 0.88228099,  0.99587005,  0.9989526 , ...,  0.19661518,
          0.1279404 ,  0.        ]]]), 'num': array([7.90707166e-01, 6.12192822e-01, 6.16629861e-05, 1.05442614e-04,
       1.06171060e-04, 1.03803609e-04, 1.42505965e-03, 1.82111595e-07,
       1.05624725e-04, 1.08766150e-04, 1.08055915e-04, 1.22870474e-06,
       1.13718615e-04, 1.03813686e-04])}
{'img': array([[[ 0.        ,  0.        , -0.30657854, ..., -0.99745916,
         -0.97767749, -0.98702243],
        [ 0.        ,  0.        , -0.30657854, ..., -0.99745916,
         -0.97767749, -0.98702243],
        [ 0.30657854,  0.30657854,  0.        , ..., -0.92758606,
         -0.99501338, -0.98872385],
        ...,
        [ 0.99745916,  0.99745916,  0.92758606, ...,  0.        ,
         -0.27922765, -0.23049044],
        [ 0.97767749,  0.97767749,  0.99501338, ...,  0.27922765,
          0.        ,  0.05038667],
        [ 0.98702243,  0.98702243,  0.98872385, ...,  0.23049044,
         -0.05038667,  0.        ]],

       [[ 0.        , -0.28132907, -0.34309132, ..., -0.6610606 ,
         -0.6968922 , -0.55307908],
        [ 0.28132907,  0.        , -0.06498136, ..., -0.42327091,
         -0.46698325, -0.29635764],
        [ 0.34309132,  0.06498136,  0.        , ..., -0.363503  ,
         -0.40853545, -0.23366907],
        ...,
        [ 0.6610606 ,  0.42327091,  0.363503  , ...,  0.        ,
         -0.04880416,  0.13575537],
        [ 0.6968922 ,  0.46698325,  0.40853545, ...,  0.04880416,
          0.        ,  0.18394595],
        [ 0.55307908,  0.29635764,  0.23366907, ..., -0.13575537,
         -0.18394595,  0.        ]],

       [[ 0.        , -0.39728456, -0.59669363, ..., -0.78349414,
         -0.80245858, -0.76326078],
        [ 0.39728456,  0.        , -0.22877445, ..., -0.96588132,
         -0.97347541, -0.95712276],
        [ 0.59669363,  0.22877445,  0.        , ..., -0.99951479,
         -1.        , -0.99801133],
        ...,
        [ 0.78349414,  0.96588132,  0.99951479, ...,  0.        ,
          0.03113003, -0.03191852],
        [ 0.80245858,  0.97347541,  1.        , ..., -0.03113003,
          0.        , -0.06301722],
        [ 0.76326078,  0.95712276,  0.99801133, ...,  0.03191852,
          0.06301722,  0.        ]],

       ...,

       [[ 0.        , -0.47568061, -0.35944266, ..., -0.3538759 ,
         -0.42517145, -0.29260556],
        [ 0.47568061,  0.        ,  0.12771727, ...,  0.13362481,
          0.05655613,  0.19748046],
        [ 0.35944266, -0.12771727,  0.        , ...,  0.00595861,
         -0.07141988,  0.07066111],
        ...,
        [ 0.3538759 , -0.13362481, -0.00595861, ...,  0.        ,
         -0.077362  ,  0.06471614],
        [ 0.42517145, -0.05655613,  0.07141988, ...,  0.077362  ,
          0.        ,  0.14172202],
        [ 0.29260556, -0.19748046, -0.07066111, ..., -0.06471614,
         -0.14172202,  0.        ]],

       [[ 0.        , -0.27517374, -0.50059141, ..., -0.98897894,
         -0.98749609, -0.99516552],
        [ 0.27517374,  0.        , -0.24305242, ..., -0.91005772,
         -0.90599397, -0.92972132],
        [ 0.50059141,  0.24305242,  0.        , ..., -0.78202723,
         -0.77594426, -0.81233449],
        ...,
        [ 0.98897894,  0.91005772,  0.78202723, ...,  0.        ,
          0.00970111, -0.05021095],
        [ 0.98749609,  0.90599397,  0.77594426, ..., -0.00970111,
          0.        , -0.05989746],
        [ 0.99516552,  0.92972132,  0.81233449, ...,  0.05021095,
          0.05989746,  0.        ]],

       [[ 0.        , -0.35219977, -0.45268525, ..., -0.9448377 ,
         -0.89349947, -0.84823148],
        [ 0.35219977,  0.        , -0.10963328, ..., -0.9996562 ,
         -0.99440868, -0.98041496],
        [ 0.45268525,  0.10963328,  0.        , ..., -0.99075581,
         -0.99999177, -0.99609662],
        ...,
        [ 0.9448377 ,  0.9996562 ,  0.99075581, ...,  0.        ,
         -0.13163701, -0.22258151],
        [ 0.89349947,  0.99440868,  0.99999177, ...,  0.13163701,
          0.        , -0.09230982],
        [ 0.84823148,  0.98041496,  0.99609662, ...,  0.22258151,
          0.09230982,  0.        ]]]), 'num': array([ 7.79923387e-01,  6.25863384e-01,  5.54172673e-05,  1.00692812e-04,
        1.06306980e-04,  1.00330608e-04,  3.80046548e-03, -4.16535016e-06,
