state_0,state_1,state_2,state_3,state_4,state_5,state_6,state_7,state_8,state_9,state_10,state_11,state_12,state_13,state_14,state_15,state_16,state_17,state_18,state_19,state_20,state_21,state_22,state_23,state_24,state_25,state_26,state_27,state_28,state_29,state_30,state_31,state_32,state_33,state_34,state_35,state_36,state_37,state_38,state_39,state_40,state_41,state_42,state_43,state_44,state_45,state_46,state_47,state_48,state_49,state_50,state_51,state_52,state_53,state_54,state_55,state_56,state_57,state_58,state_59,state_60,state_61,state_62,state_63,state_64,state_65,state_66,state_67,state_68,state_69,state_70,state_71,state_72,state_73,state_74,state_75,state_76,state_77,state_78,state_79,state_80,state_81,state_82,state_83,state_84,state_85,state_86,state_87,state_88,state_89,state_90,state_91,state_92,state_93,state_94,state_95,state_96,state_97,state_98,state_99,state_100,state_101,state_102,state_103,state_104,state_105,state_106,state_107,state_108,state_109,state_110,state_111,state_112,state_113,state_114,state_115,state_116,state_117,state_118,state_119,state_120,state_121,state_122,state_123,state_124,state_125,state_126,state_127,state_128,state_129,state_130,state_131,state_132,state_133,state_134,state_135,state_136,state_137,state_138,state_139,state_140,state_141,state_142,state_143,state_144,state_145,state_146,state_147,state_148,state_149,state_150,state_151,state_152,state_153,state_154,state_155,state_156,state_157,state_158,state_159,state_160,state_161,state_162,state_163,state_164,state_165,state_166,state_167,state_168,state_169,state_170,state_171,state_172,state_173,state_174,state_175,state_176,state_177,state_178,state_179,state_180,state_181,state_182,state_183,state_184,state_185,state_186,state_187,state_188,state_189,state_190,state_191,state_192,state_193,state_194,state_195,state_196,state_197,state_198,state_199,state_200,state_201,state_202,state_203,state_204,state_205,state_206,state_207,state_208,state_209,state_210,state_211,state_212,state_213,state_214,state_215,state_216,state_217,state_218,state_219,state_220,state_221,state_222,state_223,state_224,state_225,state_226,state_227,state_228,state_229,state_230,state_231,state_232,state_233,state_234,state_235,state_236,state_237,state_238,state_239,state_240,state_241,state_242,state_243,state_244,state_245,state_246,state_247,state_248,state_249,state_250,state_251,state_252,state_253,state_254,state_255,state_256,state_257,state_258,state_259,state_260,state_261,state_262,state_263,state_264,state_265,state_266,state_267,state_268,state_269,state_270,state_271,state_272,state_273,state_274,state_275,state_276,state_277,state_278,state_279,state_280,state_281,state_282,state_283,state_284,state_285,state_286,state_287
{'img': array([[[ 0.        ,  0.10923489, -0.02670015, ..., -0.14406787,
         -0.1822208 ,  0.        ],
        [-0.10923489,  0.        , -0.13573632, ..., -0.25130109,
         -0.28853643, -0.10923489],
        [ 0.02670015,  0.13573632,  0.        , ..., -0.1175949 ,
         -0.15590272,  0.02670015],
        ...,
        [ 0.14406787,  0.25130109,  0.1175949 , ...,  0.        ,
         -0.03866401,  0.14406787],
        [ 0.1822208 ,  0.28853643,  0.15590272, ...,  0.03866401,
          0.        ,  0.1822208 ],
        [ 0.        ,  0.10923489, -0.02670015, ..., -0.14406787,
         -0.1822208 ,  0.        ]],

       [[ 0.        , -0.25766712, -0.22059063, ..., -0.77876365,
         -0.42845574, -0.59977429],
        [ 0.25766712,  0.        ,  0.03817776, ..., -0.59082864,
         -0.18116998, -0.37334486],
        [ 0.22059063, -0.03817776,  0.        , ..., -0.62119961,
         -0.21858388, -0.4084899 ],
        ...,
        [ 0.77876365,  0.59082864,  0.62119961, ...,  0.        ,
          0.43488408,  0.24689383],
        [ 0.42845574,  0.18116998,  0.21858388, ..., -0.43488408,
          0.        , -0.19909662],
        [ 0.59977429,  0.37334486,  0.4084899 , ..., -0.24689383,
          0.19909662,  0.        ]],

       [[ 0.        , -0.02680747, -0.04670806, ..., -0.0367794 ,
         -0.06970945, -0.09571922],
        [ 0.02680747,  0.        , -0.01991306, ..., -0.00997685,
         -0.04294215, -0.06900045],
        [ 0.04670806,  0.01991306,  0.        , ...,  0.0099372 ,
         -0.02303894, -0.04912116],
        ...,
        [ 0.0367794 ,  0.00997685, -0.0099372 , ...,  0.        ,
         -0.03297236, -0.05904394],
        [ 0.06970945,  0.04294215,  0.02303894, ...,  0.03297236,
          0.        , -0.026097  ],
        [ 0.09571922,  0.06900045,  0.04912116, ...,  0.05904394,
          0.026097  ,  0.        ]],

       ...,

       [[ 0.        ,  0.08496626,  0.00433601, ...,  0.36095793,
          0.03611591,  0.17348411],
        [-0.08496626,  0.        , -0.08064513, ...,  0.28041463,
         -0.04892552,  0.08917888],
        [-0.00433601,  0.08064513,  0.        , ...,  0.35691085,
          0.03178239,  0.16921222],
        ...,
        [-0.36095793, -0.28041463, -0.35691085, ...,  0.        ,
         -0.32704139, -0.19369642],
        [-0.03611591,  0.04892552, -0.03178239, ...,  0.32704139,
          0.        ,  0.13780266],
        [-0.17348411, -0.08917888, -0.16921222, ...,  0.19369642,
         -0.13780266,  0.        ]],

       [[ 0.        , -0.13383644, -0.13514715, ...,  0.06505727,
          0.04153518,  0.01195849],
        [ 0.13383644,  0.        , -0.00132272, ...,  0.19802489,
          0.17488245,  0.14567777],
        [ 0.13514715,  0.00132272,  0.        , ...,  0.19932125,
          0.17618464,  0.14698626],
        ...,
        [-0.06505727, -0.19802489, -0.19932125, ...,  0.        ,
         -0.02355394, -0.05311946],
        [-0.04153518, -0.17488245, -0.17618464, ...,  0.02355394,
          0.        , -0.02958404],
        [-0.01195849, -0.14567777, -0.14698626, ...,  0.05311946,
          0.02958404,  0.        ]],

       [[ 0.        ,  0.10730246,  0.14842704, ..., -0.92237167,
         -0.9922241 , -0.98952573],
        [-0.10730246,  0.        ,  0.04145618, ..., -0.87559495,
         -0.9731401 , -0.99930245],
        [-0.14842704, -0.04145618,  0.        , ..., -0.85481698,
         -0.96275974, -0.99999153],
        ...,
        [ 0.92237167,  0.87559495,  0.85481698, ...,  0.        ,
          0.26849753,  0.51540782],
        [ 0.9922241 ,  0.9731401 ,  0.96275974, ..., -0.26849753,
          0.        ,  0.26639462],
        [ 0.98952573,  0.99930245,  0.99999153, ..., -0.51540782,
         -0.26639462,  0.        ]]]), 'num': array([ 7.07008262e-01,  7.07008262e-01,  0.00000000e+00,  5.92658497e-04,
        6.05727041e-04,  5.92005070e-04,  1.66082252e-02, -7.18769952e-06,
        5.94749464e-04,  5.87365736e-04,  5.85100522e-04,  6.46085350e-07,
        6.21803025e-04,  5.52928447e-04])}
{'img': array([[[ 0.        , -0.13573632, -0.05528274, ..., -0.28853643,
         -0.10923489, -0.25130109],
        [ 0.13573632,  0.        ,  0.08075764, ..., -0.15590272,
          0.02670015, -0.1175949 ],
        [ 0.05528274, -0.08075764,  0.        , ..., -0.23516367,
         -0.05411591, -0.19740813],
        ...,
        [ 0.28853643,  0.15590272,  0.23516367, ...,  0.        ,
          0.1822208 ,  0.03866401],
        [ 0.10923489, -0.02670015,  0.05411591, ..., -0.1822208 ,
          0.        , -0.14406787],
        [ 0.25130109,  0.1175949 ,  0.19740813, ..., -0.03866401,
          0.14406787,  0.        ]],

       [[ 0.        ,  0.03817776, -0.32886909, ..., -0.18116998,
         -0.37334486,  0.11739349],
        [-0.03817776,  0.        , -0.36468347, ..., -0.21858388,
         -0.4084899 ,  0.07939413],
        [ 0.32886909,  0.36468347,  0.        , ...,  0.1523344 ,
         -0.04748832,  0.43745865],
        ...,
        [ 0.18116998,  0.21858388, -0.1523344 , ...,  0.        ,
         -0.19909662,  0.29536811],
        [ 0.37334486,  0.4084899 ,  0.04748832, ...,  0.19909662,
          0.        ,  0.47966844],
        [-0.11739349, -0.07939413, -0.43745865, ..., -0.29536811,
         -0.47966844,  0.        ]],

       [[ 0.        , -0.01991306,  0.00333473, ..., -0.04294215,
         -0.06900045, -0.12031101],
        [ 0.01991306,  0.        ,  0.02324702, ..., -0.02303894,
         -0.04912116, -0.10051873],
        [-0.00333473, -0.02324702,  0.        , ..., -0.04627356,
         -0.07232685, -0.12362085],
        ...,
        [ 0.04294215,  0.02303894,  0.04627356, ...,  0.        ,
         -0.026097  , -0.07756981],
        [ 0.06900045,  0.04912116,  0.07232685, ...,  0.026097  ,
          0.        , -0.05152502],
        [ 0.12031101,  0.10051873,  0.12362085, ...,  0.07756981,
          0.05152502,  0.        ]],

       ...,

       [[ 0.        , -0.08064513, -0.17190132, ..., -0.04892552,
          0.08917888, -0.13585184],
        [ 0.08064513,  0.        , -0.09189676, ...,  0.03178239,
          0.16921222, -0.05551187],
        [ 0.17190132,  0.09189676,  0.        , ...,  0.12349824,
          0.25906778,  0.03647808],
        ...,
        [ 0.04892552, -0.03178239, -0.12349824, ...,  0.        ,
          0.13780266, -0.08721721],
        [-0.08917888, -0.16921222, -0.25906778, ..., -0.13780266,
          0.        , -0.22366267],
        [ 0.13585184,  0.05551187, -0.03647808, ...,  0.08721721,
          0.22366267,  0.        ]],

       [[ 0.        , -0.00132272, -0.01820527, ...,  0.17488245,
          0.14567777,  0.04110704],
        [ 0.00132272,  0.        , -0.01688275, ...,  0.17618464,
          0.14698626,  0.04242861],
        [ 0.01820527,  0.01688275,  0.        , ...,  0.19277818,
          0.16366469,  0.0592901 ],
        ...,
        [-0.17488245, -0.17618464, -0.19277818, ...,  0.        ,
         -0.02958404, -0.13426108],
        [-0.14567777, -0.14698626, -0.16366469, ...,  0.02958404,
          0.        , -0.10488613],
        [-0.04110704, -0.04242861, -0.0592901 , ...,  0.13426108,
          0.10488613,  0.        ]],

       [[ 0.        ,  0.04145618,  0.03499723, ..., -0.9731401 ,
         -0.99930245, -0.94970491],
        [-0.04145618,  0.        , -0.00646364, ..., -0.96275974,
         -0.99999153, -0.96187032],
        [-0.03499723,  0.00646364,  0.        , ..., -0.96448712,
         -0.99999724, -0.96008238],
        ...,
        [ 0.9731401 ,  0.96275974,  0.96448712, ...,  0.        ,
          0.26639462,  0.52337025],
        [ 0.99930245,  0.99999153,  0.99999724, ..., -0.26639462,
          0.        ,  0.27746149],
        [ 0.94970491,  0.96187032,  0.96008238, ..., -0.52337025,
         -0.27746149,  0.        ]]]), 'num': array([8.45297351e-01, 5.33906155e-01, 6.80636493e-06, 7.12565665e-04,
       7.16459467e-04, 7.00884261e-04, 2.03129809e-02, 6.23008232e-06,
       7.08827616e-04, 7.03921426e-04, 6.97185149e-04, 8.52537580e-07,
       7.32231906e-04, 6.75610945e-04])}
{'img': array([[[ 0.        ,  0.08075764,  0.23437805, ...,  0.02670015,
         -0.1175949 , -0.0132704 ],
        [-0.08075764,  0.        ,  0.15510434, ..., -0.05411591,
         -0.19740813, -0.09397759],
        [-0.23437805, -0.15510434,  0.        , ..., -0.20833807,
         -0.34707121, -0.24725818],
        ...,
        [-0.02670015,  0.05411591,  0.20833807, ...,  0.        ,
         -0.14406787, -0.03996347],
        [ 0.1175949 ,  0.19740813,  0.34707121, ...,  0.14406787,
          0.        ,  0.10440622],
        [ 0.0132704 ,  0.09397759,  0.24725818, ...,  0.03996347,
         -0.10440622,  0.        ]],

       [[ 0.        , -0.36468347, -0.00769491, ..., -0.4084899 ,
          0.07939413,  0.10627337],
        [ 0.36468347,  0.        ,  0.3575077 , ..., -0.04748832,
          0.43745865,  0.46157273],
        [ 0.00769491, -0.3575077 ,  0.        , ..., -0.40145419,
          0.0870624 ,  0.11392155],
        ...,
        [ 0.4084899 ,  0.04748832,  0.40145419, ...,  0.        ,
          0.47966844,  0.50317899],
        [-0.07939413, -0.43745865, -0.0870624 , ..., -0.47966844,
          0.        ,  0.02699338],
        [-0.10627337, -0.46157273, -0.11392155, ..., -0.50317899,
         -0.02699338,  0.        ]],

       [[ 0.        ,  0.02324702,  0.11152139, ..., -0.04912116,
         -0.10051873, -0.10051873],
        [-0.02324702,  0.        ,  0.08838924, ..., -0.07232685,
         -0.12362085, -0.12362085],
        [-0.11152139, -0.08838924,  0.        , ..., -0.16020151,
         -0.21084825, -0.21084825],
        ...,
        [ 0.04912116,  0.07232685,  0.16020151, ...,  0.        ,
         -0.05152502, -0.05152502],
        [ 0.10051873,  0.12362085,  0.21084825, ...,  0.05152502,
          0.        ,  0.        ],
        [ 0.10051873,  0.12362085,  0.21084825, ...,  0.05152502,
          0.        ,  0.        ]],

       ...,

       [[ 0.        , -0.09189676,  0.13514155, ...,  0.16921222,
         -0.05551187,  0.08305488],
        [ 0.09189676,  0.        ,  0.22562344, ...,  0.25906778,
          0.03647808,  0.1742827 ],
        [-0.13514155, -0.22562344,  0.        , ...,  0.03446715,
         -0.18993579, -0.05238167],
        ...,
        [-0.16921222, -0.25906778, -0.03446715, ...,  0.        ,
         -0.22366267, -0.08677038],
        [ 0.05551187, -0.03647808,  0.18993579, ...,  0.22366267,
          0.        ,  0.13824689],
        [-0.08305488, -0.1742827 ,  0.05238167, ...,  0.08677038,
         -0.13824689,  0.        ]],

       [[ 0.        , -0.01688275,  0.01233796, ...,  0.14698626,
          0.04242861, -0.22670431],
        [ 0.01688275,  0.        ,  0.02921766, ...,  0.16366469,
          0.0592901 , -0.21022881],
        [-0.01233796, -0.02921766,  0.        , ...,  0.13477113,
          0.03009853, -0.23870377],
        ...,
        [-0.14698626, -0.16366469, -0.13477113, ...,  0.        ,
         -0.10488613, -0.36740124],
        [-0.04242861, -0.0592901 , -0.03009853, ...,  0.10488613,
          0.        , -0.26782408],
        [ 0.22670431,  0.21022881,  0.23870377, ...,  0.36740124,
          0.26782408,  0.        ]],

       [[ 0.        , -0.00646364,  0.00586512, ..., -0.99999153,
         -0.96187032, -0.71690052],
        [ 0.00646364,  0.        ,  0.01232852, ..., -0.99999724,
         -0.96008238, -0.71237926],
        [-0.00586512, -0.01232852,  0.        , ..., -0.9999502 ,
         -0.96345792, -0.72097721],
        ...,
        [ 0.99999153,  0.99999724,  0.9999502 , ...,  0.        ,
          0.27746149,  0.70011946],
        [ 0.96187032,  0.96008238,  0.96345792, ..., -0.27746149,
          0.        ,  0.47451586],
        [ 0.71690052,  0.71237926,  0.72097721, ..., -0.70011946,
         -0.47451586,  0.        ]]]), 'num': array([ 7.88530366e-01,  6.14711739e-01,  3.82860412e-06,  6.60907327e-04,
        6.65274556e-04,  6.56540098e-04,  1.85972043e-02, -5.09510054e-06,
        6.62654219e-04,  6.60506998e-04,  6.51529916e-04,  7.88527464e-07,
        6.74684433e-04,  6.46329563e-04])}
{'img': array([[[ 0.        ,  0.15510434,  0.61585685, ..., -0.19740813,
         -0.09397759, -0.1847002 ],
        [-0.15510434,  0.        ,  0.4862036 , ..., -0.34707121,
         -0.24725818, -0.33490073],
        [-0.61585685, -0.4862036 ,  0.        , ..., -0.75926723,
         -0.68717226, -0.75077852],
        ...,
        [ 0.19740813,  0.34707121,  0.75926723, ...,  0.        ,
          0.10440622,  0.01294615],
        [ 0.09397759,  0.24725818,  0.68717226, ..., -0.10440622,
          0.        , -0.09152208],
        [ 0.1847002 ,  0.33490073,  0.75077852, ..., -0.01294615,
          0.09152208,  0.        ]],

       [[ 0.        ,  0.3575077 ,  0.91070445, ...,  0.43745865,
          0.46157273,  0.44233684],
        [-0.3575077 ,  0.        ,  0.70284454, ...,  0.0870624 ,
          0.11392155,  0.09247247],
        [-0.91070445, -0.70284454,  0.        , ..., -0.63824447,
         -0.61723149, -0.63405333],
        ...,
        [-0.43745865, -0.0870624 ,  0.63824447, ...,  0.        ,
          0.02699338,  0.00543198],
        [-0.46157273, -0.11392155,  0.61723149, ..., -0.02699338,
          0.        , -0.02156298],
        [-0.44233684, -0.09247247,  0.63405333, ..., -0.00543198,
          0.02156298,  0.        ]],

       [[ 0.        ,  0.08838924,  0.24267513, ..., -0.12362085,
         -0.12362085, -0.12044599],
        [-0.08838924,  0.        ,  0.15597823, ..., -0.21084825,
         -0.21084825, -0.20772032],
        [-0.24267513, -0.15597823,  0.        , ..., -0.36073923,
         -0.36073923, -0.357754  ],
        ...,
        [ 0.12362085,  0.21084825,  0.36073923, ...,  0.        ,
          0.        ,  0.00319877],
        [ 0.12362085,  0.21084825,  0.36073923, ...,  0.        ,
          0.        ,  0.00319877],
        [ 0.12044599,  0.20772032,  0.357754  , ..., -0.00319877,
         -0.00319877,  0.        ]],

       ...,

       [[ 0.        ,  0.22562344,  0.405955  , ...,  0.03647808,
          0.1742827 ,  0.15952236],
        [-0.22562344,  0.        ,  0.18929158, ..., -0.18993579,
         -0.05238167, -0.06732516],
        [-0.405955  , -0.18929158,  0.        , ..., -0.37234775,
         -0.24046637, -0.25497008],
        ...,
        [-0.03647808,  0.18993579,  0.37234775, ...,  0.        ,
          0.13824689,  0.12340524],
        [-0.1742827 ,  0.05238167,  0.24046637, ..., -0.13824689,
          0.        , -0.01496991],
        [-0.15952236,  0.06732516,  0.25497008, ..., -0.12340524,
          0.01496991,  0.        ]],

       [[ 0.        ,  0.02921766,  0.18976576, ...,  0.0592901 ,
         -0.21022881, -0.49270294],
        [-0.02921766,  0.        ,  0.16099799, ...,  0.03009853,
         -0.23870377, -0.51791773],
        [-0.18976576, -0.16099799,  0.        , ..., -0.13121916,
         -0.39193374, -0.64888393],
        ...,
        [-0.0592901 , -0.03009853,  0.13121916, ...,  0.        ,
         -0.26782408, -0.54343028],
        [ 0.21022881,  0.23870377,  0.39193374, ...,  0.26782408,
          0.        , -0.29875151],
        [ 0.49270294,  0.51791773,  0.64888393, ...,  0.54343028,
          0.29875151,  0.        ]],

       [[ 0.        ,  0.01232852, -0.13940083, ..., -0.96008238,
         -0.71237926, -0.19155979],
        [-0.01232852,  0.        , -0.15159839, ..., -0.96345792,
         -0.72097721, -0.20364544],
        [ 0.13940083,  0.15159839,  0.        , ..., -0.91171534,
         -0.60759285, -0.05287014],
        ...,
        [ 0.96008238,  0.96345792,  0.91171534, ...,  0.        ,
          0.47451586,  0.88871997],
        [ 0.71237926,  0.72097721,  0.60759285, ..., -0.47451586,
          0.        ,  0.56475103],
        [ 0.19155979,  0.20364544,  0.05287014, ..., -0.88871997,
         -0.56475103,  0.        ]]]), 'num': array([7.36345965e-01, 6.76455356e-01, 1.28935649e-06, 6.30427461e-04,
       6.30427461e-04, 6.10069200e-04, 1.41316864e-02, 1.42507822e-05,
       6.21198383e-04, 6.17466035e-04, 6.07513108e-04, 8.76786432e-07,
       6.29171985e-04, 6.05760084e-04])}
{'img': array([[[ 0.        ,  0.4862036 ,  0.86417888, ..., -0.24725818,
         -0.33490073, -0.0579843 ],
        [-0.4862036 ,  0.        ,  0.51050866, ..., -0.68717226,
         -0.75077852, -0.53605488],
        [-0.86417888, -0.51050866,  0.        , ..., -0.96176235,
         -0.98279243, -0.89190171],
        ...,
        [ 0.24725818,  0.68717226,  0.96176235, ...,  0.        ,
         -0.09152208,  0.1906583 ],
        [ 0.33490073,  0.75077852,  0.98279243, ...,  0.09152208,
          0.        ,  0.27970136],
        [ 0.0579843 ,  0.53605488,  0.89190171, ..., -0.1906583 ,
         -0.27970136,  0.        ]],

       [[ 0.        ,  0.70284454,  0.32132537, ...,  0.11392155,
          0.09247247, -0.11866747],
        [-0.70284454,  0.        , -0.43699918, ..., -0.61723149,
         -0.63405333, -0.78229161],
        [-0.32132537,  0.43699918,  0.        , ..., -0.2113533 ,
         -0.23238002, -0.4314293 ],
        ...,
        [-0.11392155,  0.61723149,  0.2113533 , ...,  0.        ,
         -0.02156298, -0.2310115 ],
        [-0.09247247,  0.63405333,  0.23238002, ...,  0.02156298,
          0.        , -0.20997807],
        [ 0.11866747,  0.78229161,  0.4314293 , ...,  0.2310115 ,
          0.20997807,  0.        ]],

       [[ 0.        ,  0.15597823,  0.34094281, ..., -0.21084825,
         -0.20772032, -0.12788076],
        [-0.15597823,  0.        ,  0.19013719, ..., -0.36073923,
         -0.357754  , -0.28101314],
        [-0.34094281, -0.19013719,  0.        , ..., -0.53149308,
         -0.52878081, -0.45836217],
        ...,
        [ 0.21084825,  0.36073923,  0.53149308, ...,  0.        ,
          0.00319877,  0.08411125],
        [ 0.20772032,  0.357754  ,  0.52878081, ..., -0.00319877,
          0.        ,  0.08092338],
        [ 0.12788076,  0.28101314,  0.45836217, ..., -0.08411125,
         -0.08092338,  0.        ]],

       ...,

       [[ 0.        ,  0.18929158,  0.39561883, ..., -0.05238167,
         -0.06732516,  0.21186263],
        [-0.18929158,  0.        ,  0.21461822, ..., -0.24046637,
         -0.25497008,  0.02303779],
        [-0.39561883, -0.21461822,  0.        , ..., -0.44318381,
         -0.45655363, -0.1920603 ],
        ...,
        [ 0.05238167,  0.24046637,  0.44318381, ...,  0.        ,
         -0.01496991,  0.26276435],
        [ 0.06732516,  0.25497008,  0.45655363, ...,  0.01496991,
          0.        ,  0.27717878],
        [-0.21186263, -0.02303779,  0.1920603 , ..., -0.26276435,
         -0.27717878,  0.        ]],

       [[ 0.        ,  0.16099799,  0.41208522, ..., -0.23870377,
         -0.51791773, -0.51357131],
        [-0.16099799,  0.        ,  0.26001689, ..., -0.39193374,
         -0.64888393, -0.64501546],
        [-0.41208522, -0.26001689,  0.        , ..., -0.61766665,
         -0.82440854, -0.82152654],
        ...,
        [ 0.23870377,  0.39193374,  0.61766665, ...,  0.        ,
         -0.29875151, -0.29390617],
        [ 0.51791773,  0.64888393,  0.82440854, ...,  0.29875151,
          0.        ,  0.00507319],
        [ 0.51357131,  0.64501546,  0.82152654, ...,  0.29390617,
         -0.00507319,  0.        ]],

       [[ 0.        , -0.15159839, -0.26342632, ..., -0.72097721,
         -0.20364544,  0.02078378],
        [ 0.15159839,  0.        , -0.11413782, ..., -0.60759285,
         -0.05287014,  0.17210921],
        [ 0.26342632,  0.11413782,  0.        , ..., -0.51296837,
          0.06145355,  0.2834191 ],
        ...,
        [ 0.72097721,  0.60759285,  0.51296837, ...,  0.        ,
          0.56475103,  0.73522378],
        [ 0.20364544,  0.05287014, -0.06145355, ..., -0.56475103,
          0.        ,  0.2239497 ],
        [-0.02078378, -0.17210921, -0.2834191 , ..., -0.73522378,
         -0.2239497 ,  0.        ]]]), 'num': array([ 7.34621654e-01,  6.78296954e-01,  1.21914937e-06,  6.25830007e-04,
        6.38698806e-04,  6.21088871e-04,  1.55301748e-02, -3.38652601e-06,
        6.20817949e-04,  6.17092770e-04,  6.06244599e-04,  8.00451603e-07,
        6.29055599e-04,  6.05129942e-04])}
{'img': array([[[ 0.        ,  0.51050866,  0.        , ..., -0.75077852,
         -0.53605488, -0.59396532],
        [-0.51050866,  0.        , -0.51050866, ..., -0.98279243,
         -0.89190171, -0.92143395],
        [ 0.        ,  0.51050866,  0.        , ..., -0.75077852,
         -0.53605488, -0.59396532],
        ...,
        [ 0.75077852,  0.98279243,  0.75077852, ...,  0.        ,
          0.27970136,  0.21164811],
        [ 0.53605488,  0.89190171,  0.53605488, ..., -0.27970136,
          0.        , -0.07016437],
        [ 0.59396532,  0.92143395,  0.59396532, ..., -0.21164811,
          0.07016437,  0.        ]],

       [[ 0.        , -0.43699918, -0.78110427, ..., -0.63405333,
         -0.78229161, -0.71644777],
        [ 0.43699918,  0.        , -0.42971098, ..., -0.23238002,
         -0.4314293 , -0.33954906],
        [ 0.78110427,  0.42971098,  0.        , ...,  0.2081163 ,
         -0.00190383,  0.09757972],
        ...,
        [ 0.63405333,  0.23238002, -0.2081163 , ...,  0.        ,
         -0.20997807, -0.11167998],
        [ 0.78229161,  0.4314293 ,  0.00190383, ...,  0.20997807,
          0.        ,  0.09947429],
        [ 0.71644777,  0.33954906, -0.09757972, ...,  0.11167998,
         -0.09947429,  0.        ]],

       [[ 0.        ,  0.19013719,  0.41699939, ..., -0.357754  ,
         -0.28101314, -0.2619705 ],
        [-0.19013719,  0.        ,  0.23657531, ..., -0.52878081,
         -0.45836217, -0.44068833],
        [-0.41699939, -0.23657531,  0.        , ..., -0.71456568,
         -0.65561069, -0.64054281],
        ...,
        [ 0.357754  ,  0.52878081,  0.71456568, ...,  0.        ,
          0.08092338,  0.10062754],
        [ 0.28101314,  0.45836217,  0.65561069, ..., -0.08092338,
          0.        ,  0.01978489],
        [ 0.2619705 ,  0.44068833,  0.64054281, ..., -0.10062754,
         -0.01978489,  0.        ]],

       ...,

       [[ 0.        ,  0.21461822, -0.1499898 , ..., -0.25497008,
          0.02303779, -0.12716908],
        [-0.21461822,  0.        , -0.3586851 , ..., -0.45655363,
         -0.1920603 , -0.33708153],
        [ 0.1499898 ,  0.3586851 ,  0.        , ..., -0.10705326,
          0.17272717,  0.02304156],
        ...,
        [ 0.25497008,  0.45655363,  0.10705326, ...,  0.        ,
          0.27717878,  0.12993399],
        [-0.02303779,  0.1920603 , -0.17272717, ..., -0.27717878,
          0.        , -0.14998607],
        [ 0.12716908,  0.33708153, -0.02304156, ..., -0.12993399,
          0.14998607,  0.        ]],

       [[ 0.        ,  0.26001689,  0.42359814, ..., -0.64888393,
         -0.64501546, -0.61649275],
        [-0.26001689,  0.        ,  0.17349173, ..., -0.82440854,
         -0.82152654, -0.80001496],
        [-0.42359814, -0.17349173,  0.        , ..., -0.91010214,
         -0.90798818, -0.89197457],
        ...,
        [ 0.64888393,  0.82440854,  0.91010214, ...,  0.        ,
          0.00507319,  0.04182406],
        [ 0.64501546,  0.82152654,  0.90798818, ..., -0.00507319,
          0.        ,  0.03675478],
        [ 0.61649275,  0.80001496,  0.89197457, ..., -0.04182406,
         -0.03675478,  0.        ]],

       [[ 0.        , -0.11413782, -0.09189645, ..., -0.05287014,
          0.17210921,  0.22290956],
        [ 0.11413782,  0.        ,  0.02235896, ...,  0.06145355,
          0.2834191 ,  0.33271884],
        [ 0.09189645, -0.02235896,  0.        , ...,  0.0391215 ,
          0.2619061 ,  0.31155059],
        ...,
        [ 0.05287014, -0.06145355, -0.0391215 , ...,  0.        ,
          0.2239497 ,  0.27413768],
        [-0.17210921, -0.2834191 , -0.2619061 , ..., -0.2239497 ,
          0.        ,  0.05180448],
        [-0.22290956, -0.33271884, -0.31155059, ..., -0.27413768,
         -0.05180448,  0.        ]]]), 'num': array([7.51398082e-01, 6.59636582e-01, 1.96491435e-06, 6.46207748e-04,
       6.54510203e-04, 6.39289036e-04, 1.66511547e-02, 6.91871251e-06,
       6.37905293e-04, 6.31367110e-04, 6.18971083e-04, 8.64839064e-07,
       6.45221648e-04, 6.17512572e-04])}
{'img': array([[[ 0.        , -0.51050866, -0.48841502, ..., -0.89190171,
         -0.92143395, -0.85663462],
        [ 0.51050866,  0.        ,  0.02550101, ..., -0.53605488,
         -0.59396532, -0.4732132 ],
        [ 0.48841502, -0.02550101,  0.        , ..., -0.55740808,
         -0.61428749, -0.49552437],
        ...,
        [ 0.89190171,  0.53605488,  0.55740808, ...,  0.        ,
         -0.07016437,  0.07275784],
        [ 0.92143395,  0.59396532,  0.61428749, ...,  0.07016437,
          0.        ,  0.14255693],
        [ 0.85663462,  0.4732132 ,  0.49552437, ..., -0.07275784,
         -0.14255693,  0.        ]],

       [[ 0.        , -0.42971098, -0.3916174 , ..., -0.4314293 ,
         -0.33954906, -0.29218043],
        [ 0.42971098,  0.        ,  0.04177178, ..., -0.00190383,
          0.09757972,  0.14713064],
        [ 0.3916174 , -0.04177178,  0.        , ..., -0.04367388,
          0.05592212,  0.10568504],
        ...,
        [ 0.4314293 ,  0.00190383,  0.04367388, ...,  0.        ,
          0.09947429,  0.14901349],
        [ 0.33954906, -0.09757972, -0.05592212, ..., -0.09947429,
          0.        ,  0.04991072],
        [ 0.29218043, -0.14713064, -0.10568504, ..., -0.14901349,
         -0.04991072,  0.        ]],

       [[ 0.        ,  0.23657531,  0.67473667, ..., -0.45836217,
         -0.44068833, -0.35716785],
        [-0.23657531,  0.        ,  0.48097659, ..., -0.65561069,
         -0.64054281, -0.56799984],
        [-0.67473667, -0.48097659,  0.        , ..., -0.9379808 ,
         -0.93093803, -0.89384197],
        ...,
        [ 0.45836217,  0.65561069,  0.9379808 , ...,  0.        ,
          0.01978489,  0.11069024],
        [ 0.44068833,  0.64054281,  0.93093803, ..., -0.01978489,
          0.        ,  0.09100527],
        [ 0.35716785,  0.56799984,  0.89384197, ..., -0.11069024,
         -0.09100527,  0.        ]],

       ...,

       [[ 0.        , -0.3586851 , -0.44915649, ..., -0.1920603 ,
         -0.33708153, -0.24886027],
        [ 0.3586851 ,  0.        , -0.09880068, ...,  0.17272717,
          0.02304156,  0.11509989],
        [ 0.44915649,  0.09880068,  0.        , ...,  0.26919773,
          0.12170327,  0.21268077],
        ...,
        [ 0.1920603 , -0.17272717, -0.26919773, ...,  0.        ,
         -0.14998607, -0.05820931],
        [ 0.33708153, -0.02304156, -0.12170327, ...,  0.14998607,
          0.        ,  0.09218091],
        [ 0.24886027, -0.11509989, -0.21268077, ...,  0.05820931,
         -0.09218091,  0.        ]],

       [[ 0.        ,  0.17349173,  0.38137223, ..., -0.82152654,
         -0.80001496, -0.74515917],
        [-0.17349173,  0.        ,  0.21520935, ..., -0.90798818,
         -0.89197457, -0.84955839],
        [-0.38137223, -0.21520935,  0.        , ..., -0.97688395,
         -0.96836681, -0.94317325],
        ...,
        [ 0.82152654,  0.90798818,  0.97688395, ...,  0.        ,
          0.03675478,  0.12299747],
        [ 0.80001496,  0.89197457,  0.96836681, ..., -0.03675478,
          0.        ,  0.08643866],
        [ 0.74515917,  0.84955839,  0.94317325, ..., -0.12299747,
         -0.08643866,  0.        ]],

       [[ 0.        ,  0.02235896,  0.06426723, ...,  0.2834191 ,
          0.33271884,  0.27611948],
        [-0.02235896,  0.        ,  0.04193843, ...,  0.2619061 ,
          0.31155059,  0.25456074],
        [-0.06426723, -0.04193843,  0.        , ...,  0.22120117,
          0.27142535,  0.21377993],
        ...,
        [-0.2834191 , -0.2619061 , -0.22120117, ...,  0.        ,
          0.05180448, -0.00760319],
        [-0.33271884, -0.31155059, -0.27142535, ..., -0.05180448,
          0.        , -0.05939597],
        [-0.27611948, -0.25456074, -0.21377993, ...,  0.00760319,
          0.05939597,  0.        ]]]), 'num': array([ 7.88374474e-01,  6.15092069e-01,  3.71850655e-06,  6.76884395e-04,
        6.81968291e-04,  6.73979312e-04,  1.11293448e-02, -1.45254162e-06,
        6.72091008e-04,  6.63629953e-04,  6.49261895e-04,  8.69041995e-07,
        6.79320596e-04,  6.47939310e-04])}
{'img': array([[[ 0.        ,  0.16439518, -0.75413406, ..., -0.7843091 ,
         -0.67289992, -0.69779598],
        [-0.16439518,  0.        , -0.85183542, ..., -0.8756241 ,
         -0.78535345, -0.80605786],
        [ 0.75413406,  0.85183542,  0.        , ..., -0.04722953,
          0.11595107,  0.08192671],
        ...,
        [ 0.7843091 ,  0.8756241 ,  0.04722953, ...,  0.        ,
          0.16273264,  0.12890605],
        [ 0.67289992,  0.78535345, -0.11595107, ..., -0.16273264,
          0.        , -0.03418718],
        [ 0.69779598,  0.80605786, -0.08192671, ..., -0.12890605,
          0.03418718,  0.        ]],

       [[ 0.        ,  0.04177178,  0.56264026, ...,  0.09757972,
          0.14713064, -0.35385281],
        [-0.04177178,  0.        ,  0.52761637, ...,  0.05592212,
          0.10568504, -0.39261315],
        [-0.56264026, -0.52761637,  0.        , ..., -0.47928585,
         -0.43488392, -0.81876884],
        ...,
        [-0.09757972, -0.05592212,  0.47928585, ...,  0.        ,
          0.04991072, -0.44343054],
        [-0.14713064, -0.10568504,  0.43488392, ..., -0.04991072,
          0.        , -0.4876133 ],
        [ 0.35385281,  0.39261315,  0.81876884, ...,  0.44343054,
          0.4876133 ,  0.        ]],

       [[ 0.        ,  0.48097659,  0.3042671 , ..., -0.64054281,
         -0.56799984, -0.51802421],
        [-0.48097659,  0.        , -0.19141079, ..., -0.93093803,
         -0.89384197, -0.86558015],
        [-0.3042671 ,  0.19141079,  0.        , ..., -0.84382615,
         -0.79148967, -0.75372272],
        ...,
        [ 0.64054281,  0.93093803,  0.84382615, ...,  0.        ,
          0.09100527,  0.15009609],
        [ 0.56799984,  0.89384197,  0.79148967, ..., -0.09100527,
          0.        ,  0.05949895],
        [ 0.51802421,  0.86558015,  0.75372272, ..., -0.15009609,
         -0.05949895,  0.        ]],

       ...,

       [[ 0.        , -0.09880068, -0.39163969, ...,  0.02304156,
          0.11509989,  0.04283158],
        [ 0.09880068,  0.        , -0.29881514, ...,  0.12170327,
          0.21268077,  0.14133203],
        [ 0.39163969,  0.29881514,  0.        , ...,  0.41273668,
          0.49494237,  0.43069042],
        ...,
        [-0.02304156, -0.12170327, -0.41273668, ...,  0.        ,
          0.09218091,  0.0197998 ],
        [-0.11509989, -0.21268077, -0.49494237, ..., -0.09218091,
          0.        , -0.07244734],
        [-0.04283158, -0.14133203, -0.43069042, ..., -0.0197998 ,
          0.07244734,  0.        ]],

       [[ 0.        ,  0.21520935,  0.21045695, ..., -0.89197457,
         -0.84955839, -0.81462314],
        [-0.21520935,  0.        , -0.00486382, ..., -0.96836681,
         -0.94317325, -0.92035425],
        [-0.21045695,  0.00486382,  0.        , ..., -0.96714168,
         -0.94154584, -0.91844119],
        ...,
        [ 0.89197457,  0.96836681,  0.96714168, ...,  0.        ,
          0.08643866,  0.14905753],
        [ 0.84955839,  0.94317325,  0.94154584, ..., -0.08643866,
          0.        ,  0.06302662],
        [ 0.81462314,  0.92035425,  0.91844119, ..., -0.14905753,
         -0.06302662,  0.        ]],

       [[ 0.        ,  0.04193843,  0.03680485, ...,  0.31155059,
          0.25456074,  0.23292991],
        [-0.04193843,  0.        , -0.00513755, ...,  0.27142535,
          0.21377993,  0.19194013],
        [-0.03680485,  0.00513755,  0.        , ...,  0.27636644,
          0.21879589,  0.19697961],
        ...,
        [-0.31155059, -0.27142535, -0.27636644, ...,  0.        ,
         -0.05939597, -0.08164404],
        [-0.25456074, -0.21377993, -0.21879589, ...,  0.05939597,
          0.        , -0.02230222],
        [-0.23292991, -0.19194013, -0.19697961, ...,  0.08164404,
          0.02230222,  0.        ]]]), 'num': array([7.43049740e-01, 6.69030684e-01, 1.58839177e-06, 6.38095316e-04,
       6.39464619e-04, 6.28510193e-04, 1.64881502e-02, 0.00000000e+00,
       6.36862943e-04, 6.26490471e-04, 6.11724818e-04, 7.94684924e-07,
       6.42021503e-04, 6.10959439e-04])}
{'img': array([[[ 0.00000000e+00, -8.51835420e-01, -9.56260321e-01, ...,
         -7.85353452e-01, -8.06057864e-01, -8.06057864e-01],
        [ 8.51835420e-01,  0.00000000e+00, -2.51721916e-01, ...,
          1.15951071e-01,  8.19267078e-02,  8.19267078e-02],
        [ 9.56260321e-01,  2.51721916e-01,  0.00000000e+00, ...,
          3.62241433e-01,  3.30164352e-01,  3.30164352e-01],
        ...,
        [ 7.85353452e-01, -1.15951071e-01, -3.62241433e-01, ...,
          0.00000000e+00, -3.41871784e-02, -3.41871784e-02],
        [ 8.06057864e-01, -8.19267078e-02, -3.30164352e-01, ...,
          3.41871784e-02,  0.00000000e+00,  0.00000000e+00],
        [ 8.06057864e-01, -8.19267078e-02, -3.30164352e-01, ...,
          3.41871784e-02,  0.00000000e+00,  0.00000000e+00]],

       [[ 0.00000000e+00,  5.27616372e-01,  6.53423128e-01, ...,
          1.05685041e-01, -3.92613148e-01,  1.06354692e-01],
        [-5.27616372e-01,  0.00000000e+00,  1.55669849e-01, ...,
         -4.34883917e-01, -8.18768837e-01, -4.34277389e-01],
        [-6.53423128e-01, -1.55669849e-01,  0.00000000e+00, ...,
         -5.69760909e-01, -8.98161032e-01, -5.69207335e-01],
        ...,
        [-1.05685041e-01,  4.34883917e-01,  5.69760909e-01, ...,
          0.00000000e+00, -4.87613303e-01,  6.73446436e-04],
        [ 3.92613148e-01,  8.18768837e-01,  8.98161032e-01, ...,
          4.87613303e-01,  0.00000000e+00,  4.88201151e-01],
        [-1.06354692e-01,  4.34277389e-01,  5.69207335e-01, ...,
         -6.73446436e-04, -4.88201151e-01,  0.00000000e+00]],

       [[ 0.00000000e+00, -1.91410788e-01, -5.66087519e-01, ...,
         -8.93841971e-01, -8.65580147e-01, -8.18342850e-01],
        [ 1.91410788e-01,  0.00000000e+00, -3.97832016e-01, ...,
         -7.91489671e-01, -7.53722723e-01, -6.93202113e-01],
        [ 5.66087519e-01,  3.97832016e-01,  0.00000000e+00, ...,
         -4.83010765e-01, -4.30056910e-01, -3.49249276e-01],
        ...,
        [ 8.93841971e-01,  7.91489671e-01,  4.83010765e-01, ...,
          0.00000000e+00,  5.94989489e-02,  1.46787806e-01],
        [ 8.65580147e-01,  7.53722723e-01,  4.30056910e-01, ...,
         -5.94989489e-02,  0.00000000e+00,  8.76732952e-02],
        [ 8.18342850e-01,  6.93202113e-01,  3.49249276e-01, ...,
         -1.46787806e-01, -8.76732952e-02,  0.00000000e+00]],

       ...,

       [[ 0.00000000e+00, -2.98815139e-01, -2.92591638e-01, ...,
          2.12680773e-01,  1.41332029e-01,  9.37090629e-02],
        [ 2.98815139e-01,  0.00000000e+00,  6.51481472e-03, ...,
          4.94942372e-01,  4.30690420e-01,  3.86927831e-01],
        [ 2.92591638e-01, -6.51481472e-03,  0.00000000e+00, ...,
          4.89270978e-01,  4.24801661e-01,  3.80912244e-01],
        ...,
        [-2.12680773e-01, -4.94942372e-01, -4.89270978e-01, ...,
          0.00000000e+00, -7.24473386e-02, -1.20179735e-01],
        [-1.41332029e-01, -4.30690420e-01, -4.24801661e-01, ...,
          7.24473386e-02,  0.00000000e+00, -4.79416803e-02],
        [-9.37090629e-02, -3.86927831e-01, -3.80912244e-01, ...,
          1.20179735e-01,  4.79416803e-02,  0.00000000e+00]],

       [[ 0.00000000e+00, -4.86382408e-03, -4.86382408e-03, ...,
         -9.43173253e-01, -9.20354248e-01, -8.97817610e-01],
        [ 4.86382408e-03,  0.00000000e+00,  0.00000000e+00, ...,
         -9.41545842e-01, -9.18441189e-01, -8.95665121e-01],
        [ 4.86382408e-03,  0.00000000e+00,  0.00000000e+00, ...,
         -9.41545842e-01, -9.18441189e-01, -8.95665121e-01],
        ...,
        [ 9.43173253e-01,  9.41545842e-01,  9.41545842e-01, ...,
          0.00000000e+00,  6.30266161e-02,  1.16996811e-01],
        [ 9.20354248e-01,  9.18441189e-01,  9.18441189e-01, ...,
         -6.30266161e-02,  0.00000000e+00,  5.41704359e-02],
        [ 8.97817610e-01,  8.95665121e-01,  8.95665121e-01, ...,
         -1.16996811e-01, -5.41704359e-02,  0.00000000e+00]],

       [[ 0.00000000e+00, -5.13754710e-03, -5.13754710e-03, ...,
          2.13779933e-01,  1.91940125e-01,  2.04455702e-01],
        [ 5.13754710e-03,  0.00000000e+00,  0.00000000e+00, ...,
          2.18795888e-01,  1.96979615e-01,  2.09482024e-01],
        [ 5.13754710e-03,  0.00000000e+00,  0.00000000e+00, ...,
          2.18795888e-01,  1.96979615e-01,  2.09482024e-01],
        ...,
        [-2.13779933e-01, -2.18795888e-01, -2.18795888e-01, ...,
          0.00000000e+00, -2.23022211e-02, -9.53494277e-03],
        [-1.91940125e-01, -1.96979615e-01, -1.96979615e-01, ...,
          2.23022211e-02,  0.00000000e+00,  1.27686361e-02],
        [-2.04455702e-01, -2.09482024e-01, -2.09482024e-01, ...,
          9.53494277e-03, -1.27686361e-02,  0.00000000e+00]]]), 'num': array([7.73872325e-01, 6.33155251e-01, 3.00677507e-06, 6.66905561e-04,
       6.69755584e-04, 6.59780501e-04, 1.52511612e-02, 2.85002376e-06,
