state_0,state_1,state_2,state_3,state_4,state_5,state_6,state_7,state_8,state_9,state_10,state_11,state_12,state_13,state_14,state_15,state_16,state_17,state_18,state_19,state_20,state_21,state_22,state_23,state_24,state_25,state_26,state_27,state_28,state_29,state_30,state_31,state_32,state_33,state_34,state_35,state_36,state_37,state_38,state_39,state_40,state_41,state_42,state_43,state_44,state_45,state_46,state_47,state_48,state_49,state_50,state_51,state_52,state_53,state_54,state_55,state_56,state_57,state_58,state_59,state_60,state_61,state_62,state_63,state_64,state_65,state_66,state_67,state_68,state_69,state_70,state_71,state_72,state_73,state_74,state_75,state_76,state_77,state_78,state_79,state_80,state_81,state_82,state_83,state_84,state_85,state_86,state_87,state_88,state_89,state_90,state_91,state_92,state_93,state_94,state_95,state_96,state_97,state_98,state_99,state_100,state_101,state_102,state_103,state_104,state_105,state_106,state_107,state_108,state_109,state_110,state_111,state_112,state_113,state_114,state_115,state_116,state_117,state_118,state_119,state_120,state_121,state_122,state_123,state_124,state_125,state_126,state_127,state_128,state_129,state_130,state_131,state_132,state_133,state_134,state_135,state_136,state_137,state_138,state_139,state_140,state_141,state_142,state_143,state_144,state_145,state_146,state_147,state_148,state_149,state_150,state_151,state_152,state_153,state_154,state_155,state_156,state_157,state_158,state_159,state_160,state_161,state_162,state_163,state_164,state_165,state_166,state_167,state_168,state_169,state_170,state_171,state_172,state_173,state_174,state_175,state_176,state_177,state_178,state_179,state_180,state_181,state_182,state_183,state_184,state_185,state_186,state_187,state_188,state_189,state_190,state_191,state_192,state_193,state_194,state_195,state_196,state_197,state_198,state_199,state_200,state_201,state_202,state_203,state_204,state_205,state_206,state_207,state_208,state_209,state_210,state_211,state_212,state_213,state_214,state_215,state_216,state_217,state_218,state_219,state_220,state_221,state_222,state_223,state_224,state_225,state_226,state_227,state_228,state_229,state_230,state_231,state_232,state_233,state_234,state_235,state_236,state_237,state_238,state_239,state_240,state_241,state_242,state_243,state_244,state_245,state_246,state_247,state_248,state_249,state_250,state_251,state_252,state_253,state_254,state_255,state_256,state_257,state_258,state_259,state_260,state_261,state_262,state_263,state_264,state_265,state_266,state_267,state_268,state_269,state_270,state_271,state_272,state_273,state_274,state_275,state_276,state_277,state_278,state_279,state_280,state_281,state_282,state_283,state_284,state_285,state_286,state_287
{'img': array([[[ 0.        ,  0.725213  ,  0.69261083, ...,  0.91579792,
          0.97877914,  0.99878992],
        [-0.725213  ,  0.        , -0.04622487, ...,  0.92182346,
          0.82252272,  0.72335763],
        [-0.69261083,  0.04622487,  0.        , ...,  0.93875531,
          0.84793307,  0.75450146],
        ...,
        [-0.91579792, -0.92182346, -0.93875531, ...,  0.        ,
         -0.2054527 , -0.35611408],
        [-0.97877914, -0.82252272, -0.84793307, ...,  0.2054527 ,
          0.        , -0.15653339],
        [-0.99878992, -0.72335763, -0.75450146, ...,  0.35611408,
          0.15653339,  0.        ]],

       [[ 0.        ,  0.88816812,  0.44592878, ...,  0.82603261,
          0.56032099,  0.54627048],
        [-0.88816812,  0.        , -0.59005867, ..., -0.121014  ,
         -0.47816999, -0.49291599],
        [-0.44592878,  0.59005867,  0.        , ...,  0.4880203 ,
          0.13217374,  0.11543558],
        ...,
        [-0.82603261,  0.121014  , -0.4880203 , ...,  0.        ,
         -0.36837318, -0.38400197],
        [-0.56032099,  0.47816999, -0.13217374, ...,  0.36837318,
          0.        , -0.01686733],
        [-0.54627048,  0.49291599, -0.11543558, ...,  0.38400197,
          0.01686733,  0.        ]],

       [[ 0.        ,  0.33230664,  0.47680318, ...,  0.89666332,
          0.91385109,  0.94040555],
        [-0.33230664,  0.        ,  0.15760624, ...,  0.99282371,
          0.99685116,  0.99996616],
        [-0.47680318, -0.15760624,  0.        , ...,  0.99926312,
          0.99689001,  0.98876526],
        ...,
        [-0.89666332, -0.99282371, -0.99926312, ...,  0.        ,
         -0.04048417, -0.11141502],
        [-0.91385109, -0.99685116, -0.99689001, ...,  0.04048417,
          0.        , -0.07109157],
        [-0.94040555, -0.99996616, -0.98876526, ...,  0.11141502,
          0.07109157,  0.        ]],

       ...,

       [[ 0.        ,  0.41001509,  0.49101814, ..., -0.49888771,
         -0.58990589, -0.9109716 ],
        [-0.41001509,  0.        ,  0.09066283, ..., -0.81037127,
         -0.86911633, -0.99999638],
        [-0.49101814, -0.09066283,  0.        , ..., -0.86015474,
         -0.91037954, -0.99612212],
        ...,
        [ 0.49888771,  0.81037127,  0.86015474, ...,  0.        ,
         -0.10841389, -0.58373293],
        [ 0.58990589,  0.86911633,  0.91037954, ...,  0.10841389,
          0.        , -0.49226612],
        [ 0.9109716 ,  0.99999638,  0.99612212, ...,  0.58373293,
          0.49226612,  0.        ]],

       [[ 0.        ,  0.29425008,  0.377533  , ...,  0.8312421 ,
          0.82531755,  0.81848458],
        [-0.29425008,  0.        ,  0.0883446 , ...,  0.95801846,
          0.95493334,  0.95130406],
        [-0.377533  , -0.0883446 ,  0.        , ...,  0.97960156,
          0.977422  ,  0.97481702],
        ...,
        [-0.8312421 , -0.95801846, -0.97960156, ...,  0.        ,
          0.01057377,  0.02256803],
        [-0.82531755, -0.95493334, -0.977422  , ..., -0.01057377,
          0.        ,  0.01199568],
        [-0.81848458, -0.95130406, -0.97481702, ..., -0.02256803,
         -0.01199568,  0.        ]],

       [[ 0.        , -0.02432511, -0.03670547, ...,  0.99883859,
          0.9999982 ,  0.99512181],
        [ 0.02432511,  0.        , -0.0123859 , ...,  0.99737101,
          0.99965613,  0.99722712],
        [ 0.03670547,  0.0123859 ,  0.        , ...,  0.99639697,
          0.99925465,  0.99807236],
        ...,
        [-0.99883859, -0.99737101, -0.99639697, ...,  0.        ,
         -0.04628552, -0.14648586],
        [-0.9999982 , -0.99965613, -0.99925465, ...,  0.04628552,
          0.        , -0.10054264],
        [-0.99512181, -0.99722712, -0.99807236, ...,  0.14648586,
          0.10054264,  0.        ]]]), 'num': array([7.07047321e-01, 7.07047321e-01, 0.00000000e+00, 2.35682440e-04,
       2.38773358e-04, 2.25636959e-04, 1.29509124e-02, 1.19773043e-05,
       2.32050613e-04, 2.40511999e-04, 2.31535460e-04, 3.29056980e-07,
       2.57518189e-04, 2.23505808e-04])}
{'img': array([[[ 0.        , -0.27338476, -0.27338476, ...,  0.97993809,
          0.92797141,  0.99636732],
        [ 0.27338476,  0.        ,  0.        , ...,  0.99709328,
          0.99449733,  0.98169182],
        [ 0.27338476,  0.        ,  0.        , ...,  0.99709328,
          0.99449733,  0.98169182],
        ...,
        [-0.97993809, -0.99709328, -0.99709328, ...,  0.        ,
         -0.18022862,  0.11512696],
        [-0.92797141, -0.99449733, -0.99449733, ...,  0.18022862,
          0.        ,  0.29227197],
        [-0.99636732, -0.98169182, -0.98169182, ..., -0.11512696,
         -0.29227197,  0.        ]],

       [[ 0.        , -0.6331213 , -0.87392129, ..., -0.50613327,
         -0.52244978, -0.2408268 ],
        [ 0.6331213 ,  0.        , -0.36872137, ...,  0.15426503,
          0.13543997,  0.42807473],
        [ 0.87392129,  0.36872137,  0.        , ...,  0.50770311,
          0.49122067,  0.73114205],
        ...,
        [ 0.50613327, -0.15426503, -0.50770311, ...,  0.        ,
         -0.01902488,  0.28353447],
        [ 0.52244978, -0.13543997, -0.49122067, ...,  0.01902488,
          0.        ,  0.30172729],
        [ 0.2408268 , -0.42807473, -0.73114205, ..., -0.28353447,
         -0.30172729,  0.        ]],

       [[ 0.        ,  0.35737164,  0.50965753, ...,  0.92137313,
          0.94716229,  0.93849861],
        [-0.35737164,  0.        ,  0.16852644, ...,  0.99943067,
          0.99924248,  0.99991664],
        [-0.50965753, -0.16852644,  0.        , ...,  0.99082188,
          0.97839205,  0.98343904],
        ...,
        [-0.92137313, -0.99943067, -0.99082188, ...,  0.        ,
         -0.07260755, -0.04664043],
        [-0.94716229, -0.99924248, -0.97839205, ...,  0.07260755,
          0.        ,  0.0260112 ],
        [-0.93849861, -0.99991664, -0.98343904, ...,  0.04664043,
         -0.0260112 ,  0.        ]],

       ...,

       [[ 0.        ,  0.09066283,  0.07285948, ..., -0.86911633,
         -0.99999638, -0.66826269],
        [-0.09066283,  0.        , -0.01786245, ..., -0.91037954,
         -0.99612212, -0.73295693],
        [-0.07285948,  0.01786245,  0.        , ..., -0.90284327,
         -0.99753475, -0.72068861],
        ...,
        [ 0.86911633,  0.91037954,  0.90284327, ...,  0.        ,
         -0.49226612,  0.31602981],
        [ 0.99999638,  0.99612212,  0.99753475, ...,  0.49226612,
          0.        ,  0.74212361],
        [ 0.66826269,  0.73295693,  0.72068861, ..., -0.31602981,
         -0.74212361,  0.        ]],

       [[ 0.        ,  0.24471671,  0.31543249, ...,  0.83197418,
          0.82516132,  0.8422952 ],
        [-0.24471671,  0.        ,  0.07361821, ...,  0.94245004,
          0.93831175,  0.94859125],
        [-0.31543249, -0.07361821,  0.        , ...,  0.96450673,
          0.96122212,  0.96931768],
        ...,
        [-0.83197418, -0.94245004, -0.96450673, ...,  0.        ,
          0.01216851, -0.01886965],
        [-0.82516132, -0.93831175, -0.96122212, ..., -0.01216851,
          0.        , -0.0310346 ],
        [-0.8422952 , -0.94859125, -0.96931768, ...,  0.01886965,
          0.0310346 ,  0.        ]],

       [[ 0.        , -0.0123859 , -0.02328504, ...,  0.99965613,
          0.99722712,  0.99633992],
        [ 0.0123859 ,  0.        , -0.01090071, ...,  0.99925465,
          0.99807236,  0.99732224],
        [ 0.02328504,  0.01090071,  0.        , ...,  0.99877449,
          0.99868957,  0.99806018],
        ...,
        [-0.99965613, -0.99925465, -0.99877449, ...,  0.        ,
         -0.10054264, -0.11157688],
        [-0.99722712, -0.99807236, -0.99868957, ...,  0.10054264,
          0.        , -0.01109666],
        [-0.99633992, -0.99732224, -0.99806018, ...,  0.11157688,
          0.01109666,  0.        ]]]), 'num': array([ 9.22497027e-01,  3.85805058e-01,  1.77126062e-05,  3.06681125e-04,
        3.16802615e-04,  2.99596083e-04,  1.23662737e-02, -2.02429786e-06,
        3.05162902e-04,  3.13892686e-04,  3.04260402e-04,  4.57265252e-07,
        3.35418110e-04,  2.92367263e-04])}
{'img': array([[[ 0.        ,  0.        ,  0.87934216, ...,  0.99449733,
          0.98169182,  0.98832183],
        [ 0.        ,  0.        ,  0.87934216, ...,  0.99449733,
          0.98169182,  0.98832183],
        [-0.87934216, -0.87934216,  0.        , ...,  0.3814486 ,
          0.63496604,  0.60462444],
        ...,
        [-0.99449733, -0.99449733, -0.3814486 , ...,  0.        ,
          0.29227197,  0.25508093],
        [-0.98169182, -0.98169182, -0.63496604, ..., -0.29227197,
          0.        , -0.03866064],
        [-0.98832183, -0.98832183, -0.60462444, ..., -0.25508093,
          0.03866064,  0.        ]],

       [[ 0.        , -0.36872137,  0.96096549, ...,  0.13543997,
          0.42807473,  0.22625579],
        [ 0.36872137,  0.        ,  0.79124234, ...,  0.49122067,
          0.73114205,  0.56947346],
        [-0.96096549, -0.79124234,  0.        , ..., -0.98958267,
         -0.98690085, -0.99864346],
        ...,
        [-0.13543997, -0.49122067,  0.98958267, ...,  0.        ,
          0.30172729,  0.09224324],
        [-0.42807473, -0.73114205,  0.98690085, ..., -0.30172729,
          0.        , -0.21249669],
        [-0.22625579, -0.56947346,  0.99864346, ..., -0.09224324,
          0.21249669,  0.        ]],

       [[ 0.        ,  0.38262813,  0.65445892, ...,  0.95470282,
          0.94642393,  0.93810852],
        [-0.38262813,  0.        ,  0.315352  , ...,  0.99590746,
          0.99796427,  0.99924073],
        [-0.65445892, -0.315352  ,  0.        , ...,  0.91658991,
          0.92693117,  0.93596782],
        ...,
        [-0.95470282, -0.99590746, -0.91658991, ...,  0.        ,
          0.02668032,  0.05150868],
        [-0.94642393, -0.99796427, -0.92693117, ..., -0.02668032,
          0.        ,  0.02484544],
        [-0.93810852, -0.99924073, -0.93596782, ..., -0.05150868,
         -0.02484544,  0.        ]],

       ...,

       [[ 0.        , -0.01786245,  0.50053714, ..., -0.99612212,
         -0.73295693, -0.65602299],
        [ 0.01786245,  0.        ,  0.51592107, ..., -0.99753475,
         -0.72068861, -0.64243681],
        [-0.50053714, -0.51592107,  0.        , ..., -0.81831996,
         -0.97503478, -0.94570484],
        ...,
        [ 0.99612212,  0.99753475,  0.81831996, ...,  0.        ,
          0.74212361,  0.80953194],
        [ 0.73295693,  0.72068861,  0.97503478, ..., -0.74212361,
          0.        ,  0.1069165 ],
        [ 0.65602299,  0.64243681,  0.94570484, ..., -0.80953194,
         -0.1069165 ,  0.        ]],

       [[ 0.        ,  0.20369369,  0.57890686, ...,  0.82971968,
          0.8468071 ,  0.86644985],
        [-0.20369369,  0.        ,  0.40067934, ...,  0.92602214,
          0.9373982 ,  0.94998139],
        [-0.57890686, -0.40067934,  0.        , ...,  0.99968259,
          0.99840178,  0.99552515],
        ...,
        [-0.82971968, -0.92602214, -0.99968259, ...,  0.        ,
         -0.03134305, -0.06938599],
        [-0.8468071 , -0.9373982 , -0.99840178, ...,  0.03134305,
          0.        , -0.03808439],
        [-0.86644985, -0.94998139, -0.99552515, ...,  0.06938599,
          0.03808439,  0.        ]],

       [[ 0.        , -0.01090071, -0.15352994, ...,  0.99807236,
          0.99732224,  0.99658805],
        [ 0.01090071,  0.        , -0.14274935, ...,  0.99868957,
          0.99806018,  0.99742854],
        [ 0.15352994,  0.14274935,  0.        , ...,  0.99576743,
          0.996726  ,  0.99744431],
        ...,
        [-0.99807236, -0.99868957, -0.99576743, ...,  0.        ,
         -0.01109666, -0.02052805],
        [-0.99732224, -0.99806018, -0.996726  , ...,  0.01109666,
          0.        , -0.00943246],
        [-0.99658805, -0.99742854, -0.99744431, ...,  0.02052805,
          0.00943246,  0.        ]]]), 'num': array([9.25358873e-01, 3.78941493e-01, 1.80038682e-05, 3.07840789e-04,
       3.20519569e-04, 3.05305033e-04, 1.06549428e-02, 5.07151217e-07,
       3.04290730e-04, 3.13901246e-04, 3.05938972e-04, 4.65751118e-07,
       3.35447654e-04, 2.92354838e-04])}
{'img': array([[[ 0.        ,  0.87934216,  0.87934216, ...,  0.98169182,
          0.98832183,  0.98680639],
        [-0.87934216,  0.        ,  0.        , ...,  0.63496604,
          0.60462444,  0.61227749],
        [-0.87934216,  0.        ,  0.        , ...,  0.63496604,
          0.60462444,  0.61227749],
        ...,
        [-0.98169182, -0.63496604, -0.63496604, ...,  0.        ,
         -0.03866064, -0.02902254],
        [-0.98832183, -0.60462444, -0.60462444, ...,  0.03866064,
          0.        ,  0.00964351],
        [-0.98680639, -0.61227749, -0.61227749, ...,  0.02902254,
         -0.00964351,  0.        ]],

       [[ 0.        ,  0.79124234,  0.97939628, ...,  0.73114205,
          0.56947346,  0.48460722],
        [-0.79124234,  0.        , -0.75869315, ..., -0.98690085,
         -0.99864346, -0.98846352],
        [-0.97939628,  0.75869315,  0.        , ..., -0.52051633,
         -0.69006933, -0.75884377],
        ...,
        [-0.73114205,  0.98690085,  0.52051633, ...,  0.        ,
         -0.21249669, -0.30894198],
        [-0.56947346,  0.99864346,  0.69006933, ...,  0.21249669,
          0.        , -0.09978475],
        [-0.48460722,  0.98846352,  0.75884377, ...,  0.30894198,
          0.09978475,  0.        ]],

       [[ 0.        ,  0.56431756,  0.76415689, ...,  0.95514267,
          0.94725298,  0.9570082 ],
        [-0.56431756,  0.        ,  0.26685369, ...,  0.9556459 ,
          0.96286843,  0.95375203],
        [-0.76415689, -0.26685369,  0.        , ...,  0.84239812,
          0.8559092 ,  0.83895141],
        ...,
        [-0.95514267, -0.9556459 , -0.84239812, ...,  0.        ,
          0.02558541, -0.0063647 ],
        [-0.94725298, -0.96286843, -0.8559092 , ..., -0.02558541,
          0.        , -0.03194751],
        [-0.9570082 , -0.95375203, -0.83895141, ...,  0.0063647 ,
          0.03194751,  0.        ]],

       ...,

       [[ 0.        ,  0.51592107,  0.49956096, ..., -0.72068861,
         -0.64243681, -0.61948674],
        [-0.51592107,  0.        , -0.01898949, ..., -0.97503478,
         -0.94570484, -0.93567643],
        [-0.49956096,  0.01898949,  0.        , ..., -0.97064231,
         -0.93936222, -0.9288071 ],
        ...,
        [ 0.72068861,  0.97503478,  0.97064231, ...,  0.        ,
          0.1069165 ,  0.13628098],
        [ 0.64243681,  0.94570484,  0.93936222, ..., -0.1069165 ,
          0.        ,  0.02958083],
        [ 0.61948674,  0.93567643,  0.9288071 , ..., -0.13628098,
         -0.02958083,  0.        ]],

       [[ 0.        ,  0.55081791,  0.70598408, ...,  0.84990174,
          0.86948494,  0.87615054],
        [-0.55081791,  0.        ,  0.19912777, ...,  0.99959827,
          0.99777597,  0.99677247],
        [-0.70598408, -0.19912777,  0.        , ...,  0.97393606,
          0.96452083,  0.96082494],
        ...,
        [-0.84990174, -0.99959827, -0.97393606, ...,  0.        ,
         -0.03835044, -0.05199524],
        [-0.86948494, -0.99777597, -0.96452083, ...,  0.03835044,
          0.        , -0.01365843],
        [-0.87615054, -0.99677247, -0.96082494, ...,  0.05199524,
          0.01365843,  0.        ]],

       [[ 0.        , -0.14274935, -0.22558367, ...,  0.99806018,
          0.99742854,  0.99622513],
        [ 0.14274935,  0.        , -0.08420363, ...,  0.996726  ,
          0.99744431,  0.99841433],
        [ 0.22558367,  0.08420363,  0.        , ...,  0.98637804,
          0.98788575,  0.99012851],
        ...,
        [-0.99806018, -0.996726  , -0.98637804, ...,  0.        ,
         -0.00943246, -0.02461721],
        [-0.99742854, -0.99744431, -0.98788575, ...,  0.00943246,
          0.        , -0.01518651],
        [-0.99622513, -0.99841433, -0.99012851, ...,  0.02461721,
          0.01518651,  0.        ]]]), 'num': array([7.97837758e-01, 6.02559850e-01, 6.12156449e-06, 2.75816253e-04,
       2.76248567e-04, 2.55497501e-04, 1.93899258e-02, 1.34017302e-05,
       2.62846837e-04, 2.67018666e-04, 2.61895746e-04, 4.98190277e-07,
       2.83565109e-04, 2.50472223e-04])}
{'img': array([[[ 0.        ,  0.        ,  0.53319196, ...,  0.74157303,
          0.74906411,  0.93319324],
        [ 0.        ,  0.        ,  0.53319196, ...,  0.74157303,
          0.74906411,  0.93319324],
        [-0.53319196, -0.53319196,  0.        , ...,  0.26966292,
          0.28046562,  0.59786031],
        ...,
        [-0.74157303, -0.74157303, -0.26966292, ...,  0.        ,
          0.01123596,  0.35955056],
        [-0.74906411, -0.74906411, -0.28046562, ..., -0.01123596,
          0.        ,  0.34904331],
        [-0.93319324, -0.93319324, -0.59786031, ..., -0.35955056,
         -0.34904331,  0.        ]],

       [[ 0.        , -0.76340255, -0.56387019, ..., -0.99684359,
         -0.9826294 , -0.93316936],
        [ 0.76340255,  0.        ,  0.26624951, ..., -0.70449118,
         -0.77637421, -0.32836046],
        [ 0.56387019, -0.26624951,  0.        , ..., -0.86802264,
         -0.91615999, -0.56799464],
        ...,
        [ 0.99684359,  0.70449118,  0.86802264, ...,  0.        ,
         -0.10698144,  0.43238731],
        [ 0.9826294 ,  0.77637421,  0.91615999, ...,  0.10698144,
          0.        ,  0.52636972],
        [ 0.93316936,  0.32836046,  0.56799464, ..., -0.43238731,
         -0.52636972,  0.        ]],

       [[ 0.        ,  0.59702555,  0.80331412, ...,  0.96679437,
          0.97499604,  0.95037355],
        [-0.59702555,  0.        ,  0.28887456, ...,  0.92815713,
          0.91483584,  0.94815206],
        [-0.80331412, -0.28887456,  0.        , ...,  0.78107115,
          0.75917856,  0.81592019],
        ...,
        [-0.96679437, -0.92815713, -0.78107115, ...,  0.        ,
         -0.03432246,  0.05790723],
        [-0.97499604, -0.91483584, -0.75917856, ...,  0.03432246,
          0.        ,  0.09213798],
        [-0.95037355, -0.94815206, -0.81592019, ..., -0.05790723,
         -0.09213798,  0.        ]],

       ...,

       [[ 0.        , -0.01898949,  0.11036222, ..., -0.94570484,
         -0.93567643, -0.69745273],
        [ 0.01898949,  0.        ,  0.12921581, ..., -0.93936222,
         -0.9288071 , -0.68371851],
        [-0.11036222, -0.12921581,  0.        , ..., -0.97579861,
         -0.96890312, -0.77228126],
        ...,
        [ 0.94570484,  0.93936222,  0.97579861, ...,  0.        ,
          0.02958083,  0.45103045],
        [ 0.93567643,  0.9288071 ,  0.96890312, ..., -0.02958083,
          0.        ,  0.42443193],
        [ 0.69745273,  0.68371851,  0.77228126, ..., -0.45103045,
         -0.42443193,  0.        ]],

       [[ 0.        ,  0.50655326,  0.77662994, ...,  0.89386081,
          0.90026223,  0.92405854],
        [-0.50655326,  0.        ,  0.35051025, ...,  0.99780495,
          0.99674087,  0.99036177],
        [-0.77662994, -0.35051025,  0.        , ...,  0.91129177,
          0.9052309 ,  0.87898479],
        ...,
        [-0.89386081, -0.99780495, -0.91129177, ...,  0.        ,
         -0.01448712, -0.07261746],
        [-0.90026223, -0.99674087, -0.9052309 , ...,  0.01448712,
          0.        , -0.05816096],
        [-0.92405854, -0.99036177, -0.87898479, ...,  0.07261746,
          0.05816096,  0.        ]],

       [[ 0.        , -0.08420363, -0.2875214 , ...,  0.99744431,
          0.99841433,  0.99577109],
        [ 0.08420363,  0.        , -0.20585223, ...,  0.98788575,
          0.99012851,  0.98449897],
        [ 0.2875214 ,  0.20585223,  0.        , ...,  0.93478353,
          0.94007025,  0.92730954],
        ...,
        [-0.99744431, -0.98788575, -0.93478353, ...,  0.        ,
         -0.01518651,  0.02048818],
        [-0.99841433, -0.99012851, -0.94007025, ...,  0.01518651,
          0.        ,  0.03566914],
        [-0.99577109, -0.98449897, -0.92730954, ..., -0.02048818,
         -0.03566914,  0.        ]]]), 'num': array([ 7.41664317e-01,  6.70518413e-01,  2.26219092e-06,  2.53188272e-04,
        2.62446349e-04,  2.53188272e-04,  1.84009266e-02, -3.62272568e-06,
        2.48760496e-04,  2.48196961e-04,  2.44446769e-04,  4.27562520e-07,
        2.62581025e-04,  2.33812898e-04])}
{'img': array([[[ 0.        ,  0.53319196,  0.33721404, ...,  0.74906411,
          0.93319324,  0.88975384],
        [-0.53319196,  0.        , -0.21668068, ...,  0.28046562,
          0.59786031,  0.50935617],
        [-0.33721404,  0.21668068,  0.        , ...,  0.48178647,
          0.75734796,  0.68372098],
        ...,
        [-0.74906411, -0.28046562, -0.48178647, ...,  0.        ,
          0.34904331,  0.24755637],
        [-0.93319324, -0.59786031, -0.75734796, ..., -0.34904331,
          0.        , -0.1061921 ],
        [-0.88975384, -0.50935617, -0.68372098, ..., -0.24755637,
          0.1061921 ,  0.        ]],

       [[ 0.        ,  0.26624951, -0.35707486, ..., -0.77637421,
         -0.32836046, -0.31354674],
        [-0.26624951,  0.        , -0.59288316, ..., -0.91615999,
         -0.56799464, -0.55505228],
        [ 0.35707486,  0.59288316,  0.        , ..., -0.50013796,
          0.03056241,  0.04619216],
        ...,
        [ 0.77637421,  0.91615999,  0.50013796, ...,  0.        ,
          0.52636972,  0.53960401],
        [ 0.32836046,  0.56799464, -0.03056241, ..., -0.52636972,
          0.        ,  0.01564079],
        [ 0.31354674,  0.55505228, -0.04619216, ..., -0.53960401,
         -0.01564079,  0.        ]],

       [[ 0.        ,  0.63725439,  0.81756783, ...,  0.99058929,
          0.97187151,  0.93340821],
        [-0.63725439,  0.        ,  0.26310985, ...,  0.85062089,
          0.89905707,  0.94799156],
        [-0.81756783, -0.26310985,  0.        , ...,  0.68231224,
          0.75218181,  0.83084324],
        ...,
        [-0.99058929, -0.85062089, -0.68231224, ...,  0.        ,
          0.10027721,  0.22768578],
        [-0.97187151, -0.89905707, -0.75218181, ..., -0.10027721,
          0.        ,  0.12889475],
        [-0.93340821, -0.94799156, -0.83084324, ..., -0.22768578,
         -0.12889475,  0.        ]],

       ...,

       [[ 0.        ,  0.12921581, -0.30642348, ..., -0.9288071 ,
         -0.68371851, -0.79441285],
        [-0.12921581,  0.        , -0.4268545 , ..., -0.96890312,
         -0.77228126, -0.86623575],
        [ 0.30642348,  0.4268545 ,  0.        , ..., -0.77057772,
         -0.42721717, -0.57008292],
        ...,
        [ 0.9288071 ,  0.96890312,  0.77057772, ...,  0.        ,
          0.42443193,  0.26975667],
        [ 0.68371851,  0.77228126,  0.42721717, ..., -0.42443193,
          0.        , -0.16444378],
        [ 0.79441285,  0.86623575,  0.57008292, ..., -0.26975667,
          0.16444378,  0.        ]],

       [[ 0.        ,  0.66079854,  0.79670213, ...,  0.91929573,
          0.94166861,  0.95412825],
        [-0.66079854,  0.        ,  0.19860715, ...,  0.95005847,
          0.92916809,  0.91397556],
        [-0.79670213, -0.19860715,  0.        , ...,  0.8691528 ,
          0.83724169,  0.81517975],
        ...,
        [-0.91929573, -0.95005847, -0.8691528 , ...,  0.        ,
         -0.06122891, -0.10027835],
        [-0.94166861, -0.92916809, -0.83724169, ...,  0.06122891,
          0.        , -0.03916992],
        [-0.95412825, -0.91397556, -0.81517975, ...,  0.10027835,
          0.03916992,  0.        ]],

       [[ 0.        , -0.20585223, -0.27738832, ...,  0.99012851,
          0.98449897,  0.98103957],
        [ 0.20585223,  0.        , -0.07367337, ...,  0.94007025,
          0.92730954,  0.92013302],
        [ 0.27738832,  0.07367337,  0.        , ...,  0.91239433,
          0.89721391,  0.88878155],
        ...,
        [-0.99012851, -0.94007025, -0.91239433, ...,  0.        ,
          0.03566914,  0.0543894 ],
        [-0.98449897, -0.92730954, -0.89721391, ..., -0.03566914,
          0.        ,  0.01873844],
        [-0.98103957, -0.92013302, -0.88878155, ..., -0.0543894 ,
         -0.01873844,  0.        ]]]), 'num': array([7.36227553e-01, 6.76553827e-01, 1.85034811e-06, 2.57214339e-04,
       2.60803376e-04, 2.49238700e-04, 1.56016328e-02, 6.38051073e-06,
       2.49238700e-04, 2.45629724e-04, 2.42871482e-04, 4.19973231e-07,
       2.58818438e-04, 2.32441011e-04])}
{'img': array([[[ 0.        , -0.21668068,  0.0693353 , ...,  0.59786031,
          0.50935617,  0.66436259],
        [ 0.21668068,  0.        ,  0.28384729, ...,  0.75734796,
          0.68372098,  0.81052842],
        [-0.0693353 , -0.28384729,  0.        , ...,  0.5408423 ,
          0.44846346,  0.61094181],
        ...,
        [-0.59786031, -0.75734796, -0.5408423 , ...,  0.        ,
         -0.1061921 ,  0.08570622],
        [-0.50935617, -0.68372098, -0.44846346, ...,  0.1061921 ,
          0.        ,  0.19102296],
        [-0.66436259, -0.81052842, -0.61094181, ..., -0.08570622,
         -0.19102296,  0.        ]],

       [[ 0.        , -0.59288316, -0.59841574, ..., -0.56799464,
         -0.55505228, -0.65355472],
        [ 0.59288316,  0.        , -0.00688777, ...,  0.03056241,
          0.04619216, -0.07755912],
        [ 0.59841574,  0.00688777,  0.        , ...,  0.03744624,
          0.05307148, -0.07069025],
        ...,
        [ 0.56799464, -0.03056241, -0.03744624, ...,  0.        ,
          0.01564079, -0.10799324],
        [ 0.55505228, -0.04619216, -0.05307148, ..., -0.01564079,
          0.        , -0.12352935],
        [ 0.65355472,  0.07755912,  0.07069025, ...,  0.10799324,
          0.12352935,  0.        ]],

       [[ 0.        ,  0.62584895,  0.87000879, ...,  0.99064141,
          0.96122479,  0.92772716],
        [-0.62584895,  0.        ,  0.36999219, ...,  0.85806739,
          0.92228966,  0.95717928],
        [-0.87000879, -0.36999219,  0.        , ...,  0.60716981,
          0.71383749,  0.78214174],
        ...,
        [-0.99064141, -0.85806739, -0.60716981, ...,  0.        ,
          0.14198742,  0.24314016],
        [-0.96122479, -0.92228966, -0.71383749, ..., -0.14198742,
          0.        ,  0.10295023],
        [-0.92772716, -0.95717928, -0.78214174, ..., -0.24314016,
         -0.10295023,  0.        ]],

       ...,

       [[ 0.        , -0.4268545 , -0.31657369, ..., -0.77228126,
         -0.86623575, -0.87446576],
        [ 0.4268545 ,  0.        ,  0.11861647, ..., -0.42721717,
         -0.57008292, -0.58373549],
        [ 0.31657369, -0.11861647,  0.        , ..., -0.53144805,
         -0.66351199, -0.67592432],
        ...,
        [ 0.77228126,  0.42721717,  0.53144805, ...,  0.        ,
         -0.16444378, -0.1809075 ],
        [ 0.86623575,  0.57008292,  0.66351199, ...,  0.16444378,
          0.        , -0.01671423],
        [ 0.87446576,  0.58373549,  0.67592432, ...,  0.1809075 ,
          0.01671423,  0.        ]],

       [[ 0.        ,  0.55330586,  0.77885809, ...,  0.97027481,
          0.97988359,  0.98704975],
        [-0.55330586,  0.        ,  0.30173824, ...,  0.94212095,
          0.92664483,  0.91094913],
        [-0.77885809, -0.30173824,  0.        , ...,  0.79704471,
          0.7700198 ,  0.74401786],
        ...,
        [-0.97027481, -0.94212095, -0.79704471, ...,  0.        ,
         -0.04349986, -0.08322568],
        [-0.97988359, -0.92664483, -0.7700198 , ...,  0.04349986,
          0.        , -0.03979795],
        [-0.98704975, -0.91094913, -0.74401786, ...,  0.08322568,
          0.03979795,  0.        ]],

       [[ 0.        , -0.07367337, -0.16458639, ...,  0.92730954,
          0.92013302,  0.90968651],
        [ 0.07367337,  0.        , -0.09147046, ...,  0.89721391,
          0.88878155,  0.87661815],
        [ 0.16458639,  0.09147046,  0.        , ...,  0.8530596 ,
          0.84313185,  0.82892881],
        ...,
        [-0.92730954, -0.89721391, -0.8530596 , ...,  0.        ,
          0.01873844,  0.04461616],
        [-0.92013302, -0.88878155, -0.84313185, ..., -0.01873844,
          0.        ,  0.02588854],
        [-0.90968651, -0.87661815, -0.82892881, ..., -0.04461616,
         -0.02588854,  0.        ]]]), 'num': array([7.17690269e-01, 6.96215456e-01, 6.60763467e-07, 2.52644855e-04,
       2.58086437e-04, 2.44871167e-04, 1.42911555e-02, 1.94342196e-06,
       2.46348168e-04, 2.39585059e-04, 2.37162260e-04, 4.56804337e-07,
       2.53045891e-04, 2.26124228e-04])}
{'img': array([[[ 0.        ,  0.28384729,  0.48178647, ...,  0.68372098,
          0.81052842,  0.84607564],
        [-0.28384729,  0.        ,  0.21323818, ...,  0.44846346,
          0.61094181,  0.65996768],
        [-0.48178647, -0.21323818,  0.        , ...,  0.24755637,
          0.42807485,  0.48458402],
        ...,
        [-0.68372098, -0.44846346, -0.24755637, ...,  0.        ,
          0.19102296,  0.25295198],
        [-0.81052842, -0.61094181, -0.42807485, ..., -0.19102296,
          0.        ,  0.06348334],
        [-0.84607564, -0.65996768, -0.48458402, ..., -0.25295198,
         -0.06348334,  0.        ]],

       [[ 0.        , -0.00688777,  0.09749895, ...,  0.04619216,
         -0.07755912, -0.1244509 ],
        [ 0.00688777,  0.        ,  0.1043516 , ...,  0.05307148,
         -0.07069025, -0.11761372],
        [-0.09749895, -0.1043516 ,  0.        , ..., -0.0514228 ,
         -0.17439486, -0.22059894],
        ...,
        [-0.04619216, -0.05307148,  0.0514228 , ...,  0.        ,
         -0.12352935, -0.1701511 ],
        [ 0.07755912,  0.07069025,  0.17439486, ...,  0.12352935,
          0.        , -0.04711986],
        [ 0.1244509 ,  0.11761372,  0.22059894, ...,  0.1701511 ,
          0.04711986,  0.        ]],

       [[ 0.        ,  0.42910288,  0.6170365 , ...,  0.95958807,
          0.98411614,  0.99928687],
        [-0.42910288,  0.        ,  0.21966582, ...,  0.74600012,
          0.81273161,  0.88640889],
        [-0.6170365 , -0.21966582,  0.        , ...,  0.58149367,
          0.66489507,  0.76307452],
        ...,
        [-0.95958807, -0.74600012, -0.58149367, ...,  0.        ,
          0.106587  ,  0.24497452],
        [-0.98411614, -0.81273161, -0.66489507, ..., -0.106587  ,
          0.        ,  0.14023975],
        [-0.99928687, -0.88640889, -0.76307452, ..., -0.24497452,
         -0.14023975,  0.        ]],

       ...,

       [[ 0.        ,  0.11861647,  0.43453375, ..., -0.57008292,
         -0.58373549, -0.38897319],
        [-0.11861647,  0.        ,  0.32463343, ..., -0.66351199,
         -0.67592432, -0.49550241],
        [-0.43453375, -0.32463343,  0.        , ..., -0.8704557 ,
         -0.87856163, -0.75064468],
        ...,
        [ 0.57008292,  0.66351199,  0.8704557 , ...,  0.        ,
         -0.01671423,  0.20561298],
        [ 0.58373549,  0.67592432,  0.87856163, ...,  0.01671423,
          0.        ,  0.22194137],
        [ 0.38897319,  0.49550241,  0.75064468, ..., -0.20561298,
         -0.22194137,  0.        ]],

       [[ 0.        ,  0.63138265,  0.84885779, ...,  0.99194947,
          0.99647325,  0.99395048],
        [-0.63138265,  0.        ,  0.32450266, ...,  0.84918319,
          0.82571649,  0.84012445],
        [-0.84885779, -0.32450266,  0.        , ...,  0.63186013,
          0.59798546,  0.61865274],
        ...,
        [-0.99194947, -0.84918319, -0.63186013, ...,  0.        ,
         -0.04295226, -0.01692324],
        [-0.99647325, -0.82571649, -0.59798546, ...,  0.04295226,
          0.        ,  0.02603849],
        [-0.99395048, -0.84012445, -0.61865274, ...,  0.01692324,
         -0.02603849,  0.        ]],

       [[ 0.        , -0.09147046, -0.30820061, ...,  0.88878155,
          0.87661815,  0.88343729],
        [ 0.09147046,  0.        , -0.21989076, ...,  0.84313185,
          0.82892881,  0.8368753 ],
        [ 0.30820061,  0.21989076,  0.        , ...,  0.704259  ,
          0.68564357,  0.69602558],
        ...,
        [-0.88878155, -0.84313185, -0.704259  , ...,  0.        ,
          0.02588854,  0.01153134],
        [-0.87661815, -0.82892881, -0.68564357, ..., -0.02588854,
          0.        , -0.01435934],
        [-0.88343729, -0.8368753 , -0.69602558, ..., -0.01153134,
          0.01435934,  0.        ]]]), 'num': array([ 7.62232980e-01,  6.47228032e-01,  3.61083040e-06,  2.63772817e-04,
        2.71640452e-04,  2.60460128e-04,  9.80906094e-03, -5.38311871e-06,
        2.64932258e-04,  2.55491096e-04,  2.53165312e-04,  4.52464762e-07,
        2.70236281e-04,  2.40745911e-04])}
{'img': array([[[ 0.        ,  0.21323818,  0.28945854, ...,  0.61094181,
          0.65996768,  0.53069852],
        [-0.21323818,  0.        ,  0.0786915 , ...,  0.42807485,
          0.48458402,  0.33776029],
        [-0.28945854, -0.0786915 ,  0.        , ...,  0.35563049,
          0.41424636,  0.26264593],
        ...,
        [-0.61094181, -0.42807485, -0.35563049, ...,  0.        ,
          0.06348334, -0.09766923],
        [-0.65996768, -0.48458402, -0.41424636, ..., -0.06348334,
          0.        , -0.16065204],
        [-0.53069852, -0.33776029, -0.26264593, ...,  0.09766923,
          0.16065204,  0.        ]],

       [[ 0.        ,  0.1043516 , -0.21467255, ..., -0.07069025,
         -0.11761372, -0.41818468],
        [-0.1043516 ,  0.        , -0.31541929, ..., -0.17439486,
         -0.22059894, -0.51069061],
        [ 0.21467255,  0.31541929,  0.        , ...,  0.14509332,
          0.09831092, -0.21343476],
        ...,
        [ 0.07069025,  0.17439486, -0.14509332, ...,  0.        ,
         -0.04711986, -0.35292617],
        [ 0.11761372,  0.22059894, -0.09831092, ...,  0.04711986,
          0.        , -0.3084464 ],
        [ 0.41818468,  0.51069061,  0.21343476, ...,  0.35292617,
          0.3084464 ,  0.        ]],

       [[ 0.        ,  0.21966582,  0.43085183, ...,  0.81273161,
          0.88640889,  0.92901097],
        [-0.21966582,  0.        ,  0.22209693, ...,  0.66489507,
          0.76307452,  0.82503222],
        [-0.43085183, -0.22209693,  0.        , ...,  0.48239668,
          0.60047284,  0.67892291],
        ...,
        [-0.81273161, -0.66489507, -0.48239668, ...,  0.        ,
          0.14023975,  0.24052422],
        [-0.88640889, -0.76307452, -0.60047284, ..., -0.14023975,
          0.        ,  0.10202451],
        [-0.92901097, -0.82503222, -0.67892291, ..., -0.24052422,
         -0.10202451,  0.        ]],

       ...,

       [[ 0.        ,  0.32463343,  0.82588883, ..., -0.67592432,
         -0.49550241, -0.62059717],
        [-0.32463343,  0.        ,  0.59811958, ..., -0.87856163,
         -0.75064468, -0.84154024],
        [-0.82588883, -0.59811958,  0.        , ..., -0.98976458,
         -0.99675306, -0.997517  ],
        ...,
        [ 0.67592432,  0.87856163,  0.98976458, ...,  0.        ,
          0.22194137,  0.07265009],
        [ 0.49550241,  0.75064468,  0.99675306, ..., -0.22194137,
          0.        , -0.15051669],
        [ 0.62059717,  0.84154024,  0.997517  , ..., -0.07265009,
          0.15051669,  0.        ]],

       [[ 0.        ,  0.69196314,  0.87928902, ...,  0.99948982,
          0.99999624,  0.99979647],
        [-0.69196314,  0.        ,  0.30521347, ...,  0.69946399,
          0.72003204,  0.73574599],
        [-0.87928902, -0.30521347,  0.        , ...,  0.44796207,
          0.47387487,  0.49393096],
        ...,
        [-0.99948982, -0.69946399, -0.44796207, ...,  0.        ,
          0.02919714,  0.05209671],
        [-0.99999624, -0.72003204, -0.47387487, ..., -0.02919714,
          0.        ,  0.02291702],
        [-0.99979647, -0.73574599, -0.49393096, ..., -0.05209671,
         -0.02291702,  0.        ]],

       [[ 0.        , -0.21989076, -0.08811283, ...,  0.82892881,
          0.8368753 ,  0.83951199],
        [ 0.21989076,  0.        ,  0.13307927, ...,  0.68564357,
          0.69602558,  0.69948881],
        [ 0.08811283, -0.13307927,  0.        , ...,  0.77641842,
          0.78538788,  0.78837137],
        ...,
        [-0.82892881, -0.68564357, -0.77641842, ...,  0.        ,
         -0.01435934, -0.01919333],
        [-0.8368753 , -0.69602558, -0.78538788, ...,  0.01435934,
          0.        , -0.00483466],
        [-0.83951199, -0.69948881, -0.78837137, ...,  0.01919333,
          0.00483466,  0.        ]]]), 'num': array([7.56021442e-01, 6.54306344e-01, 3.07296371e-06, 2.70518880e-04,
       2.72153435e-04, 2.59076994e-04, 1.77270532e-02, 1.02159698e-05,
       2.63408565e-04, 2.52926980e-04, 2.50338934e-04, 4.93246823e-07,
       2.69528933e-04, 2.36325026e-04])}
{'img': array([[[ 0.        ,  0.0786915 , -0.07862187, ...,  0.48458402,
          0.33776029,  0.62044081],
        [-0.0786915 ,  0.        , -0.15682597, ...,  0.41424636,
          0.26264593,  0.55680277],
        [ 0.07862187,  0.15682597,  0.        , ...,  0.55185806,
          0.41071618,  0.6801797 ],
        ...,
        [-0.48458402, -0.41424636, -0.55185806, ...,  0.        ,
         -0.16065204,  0.16269072],
        [-0.33776029, -0.26264593, -0.41071618, ...,  0.16065204,
          0.        ,  0.31908924],
        [-0.62044081, -0.55680277, -0.6801797 , ..., -0.16269072,
         -0.31908924,  0.        ]],

       [[ 0.        , -0.31541929, -0.15697962, ..., -0.22059894,
         -0.51069061, -0.09398244],
