state_0,state_1,state_2,state_3,state_4,state_5,state_6,state_7,state_8,state_9,state_10,state_11,state_12,state_13,state_14,state_15,state_16,state_17,state_18,state_19,state_20,state_21,state_22,state_23,state_24,state_25,state_26,state_27,state_28,state_29,state_30,state_31,state_32,state_33,state_34,state_35,state_36,state_37,state_38,state_39,state_40,state_41,state_42,state_43,state_44,state_45,state_46,state_47,state_48,state_49,state_50,state_51,state_52,state_53,state_54,state_55,state_56,state_57,state_58,state_59,state_60,state_61,state_62,state_63,state_64,state_65,state_66,state_67,state_68,state_69,state_70,state_71,state_72,state_73,state_74,state_75,state_76,state_77,state_78,state_79,state_80,state_81,state_82,state_83,state_84,state_85,state_86,state_87,state_88,state_89,state_90,state_91,state_92,state_93,state_94,state_95,state_96,state_97,state_98,state_99,state_100,state_101,state_102,state_103,state_104,state_105,state_106,state_107,state_108,state_109,state_110,state_111,state_112,state_113,state_114,state_115,state_116,state_117,state_118,state_119,state_120,state_121,state_122,state_123,state_124,state_125,state_126,state_127,state_128,state_129,state_130,state_131,state_132,state_133,state_134,state_135,state_136,state_137,state_138,state_139,state_140,state_141,state_142,state_143,state_144,state_145,state_146,state_147,state_148,state_149,state_150,state_151,state_152,state_153,state_154,state_155,state_156,state_157,state_158,state_159,state_160,state_161,state_162,state_163,state_164,state_165,state_166,state_167,state_168,state_169,state_170,state_171,state_172,state_173,state_174,state_175,state_176,state_177,state_178,state_179,state_180,state_181,state_182,state_183,state_184,state_185,state_186,state_187,state_188,state_189,state_190,state_191,state_192,state_193,state_194,state_195,state_196,state_197,state_198,state_199,state_200,state_201,state_202,state_203,state_204,state_205,state_206,state_207,state_208,state_209,state_210,state_211,state_212,state_213,state_214,state_215,state_216,state_217,state_218,state_219,state_220,state_221,state_222,state_223,state_224,state_225,state_226,state_227,state_228,state_229,state_230,state_231,state_232,state_233,state_234,state_235,state_236,state_237,state_238,state_239,state_240,state_241,state_242,state_243,state_244,state_245,state_246,state_247,state_248,state_249,state_250,state_251,state_252,state_253,state_254,state_255,state_256,state_257,state_258,state_259,state_260,state_261,state_262,state_263,state_264,state_265,state_266,state_267,state_268,state_269,state_270,state_271,state_272,state_273,state_274,state_275,state_276,state_277,state_278,state_279,state_280,state_281,state_282,state_283,state_284,state_285,state_286,state_287
{'img': array([[[ 0.        ,  0.31842907,  0.36636899, ...,  0.84779008,
          0.92854278,  0.8776164 ],
        [-0.31842907,  0.        ,  0.05100969, ...,  0.63478669,
          0.76200009,  0.67929026],
        [-0.36636899, -0.05100969,  0.        , ...,  0.59454576,
          0.72797538,  0.64097146],
        ...,
        [-0.84779008, -0.63478669, -0.59454576, ...,  0.        ,
          0.17771467,  0.05902831],
        [-0.92854278, -0.76200009, -0.72797538, ..., -0.17771467,
          0.        , -0.11931609],
        [-0.8776164 , -0.67929026, -0.64097146, ..., -0.05902831,
          0.11931609,  0.        ]],

       [[ 0.        ,  0.18907316,  0.21956166, ...,  0.14335771,
          0.03669674,  0.02715554],
        [-0.18907316,  0.        ,  0.03114192, ..., -0.04634824,
         -0.15291097, -0.16233769],
        [-0.21956166, -0.03114192,  0.        , ..., -0.07743421,
         -0.18361249, -0.19298779],
        ...,
        [-0.14335771,  0.04634824,  0.07743421, ...,  0.        ,
         -0.10694346, -0.1164298 ],
        [-0.03669674,  0.15291097,  0.18361249, ...,  0.10694346,
          0.        , -0.00954596],
        [-0.02715554,  0.16233769,  0.19298779, ...,  0.1164298 ,
          0.00954596,  0.        ]],

       [[ 0.        ,  0.08791723,  0.40823892, ...,  0.9755566 ,
          0.9759907 ,  0.97051382],
        [-0.08791723,  0.        ,  0.32640067, ...,  0.9910987 ,
          0.9913609 ,  0.98794783],
        [-0.40823892, -0.32640067,  0.        , ...,  0.98027116,
          0.97987704,  0.98436207],
        ...,
        [-0.9755566 , -0.9910987 , -0.98027116, ...,  0.        ,
         -0.00198418,  0.02188476],
        [-0.9759907 , -0.9913609 , -0.97987704, ...,  0.00198418,
          0.        ,  0.02386842],
        [-0.97051382, -0.98794783, -0.98436207, ..., -0.02188476,
         -0.02386842,  0.        ]],

       ...,

       [[ 0.        ,  0.13294237,  0.25122051, ..., -0.71739661,
         -0.02390414, -0.09707354],
        [-0.13294237,  0.        ,  0.12031172, ..., -0.80364513,
         -0.15659634, -0.2285264 ],
        [-0.25122051, -0.12031172,  0.        , ..., -0.86940615,
         -0.27428625, -0.34399442],
        ...,
        [ 0.71739661,  0.80364513,  0.86940615, ...,  0.        ,
          0.70053844,  0.64638076],
        [ 0.02390414,  0.15659634,  0.27428625, ..., -0.70053844,
          0.        , -0.07325456],
        [ 0.09707354,  0.2285264 ,  0.34399442, ..., -0.64638076,
          0.07325456,  0.        ]],

       [[ 0.        , -0.03959167, -0.09551558, ...,  0.86027897,
          0.8513706 ,  0.84445843],
        [ 0.03959167,  0.        , -0.05603004, ...,  0.87978923,
          0.87147147,  0.86500246],
        [ 0.09551558,  0.05603004,  0.        , ...,  0.90504182,
          0.89758218,  0.89175767],
        ...,
        [-0.86027897, -0.87978923, -0.90504182, ...,  0.        ,
         -0.01722316, -0.03025875],
        [-0.8513706 , -0.87147147, -0.89758218, ...,  0.01722316,
          0.        , -0.01303899],
        [-0.84445843, -0.86500246, -0.89175767, ...,  0.03025875,
          0.01303899,  0.        ]],

       [[ 0.        , -0.05097397, -0.07513856, ...,  0.99692447,
          0.99904291,  0.99990624],
        [ 0.05097397,  0.        , -0.024211  , ...,  0.9916337 ,
          0.99551448,  0.99930435],
        [ 0.07513856,  0.024211  ,  0.        , ...,  0.98821777,
          0.99293208,  0.99810852],
        ...,
        [-0.99692447, -0.9916337 , -0.98821777, ...,  0.        ,
         -0.03468697, -0.09201242],
        [-0.99904291, -0.99551448, -0.99293208, ...,  0.03468697,
          0.        , -0.05741723],
        [-0.99990624, -0.99930435, -0.99810852, ...,  0.09201242,
          0.05741723,  0.        ]]]), 'num': array([ 7.07087229e-01,  7.07087229e-01,  0.00000000e+00,  4.69747097e-04,
        4.73584005e-04,  4.59880764e-04,  7.31122714e-03, -8.77007416e-06,
        4.78517171e-04,  4.95646223e-04,  4.69856723e-04,  3.08742407e-07,
        5.35131155e-04,  4.56161290e-04])}
{'img': array([[[ 0.        ,  0.05100969,  0.34910542, ...,  0.76200009,
          0.67929026,  0.57456078],
        [-0.05100969,  0.        ,  0.3008506 , ...,  0.72797538,
          0.64097146,  0.53206331],
        [-0.34910542, -0.3008506 ,  0.        , ...,  0.48798506,
          0.38035377,  0.25268192],
        ...,
        [-0.76200009, -0.72797538, -0.48798506, ...,  0.        ,
         -0.11931609, -0.25159574],
        [-0.67929026, -0.64097146, -0.38035377, ...,  0.11931609,
          0.        , -0.13432045],
        [-0.57456078, -0.53206331, -0.25268192, ...,  0.25159574,
          0.13432045,  0.        ]],

       [[ 0.        ,  0.03114192,  0.56207197, ..., -0.15291097,
         -0.16233769,  0.12455591],
        [-0.03114192,  0.        ,  0.53604224, ..., -0.18361249,
         -0.19298779,  0.09359609],
        [-0.56207197, -0.53604224,  0.        , ..., -0.68193286,
         -0.68888385, -0.45467615],
        ...,
        [ 0.15291097,  0.18361249,  0.68193286, ...,  0.        ,
         -0.00954596,  0.27481131],
        [ 0.16233769,  0.19298779,  0.68888385, ...,  0.00954596,
          0.        ,  0.28397721],
        [-0.12455591, -0.09359609,  0.45467615, ..., -0.27481131,
         -0.28397721,  0.        ]],

       [[ 0.        ,  0.39983797,  0.72045523, ...,  0.97632809,
          0.9708783 ,  0.9848131 ],
        [-0.39983797,  0.        ,  0.38307085, ...,  0.9813714 ,
          0.98568377,  0.97208475],
        [-0.72045523, -0.38307085,  0.        , ...,  0.83291571,
          0.8459073 ,  0.8080532 ],
        ...,
        [-0.97632809, -0.9813714 , -0.83291571, ...,  0.        ,
          0.02390609, -0.04350203],
        [-0.9708783 , -0.98568377, -0.8459073 , ..., -0.02390609,
          0.        , -0.06737306],
        [-0.9848131 , -0.97208475, -0.8080532 , ...,  0.04350203,
          0.06737306,  0.        ]],

       ...,

       [[ 0.        ,  0.12031172,  0.26058303, ..., -0.15659634,
         -0.2285264 , -0.51171   ],
        [-0.12031172,  0.        ,  0.14253507, ..., -0.27428625,
         -0.34399442, -0.61135983],
        [-0.26058303, -0.14253507,  0.        , ..., -0.4085543 ,
         -0.47431855, -0.71791321],
        ...,
        [ 0.15659634,  0.27428625,  0.4085543 , ...,  0.        ,
         -0.07325456, -0.37085584],
        [ 0.2285264 ,  0.34399442,  0.47431855, ...,  0.07325456,
          0.        , -0.30182864],
        [ 0.51171   ,  0.61135983,  0.71791321, ...,  0.37085584,
          0.30182864,  0.        ]],

       [[ 0.        , -0.05603004, -0.13076032, ...,  0.87147147,
          0.86500246,  0.86937382],
        [ 0.05603004,  0.        , -0.07500594, ...,  0.89758218,
          0.89175767,  0.89569563],
        [ 0.13076032,  0.07500594,  0.        , ...,  0.92811992,
          0.92318685,  0.92652525],
        ...,
        [-0.87147147, -0.89758218, -0.92811992, ...,  0.        ,
         -0.01303899, -0.00426089],
        [-0.86500246, -0.89175767, -0.92318685, ...,  0.01303899,
          0.        ,  0.00877834],
        [-0.86937382, -0.89569563, -0.92652525, ...,  0.00426089,
         -0.00877834,  0.        ]],

       [[ 0.        , -0.024211  ,  0.03295935, ...,  0.99551448,
          0.99930435,  0.99891261],
        [ 0.024211  ,  0.        ,  0.05714754, ...,  0.99293208,
          0.99810852,  0.99974856],
        [-0.03295935, -0.05714754,  0.        , ...,  0.99809187,
          0.9999906 ,  0.99683326],
        ...,
        [-0.99551448, -0.99293208, -0.99809187, ...,  0.        ,
         -0.05741723, -0.14091919],
        [-0.99930435, -0.99810852, -0.9999906 , ...,  0.05741723,
          0.        , -0.08384244],
        [-0.99891261, -0.99974856, -0.99683326, ...,  0.14091919,
          0.08384244,  0.        ]]]), 'num': array([ 8.85439920e-01,  4.64686966e-01,  1.00779151e-05,  5.80348903e-04,
        5.92164390e-04,  5.77568789e-04,  7.69780346e-03, -1.52906298e-05,
        6.00226722e-04,  6.25073996e-04,  5.96311394e-04,  4.44046067e-07,
        6.78400902e-04,  5.71747089e-04])}
