state_0,state_1,state_2,state_3,state_4,state_5,state_6,state_7,state_8,state_9,state_10,state_11,state_12,state_13,state_14,state_15,state_16,state_17,state_18,state_19,state_20,state_21,state_22,state_23,state_24,state_25,state_26,state_27,state_28,state_29,state_30,state_31,state_32,state_33,state_34,state_35,state_36,state_37,state_38,state_39,state_40,state_41,state_42,state_43,state_44,state_45,state_46,state_47,state_48,state_49,state_50,state_51,state_52,state_53,state_54,state_55,state_56,state_57,state_58,state_59,state_60,state_61,state_62,state_63,state_64,state_65,state_66,state_67,state_68,state_69,state_70,state_71,state_72,state_73,state_74,state_75,state_76,state_77,state_78,state_79,state_80,state_81,state_82,state_83,state_84,state_85,state_86,state_87,state_88,state_89,state_90,state_91,state_92,state_93,state_94,state_95,state_96,state_97,state_98,state_99,state_100,state_101,state_102,state_103,state_104,state_105,state_106,state_107,state_108,state_109,state_110,state_111,state_112,state_113,state_114,state_115,state_116,state_117,state_118,state_119,state_120,state_121,state_122,state_123,state_124,state_125,state_126,state_127,state_128,state_129,state_130,state_131,state_132,state_133,state_134,state_135,state_136,state_137,state_138,state_139,state_140,state_141,state_142,state_143,state_144,state_145,state_146,state_147,state_148,state_149,state_150,state_151,state_152,state_153,state_154,state_155,state_156,state_157,state_158,state_159,state_160,state_161,state_162,state_163,state_164,state_165,state_166,state_167,state_168,state_169,state_170,state_171,state_172,state_173,state_174,state_175,state_176,state_177,state_178,state_179,state_180,state_181,state_182,state_183,state_184,state_185,state_186,state_187,state_188,state_189,state_190,state_191,state_192,state_193,state_194,state_195,state_196,state_197,state_198,state_199,state_200,state_201,state_202,state_203,state_204,state_205,state_206,state_207,state_208,state_209,state_210,state_211,state_212,state_213,state_214,state_215,state_216,state_217,state_218,state_219,state_220,state_221,state_222,state_223,state_224,state_225,state_226,state_227,state_228,state_229,state_230,state_231,state_232,state_233,state_234,state_235,state_236,state_237,state_238,state_239,state_240,state_241,state_242,state_243,state_244,state_245,state_246,state_247,state_248,state_249,state_250,state_251,state_252,state_253,state_254,state_255,state_256,state_257,state_258,state_259,state_260,state_261,state_262,state_263,state_264,state_265,state_266,state_267,state_268,state_269,state_270,state_271,state_272,state_273,state_274,state_275,state_276,state_277,state_278,state_279,state_280,state_281,state_282,state_283,state_284,state_285,state_286,state_287
{'img': array([[[ 0.        , -0.04672681, -0.03900839, ..., -0.99959902,
         -0.999933  , -0.98864289],
        [ 0.04672681,  0.        ,  0.00772546, ..., -0.99718405,
         -0.99938166, -0.98054071],
        [ 0.03900839, -0.00772546,  0.        , ..., -0.99773365,
         -0.99962347, -0.98202808],
        ...,
        [ 0.99959902,  0.99718405,  0.99773365, ...,  0.        ,
         -0.03988477,  0.12222924],
        [ 0.999933  ,  0.99938166,  0.99962347, ...,  0.03988477,
          0.        ,  0.16171769],
        [ 0.98864289,  0.98054071,  0.98202808, ..., -0.12222924,
         -0.16171769,  0.        ]],

       [[ 0.        , -0.00834171,  0.14517638, ...,  0.27179301,
          0.22024653,  0.32097947],
        [ 0.00834171,  0.        ,  0.15342467, ...,  0.27981124,
          0.22837574,  0.32886862],
        [-0.14517638, -0.15342467,  0.        , ...,  0.12920225,
          0.07630172,  0.1800844 ],
        ...,
        [-0.27179301, -0.27981124, -0.12920225, ...,  0.        ,
         -0.05316342,  0.05148504],
        [-0.22024653, -0.22837574, -0.07630172, ...,  0.05316342,
          0.        ,  0.10450514],
        [-0.32097947, -0.32886862, -0.1800844 , ..., -0.05148504,
         -0.10450514,  0.        ]],

       [[ 0.        , -0.02218849, -0.06537102, ..., -0.81635729,
         -0.76083667, -0.8999998 ],
        [ 0.02218849,  0.        , -0.0432139 , ..., -0.82897121,
         -0.77504843, -0.90944997],
        [ 0.06537102,  0.0432139 ,  0.        , ..., -0.85236598,
         -0.80163135, -0.92656932],
        ...,
        [ 0.81635729,  0.82897121,  0.85236598, ...,  0.        ,
         -0.0903506 ,  0.16395015],
        [ 0.76083667,  0.77504843,  0.80163135, ...,  0.0903506 ,
          0.        ,  0.25240763],
        [ 0.8999998 ,  0.90944997,  0.92656932, ..., -0.16395015,
         -0.25240763,  0.        ]],

       ...,

       [[ 0.        , -0.34833037, -0.30724537, ...,  0.21304557,
          0.20107359,  0.47102236],
        [ 0.34833037,  0.        ,  0.04347859, ...,  0.54003641,
          0.52969684,  0.74879272],
        [ 0.30724537, -0.04347859,  0.        , ...,  0.50293234,
          0.49231796,  0.71926684],
        ...,
        [-0.21304557, -0.54003641, -0.50293234, ...,  0.        ,
         -0.01223696,  0.27227672],
        [-0.20107359, -0.52969684, -0.49231796, ...,  0.01223696,
          0.        ,  0.28403098],
        [-0.47102236, -0.74879272, -0.71926684, ..., -0.27227672,
         -0.28403098,  0.        ]],

       [[ 0.        , -0.35204566, -0.46788671, ..., -0.34808615,
         -0.2782076 , -0.        ],
        [ 0.35204566,  0.        , -0.12680003, ..., -0.65583228,
         -0.59854478, -0.35204566],
        [ 0.46788671,  0.12680003,  0.        , ..., -0.74626078,
         -0.69529166, -0.46788671],
        ...,
        [ 0.34808615,  0.65583228,  0.74626078, ...,  0.        ,
         -0.07353483, -0.34808615],
        [ 0.2782076 ,  0.59854478,  0.69529166, ...,  0.07353483,
          0.        , -0.2782076 ],
        [ 0.        ,  0.35204566,  0.46788671, ...,  0.34808615,
          0.2782076 ,  0.        ]],

       [[ 0.        , -0.10299729, -0.1918055 , ..., -0.85361352,
         -0.70340988, -0.7409591 ],
        [ 0.10299729,  0.        , -0.08970047, ..., -0.90272569,
         -0.77287776, -0.80618626],
        [ 0.1918055 ,  0.08970047,  0.        , ..., -0.93767725,
         -0.826682  , -0.8560087 ],
        ...,
        [ 0.85361352,  0.90272569,  0.93767725, ...,  0.        ,
         -0.2403242 , -0.18727361],
        [ 0.70340988,  0.77287776,  0.826682  , ...,  0.2403242 ,
          0.        ,  0.05428721],
        [ 0.7409591 ,  0.80618626,  0.8560087 , ...,  0.18727361,
         -0.05428721,  0.        ]]]), 'num': array([7.07088717e-01, 7.07088717e-01, 0.00000000e+00, 1.03024457e-05,
       1.05915071e-05, 1.00133842e-05, 7.14777751e-03, 1.03765640e-07,
       1.00548905e-05, 1.06548783e-05, 1.41357214e-05, 2.85775768e-07,
       1.23912062e-05, 8.91855032e-06])}
{'img': array([[[ 0.        ,  0.00772546, -0.06845829, ..., -0.99938166,
         -0.98054071, -0.97302549],
        [-0.00772546,  0.        , -0.07616358, ..., -0.99962347,
         -0.98202808, -0.9747787 ],
        [ 0.06845829,  0.07616358,  0.        , ..., -0.99463003,
         -0.9648009 , -0.95494959],
        ...,
        [ 0.99938166,  0.99962347,  0.99463003, ...,  0.        ,
          0.16171769,  0.19634245],
        [ 0.98054071,  0.98202808,  0.9648009 , ..., -0.16171769,
          0.        ,  0.03518809],
        [ 0.97302549,  0.9747787 ,  0.95494959, ..., -0.19634245,
         -0.03518809,  0.        ]],

       [[ 0.        ,  0.15342467,  0.09242166, ...,  0.22837574,
          0.32886862,  0.3611649 ],
        [-0.15342467,  0.        , -0.06144058, ...,  0.07630172,
          0.1800844 ,  0.21382003],
        [-0.09242166,  0.06144058,  0.        , ...,  0.13741904,
          0.24018028,  0.27343572],
        ...,
        [-0.22837574, -0.07630172, -0.13741904, ...,  0.        ,
          0.10450514,  0.1386596 ],
        [-0.32886862, -0.1800844 , -0.24018028, ..., -0.10450514,
          0.        ,  0.03440472],
        [-0.3611649 , -0.21382003, -0.27343572, ..., -0.1386596 ,
         -0.03440472,  0.        ]],

       [[ 0.        , -0.0432139 , -0.09523891, ..., -0.77504843,
         -0.90944997, -0.95854619],
        [ 0.0432139 ,  0.        , -0.05213248, ..., -0.80163135,
         -0.92656932, -0.969964  ],
        [ 0.09523891,  0.05213248,  0.        , ..., -0.83170705,
         -0.94491763, -0.98132617],
        ...,
        [ 0.77504843,  0.80163135,  0.83170705, ...,  0.        ,
          0.25240763,  0.38486698],
        [ 0.90944997,  0.92656932,  0.94491763, ..., -0.25240763,
          0.        ,  0.13944018],
        [ 0.95854619,  0.969964  ,  0.98132617, ..., -0.38486698,
         -0.13944018,  0.        ]],

       ...,

       [[ 0.        ,  0.04347859,  0.05390953, ...,  0.52969684,
          0.74879272,  0.84370827],
        [-0.04347859,  0.        ,  0.01044319, ...,  0.49231796,
          0.71926684,  0.81957103],
        [-0.05390953, -0.01044319,  0.        , ...,  0.4832012 ,
          0.71197238,  0.81354262],
        ...,
        [-0.52969684, -0.49231796, -0.4832012 , ...,  0.        ,
          0.28403098,  0.43128011],
        [-0.74879272, -0.71926684, -0.71197238, ..., -0.28403098,
          0.        ,  0.15726001],
        [-0.84370827, -0.81957103, -0.81354262, ..., -0.43128011,
         -0.15726001,  0.        ]],

       [[ 0.        , -0.3202504 , -0.43005324, ..., -0.40643579,
         -0.30134266, -0.        ],
        [ 0.3202504 ,  0.        , -0.11828041, ..., -0.67763619,
         -0.59083568, -0.3202504 ],
        [ 0.43005324,  0.11828041,  0.        , ..., -0.75986243,
         -0.68211583, -0.43005324],
        ...,
        [ 0.40643579,  0.67763619,  0.75986243, ...,  0.        ,
         -0.11221244, -0.40643579],
        [ 0.30134266,  0.59083568,  0.68211583, ...,  0.11221244,
          0.        , -0.30134266],
        [ 0.        ,  0.3202504 ,  0.43005324, ...,  0.40643579,
          0.30134266,  0.        ]],

       [[ 0.        , -0.08970047, -0.18370412, ..., -0.77287776,
         -0.80618626, -0.87443282],
        [ 0.08970047,  0.        , -0.09478965, ..., -0.826682  ,
         -0.8560087 , -0.91442568],
        [ 0.18370412,  0.09478965,  0.        , ..., -0.87629496,
         -0.90115696, -0.94867479],
        ...,
        [ 0.77287776,  0.826682  ,  0.87629496, ...,  0.        ,
          0.05428721,  0.17991664],
        [ 0.80618626,  0.8560087 ,  0.90115696, ..., -0.05428721,
          0.        ,  0.12624999],
        [ 0.87443282,  0.91442568,  0.94867479, ..., -0.17991664,
         -0.12624999,  0.        ]]]), 'num': array([7.07097449e-01, 7.07097449e-01, 0.00000000e+00, 1.03766921e-05,
       1.05619902e-05, 1.01617464e-05, 5.13759662e-03, 7.41192294e-08,
       1.01098629e-05, 1.05582842e-05, 1.40339820e-05, 2.87649576e-07,
       1.21217362e-05, 8.99483224e-06])}
{'img': array([[[ 0.        , -0.07616358,  0.07867722, ..., -0.98202808,
         -0.9747787 , -0.96911442],
        [ 0.07616358,  0.        ,  0.15437617, ..., -0.9648009 ,
         -0.95494959, -0.94751665],
        [-0.07867722, -0.15437617,  0.        , ..., -0.99383307,
         -0.98931571, -0.98551301],
        ...,
        [ 0.98202808,  0.9648009 ,  0.99383307, ...,  0.        ,
          0.03518809,  0.05927376],
        [ 0.9747787 ,  0.95494959,  0.98931571, ..., -0.03518809,
          0.        ,  0.02411083],
        [ 0.96911442,  0.94751665,  0.98551301, ..., -0.05927376,
         -0.02411083,  0.        ]],

       [[ 0.        , -0.12285868,  0.28155569, ...,  0.19770465,
          0.2325475 ,  0.15540806],
        [ 0.12285868,  0.        ,  0.39731109, ...,  0.31664052,
          0.35027628,  0.27559671],
        [-0.28155569, -0.39731109,  0.        , ..., -0.08629176,
         -0.05069709, -0.12901388],
        ...,
        [-0.19770465, -0.31664052,  0.08629176, ...,  0.        ,
          0.03567281, -0.04296205],
        [-0.2325475 , -0.35027628,  0.05069709, ..., -0.03567281,
          0.        , -0.07857458],
        [-0.15540806, -0.27559671,  0.12901388, ...,  0.04296205,
          0.07857458,  0.        ]],

       [[ 0.        , -0.05213248, -0.03151745, ..., -0.92656932,
         -0.969964  , -0.97716011],
        [ 0.05213248,  0.        ,  0.02063198, ..., -0.94491763,
         -0.98132617, -0.98690973],
        [ 0.03151745, -0.02063198,  0.        , ..., -0.93796348,
         -0.9771487 , -0.98337226],
        ...,
        [ 0.92656932,  0.94491763,  0.93796348, ...,  0.        ,
          0.13944018,  0.17063335],
        [ 0.969964  ,  0.98132617,  0.9771487 , ..., -0.13944018,
          0.        ,  0.03157111],
        [ 0.97716011,  0.98690973,  0.98337226, ..., -0.17063335,
         -0.03157111,  0.        ]],

       ...,

       [[ 0.        ,  0.01044319,  0.32472267, ...,  0.71926684,
          0.81957103,  0.82375725],
        [-0.01044319,  0.        ,  0.31482769, ...,  0.71197238,
          0.81354262,  0.81779164],
        [-0.32472267, -0.31482769,  0.        , ...,  0.4546934 ,
          0.58909907,  0.59501811],
        ...,
        [-0.71926684, -0.71197238, -0.4546934 , ...,  0.        ,
          0.15726001,  0.16450903],
        [-0.81957103, -0.81354262, -0.58909907, ..., -0.15726001,
          0.        ,  0.00734465],
        [-0.82375725, -0.81779164, -0.59501811, ..., -0.16450903,
         -0.00734465,  0.        ]],

       [[ 0.        , -0.29554867, -0.4455882 , ..., -0.42123943,
         -0.30113112, -0.        ],
        [ 0.29554867,  0.        , -0.16109633, ..., -0.6704694 ,
         -0.56950902, -0.29554867],
        [ 0.4455882 ,  0.16109633,  0.        , ..., -0.78123555,
         -0.69448926, -0.4455882 ],
        ...,
        [ 0.42123943,  0.6704694 ,  0.78123555, ...,  0.        ,
         -0.12857594, -0.42123943],
        [ 0.30113112,  0.56950902,  0.69448926, ...,  0.12857594,
          0.        , -0.30113112],
        [ 0.        ,  0.29554867,  0.4455882 , ...,  0.42123943,
          0.30113112,  0.        ]],

       [[ 0.        , -0.09478965, -0.13364538, ..., -0.8560087 ,
         -0.91442568, -0.94817092],
        [ 0.09478965,  0.        , -0.0391043 , ..., -0.90115696,
         -0.94867479, -0.97402205],
        [ 0.13364538,  0.0391043 ,  0.        , ..., -0.91741914,
         -0.96031605, -0.98213235],
        ...,
        [ 0.8560087 ,  0.90115696,  0.91741914, ...,  0.        ,
          0.12624999,  0.2181618 ],
        [ 0.91442568,  0.94867479,  0.96031605, ..., -0.12624999,
          0.        ,  0.09320722],
        [ 0.94817092,  0.97402205,  0.98213235, ..., -0.2181618 ,
         -0.09320722,  0.        ]]]), 'num': array([ 9.36597759e-01,  3.50297447e-01,  4.23627393e-04,  1.36870929e-05,
        1.39046623e-05,  1.36079768e-05,  8.72670846e-03, -1.58232288e-07,
        1.35901756e-05,  1.39709221e-05,  1.85857008e-05,  3.90212714e-07,
        1.58634575e-05,  1.20783866e-05])}
{'img': array([[[ 0.        ,  0.15437617,  0.42202069, ..., -0.95494959,
         -0.94751665, -0.95925533],
        [-0.15437617,  0.        ,  0.27700626, ..., -0.98931571,
         -0.98551301, -0.99137346],
        [-0.42202069, -0.27700626,  0.        , ..., -0.99098638,
         -0.99392824, -0.98888564],
        ...,
        [ 0.95494959,  0.98931571,  0.99098638, ...,  0.        ,
          0.02411083, -0.01486429],
        [ 0.94751665,  0.98551301,  0.99392824, ..., -0.02411083,
          0.        , -0.03896814],
        [ 0.95925533,  0.99137346,  0.98888564, ...,  0.01486429,
          0.03896814,  0.        ]],

       [[ 0.        ,  0.39731109,  0.8990796 , ...,  0.35027628,
          0.27559671,  0.32969395],
        [-0.39731109,  0.        ,  0.65113403, ..., -0.05069709,
         -0.12901388, -0.07254173],
        [-0.8990796 , -0.65113403,  0.        , ..., -0.68877392,
         -0.74360909, -0.70447501],
        ...,
        [-0.35027628,  0.05069709,  0.68877392, ...,  0.        ,
         -0.07857458, -0.02188493],
        [-0.27559671,  0.12901388,  0.74360909, ...,  0.07857458,
          0.        ,  0.05673849],
        [-0.32969395,  0.07254173,  0.70447501, ...,  0.02188493,
         -0.05673849,  0.        ]],

       [[ 0.        ,  0.02063198,  0.09962343, ..., -0.98132617,
         -0.98690973, -0.99259818],
        [-0.02063198,  0.        ,  0.07907288, ..., -0.9771487 ,
         -0.98337226, -0.98988125],
        [-0.09962343, -0.07907288,  0.        , ..., -0.95728161,
         -0.96593342, -0.97556146],
        ...,
        [ 0.98132617,  0.9771487 ,  0.95728161, ...,  0.        ,
          0.03157111,  0.07175034],
        [ 0.98690973,  0.98337226,  0.96593342, ..., -0.03157111,
          0.        ,  0.04022484],
        [ 0.99259818,  0.98988125,  0.97556146, ..., -0.07175034,
         -0.04022484,  0.        ]],

       ...,

       [[ 0.        ,  0.31482769,  0.92045421, ...,  0.81354262,
          0.81779164,  0.82850858],
        [-0.31482769,  0.        ,  0.75059752, ...,  0.58909907,
          0.59501811,  0.6100819 ],
        [-0.92045421, -0.75059752,  0.        , ..., -0.21727553,
         -0.21010047, -0.19160968],
        ...,
        [-0.81354262, -0.58909907,  0.21727553, ...,  0.        ,
          0.00734465,  0.02621748],
        [-0.81779164, -0.59501811,  0.21010047, ..., -0.00734465,
          0.        ,  0.01887465],
        [-0.82850858, -0.6100819 ,  0.19160968, ..., -0.02621748,
         -0.01887465,  0.        ]],

       [[ 0.        , -0.34180611, -0.49905159, ..., -0.4071672 ,
         -0.28041473, -0.        ],
        [ 0.34180611,  0.        , -0.17279426, ..., -0.69483357,
         -0.59161797, -0.34180611],
        [ 0.49905159,  0.17279426,  0.        , ..., -0.80865039,
         -0.72202874, -0.49905159],
        ...,
        [ 0.4071672 ,  0.69483357,  0.80865039, ...,  0.        ,
         -0.13471341, -0.4071672 ],
        [ 0.28041473,  0.59161797,  0.72202874, ...,  0.13471341,
          0.        , -0.28041473],
        [ 0.        ,  0.34180611,  0.49905159, ...,  0.4071672 ,
          0.28041473,  0.        ]],

       [[ 0.        , -0.0391043 , -0.02248066, ..., -0.94867479,
         -0.97402205, -0.98476837],
        [ 0.0391043 ,  0.        ,  0.01663096, ..., -0.96031605,
         -0.98213235, -0.99081428],
        [ 0.02248066, -0.01663096,  0.        , ..., -0.95554462,
         -0.97886671, -0.98842824],
        ...,
        [ 0.94867479,  0.96031605,  0.95554462, ...,  0.        ,
          0.09320722,  0.14648885],
        [ 0.97402205,  0.98213235,  0.97886671, ..., -0.09320722,
          0.        ,  0.05364942],
        [ 0.98476837,  0.99081428,  0.98842824, ..., -0.14648885,
         -0.05364942,  0.        ]]]), 'num': array([9.53395186e-01, 3.01670622e-01, 4.64853483e-04, 1.39900093e-05,
       1.39999879e-05, 1.37305655e-05, 5.67782831e-03, 1.79614955e-07,
       1.38742574e-05, 1.40039794e-05, 1.86237425e-05, 4.16445965e-07,
       1.57367141e-05, 1.22712446e-05])}
{'img': array([[[ 0.        ,  0.27700626,  0.08200527, ..., -0.98551301,
         -0.99137346, -0.98469976],
        [-0.27700626,  0.        , -0.19727702, ..., -0.99392824,
         -0.98888564, -0.99443758],
        [-0.08200527,  0.19727702,  0.        , ..., -0.99610178,
         -0.99878263, -0.99567339],
        ...,
        [ 0.98551301,  0.99392824,  0.99610178, ...,  0.        ,
         -0.03896814,  0.00473014],
        [ 0.99137346,  0.98888564,  0.99878263, ...,  0.03896814,
          0.        ,  0.04369425],
        [ 0.98469976,  0.99443758,  0.99567339, ..., -0.00473014,
         -0.04369425,  0.        ]],

       [[ 0.        ,  0.65272678, -0.06204791, ..., -0.13050975,
         -0.07324228, -0.17522937],
        [-0.65272678,  0.        , -0.69847617, ..., -0.74601735,
         -0.70646153, -0.77538017],
        [ 0.06204791,  0.69847617,  0.        , ..., -0.06874106,
         -0.01121989, -0.11380385],
        ...,
        [ 0.13050975,  0.74601735,  0.06874106, ...,  0.        ,
          0.05754338, -0.04524019],
        [ 0.07324228,  0.70646153,  0.01121989, ..., -0.05754338,
          0.        , -0.10264969],
        [ 0.17522937,  0.77538017,  0.11380385, ...,  0.04524019,
          0.10264969,  0.        ]],

       [[ 0.        ,  0.07907288,  0.12609699, ..., -0.98337226,
         -0.98988125, -0.99644469],
        [-0.07907288,  0.        ,  0.04726045, ..., -0.96593342,
         -0.97556146, -0.98666281],
        [-0.12609699, -0.04726045,  0.        , ..., -0.95262353,
         -0.96408699, -0.97786738],
        ...,
        [ 0.98337226,  0.96593342,  0.95262353, ...,  0.        ,
          0.04022484,  0.09810698],
        [ 0.98988125,  0.97556146,  0.96408699, ..., -0.04022484,
          0.        ,  0.05799679],
        [ 0.99644469,  0.98666281,  0.97786738, ..., -0.09810698,
         -0.05799679,  0.        ]],

       ...,

       [[ 0.        ,  0.75059752,  0.62519155, ...,  0.59501811,
          0.6100819 ,  0.66138266],
        [-0.75059752,  0.        , -0.17271848, ..., -0.21010047,
         -0.19160968, -0.12596966],
        [-0.62519155,  0.17271848,  0.        , ..., -0.03807955,
         -0.01921181,  0.04726614],
        ...,
        [-0.59501811,  0.21010047,  0.03807955, ...,  0.        ,
          0.01887465,  0.08526884],
        [-0.6100819 ,  0.19160968,  0.01921181, ..., -0.01887465,
          0.        ,  0.06644775],
        [-0.66138266,  0.12596966, -0.04726614, ..., -0.08526884,
         -0.06644775,  0.        ]],

       [[ 0.        , -0.37789086, -0.54030973, ..., -0.38155455,
         -0.26229041, -0.        ],
        [ 0.37789086,  0.        , -0.18226346, ..., -0.70256437,
         -0.60750213, -0.37789086],
        [ 0.54030973,  0.18226346,  0.        , ..., -0.82049858,
         -0.74210146, -0.54030973],
        ...,
        [ 0.38155455,  0.70256437,  0.82049858, ...,  0.        ,
         -0.12574877, -0.38155455],
        [ 0.26229041,  0.60750213,  0.74210146, ...,  0.12574877,
          0.        , -0.26229041],
        [ 0.        ,  0.37789086,  0.54030973, ...,  0.38155455,
          0.26229041,  0.        ]],

       [[ 0.        ,  0.01663096,  0.02735421, ..., -0.98213235,
         -0.99081428, -0.99632859],
        [-0.01663096,  0.        ,  0.01072569, ..., -0.97886671,
         -0.98842824, -0.99476699],
        [-0.02735421, -0.01072569,  0.        , ..., -0.976617  ,
         -0.98674442, -0.99361393],
        ...,
        [ 0.98213235,  0.97886671,  0.976617  , ...,  0.        ,
          0.05364942,  0.10341869],
        [ 0.99081428,  0.98842824,  0.98674442, ..., -0.05364942,
          0.        ,  0.049908  ],
        [ 0.99632859,  0.99476699,  0.99361393, ..., -0.10341869,
         -0.049908  ,  0.        ]]]), 'num': array([8.62529078e-01, 5.05977728e-01, 2.53953952e-04, 1.26728754e-05,
       1.28443744e-05, 1.25826127e-05, 5.48293218e-03, 1.80525291e-08,
       1.26006653e-05, 1.25862233e-05, 1.67145358e-05, 4.44926718e-07,
       1.39641812e-05, 1.12082653e-05])}
{'img': array([[[ 0.        , -0.19727702, -0.2614798 , ..., -0.98888564,
         -0.99443758, -0.99492173],
        [ 0.19727702,  0.        , -0.0659276 , ..., -0.99878263,
         -0.99567339, -0.99522557],
        [ 0.2614798 ,  0.0659276 ,  0.        , ..., -0.9933576 ,
         -0.98738108, -0.98662572],
        ...,
        [ 0.98888564,  0.99878263,  0.9933576 , ...,  0.        ,
          0.04369425,  0.04839019],
        [ 0.99443758,  0.99567339,  0.98738108, ..., -0.04369425,
          0.        ,  0.00470091],
        [ 0.99492173,  0.99522557,  0.98662572, ..., -0.04839019,
         -0.00470091,  0.        ]],

       [[ 0.        , -0.69847617, -0.82243928, ..., -0.70646153,
         -0.77538017, -0.76589056],
        [ 0.69847617,  0.        , -0.19123474, ..., -0.01121989,
         -0.11380385, -0.09899691],
        [ 0.82243928,  0.19123474,  0.        , ...,  0.18020988,
          0.0782888 ,  0.09312549],
        ...,
        [ 0.70646153,  0.01121989, -0.18020988, ...,  0.        ,
         -0.10264969, -0.0878259 ],
        [ 0.77538017,  0.11380385, -0.0782888 , ...,  0.10264969,
          0.        ,  0.01489107],
        [ 0.76589056,  0.09899691, -0.09312549, ...,  0.0878259 ,
         -0.01489107,  0.        ]],

       [[ 0.        ,  0.04726045,  0.07514807, ..., -0.97556146,
         -0.98666281, -0.98954003],
        [-0.04726045,  0.        ,  0.02793729, ..., -0.96408699,
         -0.97786738, -0.98161659],
        [-0.07514807, -0.02793729,  0.        , ..., -0.95629091,
         -0.9716405 , -0.97590124],
        ...,
        [ 0.97556146,  0.96408699,  0.95629091, ...,  0.        ,
          0.05799679,  0.0766953 ],
        [ 0.98666281,  0.97786738,  0.9716405 , ..., -0.05799679,
          0.        ,  0.01874024],
        [ 0.98954003,  0.98161659,  0.97590124, ..., -0.0766953 ,
         -0.01874024,  0.        ]],

       ...,

       [[ 0.        , -0.17271848, -0.17271848, ..., -0.19160968,
         -0.12596966,  0.10002242],
        [ 0.17271848,  0.        ,  0.        , ..., -0.01921181,
          0.04726614,  0.27037154],
        [ 0.17271848,  0.        ,  0.        , ..., -0.01921181,
          0.04726614,  0.27037154],
        ...,
        [ 0.19160968,  0.01921181,  0.01921181, ...,  0.        ,
          0.06644775,  0.28881792],
        [ 0.12596966, -0.04726614, -0.04726614, ..., -0.06644775,
          0.        ,  0.22456359],
        [-0.10002242, -0.27037154, -0.27037154, ..., -0.28881792,
         -0.22456359,  0.        ]],

       [[ 0.        , -0.40548923, -0.62558483, ..., -0.38041855,
         -0.27843686, -0.        ],
        [ 0.40548923,  0.        , -0.25550207, ..., -0.72274282,
         -0.64397305, -0.40548923],
        [ 0.62558483,  0.25550207,  0.        , ..., -0.87533575,
         -0.81807002, -0.62558483],
        ...,
        [ 0.38041855,  0.72274282,  0.87533575, ...,  0.        ,
         -0.10787229, -0.38041855],
        [ 0.27843686,  0.64397305,  0.81807002, ...,  0.10787229,
          0.        , -0.27843686],
        [ 0.        ,  0.40548923,  0.62558483, ...,  0.38041855,
          0.27843686,  0.        ]],

       [[ 0.        ,  0.01072569,  0.07584618, ..., -0.98842824,
         -0.99476699, -0.99917702],
        [-0.01072569,  0.        ,  0.06514702, ..., -0.98674442,
         -0.99361393, -0.99868449],
        [-0.07584618, -0.06514702,  0.        , ..., -0.97407606,
         -0.98415241, -0.99322245],
        ...,
        [ 0.98842824,  0.98674442,  0.97407606, ...,  0.        ,
          0.049908  ,  0.11147171],
        [ 0.99476699,  0.99361393,  0.98415241, ..., -0.049908  ,
          0.        ,  0.06173584],
        [ 0.99917702,  0.99868449,  0.99322245, ..., -0.11147171,
         -0.06173584,  0.        ]]]), 'num': array([ 8.22381432e-01,  5.68886291e-01,  1.83692131e-04,  1.19421087e-05,
        1.23747938e-05,  1.19421087e-05,  7.55859326e-03, -2.07688846e-07,
        1.20632605e-05,  1.19923001e-05,  1.58717547e-05,  4.38986336e-07,
        1.31560040e-05,  1.08285963e-05])}
{'img': array([[[ 0.        , -0.0659276 , -0.02503595, ..., -0.99567339,
         -0.99522557, -0.99922947],
        [ 0.0659276 ,  0.        ,  0.04092545, ..., -0.98738108,
         -0.98662572, -0.99446797],
        [ 0.02503595, -0.04092545,  0.        , ..., -0.9930349 ,
         -0.99247007, -0.99793363],
        ...,
        [ 0.99567339,  0.98738108,  0.9930349 , ...,  0.        ,
          0.00470091, -0.05377139],
        [ 0.99522557,  0.98662572,  0.99247007, ..., -0.00470091,
          0.        , -0.05846491],
        [ 0.99922947,  0.99446797,  0.99793363, ...,  0.05377139,
          0.05846491,  0.        ]],

       [[ 0.        , -0.19123474,  0.085975  , ..., -0.11380385,
         -0.09899691, -0.01372776],
        [ 0.19123474,  0.        ,  0.27491492, ...,  0.0782888 ,
          0.09312549,  0.17774232],
        [-0.085975  , -0.27491492,  0.        , ..., -0.19879891,
         -0.18418302, -0.09964382],
        ...,
        [ 0.11380385, -0.0782888 ,  0.19879891, ...,  0.        ,
          0.01489107,  0.10015456],
        [ 0.09899691, -0.09312549,  0.18418302, ..., -0.01489107,
          0.        ,  0.08532726],
        [ 0.01372776, -0.17774232,  0.09964382, ..., -0.10015456,
         -0.08532726,  0.        ]],

       [[ 0.        ,  0.02793729,  0.0936239 , ..., -0.97786738,
         -0.98161659, -0.98033049],
        [-0.02793729,  0.        ,  0.06577279, ..., -0.9716405 ,
         -0.97590124, -0.97443406],
        [-0.0936239 , -0.06577279,  0.        , ..., -0.95398371,
         -0.95943559, -0.95754663],
        ...,
        [ 0.97786738,  0.9716405 ,  0.95398371, ...,  0.        ,
          0.01874024,  0.01211551],
        [ 0.98161659,  0.97590124,  0.95943559, ..., -0.01874024,
          0.        , -0.00662549],
        [ 0.98033049,  0.97443406,  0.95754663, ..., -0.01211551,
          0.00662549,  0.        ]],

       ...,

       [[ 0.        ,  0.        ,  0.17161744, ...,  0.04726614,
          0.27037154,  0.31319945],
        [ 0.        ,  0.        ,  0.17161744, ...,  0.04726614,
          0.27037154,  0.31319945],
        [-0.17161744, -0.17161744,  0.        , ..., -0.12486075,
          0.10113449,  0.14556981],
        ...,
        [-0.04726614, -0.04726614,  0.12486075, ...,  0.        ,
          0.22456359,  0.26796134],
        [-0.27037154, -0.27037154, -0.10113449, ..., -0.22456359,
          0.        ,  0.04476623],
        [-0.31319945, -0.31319945, -0.14556981, ..., -0.26796134,
         -0.04476623,  0.        ]],

       [[ 0.        , -0.50591804, -0.70135461, ..., -0.38435792,
         -0.26678702, -0.        ],
        [ 0.50591804,  0.        , -0.24435084, ..., -0.79859557,
         -0.71770686, -0.50591804],
        [ 0.70135461,  0.24435084,  0.        , ..., -0.92145461,
         -0.8661035 , -0.70135461],
        ...,
        [ 0.38435792,  0.79859557,  0.92145461, ...,  0.        ,
         -0.12413352, -0.38435792],
        [ 0.26678702,  0.71770686,  0.8661035 , ...,  0.12413352,
          0.        , -0.26678702],
        [ 0.        ,  0.50591804,  0.70135461, ...,  0.38435792,
          0.26678702,  0.        ]],

       [[ 0.        ,  0.06514702,  0.17231877, ..., -0.99361393,
         -0.99868449, -0.999974  ],
        [-0.06514702,  0.        ,  0.10778021, ..., -0.98415241,
         -0.99322245, -0.99737994],
        [-0.17231877, -0.10778021,  0.        , ..., -0.95930739,
         -0.9749095 , -0.98377301],
        ...,
        [ 0.99361393,  0.98415241,  0.95930739, ...,  0.        ,
          0.06173584,  0.10566529],
        [ 0.99868449,  0.99322245,  0.9749095 , ..., -0.06173584,
          0.        ,  0.04407351],
        [ 0.999974  ,  0.99737994,  0.98377301, ..., -0.10566529,
         -0.04407351,  0.        ]]]), 'num': array([ 7.87365542e-01,  6.16474177e-01,  1.26586196e-04,  1.12406344e-05,
        1.15320583e-05,  1.11323913e-05,  3.88272329e-03, -2.49791876e-07,
        1.15237319e-05,  1.14758551e-05,  1.51354449e-05,  4.40561199e-07,
        1.25110625e-05,  1.04406477e-05])}
{'img': array([[[ 0.        ,  0.04092545,  0.04092545, ..., -0.98662572,
         -0.99446797, -0.99971038],
        [-0.04092545,  0.        ,  0.        , ..., -0.99247007,
         -0.99793363, -0.99985772],
        [-0.04092545,  0.        ,  0.        , ..., -0.99247007,
         -0.99793363, -0.99985772],
        ...,
        [ 0.98662572,  0.99247007,  0.99247007, ...,  0.        ,
         -0.05846491, -0.13921108],
        [ 0.99446797,  0.99793363,  0.99793363, ...,  0.05846491,
          0.        , -0.08107734],
        [ 0.99971038,  0.99985772,  0.99985772, ...,  0.13921108,
          0.08107734,  0.        ]],

       [[ 0.        ,  0.27491492, -0.07842284, ...,  0.09312549,
          0.17774232,  0.03286929],
        [-0.27491492,  0.        , -0.34946933, ..., -0.18418302,
         -0.09964382, -0.24316359],
        [ 0.07842284,  0.34946933,  0.        , ...,  0.17092072,
          0.25436902,  0.11114852],
        ...,
        [-0.09312549,  0.18418302, -0.17092072, ...,  0.        ,
          0.08532726, -0.06034872],
        [-0.17774232,  0.09964382, -0.25436902, ..., -0.08532726,
          0.        , -0.14530036],
        [-0.03286929,  0.24316359, -0.11114852, ...,  0.06034872,
          0.14530036,  0.        ]],

       [[ 0.        ,  0.06577279,  0.08356287, ..., -0.97590124,
         -0.97443406, -0.96615436],
        [-0.06577279,  0.        ,  0.01783918, ..., -0.95943559,
         -0.95754663, -0.94709522],
        [-0.08356287, -0.01783918,  0.        , ..., -0.95425356,
         -0.9522516 , -0.94121897],
        ...,
        [ 0.97590124,  0.95943559,  0.95425356, ...,  0.        ,
         -0.00662549, -0.0409209 ],
        [ 0.97443406,  0.95754663,  0.9522516 , ...,  0.00662549,
          0.        , -0.03430006],
        [ 0.96615436,  0.94709522,  0.94121897, ...,  0.0409209 ,
          0.03430006,  0.        ]],

       ...,

       [[ 0.        ,  0.17161744,  0.2618634 , ...,  0.27037154,
          0.31319945,  0.37863664],
        [-0.17161744,  0.        ,  0.09234947, ...,  0.10113449,
          0.14556981,  0.21417933],
        [-0.2618634 , -0.09234947,  0.        , ...,  0.00882634,
          0.05358198,  0.12305763],
        ...,
        [-0.27037154, -0.10113449, -0.00882634, ...,  0.        ,
          0.04476623,  0.11429358],
        [-0.31319945, -0.14556981, -0.05358198, ..., -0.04476623,
          0.        ,  0.06970612],
        [-0.37863664, -0.21417933, -0.12305763, ..., -0.11429358,
         -0.06970612,  0.        ]],

       [[ 0.        , -0.54068919, -0.73479147, ..., -0.35149356,
         -0.22388801, -0.        ],
        [ 0.54068919,  0.        , -0.25137735, ..., -0.80187224,
         -0.71530335, -0.54068919],
        [ 0.73479147,  0.25137735,  0.        , ..., -0.92632029,
         -0.86800039, -0.73479147],
        ...,
        [ 0.35149356,  0.80187224,  0.92632029, ...,  0.        ,
         -0.13296906, -0.35149356],
        [ 0.22388801,  0.71530335,  0.86800039, ...,  0.13296906,
          0.        , -0.22388801],
        [ 0.        ,  0.54068919,  0.73479147, ...,  0.35149356,
          0.22388801,  0.        ]],

       [[ 0.        ,  0.10778021,  0.25228896, ..., -0.99322245,
         -0.99737994, -0.99813456],
        [-0.10778021,  0.        ,  0.14652559, ..., -0.9749095 ,
         -0.98377301, -0.98573994],
        [-0.25228896, -0.14652559,  0.        , ..., -0.93177036,
         -0.94686576, -0.95044401],
        ...,
        [ 0.99322245,  0.9749095 ,  0.93177036, ...,  0.        ,
          0.04407351,  0.05537352],
        [ 0.99737994,  0.98377301,  0.94686576, ..., -0.04407351,
          0.        ,  0.01131383],
        [ 0.99813456,  0.98573994,  0.95044401, ..., -0.05537352,
         -0.01131383,  0.        ]]]), 'num': array([ 9.47879105e-01,  3.18594431e-01,  4.73858941e-04,  1.34589074e-05,
        1.38034878e-05,  1.34589074e-05,  4.75030514e-03, -2.22963827e-07,
        1.39129428e-05,  1.38764578e-05,  1.82600618e-05,  5.00571299e-07,
        1.49966006e-05,  1.27563150e-05])}
{'img': array([[[ 0.        ,  0.        , -0.02467205, ..., -0.99793363,
         -0.99985772, -0.99641519],
        [ 0.        ,  0.        , -0.02467205, ..., -0.99793363,
         -0.99985772, -0.99641519],
        [ 0.02467205,  0.02467205,  0.        , ..., -0.99604459,
         -0.99996954, -0.99819908],
        ...,
        [ 0.99793363,  0.99793363,  0.99604459, ...,  0.        ,
         -0.08107734, -0.14844581],
        [ 0.99985772,  0.99985772,  0.99996954, ...,  0.08107734,
          0.        , -0.06777805],
        [ 0.99641519,  0.99641519,  0.99819908, ...,  0.14844581,
          0.06777805,  0.        ]],

       [[ 0.        , -0.34946933, -0.3130084 , ..., -0.09964382,
         -0.24316359, -0.24200943],
        [ 0.34946933,  0.        ,  0.03863609, ...,  0.25436902,
          0.11114852,  0.11233077],
        [ 0.3130084 , -0.03863609,  0.        , ...,  0.21681386,
          0.07266884,  0.07385534],
        ...,
        [ 0.09964382, -0.25436902, -0.21681386, ...,  0.        ,
         -0.14530036, -0.14412319],
        [ 0.24316359, -0.11114852, -0.07266884, ...,  0.14530036,
          0.        ,  0.0011897 ],
        [ 0.24200943, -0.11233077, -0.07385534, ...,  0.14412319,
         -0.0011897 ,  0.        ]],

       [[ 0.        ,  0.01783918, -0.05154423, ..., -0.95754663,
         -0.94709522, -0.93308379],
        [-0.01783918,  0.        , -0.06935149, ..., -0.9522516 ,
         -0.94121897, -0.92651929],
        [ 0.05154423,  0.06935149,  0.        , ..., -0.97113286,
         -0.96237952, -0.9503818 ],
        ...,
        [ 0.95754663,  0.9522516 ,  0.97113286, ...,  0.        ,
         -0.03430006, -0.07540238],
        [ 0.94709522,  0.94121897,  0.96237952, ...,  0.03430006,
          0.        , -0.0411556 ],
        [ 0.93308379,  0.92651929,  0.9503818 , ...,  0.07540238,
          0.0411556 ,  0.        ]],

       ...,

       [[ 0.        ,  0.09234947,  0.17746584, ...,  0.14556981,
          0.21417933,  0.10419041],
        [-0.09234947,  0.        ,  0.08582387, ...,  0.05358198,
          0.12305763,  0.01189832],
        [-0.17746584, -0.08582387,  0.        , ..., -0.0323163 ,
          0.03743202, -0.07396337],
        ...,
        [-0.14556981, -0.05358198,  0.0323163 , ...,  0.        ,
          0.06970612, -0.04169695],
        [-0.21417933, -0.12305763, -0.03743202, ..., -0.06970612,
          0.        , -0.11124103],
        [-0.10419041, -0.01189832,  0.07396337, ...,  0.04169695,
          0.11124103,  0.        ]],

       [[ 0.        , -0.32779478, -0.62103602, ..., -0.65324281,
         -0.58465389, -0.35559228],
        [ 0.32779478,  0.        , -0.32980348, ..., -0.86533978,
         -0.81828542, -0.64231593],
        [ 0.62103602,  0.32980348,  0.        , ..., -0.98221646,
         -0.96207707, -0.85915268],
        ...,
        [ 0.65324281,  0.86533978,  0.98221646, ...,  0.        ,
         -0.08729487, -0.34131147],
        [ 0.58465389,  0.81828542,  0.96207707, ...,  0.08729487,
          0.        , -0.25795568],
        [ 0.35559228,  0.64231593,  0.85915268, ...,  0.34131147,
          0.25795568,  0.        ]],

       [[ 0.        ,  0.14652559,  0.55133776, ..., -0.98377301,
         -0.98573994, -0.98892619],
        [-0.14652559,  0.        ,  0.42314343, ..., -0.94686576,
         -0.95044401, -0.956507  ],
        [-0.55133776, -0.42314343,  0.        , ..., -0.72182454,
         -0.72960837, -0.74322043],
        ...,
        [ 0.98377301,  0.94686576,  0.72182454, ...,  0.        ,
          0.01131383,  0.03143082],
        [ 0.98573994,  0.95044401,  0.72960837, ..., -0.01131383,
          0.        ,  0.02012057],
        [ 0.98892619,  0.956507  ,  0.74322043, ..., -0.03143082,
         -0.02012057,  0.        ]]]), 'num': array([8.33615788e-01, 5.52319281e-01, 2.06835667e-04, 1.20320162e-05,
       1.22089576e-05, 1.16781334e-05, 5.29961654e-03, 2.83106263e-07,
       1.20709433e-05, 1.20581150e-05, 1.57992464e-05, 5.31729315e-07,
       1.29156235e-05, 1.12006066e-05])}
{'img': array([[[ 0.        , -0.02467205, -0.02467205, ..., -0.99985772,
         -0.99641519, -0.9999351 ],
        [ 0.02467205,  0.        ,  0.        , ..., -0.99996954,
         -0.99819908, -0.99934964],
        [ 0.02467205,  0.        ,  0.        , ..., -0.99996954,
         -0.99819908, -0.99934964],
        ...,
        [ 0.99985772,  0.99996954,  0.99996954, ...,  0.        ,
         -0.06777805,  0.02825806],
        [ 0.99641519,  0.99819908,  0.99819908, ...,  0.06777805,
          0.        ,  0.09594406],
        [ 0.9999351 ,  0.99934964,  0.99934964, ..., -0.02825806,
         -0.09594406,  0.        ]],

       [[ 0.        ,  0.03863609, -0.07237436, ...,  0.11114852,
          0.11233077,  0.16778334],
