state_0,state_1,state_2,state_3,state_4,state_5,state_6,state_7,state_8,state_9,state_10,state_11,state_12,state_13,state_14,state_15,state_16,state_17,state_18,state_19,state_20,state_21,state_22,state_23,state_24,state_25,state_26,state_27,state_28,state_29,state_30,state_31,state_32,state_33,state_34,state_35,state_36,state_37,state_38,state_39,state_40,state_41,state_42,state_43,state_44,state_45,state_46,state_47,state_48,state_49,state_50,state_51,state_52,state_53,state_54,state_55,state_56,state_57,state_58,state_59,state_60,state_61,state_62,state_63,state_64,state_65,state_66,state_67,state_68,state_69,state_70,state_71,state_72,state_73,state_74,state_75,state_76,state_77,state_78,state_79,state_80,state_81,state_82,state_83,state_84,state_85,state_86,state_87,state_88,state_89,state_90,state_91,state_92,state_93,state_94,state_95,state_96,state_97,state_98,state_99,state_100,state_101,state_102,state_103,state_104,state_105,state_106,state_107,state_108,state_109,state_110,state_111,state_112,state_113,state_114,state_115,state_116,state_117,state_118,state_119,state_120,state_121,state_122,state_123,state_124,state_125,state_126,state_127,state_128,state_129,state_130,state_131,state_132,state_133,state_134,state_135,state_136,state_137,state_138,state_139,state_140,state_141,state_142,state_143,state_144,state_145,state_146,state_147,state_148,state_149,state_150,state_151,state_152,state_153,state_154,state_155,state_156,state_157,state_158,state_159,state_160,state_161,state_162,state_163,state_164,state_165,state_166,state_167,state_168,state_169,state_170,state_171,state_172,state_173,state_174,state_175,state_176,state_177,state_178,state_179,state_180,state_181,state_182,state_183,state_184,state_185,state_186,state_187,state_188,state_189,state_190,state_191,state_192,state_193,state_194,state_195,state_196,state_197,state_198,state_199,state_200,state_201,state_202,state_203,state_204,state_205,state_206,state_207,state_208,state_209,state_210,state_211,state_212,state_213,state_214,state_215,state_216,state_217,state_218,state_219,state_220,state_221,state_222,state_223,state_224,state_225,state_226,state_227,state_228,state_229,state_230,state_231,state_232,state_233,state_234,state_235,state_236,state_237,state_238,state_239,state_240,state_241,state_242,state_243,state_244,state_245,state_246,state_247,state_248,state_249,state_250,state_251,state_252,state_253,state_254,state_255,state_256,state_257,state_258,state_259,state_260,state_261,state_262,state_263,state_264,state_265,state_266,state_267,state_268,state_269,state_270,state_271,state_272,state_273,state_274,state_275,state_276,state_277,state_278,state_279,state_280,state_281,state_282,state_283,state_284,state_285,state_286,state_287
{'img': array([[[ 0.00000000e+00,  3.64321325e-02,  3.26409737e-01, ...,
          4.56537068e-01,  3.63472348e-01,  5.45296248e-01],
        [-3.64321325e-02,  0.00000000e+00,  2.91756357e-01, ...,
          4.88647815e-01,  3.97171406e-01,  5.75473236e-01],
        [-3.26409737e-01, -2.91756357e-01,  0.00000000e+00, ...,
          7.21939968e-01,  6.47649316e-01,  7.89040295e-01],
        ...,
        [-4.56537068e-01, -4.88647815e-01, -7.21939968e-01, ...,
          0.00000000e+00,  1.01929265e-01, -1.02463281e-01],
        [-3.63472348e-01, -3.97171406e-01, -6.47649316e-01, ...,
         -1.01929265e-01,  0.00000000e+00, -2.03322406e-01],
        [-5.45296248e-01, -5.75473236e-01, -7.89040295e-01, ...,
          1.02463281e-01,  2.03322406e-01,  0.00000000e+00]],

       [[ 0.00000000e+00,  7.11005056e-01,  6.84481077e-01, ...,
          9.86245707e-01,  9.95040603e-01,  7.11630318e-01],
        [-7.11005056e-01,  0.00000000e+00, -3.70263380e-02, ...,
          5.75995997e-01,  6.28976136e-01,  8.89582957e-04],
        [-6.84481077e-01,  3.70263380e-02,  0.00000000e+00, ...,
          6.05868303e-01,  6.57330027e-01,  3.79152963e-02],
        ...,
        [-9.86245707e-01, -5.75995997e-01, -6.05868303e-01, ...,
          0.00000000e+00,  6.63646619e-02, -5.75268577e-01],
        [-9.95040603e-01, -6.28976136e-01, -6.57330027e-01, ...,
         -6.63646619e-02,  0.00000000e+00, -6.28284303e-01],
        [-7.11630318e-01, -8.89582957e-04, -3.79152963e-02, ...,
          5.75268577e-01,  6.28284303e-01,  0.00000000e+00]],

       [[ 0.00000000e+00,  3.51372013e-02,  1.31270994e-01, ...,
          4.26679943e-01,  2.39846085e-01,  1.94810632e-01],
        [-3.51372013e-02,  0.00000000e+00,  9.63567920e-02, ...,
          4.58194647e-01,  2.73809559e-01,  2.29154339e-01],
        [-1.31270994e-01, -9.63567920e-02,  0.00000000e+00, ...,
          5.41709518e-01,  3.65209898e-01,  3.21880799e-01],
        ...,
        [-4.26679943e-01, -4.58194647e-01, -5.41709518e-01, ...,
          0.00000000e+00,  1.97308106e-01,  2.42317869e-01],
        [-2.39846085e-01, -2.73809559e-01, -3.65209898e-01, ...,
         -1.97308106e-01,  0.00000000e+00,  4.61265539e-02],
        [-1.94810632e-01, -2.29154339e-01, -3.21880799e-01, ...,
         -2.42317869e-01, -4.61265539e-02,  0.00000000e+00]],

       ...,

       [[ 0.00000000e+00,  3.35856465e-01,  8.94671163e-01, ...,
          0.00000000e+00,  2.68280294e-01,  3.80588910e-01],
        [-3.35856465e-01,  0.00000000e+00,  6.92666973e-01, ...,
          3.35856465e-01,  5.76241013e-01,  6.69063072e-01],
        [-8.94671163e-01, -6.92666973e-01,  0.00000000e+00, ...,
          8.94671163e-01,  9.81720921e-01,  9.97360790e-01],
        ...,
        [-0.00000000e+00, -3.35856465e-01, -8.94671163e-01, ...,
          0.00000000e+00, -2.68280294e-01, -3.80588910e-01],
        [-2.68280294e-01, -5.76241013e-01, -9.81720921e-01, ...,
          2.68280294e-01,  0.00000000e+00, -1.18546180e-01],
        [-3.80588910e-01, -6.69063072e-01, -9.97360790e-01, ...,
          3.80588910e-01,  1.18546180e-01,  0.00000000e+00]],

       [[ 0.00000000e+00, -1.13551791e-01, -1.04123471e-01, ...,
          6.97884346e-01,  6.02174632e-01,  3.68795323e-01],
        [ 1.13551791e-01,  0.00000000e+00,  9.48455792e-03, ...,
          6.12043504e-01,  5.07624106e-01,  2.60862387e-01],
        [ 1.04123471e-01, -9.48455792e-03,  0.00000000e+00, ...,
          6.19516591e-01,  5.15772966e-01,  2.70006819e-01],
        ...,
        [-6.97884346e-01, -6.12043504e-01, -6.19516591e-01, ...,
          0.00000000e+00,  1.25882240e-01,  3.84555846e-01],
        [-6.02174632e-01, -5.07624106e-01, -5.15772966e-01, ...,
         -1.25882240e-01,  0.00000000e+00,  2.65294664e-01],
        [-3.68795323e-01, -2.60862387e-01, -2.70006819e-01, ...,
         -3.84555846e-01, -2.65294664e-01,  0.00000000e+00]],

       [[ 0.00000000e+00,  1.76481346e-01,  1.69218388e-01, ...,
          3.45854220e-01,  1.90478929e-01,  0.00000000e+00],
        [-1.76481346e-01,  0.00000000e+00, -7.37390091e-03, ...,
          5.06016062e-01,  3.60739368e-01,  1.76481346e-01],
        [-1.69218388e-01,  7.37390091e-03,  0.00000000e+00, ...,
          4.99642138e-01,  3.53852169e-01,  1.69218388e-01],
        ...,
        [-3.45854220e-01, -5.06016062e-01, -4.99642138e-01, ...,
          0.00000000e+00,  1.60797930e-01,  3.45854220e-01],
        [-1.90478929e-01, -3.60739368e-01, -3.53852169e-01, ...,
         -1.60797930e-01,  0.00000000e+00,  1.90478929e-01],
        [-0.00000000e+00, -1.76481346e-01, -1.69218388e-01, ...,
         -3.45854220e-01, -1.90478929e-01,  0.00000000e+00]]]), 'num': array([ 7.06789806e-01,  7.06789806e-01,  0.00000000e+00,  1.08351811e-02,
        1.10048785e-02,  1.08182113e-02,  1.08860903e-05, -1.18788203e-04,
        1.09658481e-02,  1.05212408e-02,  9.33095473e-03,  6.18388948e-07,
        1.13514932e-02,  9.69098842e-03])}
{'img': array([[[ 0.00000000e+00,  2.91756357e-01,  2.91756357e-01, ...,
          3.97171406e-01,  5.75473236e-01,  7.17200878e-01],
        [-2.91756357e-01,  0.00000000e+00,  0.00000000e+00, ...,
          6.47649316e-01,  7.89040295e-01,  8.89312610e-01],
        [-2.91756357e-01,  0.00000000e+00,  0.00000000e+00, ...,
          6.47649316e-01,  7.89040295e-01,  8.89312610e-01],
        ...,
        [-3.97171406e-01, -6.47649316e-01, -6.47649316e-01, ...,
          0.00000000e+00, -2.03322406e-01, -3.81431682e-01],
        [-5.75473236e-01, -7.89040295e-01, -7.89040295e-01, ...,
          2.03322406e-01,  0.00000000e+00, -1.85513649e-01],
        [-7.17200878e-01, -8.89312610e-01, -8.89312610e-01, ...,
          3.81431682e-01,  1.85513649e-01,  0.00000000e+00]],

       [[ 0.00000000e+00, -3.70263380e-02, -6.98675358e-01, ...,
          6.28976136e-01,  8.89582957e-04,  1.81754561e-01],
        [ 3.70263380e-02,  0.00000000e+00, -6.71706188e-01, ...,
          6.57330027e-01,  3.79152963e-02,  2.18039554e-01],
        [ 6.98675358e-01,  6.71706188e-01,  0.00000000e+00, ...,
          9.93161378e-01,  6.99311523e-01,  8.17072444e-01],
        ...,
        [-6.28976136e-01, -6.57330027e-01, -9.93161378e-01, ...,
          0.00000000e+00, -6.28284303e-01, -4.77199396e-01],
        [-8.89582957e-04, -3.79152963e-02, -6.99311523e-01, ...,
          6.28284303e-01,  0.00000000e+00,  1.80879723e-01],
        [-1.81754561e-01, -2.18039554e-01, -8.17072444e-01, ...,
          4.77199396e-01, -1.80879723e-01,  0.00000000e+00]],

       [[ 0.00000000e+00,  9.63567920e-02,  1.24745837e-01, ...,
          2.73809559e-01,  2.29154339e-01,  4.37608095e-01],
        [-9.63567920e-02,  0.00000000e+00,  2.85612535e-02, ...,
          3.65209898e-01,  3.21880799e-01,  5.22212576e-01],
        [-1.24745837e-01, -2.85612535e-02,  0.00000000e+00, ...,
          3.91649299e-01,  3.48790715e-01,  5.46357012e-01],
        ...,
        [-2.73809559e-01, -3.65209898e-01, -3.91649299e-01, ...,
          0.00000000e+00,  4.61265539e-02, -1.74684239e-01],
        [-2.29154339e-01, -3.21880799e-01, -3.48790715e-01, ...,
         -4.61265539e-02,  0.00000000e+00, -2.19915641e-01],
        [-4.37608095e-01, -5.22212576e-01, -5.46357012e-01, ...,
          1.74684239e-01,  2.19915641e-01,  0.00000000e+00]],

       ...,

       [[ 0.00000000e+00,  8.71722433e-01,  8.81346438e-01, ...,
          2.72187110e-01,  3.86013161e-01,  7.54289144e-01],
        [-8.71722433e-01,  0.00000000e+00,  1.99965438e-02, ...,
          9.72181664e-01,  9.93304530e-01,  9.41924395e-01],
        [-8.81346438e-01, -1.99965438e-02,  0.00000000e+00, ...,
          9.76671028e-01,  9.95416026e-01,  9.35020717e-01],
        ...,
        [-2.72187110e-01, -9.72181664e-01, -9.76671028e-01, ...,
          0.00000000e+00, -1.20348203e-01, -5.47108092e-01],
        [-3.86013161e-01, -9.93304530e-01, -9.95416026e-01, ...,
          1.20348203e-01,  0.00000000e+00, -4.42392665e-01],
        [-7.54289144e-01, -9.41924395e-01, -9.35020717e-01, ...,
          5.47108092e-01,  4.42392665e-01,  0.00000000e+00]],

       [[ 0.00000000e+00,  9.43251899e-03, -4.06777710e-02, ...,
          5.65951574e-01,  4.53079791e-01,  2.59481105e-01],
        [-9.43251899e-03,  0.00000000e+00, -5.01006732e-02, ...,
          5.73702928e-01,  4.61468442e-01,  2.68578999e-01],
        [ 4.06777710e-02,  5.01006732e-02,  0.00000000e+00, ...,
          5.31946826e-01,  4.16441773e-01,  2.19981853e-01],
        ...,
        [-5.65951574e-01, -5.73702928e-01, -5.31946826e-01, ...,
          0.00000000e+00,  1.30992415e-01,  3.32640497e-01],
        [-4.53079791e-01, -4.61468442e-01, -4.16441773e-01, ...,
         -1.30992415e-01,  0.00000000e+00,  2.06241373e-01],
        [-2.59481105e-01, -2.68578999e-01, -2.19981853e-01, ...,
         -3.32640497e-01, -2.06241373e-01,  0.00000000e+00]],

       [[ 0.00000000e+00, -5.03840787e-02,  7.85544502e-02, ...,
          3.26973213e-01,  2.55044116e-01,  5.03840787e-02],
        [ 5.03840787e-02,  0.00000000e+00,  1.28683063e-01, ...,
          2.78943282e-01,  2.06002341e-01,  0.00000000e+00],
        [-7.85544502e-02, -1.28683063e-01,  0.00000000e+00, ...,
          4.00199404e-01,  3.30212594e-01,  1.28683063e-01],
        ...,
        [-3.26973213e-01, -2.78943282e-01, -4.00199404e-01, ...,
          0.00000000e+00,  7.51347577e-02,  2.78943282e-01],
        [-2.55044116e-01, -2.06002341e-01, -3.30212594e-01, ...,
         -7.51347577e-02,  0.00000000e+00,  2.06002341e-01],
        [-5.03840787e-02, -0.00000000e+00, -1.28683063e-01, ...,
         -2.78943282e-01, -2.06002341e-01,  0.00000000e+00]]]), 'num': array([ 7.06792852e-01,  7.06792852e-01,  0.00000000e+00,  1.07673485e-02,
        1.08606825e-02,  1.05637107e-02,  2.07795402e-05, -6.78792655e-05,
        1.09149859e-02,  1.05475894e-02,  9.37992459e-03,  5.39948703e-07,
        1.13740194e-02,  9.72115931e-03])}
{'img': array([[[ 0.        ,  0.        ,  0.00908098, ...,  0.7890403 ,
          0.88931261,  0.92357872],
        [ 0.        ,  0.        ,  0.00908098, ...,  0.7890403 ,
          0.88931261,  0.92357872],
        [-0.00908098, -0.00908098,  0.        , ...,  0.79458658,
          0.89342867,  0.92702236],
        ...,
        [-0.7890403 , -0.7890403 , -0.79458658, ...,  0.        ,
         -0.18551365, -0.26486765],
        [-0.88931261, -0.88931261, -0.89342867, ...,  0.18551365,
          0.        , -0.08138201],
        [-0.92357872, -0.92357872, -0.92702236, ...,  0.26486765,
          0.08138201,  0.        ]],

       [[ 0.        , -0.67170619, -0.17557119, ...,  0.0379153 ,
          0.21803955,  0.87278669],
        [ 0.67170619,  0.        ,  0.53120616, ...,  0.69931152,
          0.81707244,  0.97443681],
        [ 0.17557119, -0.53120616,  0.        , ...,  0.2127713 ,
          0.38599962,  0.94492608],
        ...,
        [-0.0379153 , -0.69931152, -0.2127713 , ...,  0.        ,
          0.18087972,  0.85365259],
        [-0.21803955, -0.81707244, -0.38599962, ..., -0.18087972,
          0.        ,  0.74536187],
        [-0.87278669, -0.97443681, -0.94492608, ..., -0.85365259,
         -0.74536187,  0.        ]],

       [[ 0.        ,  0.02856125,  0.09564081, ...,  0.3218808 ,
          0.52221258,  0.61722482],
        [-0.02856125,  0.        ,  0.06717147, ...,  0.34879072,
          0.54635701,  0.63944464],
        [-0.09564081, -0.06717147,  0.        , ...,  0.4109561 ,
          0.60138266,  0.68964434],
        ...,
        [-0.3218808 , -0.34879072, -0.4109561 , ...,  0.        ,
         -0.21991564, -0.33112467],
        [-0.52221258, -0.54635701, -0.60138266, ...,  0.21991564,
          0.        , -0.11550883],
        [-0.61722482, -0.63944464, -0.68964434, ...,  0.33112467,
          0.11550883,  0.        ]],

       ...,

       [[ 0.        ,  0.04408962,  0.95892553, ...,  0.81210756,
          0.99488701,  0.82862273],
        [-0.04408962,  0.        ,  0.94548668, ...,  0.83704449,
          0.99837236,  0.80313526],
        [-0.95892553, -0.94548668,  0.        , ...,  0.78990126,
          0.37905357, -0.30176822],
        ...,
        [-0.81210756, -0.83704449, -0.78990126, ...,  0.        ,
         -0.4985061 , -0.93813165],
        [-0.99488701, -0.99837236, -0.37905357, ...,  0.4985061 ,
          0.        , -0.64063128],
        [-0.82862273, -0.80313526,  0.30176822, ...,  0.93813165,
          0.64063128,  0.        ]],

       [[ 0.        , -0.04992282, -0.04992282, ...,  0.51201887,
          0.42441941,  0.2676567 ],
        [ 0.04992282,  0.        ,  0.        , ...,  0.46849801,
          0.3786868 ,  0.2192216 ],
        [ 0.04992282,  0.        ,  0.        , ...,  0.46849801,
          0.3786868 ,  0.2192216 ],
        ...,
        [-0.51201887, -0.46849801, -0.46849801, ...,  0.        ,
          0.09905021,  0.26342733],
        [-0.42441941, -0.3786868 , -0.3786868 , ..., -0.09905021,
          0.        ,  0.16658023],
        [-0.2676567 , -0.2192216 , -0.2192216 , ..., -0.26342733,
         -0.16658023,  0.        ]],

       [[ 0.        ,  0.12783607,  0.12783607, ...,  0.30458793,
          0.22804693,  0.        ],
        [-0.12783607,  0.        ,  0.        , ...,  0.42385072,
          0.35064349,  0.12783607],
        [-0.12783607,  0.        ,  0.        , ...,  0.42385072,
          0.35064349,  0.12783607],
        ...,
        [-0.30458793, -0.42385072, -0.42385072, ...,  0.        ,
          0.07935098,  0.30458793],
        [-0.22804693, -0.35064349, -0.35064349, ..., -0.07935098,
          0.        ,  0.22804693],
        [-0.        , -0.12783607, -0.12783607, ..., -0.30458793,
         -0.22804693,  0.        ]]]), 'num': array([ 7.06795320e-01,  7.06795320e-01,  0.00000000e+00,  1.06061723e-02,
        1.07334463e-02,  1.05043530e-02,  2.24172057e-05, -1.61213818e-04,
        1.08369626e-02,  1.05696870e-02,  9.42266486e-03,  5.56824044e-07,
        1.13774264e-02,  9.76194769e-03])}
{'img': array([[[ 0.        ,  0.00908098, -0.01853139, ...,  0.88931261,
          0.92357872,  0.97325351],
        [-0.00908098,  0.        , -0.02761004, ...,  0.89342867,
          0.92702236,  0.97529959],
        [ 0.01853139,  0.02761004,  0.        , ...,  0.8806855 ,
          0.91631502,  0.9688291 ],
        ...,
        [-0.88931261, -0.89342867, -0.8806855 , ...,  0.        ,
         -0.08138201, -0.24076348],
        [-0.92357872, -0.92702236, -0.91631502, ...,  0.08138201,
          0.        , -0.16097681],
        [-0.97325351, -0.97529959, -0.9688291 , ...,  0.24076348,
          0.16097681,  0.        ]],

       [[ 0.        ,  0.53120616,  0.30025341, ...,  0.81707244,
          0.97443681,  0.93045549],
        [-0.53120616,  0.        , -0.25230855, ...,  0.38599962,
          0.94492608,  0.98295809],
        [-0.30025341,  0.25230855,  0.        , ...,  0.60626569,
          0.99693124,  0.99753811],
        ...,
        [-0.81707244, -0.38599962, -0.60626569, ...,  0.        ,
          0.74536187,  0.83581955],
        [-0.97443681, -0.94492608, -0.99693124, ..., -0.74536187,
          0.        ,  0.14800069],
        [-0.93045549, -0.98295809, -0.99753811, ..., -0.83581955,
         -0.14800069,  0.        ]],

       [[ 0.        ,  0.06717147,  0.12757605, ...,  0.54635701,
          0.63944464,  0.73079509],
        [-0.06717147,  0.        ,  0.06066531, ...,  0.60138266,
          0.68964434,  0.77499558],
        [-0.12757605, -0.06066531,  0.        , ...,  0.64874424,
          0.73230481,  0.81190662],
        ...,
        [-0.54635701, -0.60138266, -0.64874424, ...,  0.        ,
         -0.11550883, -0.23913757],
        [-0.63944464, -0.68964434, -0.73230481, ...,  0.11550883,
          0.        , -0.12537947],
        [-0.73079509, -0.77499558, -0.81190662, ...,  0.23913757,
          0.12537947,  0.        ]],

       ...,

       [[ 0.        ,  0.94548668,  0.87369621, ...,  0.99837236,
          0.80313526,  0.87934909],
        [-0.94548668,  0.        ,  0.7444813 , ...,  0.37905357,
         -0.30176822, -0.16385014],
        [-0.87369621, -0.7444813 ,  0.        , ..., -0.43585161,
         -0.9112481 , -0.84381327],
        ...,
        [-0.99837236, -0.37905357,  0.43585161, ...,  0.        ,
         -0.64063128, -0.52555354],
        [-0.80313526,  0.30176822,  0.9112481 , ...,  0.64063128,
          0.        ,  0.14147823],
        [-0.87934909,  0.16385014,  0.84381327, ...,  0.52555354,
         -0.14147823,  0.        ]],

       [[ 0.        ,  0.        ,  0.05454465, ...,  0.3896917 ,
          0.28171286,  0.21910839],
        [ 0.        ,  0.        ,  0.05454465, ...,  0.3896917 ,
          0.28171286,  0.21910839],
        [-0.05454465, -0.05454465,  0.        , ...,  0.43934423,
          0.33362901,  0.27200145],
        ...,
        [-0.3896917 , -0.3896917 , -0.43934423, ...,  0.        ,
          0.11446655,  0.17843555],
        [-0.28171286, -0.28171286, -0.33362901, ..., -0.11446655,
          0.        ,  0.06463316],
        [-0.21910839, -0.21910839, -0.27200145, ..., -0.17843555,
         -0.06463316,  0.        ]],

       [[ 0.        ,  0.        ,  0.00375232, ...,  0.44244804,
          0.36430306,  0.10710146],
        [ 0.        ,  0.        ,  0.00375232, ...,  0.44244804,
          0.36430306,  0.10710146],
        [-0.00375232, -0.00375232,  0.        , ...,  0.44580999,
          0.36779496,  0.11083145],
        ...,
        [-0.44244804, -0.44244804, -0.44580999, ...,  0.        ,
          0.08533836,  0.34385516],
        [-0.36430306, -0.36430306, -0.36779496, ..., -0.08533836,
          0.        ,  0.26246613],
        [-0.10710146, -0.10710146, -0.11083145, ..., -0.34385516,
         -0.26246613,  0.        ]]]), 'num': array([ 7.06799115e-01,  7.06799115e-01,  0.00000000e+00,  1.03856196e-02,
        1.05892592e-02,  1.03856196e-02,  1.06825941e-05, -2.20609568e-04,
        1.07097460e-02,  1.05951987e-02,  9.46174637e-03,  3.48101882e-07,
        1.13438821e-02,  9.84651542e-03])}
{'img': array([[[ 0.        , -0.02761004, -0.18774946, ...,  0.92702236,
          0.97529959,  0.99921757],
        [ 0.02761004,  0.        , -0.16055883, ...,  0.91631502,
          0.9688291 ,  0.99774464],
        [ 0.18774946,  0.16055883,  0.        , ...,  0.8401299 ,
          0.91648453,  0.97402282],
        ...,
        [-0.92702236, -0.91631502, -0.8401299 , ...,  0.        ,
         -0.16097681, -0.33804829],
        [-0.97529959, -0.9688291 , -0.91648453, ...,  0.16097681,
          0.        , -0.18213962],
        [-0.99921757, -0.99774464, -0.97402282, ...,  0.33804829,
          0.18213962,  0.        ]],

       [[ 0.        , -0.25230855,  0.27911522, ...,  0.94492608,
          0.98295809,  0.36835385],
        [ 0.25230855,  0.        ,  0.51236617, ...,  0.99693124,
          0.99753811,  0.59100408],
        [-0.27911522, -0.51236617,  0.        , ...,  0.81602257,
          0.89258329,  0.09422516],
        ...,
        [-0.94492608, -0.99693124, -0.81602257, ...,  0.        ,
          0.14800069, -0.75792798],
        [-0.98295809, -0.99753811, -0.89258329, ..., -0.14800069,
          0.        , -0.84612763],
        [-0.36835385, -0.59100408, -0.09422516, ...,  0.75792798,
          0.84612763,  0.        ]],

       [[ 0.        ,  0.06066531,  0.07860719, ...,  0.68964434,
          0.77499558,  0.8633762 ],
        [-0.06066531,  0.        ,  0.01798481, ...,  0.73230481,
          0.81190662,  0.89239533],
        [-0.07860719, -0.01798481,  0.        , ...,  0.74443361,
          0.82227461,  0.90036672],
        ...,
        [-0.68964434, -0.73230481, -0.74443361, ...,  0.        ,
         -0.12537947, -0.2772449 ],
        [-0.77499558, -0.81190662, -0.82227461, ...,  0.12537947,
          0.        , -0.15459261],
        [-0.8633762 , -0.89239533, -0.90036672, ...,  0.2772449 ,
          0.15459261,  0.        ]],

       ...,

       [[ 0.        ,  0.64180196,  0.00165418, ..., -0.23521588,
         -0.12884235, -0.90848823],
        [-0.64180196,  0.        , -0.64053255, ..., -0.80417512,
         -0.73525799, -0.428477  ],
        [-0.00165418,  0.64053255,  0.        , ..., -0.23682332,
         -0.13048256, -0.90779569],
        ...,
        [ 0.23521588,  0.80417512,  0.23682332, ...,  0.        ,
          0.10802794, -0.98129808],
        [ 0.12884235,  0.73525799,  0.13048256, ..., -0.10802794,
          0.        , -0.95476062],
        [ 0.90848823,  0.428477  ,  0.90779569, ...,  0.98129808,
          0.95476062,  0.        ]],

       [[ 0.        ,  0.05454465,  0.02675588, ...,  0.28171286,
          0.21910839,  0.41282038],
        [-0.05454465,  0.        , -0.02780908, ...,  0.33362901,
          0.27200145,  0.46188578],
        [-0.02675588,  0.02780908,  0.        , ...,  0.30728424,
          0.24513567,  0.43704218],
        ...,
        [-0.28171286, -0.33362901, -0.30728424, ...,  0.        ,
          0.06463316, -0.13951306],
        [-0.21910839, -0.27200145, -0.24513567, ..., -0.06463316,
          0.        , -0.20322242],
        [-0.41282038, -0.46188578, -0.43704218, ...,  0.13951306,
          0.20322242,  0.        ]],

       [[ 0.        ,  0.00368573,  0.01388497, ...,  0.5358255 ,
          0.46373563,  0.10521164],
        [-0.00368573,  0.        ,  0.0101995 , ...,  0.53893383,
          0.46699794,  0.1088762 ],
        [-0.01388497, -0.0101995 ,  0.        , ...,  0.54749732,
          0.47599264,  0.1190094 ],
        ...,
        [-0.5358255 , -0.53893383, -0.54749732, ...,  0.        ,
          0.08318194,  0.44401838],
        [-0.46373563, -0.46699794, -0.47599264, ..., -0.08318194,
          0.        ,  0.36794709],
        [-0.10521164, -0.1088762 , -0.1190094 , ..., -0.44401838,
         -0.36794709,  0.        ]]]), 'num': array([ 7.06802715e-01,  7.06802715e-01,  0.00000000e+00,  1.02414271e-02,
        1.05214330e-02,  1.01820319e-02,  1.27020848e-05, -1.44245452e-04,
        1.05672521e-02,  1.06092530e-02,  9.49828018e-03,  3.19436295e-07,
        1.13194913e-02,  9.89901471e-03])}
{'img': array([[[ 0.        , -0.16055883, -0.55146672, ...,  0.9688291 ,
          0.99774464,  0.99922184],
        [ 0.16055883,  0.        , -0.41037447, ...,  0.91648453,
          0.97402282,  0.99259106],
        [ 0.55146672,  0.41037447,  0.        , ...,  0.67157935,
          0.79529881,  0.85529902],
        ...,
        [-0.9688291 , -0.91648453, -0.67157935, ...,  0.        ,
         -0.18213962, -0.28575039],
        [-0.99774464, -0.97402282, -0.79529881, ...,  0.18213962,
          0.        , -0.10642541],
        [-0.99922184, -0.99259106, -0.85529902, ...,  0.28575039,
          0.10642541,  0.        ]],

       [[ 0.        ,  0.51236617,  0.47273508, ...,  0.99753811,
          0.59100408,  0.72713537],
        [-0.51236617,  0.        , -0.0455301 , ...,  0.89258329,
          0.09422516,  0.27270357],
        [-0.47273508,  0.0455301 ,  0.        , ...,  0.91218638,
          0.13945498,  0.31622519],
        ...,
        [-0.99753811, -0.89258329, -0.91218638, ...,  0.        ,
         -0.84612763, -0.73579541],
        [-0.59100408, -0.09422516, -0.13945498, ...,  0.84612763,
          0.        ,  0.18083644],
        [-0.72713537, -0.27270357, -0.31622519, ...,  0.73579541,
         -0.18083644,  0.        ]],

       [[ 0.        ,  0.01798481, -0.06325785, ...,  0.81190662,
          0.89239533,  0.94688499],
        [-0.01798481,  0.        , -0.08119642, ...,  0.82227461,
          0.90036672,  0.95251526],
        [ 0.06325785,  0.08119642,  0.        , ...,  0.77335142,
          0.86206267,  0.92464661],
        ...,
        [-0.81190662, -0.82227461, -0.77335142, ...,  0.        ,
         -0.15459261, -0.29169269],
        [-0.89239533, -0.90036672, -0.86206267, ...,  0.15459261,
          0.        , -0.14031635],
        [-0.94688499, -0.95251526, -0.92464661, ...,  0.29169269,
          0.14031635,  0.        ]],

       ...,

       [[ 0.        , -0.61389557, -0.80347281, ..., -0.70613099,
         -0.84370757, -0.41142729],
        [ 0.61389557,  0.        , -0.26877372, ..., -0.12272288,
         -0.99555303, -0.88430602],
        [ 0.80347281,  0.26877372,  0.        , ...,  0.14853497,
         -0.93360076, -0.97725906],
        ...,
        [ 0.70613099,  0.12272288, -0.14853497, ...,  0.        ,
         -0.97646678, -0.9349218 ],
        [ 0.84370757,  0.99555303,  0.93360076, ...,  0.97646678,
          0.        , -0.54813557],
        [ 0.41142729,  0.88430602,  0.97725906, ...,  0.9349218 ,
          0.54813557,  0.        ]],

       [[ 0.        , -0.02780908, -0.0807531 , ...,  0.27200145,
          0.46188578,  0.51824299],
        [ 0.02780908,  0.        , -0.05300361, ...,  0.24513567,
          0.43704218,  0.4942593 ],
        [ 0.0807531 ,  0.05300361,  0.        , ...,  0.19340468,
          0.38875421,  0.44748772],
        ...,
        [-0.27200145, -0.24513567, -0.19340468, ...,  0.        ,
         -0.20322242, -0.26607885],
        [-0.46188578, -0.43704218, -0.38875421, ...,  0.20322242,
          0.        , -0.06462997],
        [-0.51824299, -0.4942593 , -0.44748772, ...,  0.26607885,
          0.06462997,  0.        ]],

       [[ 0.        ,  0.01008992, -0.03212835, ...,  0.55148709,
          0.39023712,  0.10771361],
        [-0.01008992,  0.        , -0.04221142, ...,  0.55987586,
          0.39950719,  0.11773934],
        [ 0.03212835,  0.04221142,  0.        , ...,  0.52440145,
          0.36045463,  0.07571658],
        ...,
        [-0.55148709, -0.55987586, -0.52440145, ...,  0.        ,
          0.18223276,  0.45842561],
        [-0.39023712, -0.39950719, -0.36045463, ..., -0.18223276,
          0.        ,  0.28879324],
        [-0.10771361, -0.11773934, -0.07571658, ..., -0.45842561,
         -0.28879324,  0.        ]]]), 'num': array([ 7.06808132e-01,  7.06808132e-01,  0.00000000e+00,  1.00124081e-02,
        1.03348416e-02,  9.96998265e-03,  1.21676214e-05, -2.29097474e-04,
        1.04027223e-02,  1.06144254e-02,  9.53144483e-03,  2.90398858e-07,
        1.13057698e-02,  9.92308094e-03])}
{'img': array([[[ 0.        , -0.41037447, -0.24383412, ...,  0.97402282,
          0.99259106,  0.99938854],
        [ 0.41037447,  0.        ,  0.17563162, ...,  0.79529881,
          0.85529902,  0.92570825],
        [ 0.24383412, -0.17563162,  0.        , ...,  0.88940764,
          0.93300506,  0.97774961],
        ...,
        [-0.97402282, -0.79529881, -0.88940764, ...,  0.        ,
         -0.10642541, -0.26036814],
        [-0.99259106, -0.85529902, -0.93300506, ...,  0.10642541,
          0.        , -0.15613469],
        [-0.99938854, -0.92570825, -0.97774961, ...,  0.26036814,
          0.15613469,  0.        ]],

       [[ 0.        , -0.0455301 , -0.19099568, ...,  0.09422516,
          0.27270357,  0.22740065],
        [ 0.0455301 ,  0.        , -0.14610568, ...,  0.13945498,
          0.31622519,  0.27150209],
        [ 0.19099568,  0.14610568,  0.        , ...,  0.28263648,
          0.45143992,  0.40920624],
        ...,
        [-0.09422516, -0.13945498, -0.28263648, ...,  0.        ,
          0.18083644,  0.13463234],
        [-0.27270357, -0.31622519, -0.45143992, ..., -0.18083644,
          0.        , -0.04677736],
        [-0.22740065, -0.27150209, -0.40920624, ..., -0.13463234,
          0.04677736,  0.        ]],

       [[ 0.        , -0.08119642, -0.17034986, ...,  0.90036672,
          0.95251526,  0.98570607],
        [ 0.08119642,  0.        , -0.08977777, ...,  0.86206267,
          0.92464661,  0.96877189],
        [ 0.17034986,  0.08977777,  0.        , ...,  0.81308199,
          0.88672299,  0.94259909],
        ...,
        [-0.90036672, -0.86206267, -0.81308199, ...,  0.        ,
         -0.14031635, -0.27722361],
        [-0.95251526, -0.92464661, -0.88672299, ...,  0.14031635,
          0.        , -0.13966426],
        [-0.98570607, -0.96877189, -0.94259909, ...,  0.27722361,
          0.13966426,  0.        ]],

       ...,

       [[ 0.        , -0.2538752 , -0.48158018, ..., -0.96412586,
         -0.9996063 , -0.86153202],
        [ 0.2538752 ,  0.        , -0.24330541, ..., -0.86514815,
         -0.95973299, -0.96219889],
        [ 0.48158018,  0.24330541,  0.        , ..., -0.71712857,
         -0.86254489, -0.99954823],
        ...,
        [ 0.96412586,  0.86514815,  0.71712857, ...,  0.        ,
         -0.23828971, -0.71817965],
        [ 0.9996063 ,  0.95973299,  0.86254489, ...,  0.23828971,
          0.        , -0.53167611],
        [ 0.86153202,  0.96219889,  0.99954823, ...,  0.71817965,
          0.53167611,  0.        ]],

       [[ 0.        , -0.05300361, -0.1130208 , ...,  0.43704218,
          0.4942593 ,  0.52057326],
        [ 0.05300361,  0.        , -0.06019793, ...,  0.38875421,
          0.44748772,  0.47458611],
        [ 0.1130208 ,  0.06019793,  0.        , ...,  0.33258634,
          0.39284177,  0.42073866],
        ...,
        [-0.43704218, -0.38875421, -0.33258634, ...,  0.        ,
         -0.06462997, -0.09507089],
        [-0.4942593 , -0.44748772, -0.39284177, ...,  0.06462997,
          0.        , -0.03053489],
        [-0.52057326, -0.47458611, -0.42073866, ...,  0.09507089,
          0.03053489,  0.        ]],

       [[ 0.        , -0.04200689, -0.08259067, ...,  0.45286227,
          0.3090871 ,  0.11717182],
        [ 0.04200689,  0.        , -0.0406544 , ...,  0.41501002,
          0.26886431,  0.07535086],
        [ 0.08259067,  0.0406544 ,  0.        , ...,  0.37767886,
          0.2294846 ,  0.03474974],
        ...,
        [-0.45286227, -0.41501002, -0.37767886, ...,  0.        ,
          0.15511127,  0.34527469],
        [-0.3090871 , -0.26886431, -0.2294846 , ..., -0.15511127,
          0.        ,  0.19552365],
        [-0.11717182, -0.07535086, -0.03474974, ..., -0.34527469,
         -0.19552365,  0.        ]]]), 'num': array([7.06807514e-01, 7.06807514e-01, 0.00000000e+00, 1.01651309e-02,
       1.02839220e-02, 1.00123994e-02, 8.59539029e-06, 1.52731516e-04,
       1.02822250e-02, 1.06267194e-02, 9.56919512e-03, 3.07749168e-07,
       1.12755793e-02, 9.97785956e-03])}
{'img': array([[[ 0.        ,  0.17563162,  0.24740594, ...,  0.85529902,
          0.92570825,  0.88186468],
        [-0.17563162,  0.        ,  0.07338868, ...,  0.93300506,
          0.97774961,  0.9509677 ],
        [-0.24740594, -0.07338868,  0.        , ...,  0.95689902,
          0.99050816,  0.97110173],
        ...,
        [-0.85529902, -0.93300506, -0.95689902, ...,  0.        ,
         -0.15613469, -0.053649  ],
        [-0.92570825, -0.97774961, -0.99050816, ...,  0.15613469,
          0.        ,  0.1029188 ],
        [-0.88186468, -0.9509677 , -0.97110173, ...,  0.053649  ,
         -0.1029188 ,  0.        ]],

       [[ 0.        , -0.14610568, -0.20357132, ...,  0.31622519,
          0.27150209, -0.06999275],
        [ 0.14610568,  0.        , -0.05834055, ...,  0.45143992,
          0.40920624,  0.0765057 ],
        [ 0.20357132,  0.05834055,  0.        , ...,  0.50272836,
          0.46174162,  0.13454495],
        ...,
        [-0.31622519, -0.45143992, -0.50272836, ...,  0.        ,
         -0.04677736, -0.38185066],
        [-0.27150209, -0.40920624, -0.46174162, ...,  0.04677736,
          0.        , -0.33819991],
        [ 0.06999275, -0.0765057 , -0.13454495, ...,  0.38185066,
          0.33819991,  0.        ]],

       [[ 0.        , -0.08977777, -0.20265672, ...,  0.92464661,
          0.96877189,  0.98764529],
        [ 0.08977777,  0.        , -0.11392349, ...,  0.88672299,
          0.94259909,  0.96958829],
        [ 0.20265672,  0.11392349,  0.        , ...,  0.82828304,
          0.89842024,  0.93539397],
        ...,
        [-0.92464661, -0.88672299, -0.82828304, ...,  0.        ,
         -0.13966426, -0.2312236 ],
        [-0.96877189, -0.94259909, -0.89842024, ...,  0.13966426,
          0.        , -0.09307791],
        [-0.98764529, -0.96958829, -0.93539397, ...,  0.2312236 ,
          0.09307791,  0.        ]],

       ...,

       [[ 0.        , -0.24330541, -0.43629154, ..., -0.95973299,
         -0.96219889, -0.98798813],
        [ 0.24330541,  0.        , -0.20425335, ..., -0.86254489,
         -0.99954823, -0.92070089],
        [ 0.43629154,  0.20425335,  0.        , ..., -0.74101255,
         -0.98461474, -0.82157699],
        ...,
        [ 0.95973299,  0.86254489,  0.74101255, ...,  0.        ,
         -0.53167611, -0.12923224],
        [ 0.96219889,  0.99954823,  0.98461474, ...,  0.53167611,
          0.        ,  0.4177647 ],
        [ 0.98798813,  0.92070089,  0.82157699, ...,  0.12923224,
         -0.4177647 ,  0.        ]],

       [[ 0.        , -0.06019793, -0.19340468, ...,  0.44748772,
          0.47458611,  0.52483844],
        [ 0.06019793,  0.        , -0.13399259, ...,  0.39284177,
          0.42073866,  0.47264603],
        [ 0.19340468,  0.13399259,  0.        , ...,  0.26607885,
          0.29538893,  0.35030258],
        ...,
        [-0.44748772, -0.39284177, -0.26607885, ...,  0.        ,
         -0.03053489, -0.08845543],
        [-0.47458611, -0.42073866, -0.29538893, ...,  0.03053489,
          0.        , -0.05799898],
        [-0.52483844, -0.47264603, -0.35030258, ...,  0.08845543,
          0.05799898,  0.        ]],

       [[ 0.        , -0.04021357, -0.07453515, ...,  0.41561775,
          0.36102129,  0.07453515],
        [ 0.04021357,  0.        , -0.03437315, ...,  0.37870573,
          0.32322779,  0.03437315],
        [ 0.07453515,  0.03437315,  0.        , ...,  0.346669  ,
          0.29050874,  0.        ],
        ...,
        [-0.41561775, -0.37870573, -0.346669  , ...,  0.        ,
          0.0592244 ,  0.346669  ],
        [-0.36102129, -0.32322779, -0.29050874, ..., -0.0592244 ,
          0.        ,  0.29050874],
        [-0.07453515, -0.03437315, -0.        , ..., -0.346669  ,
         -0.29050874,  0.        ]]]), 'num': array([ 7.06809141e-01,  7.06809141e-01,  0.00000000e+00,  1.00378777e-02,
        1.02754606e-02,  1.00378777e-02,  9.40998005e-06, -1.27276556e-04,
        1.01685483e-02,  1.06131678e-02,  9.60725871e-03,  2.22336943e-07,
        1.12983650e-02,  9.92797054e-03])}
{'img': array([[[ 0.        ,  0.17631272,  0.26790089, ...,  0.92768326,
          0.88406555,  0.92122342],
        [-0.17631272,  0.        ,  0.09383614, ...,  0.97897991,
          0.95261799,  0.97538336],
        [-0.26790089, -0.09383614,  0.        , ...,  0.99379883,
          0.97695678,  0.991772  ],
        ...,
        [-0.92768326, -0.97897991, -0.99379883, ...,  0.        ,
          0.10348284,  0.01694479],
        [-0.88406555, -0.95261799, -0.97695678, ..., -0.10348284,
          0.        , -0.08661417],
        [-0.92122342, -0.97538336, -0.991772  , ..., -0.01694479,
          0.08661417,  0.        ]],

       [[ 0.        , -0.05834055, -0.2116102 , ...,  0.40920624,
          0.0765057 ,  0.16155568],
        [ 0.05834055,  0.        , -0.15423039, ...,  0.46174162,
          0.13454495,  0.21885467],
        [ 0.2116102 ,  0.15423039,  0.        , ...,  0.59302143,
          0.28576316,  0.36672752],
        ...,
        [-0.40920624, -0.46174162, -0.59302143, ...,  0.        ,
         -0.33819991, -0.25642057],
        [-0.0765057 , -0.13454495, -0.28576316, ...,  0.33819991,
          0.        ,  0.08558149],
        [-0.16155568, -0.21885467, -0.36672752, ...,  0.25642057,
         -0.08558149,  0.        ]],

       [[ 0.        , -0.11392349, -0.32499479, ...,  0.94259909,
          0.96958829,  0.98654207],
        [ 0.11392349,  0.        , -0.21513967, ...,  0.89842024,
          0.93539397,  0.96149185],
        [ 0.32499479,  0.21513967,  0.        , ...,  0.78290646,
          0.83741517,  0.87984929],
        ...,
        [-0.94259909, -0.89842024, -0.78290646, ...,  0.        ,
         -0.09307791, -0.17531046],
        [-0.96958829, -0.93539397, -0.83741517, ...,  0.09307791,
          0.        , -0.08291298],
        [-0.98654207, -0.96149185, -0.87984929, ...,  0.17531046,
          0.08291298,  0.        ]],

       ...,

       [[ 0.        , -0.17371017, -0.14262023, ..., -0.81230767,
         -0.74803096, -0.98410895],
        [ 0.17371017,  0.        ,  0.03148246, ..., -0.69864518,
         -0.62137336, -0.99999233],
        [ 0.14262023, -0.03148246,  0.        , ..., -0.72082357,
         -0.64573231, -0.99937334],
        ...,
        [ 0.81230767,  0.69864518,  0.72082357, ...,  0.        ,
          0.10282576, -0.71819899],
        [ 0.74803096,  0.62137336,  0.64573231, ..., -0.10282576,
          0.        , -0.78594214],
        [ 0.98410895,  0.99999233,  0.99937334, ...,  0.71819899,
          0.78594214,  0.        ]],

       [[ 0.        , -0.13399259, -0.07051367, ...,  0.42073866,
          0.47264603,  0.43450166],
        [ 0.13399259,  0.        ,  0.06378125, ...,  0.29538893,
          0.35030258,  0.30990022],
        [ 0.07051367, -0.06378125,  0.        , ...,  0.35572264,
          0.40932919,  0.36991048],
        ...,
        [-0.42073866, -0.29538893, -0.35572264, ...,  0.        ,
         -0.05799898, -0.01522491],
        [-0.47264603, -0.35030258, -0.40932919, ...,  0.05799898,
