state_0,state_1,state_2,state_3,state_4,state_5,state_6,state_7,state_8,state_9,state_10,state_11,state_12,state_13,state_14,state_15,state_16,state_17,state_18,state_19,state_20,state_21,state_22,state_23,state_24,state_25,state_26,state_27,state_28,state_29,state_30,state_31,state_32,state_33,state_34,state_35,state_36,state_37,state_38,state_39,state_40,state_41,state_42,state_43,state_44,state_45,state_46,state_47,state_48,state_49,state_50,state_51,state_52,state_53,state_54,state_55,state_56,state_57,state_58,state_59,state_60,state_61,state_62,state_63,state_64,state_65,state_66,state_67,state_68,state_69,state_70,state_71,state_72,state_73,state_74,state_75,state_76,state_77,state_78,state_79,state_80,state_81,state_82,state_83,state_84,state_85,state_86,state_87,state_88,state_89,state_90,state_91,state_92,state_93,state_94,state_95,state_96,state_97,state_98,state_99,state_100,state_101,state_102,state_103,state_104,state_105,state_106,state_107,state_108,state_109,state_110,state_111,state_112,state_113,state_114,state_115,state_116,state_117,state_118,state_119,state_120,state_121,state_122,state_123,state_124,state_125,state_126,state_127,state_128,state_129,state_130,state_131,state_132,state_133,state_134,state_135,state_136,state_137,state_138,state_139,state_140,state_141,state_142,state_143,state_144,state_145,state_146,state_147,state_148,state_149,state_150,state_151,state_152,state_153,state_154,state_155,state_156,state_157,state_158,state_159,state_160,state_161,state_162,state_163,state_164,state_165,state_166,state_167,state_168,state_169,state_170,state_171,state_172,state_173,state_174,state_175,state_176,state_177,state_178,state_179,state_180,state_181,state_182,state_183,state_184,state_185,state_186,state_187,state_188,state_189,state_190,state_191,state_192,state_193,state_194,state_195,state_196,state_197,state_198,state_199,state_200,state_201,state_202,state_203,state_204,state_205,state_206,state_207,state_208,state_209,state_210,state_211,state_212,state_213,state_214,state_215,state_216,state_217,state_218,state_219,state_220,state_221,state_222,state_223,state_224,state_225,state_226,state_227,state_228,state_229,state_230,state_231,state_232,state_233,state_234,state_235,state_236,state_237,state_238,state_239,state_240,state_241,state_242,state_243,state_244,state_245,state_246,state_247,state_248,state_249,state_250,state_251,state_252,state_253,state_254,state_255,state_256,state_257,state_258,state_259,state_260,state_261,state_262,state_263,state_264,state_265,state_266,state_267,state_268,state_269,state_270,state_271,state_272,state_273,state_274,state_275,state_276,state_277,state_278,state_279,state_280,state_281,state_282,state_283,state_284,state_285,state_286,state_287
{'img': array([[[ 0.        ,  0.49257452,  0.64738616, ...,  0.29088917,
          0.32432432,  0.        ],
        [-0.49257452,  0.        ,  0.18797927, ...,  0.72442619,
          0.74819869,  0.49257452],
        [-0.64738616, -0.18797927,  0.        , ...,  0.8410958 ,
          0.85958004,  0.64738616],
        ...,
        [-0.29088917, -0.72442619, -0.8410958 , ...,  0.        ,
         -0.03513406,  0.29088917],
        [-0.32432432, -0.74819869, -0.85958004, ...,  0.03513406,
          0.        ,  0.32432432],
        [-0.        , -0.49257452, -0.64738616, ..., -0.29088917,
         -0.32432432,  0.        ]],

       [[ 0.        ,  0.47416927,  0.37406979, ...,  0.74390814,
          0.42140659,  0.55835896],
        [-0.47416927,  0.        , -0.11040119, ...,  0.33808307,
         -0.05899018,  0.09822748],
        [-0.37406979,  0.11040119,  0.        , ...,  0.43991676,
          0.05157935,  0.20749431],
        ...,
        [-0.74390814, -0.33808307, -0.43991676, ...,  0.        ,
         -0.39301094, -0.24400462],
        [-0.42140659,  0.05899018, -0.05157935, ...,  0.39301094,
          0.        ,  0.15676132],
        [-0.55835896, -0.09822748, -0.20749431, ...,  0.24400462,
         -0.15676132,  0.        ]],

       [[ 0.        ,  0.20167715,  0.37520801, ...,  0.61316567,
          0.43209836,  0.        ],
        [-0.20167715,  0.        ,  0.18055551, ...,  0.75988212,
          0.60509742,  0.20167715],
        [-0.37520801, -0.18055551,  0.        , ...,  0.86476538,
          0.73890205,  0.37520801],
        ...,
        [-0.61316567, -0.75988212, -0.86476538, ...,  0.        ,
          0.21163107,  0.61316567],
        [-0.43209836, -0.60509742, -0.73890205, ..., -0.21163107,
          0.        ,  0.43209836],
        [-0.        , -0.20167715, -0.37520801, ..., -0.61316567,
         -0.43209836,  0.        ]],

       ...,

       [[ 0.        ,  0.33365952,  0.46735973, ..., -0.14706059,
         -0.31779242, -0.02645591],
        [-0.33365952,  0.        ,  0.1455996 , ..., -0.46866488,
         -0.61594362, -0.35848255],
        [-0.46735973, -0.1455996 ,  0.        , ..., -0.5922898 ,
         -0.72408182, -0.49058495],
        ...,
        [ 0.14706059,  0.46866488,  0.5922898 , ...,  0.        ,
         -0.17490021,  0.12084084],
        [ 0.31779242,  0.61594362,  0.72408182, ...,  0.17490021,
          0.        ,  0.29259675],
        [ 0.02645591,  0.35848255,  0.49058495, ..., -0.12084084,
         -0.29259675,  0.        ]],

       [[ 0.        ,  0.3055632 ,  0.45329079, ...,  0.46141935,
          0.32298774,  0.        ],
        [-0.3055632 ,  0.        ,  0.15924306, ...,  0.71044072,
          0.5967258 ,  0.3055632 ],
        [-0.45329079, -0.15924306,  0.        , ...,  0.8134435 ,
          0.71689505,  0.45329079],
        ...,
        [-0.46141935, -0.71044072, -0.8134435 , ...,  0.        ,
          0.15013977,  0.46141935],
        [-0.32298774, -0.5967258 , -0.71689505, ..., -0.15013977,
          0.        ,  0.32298774],
        [-0.        , -0.3055632 , -0.45329079, ..., -0.46141935,
         -0.32298774,  0.        ]],

       [[ 0.        , -0.0294806 , -0.00641011, ...,  0.41728383,
          0.43911187,  0.25231331],
        [ 0.0294806 ,  0.        ,  0.02307267, ...,  0.39031119,
          0.41243469,  0.22367687],
        [ 0.00641011, -0.02307267,  0.        , ...,  0.41144989,
          0.4333438 ,  0.24610541],
        ...,
        [-0.41728383, -0.39031119, -0.41144989, ...,  0.        ,
         -0.02415312,  0.17448652],
        [-0.43911187, -0.41243469, -0.4333438 , ...,  0.02415312,
          0.        ,  0.19821822],
        [-0.25231331, -0.22367687, -0.24610541, ..., -0.17448652,
         -0.19821822,  0.        ]]]), 'num': array([6.78679245e-01, 6.78679245e-01, 0.00000000e+00, 2.32690027e-04,
       2.37860916e-04, 2.29458221e-04, 2.80693010e-01, 3.23180593e-06,
       2.28488679e-04, 2.19488100e-04, 1.98497520e-04, 2.07758952e-06,
       2.32171075e-04, 2.06805124e-04])}
{'img': array([[[ 0.        ,  0.30193236,  0.59330376, ...,  0.70739965,
          0.62693406,  0.20682299],
        [-0.30193236,  0.        ,  0.32256478, ...,  0.88779481,
          0.83290179,  0.49257452],
        [-0.59330376, -0.32256478,  0.        , ...,  0.9887969 ,
          0.96689508,  0.74696366],
        ...,
        [-0.70739965, -0.88779481, -0.9887969 , ...,  0.        ,
          0.10798985,  0.54591919],
        [-0.62693406, -0.83290179, -0.96689508, ..., -0.10798985,
          0.        ,  0.45224866],
        [-0.20682299, -0.49257452, -0.74696366, ..., -0.54591919,
         -0.45224866,  0.        ]],

       [[ 0.        , -0.11040119,  0.5524475 , ..., -0.05899018,
          0.09822748,  0.27479368],
        [ 0.11040119,  0.        ,  0.64109511, ...,  0.05157935,
          0.20749431,  0.37926499],
        [-0.5524475 , -0.64109511,  0.        , ..., -0.60065658,
         -0.46789857, -0.30212642],
        ...,
        [ 0.05899018, -0.05157935,  0.60065658, ...,  0.        ,
          0.15676132,  0.33103439],
        [-0.09822748, -0.20749431,  0.46789857, ..., -0.15676132,
          0.        ,  0.17901874],
        [-0.27479368, -0.37926499,  0.30212642, ..., -0.33103439,
         -0.17901874,  0.        ]],

       [[ 0.        ,  0.31459084,  0.51612688, ...,  0.57381557,
          0.40592299,  0.        ],
        [-0.31459084,  0.        ,  0.22047089, ...,  0.80232648,
          0.67282007,  0.31459084],
        [-0.51612688, -0.22047089,  0.        , ...,  0.91417994,
          0.81937008,  0.51612688],
        ...,
        [-0.57381557, -0.80232648, -0.91417994, ...,  0.        ,
          0.19196957,  0.57381557],
        [-0.40592299, -0.67282007, -0.81937008, ..., -0.19196957,
          0.        ,  0.40592299],
        [-0.        , -0.31459084, -0.51612688, ..., -0.57381557,
         -0.40592299,  0.        ]],

       ...,

       [[ 0.        ,  0.1455996 ,  0.59886733, ..., -0.61594362,
         -0.35848255, -0.35848255],
        [-0.1455996 ,  0.        ,  0.47588238, ..., -0.72408182,
         -0.49058495, -0.49058495],
        [-0.59886733, -0.47588238,  0.        , ..., -0.96505921,
         -0.84615459, -0.84615459],
        ...,
        [ 0.61594362,  0.72408182,  0.96505921, ...,  0.        ,
          0.29259675,  0.29259675],
        [ 0.35848255,  0.49058495,  0.84615459, ..., -0.29259675,
          0.        ,  0.        ],
        [ 0.35848255,  0.49058495,  0.84615459, ..., -0.29259675,
          0.        ,  0.        ]],

       [[ 0.        ,  0.34114117,  0.55210548, ...,  0.48783393,
          0.37799035,  0.        ],
        [-0.34114117,  0.        ,  0.23455109, ...,  0.75636435,
          0.67114724,  0.34114117],
        [-0.55210548, -0.23455109,  0.        , ...,  0.88869638,
          0.82630315,  0.55210548],
        ...,
        [-0.48783393, -0.75636435, -0.88869638, ...,  0.        ,
          0.12167974,  0.48783393],
        [-0.37799035, -0.67114724, -0.82630315, ..., -0.12167974,
          0.        ,  0.37799035],
        [-0.        , -0.34114117, -0.55210548, ..., -0.48783393,
         -0.37799035,  0.        ]],

       [[ 0.        ,  0.02306288, -0.10243325, ...,  0.41979275,
          0.27955322,  0.22358454],
        [-0.02306288,  0.        , -0.12534758, ...,  0.44061342,
          0.30162223,  0.24600411],
        [ 0.10243325,  0.12534758,  0.        , ...,  0.32461412,
          0.17973347,  0.12256835],
        ...,
        [-0.41979275, -0.44061342, -0.32461412, ...,  0.        ,
          0.1493276 ,  0.2062357 ],
        [-0.27955322, -0.30162223, -0.17973347, ..., -0.1493276 ,
          0.        ,  0.05780593],
        [-0.22358454, -0.24600411, -0.12256835, ..., -0.2062357 ,
         -0.05780593,  0.        ]]]), 'num': array([6.25883766e-01, 6.25883766e-01, 0.00000000e+00, 2.24722076e-04,
       2.24722076e-04, 2.13992640e-04, 4.65337159e-01, 1.01333562e-05,
       2.14290680e-04, 2.03963598e-04, 1.84134010e-04, 2.25658773e-06,
       2.18511211e-04, 1.89415984e-04])}
{'img': array([[[ 0.        ,  0.29447765,  0.29447765, ...,  0.98580876,
          0.95874388,  0.45515747],
        [-0.29447765,  0.        ,  0.        , ...,  0.99153101,
          0.99994315,  0.69718118],
        [-0.29447765,  0.        ,  0.        , ...,  0.99153101,
          0.99994315,  0.69718118],
        ...,
        [-0.98580876, -0.99153101, -0.99153101, ...,  0.        ,
          0.11929064,  0.80136661],
        [-0.95874388, -0.99994315, -0.99994315, ..., -0.11929064,
          0.        ,  0.72428786],
        [-0.45515747, -0.69718118, -0.69718118, ..., -0.80136661,
         -0.72428786,  0.        ]],

       [[ 0.        ,  0.64109511,  0.0569332 , ...,  0.20749431,
          0.37926499,  0.9633875 ],
        [-0.64109511,  0.        , -0.59636121, ..., -0.46789857,
         -0.30212642,  0.56747691],
        [-0.0569332 ,  0.59636121,  0.        , ...,  0.15146364,
          0.32597021,  0.94656036],
        ...,
        [-0.20749431,  0.46789857, -0.15146364, ...,  0.        ,
          0.17901874,  0.88678866],
        [-0.37926499,  0.30212642, -0.32597021, ..., -0.17901874,
          0.        ,  0.78972516],
        [-0.9633875 , -0.56747691, -0.94656036, ..., -0.88678866,
         -0.78972516,  0.        ]],

       [[ 0.        ,  0.41257731,  0.58471232, ...,  0.61306585,
          0.48817359,  0.        ],
        [-0.41257731,  0.        ,  0.19792814, ...,  0.88440473,
          0.80476378,  0.41257731],
        [-0.58471232, -0.19792814,  0.        , ...,  0.95928531,
          0.90633195,  0.58471232],
        ...,
        [-0.61306585, -0.88440473, -0.95928531, ...,  0.        ,
          0.14937844,  0.61306585],
        [-0.48817359, -0.80476378, -0.90633195, ..., -0.14937844,
          0.        ,  0.48817359],
        [-0.        , -0.41257731, -0.58471232, ..., -0.61306585,
         -0.48817359,  0.        ]],

       ...,

       [[ 0.        ,  0.47588238,  0.25541233, ..., -0.49058495,
         -0.49058495, -0.00680867],
        [-0.47588238,  0.        , -0.23546099, ..., -0.84615459,
         -0.84615459, -0.48185963],
        [-0.25541233,  0.23546099,  0.        , ..., -0.69687795,
         -0.69687795, -0.26198925],
        ...,
        [ 0.49058495,  0.84615459,  0.69687795, ...,  0.        ,
          0.        ,  0.48464055],
        [ 0.49058495,  0.84615459,  0.69687795, ...,  0.        ,
          0.        ,  0.48464055],
        [ 0.00680867,  0.48185963,  0.26198925, ..., -0.48464055,
         -0.48464055,  0.        ]],

       [[ 0.        ,  0.43763182,  0.57413009, ...,  0.63668684,
          0.54018324,  0.        ],
        [-0.43763182,  0.        ,  0.1579143 , ...,  0.90994742,
          0.853996  ,  0.43763182],
        [-0.57413009, -0.1579143 ,  0.        , ...,  0.96402094,
          0.92544034,  0.57413009],
        ...,
        [-0.63668684, -0.90994742, -0.96402094, ...,  0.        ,
          0.11925474,  0.63668684],
        [-0.54018324, -0.853996  , -0.92544034, ..., -0.11925474,
          0.        ,  0.54018324],
        [-0.        , -0.43763182, -0.57413009, ..., -0.63668684,
         -0.54018324,  0.        ]],

       [[ 0.        , -0.12534758, -0.13478753, ...,  0.30162223,
          0.24600411,  0.54524467],
        [ 0.12534758,  0.        , -0.00952072, ...,  0.17973347,
          0.12256835,  0.43586828],
        [ 0.13478753,  0.00952072,  0.        , ...,  0.17035965,
          0.11311386,  0.42727978],
        ...,
        [-0.30162223, -0.17973347, -0.17035965, ...,  0.        ,
          0.05780593, -0.26700831],
        [-0.24600411, -0.12256835, -0.11311386, ..., -0.05780593,
          0.        , -0.32226907],
        [-0.54524467, -0.43586828, -0.42727978, ...,  0.26700831,
          0.32226907,  0.        ]]]), 'num': array([3.62796181e-01, 3.62796181e-01, 0.00000000e+00, 1.41144990e-04,
       1.46846073e-04, 1.30261105e-04, 8.58345928e-01, 1.08838854e-05,
       1.28049776e-04, 1.19610446e-04, 1.07511481e-04, 1.49725408e-06,
       1.32418145e-04, 1.06802746e-04])}
{'img': array([[[ 0.        ,  0.        ,  0.02236136, ...,  0.93640779,
          0.99597846,  0.62560267],
        [ 0.        ,  0.        ,  0.02236136, ...,  0.93640779,
          0.99597846,  0.62560267],
        [-0.02236136, -0.02236136,  0.        , ...,  0.92832674,
          0.99372599,  0.64289127],
        ...,
        [-0.93640779, -0.93640779, -0.92832674, ...,  0.        ,
          0.26560687,  0.95006347],
        [-0.99597846, -0.99597846, -0.99372599, ..., -0.26560687,
          0.        ,  0.83305413],
        [-0.62560267, -0.62560267, -0.64289127, ..., -0.95006347,
         -0.83305413,  0.        ]],

       [[ 0.        , -0.30498358, -0.41817233, ..., -0.14056609,
          0.21667172,  0.78928508],
        [ 0.30498358,  0.        , -0.12121236, ...,  0.16808631,
          0.50408752,  0.56441352],
        [ 0.41817233,  0.12121236,  0.        , ...,  0.28633473,
          0.60505605,  0.46019202],
        ...,
        [ 0.14056609, -0.16808631, -0.28633473, ...,  0.        ,
          0.35174733,  0.69513714],
        [-0.21667172, -0.50408752, -0.60505605, ..., -0.35174733,
          0.        ,  0.90357751],
        [-0.78928508, -0.56441352, -0.46019202, ..., -0.69513714,
         -0.90357751,  0.        ]],

       [[ 0.        ,  0.42088366,  0.56929346, ...,  0.74945496,
          0.62499043,  0.        ],
        [-0.42088366,  0.        ,  0.17039149, ...,  0.95848983,
          0.89549339,  0.42088366],
        [-0.56929346, -0.17039149,  0.        , ...,  0.99305647,
          0.95823506,  0.56929346],
        ...,
        [-0.74945496, -0.95848983, -0.99305647, ...,  0.        ,
          0.17127058,  0.74945496],
        [-0.62499043, -0.89549339, -0.95823506, ..., -0.17127058,
          0.        ,  0.62499043],
        [-0.        , -0.42088366, -0.56929346, ..., -0.74945496,
         -0.62499043,  0.        ]],

       ...,

       [[ 0.        , -0.17915837, -0.10917326, ..., -0.77222267,
         -0.39909714,  0.50949451],
        [ 0.17915837,  0.        ,  0.07068063, ..., -0.64589967,
         -0.22836799,  0.65541212],
        [ 0.10917326, -0.07068063,  0.        , ..., -0.69824344,
         -0.29660973,  0.60038987],
        ...,
        [ 0.77222267,  0.64589967,  0.69824344, ...,  0.        ,
          0.45449048,  0.98818581],
        [ 0.39909714,  0.22836799,  0.29660973, ..., -0.45449048,
          0.        ,  0.8105726 ],
        [-0.50949451, -0.65541212, -0.60038987, ..., -0.98818581,
         -0.8105726 ,  0.        ]],

       [[ 0.        ,  0.37069278,  0.50861055, ...,  0.83994733,
          0.73033057,  0.        ],
        [-0.37069278,  0.        ,  0.15320962, ...,  0.98126882,
          0.93151654,  0.37069278],
        [-0.50861055, -0.15320962,  0.        , ...,  0.99919851,
          0.97624096,  0.50861055],
        ...,
        [-0.83994733, -0.98126882, -0.99919851, ...,  0.        ,
          0.17743591,  0.83994733],
        [-0.73033057, -0.93151654, -0.97624096, ..., -0.17743591,
          0.        ,  0.73033057],
        [-0.        , -0.37069278, -0.50861055, ..., -0.83994733,
         -0.73033057,  0.        ]],

       [[ 0.        , -0.00952072, -0.12256835, ...,  0.12256835,
          0.43586828,  0.7630643 ],
        [ 0.00952072,  0.        , -0.11311386, ...,  0.11311386,
          0.42727978,  0.75687625],
        [ 0.12256835,  0.11311386,  0.        , ...,  0.        ,
          0.32226907,  0.67809216],
        ...,
        [-0.12256835, -0.11311386, -0.        , ...,  0.        ,
         -0.32226907, -0.67809216],
        [-0.43586828, -0.42727978, -0.32226907, ...,  0.32226907,
          0.        , -0.40505434],
        [-0.7630643 , -0.75687625, -0.67809216, ...,  0.67809216,
          0.40505434,  0.        ]]]), 'num': array([6.20405327e-01, 6.20405327e-01, 0.00000000e+00, 2.45503251e-04,
       2.46980407e-04, 2.37822042e-04, 4.79785438e-01, 4.13603552e-06,
       2.26418401e-04, 2.06816547e-04, 1.85156523e-04, 2.74436004e-06,
       2.34931579e-04, 1.78701516e-04])}
{'img': array([[[ 0.        ,  0.02176047,  0.10341006, ...,  0.98742431,
          0.89010151,  0.61240971],
        [-0.02176047,  0.        ,  0.08174177, ...,  0.98375034,
          0.89980835,  0.62946723],
        [-0.10341006, -0.08174177,  0.        , ...,  0.96578219,
          0.93245992,  0.69087631],
        ...,
        [-0.98742431, -0.98375034, -0.96578219, ...,  0.        ,
          0.59074915,  0.87741631],
        [-0.89010151, -0.89980835, -0.93245992, ..., -0.59074915,
          0.        ,  0.42454806],
        [-0.61240971, -0.62946723, -0.69087631, ..., -0.87741631,
         -0.42454806,  0.        ]],

       [[ 0.        , -0.12121236,  0.09857363, ...,  0.50408752,
          0.56441352,  0.52882874],
        [ 0.12121236,  0.        ,  0.21846884, ...,  0.60505605,
          0.46019202,  0.62780587],
        [-0.09857363, -0.21846884,  0.        , ...,  0.41649912,
          0.64303646,  0.44259096],
        ...,
        [-0.50408752, -0.60505605, -0.41649912, ...,  0.        ,
          0.90357751,  0.02889083],
        [-0.56441352, -0.46019202, -0.64303646, ..., -0.90357751,
          0.        , -0.91557788],
        [-0.52882874, -0.62780587, -0.44259096, ..., -0.02889083,
          0.91557788,  0.        ]],

       [[ 0.        ,  0.24379071,  0.3795896 , ...,  0.91862935,
          0.77708967,  0.19881865],
        [-0.24379071,  0.        ,  0.14259238, ...,  0.98723902,
          0.90708263,  0.43174361],
        [-0.3795896 , -0.14259238,  0.        , ...,  0.99985811,
          0.95783824,  0.55594965],
        ...,
        [-0.91862935, -0.98723902, -0.99985811, ...,  0.        ,
          0.27113207,  0.82173281],
        [-0.77708967, -0.90708263, -0.95783824, ..., -0.27113207,
          0.        ,  0.63644163],
        [-0.19881865, -0.43174361, -0.55594965, ..., -0.82173281,
         -0.63644163,  0.        ]],

       ...,

       [[ 0.        ,  0.04923754,  0.07213342, ..., -0.17414021,
          0.29810104,  0.82143107],
        [-0.04923754,  0.        ,  0.02293665, ..., -0.22241423,
          0.25074055,  0.7923542 ],
        [-0.07213342, -0.02293665,  0.        , ..., -0.24471786,
          0.22847066,  0.77815298],
        ...,
        [ 0.17414021,  0.22241423,  0.24471786, ...,  0.        ,
          0.45976912,  0.90819384],
        [-0.29810104, -0.25074055, -0.22847066, ..., -0.45976912,
          0.        ,  0.6140748 ],
        [-0.82143107, -0.7923542 , -0.77815298, ..., -0.90819384,
         -0.6140748 ,  0.        ]],

       [[ 0.        ,  0.34539836,  0.48853647, ...,  0.88583182,
          0.65933975,  0.        ],
        [-0.34539836,  0.        ,  0.15709498, ...,  0.9915814 ,
          0.87844753,  0.34539836],
        [-0.48853647, -0.15709498,  0.        , ...,  0.99961085,
          0.94260636,  0.48853647],
        ...,
        [-0.88583182, -0.9915814 , -0.99961085, ...,  0.        ,
          0.36007043,  0.88583182],
        [-0.65933975, -0.87844753, -0.94260636, ..., -0.36007043,
          0.        ,  0.65933975],
        [-0.        , -0.34539836, -0.48853647, ..., -0.88583182,
         -0.65933975,  0.        ]],

       [[ 0.        , -0.11311386, -0.07225975, ...,  0.42727978,
          0.75687625,  0.87962725],
        [ 0.11311386,  0.        ,  0.04102217, ...,  0.32226907,
          0.67809216,  0.82017768],
        [ 0.07225975, -0.04102217,  0.        , ...,  0.36083136,
          0.70767171,  0.84295644],
        ...,
        [-0.42727978, -0.32226907, -0.36083136, ...,  0.        ,
         -0.40505434, -0.59204666],
        [-0.75687625, -0.67809216, -0.70767171, ...,  0.40505434,
          0.        , -0.2148691 ],
        [-0.87962725, -0.82017768, -0.84295644, ...,  0.59204666,
          0.2148691 ,  0.        ]]]), 'num': array([6.36541536e-01, 6.36541536e-01, 0.00000000e+00, 2.51888579e-04,
       2.54313500e-04, 2.44613819e-04, 4.35464491e-01, 0.00000000e+00,
       2.39642733e-04, 2.14347784e-04, 1.91311043e-04, 2.81573849e-06,
       2.47910310e-04, 1.80785259e-04])}
{'img': array([[[ 0.        ,  0.08174177,  0.07194017, ...,  0.89980835,
          0.62946723,  0.62946723],
        [-0.08174177,  0.        , -0.00983055, ...,  0.93245992,
          0.69087631,  0.69087631],
        [-0.07194017,  0.00983055,  0.        , ...,  0.92886335,
          0.68373571,  0.68373571],
        ...,
        [-0.89980835, -0.93245992, -0.92886335, ...,  0.        ,
          0.42454806,  0.42454806],
        [-0.62946723, -0.69087631, -0.68373571, ..., -0.42454806,
          0.        ,  0.        ],
        [-0.62946723, -0.69087631, -0.68373571, ..., -0.42454806,
          0.        ,  0.        ]],

       [[ 0.        ,  0.21846884,  0.04490788, ...,  0.46019202,
          0.62780587,  0.55729899],
        [-0.21846884,  0.        , -0.17442535, ...,  0.64303646,
          0.44259096,  0.36243956],
        [-0.04490788,  0.17442535,  0.        , ...,  0.49959783,
          0.59221755,  0.5194492 ],
        ...,
        [-0.46019202, -0.64303646, -0.49959783, ...,  0.        ,
         -0.91557788, -0.87688377],
        [-0.62780587, -0.44259096, -0.59221755, ...,  0.91557788,
          0.        , -0.08748988],
        [-0.55729899, -0.36243956, -0.5194492 , ...,  0.87688377,
          0.08748988,  0.        ]],

       [[ 0.        ,  0.13493222,  0.21484977, ...,  0.97693528,
          0.87399364,  0.41087307],
        [-0.13493222,  0.        ,  0.08110377, ...,  0.99681388,
          0.93156943,  0.53013226],
        [-0.21484977, -0.08110377,  0.        , ...,  0.99999909,
          0.95798689,  0.59715493],
        ...,
        [-0.97693528, -0.99681388, -0.99999909, ...,  0.        ,
          0.28810058,  0.80292859],
        [-0.87399364, -0.93156943, -0.95798689, ..., -0.28810058,
          0.        ,  0.59715493],
        [-0.41087307, -0.53013226, -0.59715493, ..., -0.80292859,
         -0.59715493,  0.        ]],

       ...,

       [[ 0.        ,  0.02293665, -0.07395671, ...,  0.25074055,
          0.7923542 ,  0.7923542 ],
        [-0.02293665,  0.        , -0.0968111 , ...,  0.22847066,
          0.77815298,  0.77815298],
        [ 0.07395671,  0.0968111 ,  0.        , ...,  0.321648  ,
          0.83530243,  0.83530243],
        ...,
        [-0.25074055, -0.22847066, -0.321648  , ...,  0.        ,
          0.6140748 ,  0.6140748 ],
        [-0.7923542 , -0.77815298, -0.83530243, ..., -0.6140748 ,
          0.        ,  0.        ],
        [-0.7923542 , -0.77815298, -0.83530243, ..., -0.6140748 ,
          0.        ,  0.        ]],

       [[ 0.        ,  0.3460091 ,  0.45106095, ...,  0.81172903,
          0.57722106,  0.        ],
        [-0.3460091 ,  0.        ,  0.11438868, ...,  0.96367062,
          0.82411364,  0.3460091 ],
        [-0.45106095, -0.11438868,  0.        , ...,  0.98789763,
          0.88349677,  0.45106095],
        ...,
        [-0.81172903, -0.96367062, -0.98789763, ...,  0.        ,
          0.32573127,  0.81172903],
        [-0.57722106, -0.82411364, -0.88349677, ..., -0.32573127,
          0.        ,  0.57722106],
        [-0.        , -0.3460091 , -0.45106095, ..., -0.81172903,
         -0.57722106,  0.        ]],

       [[ 0.        ,  0.04102217,  0.24614903, ...,  0.67809216,
          0.82017768,  0.88332817],
        [-0.04102217,  0.        ,  0.20618183, ...,  0.70767171,
          0.84295644,  0.90181397],
        [-0.24614903, -0.20618183,  0.        , ...,  0.83814246,
          0.9357665 ,  0.97153354],
        ...,
        [-0.67809216, -0.70767171, -0.83814246, ...,  0.        ,
         -0.2148691 , -0.33136663],
        [-0.82017768, -0.84295644, -0.9357665 , ...,  0.2148691 ,
          0.        , -0.12089741],
        [-0.88332817, -0.90181397, -0.97153354, ...,  0.33136663,
          0.12089741,  0.        ]]]), 'num': array([5.65956341e-01, 5.65956341e-01, 0.00000000e+00, 2.28269057e-04,
       2.34737130e-04, 2.21800985e-04, 5.99488526e-01, 4.31204831e-06,
       2.19914464e-04, 1.92856361e-04, 1.71350020e-04, 2.51187280e-06,
       2.26642367e-04, 1.59070355e-04])}
{'img': array([[[ 0.        , -0.00953649, -0.04873054, ...,  0.93159768,
          0.93159768,  0.67569698],
        [ 0.00953649,  0.        , -0.03920316, ...,  0.92808889,
          0.92808889,  0.66863614],
        [ 0.04873054,  0.03920316,  0.        , ...,  0.91277779,
          0.91277779,  0.63897107],
        ...,
        [-0.93159768, -0.92808889, -0.91277779, ...,  0.        ,
          0.        ,  0.44114489],
        [-0.93159768, -0.92808889, -0.91277779, ...,  0.        ,
          0.        ,  0.44114489],
        [-0.67569698, -0.66863614, -0.63897107, ..., -0.44114489,
         -0.44114489,  0.        ]],

       [[ 0.        , -0.17442535, -0.18665211, ...,  0.44259096,
          0.36243956,  0.66039517],
        [ 0.17442535,  0.        , -0.0124308 , ...,  0.59221755,
          0.5194492 ,  0.78125076],
        [ 0.18665211,  0.0124308 ,  0.        , ...,  0.60218825,
          0.5300312 ,  0.78894991],
        ...,
        [-0.44259096, -0.59221755, -0.60218825, ...,  0.        ,
         -0.08748988,  0.25984232],
        [-0.36243956, -0.5194492 , -0.5300312 , ...,  0.08748988,
          0.        ,  0.34333062],
        [-0.66039517, -0.78125076, -0.78894991, ..., -0.25984232,
         -0.34333062,  0.        ]],

       [[ 0.        ,  0.0768583 ,  0.08966125, ...,  0.9882052 ,
          0.91464755,  0.5065302 ],
        [-0.0768583 ,  0.        ,  0.0128473 , ...,  0.99705185,
          0.94301219,  0.57130083],
        [-0.08966125, -0.0128473 ,  0.        , ...,  0.99795535,
          0.9472094 ,  0.58179798],
        ...,
        [-0.9882052 , -0.99705185, -0.99795535, ...,  0.        ,
          0.25941915,  0.77448474],
        [-0.91464755, -0.94301219, -0.9472094 , ..., -0.25941915,
          0.        ,  0.58386349],
        [-0.5065302 , -0.57130083, -0.58179798, ..., -0.77448474,
         -0.58386349,  0.        ]],

       ...,

       [[ 0.        , -0.09559572, -0.22317792, ...,  0.68738851,
          0.68738851,  0.78494533],
        [ 0.09559572,  0.        , -0.12897124, ...,  0.75367064,
          0.75367064,  0.84057824],
        [ 0.22317792,  0.12897124,  0.        , ...,  0.83214288,
          0.83214288,  0.90342046],
        ...,
        [-0.68738851, -0.75367064, -0.83214288, ...,  0.        ,
          0.        ,  0.144216  ],
        [-0.68738851, -0.75367064, -0.83214288, ...,  0.        ,
          0.        ,  0.144216  ],
        [-0.78494533, -0.84057824, -0.90342046, ..., -0.144216  ,
         -0.144216  ,  0.        ]],

       [[ 0.        ,  0.29023672,  0.36785967, ...,  0.75864727,
          0.56642251,  0.        ],
        [-0.29023672,  0.        ,  0.08213941, ...,  0.91508089,
          0.78122922,  0.29023672],
        [-0.36785967, -0.08213941,  0.        , ...,  0.94511308,
          0.82986438,  0.36785967],
        ...,
        [-0.75864727, -0.91508089, -0.94511308, ...,  0.        ,
          0.25618744,  0.75864727],
        [-0.56642251, -0.78122922, -0.82986438, ..., -0.25618744,
          0.        ,  0.56642251],
        [-0.        , -0.29023672, -0.36785967, ..., -0.75864727,
         -0.56642251,  0.        ]],

       [[ 0.        ,  0.24286078,  0.39478504, ...,  0.82030333,
          0.88344683,  0.91958684],
        [-0.24286078,  0.        ,  0.15983158, ...,  0.93464345,
          0.97078536,  0.98747227],
        [-0.39478504, -0.15983158,  0.        , ...,  0.97946187,
          0.99665675,  0.99999787],
        ...,
        [-0.82030333, -0.93464345, -0.97946187, ...,  0.        ,
         -0.12093072, -0.20365177],
        [-0.88344683, -0.97078536, -0.99665675, ...,  0.12093072,
          0.        , -0.08376073],
        [-0.91958684, -0.98747227, -0.99999787, ...,  0.20365177,
          0.08376073,  0.        ]]]), 'num': array([ 6.25388989e-01,  6.25388989e-01,  0.00000000e+00,  2.44199510e-04,
        2.57898507e-04,  2.43008293e-04,  4.66665621e-01, -8.04071557e-06,
        2.46939309e-04,  2.15074251e-04,  1.90555032e-04,  2.59901917e-06,
        2.54548138e-04,  1.75600364e-04])}
{'img': array([[[ 0.        , -0.03920316, -0.03920316, ...,  0.92808889,
          0.66863614,  0.97104237],
        [ 0.03920316,  0.        ,  0.        , ...,  0.91277779,
          0.63897107,  0.96092997],
        [ 0.03920316,  0.        ,  0.        , ...,  0.91277779,
          0.63897107,  0.96092997],
        ...,
        [-0.92808889, -0.91277779, -0.91277779, ...,  0.        ,
          0.44114489, -0.13984883],
        [-0.66863614, -0.63897107, -0.63897107, ..., -0.44114489,
          0.        , -0.56231506],
        [-0.97104237, -0.96092997, -0.96092997, ...,  0.13984883,
          0.56231506,  0.        ]],

       [[ 0.        , -0.0124308 , -0.19806278, ...,  0.5194492 ,
          0.78125076,  0.57086133],
        [ 0.0124308 ,  0.        , -0.18586295, ...,  0.5300312 ,
          0.78894991,  0.58102349],
        [ 0.19806278,  0.18586295,  0.        , ...,  0.67840348,
          0.88940788,  0.72217094],
        ...,
        [-0.5194492 , -0.5300312 , -0.67840348, ...,  0.        ,
          0.34333062,  0.06130982],
        [-0.78125076, -0.78894991, -0.88940788, ..., -0.34333062,
          0.        , -0.28510166],
        [-0.57086133, -0.58102349, -0.72217094, ..., -0.06130982,
          0.28510166,  0.        ]],

       [[ 0.        ,  0.012515  ,  0.02480596, ...,  0.97563056,
          0.85653705,  0.5591062 ],
        [-0.012515  ,  0.        ,  0.01229287, ...,  0.97830019,
          0.86292878,  0.56943856],
        [-0.02480596, -0.01229287,  0.        , ...,  0.98077326,
          0.86907548,  0.57950069],
        ...,
        [-0.97563056, -0.97830019, -0.98077326, ...,  0.        ,
          0.3155677 ,  0.6862125 ],
        [-0.85653705, -0.86292878, -0.86907548, ..., -0.3155677 ,
          0.        ,  0.42160485],
        [-0.5591062 , -0.56943856, -0.57950069, ..., -0.6862125 ,
         -0.42160485,  0.        ]],

       ...,

       [[ 0.        , -0.12897124, -0.33266366, ...,  0.75367064,
          0.84057824,  0.34791958],
        [ 0.12897124,  0.        , -0.20825961, ...,  0.83214288,
          0.90342046,  0.46592756],
        [ 0.33266366,  0.20825961,  0.        , ...,  0.92938969,
          0.97290419,  0.6399843 ],
        ...,
        [-0.75367064, -0.83214288, -0.92938969, ...,  0.        ,
          0.144216  , -0.47791366],
        [-0.84057824, -0.90342046, -0.97290419, ..., -0.144216  ,
          0.        , -0.59959798],
        [-0.34791958, -0.46592756, -0.6399843 , ...,  0.47791366,
          0.59959798,  0.        ]],

       [[ 0.        ,  0.10146444,  0.13917897, ...,  0.81892402,
          0.61353239,  0.20625656],
        [-0.10146444,  0.        ,  0.03798378, ...,  0.87292833,
          0.69048943,  0.30447485],
        [-0.13917897, -0.03798378,  0.        , ...,  0.89082872,
          0.71746643,  0.34043545],
        ...,
        [-0.81892402, -0.87292833, -0.89082872, ...,  0.        ,
          0.29457193,  0.68294443],
        [-0.61353239, -0.69048943, -0.71746643, ..., -0.29457193,
          0.        ,  0.43746566],
        [-0.20625656, -0.30447485, -0.34043545, ..., -0.68294443,
         -0.43746566,  0.        ]],

       [[ 0.        ,  0.31846997,  0.49941773, ...,  0.88768318,
          0.92347419,  0.92645996],
        [-0.31846997,  0.        ,  0.19750445, ...,  0.98810515,
          0.99757598,  0.9980919 ],
        [-0.49941773, -0.19750445,  0.        , ...,  0.99901363,
          0.9916692 ,  0.99062658],
        ...,
        [-0.88768318, -0.98810515, -0.99901363, ...,  0.        ,
         -0.08464905, -0.09247485],
        [-0.92347419, -0.99757598, -0.9916692 , ...,  0.08464905,
          0.        , -0.00785661],
        [-0.92645996, -0.9980919 , -0.99062658, ...,  0.09247485,
          0.00785661,  0.        ]]]), 'num': array([5.62064713e-01, 5.62064713e-01, 0.00000000e+00, 2.29108283e-04,
       2.34193630e-04, 2.19472888e-04, 6.06766977e-01, 9.63539507e-06,
       2.24022935e-04, 1.95625285e-04, 1.72513719e-04, 2.38375659e-06,
       2.33969302e-04, 1.57281268e-04])}
{'img': array([[[ 0.        ,  0.        , -0.03017723, ...,  0.85181672,
          0.97909076,  0.63110067],
        [ 0.        ,  0.        , -0.03017723, ...,  0.85181672,
          0.97909076,  0.63110067],
        [ 0.03017723,  0.03017723,  0.        , ...,  0.83562073,
          0.97250608,  0.60740474],
        ...,
        [-0.85181672, -0.85181672, -0.83562073, ...,  0.        ,
         -0.33960698,  0.33015928],
        [-0.97909076, -0.97909076, -0.97250608, ...,  0.33960698,
          0.        ,  0.63110067],
        [-0.63110067, -0.63110067, -0.60740474, ..., -0.33015928,
         -0.63110067,  0.        ]],

       [[ 0.        , -0.18586295, -0.08781522, ...,  0.78894991,
          0.58102349,  0.79990565],
        [ 0.18586295,  0.        ,  0.09885981, ...,  0.88940788,
          0.72217094,  0.89750898],
        [ 0.08781522, -0.09885981,  0.        , ...,  0.83986075,
          0.65025052,  0.84951562],
        ...,
        [-0.78894991, -0.88940788, -0.83986075, ...,  0.        ,
         -0.28510166,  0.01803886],
        [-0.58102349, -0.72217094, -0.65025052, ...,  0.28510166,
          0.        ,  0.30234547],
        [-0.79990565, -0.89750898, -0.84951562, ..., -0.01803886,
         -0.30234547,  0.        ]],

       [[ 0.        ,  0.01211082,  0.01211082, ...,  0.90919488,
          0.79941105,  0.56248995],
        [-0.01211082,  0.        ,  0.        , ...,  0.91417079,
          0.80662842,  0.57246197],
        [-0.01211082,  0.        ,  0.        , ...,  0.91417079,
          0.80662842,  0.57246197],
        ...,
        [-0.90919488, -0.91417079, -0.91417079, ...,  0.        ,
          0.21337871,  0.51752167],
        [-0.79941105, -0.80662842, -0.80662842, ..., -0.21337871,
          0.        ,  0.32302113],
        [-0.56248995, -0.57246197, -0.57246197, ..., -0.51752167,
         -0.32302113,  0.        ]],

       ...,

       [[ 0.        , -0.20825961,  0.0296285 , ...,  0.90342046,
          0.46592756,  0.55906441],
        [ 0.20825961,  0.        ,  0.23714703, ...,  0.97290419,
          0.6399843 ,  0.71947922],
        [-0.0296285 , -0.23714703,  0.        , ...,  0.89032046,
          0.43950703,  0.53425326],
        ...,
        [-0.90342046, -0.97290419, -0.89032046, ...,  0.        ,
         -0.59959798, -0.50934573],
        [-0.46592756, -0.6399843 , -0.43950703, ...,  0.59959798,
          0.        ,  0.10836115],
        [-0.55906441, -0.71947922, -0.53425326, ...,  0.50934573,
         -0.10836115,  0.        ]],

       [[ 0.        ,  0.03667133,  0.07599019, ...,  0.83352789,
          0.73081024,  0.29445388],
        [-0.03667133,  0.        ,  0.03937378, ...,  0.85322733,
          0.75534983,  0.32930136],
        [-0.07599019, -0.03937378,  0.        , ...,  0.87310066,
          0.78056659,  0.3662237 ],
        ...,
        [-0.83352789, -0.85322733, -0.87310066, ...,  0.        ,
          0.16519391,  0.6338949 ],
        [-0.73081024, -0.75534983, -0.78056659, ..., -0.16519391,
          0.        ,  0.49742175],
        [-0.29445388, -0.32930136, -0.3662237 , ..., -0.6338949 ,
         -0.49742175,  0.        ]],

       [[ 0.        ,  0.40061151,  0.50766716, ...,  0.93014747,
          0.93305848,  0.94254124],
        [-0.40061151,  0.        ,  0.12000086, ...,  0.99934478,
          0.99902284,  0.99744177],
        [-0.50766716, -0.12000086,  0.        , ...,  0.98777997,
          0.98650002,  0.98165593],
        ...,
        [-0.93014747, -0.99934478, -0.98777997, ...,  0.        ,
         -0.00800915, -0.0353353 ],
        [-0.93305848, -0.99902284, -0.98650002, ...,  0.00800915,
          0.        , -0.02733001],
        [-0.94254124, -0.99744177, -0.98165593, ...,  0.0353353 ,
          0.02733001,  0.        ]]]), 'num': array([ 6.73274087e-01,  6.73274087e-01,  0.00000000e+00,  2.73477522e-04,
        2.77004196e-04,  2.68347815e-04,  3.05619851e-01, -9.61820125e-07,
        2.69758484e-04,  2.37200873e-04,  2.08153905e-04,  2.80530870e-06,
        2.85332163e-04,  1.89069583e-04])}
{'img': array([[[ 0.        , -0.03017723, -0.07232643, ...,  0.97909076,
          0.63110067,  0.76858159],
        [ 0.03017723,  0.        , -0.04219529, ...,  0.97250608,
          0.60740474,  0.74892562],
        [ 0.07232643,  0.04219529,  0.        , ...,  0.96181362,
          0.57334415,  0.72029773],
        ...,
        [-0.97909076, -0.97250608, -0.96181362, ...,  0.        ,
          0.63110067,  0.4700272 ],
        [-0.63110067, -0.60740474, -0.57334415, ..., -0.63110067,
          0.        , -0.19244168],
        [-0.76858159, -0.74892562, -0.72029773, ..., -0.4700272 ,
          0.19244168,  0.        ]],

       [[ 0.        ,  0.09885981,  0.00881243, ...,  0.72217094,
          0.89750898,  0.47475994],
