state_0,state_1,state_2,state_3,state_4,state_5,state_6,state_7,state_8,state_9,state_10,state_11,state_12,state_13,state_14,state_15,state_16,state_17,state_18,state_19,state_20,state_21,state_22,state_23,state_24,state_25,state_26,state_27,state_28,state_29,state_30,state_31,state_32,state_33,state_34,state_35,state_36,state_37,state_38,state_39,state_40,state_41,state_42,state_43,state_44,state_45,state_46,state_47,state_48,state_49,state_50,state_51,state_52,state_53,state_54,state_55,state_56,state_57,state_58,state_59,state_60,state_61,state_62,state_63,state_64,state_65,state_66,state_67,state_68,state_69,state_70,state_71,state_72,state_73,state_74,state_75,state_76,state_77,state_78,state_79,state_80,state_81,state_82,state_83,state_84,state_85,state_86,state_87,state_88,state_89,state_90,state_91,state_92,state_93,state_94,state_95,state_96,state_97,state_98,state_99,state_100,state_101,state_102,state_103,state_104,state_105,state_106,state_107,state_108,state_109,state_110,state_111,state_112,state_113,state_114,state_115,state_116,state_117,state_118,state_119,state_120,state_121,state_122,state_123,state_124,state_125,state_126,state_127,state_128,state_129,state_130,state_131,state_132,state_133,state_134,state_135,state_136,state_137,state_138,state_139,state_140,state_141,state_142,state_143,state_144,state_145,state_146,state_147,state_148,state_149,state_150,state_151,state_152,state_153,state_154,state_155,state_156,state_157,state_158,state_159,state_160,state_161,state_162,state_163,state_164,state_165,state_166,state_167,state_168,state_169,state_170,state_171,state_172,state_173,state_174,state_175,state_176,state_177,state_178,state_179,state_180,state_181,state_182,state_183,state_184,state_185,state_186,state_187,state_188,state_189,state_190,state_191,state_192,state_193,state_194,state_195,state_196,state_197,state_198,state_199,state_200,state_201,state_202,state_203,state_204,state_205,state_206,state_207,state_208,state_209,state_210,state_211,state_212,state_213,state_214,state_215,state_216,state_217,state_218,state_219,state_220,state_221,state_222,state_223,state_224,state_225,state_226,state_227,state_228,state_229,state_230,state_231,state_232,state_233,state_234,state_235,state_236,state_237,state_238,state_239,state_240,state_241,state_242,state_243,state_244,state_245,state_246,state_247,state_248,state_249,state_250,state_251,state_252,state_253,state_254,state_255,state_256,state_257,state_258,state_259,state_260,state_261,state_262,state_263,state_264,state_265,state_266,state_267,state_268,state_269,state_270,state_271,state_272,state_273,state_274,state_275,state_276,state_277,state_278,state_279,state_280,state_281,state_282,state_283,state_284,state_285,state_286,state_287
{'img': array([[[ 0.        , -0.12794422, -0.17069782, ...,  0.99959752,
          0.89929372,  0.98415032],
        [ 0.12794422,  0.        , -0.04322848, ...,  0.98775257,
          0.94785854,  0.9987511 ],
        [ 0.17069782,  0.04322848,  0.        , ...,  0.98008437,
          0.96074904,  0.99997728],
        ...,
        [-0.99959752, -0.98775257, -0.98008437, ...,  0.        ,
         -0.46268103, -0.20518406],
        [-0.89929372, -0.94785854, -0.96074904, ...,  0.46268103,
          0.        ,  0.27093599],
        [-0.98415032, -0.9987511 , -0.99997728, ...,  0.20518406,
         -0.27093599,  0.        ]],

       [[ 0.        ,  0.00334257, -0.25236386, ...,  0.28090322,
         -0.13796585,  0.05041678],
        [-0.00334257,  0.        , -0.25559683, ...,  0.27769367,
         -0.14127568,  0.04707818],
        [ 0.25236386,  0.25559683,  0.        , ...,  0.51401377,
          0.11645027,  0.30082784],
        ...,
        [-0.28090322, -0.27769367, -0.51401377, ...,  0.        ,
         -0.41062775, -0.23215918],
        [ 0.13796585,  0.14127568, -0.11645027, ...,  0.41062775,
          0.        ,  0.18772504],
        [-0.05041678, -0.04707818, -0.30082784, ...,  0.23215918,
         -0.18772504,  0.        ]],

       [[ 0.        , -0.07491926, -0.129908  , ...,  0.91235245,
          0.9999114 ,  0.99624851],
        [ 0.07491926,  0.        , -0.05525851, ...,  0.94046075,
          0.99610399,  0.99993205],
        [ 0.129908  ,  0.05525851,  0.        , ...,  0.9578063 ,
          0.98970898,  0.99904839],
        ...,
        [-0.91235245, -0.94046075, -0.9578063 , ...,  0.        ,
          0.42151385,  0.32891621],
        [-0.9999114 , -0.99610399, -0.98970898, ..., -0.42151385,
          0.        , -0.099792  ],
        [-0.99624851, -0.99993205, -0.99904839, ..., -0.32891621,
          0.099792  ,  0.        ]],

       ...,

       [[ 0.        , -0.08176439, -0.13800636, ...,  0.79597321,
          0.53831906,  0.54288589],
        [ 0.08176439,  0.        , -0.05656226, ...,  0.84280263,
          0.60542281,  0.6097344 ],
        [ 0.13800636,  0.05656226,  0.        , ...,  0.87189646,
          0.6494717 ,  0.65358983],
        ...,
        [-0.79597321, -0.84280263, -0.87189646, ...,  0.        ,
         -0.34493767, -0.33983733],
        [-0.53831906, -0.60542281, -0.6494717 , ...,  0.34493767,
          0.        ,  0.00542843],
        [-0.54288589, -0.6097344 , -0.65358983, ...,  0.33983733,
         -0.00542843,  0.        ]],

       [[ 0.        ,  0.00366869,  0.00486169, ...,  0.81970499,
          0.87868986,  0.94529128],
        [-0.00366869,  0.        ,  0.00119301, ...,  0.8175981 ,
          0.87693254,  0.94408809],
        [-0.00486169, -0.00119301,  0.        , ...,  0.8169106 ,
          0.87635854,  0.94369409],
        ...,
        [-0.81970499, -0.8175981 , -0.8169106 , ...,  0.        ,
          0.11197973,  0.27403923],
        [-0.87868986, -0.87693254, -0.87635854, ..., -0.11197973,
          0.        ,  0.16462268],
        [-0.94529128, -0.94408809, -0.94369409, ..., -0.27403923,
         -0.16462268,  0.        ]],

       [[ 0.        , -0.05428432, -0.11344382, ...,  0.34306514,
          0.32413514,  0.30418231],
        [ 0.05428432,  0.        , -0.05934267, ...,  0.39354919,
          0.37501076,  0.35544579],
        [ 0.11344382,  0.05934267,  0.        , ...,  0.44740955,
          0.42936174,  0.41028678],
        ...,
        [-0.34306514, -0.39354919, -0.44740955, ...,  0.        ,
         -0.02007942, -0.04108662],
        [-0.32413514, -0.37501076, -0.42936174, ...,  0.02007942,
          0.        , -0.02101588],
        [-0.30418231, -0.35544579, -0.41028678, ...,  0.04108662,
          0.02101588,  0.        ]]]), 'num': array([7.07103099e-01, 7.07103099e-01, 0.00000000e+00, 7.20922703e-04,
       7.33206796e-04, 6.83302669e-04, 2.60512597e-03, 2.91747207e-05,
       6.94051250e-04, 6.47102983e-04, 5.96085609e-04, 5.44304491e-07,
       7.17528039e-04, 5.76677926e-04])}
{'img': array([[[ 0.00000000e+00, -3.92868208e-02, -7.89801622e-02, ...,
          8.39966674e-01,  8.98160373e-01,  9.68449121e-01],
        [ 3.92868208e-02,  0.00000000e+00, -3.97550914e-02, ...,
          8.60636720e-01,  9.14740128e-01,  9.57910732e-01],
        [ 7.89801622e-02,  3.97550914e-02,  0.00000000e+00, ...,
          8.80200413e-01,  9.30079738e-01,  9.45741114e-01],
        ...,
        [-8.39966674e-01, -8.60636720e-01, -8.80200413e-01, ...,
          0.00000000e+00,  1.18069474e-01,  7.34846517e-01],
        [-8.98160373e-01, -9.14740128e-01, -9.30079738e-01, ...,
         -1.18069474e-01,  0.00000000e+00,  6.49627847e-01],
        [-9.68449121e-01, -9.57910732e-01, -9.45741114e-01, ...,
         -7.34846517e-01, -6.49627847e-01,  0.00000000e+00]],

       [[ 0.00000000e+00, -2.55596829e-01, -1.41908555e-01, ...,
         -1.41275684e-01,  4.70781844e-02,  3.87596056e-01],
        [ 2.55596829e-01,  0.00000000e+00,  1.15815286e-01, ...,
          1.16450273e-01,  3.00827835e-01,  6.10338108e-01],
        [ 1.41908555e-01, -1.15815286e-01,  0.00000000e+00, ...,
          6.39312408e-04,  1.88352951e-01,  5.14488962e-01],
        ...,
        [ 1.41275684e-01, -1.16450273e-01, -6.39312408e-04, ...,
          0.00000000e+00,  1.87725042e-01,  5.13940649e-01],
        [-4.70781844e-02, -3.00827835e-01, -1.88352951e-01, ...,
         -1.87725042e-01,  0.00000000e+00,  3.43768242e-01],
        [-3.87596056e-01, -6.10338108e-01, -5.14488962e-01, ...,
         -5.13940649e-01, -3.43768242e-01,  0.00000000e+00]],

       [[ 0.00000000e+00, -5.32344818e-02, -1.21519411e-01, ...,
          9.59996543e-01,  9.56614364e-01,  9.92030647e-01],
        [ 5.32344818e-02,  0.00000000e+00, -6.85071377e-02, ...,
          9.73541592e-01,  9.70768167e-01,  9.83916612e-01],
        [ 1.21519411e-01,  6.85071377e-02,  0.00000000e+00, ...,
          9.86908937e-01,  9.84930491e-01,  9.69367704e-01],
        ...,
        [-9.59996543e-01, -9.73541592e-01, -9.86908937e-01, ...,
          0.00000000e+00, -1.18384444e-02,  3.98736842e-01],
        [-9.56614364e-01, -9.70768167e-01, -9.84930491e-01, ...,
          1.18384444e-02,  0.00000000e+00,  4.09565527e-01],
        [-9.92030647e-01, -9.83916612e-01, -9.69367704e-01, ...,
         -3.98736842e-01, -4.09565527e-01,  0.00000000e+00]],

       ...,

       [[ 0.00000000e+00, -5.65622559e-02, -8.87213254e-02, ...,
          6.05422813e-01,  6.09734399e-01,  7.24836392e-01],
        [ 5.65622559e-02,  0.00000000e+00, -3.22400872e-02, ...,
          6.49471703e-01,  6.53589832e-01,  7.62642912e-01],
        [ 8.87213254e-02,  3.22400872e-02,  0.00000000e+00, ...,
          6.73648980e-01,  6.77650941e-01,  7.83099979e-01],
        ...,
        [-6.05422813e-01, -6.49471703e-01, -6.73648980e-01, ...,
          0.00000000e+00,  5.42842683e-03,  1.59811687e-01],
        [-6.09734399e-01, -6.53589832e-01, -6.77650941e-01, ...,
         -5.42842683e-03,  0.00000000e+00,  1.54450674e-01],
        [-7.24836392e-01, -7.62642912e-01, -7.83099979e-01, ...,
         -1.59811687e-01, -1.54450674e-01,  0.00000000e+00]],

       [[ 0.00000000e+00,  1.18943717e-03,  1.87063507e-02, ...,
          8.73859501e-01,  9.41073364e-01,  9.59660560e-01],
        [-1.18943717e-03,  0.00000000e+00,  1.75171084e-02, ...,
          8.73280604e-01,  9.40670428e-01,  9.59994304e-01],
        [-1.87063507e-02, -1.75171084e-02,  0.00000000e+00, ...,
          8.64611968e-01,  9.34582162e-01,  9.64752139e-01],
        ...,
        [-8.73859501e-01, -8.73280604e-01, -8.64611968e-01, ...,
          0.00000000e+00,  1.61988216e-01,  7.12261740e-01],
        [-9.41073364e-01, -9.40670428e-01, -9.34582162e-01, ...,
         -1.61988216e-01,  0.00000000e+00,  5.89152889e-01],
        [-9.59660560e-01, -9.59994304e-01, -9.64752139e-01, ...,
         -7.12261740e-01, -5.89152889e-01,  0.00000000e+00]],

       [[ 0.00000000e+00, -5.93426662e-02, -1.18811807e-01, ...,
          3.75010764e-01,  3.55445791e-01,  2.78490575e-01],
        [ 5.93426662e-02,  0.00000000e+00, -5.96800916e-02, ...,
          4.29361738e-01,  4.10286785e-01,  3.34994792e-01],
        [ 1.18811807e-01,  5.96800916e-02,  0.00000000e+00, ...,
          4.82495460e-01,  4.63981122e-01,  3.90629456e-01],
        ...,
        [-3.75010764e-01, -4.29361738e-01, -4.82495460e-01, ...,
          0.00000000e+00, -2.10158786e-02, -1.02008490e-01],
        [-3.55445791e-01, -4.10286785e-01, -4.63981122e-01, ...,
          2.10158786e-02,  0.00000000e+00, -8.10797103e-02],
        [-2.78490575e-01, -3.34994792e-01, -3.90629456e-01, ...,
          1.02008490e-01,  8.10797103e-02,  0.00000000e+00]]]), 'num': array([ 7.07103971e-01,  7.07103971e-01,  0.00000000e+00,  7.07871728e-04,
        7.32439944e-04,  6.95587619e-04,  2.07375706e-03, -1.30518648e-05,
        6.99272852e-04,  6.50289971e-04,  5.98402410e-04,  5.92982859e-07,
        7.25495654e-04,  5.75084288e-04])}
{'img': array([[[ 0.        , -0.03975509, -0.03975509, ...,  0.91474013,
          0.95791073,  0.98451104],
        [ 0.03975509,  0.        ,  0.        , ...,  0.93007974,
          0.94574111,  0.9907027 ],
        [ 0.03975509,  0.        ,  0.        , ...,  0.93007974,
          0.94574111,  0.9907027 ],
        ...,
        [-0.91474013, -0.93007974, -0.93007974, ...,  0.        ,
          0.64962785,  0.23740985],
        [-0.95791073, -0.94574111, -0.94574111, ..., -0.64962785,
          0.        , -0.45056331],
        [-0.98451104, -0.9907027 , -0.9907027 , ..., -0.23740985,
          0.45056331,  0.        ]],

       [[ 0.        ,  0.11581529,  0.10546239, ...,  0.30082784,
          0.61033811,  0.50312517],
        [-0.11581529,  0.        , -0.0104167 , ...,  0.18835295,
          0.51448896,  0.39965039],
        [-0.10546239,  0.0104167 ,  0.        , ...,  0.19857299,
          0.52339334,  0.40917736],
        ...,
        [-0.30082784, -0.18835295, -0.19857299, ...,  0.        ,
          0.34376824,  0.21984015],
        [-0.61033811, -0.51448896, -0.52339334, ..., -0.34376824,
          0.        , -0.12891638],
        [-0.50312517, -0.39965039, -0.40917736, ..., -0.21984015,
          0.12891638,  0.        ]],

       [[ 0.        , -0.06702631, -0.1415308 , ...,  0.9459414 ,
          0.99223276,  0.97973245],
        [ 0.06702631,  0.        , -0.07486092, ...,  0.96555332,
          0.99833918,  0.96410316],
        [ 0.1415308 ,  0.07486092,  0.        , ...,  0.98232317,
          0.99985054,  0.94152021],
        ...,
        [-0.9459414 , -0.96555332, -0.98232317, ...,  0.        ,
          0.20414785,  0.50724611],
        [-0.99223276, -0.99833918, -0.99985054, ..., -0.20414785,
          0.        ,  0.32062867],
        [-0.97973245, -0.96410316, -0.94152021, ..., -0.50724611,
         -0.32062867,  0.        ]],

       ...,

       [[ 0.        , -0.03224009, -0.03224009, ...,  0.65358983,
          0.76264291,  0.94935085],
        [ 0.03224009,  0.        ,  0.        , ...,  0.67765094,
          0.78309998,  0.95898775],
        [ 0.03224009,  0.        ,  0.        , ...,  0.67765094,
          0.78309998,  0.95898775],
        ...,
        [-0.65358983, -0.67765094, -0.67765094, ...,  0.        ,
          0.15445067,  0.51314548],
        [-0.76264291, -0.78309998, -0.78309998, ..., -0.15445067,
          0.        ,  0.37442272],
        [-0.94935085, -0.95898775, -0.95898775, ..., -0.51314548,
         -0.37442272,  0.        ]],

       [[ 0.        ,  0.01674848,  0.02316666, ...,  0.8958795 ,
          0.98832735,  0.94722101],
        [-0.01674848,  0.        ,  0.00641942, ...,  0.88831254,
          0.98563717,  0.9524574 ],
        [-0.02316666, -0.00641942,  0.        , ...,  0.88534618,
          0.98453277,  0.95439359],
        ...,
        [-0.8958795 , -0.88831254, -0.88534618, ...,  0.        ,
          0.30262809,  0.70804974],
        [-0.98832735, -0.98563717, -0.98453277, ..., -0.30262809,
          0.        ,  0.46114376],
        [-0.94722101, -0.9524574 , -0.95439359, ..., -0.70804974,
         -0.46114376,  0.        ]],

       [[ 0.        , -0.05968009, -0.11482736, ...,  0.41028678,
          0.33499479,  0.30876713],
        [ 0.05968009,  0.        , -0.05533735, ...,  0.46398112,
          0.39062946,  0.36498075],
        [ 0.11482736,  0.05533735,  0.        , ...,  0.51229049,
          0.44097159,  0.41594141],
        ...,
        [-0.41028678, -0.46398112, -0.51229049, ...,  0.        ,
         -0.08107971, -0.10865701],
        [-0.33499479, -0.39062946, -0.44097159, ...,  0.08107971,
          0.        , -0.02769961],
        [-0.30876713, -0.36498075, -0.41594141, ...,  0.10865701,
          0.02769961,  0.        ]]]), 'num': array([ 7.07105143e-01,  7.07105143e-01,  0.00000000e+00,  6.97892047e-04,
        7.16318239e-04,  6.93285498e-04,  1.00293767e-03, -9.98085435e-06,
        7.00041769e-04,  6.54398554e-04,  6.00629900e-04,  5.59193839e-07,
        7.30575125e-04,  5.78221984e-04])}
{'img': array([[[ 0.        ,  0.        ,  0.        , ...,  0.94574111,
          0.9907027 ,  0.9569539 ],
        [ 0.        ,  0.        ,  0.        , ...,  0.94574111,
          0.9907027 ,  0.9569539 ],
        [ 0.        ,  0.        ,  0.        , ...,  0.94574111,
          0.9907027 ,  0.9569539 ],
        ...,
        [-0.94574111, -0.94574111, -0.94574111, ...,  0.        ,
         -0.45056331, -0.58542641],
        [-0.9907027 , -0.9907027 , -0.9907027 , ...,  0.45056331,
          0.        , -0.15735301],
        [-0.9569539 , -0.9569539 , -0.9569539 , ...,  0.58542641,
          0.15735301,  0.        ]],

       [[ 0.        , -0.0104167 ,  0.02645914, ...,  0.51448896,
          0.39965039,  0.07974708],
        [ 0.0104167 ,  0.        ,  0.03687076, ...,  0.52339334,
          0.40917736,  0.09012628],
        [-0.02645914, -0.03687076,  0.        , ...,  0.49162021,
          0.37525623,  0.05334429],
        ...,
        [-0.51448896, -0.52339334, -0.49162021, ...,  0.        ,
         -0.12891638, -0.4444675 ],
        [-0.39965039, -0.40917736, -0.37525623, ...,  0.12891638,
          0.        , -0.32527599],
        [-0.07974708, -0.09012628, -0.05334429, ...,  0.4444675 ,
          0.32527599,  0.        ]],

       [[ 0.        , -0.07463896, -0.12418934, ...,  0.99700471,
          0.98917854,  0.96331643],
        [ 0.07463896,  0.        , -0.04978178, ...,  0.99999633,
          0.97546856,  0.94059866],
        [ 0.12418934,  0.04978178,  0.        , ...,  0.99889135,
          0.9633002 ,  0.92253049],
        ...,
        [-0.99700471, -0.99999633, -0.99889135, ...,  0.        ,
          0.22278129,  0.34206807],
        [-0.98917854, -0.97546856, -0.9633002 , ..., -0.22278129,
          0.        ,  0.12412933],
        [-0.96331643, -0.94059866, -0.92253049, ..., -0.34206807,
         -0.12412933,  0.        ]],

       ...,

       [[ 0.        ,  0.        , -0.99900518, ...,  0.78309998,
          0.95898775,  0.83810492],
        [ 0.        ,  0.        , -0.99900518, ...,  0.78309998,
          0.95898775,  0.83810492],
        [ 0.99900518,  0.99900518,  0.        , ...,  0.65619887,
          0.32593084,  0.58234099],
        ...,
        [-0.78309998, -0.78309998, -0.65619887, ...,  0.        ,
          0.37442272,  0.09402582],
        [-0.95898775, -0.95898775, -0.32593084, ..., -0.37442272,
          0.        , -0.28557773],
        [-0.83810492, -0.83810492, -0.58234099, ..., -0.09402582,
          0.28557773,  0.        ]],

       [[ 0.        ,  0.00624932,  0.0175632 , ...,  0.96348964,
          0.99921775,  0.94440784],
        [-0.00624932,  0.        ,  0.0113145 , ...,  0.9617976 ,
          0.99895111,  0.94644402],
        [-0.0175632 , -0.0113145 ,  0.        , ...,  0.95863856,
          0.99836907,  0.95003653],
        ...,
        [-0.96348964, -0.9617976 , -0.95863856, ...,  0.        ,
          0.22943406,  0.5696336 ],
        [-0.99921775, -0.99895111, -0.99836907, ..., -0.22943406,
          0.        ,  0.36586661],
        [-0.94440784, -0.94644402, -0.95003653, ..., -0.5696336 ,
         -0.36586661,  0.        ]],

       [[ 0.        , -0.05533735, -0.091807  , ...,  0.39062946,
          0.36498075,  0.41577063],
        [ 0.05533735,  0.        , -0.03656267, ...,  0.44097159,
          0.41594141,  0.46546119],
        [ 0.091807  ,  0.03656267,  0.        , ...,  0.4734925 ,
          0.44891307,  0.49751042],
        ...,
        [-0.39062946, -0.44097159, -0.4734925 , ...,  0.        ,
         -0.02769961,  0.02747125],
        [-0.36498075, -0.41594141, -0.44891307, ...,  0.02769961,
          0.        ,  0.05514986],
        [-0.41577063, -0.46546119, -0.49751042, ..., -0.02747125,
         -0.05514986,  0.        ]]]), 'num': array([ 7.07105337e-01,  7.07105337e-01,  0.00000000e+00,  6.92517930e-04,
        7.04802062e-04,  6.82537073e-04,  6.87742474e-04, -5.37430766e-06,
        7.02191684e-04,  6.58928507e-04,  6.02843768e-04,  5.27636320e-07,
        7.32824789e-04,  5.85032226e-04])}
{'img': array([[[ 0.        ,  0.        ,  0.04632891, ...,  0.9907027 ,
          0.9569539 ,  0.93362363],
        [ 0.        ,  0.        ,  0.04632891, ...,  0.9907027 ,
          0.9569539 ,  0.93362363],
        [-0.04632891, -0.04632891,  0.        , ...,  0.98333612,
          0.94247986,  0.91602357],
        ...,
        [-0.9907027 , -0.9907027 , -0.98333612, ...,  0.        ,
         -0.15735301, -0.22791002],
        [-0.9569539 , -0.9569539 , -0.94247986, ...,  0.15735301,
          0.        , -0.07185899],
        [-0.93362363, -0.93362363, -0.91602357, ...,  0.22791002,
          0.07185899,  0.        ]],

       [[ 0.        ,  0.03687076, -0.05685356, ...,  0.40917736,
          0.09012628, -0.05505844],
        [-0.03687076,  0.        , -0.09362602, ...,  0.37525623,
          0.05334429, -0.09183583],
        [ 0.05685356,  0.09362602,  0.        , ...,  0.46039183,
          0.14660269,  0.00179793],
        ...,
        [-0.40917736, -0.37525623, -0.46039183, ...,  0.        ,
         -0.32527599, -0.45879503],
        [-0.09012628, -0.05334429, -0.14660269, ...,  0.32527599,
          0.        , -0.14482394],
        [ 0.05505844,  0.09183583, -0.00179793, ...,  0.45879503,
          0.14482394,  0.        ]],

       [[ 0.        , -0.0493912 , -0.0577128 , ...,  0.99371095,
          0.9892772 ,  0.93801478],
        [ 0.0493912 ,  0.        , -0.00833349, ...,  0.98696753,
          0.98085621,  0.91975119],
        [ 0.0577128 ,  0.00833349,  0.        , ...,  0.98559223,
          0.97919934,  0.91644834],
        ...,
        [-0.99371095, -0.98696753, -0.98559223, ...,  0.        ,
          0.0343566 ,  0.2393807 ],
        [-0.9892772 , -0.98085621, -0.97919934, ..., -0.0343566 ,
          0.        ,  0.20588167],
        [-0.93801478, -0.91975119, -0.91644834, ..., -0.2393807 ,
         -0.20588167,  0.        ]],

       ...,

       [[ 0.        , -0.99900518, -0.78802684, ...,  0.95898775,
          0.83810492,  0.72086994],
        [ 0.99900518,  0.        ,  0.57988701, ...,  0.32593084,
          0.58234099,  0.7245275 ],
        [ 0.78802684, -0.57988701,  0.        , ...,  0.81375632,
          0.94584744,  0.98995506],
        ...,
        [-0.95898775, -0.32593084, -0.81375632, ...,  0.        ,
         -0.28557773, -0.46031718],
        [-0.83810492, -0.58234099, -0.94584744, ...,  0.28557773,
          0.        , -0.1876246 ],
        [-0.72086994, -0.7245275 , -0.98995506, ...,  0.46031718,
          0.1876246 ,  0.        ]],

       [[ 0.        ,  0.01118489,  0.01470649, ...,  0.99416862,
          0.99567687,  0.94288847],
        [-0.01118489,  0.        ,  0.00352188, ...,  0.99290029,
          0.99665349,  0.94655528],
        [-0.01470649, -0.00352188,  0.        , ...,  0.9924752 ,
          0.9969352 ,  0.94768536],
        ...,
        [-0.99416862, -0.99290029, -0.9924752 , ...,  0.        ,
          0.1997136 ,  0.43284408],
        [-0.99567687, -0.99665349, -0.9969352 , ..., -0.1997136 ,
          0.        ,  0.24408856],
        [-0.94288847, -0.94655528, -0.94768536, ..., -0.43284408,
         -0.24408856,  0.        ]],

       [[ 0.        , -0.03656267, -0.06353907, ...,  0.41594141,
          0.46546119,  0.57747194],
        [ 0.03656267,  0.        , -0.0270078 , ...,  0.44891307,
          0.49751042,  0.60693597],
        [ 0.06353907,  0.0270078 ,  0.        , ...,  0.47288282,
          0.52075707,  0.62817904],
        ...,
        [-0.41594141, -0.44891307, -0.47288282, ...,  0.        ,
          0.05514986,  0.18556908],
        [-0.46546119, -0.49751042, -0.52075707, ..., -0.05514986,
          0.        ,  0.13109469],
        [-0.57747194, -0.60693597, -0.62817904, ..., -0.18556908,
         -0.13109469,  0.        ]]]), 'num': array([ 7.44923132e-01,  6.67146983e-01,  8.74872315e-07,  7.20149526e-04,
        7.36350865e-04,  7.13668990e-04,  6.57571854e-04, -1.05308705e-05,
        7.38943080e-04,  6.98561242e-04,  6.38224754e-04,  5.34708230e-07,
        7.74813073e-04,  6.22309410e-04])}
{'img': array([[[ 0.        ,  0.04632891,  0.05288809, ...,  0.9569539 ,
          0.93362363,  0.88425876],
        [-0.04632891,  0.        ,  0.00656724, ...,  0.94247986,
          0.91602357,  0.86167381],
        [-0.05288809, -0.00656724,  0.        , ...,  0.94026435,
          0.91336953,  0.8583226 ],
        ...,
        [-0.9569539 , -0.94247986, -0.94026435, ...,  0.        ,
         -0.07185899, -0.19024763],
        [-0.93362363, -0.91602357, -0.91336953, ...,  0.07185899,
          0.        , -0.11920923],
        [-0.88425876, -0.86167381, -0.8583226 , ...,  0.19024763,
          0.11920923,  0.        ]],

       [[ 0.        , -0.09362602, -0.12736551, ...,  0.05334429,
         -0.09183583, -0.12907764],
        [ 0.09362602,  0.        , -0.03394254, ...,  0.14660269,
          0.00179793, -0.03566787],
        [ 0.12736551,  0.03394254,  0.        , ...,  0.18009401,
          0.03573938, -0.00172638],
        ...,
        [-0.05334429, -0.14660269, -0.18009401, ...,  0.        ,
         -0.14482394, -0.1817919 ],
        [ 0.09183583, -0.00179793, -0.03573938, ...,  0.14482394,
          0.        , -0.0374646 ],
        [ 0.12907764,  0.03566787,  0.00172638, ...,  0.1817919 ,
          0.0374646 ,  0.        ]],

       [[ 0.        , -0.00833349, -0.00499653, ...,  0.98085621,
          0.91975119,  0.9777345 ],
        [ 0.00833349,  0.        ,  0.00333703, ...,  0.97919934,
          0.91644834,  0.9759518 ],
        [ 0.00499653, -0.00333703,  0.        , ...,  0.97987098,
          0.91777856,  0.97667379],
        ...,
        [-0.98085621, -0.97919934, -0.97987098, ...,  0.        ,
          0.20588167,  0.01543099],
        [-0.91975119, -0.91644834, -0.91777856, ..., -0.20588167,
          0.        , -0.19075675],
        [-0.9777345 , -0.9759518 , -0.97667379, ..., -0.01543099,
          0.19075675,  0.        ]],

       ...,

       [[ 0.        ,  0.57988701,  0.72501921, ...,  0.58234099,
          0.7245275 ,  0.7943209 ],
        [-0.57988701,  0.        ,  0.19128612, ...,  0.94584744,
          0.98995506,  0.99941121],
        [-0.72501921, -0.19128612,  0.        , ...,  0.99047539,
          0.99871936,  0.98751957],
        ...,
        [-0.58234099, -0.94584744, -0.99047539, ...,  0.        ,
         -0.1876246 , -0.29196769],
        [-0.7245275 , -0.98995506, -0.99871936, ...,  0.1876246 ,
          0.        , -0.10733312],
        [-0.7943209 , -0.99941121, -0.98751957, ...,  0.29196769,
          0.10733312,  0.        ]],

       [[ 0.        ,  0.00349493,  0.00664499, ...,  0.99984655,
          0.9910199 ,  0.94419103],
        [-0.00349493,  0.        ,  0.00315009, ...,  0.99990167,
          0.99148118,  0.94533649],
        [-0.00664499, -0.00315009,  0.        , ...,  0.99994088,
          0.99188656,  0.94635903],
        ...,
        [-0.99984655, -0.99990167, -0.99994088, ...,  0.        ,
          0.11633334,  0.31280761],
        [-0.9910199 , -0.99148118, -0.99188656, ..., -0.11633334,
          0.        ,  0.20018839],
        [-0.94419103, -0.94533649, -0.94635903, ..., -0.31280761,
         -0.20018839,  0.        ]],

       [[ 0.        , -0.0270078 , -0.04535232, ...,  0.49751042,
          0.60693597,  0.68810314],
        [ 0.0270078 ,  0.        , -0.01835577, ...,  0.52075707,
          0.62817904,  0.70744934],
        [ 0.04535232,  0.01835577,  0.        , ...,  0.53633975,
          0.64235526,  0.72030335],
        ...,
        [-0.49751042, -0.52075707, -0.53633975, ...,  0.        ,
          0.13109469,  0.23590059],
        [-0.60693597, -0.62817904, -0.64235526, ..., -0.13109469,
          0.        ,  0.1064699 ],
        [-0.68810314, -0.70744934, -0.72030335, ..., -0.23590059,
         -0.1064699 ,  0.        ]]]), 'num': array([ 7.44689431e-01,  6.67407983e-01,  8.75214582e-07,  7.15568959e-04,
        7.33397404e-04,  7.09085888e-04,  5.02421793e-04, -4.86230323e-06,
        7.30155869e-04,  7.01427760e-04,  6.40554425e-04,  5.12162607e-07,
        7.76268762e-04,  6.26586759e-04])}
{'img': array([[[ 0.        ,  0.00656724, -0.0263961 , ...,  0.91602357,
          0.86167381,  0.83482603],
        [-0.00656724,  0.        , -0.03296048, ...,  0.91336953,
          0.8583226 ,  0.83119267],
        [ 0.0263961 ,  0.03296048,  0.        , ...,  0.92629251,
          0.8747686 ,  0.84906656],
        ...,
        [-0.91602357, -0.91336953, -0.92629251, ...,  0.        ,
         -0.11920923, -0.16941453],
        [-0.86167381, -0.8583226 , -0.8747686 , ...,  0.11920923,
          0.        , -0.05072042],
        [-0.83482603, -0.83119267, -0.84906656, ...,  0.16941453,
          0.05072042,  0.        ]],

       [[ 0.        , -0.03394254,  0.05322874, ...,  0.00179793,
         -0.03566787, -0.14416957],
        [ 0.03394254,  0.        ,  0.08709249, ...,  0.03573938,
         -0.00172638, -0.11049856],
        [-0.05322874, -0.08709249,  0.        , ..., -0.05143327,
         -0.08881218, -0.19663784],
        ...,
        [-0.00179793, -0.03573938,  0.05143327, ...,  0.        ,
         -0.0374646 , -0.14594849],
        [ 0.03566787,  0.00172638,  0.08881218, ...,  0.0374646 ,
          0.        , -0.10878258],
        [ 0.14416957,  0.11049856,  0.19663784, ...,  0.14594849,
          0.10878258,  0.        ]],

       [[ 0.        ,  0.00333703,  0.00833349, ...,  0.91644834,
          0.9759518 ,  0.99882127],
        [-0.00333703,  0.        ,  0.00499653, ...,  0.91777856,
          0.97667379,  0.99865373],
        [-0.00833349, -0.00499653,  0.        , ...,  0.91975119,
          0.9777345 ,  0.99838208],
        ...,
        [-0.91644834, -0.91777856, -0.91975119, ...,  0.        ,
         -0.19075675, -0.44416519],
        [-0.9759518 , -0.97667379, -0.9777345 , ...,  0.19075675,
          0.        , -0.26510159],
        [-0.99882127, -0.99865373, -0.99838208, ...,  0.44416519,
          0.26510159,  0.        ]],

       ...,

       [[ 0.        ,  0.21761353, -0.49987784, ...,  0.97481399,
          0.9933341 ,  0.99993807],
        [-0.21761353,  0.        , -0.67637247, ...,  0.99998464,
          0.99461335,  0.97839643],
        [ 0.49987784,  0.67637247,  0.        , ...,  0.73279992,
          0.80270129,  0.86047905],
        ...,
        [-0.97481399, -0.99998464, -0.73279992, ...,  0.        ,
         -0.10916526, -0.21215678],
        [-0.9933341 , -0.99461335, -0.80270129, ...,  0.10916526,
          0.        , -0.10420867],
        [-0.99993807, -0.97839643, -0.86047905, ...,  0.21215678,
          0.10420867,  0.        ]],

       [[ 0.        ,  0.00313295,  0.00781805, ...,  0.99727944,
          0.98604851,  0.94364534],
        [-0.00313295,  0.        ,  0.00468516, ...,  0.99750549,
          0.98656518,  0.94467758],
        [-0.00781805, -0.00468516,  0.        , ...,  0.99782526,
          0.98731976,  0.94620395],
        ...,
        [-0.99727944, -0.99750549, -0.99782526, ...,  0.        ,
          0.09331997,  0.26049837],
        [-0.98604851, -0.98656518, -0.98731976, ..., -0.09331997,
          0.        ,  0.16926357],
        [-0.94364534, -0.94467758, -0.94620395, ..., -0.26049837,
         -0.16926357,  0.        ]],

       [[ 0.        , -0.01835577, -0.04523823, ...,  0.62817904,
          0.70744934,  0.7746357 ],
        [ 0.01835577,  0.        , -0.02689363, ...,  0.64235526,
          0.72030335,  0.78611352],
        [ 0.04523823,  0.02689363,  0.        , ...,  0.66273439,
          0.73869782,  0.80245166],
        ...,
        [-0.62817904, -0.64235526, -0.66273439, ...,  0.        ,
          0.1064699 ,  0.20545461],
        [-0.70744934, -0.72030335, -0.73869782, ..., -0.1064699 ,
          0.        ,  0.10008825],
        [-0.7746357 , -0.78611352, -0.80245166, ..., -0.20545461,
         -0.10008825,  0.        ]]]), 'num': array([ 7.26535698e-01,  6.87125559e-01,  4.59325633e-07,  6.79485160e-04,
        7.04827264e-04,  6.74733516e-04,  7.85739850e-04, -1.97985187e-05,
        7.03401771e-04,  6.86691821e-04,  6.27586643e-04,  4.48766423e-07,
        7.58551706e-04,  6.14831936e-04])}
{'img': array([[[ 0.00000000e+00, -3.29604789e-02,  7.14425935e-02, ...,
          8.58322601e-01,  8.31192670e-01,  7.09586727e-01],
        [ 3.29604789e-02,  0.00000000e+00,  1.04280031e-01, ...,
          8.74768601e-01,  8.49066562e-01,  7.32425728e-01],
        [-7.14425935e-02, -1.04280031e-01,  0.00000000e+00, ...,
          8.19471400e-01,  7.89347761e-01,  6.57433785e-01],
        ...,
        [-8.58322601e-01, -8.74768601e-01, -8.19471400e-01, ...,
          0.00000000e+00, -5.07204182e-02, -2.40693295e-01],
        [-8.31192670e-01, -8.49066562e-01, -7.89347761e-01, ...,
          5.07204182e-02,  0.00000000e+00, -1.91154197e-01],
        [-7.09586727e-01, -7.32425728e-01, -6.57433785e-01, ...,
          2.40693295e-01,  1.91154197e-01,  0.00000000e+00]],

       [[ 0.00000000e+00,  8.70924863e-02,  1.00447454e-01, ...,
         -1.72637945e-03, -1.10498557e-01,  7.44094836e-02],
        [-8.70924863e-02,  0.00000000e+00,  1.34137724e-02, ...,
         -8.88121761e-02, -1.96637845e-01, -1.27243013e-02],
        [-1.00447454e-01, -1.34137724e-02,  0.00000000e+00, ...,
         -1.02164952e-01, -2.09772038e-01, -2.61358430e-02],
        ...,
        [ 1.72637945e-03,  8.88121761e-02,  1.02164952e-01, ...,
          0.00000000e+00, -1.08782585e-01,  7.61309663e-02],
        [ 1.10498557e-01,  1.96637845e-01,  2.09772038e-01, ...,
          1.08782585e-01,  0.00000000e+00,  1.84146051e-01],
        [-7.44094836e-02,  1.27243013e-02,  2.61358430e-02, ...,
         -7.61309663e-02, -1.84146051e-01,  0.00000000e+00]],

       [[ 0.00000000e+00,  4.99653080e-03,  3.63941954e-02, ...,
          9.76673791e-01,  9.98653731e-01,  9.71702289e-01],
        [-4.99653080e-03,  0.00000000e+00,  3.14005205e-02, ...,
          9.77734497e-01,  9.98382084e-01,  9.70509934e-01],
        [-3.63941954e-02, -3.14005205e-02,  0.00000000e+00, ...,
          9.83841625e-01,  9.96104287e-01,  9.62461914e-01],
        ...,
        [-9.76673791e-01, -9.77734497e-01, -9.83841625e-01, ...,
          0.00000000e+00, -2.65101593e-01, -4.39351200e-01],
        [-9.98653731e-01, -9.98382084e-01, -9.96104287e-01, ...,
          2.65101593e-01,  0.00000000e+00, -1.85486588e-01],
        [-9.71702289e-01, -9.70509934e-01, -9.62461914e-01, ...,
          4.39351200e-01,  1.85486588e-01,  0.00000000e+00]],

       ...,

       [[ 0.00000000e+00, -6.76372473e-01,  1.41630634e-01, ...,
          9.94613354e-01,  9.78396429e-01,  9.08769130e-01],
        [ 6.76372473e-01,  0.00000000e+00,  7.73873776e-01, ...,
          8.02701291e-01,  8.60479047e-01,  9.51612500e-01],
        [-1.41630634e-01, -7.73873776e-01,  0.00000000e+00, ...,
          9.69906561e-01,  9.39253402e-01,  8.40505992e-01],
        ...,
        [-9.94613354e-01, -8.02701291e-01, -9.69906561e-01, ...,
          0.00000000e+00, -1.04208668e-01, -3.20853310e-01],
        [-9.78396429e-01, -8.60479047e-01, -9.39253402e-01, ...,
          1.04208668e-01,  0.00000000e+00, -2.20407369e-01],
        [-9.08769130e-01, -9.51612500e-01, -8.40505992e-01, ...,
          3.20853310e-01,  2.20407369e-01,  0.00000000e+00]],

       [[ 0.00000000e+00,  4.68515876e-03,  4.31252604e-03, ...,
          9.86565180e-01,  9.44677582e-01,  9.55846080e-01],
        [-4.68515876e-03,  0.00000000e+00, -3.72636481e-04, ...,
          9.87319758e-01,  9.46203948e-01,  9.57212407e-01],
        [-4.31252604e-03,  3.72636481e-04,  0.00000000e+00, ...,
          9.87260536e-01,  9.46083308e-01,  9.57104504e-01],
        ...,
        [-9.86565180e-01, -9.87319758e-01, -9.87260536e-01, ...,
          0.00000000e+00,  1.69263572e-01,  1.33764933e-01],
        [-9.44677582e-01, -9.46203948e-01, -9.46083308e-01, ...,
         -1.69263572e-01,  0.00000000e+00, -3.59076005e-02],
        [-9.55846080e-01, -9.57212407e-01, -9.57104504e-01, ...,
         -1.33764933e-01,  3.59076005e-02,  0.00000000e+00]],

       [[ 0.00000000e+00, -2.68936281e-02, -3.16244739e-02, ...,
          7.20303345e-01,  7.86113525e-01,  8.30511403e-01],
        [ 2.68936281e-02,  0.00000000e+00, -4.73285889e-03, ...,
          7.38697825e-01,  8.02451659e-01,  8.45190803e-01],
        [ 3.16244739e-02,  4.73285889e-03,  0.00000000e+00, ...,
          7.41879672e-01,  8.05266850e-01,  8.47710882e-01],
        ...,
        [-7.20303345e-01, -7.38697825e-01, -7.41879672e-01, ...,
          0.00000000e+00,  1.00088252e-01,  1.74881746e-01],
        [-7.86113525e-01, -8.02451659e-01, -8.05266850e-01, ...,
         -1.00088252e-01,  0.00000000e+00,  7.54577517e-02],
        [-8.30511403e-01, -8.45190803e-01, -8.47710882e-01, ...,
         -1.74881746e-01, -7.54577517e-02,  0.00000000e+00]]]), 'num': array([ 7.19679621e-01,  6.94303375e-01,  2.98193252e-07,  6.67795941e-04,
        6.83490323e-04,  6.59948750e-04,  6.69286908e-04, -5.49303359e-06,
        6.87884750e-04,  6.82901784e-04,  6.23354684e-04,  4.20280259e-07,
        7.48529591e-04,  6.17273976e-04])}
{'img': array([[[ 0.00000000e+00,  1.04280031e-01,  1.61458510e-01, ...,
          8.49066562e-01,  7.32425728e-01,  6.97517586e-01],
        [-1.04280031e-01,  0.00000000e+00,  5.76664091e-02, ...,
          7.89347761e-01,  6.57433785e-01,  6.18991005e-01],
        [-1.61458510e-01, -5.76664091e-02,  0.00000000e+00, ...,
          7.52630133e-01,  6.12887404e-01,  5.72669860e-01],
        ...,
        [-8.49066562e-01, -7.89347761e-01, -7.52630133e-01, ...,
          0.00000000e+00, -1.91154197e-01, -2.39924949e-01],
        [-7.32425728e-01, -6.57433785e-01, -6.12887404e-01, ...,
          1.91154197e-01,  0.00000000e+00, -4.99298793e-02],
        [-6.97517586e-01, -6.18991005e-01, -5.72669860e-01, ...,
          2.39924949e-01,  4.99298793e-02,  0.00000000e+00]],

       [[ 0.00000000e+00,  1.34137724e-02,  1.92270617e-01, ...,
         -1.96637845e-01, -1.27243013e-02, -7.00116251e-02],
        [-1.34137724e-02,  0.00000000e+00,  1.79089821e-01, ...,
         -2.09772038e-01, -2.61358430e-02, -8.33861835e-02],
        [-1.92270617e-01, -1.79089821e-01,  0.00000000e+00, ...,
         -3.81485727e-01, -2.04741942e-01, -2.60504163e-01],
        ...,
        [ 1.96637845e-01,  2.09772038e-01,  3.81485727e-01, ...,
          0.00000000e+00,  1.84146051e-01,  1.27510599e-01],
        [ 1.27243013e-02,  2.61358430e-02,  2.04741942e-01, ...,
         -1.84146051e-01,  0.00000000e+00, -5.73128790e-02],
        [ 7.00116251e-02,  8.33861835e-02,  2.60504163e-01, ...,
         -1.27510599e-01,  5.73128790e-02,  0.00000000e+00]],

       [[ 0.00000000e+00,  3.14005205e-02,  7.69308302e-02, ...,
          9.98382084e-01,  9.70509934e-01,  9.29034636e-01],
        [-3.14005205e-02,  0.00000000e+00,  4.55854313e-02, ...,
          9.96104287e-01,  9.62461914e-01,  9.16958547e-01],
        [-7.69308302e-02, -4.55854313e-02,  0.00000000e+00, ...,
          9.91048918e-01,  9.49088730e-01,  8.97817528e-01],
        ...,
        [-9.98382084e-01, -9.96104287e-01, -9.91048918e-01, ...,
          0.00000000e+00, -1.85486588e-01, -3.16567967e-01],
        [-9.70509934e-01, -9.62461914e-01, -9.49088730e-01, ...,
          1.85486588e-01,  0.00000000e+00, -1.35127516e-01],
        [-9.29034636e-01, -9.16958547e-01, -8.97817528e-01, ...,
          3.16567967e-01,  1.35127516e-01,  0.00000000e+00]],

       ...,

       [[ 0.00000000e+00,  7.73873776e-01,  9.50512129e-01, ...,
          8.60479047e-01,  9.51612500e-01,  9.77464650e-01],
        [-7.73873776e-01,  0.00000000e+00,  3.61564348e-01, ...,
          9.39253402e-01,  8.40505992e-01,  7.82431435e-01],
        [-9.50512129e-01, -3.61564348e-01,  0.00000000e+00, ...,
          7.51612502e-01,  5.87746996e-01,  5.04338320e-01],
        ...,
        [-8.60479047e-01, -9.39253402e-01, -7.51612502e-01, ...,
          0.00000000e+00, -2.20407369e-01, -3.16357976e-01],
        [-9.51612500e-01, -8.40505992e-01, -5.87746996e-01, ...,
          2.20407369e-01,  0.00000000e+00, -9.94908518e-02],
        [-9.77464650e-01, -7.82431435e-01, -5.04338320e-01, ...,
