state_0,state_1,state_2,state_3,state_4,state_5,state_6,state_7,state_8,state_9,state_10,state_11,state_12,state_13,state_14,state_15,state_16,state_17,state_18,state_19,state_20,state_21,state_22,state_23,state_24,state_25,state_26,state_27,state_28,state_29,state_30,state_31,state_32,state_33,state_34,state_35,state_36,state_37,state_38,state_39,state_40,state_41,state_42,state_43,state_44,state_45,state_46,state_47,state_48,state_49,state_50,state_51,state_52,state_53,state_54,state_55,state_56,state_57,state_58,state_59,state_60,state_61,state_62,state_63,state_64,state_65,state_66,state_67,state_68,state_69,state_70,state_71,state_72,state_73,state_74,state_75,state_76,state_77,state_78,state_79,state_80,state_81,state_82,state_83,state_84,state_85,state_86,state_87,state_88,state_89,state_90,state_91,state_92,state_93,state_94,state_95,state_96,state_97,state_98,state_99,state_100,state_101,state_102,state_103,state_104,state_105,state_106,state_107,state_108,state_109,state_110,state_111,state_112,state_113,state_114,state_115,state_116,state_117,state_118,state_119,state_120,state_121,state_122,state_123,state_124,state_125,state_126,state_127,state_128,state_129,state_130,state_131,state_132,state_133,state_134,state_135,state_136,state_137,state_138,state_139,state_140,state_141,state_142,state_143,state_144,state_145,state_146,state_147,state_148,state_149,state_150,state_151,state_152,state_153,state_154,state_155,state_156,state_157,state_158,state_159,state_160,state_161,state_162,state_163,state_164,state_165,state_166,state_167,state_168,state_169,state_170,state_171,state_172,state_173,state_174,state_175,state_176,state_177,state_178,state_179,state_180,state_181,state_182,state_183,state_184,state_185,state_186,state_187,state_188,state_189,state_190,state_191,state_192,state_193,state_194,state_195,state_196,state_197,state_198,state_199,state_200,state_201,state_202,state_203,state_204,state_205,state_206,state_207,state_208,state_209,state_210,state_211,state_212,state_213,state_214,state_215,state_216,state_217,state_218,state_219,state_220,state_221,state_222,state_223,state_224,state_225,state_226,state_227,state_228,state_229,state_230,state_231,state_232,state_233,state_234,state_235,state_236,state_237,state_238,state_239,state_240,state_241,state_242,state_243,state_244,state_245,state_246,state_247,state_248,state_249,state_250,state_251,state_252,state_253,state_254,state_255,state_256,state_257,state_258,state_259,state_260,state_261,state_262,state_263,state_264,state_265,state_266,state_267,state_268,state_269,state_270,state_271,state_272,state_273,state_274,state_275,state_276,state_277,state_278,state_279,state_280,state_281,state_282,state_283,state_284,state_285,state_286,state_287
{'img': array([[[ 0.        ,  0.13145983,  0.60384541, ..., -0.60000965,
         -0.33277767, -0.13238592],
        [-0.13145983,  0.        ,  0.49381812, ..., -0.69996938,
         -0.45385697, -0.26153976],
        [-0.60384541, -0.49381812,  0.        , ..., -0.96134052,
         -0.83468699, -0.70405552],
        ...,
        [ 0.60000965,  0.69996938,  0.96134052, ...,  0.        ,
          0.29959256,  0.48882073],
        [ 0.33277767,  0.45385697,  0.83468699, ..., -0.29959256,
          0.        ,  0.20500801],
        [ 0.13238592,  0.26153976,  0.70405552, ..., -0.48882073,
         -0.20500801,  0.        ]],

       [[ 0.        , -0.43055912, -0.00297693, ...,  0.27821036,
          0.18155683,  0.42876028],
        [ 0.43055912,  0.        ,  0.42787034, ...,  0.66466292,
          0.58726978,  0.77595788],
        [ 0.00297693, -0.42787034,  0.        , ...,  0.28106853,
          0.18448347,  0.4314478 ],
        ...,
        [-0.27821036, -0.66466292, -0.28106853, ...,  0.        ,
         -0.09919764,  0.16049257],
        [-0.18155683, -0.58726978, -0.18448347, ...,  0.09919764,
          0.        ,  0.25761272],
        [-0.42876028, -0.77595788, -0.4314478 , ..., -0.16049257,
         -0.25761272,  0.        ]],

       [[ 0.        , -0.07735398,  0.02820035, ..., -0.86660884,
         -0.770041  , -0.61908719],
        [ 0.07735398,  0.        ,  0.10543907, ..., -0.82541349,
         -0.71838231, -0.5564844 ],
        [-0.02820035, -0.10543907,  0.        , ..., -0.88033582,
         -0.78772641, -0.64098733],
        ...,
        [ 0.86660884,  0.82541349,  0.88033582, ...,  0.        ,
          0.16865029,  0.37165007],
        [ 0.770041  ,  0.71838231,  0.78772641, ..., -0.16865029,
          0.        ,  0.20975618],
        [ 0.61908719,  0.5564844 ,  0.64098733, ..., -0.37165007,
         -0.20975618,  0.        ]],

       ...,

       [[ 0.        ,  0.48652475,  0.52160258, ...,  0.32526344,
          0.54286251,  0.94977726],
        [-0.48652475,  0.        ,  0.0406095 , ..., -0.17589734,
          0.06568696,  0.67754223],
        [-0.52160258, -0.0406095 ,  0.        , ..., -0.21572858,
          0.02511098,  0.64711569],
        ...,
        [-0.32526344,  0.17589734,  0.21572858, ...,  0.        ,
          0.24018026,  0.796348  ],
        [-0.54286251, -0.06568696, -0.02511098, ..., -0.24018026,
          0.        ,  0.62776723],
        [-0.94977726, -0.67754223, -0.64711569, ..., -0.796348  ,
         -0.62776723,  0.        ]],

       [[ 0.        ,  0.05537973,  0.18969542, ..., -0.99838659,
         -0.9581864 , -0.86247519],
        [-0.05537973,  0.        ,  0.1350301 , ..., -0.99999901,
         -0.97256255, -0.88917925],
        [-0.18969542, -0.1350301 ,  0.        , ..., -0.99103018,
         -0.99506894, -0.94281994],
        ...,
        [ 0.99838659,  0.99999901,  0.99103018, ...,  0.        ,
          0.23127526,  0.45630964],
        [ 0.9581864 ,  0.97256255,  0.99506894, ..., -0.23127526,
          0.        ,  0.23814474],
        [ 0.86247519,  0.88917925,  0.94281994, ..., -0.45630964,
         -0.23814474,  0.        ]],

       [[ 0.        ,  0.0072481 ,  0.02904346, ..., -0.99775071,
         -0.99274672, -0.98568584],
        [-0.0072481 ,  0.        ,  0.02179766, ..., -0.99723863,
         -0.99184924, -0.98443797],
        [-0.02904346, -0.02179766,  0.        , ..., -0.99538292,
         -0.98883619, -0.98037352],
        ...,
        [ 0.99775071,  0.99723863,  0.99538292, ...,  0.        ,
         -0.05340663, -0.10213907],
        [ 0.99274672,  0.99184924,  0.98883619, ...,  0.05340663,
          0.        , -0.04886599],
        [ 0.98568584,  0.98443797,  0.98037352, ...,  0.10213907,
          0.04886599,  0.        ]]]), 'num': array([ 7.07044756e-01,  7.07044756e-01,  0.00000000e+00,  3.75992021e-03,
        3.87975830e-03,  3.75243033e-03,  8.50889417e-03, -3.74494045e-05,
        3.68502140e-03,  3.36632697e-03,  3.43860432e-03,  1.12348213e-06,
        3.78620076e-03,  2.94645317e-03])}
{'img': array([[[ 0.        ,  0.49381812, -0.0286267 , ..., -0.45385697,
         -0.26153976, -0.35492794],
        [-0.49381812,  0.        , -0.51850852, ..., -0.83468699,
         -0.70405552, -0.77030042],
        [ 0.0286267 ,  0.51850852,  0.        , ..., -0.42816245,
         -0.2338023 , -0.32801957],
        ...,
        [ 0.45385697,  0.83468699,  0.42816245, ...,  0.        ,
          0.20500801,  0.10804075],
        [ 0.26153976,  0.70405552,  0.2338023 , ..., -0.20500801,
          0.        , -0.09806199],
        [ 0.35492794,  0.77030042,  0.32801957, ..., -0.10804075,
          0.09806199,  0.        ]],

       [[ 0.        ,  0.42787034,  0.11333333, ...,  0.58726978,
          0.77595788,  0.54657661],
        [-0.42787034,  0.        , -0.32267838, ...,  0.18448347,
          0.4314478 ,  0.13571535],
        [-0.11333333,  0.32267838,  0.        , ...,  0.49175501,
          0.69946947,  0.44814867],
        ...,
        [-0.58726978, -0.18448347, -0.49175501, ...,  0.        ,
          0.25761272, -0.04939073],
        [-0.77595788, -0.4314478 , -0.69946947, ..., -0.25761272,
          0.        , -0.30502202],
        [-0.54657661, -0.13571535, -0.44814867, ...,  0.04939073,
          0.30502202,  0.        ]],

       [[ 0.        ,  0.10543907,  0.20836389, ..., -0.71838231,
         -0.5564844 , -0.38591292],
        [-0.10543907,  0.        ,  0.10407759, ..., -0.78772641,
         -0.64098733, -0.48103301],
        [-0.20836389, -0.10407759,  0.        , ..., -0.84756283,
         -0.71739115, -0.56966569],
        ...,
        [ 0.71838231,  0.78772641,  0.84756283, ...,  0.        ,
          0.20975618,  0.39427322],
        [ 0.5564844 ,  0.64098733,  0.71739115, ..., -0.20975618,
          0.        ,  0.1927376 ],
        [ 0.38591292,  0.48103301,  0.56966569, ..., -0.39427322,
         -0.1927376 ,  0.        ]],

       ...,

       [[ 0.        ,  0.0406095 , -0.3328715 , ...,  0.06568696,
          0.67754223,  0.47038562],
        [-0.0406095 ,  0.        , -0.37089054, ...,  0.02511098,
          0.64711569,  0.4341613 ],
        [ 0.3328715 ,  0.37089054,  0.        , ...,  0.39409357,
          0.8837251 ,  0.73730667],
        ...,
        [-0.06568696, -0.02511098, -0.39409357, ...,  0.        ,
          0.62776723,  0.41140354],
        [-0.67754223, -0.64711569, -0.8837251 , ..., -0.62776723,
          0.        , -0.25194354],
        [-0.47038562, -0.4341613 , -0.73730667, ..., -0.41140354,
          0.25194354,  0.        ]],

       [[ 0.        ,  0.1350301 ,  0.20124897, ..., -0.97256255,
         -0.88917925, -0.80621716],
        [-0.1350301 ,  0.        ,  0.06713843, ..., -0.99506894,
         -0.94281994, -0.87871989],
        [-0.20124897, -0.06713843,  0.        , ..., -0.99948291,
         -0.96307004, -0.90878492],
        ...,
        [ 0.97256255,  0.99506894,  0.99948291, ...,  0.        ,
          0.23814474,  0.38782758],
        [ 0.88917925,  0.94281994,  0.96307004, ..., -0.23814474,
          0.        ,  0.15716404],
        [ 0.80621716,  0.87871989,  0.90878492, ..., -0.38782758,
         -0.15716404,  0.        ]],

       [[ 0.        ,  0.02179766,  0.04077308, ..., -0.99184924,
         -0.98443797, -0.99630991],
        [-0.02179766,  0.        ,  0.01898386, ..., -0.98883619,
         -0.98037352, -0.99420233],
        [-0.04077308, -0.01898386,  0.        , ..., -0.98582927,
         -0.97645419, -0.99198192],
        ...,
        [ 0.99184924,  0.98883619,  0.98582927, ...,  0.        ,
         -0.04886599,  0.04181769],
        [ 0.98443797,  0.98037352,  0.97645419, ...,  0.04886599,
          0.        ,  0.09059098],
        [ 0.99630991,  0.99420233,  0.99198192, ..., -0.04181769,
         -0.09059098,  0.        ]]]), 'num': array([ 7.07048005e-01,  7.07048005e-01,  0.00000000e+00,  3.70750808e-03,
        3.81236689e-03,  3.65507867e-03,  8.00334900e-03, -5.24294071e-05,
        3.71050404e-03,  3.39630210e-03,  3.43574898e-03,  9.69283157e-07,
        3.82369940e-03,  2.96890479e-03])}
{'img': array([[[ 0.        , -0.51850852, -0.49381812, ..., -0.70405552,
         -0.77030042, -0.84407071],
        [ 0.51850852,  0.        ,  0.0286267 , ..., -0.2338023 ,
         -0.32801957, -0.44370082],
        [ 0.49381812, -0.0286267 ,  0.        , ..., -0.26153976,
         -0.35492794, -0.46917351],
        ...,
        [ 0.70405552,  0.2338023 ,  0.26153976, ...,  0.        ,
         -0.09806199, -0.22187551],
        [ 0.77030042,  0.32801957,  0.35492794, ...,  0.09806199,
          0.        , -0.12518834],
        [ 0.84407071,  0.44370082,  0.46917351, ...,  0.22187551,
          0.12518834,  0.        ]],

       [[ 0.        , -0.32267838, -0.47157311, ...,  0.4314478 ,
          0.13571535,  0.07085555],
        [ 0.32267838,  0.        , -0.16180155, ...,  0.69946947,
          0.44814867,  0.38893274],
        [ 0.47157311,  0.16180155,  0.        , ...,  0.80588628,
          0.58688752,  0.53287019],
        ...,
        [-0.4314478 , -0.69946947, -0.80588628, ...,  0.        ,
         -0.30502202, -0.36644191],
        [-0.13571535, -0.44814867, -0.58688752, ...,  0.30502202,
          0.        , -0.06517426],
        [-0.07085555, -0.38893274, -0.53287019, ...,  0.36644191,
          0.06517426,  0.        ]],

       [[ 0.        ,  0.10407759,  0.47586549, ..., -0.64098733,
         -0.48103301, -0.417313  ],
        [-0.10407759,  0.        ,  0.38174302, ..., -0.71739115,
         -0.56966569, -0.5096285 ],
        [-0.47586549, -0.38174302,  0.        , ..., -0.92901119,
         -0.84026968, -0.79948319],
        ...,
        [ 0.64098733,  0.71739115,  0.92901119, ...,  0.        ,
          0.1927376 ,  0.26219625],
        [ 0.48103301,  0.56966569,  0.84026968, ..., -0.1927376 ,
          0.        ,  0.07128557],
        [ 0.417313  ,  0.5096285 ,  0.79948319, ..., -0.26219625,
         -0.07128557,  0.        ]],

       ...,

       [[ 0.        , -0.37089054, -0.44272706, ...,  0.64711569,
          0.4341613 , -0.21047972],
        [ 0.37089054,  0.        , -0.07858887, ...,  0.8837251 ,
          0.73730667,  0.16711435],
        [ 0.44272706,  0.07858887,  0.        , ...,  0.91777193,
          0.78811762,  0.2440812 ],
        ...,
        [-0.64711569, -0.8837251 , -0.91777193, ...,  0.        ,
         -0.25194354, -0.79308716],
        [-0.4341613 , -0.73730667, -0.78811762, ...,  0.25194354,
          0.        , -0.61404284],
        [ 0.21047972, -0.16711435, -0.2440812 , ...,  0.79308716,
          0.61404284,  0.        ]],

       [[ 0.        ,  0.06713843,  0.16004217, ..., -0.94281994,
         -0.87871989, -0.81999251],
        [-0.06713843,  0.        ,  0.09340804, ..., -0.96307004,
         -0.90878492, -0.85657064],
        [-0.16004217, -0.09340804,  0.        , ..., -0.98400962,
         -0.94378752, -0.90102697],
        ...,
        [ 0.94281994,  0.96307004,  0.98400962, ...,  0.        ,
          0.15716404,  0.26634032],
        [ 0.87871989,  0.90878492,  0.94378752, ..., -0.15716404,
          0.        ,  0.11154325],
        [ 0.81999251,  0.85657064,  0.90102697, ..., -0.26634032,
         -0.11154325,  0.        ]],

       [[ 0.        ,  0.01898386,  0.04291126, ..., -0.98037352,
         -0.99420233, -0.99994988],
        [-0.01898386,  0.        ,  0.02393715, ..., -0.97645419,
         -0.99198192, -0.99957962],
        [-0.04291126, -0.02393715,  0.        , ..., -0.97101057,
         -0.9886725 , -0.9985992 ],
        ...,
        [ 0.98037352,  0.97645419,  0.97101057, ...,  0.        ,
          0.09059098,  0.18732404],
        [ 0.99420233,  0.99198192,  0.9886725 , ..., -0.09059098,
          0.        ,  0.09756645],
        [ 0.99994988,  0.99957962,  0.9985992 , ..., -0.18732404,
         -0.09756645,  0.        ]]]), 'num': array([ 9.73408787e-01,  2.28466594e-01,  3.01596029e-06,  5.10234379e-03,
        5.22628736e-03,  5.05070063e-03,  9.10603108e-03, -1.03286311e-05,
        5.15192122e-03,  4.72379945e-03,  4.73223450e-03,  1.29890361e-06,
        5.31205195e-03,  4.13554696e-03])}
{'img': array([[[ 0.00000000e+00,  1.75406333e-01, -2.18249286e-01, ...,
         -5.17118484e-01, -6.40794166e-01, -6.56083050e-01],
        [-1.75406333e-01,  0.00000000e+00, -3.86043398e-01, ...,
         -6.59233849e-01, -7.65521048e-01, -7.78288397e-01],
        [ 2.18249286e-01,  3.86043398e-01,  0.00000000e+00, ...,
         -3.17849755e-01, -4.57793819e-01, -4.75556620e-01],
        ...,
        [ 5.17118484e-01,  6.59233849e-01,  3.17849755e-01, ...,
          0.00000000e+00, -1.51466141e-01, -1.71287075e-01],
        [ 6.40794166e-01,  7.65521048e-01,  4.57793819e-01, ...,
          1.51466141e-01,  0.00000000e+00, -2.00831943e-02],
        [ 6.56083050e-01,  7.78288397e-01,  4.75556620e-01, ...,
          1.71287075e-01,  2.00831943e-02,  0.00000000e+00]],

       [[ 0.00000000e+00, -1.61801549e-01, -1.69966816e-01, ...,
          4.48148672e-01,  3.88932742e-01,  2.07547353e-01],
        [ 1.61801549e-01,  0.00000000e+00, -8.27991502e-03, ...,
          5.86887516e-01,  5.32870189e-01,  3.63090883e-01],
        [ 1.69966816e-01,  8.27991502e-03,  0.00000000e+00, ...,
          5.93571384e-01,  5.39858362e-01,  3.70793278e-01],
        ...,
        [-4.48148672e-01, -5.86887516e-01, -5.93571384e-01, ...,
          0.00000000e+00, -6.51742609e-02, -2.52851389e-01],
        [-3.88932742e-01, -5.32870189e-01, -5.39858362e-01, ...,
          6.51742609e-02,  0.00000000e+00, -1.89257369e-01],
        [-2.07547353e-01, -3.63090883e-01, -3.70793278e-01, ...,
          2.52851389e-01,  1.89257369e-01,  0.00000000e+00]],

       [[ 0.00000000e+00,  3.81743022e-01,  3.81743022e-01, ...,
         -5.69665687e-01, -5.09628496e-01, -4.43365174e-01],
        [-3.81743022e-01,  0.00000000e+00,  0.00000000e+00, ...,
         -8.40269676e-01, -7.99483186e-01, -7.51960416e-01],
        [-3.81743022e-01,  0.00000000e+00,  0.00000000e+00, ...,
         -8.40269676e-01, -7.99483186e-01, -7.51960416e-01],
        ...,
        [ 5.69665687e-01,  8.40269676e-01,  8.40269676e-01, ...,
          0.00000000e+00,  7.12855652e-02,  1.46223330e-01],
        [ 5.09628496e-01,  7.99483186e-01,  7.99483186e-01, ...,
         -7.12855652e-02,  0.00000000e+00,  7.53319704e-02],
        [ 4.43365174e-01,  7.51960416e-01,  7.51960416e-01, ...,
         -1.46223330e-01, -7.53319704e-02,  0.00000000e+00]],

       ...,

       [[ 0.00000000e+00, -7.85888695e-02, -2.35284424e-01, ...,
          7.37306668e-01,  1.67114346e-01,  8.97768468e-02],
        [ 7.85888695e-02,  0.00000000e+00, -1.58174106e-01, ...,
          7.88117616e-01,  2.44081195e-01,  1.67770697e-01],
        [ 2.35284424e-01,  1.58174106e-01,  0.00000000e+00, ...,
          8.75556256e-01,  3.94398614e-01,  3.21590826e-01],
        ...,
        [-7.37306668e-01, -7.88117616e-01, -8.75556256e-01, ...,
          0.00000000e+00, -6.14042843e-01, -6.73679870e-01],
        [-1.67114346e-01, -2.44081195e-01, -3.94398614e-01, ...,
          6.14042843e-01,  0.00000000e+00, -7.79251608e-02],
        [-8.97768468e-02, -1.67770697e-01, -3.21590826e-01, ...,
          6.73679870e-01,  7.79251608e-02,  0.00000000e+00]],

       [[ 0.00000000e+00,  9.34080373e-02,  1.03237229e-01, ...,
         -9.08784919e-01, -8.56570640e-01, -8.08357957e-01],
        [-9.34080373e-02,  0.00000000e+00,  9.87693077e-03, ...,
         -9.43787523e-01, -9.01026967e-01, -8.59812241e-01],
        [-1.03237229e-01, -9.87693077e-03,  0.00000000e+00, ...,
         -9.47006334e-01, -9.05267265e-01, -8.64813564e-01],
        ...,
        [ 9.08784919e-01,  9.43787523e-01,  9.47006334e-01, ...,
          0.00000000e+00,  1.11543249e-01,  1.97694372e-01],
        [ 8.56570640e-01,  9.01026967e-01,  9.05267265e-01, ...,
         -1.11543249e-01,  0.00000000e+00,  8.71188774e-02],
        [ 8.08357957e-01,  8.59812241e-01,  8.64813564e-01, ...,
         -1.97694372e-01, -8.71188774e-02,  0.00000000e+00]],

       [[ 0.00000000e+00,  2.39371546e-02,  2.47195638e-02, ...,
         -9.91981917e-01, -9.99579621e-01, -9.96461857e-01],
        [-2.39371546e-02,  0.00000000e+00,  7.82640763e-04, ...,
         -9.88672505e-01, -9.98599202e-01, -9.98188164e-01],
        [-2.47195638e-02, -7.82640763e-04,  0.00000000e+00, ...,
         -9.88554736e-01, -9.98557486e-01, -9.98234949e-01],
        ...,
        [ 9.91981917e-01,  9.88672505e-01,  9.88554736e-01, ...,
          0.00000000e+00,  9.75664506e-02,  2.09305066e-01],
        [ 9.99579621e-01,  9.98599202e-01,  9.98557486e-01, ...,
         -9.75664506e-02,  0.00000000e+00,  1.12901082e-01],
        [ 9.96461857e-01,  9.98188164e-01,  9.98234949e-01, ...,
         -2.09305066e-01, -1.12901082e-01,  0.00000000e+00]]]), 'num': array([ 9.99682500e-01,  1.98394677e-02,  3.98310176e-06,  5.23980231e-03,
        5.37825237e-03,  5.19720229e-03,  5.76058754e-03, -2.13000094e-05,
        5.30370234e-03,  4.90113216e-03,  4.87503965e-03,  1.60718253e-06,
        5.51767822e-03,  4.28458610e-03])}
{'img': array([[[ 0.00000000e+00, -3.86043398e-01, -2.47091123e-01, ...,
         -7.65521048e-01, -7.78288397e-01, -8.02316219e-01],
        [ 3.86043398e-01,  0.00000000e+00,  1.46136288e-01, ...,
         -4.57793819e-01, -4.75556620e-01, -5.09692158e-01],
        [ 2.47091123e-01, -1.46136288e-01,  0.00000000e+00, ...,
         -5.82802851e-01, -5.99005183e-01, -6.29949697e-01],
        ...,
        [ 7.65521048e-01,  4.57793819e-01,  5.82802851e-01, ...,
          0.00000000e+00, -2.00831943e-02, -5.92800427e-02],
        [ 7.78288397e-01,  4.75556620e-01,  5.99005183e-01, ...,
          2.00831943e-02,  0.00000000e+00, -3.92202108e-02],
        [ 8.02316219e-01,  5.09692158e-01,  6.29949697e-01, ...,
          5.92800427e-02,  3.92202108e-02,  0.00000000e+00]],

       [[ 0.00000000e+00, -8.27991502e-03, -6.37381347e-02, ...,
          5.32870189e-01,  3.63090883e-01, -6.25444437e-02],
        [ 8.27991502e-03,  0.00000000e+00, -5.54728707e-02, ...,
          5.39858362e-01,  3.70793278e-01, -5.42785952e-02],
        [ 6.37381347e-02,  5.54728707e-02,  0.00000000e+00, ...,
          5.85721700e-01,  4.21740840e-01,  1.19607747e-03],
        ...,
        [-5.32870189e-01, -5.39858362e-01, -5.85721700e-01, ...,
          0.00000000e+00, -1.89257369e-01, -5.84751845e-01],
        [-3.63090883e-01, -3.70793278e-01, -4.21740840e-01, ...,
          1.89257369e-01,  0.00000000e+00, -4.20656035e-01],
        [ 6.25444437e-02,  5.42785952e-02, -1.19607747e-03, ...,
          5.84751845e-01,  4.20656035e-01,  0.00000000e+00]],

       [[ 0.00000000e+00,  0.00000000e+00, -1.17140788e-01, ...,
         -7.99483186e-01, -7.51960416e-01, -7.63811906e-01],
        [ 0.00000000e+00,  0.00000000e+00, -1.17140788e-01, ...,
         -7.99483186e-01, -7.51960416e-01, -7.63811906e-01],
        [ 1.17140788e-01,  1.17140788e-01,  0.00000000e+00, ...,
         -7.23613878e-01, -6.69563233e-01, -6.82946083e-01],
        ...,
        [ 7.99483186e-01,  7.99483186e-01,  7.23613878e-01, ...,
          0.00000000e+00,  7.53319704e-02,  5.72045427e-02],
        [ 7.51960416e-01,  7.51960416e-01,  6.69563233e-01, ...,
         -7.53319704e-02,  0.00000000e+00, -1.81666162e-02],
        [ 7.63811906e-01,  7.63811906e-01,  6.82946083e-01, ...,
         -5.72045427e-02,  1.81666162e-02,  0.00000000e+00]],

       ...,

       [[ 0.00000000e+00, -1.58174106e-01, -4.04201328e-01, ...,
          2.44081195e-01,  1.67770697e-01,  8.31027945e-01],
        [ 1.58174106e-01,  0.00000000e+00, -2.54435817e-01, ...,
          3.94398614e-01,  3.21590826e-01,  9.08547620e-01],
        [ 4.04201328e-01,  2.54435817e-01,  0.00000000e+00, ...,
          6.15229935e-01,  5.51927028e-01,  9.84945540e-01],
        ...,
        [-2.44081195e-01, -3.94398614e-01, -6.15229935e-01, ...,
          0.00000000e+00, -7.79251608e-02,  6.70127892e-01],
        [-1.67770697e-01, -3.21590826e-01, -5.51927028e-01, ...,
          7.79251608e-02,  0.00000000e+00,  7.25929786e-01],
        [-8.31027945e-01, -9.08547620e-01, -9.84945540e-01, ...,
         -6.70127892e-01, -7.25929786e-01,  0.00000000e+00]],

       [[ 0.00000000e+00,  9.87693077e-03,  1.49166318e-01, ...,
         -9.01026967e-01, -8.59812241e-01, -8.10211387e-01],
        [-9.87693077e-03,  0.00000000e+00,  1.39392613e-01, ...,
         -9.05267265e-01, -8.64813564e-01, -8.15961109e-01],
        [-1.49166318e-01, -1.39392613e-01,  0.00000000e+00, ...,
         -9.55649227e-01, -9.26358628e-01, -8.88578856e-01],
        ...,
        [ 9.01026967e-01,  9.05267265e-01,  9.55649227e-01, ...,
          0.00000000e+00,  8.71188774e-02,  1.76686173e-01],
        [ 8.59812241e-01,  8.64813564e-01,  9.26358628e-01, ...,
         -8.71188774e-02,  0.00000000e+00,  9.02661413e-02],
        [ 8.10211387e-01,  8.15961109e-01,  8.88578856e-01, ...,
         -1.76686173e-01, -9.02661413e-02,  0.00000000e+00]],

       [[ 0.00000000e+00,  7.82640763e-04,  3.67396283e-02, ...,
         -9.98599202e-01, -9.98188164e-01, -9.94022733e-01],
        [-7.82640763e-04,  0.00000000e+00,  3.59575046e-02, ...,
         -9.98557486e-01, -9.98234949e-01, -9.94107872e-01],
        [-3.67396283e-02, -3.59575046e-02,  0.00000000e+00, ...,
         -9.95981069e-01, -9.99724870e-01, -9.97362626e-01],
        ...,
        [ 9.98599202e-01,  9.98557486e-01,  9.95981069e-01, ...,
          0.00000000e+00,  1.12901082e-01,  1.61615652e-01],
        [ 9.98188164e-01,  9.98234949e-01,  9.99724870e-01, ...,
         -1.12901082e-01,  0.00000000e+00,  4.91654593e-02],
        [ 9.94022733e-01,  9.94107872e-01,  9.97362626e-01, ...,
         -1.61615652e-01, -4.91654593e-02,  0.00000000e+00]]]), 'num': array([ 9.99641400e-01,  2.02008462e-02,  4.05565447e-06,  5.23765002e-03,
        5.37862197e-03,  5.11836607e-03,  9.84619647e-03, -9.75959631e-05,
        5.34825878e-03,  5.01751691e-03,  4.95751346e-03,  1.57903800e-06,
        5.63879743e-03,  4.39623638e-03])}
{'img': array([[[ 0.        ,  0.30373703,  0.05693597, ..., -0.52262528,
         -0.55704976, -0.68976903],
        [-0.30373703,  0.        , -0.24899824, ..., -0.75688912,
         -0.78297971, -0.87709608],
        [-0.05693597,  0.24899824,  0.        , ..., -0.57031896,
         -0.60343026, -0.72987343],
        ...,
        [ 0.52262528,  0.75688912,  0.57031896, ...,  0.        ,
         -0.04089036, -0.2096751 ],
        [ 0.55704976,  0.78297971,  0.60343026, ...,  0.04089036,
          0.        , -0.16951833],
        [ 0.68976903,  0.87709608,  0.72987343, ...,  0.2096751 ,
          0.16951833,  0.        ]],

       [[ 0.        , -0.05547287, -0.07358442, ...,  0.37079328,
         -0.0542786 ,  0.3966368 ],
        [ 0.05547287,  0.        , -0.01814863, ...,  0.42174084,
          0.00119608,  0.44694879],
        [ 0.07358442,  0.01814863,  0.        , ...,  0.43812704,
          0.0193445 ,  0.46311021],
        ...,
        [-0.37079328, -0.42174084, -0.43812704, ...,  0.        ,
         -0.42065604,  0.02798352],
        [ 0.0542786 , -0.00119608, -0.0193445 , ...,  0.42065604,
          0.        ,  0.44587851],
        [-0.3966368 , -0.44694879, -0.46311021, ..., -0.02798352,
         -0.44587851,  0.        ]],

       [[ 0.        , -0.11714079, -0.3171814 , ..., -0.75196042,
         -0.76381191, -0.82657763],
        [ 0.11714079,  0.        , -0.20390549, ..., -0.66956323,
         -0.68294608, -0.75495741],
        [ 0.3171814 ,  0.20390549,  0.        , ..., -0.50404426,
         -0.51965118, -0.60538031],
        ...,
        [ 0.75196042,  0.66956323,  0.50404426, ...,  0.        ,
         -0.01816662, -0.1216664 ],
        [ 0.76381191,  0.68294608,  0.51965118, ...,  0.01816662,
          0.        , -0.10361466],
        [ 0.82657763,  0.75495741,  0.60538031, ...,  0.1216664 ,
          0.10361466,  0.        ]],

       ...,

       [[ 0.        , -0.25443582, -0.45557895, ...,  0.32159083,
          0.90854762,  0.75179035],
        [ 0.25443582,  0.        , -0.2140881 , ...,  0.55192703,
          0.98494554,  0.89482422],
        [ 0.45557895,  0.2140881 ,  0.        , ...,  0.71765669,
          0.99911727,  0.96965007],
        ...,
        [-0.32159083, -0.55192703, -0.71765669, ...,  0.        ,
          0.72592979,  0.4997966 ],
        [-0.90854762, -0.98494554, -0.99911727, ..., -0.72592979,
          0.        , -0.28501434],
        [-0.75179035, -0.89482422, -0.96965007, ..., -0.4997966 ,
          0.28501434,  0.        ]],

       [[ 0.        ,  0.13939261, -0.21084842, ..., -0.86481356,
         -0.81596111, -0.78793482],
        [-0.13939261,  0.        , -0.34504884, ..., -0.92635863,
         -0.88857886, -0.86607457],
        [ 0.21084842,  0.34504884,  0.        , ..., -0.73950595,
         -0.67572439, -0.64038933],
        ...,
        [ 0.86481356,  0.92635863,  0.73950595, ...,  0.        ,
          0.09026614,  0.13689979],
        [ 0.81596111,  0.88857886,  0.67572439, ..., -0.09026614,
          0.        ,  0.04692465],
        [ 0.78793482,  0.86607457,  0.64038933, ..., -0.13689979,
         -0.04692465,  0.        ]],

       [[ 0.        ,  0.0359575 ,  0.20969686, ..., -0.99823495,
         -0.99410787, -0.98318836],
        [-0.0359575 ,  0.        ,  0.17440321, ..., -0.99972487,
         -0.99736263, -0.98911819],
        [-0.20969686, -0.17440321,  0.        , ..., -0.98849421,
         -0.99473547, -0.99961802],
        ...,
        [ 0.99823495,  0.99972487,  0.98849421, ...,  0.        ,
          0.04916546,  0.12388191],
        [ 0.99410787,  0.99736263,  0.99473547, ..., -0.04916546,
          0.        ,  0.07494535],
        [ 0.98318836,  0.98911819,  0.99961802, ..., -0.12388191,
         -0.07494535,  0.        ]]]), 'num': array([9.99499262e-01, 8.88476604e-03, 3.74523439e-06, 5.24134654e-03,
       5.25125457e-03, 4.89456558e-03, 2.70719413e-02, 4.55769264e-04,
       4.94014251e-03, 4.63695686e-03, 4.53226204e-03, 1.65991629e-06,
       5.24240139e-03, 4.03151233e-03])}
{'img': array([[[ 0.        , -0.04762958, -0.07035624, ..., -0.44447459,
         -0.56591354,  0.58046428],
        [ 0.04762958,  0.        , -0.02276484, ..., -0.40130397,
         -0.52600237,  0.61858957],
        [ 0.07035624,  0.02276484,  0.        , ..., -0.38034863,
         -0.50650494,  0.63631593],
        ...,
        [ 0.44447459,  0.40130397,  0.38034863, ...,  0.        ,
         -0.14048696,  0.88190425],
        [ 0.56591354,  0.52600237,  0.50650494, ...,  0.14048696,
          0.        ,  0.93938756],
        [-0.58046428, -0.61858957, -0.63631593, ..., -0.88190425,
         -0.93938756,  0.        ]],

       [[ 0.        , -0.01730962, -0.14152649, ...,  0.00114063,
          0.42588701,  0.53763485],
        [ 0.01730962,  0.        , -0.1243699 , ...,  0.01845006,
          0.44148454,  0.52295922],
        [ 0.14152649,  0.1243699 ,  0.        , ...,  0.14265554,
          0.54965005,  0.41289128],
        ...,
        [-0.00114063, -0.01845006, -0.14265554, ...,  0.        ,
          0.42485472,  0.53859625],
        [-0.42588701, -0.44148454, -0.54965005, ..., -0.42485472,
          0.        ,  0.84553776],
        [-0.53763485, -0.52295922, -0.41289128, ..., -0.53859625,
         -0.84553776,  0.        ]],

       [[ 0.        , -0.29629978, -0.33763235, ..., -0.75897255,
         -0.82287594, -0.74995811],
        [ 0.29629978,  0.        , -0.04357049, ..., -0.53196339,
         -0.61756091, -0.52028329],
        [ 0.33763235,  0.04357049,  0.        , ..., -0.49456415,
         -0.58270526, -0.48258028],
        ...,
        [ 0.75897255,  0.53196339,  0.49456415, ...,  0.        ,
         -0.10452895,  0.0137345 ],
        [ 0.82287594,  0.61756091,  0.58270526, ...,  0.10452895,
          0.        ,  0.11817835],
        [ 0.74995811,  0.52028329,  0.48258028, ..., -0.0137345 ,
         -0.11817835,  0.        ]],

       ...,

       [[ 0.        , -0.19211956, -0.19211956, ...,  0.82386244,
          0.75363277,  0.99190607],
        [ 0.19211956,  0.        ,  0.        , ...,  0.91740655,
          0.86587311,  0.94903421],
        [ 0.19211956,  0.        ,  0.        , ...,  0.91740655,
          0.86587311,  0.94903421],
        ...,
        [-0.82386244, -0.91740655, -0.91740655, ...,  0.        ,
         -0.11436988,  0.66681121],
        [-0.75363277, -0.86587311, -0.86587311, ...,  0.11436988,
          0.        ,  0.74766724],
        [-0.99190607, -0.94903421, -0.94903421, ..., -0.66681121,
         -0.74766724,  0.        ]],

       [[ 0.        , -0.34504884, -0.48313421, ..., -0.88857886,
         -0.86607457, -0.71668313],
        [ 0.34504884,  0.        , -0.15135615, ..., -0.67572439,
         -0.64038933, -0.43203114],
        [ 0.48313421,  0.15135615,  0.        , ..., -0.55636673,
         -0.51676243, -0.29055198],
        ...,
        [ 0.88857886,  0.67572439,  0.55636673, ...,  0.        ,
          0.04692465,  0.29093428],
        [ 0.86607457,  0.64038933,  0.51676243, ..., -0.04692465,
          0.        ,  0.24571896],
        [ 0.71668313,  0.43203114,  0.29055198, ..., -0.29093428,
         -0.24571896,  0.        ]],

       [[ 0.        ,  0.17440321,  0.36865477, ..., -0.99736263,
         -0.98911819, -0.9834929 ],
        [-0.17440321,  0.        ,  0.20088552, ..., -0.99473547,
         -0.99961802, -0.99997789],
        [-0.36865477, -0.20088552,  0.        , ..., -0.95387157,
         -0.97368866, -0.98092881],
        ...,
        [ 0.99736263,  0.99473547,  0.95387157, ...,  0.        ,
          0.07494535,  0.109088  ],
        [ 0.98911819,  0.99961802,  0.97368866, ..., -0.07494535,
          0.        ,  0.03428312],
        [ 0.9834929 ,  0.99997789,  0.98092881, ..., -0.109088  ,
         -0.03428312,  0.        ]]]), 'num': array([9.99655989e-01, 8.82005974e-03, 3.71795846e-06, 5.24251815e-03,
       5.36054857e-03, 5.22284641e-03, 2.03879465e-02, 3.93434758e-05,
       4.97891686e-03, 4.65875932e-03, 4.50204115e-03, 1.63931149e-06,
       5.28009592e-03, 4.03742273e-03])}
{'img': array([[[ 0.        , -0.02029556, -0.02029556, ..., -0.49408749,
          0.3973189 ,  0.67686072],
        [ 0.02029556,  0.        ,  0.        , ..., -0.47634051,
          0.4158619 ,  0.69166109],
        [ 0.02029556,  0.        ,  0.        , ..., -0.47634051,
          0.4158619 ,  0.69166109],
        ...,
        [ 0.49408749,  0.47634051,  0.47634051, ...,  0.        ,
          0.7988484 ,  0.95217425],
        [-0.3973189 , -0.4158619 , -0.4158619 , ..., -0.7988484 ,
          0.        ,  0.3286711 ],
        [-0.67686072, -0.69166109, -0.69166109, ..., -0.95217425,
         -0.3286711 ,  0.        ]],

       [[ 0.        , -0.1243699 ,  0.13682048, ...,  0.44148454,
          0.52295922,  0.99607694],
        [ 0.1243699 ,  0.        ,  0.25895849, ...,  0.54965005,
          0.41289128,  0.99934899],
        [-0.13682048, -0.25895849,  0.        , ...,  0.314568  ,
          0.63466122,  0.97460225],
        ...,
        [-0.44148454, -0.54965005, -0.314568  , ...,  0.        ,
          0.84553776,  0.85468121],
        [-0.52295922, -0.41289128, -0.63466122, ..., -0.84553776,
          0.        , -0.89529127],
        [-0.99607694, -0.99934899, -0.97460225, ..., -0.85468121,
          0.89529127,  0.        ]],

       [[ 0.        , -0.16753738, -0.25018566, ..., -0.79680216,
         -0.71448903, -0.55188193],
        [ 0.16753738,  0.        , -0.08444013, ..., -0.6843071 ,
         -0.58717328, -0.40436833],
        [ 0.25018566,  0.08444013,  0.        , ..., -0.62028991,
         -0.51672521, -0.32569552],
        ...,
        [ 0.79680216,  0.6843071 ,  0.62028991, ...,  0.        ,
          0.1257569 ,  0.33100177],
        [ 0.71448903,  0.58717328,  0.51672521, ..., -0.1257569 ,
          0.        ,  0.20970597],
        [ 0.55188193,  0.40436833,  0.32569552, ..., -0.33100177,
         -0.20970597,  0.        ]],

       ...,

       [[ 0.        ,  0.        ,  0.04367396, ...,  0.86587311,
          0.94903421,  0.98761454],
        [ 0.        ,  0.        ,  0.04367396, ...,  0.86587311,
          0.94903421,  0.98761454],
        [-0.04367396, -0.04367396,  0.        , ...,  0.84319843,
          0.96189354,  0.99352462],
        ...,
        [-0.86587311, -0.86587311, -0.84319843, ...,  0.        ,
          0.74766724,  0.62992296],
        [-0.94903421, -0.94903421, -0.96189354, ..., -0.74766724,
          0.        , -0.16236628],
        [-0.98761454, -0.98761454, -0.99352462, ..., -0.62992296,
          0.16236628,  0.        ]],

       [[ 0.        , -0.35474132, -0.43786488, ..., -0.83684962,
         -0.660105  , -0.38330951],
        [ 0.35474132,  0.        , -0.0904612 , ..., -0.58822763,
         -0.35070252, -0.03073462],
        [ 0.43786488,  0.0904612 ,  0.        , ..., -0.51266033,
         -0.2645489 ,  0.05980986],
        ...,
        [ 0.83684962,  0.58822763,  0.51266033, ...,  0.        ,
          0.26725597,  0.5630948 ],
        [ 0.660105  ,  0.35070252,  0.2645489 , ..., -0.26725597,
          0.        ,  0.32175427],
        [ 0.38330951,  0.03073462, -0.05980986, ..., -0.5630948 ,
         -0.32175427,  0.        ]],

       [[ 0.        ,  0.20088552,  0.37228336, ..., -0.99961802,
         -0.99997789, -0.99631916],
        [-0.20088552,  0.        ,  0.17824856, ..., -0.97368866,
         -0.98092881, -0.99322907],
        [-0.37228336, -0.17824856,  0.        , ..., -0.9174758 ,
         -0.93057401, -0.95661545],
        ...,
        [ 0.99961802,  0.97368866,  0.9174758 , ...,  0.        ,
          0.03428312,  0.11322377],
        [ 0.99997789,  0.98092881,  0.93057401, ..., -0.03428312,
          0.        ,  0.07909455],
        [ 0.99631916,  0.99322907,  0.95661545, ..., -0.11322377,
         -0.07909455,  0.        ]]]), 'num': array([ 9.99801099e-01,  8.92087664e-03,  3.76045625e-06,  5.24275250e-03,
        5.33228717e-03,  5.17311442e-03,  1.09641971e-02, -5.96897817e-05,
        5.10148668e-03,  4.74782472e-03,  4.55565679e-03,  1.55529713e-06,
        5.41058964e-03,  4.08505980e-03])}
{'img': array([[[ 0.        ,  0.        ,  0.02029556, ...,  0.4158619 ,
          0.69166109,  0.34538466],
        [ 0.        ,  0.        ,  0.02029556, ...,  0.4158619 ,
          0.69166109,  0.34538466],
        [-0.02029556, -0.02029556,  0.        , ...,  0.3973189 ,
          0.67686072,  0.32626692],
        ...,
        [-0.4158619 , -0.4158619 , -0.3973189 , ...,  0.        ,
          0.3286711 , -0.07616786],
        [-0.69166109, -0.69166109, -0.67686072, ..., -0.3286711 ,
          0.        , -0.39965263],
        [-0.34538466, -0.34538466, -0.32626692, ...,  0.07616786,
          0.39965263,  0.        ]],

       [[ 0.        ,  0.25895849,  0.16017453, ...,  0.41289128,
          0.99934899,  0.69284006],
        [-0.25895849,  0.        , -0.10090428, ...,  0.63466122,
          0.97460225,  0.4824735 ],
        [-0.16017453,  0.10090428,  0.        , ...,  0.55344413,
          0.99222482,  0.56839415],
        ...,
        [-0.41289128, -0.63466122, -0.55344413, ...,  0.        ,
         -0.89529127, -0.9287574 ],
        [-0.99934899, -0.97460225, -0.99222482, ...,  0.89529127,
          0.        , -0.74561786],
        [-0.69284006, -0.4824735 , -0.56839415, ...,  0.9287574 ,
          0.74561786,  0.        ]],

       [[ 0.        , -0.18780462, -0.16812828, ..., -0.70243918,
         -0.53163258, -0.26440108],
        [ 0.18780462,  0.        ,  0.01999457, ..., -0.55627149,
         -0.36310709, -0.07857525],
        [ 0.16812828, -0.01999457,  0.        , ..., -0.57277579,
         -0.38166439, -0.09849229],
        ...,
        [ 0.70243918,  0.55627149,  0.57277579, ...,  0.        ,
          0.21656231,  0.48925553],
        [ 0.53163258,  0.36310709,  0.38166439, ..., -0.21656231,
          0.        ,  0.28877214],
        [ 0.26440108,  0.07857525,  0.09849229, ..., -0.48925553,
         -0.28877214,  0.        ]],

       ...,

       [[ 0.        ,  0.04367396,  0.0015782 , ...,  0.94903421,
          0.98761454,  0.96273534],
        [-0.04367396,  0.        , -0.04209721, ...,  0.96189354,
          0.99352462,  0.95000532],
        [-0.0015782 ,  0.04209721,  0.        , ...,  0.94953044,
          0.98786093,  0.96230732],
        ...,
        [-0.94903421, -0.96189354, -0.94953044, ...,  0.        ,
         -0.16236628, -0.56009009],
        [-0.98761454, -0.99352462, -0.98786093, ...,  0.16236628,
          0.        , -0.41814864],
        [-0.96273534, -0.95000532, -0.96230732, ...,  0.56009009,
          0.41814864,  0.        ]],

       [[ 0.        , -0.06407161, -0.09682495, ..., -0.27881007,
         -0.02095518,  0.51123531],
        [ 0.06407161,  0.        , -0.03285544, ..., -0.21670627,
          0.04314542,  0.56525063],
        [ 0.09682495,  0.03285544,  0.        , ..., -0.18451458,
          0.07594697,  0.59204854],
        ...,
        [ 0.27881007,  0.21670627,  0.18451458, ...,  0.        ,
          0.25862462,  0.73058366],
        [ 0.02095518, -0.04314542, -0.07594697, ..., -0.25862462,
          0.        ,  0.52913278],
