state_0,state_1,state_2,state_3,state_4,state_5,state_6,state_7,state_8,state_9,state_10,state_11,state_12,state_13,state_14,state_15,state_16,state_17,state_18,state_19,state_20,state_21,state_22,state_23,state_24,state_25,state_26,state_27,state_28,state_29,state_30,state_31,state_32,state_33,state_34,state_35,state_36,state_37,state_38,state_39,state_40,state_41,state_42,state_43,state_44,state_45,state_46,state_47,state_48,state_49,state_50,state_51,state_52,state_53,state_54,state_55,state_56,state_57,state_58,state_59,state_60,state_61,state_62,state_63,state_64,state_65,state_66,state_67,state_68,state_69,state_70,state_71,state_72,state_73,state_74,state_75,state_76,state_77,state_78,state_79,state_80,state_81,state_82,state_83,state_84,state_85,state_86,state_87,state_88,state_89,state_90,state_91,state_92,state_93,state_94,state_95,state_96,state_97,state_98,state_99,state_100,state_101,state_102,state_103,state_104,state_105,state_106,state_107,state_108,state_109,state_110,state_111,state_112,state_113,state_114,state_115,state_116,state_117,state_118,state_119,state_120,state_121,state_122,state_123,state_124,state_125,state_126,state_127,state_128,state_129,state_130,state_131,state_132,state_133,state_134,state_135,state_136,state_137,state_138,state_139,state_140,state_141,state_142,state_143,state_144,state_145,state_146,state_147,state_148,state_149,state_150,state_151,state_152,state_153,state_154,state_155,state_156,state_157,state_158,state_159,state_160,state_161,state_162,state_163,state_164,state_165,state_166,state_167,state_168,state_169,state_170,state_171,state_172,state_173,state_174,state_175,state_176,state_177,state_178,state_179,state_180,state_181,state_182,state_183,state_184,state_185,state_186,state_187,state_188,state_189,state_190,state_191,state_192,state_193,state_194,state_195,state_196,state_197,state_198,state_199,state_200,state_201,state_202,state_203,state_204,state_205,state_206,state_207,state_208,state_209,state_210,state_211,state_212,state_213,state_214,state_215,state_216,state_217,state_218,state_219,state_220,state_221,state_222,state_223,state_224,state_225,state_226,state_227,state_228,state_229,state_230,state_231,state_232,state_233,state_234,state_235,state_236,state_237,state_238,state_239,state_240,state_241,state_242,state_243,state_244,state_245,state_246,state_247,state_248,state_249,state_250,state_251,state_252,state_253,state_254,state_255,state_256,state_257,state_258,state_259,state_260,state_261,state_262,state_263,state_264,state_265,state_266,state_267,state_268,state_269,state_270,state_271,state_272,state_273,state_274,state_275,state_276,state_277,state_278,state_279,state_280,state_281,state_282,state_283,state_284,state_285,state_286,state_287
{'img': array([[[ 0.        , -0.65560728, -0.79381197, ..., -0.98298731,
         -0.92515406, -0.92846153],
        [ 0.65560728,  0.        , -0.20069277, ..., -0.86267339,
         -0.94744889, -0.45757192],
        [ 0.79381197,  0.20069277,  0.        , ..., -0.74361897,
         -0.86396926, -0.26981175],
        ...,
        [ 0.98298731,  0.86267339,  0.74361897, ...,  0.        ,
         -0.2032077 ,  0.53564332],
        [ 0.92515406,  0.94744889,  0.86396926, ...,  0.2032077 ,
          0.        ,  0.69606507],
        [ 0.92846153,  0.45757192,  0.26981175, ..., -0.53564332,
         -0.69606507,  0.        ]],

       [[ 0.        , -0.14643665, -0.24229319, ...,  0.4112121 ,
         -0.14907582,  0.83651858],
        [ 0.14643665,  0.        , -0.09760799, ...,  0.54026208,
         -0.00266845,  0.74726266],
        [ 0.24229319,  0.09760799,  0.        , ...,  0.61981911,
          0.09495193,  0.67883112],
        ...,
        [-0.4112121 , -0.54026208, -0.61981911, ...,  0.        ,
         -0.54250565,  0.98783885],
        [ 0.14907582,  0.00266845, -0.09495193, ...,  0.54250565,
          0.        ,  0.74548674],
        [-0.83651858, -0.74726266, -0.67883112, ..., -0.98783885,
         -0.74548674,  0.        ]],

       [[ 0.        , -0.55673847, -0.76183577, ..., -0.87394956,
         -0.91120982, -0.95533023],
        [ 0.55673847,  0.        , -0.2722091 , ..., -0.99656342,
         -0.98627518, -0.95811993],
        [ 0.76183577,  0.2722091 ,  0.        , ..., -0.93638335,
         -0.90408716, -0.84398775],
        ...,
        [ 0.87394956,  0.99656342,  0.93638335, ...,  0.        ,
          0.08284611,  0.20601894],
        [ 0.91120982,  0.98627518,  0.90408716, ..., -0.08284611,
          0.        ,  0.12424183],
        [ 0.95533023,  0.95811993,  0.84398775, ..., -0.20601894,
         -0.12424183,  0.        ]],

       ...,

       [[ 0.        , -0.02438034, -0.46110429, ...,  0.69976254,
          0.7530344 ,  0.992778  ],
        [ 0.02438034,  0.        , -0.43933344, ...,  0.71697126,
          0.76885237,  0.9895581 ],
        [ 0.46110429,  0.43933344,  0.        , ...,  0.95033307,
          0.97159996,  0.82562071],
        ...,
        [-0.69976254, -0.71697126, -0.95033307, ...,  0.        ,
          0.07751879,  0.793164  ],
        [-0.7530344 , -0.76885237, -0.97159996, ..., -0.07751879,
          0.        ,  0.74356771],
        [-0.992778  , -0.9895581 , -0.82562071, ..., -0.793164  ,
         -0.74356771,  0.        ]],

       [[ 0.        , -0.20607589, -0.31498507, ..., -0.33087294,
         -0.        , -0.45426673],
        [ 0.20607589,  0.        , -0.1126383 , ..., -0.51823982,
         -0.20607589, -0.62810231],
        [ 0.31498507,  0.1126383 ,  0.        , ..., -0.61127403,
         -0.31498507, -0.71175242],
        ...,
        [ 0.33087294,  0.51823982,  0.61127403, ...,  0.        ,
         -0.33087294,  0.13391694],
        [ 0.        ,  0.20607589,  0.31498507, ...,  0.33087294,
          0.        ,  0.45426673],
        [ 0.45426673,  0.62810231,  0.71175242, ..., -0.13391694,
         -0.45426673,  0.        ]],

       [[ 0.        , -0.47319614, -0.65401913, ..., -0.32875418,
         -0.37618217, -0.15759796],
        [ 0.47319614,  0.        , -0.21820033, ..., -0.73651211,
         -0.76983821, -0.60611982],
        [ 0.65401913,  0.21820033,  0.        , ..., -0.86636113,
         -0.89055217, -0.76506548],
        ...,
        [ 0.32875418,  0.73651211,  0.86636113, ...,  0.        ,
          0.05066651, -0.1758079 ],
        [ 0.37618217,  0.76983821,  0.89055217, ..., -0.05066651,
          0.        , -0.22545945],
        [ 0.15759796,  0.60611982,  0.76506548, ...,  0.1758079 ,
          0.22545945,  0.        ]]]), 'num': array([ 7.06887128e-01,  7.06887128e-01,  0.00000000e+00,  2.07767500e-04,
        2.12543765e-04,  2.06931654e-04,  2.49165891e-02, -5.61211064e-06,
        2.07886907e-04,  2.01570297e-04,  2.09636214e-04,  7.01543862e-07,
        2.12072894e-04,  1.91067700e-04])}
{'img': array([[[ 0.        , -0.31059317, -0.55117968, ..., -0.99837097,
         -0.61177271, -0.89318458],
        [ 0.31059317,  0.        , -0.26476518, ..., -0.93127319,
         -0.33582659, -0.70933958],
        [ 0.55117968,  0.26476518,  0.        , ..., -0.80157908,
         -0.07445328, -0.4974011 ],
        ...,
        [ 0.99837097,  0.93127319,  0.80157908, ...,  0.        ,
          0.75483952,  0.39799591],
        [ 0.61177271,  0.33582659,  0.07445328, ..., -0.75483952,
          0.        , -0.4314308 ],
        [ 0.89318458,  0.70933958,  0.4974011 , ..., -0.39799591,
          0.4314308 ,  0.        ]],

       [[ 0.        , -0.09760799,  0.07249836, ..., -0.00266845,
          0.74726266,  0.45963153],
        [ 0.09760799,  0.        ,  0.16950332, ...,  0.09495193,
          0.67883112,  0.54412337],
        [-0.07249836, -0.16950332,  0.        , ..., -0.07515953,
          0.79347351,  0.39403553],
        ...,
        [ 0.00266845, -0.09495193,  0.07515953, ...,  0.        ,
          0.74548674,  0.46199978],
        [-0.74726266, -0.67883112, -0.79347351, ..., -0.74548674,
          0.        , -0.96908961],
        [-0.45963153, -0.54412337, -0.39403553, ..., -0.46199978,
          0.96908961,  0.        ]],

       [[ 0.        , -0.59977973, -0.78448433, ..., -0.9338918 ,
         -0.97309882, -0.97897846],
        [ 0.59977973,  0.        , -0.25576444, ..., -0.96172236,
         -0.91682189, -0.90567772],
        [ 0.78448433,  0.25576444,  0.        , ..., -0.8596486 ,
         -0.78420177, -0.76711846],
        ...,
        [ 0.9338918 ,  0.96172236,  0.8596486 , ...,  0.        ,
          0.1327795 ,  0.15955937],
        [ 0.97309882,  0.91682189,  0.78420177, ..., -0.1327795 ,
          0.        ,  0.02706819],
        [ 0.97897846,  0.90567772,  0.76711846, ..., -0.15955937,
         -0.02706819,  0.        ]],

       ...,

       [[ 0.        , -0.43933344, -0.47584994, ...,  0.76885237,
          0.9895581 ,  0.80690375],
        [ 0.43933344,  0.        , -0.04106206, ...,  0.97159996,
          0.82562071,  0.98436783],
        [ 0.47584994,  0.04106206,  0.        , ...,  0.980497  ,
          0.80175612,  0.99076966],
        ...,
        [-0.76885237, -0.97159996, -0.980497  , ...,  0.        ,
          0.74356771,  0.06180751],
        [-0.9895581 , -0.82562071, -0.80175612, ..., -0.74356771,
          0.        , -0.70081782],
        [-0.80690375, -0.98436783, -0.99076966, ..., -0.06180751,
          0.70081782,  0.        ]],

       [[ 0.        , -0.24214031, -0.40320784, ..., -0.        ,
         -0.45658112, -0.49535873],
        [ 0.24214031,  0.        , -0.16962424, ..., -0.24214031,
         -0.65842165, -0.69096197],
        [ 0.40320784,  0.16962424,  0.        , ..., -0.40320784,
         -0.7765479 , -0.80356896],
        ...,
        [ 0.        ,  0.24214031,  0.40320784, ...,  0.        ,
          0.45658112,  0.49535873],
        [ 0.45658112,  0.65842165,  0.7765479 , ..., -0.45658112,
          0.        ,  0.04408487],
        [ 0.49535873,  0.69096197,  0.80356896, ..., -0.49535873,
         -0.04408487,  0.        ]],

       [[ 0.        , -0.49718804, -0.67590345, ..., -0.38743526,
         -0.16247618, -0.10795364],
        [ 0.49718804,  0.        , -0.22002007, ..., -0.79451154,
         -0.63155293, -0.58794764],
        [ 0.67590345,  0.22002007,  0.        , ..., -0.90864929,
         -0.78666571, -0.7515142 ],
        ...,
        [ 0.38743526,  0.79451154,  0.90864929, ...,  0.        ,
         -0.23250091, -0.28564894],
        [ 0.16247618,  0.63155293,  0.78666571, ...,  0.23250091,
          0.        , -0.05500746],
        [ 0.10795364,  0.58794764,  0.7515142 , ...,  0.28564894,
          0.05500746,  0.        ]]]), 'num': array([8.15174578e-01, 5.78873811e-01, 1.35183505e-05, 2.40387352e-04,
       2.42725215e-04, 2.38599574e-04, 1.98763071e-02, 1.10017095e-06,
       2.38984634e-04, 2.32404236e-04, 2.41242276e-04, 8.43689375e-07,
       2.44959711e-04, 2.19848761e-04])}
{'img': array([[[ 0.        , -0.26476518, -0.39294687, ..., -0.33582659,
         -0.70933958, -0.65657114],
        [ 0.26476518,  0.        , -0.13545596, ..., -0.07445328,
         -0.4974011 , -0.43343715],
        [ 0.39294687,  0.13545596,  0.        , ...,  0.06131293,
         -0.37530589, -0.3073716 ],
        ...,
        [ 0.33582659,  0.07445328, -0.06131293, ...,  0.        ,
         -0.4314308 , -0.36513806],
        [ 0.70933958,  0.4974011 ,  0.37530589, ...,  0.4314308 ,
          0.        ,  0.07223411],
        [ 0.65657114,  0.43343715,  0.3073716 , ...,  0.36513806,
         -0.07223411,  0.        ]],

       [[ 0.        ,  0.16950332,  0.00696358, ...,  0.67883112,
          0.54412337,  0.25926617],
        [-0.16950332,  0.        , -0.16263639, ...,  0.79347351,
          0.39403553,  0.09180718],
        [-0.00696358,  0.16263639,  0.        , ...,  0.68392798,
          0.53826769,  0.25253441],
        ...,
        [-0.67883112, -0.79347351, -0.68392798, ...,  0.        ,
         -0.96908961, -0.84599681],
        [-0.54412337, -0.39403553, -0.53826769, ...,  0.96908961,
          0.        , -0.3079919 ],
        [-0.25926617, -0.09180718, -0.25253441, ...,  0.84599681,
          0.3079919 ,  0.        ]],

       [[ 0.        , -0.6       , -0.80813972, ..., -0.98943838,
         -0.99329627, -0.98943838],
        [ 0.6       ,  0.        , -0.29311728, ..., -0.87852318,
         -0.86399482, -0.87852318],
        [ 0.80813972,  0.29311728,  0.        , ..., -0.69991332,
         -0.67846038, -0.69991332],
        ...,
        [ 0.98943838,  0.87852318,  0.69991332, ...,  0.        ,
          0.02960695,  0.        ],
        [ 0.99329627,  0.86399482,  0.67846038, ..., -0.02960695,
          0.        , -0.02960695],
        [ 0.98943838,  0.87852318,  0.69991332, ...,  0.        ,
          0.02960695,  0.        ]],

       ...,

       [[ 0.        , -0.04106206, -0.02486527, ...,  0.82562071,
          0.98436783,  0.99963177],
        [ 0.04106206,  0.        ,  0.01620507, ...,  0.80175612,
          0.99076966,  0.99990291],
        [ 0.02486527, -0.01620507,  0.        , ...,  0.81133582,
          0.98844286,  0.99999742],
        ...,
        [-0.82562071, -0.80175612, -0.81133582, ...,  0.        ,
         -0.70081782, -0.58642109],
        [-0.98436783, -0.99076966, -0.98844286, ...,  0.70081782,
          0.        ,  0.1493491 ],
        [-0.99963177, -0.99990291, -0.99999742, ...,  0.58642109,
         -0.1493491 ,  0.        ]],

       [[ 0.        , -0.32984686, -0.40679022, ..., -0.45981346,
         -0.49882076, -0.56146124],
        [ 0.32984686,  0.        , -0.08270175, ..., -0.72698888,
         -0.75678396, -0.80298803],
        [ 0.40679022,  0.08270175,  0.        , ..., -0.78128556,
         -0.80825072, -0.84952711],
        ...,
        [ 0.45981346,  0.72698888,  0.78128556, ...,  0.        ,
          0.04443788,  0.11808926],
        [ 0.49882076,  0.75678396,  0.80825072, ..., -0.04443788,
          0.        ,  0.07384566],
        [ 0.56146124,  0.80298803,  0.84952711, ..., -0.11808926,
         -0.07384566,  0.        ]],

       [[ 0.        , -0.50936459, -0.71178117, ..., -0.20287424,
         -0.15979996, -0.        ],
        [ 0.50936459,  0.        , -0.25474553, ..., -0.67335584,
         -0.64033495, -0.50936459],
        [ 0.71178117,  0.25474553,  0.        , ..., -0.83947867,
         -0.81487807, -0.71178117],
        ...,
        [ 0.20287424,  0.67335584,  0.83947867, ...,  0.        ,
         -0.04379029, -0.20287424],
        [ 0.15979996,  0.64033495,  0.81487807, ...,  0.04379029,
          0.        , -0.15979996],
        [ 0.        ,  0.50936459,  0.71178117, ...,  0.20287424,
          0.15979996,  0.        ]]]), 'num': array([7.53729244e-01, 6.56869932e-01, 5.48777973e-06, 2.24211371e-04,
       2.26752010e-04, 2.21162604e-04, 2.03403412e-02, 2.15954295e-06,
       2.21924796e-04, 2.15147642e-04, 2.22733566e-04, 7.69086891e-07,
       2.27468372e-04, 2.02826913e-04])}
{'img': array([[[ 0.        , -0.13545596,  0.01095245, ..., -0.4974011 ,
         -0.43343715, -0.28722232],
        [ 0.13545596,  0.        ,  0.14629934, ..., -0.37530589,
         -0.3073716 , -0.15482672],
        [-0.01095245, -0.14629934,  0.        , ..., -0.50687274,
         -0.44328133, -0.29769605],
        ...,
        [ 0.4974011 ,  0.37530589,  0.50687274, ...,  0.        ,
          0.07223411,  0.22727127],
        [ 0.43343715,  0.3073716 ,  0.44328133, ..., -0.07223411,
          0.        ,  0.15633372],
        [ 0.28722232,  0.15482672,  0.29769605, ..., -0.22727127,
         -0.15633372,  0.        ]],

       [[ 0.        , -0.16263639, -0.42501975, ...,  0.39403553,
          0.09180718,  0.1714358 ],
        [ 0.16263639,  0.        , -0.2721452 , ...,  0.53826769,
          0.25253441,  0.32938192],
        [ 0.42501975,  0.2721452 ,  0.        , ...,  0.7473083 ,
          0.50632721,  0.57390842],
        ...,
        [-0.39403553, -0.53826769, -0.7473083 , ...,  0.        ,
         -0.3079919 , -0.23063612],
        [-0.09180718, -0.25253441, -0.50632721, ...,  0.3079919 ,
          0.        ,  0.08026379],
        [-0.1714358 , -0.32938192, -0.57390842, ...,  0.23063612,
         -0.08026379,  0.        ]],

       [[ 0.        , -0.64338192, -0.78072675, ..., -0.99984984,
         -0.99875177, -0.99903888],
        [ 0.64338192,  0.        , -0.19565002, ..., -0.77657974,
         -0.79672609, -0.73660833],
        [ 0.78072675,  0.19565002,  0.        , ..., -0.63830816,
         -0.66308914, -0.59005054],
        ...,
        [ 0.99984984,  0.77657974,  0.63830816, ...,  0.        ,
         -0.03263391,  0.06113884],
        [ 0.99875177,  0.79672609,  0.66308914, ...,  0.03263391,
          0.        ,  0.09367913],
        [ 0.99903888,  0.73660833,  0.59005054, ..., -0.06113884,
         -0.09367913,  0.        ]],

       ...,

       [[ 0.        ,  0.01620507, -0.28403552, ...,  0.99076966,
          0.99990291,  0.99936626],
        [-0.01620507,  0.        , -0.29953587, ...,  0.98844286,
          0.99999742,  0.9986582 ],
        [ 0.28403552,  0.29953587,  0.        , ...,  0.98846636,
          0.95476272,  0.96831666],
        ...,
        [-0.99076966, -0.98844286, -0.98846636, ...,  0.        ,
          0.1493491 ,  0.10020279],
        [-0.99990291, -0.99999742, -0.95476272, ..., -0.1493491 ,
          0.        , -0.04951846],
        [-0.99936626, -0.9986582 , -0.96831666, ..., -0.10020279,
          0.04951846,  0.        ]],

       [[ 0.        , -0.24859026, -0.22431325, ..., -0.50542963,
         -0.5687114 , -0.66190571],
        [ 0.24859026,  0.        ,  0.02498369, ..., -0.70406409,
         -0.75533356, -0.82746771],
        [ 0.22431325, -0.02498369,  0.        , ..., -0.6861025 ,
         -0.73872496, -0.81318075],
        ...,
        [ 0.50542963,  0.70406409,  0.6861025 , ...,  0.        ,
          0.07498813,  0.19227361],
        [ 0.5687114 ,  0.75533356,  0.73872496, ..., -0.07498813,
          0.        ,  0.11814329],
        [ 0.66190571,  0.82746771,  0.81318075, ..., -0.19227361,
         -0.11814329,  0.        ]],

       [[ 0.        , -0.55545021, -0.72584484, ..., -0.25077459,
         -0.19026339, -0.        ],
        [ 0.55545021,  0.        , -0.22150499, ..., -0.74623264,
         -0.70351733, -0.55545021],
        [ 0.72584484,  0.22150499,  0.        , ..., -0.87514826,
         -0.84346017, -0.72584484],
        ...,
        [ 0.25077459,  0.74623264,  0.87514826, ...,  0.        ,
         -0.06201009, -0.25077459],
        [ 0.19026339,  0.70351733,  0.84346017, ...,  0.06201009,
          0.        , -0.19026339],
        [ 0.        ,  0.55545021,  0.72584484, ...,  0.25077459,
          0.19026339,  0.        ]]]), 'num': array([7.45053861e-01, 6.66745631e-01, 4.40428739e-06, 2.23100370e-04,
       2.26362805e-04, 2.21720109e-04, 1.85640086e-02, 1.63121755e-06,
       2.21293483e-04, 2.13181312e-04, 2.19975961e-04, 7.43675111e-07,
       2.26114580e-04, 2.00248044e-04])}
{'img': array([[[ 0.        ,  0.14629934,  0.30604189, ..., -0.3073716 ,
         -0.15482672, -0.02995068],
        [-0.14629934,  0.        ,  0.16346938, ..., -0.44328133,
         -0.29769605, -0.17586213],
        [-0.30604189, -0.16346938,  0.        , ..., -0.58384958,
         -0.44974936, -0.33441818],
        ...,
        [ 0.3073716 ,  0.44328133,  0.58384958, ...,  0.        ,
          0.15633372,  0.27873296],
        [ 0.15482672,  0.29769605,  0.44974936, ..., -0.15633372,
          0.        ,  0.12516774],
        [ 0.02995068,  0.17586213,  0.33441818, ..., -0.27873296,
         -0.12516774,  0.        ]],

       [[ 0.        , -0.2721452 , -0.2110736 , ...,  0.25253441,
          0.32938192,  0.26983412],
        [ 0.2721452 ,  0.        ,  0.06290693, ...,  0.50632721,
          0.57390842,  0.52170002],
        [ 0.2110736 , -0.06290693,  0.        , ...,  0.45107712,
          0.52125602,  0.46699902],
        ...,
        [-0.25253441, -0.50632721, -0.45107712, ...,  0.        ,
          0.08026379,  0.01792113],
        [-0.32938192, -0.57390842, -0.52125602, ..., -0.08026379,
          0.        , -0.0623876 ],
        [-0.26983412, -0.52170002, -0.46699902, ..., -0.01792113,
          0.0623876 ,  0.        ]],

       [[ 0.        , -0.54158398, -0.62213507, ..., -0.9970916 ,
         -0.9832155 , -0.92737468],
        [ 0.54158398,  0.        , -0.09898428, ..., -0.79692626,
         -0.72772588, -0.57696946],
        [ 0.62213507,  0.09898428,  0.        , ..., -0.73321846,
         -0.65626186, -0.49328899],
        ...,
        [ 0.9970916 ,  0.79692626,  0.73321846, ...,  0.        ,
          0.10698412,  0.3023683 ],
        [ 0.9832155 ,  0.72772588,  0.65626186, ..., -0.10698412,
          0.        ,  0.19865661],
        [ 0.92737468,  0.57696946,  0.49328899, ..., -0.3023683 ,
         -0.19865661,  0.        ]],

       ...,

       [[ 0.        , -0.29953587,  0.01368256, ...,  0.99999742,
          0.9986582 ,  0.99226619],
        [ 0.29953587,  0.        ,  0.31256216, ...,  0.95476272,
          0.96831666,  0.98388717],
        [-0.01368256, -0.31256216,  0.        , ...,  0.99987274,
          0.99785614,  0.99047492],
        ...,
        [-0.99999742, -0.95476272, -0.99987274, ...,  0.        ,
         -0.04951846, -0.12187476],
        [-0.9986582 , -0.96831666, -0.99785614, ...,  0.04951846,
          0.        , -0.07257592],
        [-0.99226619, -0.98388717, -0.99047492, ...,  0.12187476,
          0.07257592,  0.        ]],

       [[ 0.        ,  0.10924014, -0.07851104, ..., -0.65819037,
         -0.74309663, -0.82130671],
        [-0.10924014,  0.        , -0.18694413, ..., -0.57200975,
         -0.66554771, -0.75407144],
        [ 0.07851104,  0.18694413,  0.        , ..., -0.71526586,
         -0.79334121, -0.86356105],
        ...,
        [ 0.65819037,  0.57200975,  0.71526586, ...,  0.        ,
          0.11899088,  0.24283304],
        [ 0.74309663,  0.66554771,  0.79334121, ..., -0.11899088,
          0.        ,  0.12567853],
        [ 0.82130671,  0.75407144,  0.86356105, ..., -0.24283304,
         -0.12567853,  0.        ]],

       [[ 0.        , -0.5368057 , -0.67662767, ..., -0.23364876,
         -0.12473472, -0.        ],
        [ 0.5368057 ,  0.        , -0.17561112, ..., -0.71907833,
         -0.63785274, -0.5368057 ],
        [ 0.67662767,  0.17561112,  0.        , ..., -0.82994084,
         -0.76318863, -0.67662767],
        ...,
        [ 0.23364876,  0.71907833,  0.82994084, ...,  0.        ,
         -0.1105418 , -0.23364876],
        [ 0.12473472,  0.63785274,  0.76318863, ...,  0.1105418 ,
          0.        , -0.12473472],
        [ 0.        ,  0.5368057 ,  0.67662767, ...,  0.23364876,
          0.12473472,  0.        ]]]), 'num': array([ 7.42901653e-01,  6.69342650e-01,  4.14183572e-06,  2.22232636e-04,
        2.23483945e-04,  2.20480802e-04,  8.78462084e-03, -2.50261977e-07,
        2.20405723e-04,  2.13460953e-04,  2.19356708e-04,  7.38433945e-07,
        2.26495230e-04,  2.00426676e-04])}
{'img': array([[[ 0.        ,  0.16346938,  0.05609144, ..., -0.29769605,
         -0.17586213, -0.1952549 ],
        [-0.16346938,  0.        , -0.1078751 , ..., -0.44974936,
         -0.33441818, -0.35295142],
        [-0.05609144,  0.1078751 ,  0.        , ..., -0.35077566,
         -0.2308025 , -0.24995932],
        ...,
        [ 0.29769605,  0.44974936,  0.35077566, ...,  0.        ,
          0.12516774,  0.10556397],
        [ 0.17586213,  0.33441818,  0.2308025 , ..., -0.12516774,
          0.        , -0.01973459],
        [ 0.1952549 ,  0.35295142,  0.24995932, ..., -0.10556397,
          0.01973459,  0.        ]],

       [[ 0.        ,  0.06290693,  0.03112609, ...,  0.57390842,
          0.52170002,  0.04774023],
        [-0.06290693,  0.        , -0.03181201, ...,  0.52125602,
          0.46699902, -0.01518953],
        [-0.03112609,  0.03181201,  0.        , ...,  0.54814058,
          0.49489267,  0.0166265 ],
        ...,
        [-0.57390842, -0.52125602, -0.54814058, ...,  0.        ,
         -0.0623876 , -0.53415863],
        [-0.52170002, -0.46699902, -0.49489267, ...,  0.0623876 ,
          0.        , -0.4803766 ],
        [-0.04774023,  0.01518953, -0.0166265 , ...,  0.53415863,
          0.4803766 ,  0.        ]],

       [[ 0.        , -0.11811195, -0.18297614, ..., -0.77476547,
         -0.62734466, -0.64929094],
        [ 0.11811195,  0.        , -0.06557745, ..., -0.6946662 ,
         -0.53097473, -0.55491721],
        [ 0.18297614,  0.06557745,  0.        , ..., -0.64599895,
         -0.47426227, -0.49916849],
        ...,
        [ 0.77476547,  0.6946662 ,  0.64599895, ...,  0.        ,
          0.20670433,  0.17872685],
        [ 0.62734466,  0.53097473,  0.47426227, ..., -0.20670433,
          0.        , -0.02850916],
        [ 0.64929094,  0.55491721,  0.49916849, ..., -0.17872685,
          0.02850916,  0.        ]],

       ...,

       [[ 0.        ,  0.31256216,  0.06516156, ...,  0.96831666,
          0.98388717,  0.98626151],
        [-0.31256216,  0.        , -0.25000109, ...,  0.99785614,
          0.99047492,  0.98847976],
        [-0.06516156,  0.25000109,  0.        , ...,  0.98253123,
          0.99344641,  0.99492957],
        ...,
        [-0.96831666, -0.99785614, -0.98253123, ...,  0.        ,
         -0.07257592, -0.08633701],
        [-0.98388717, -0.99047492, -0.99344641, ...,  0.07257592,
          0.        , -0.01380441],
        [-0.98626151, -0.98847976, -0.99492957, ...,  0.08633701,
          0.01380441,  0.        ]],

       [[ 0.        , -0.18694413, -0.1908205 , ..., -0.66554771,
         -0.75407144, -0.80483086],
        [ 0.18694413,  0.        , -0.00394742, ..., -0.79334121,
         -0.86356105, -0.90159427],
        [ 0.1908205 ,  0.00394742,  0.        , ..., -0.79573813,
         -0.86554479, -0.90329483],
        ...,
        [ 0.66554771,  0.79334121,  0.79573813, ...,  0.        ,
          0.12567853,  0.20568439],
        [ 0.75407144,  0.86356105,  0.86554479, ..., -0.12567853,
          0.        ,  0.0810622 ],
        [ 0.80483086,  0.90159427,  0.90329483, ..., -0.20568439,
         -0.0810622 ,  0.        ]],

       [[ 0.        , -0.46839984, -0.64860563, ..., -0.12989258,
         -0.        , -0.35041501],
        [ 0.46839984,  0.        , -0.21654317, ..., -0.57919384,
         -0.46839984, -0.74829821],
        [ 0.64860563,  0.21654317,  0.        , ..., -0.74197513,
         -0.64860563, -0.87418999],
        ...,
        [ 0.12989258,  0.57919384,  0.74197513, ...,  0.        ,
         -0.12989258,  0.22578964],
        [ 0.        ,  0.46839984,  0.64860563, ...,  0.12989258,
          0.        ,  0.35041501],
        [ 0.35041501,  0.74829821,  0.87418999, ..., -0.22578964,
         -0.35041501,  0.        ]]]), 'num': array([7.34791231e-01, 6.78185022e-01, 3.15354924e-06, 2.21985132e-04,
       2.22727144e-04, 2.19388092e-04, 1.21055975e-02, 2.34970335e-06,
       2.19190222e-04, 2.11974160e-04, 2.16793113e-04, 7.73586546e-07,
       2.24991823e-04, 1.98956496e-04])}
{'img': array([[[ 0.        , -0.1078751 , -0.2867267 , ..., -0.33441818,
         -0.35295142, -0.16346938],
        [ 0.1078751 ,  0.        , -0.18170781, ..., -0.2308025 ,
         -0.24995932, -0.05609144],
        [ 0.2867267 ,  0.18170781,  0.        , ..., -0.05015843,
         -0.06985841,  0.12626407],
        ...,
        [ 0.33441818,  0.2308025 ,  0.05015843, ...,  0.        ,
         -0.01973459,  0.17586213],
        [ 0.35295142,  0.24995932,  0.06985841, ...,  0.01973459,
          0.        ,  0.1952549 ],
        [ 0.16346938,  0.05609144, -0.12626407, ..., -0.17586213,
         -0.1952549 ,  0.        ]],

       [[ 0.        , -0.03181201,  0.12593434, ...,  0.46699902,
         -0.01518953,  0.19374863],
        [ 0.03181201,  0.        ,  0.15742934, ...,  0.49489267,
          0.0166265 ,  0.22485978],
        [-0.12593434, -0.15742934,  0.        , ...,  0.35192261,
         -0.14098841,  0.06865808],
        ...,
        [-0.46699902, -0.49489267, -0.35192261, ...,  0.        ,
         -0.4803766 , -0.2868262 ],
        [ 0.01518953, -0.0166265 ,  0.14098841, ...,  0.4803766 ,
          0.        ,  0.20862798],
        [-0.19374863, -0.22485978, -0.06865808, ...,  0.2868262 ,
         -0.20862798,  0.        ]],

       [[ 0.        , -0.06557745, -0.10741121, ..., -0.53097473,
         -0.55491721, -0.42732575],
        [ 0.06557745,  0.        , -0.04198194, ..., -0.47426227,
         -0.49916849, -0.3671175 ],
        [ 0.10741121,  0.04198194,  0.        , ..., -0.43688393,
         -0.46235085, -0.3277433 ],
        ...,
        [ 0.53097473,  0.47426227,  0.43688393, ...,  0.        ,
         -0.02850916,  0.11794248],
        [ 0.55491721,  0.49916849,  0.46235085, ...,  0.02850916,
          0.        ,  0.14620471],
        [ 0.42732575,  0.3671175 ,  0.3277433 , ..., -0.11794248,
         -0.14620471,  0.        ]],

       ...,

       [[ 0.        , -0.25000109, -0.28486368, ...,  0.99047492,
          0.98847976,  0.99788506],
        [ 0.25000109,  0.        , -0.03617494, ...,  0.99344641,
          0.99492957,  0.94994691],
        [ 0.28486368,  0.03617494,  0.        , ...,  0.98866141,
          0.9906401 ,  0.93802368],
        ...,
        [-0.99047492, -0.99344641, -0.98866141, ...,  0.        ,
         -0.01380441,  0.20178606],
        [-0.98847976, -0.99492957, -0.9906401 , ...,  0.01380441,
          0.        ,  0.21528728],
        [-0.99788506, -0.94994691, -0.93802368, ..., -0.20178606,
         -0.21528728,  0.        ]],

       [[ 0.        , -0.0387801 , -0.27490393, ..., -0.75671905,
         -0.80748418, -0.85629964],
        [ 0.0387801 ,  0.        , -0.23741117, ..., -0.78150193,
         -0.82975273, -0.87568463],
        [ 0.27490393,  0.23741117,  0.        , ..., -0.90727971,
         -0.93853605, -0.96529008],
        ...,
        [ 0.75671905,  0.78150193,  0.90727971, ...,  0.        ,
          0.08150447,  0.16896776],
        [ 0.80748418,  0.82975273,  0.93853605, ..., -0.08150447,
          0.        ,  0.08807304],
        [ 0.85629964,  0.87568463,  0.96529008, ..., -0.16896776,
         -0.08807304,  0.        ]],

       [[ 0.        , -0.45023237, -0.64354823, ..., -0.05092294,
         -0.40763807, -0.5667278 ],
        [ 0.45023237,  0.        , -0.23002121, ..., -0.49511791,
         -0.77511149, -0.87698647],
        [ 0.64354823,  0.23002121,  0.        , ..., -0.68168999,
         -0.89966038, -0.96399928],
        ...,
        [ 0.05092294,  0.49511791,  0.68168999, ...,  0.        ,
          0.36060923,  0.52403685],
        [ 0.40763807,  0.77511149,  0.89966038, ..., -0.36060923,
          0.        ,  0.18164878],
        [ 0.5667278 ,  0.87698647,  0.96399928, ..., -0.52403685,
         -0.18164878,  0.        ]]]), 'num': array([7.32389939e-01, 6.80775457e-01, 2.84534082e-06, 2.23439318e-04,
       2.23439318e-04, 2.20606295e-04, 1.22219090e-02, 2.34032362e-06,
       2.19941150e-04, 2.12119542e-04, 2.15937965e-04, 8.94518614e-07,
       2.25653973e-04, 1.98585112e-04])}
{'img': array([[[ 0.        , -0.18170781,  0.03489324, ..., -0.24995932,
         -0.05609144,  0.17252211],
        [ 0.18170781,  0.        ,  0.21590951, ..., -0.06985841,
          0.12626407,  0.34863327],
        [-0.03489324, -0.21590951,  0.        , ..., -0.28359271,
         -0.09089559,  0.13804701],
        ...,
        [ 0.24995932,  0.06985841,  0.28359271, ...,  0.        ,
          0.1952549 ,  0.41325697],
        [ 0.05609144, -0.12626407,  0.09089559, ..., -0.1952549 ,
          0.        ,  0.22750088],
        [-0.17252211, -0.34863327, -0.13804701, ..., -0.41325697,
         -0.22750088,  0.        ]],

       [[ 0.        ,  0.15742934, -0.04393128, ...,  0.0166265 ,
          0.22485978,  0.23347931],
        [-0.15742934,  0.        , -0.20066083, ..., -0.14098841,
          0.06865808,  0.0774896 ],
        [ 0.04393128,  0.20066083,  0.        , ...,  0.06053566,
          0.26744895,  0.275971  ],
        ...,
        [-0.0166265 ,  0.14098841, -0.06053566, ...,  0.        ,
          0.20862798,  0.21728006],
        [-0.22485978, -0.06865808, -0.26744895, ..., -0.20862798,
          0.        ,  0.00885511],
        [-0.23347931, -0.0774896 , -0.275971  , ..., -0.21728006,
         -0.00885511,  0.        ]],

       [[ 0.        , -0.04198194,  0.04443811, ..., -0.49916849,
         -0.3671175 , -0.17883412],
        [ 0.04198194,  0.        ,  0.0863394 , ..., -0.46235085,
         -0.3277433 , -0.1373713 ],
        [-0.04443811, -0.0863394 ,  0.        , ..., -0.53718122,
         -0.40809004, -0.22237919],
        ...,
        [ 0.49916849,  0.46235085,  0.53718122, ...,  0.        ,
          0.14620471,  0.33616086],
        [ 0.3671175 ,  0.3277433 ,  0.40809004, ..., -0.14620471,
          0.        ,  0.19485233],
        [ 0.17883412,  0.1373713 ,  0.22237919, ..., -0.33616086,
         -0.19485233,  0.        ]],

       ...,

       [[ 0.        , -0.03403782,  0.29467919, ...,  0.9958276 ,
          0.99835253,  0.61982767],
        [ 0.03403782,  0.        ,  0.32703484, ...,  0.99835667,
          0.99582101,  0.59275774],
        [-0.29467919, -0.32703484,  0.        , ...,  0.9247183 ,
          0.97093002,  0.82355093],
        ...,
        [-0.9958276 , -0.99835667, -0.9247183 , ...,  0.        ,
          0.14824276,  0.83802581],
        [-0.99835253, -0.99582101, -0.97093002, ..., -0.14824276,
          0.        ,  0.74788067],
        [-0.61982767, -0.59275774, -0.82355093, ..., -0.83802581,
         -0.74788067,  0.        ]],

       [[ 0.        , -0.27230949, -0.4097411 , ..., -0.80759688,
         -0.85640935, -0.90950111],
        [ 0.27230949,  0.        , -0.14585565, ..., -0.93766798,
         -0.96463809, -0.98833027],
        [ 0.4097411 ,  0.14585565,  0.        , ..., -0.97833001,
         -0.99276647, -0.99997859],
        ...,
        [ 0.80759688,  0.93766798,  0.97833001, ...,  0.        ,
          0.08809431,  0.20064533],
        [ 0.85640935,  0.96463809,  0.99276647, ..., -0.08809431,
          0.        ,  0.11356242],
        [ 0.90950111,  0.98833027,  0.99997859, ..., -0.20064533,
         -0.11356242,  0.        ]],

       [[ 0.        , -0.23002121, -0.33979345, ..., -0.77511149,
         -0.87698647, -0.90894688],
        [ 0.23002121,  0.        , -0.11434714, ..., -0.89966038,
         -0.96399928, -0.98047262],
        [ 0.33979345,  0.11434714,  0.        , ..., -0.94368225,
         -0.98808173, -0.99652857],
        ...,
        [ 0.77511149,  0.89966038,  0.94368225, ...,  0.        ,
          0.18164878,  0.25114164],
        [ 0.87698647,  0.96399928,  0.98808173, ..., -0.18164878,
          0.        ,  0.07113652],
        [ 0.90894688,  0.98047262,  0.99652857, ..., -0.25114164,
         -0.07113652,  0.        ]]]), 'num': array([8.11516640e-01, 5.83051482e-01, 1.21848084e-05, 2.53568433e-04,
       2.54650325e-04, 2.44101878e-04, 3.86166061e-02, 8.24942635e-06,
       2.44453493e-04, 2.34500087e-04, 2.37252150e-04, 1.00918419e-06,
       2.50915815e-04, 2.18084359e-04])}
{'img': array([[[ 0.        ,  0.16693493,  0.19274112, ...,  0.09913722,
          0.26266568,  0.95963453],
        [-0.16693493,  0.        ,  0.02623172, ..., -0.06836645,
          0.09790661,  0.89921841],
        [-0.19274112, -0.02623172,  0.        , ..., -0.09451327,
          0.07176722,  0.8874326 ],
        ...,
        [-0.09913722,  0.06836645,  0.09451327, ...,  0.        ,
          0.16571552,  0.92702481],
        [-0.26266568, -0.09790661, -0.07176722, ..., -0.16571552,
          0.        ,  0.85206407],
        [-0.95963453, -0.89921841, -0.8874326 , ..., -0.92702481,
         -0.85206407,  0.        ]],

       [[ 0.        , -0.20066083, -0.11051801, ...,  0.06865808,
          0.0774896 ,  0.84195541],
        [ 0.20066083,  0.        ,  0.09116145, ...,  0.26744895,
          0.275971  ,  0.93309666],
        [ 0.11051801, -0.09116145,  0.        , ...,  0.1784947 ,
          0.18720061,  0.89642736],
        ...,
        [-0.06865808, -0.26744895, -0.1784947 , ...,  0.        ,
          0.00885511,  0.80292433],
        [-0.0774896 , -0.275971  , -0.18720061, ..., -0.00885511,
          0.        ,  0.79761449],
        [-0.84195541, -0.93309666, -0.89642736, ..., -0.80292433,
         -0.79761449,  0.        ]],

       [[ 0.        ,  0.0863394 ,  0.13355558, ..., -0.3277433 ,
         -0.1373713 ,  0.32641006],
        [-0.0863394 ,  0.        ,  0.04749094, ..., -0.40809004,
         -0.22237919,  0.24358073],
        [-0.13355558, -0.04749094,  0.        , ..., -0.45098603,
         -0.26843005,  0.19724535],
        ...,
        [ 0.3277433 ,  0.40809004,  0.45098603, ...,  0.        ,
          0.19485233,  0.61817362],
        [ 0.1373713 ,  0.22237919,  0.26843005, ..., -0.19485233,
          0.        ,  0.4531628 ],
        [-0.32641006, -0.24358073, -0.19724535, ..., -0.61817362,
         -0.4531628 ,  0.        ]],

       ...,

       [[ 0.        ,  0.32098114,  0.12824201, ...,  0.99947797,
          0.8334956 ,  0.5841102 ],
        [-0.32098114,  0.        , -0.19687461, ...,  0.95696134,
          0.96674213,  0.81373452],
        [-0.12824201,  0.19687461,  0.        , ...,  0.99536839,
          0.89747041,  0.6833779 ],
        ...,
        [-0.99947797, -0.95696134, -0.99536839, ...,  0.        ,
          0.52530934,  0.79237939],
        [-0.8334956 , -0.96674213, -0.89747041, ..., -0.52530934,
          0.        ,  0.35379089],
        [-0.5841102 , -0.81373452, -0.6833779 , ..., -0.79237939,
         -0.35379089,  0.        ]],

       [[ 0.        , -0.31518866, -0.42183954, ..., -0.86195678,
         -0.91456079, -0.97661503],
        [ 0.31518866,  0.        , -0.11456571, ..., -0.97781691,
         -0.99542231, -0.99460017],
        [ 0.42183954,  0.11456571,  0.        , ..., -0.99537574,
         -0.99981765, -0.97616166],
        ...,
        [ 0.86195678,  0.97781691,  0.99537574, ...,  0.        ,
          0.11504855,  0.30980917],
        [ 0.91456079,  0.99542231,  0.99981765, ..., -0.11504855,
          0.        ,  0.19836398],
        [ 0.97661503,  0.99460017,  0.97616166, ..., -0.30980917,
         -0.19836398,  0.        ]],

       [[ 0.        , -0.11434714, -0.20435129, ..., -0.96399928,
         -0.98047262, -0.98196282],
        [ 0.11434714,  0.        , -0.09107678, ..., -0.98808173,
         -0.99652857, -0.99714207],
        [ 0.20435129,  0.09107678,  0.        , ..., -0.9979946 ,
         -0.99996915, -0.99987861],
        ...,
        [ 0.96399928,  0.98808173,  0.9979946 , ...,  0.        ,
          0.07113652,  0.07884139],
        [ 0.98047262,  0.99652857,  0.99996915, ..., -0.07113652,
          0.        ,  0.00772657],
        [ 0.98196282,  0.99714207,  0.99987861, ..., -0.07884139,
         -0.00772657,  0.        ]]]), 'num': array([7.60536273e-01, 6.48855984e-01, 5.94360235e-06, 2.38124282e-04,
       2.43320182e-04, 2.37110448e-04, 2.38760716e-02, 5.06917045e-07,
       2.31635744e-04, 2.21110879e-04, 2.22530246e-04, 8.98056740e-07,
       2.37874219e-04, 2.04347538e-04])}
{'img': array([[[ 0.        ,  0.02551783,  0.05134048, ...,  0.09508931,
          0.77940825,  0.90964588],
        [-0.02551783,  0.        ,  0.02583958, ...,  0.06965615,
          0.76316711,  0.89874995],
        [-0.05134048, -0.02583958,  0.        , ...,  0.04385607,
          0.74621473,  0.8871202 ],
        ...,
        [-0.09508931, -0.06965615, -0.04385607, ...,  0.        ,
          0.71630155,  0.8660254 ],
        [-0.77940825, -0.76316711, -0.74621473, ..., -0.71630155,
          0.        ,  0.24615385],
        [-0.90964588, -0.89874995, -0.8871202 , ..., -0.8660254 ,
         -0.24615385,  0.        ]],

       [[ 0.        ,  0.09116145,  0.03578204, ...,  0.275971  ,
          0.93309666,  0.69045463],
