state_0,state_1,state_2,state_3,state_4,state_5,state_6,state_7,state_8,state_9,state_10,state_11,state_12,state_13,state_14,state_15,state_16,state_17,state_18,state_19,state_20,state_21,state_22,state_23,state_24,state_25,state_26,state_27,state_28,state_29,state_30,state_31,state_32,state_33,state_34,state_35,state_36,state_37,state_38,state_39,state_40,state_41,state_42,state_43,state_44,state_45,state_46,state_47,state_48,state_49,state_50,state_51,state_52,state_53,state_54,state_55,state_56,state_57,state_58,state_59,state_60,state_61,state_62,state_63,state_64,state_65,state_66,state_67,state_68,state_69,state_70,state_71,state_72,state_73,state_74,state_75,state_76,state_77,state_78,state_79,state_80,state_81,state_82,state_83,state_84,state_85,state_86,state_87,state_88,state_89,state_90,state_91,state_92,state_93,state_94,state_95,state_96,state_97,state_98,state_99,state_100,state_101,state_102,state_103,state_104,state_105,state_106,state_107,state_108,state_109,state_110,state_111,state_112,state_113,state_114,state_115,state_116,state_117,state_118,state_119,state_120,state_121,state_122,state_123,state_124,state_125,state_126,state_127,state_128,state_129,state_130,state_131,state_132,state_133,state_134,state_135,state_136,state_137,state_138,state_139,state_140,state_141,state_142,state_143,state_144,state_145,state_146,state_147,state_148,state_149,state_150,state_151,state_152,state_153,state_154,state_155,state_156,state_157,state_158,state_159,state_160,state_161,state_162,state_163,state_164,state_165,state_166,state_167,state_168,state_169,state_170,state_171,state_172,state_173,state_174,state_175,state_176,state_177,state_178,state_179,state_180,state_181,state_182,state_183,state_184,state_185,state_186,state_187,state_188,state_189,state_190,state_191,state_192,state_193,state_194,state_195,state_196,state_197,state_198,state_199,state_200,state_201,state_202,state_203,state_204,state_205,state_206,state_207,state_208,state_209,state_210,state_211,state_212,state_213,state_214,state_215,state_216,state_217,state_218,state_219,state_220,state_221,state_222,state_223,state_224,state_225,state_226,state_227,state_228,state_229,state_230,state_231,state_232,state_233,state_234,state_235,state_236,state_237,state_238,state_239,state_240,state_241,state_242,state_243,state_244,state_245,state_246,state_247,state_248,state_249,state_250,state_251,state_252,state_253,state_254,state_255,state_256,state_257,state_258,state_259,state_260,state_261,state_262,state_263,state_264,state_265,state_266,state_267,state_268,state_269,state_270,state_271,state_272,state_273,state_274,state_275,state_276,state_277,state_278,state_279,state_280,state_281,state_282,state_283,state_284,state_285,state_286,state_287
{'img': array([[[ 0.        , -0.10013289, -0.01821329, ...,  0.97094951,
          0.42005208,  0.8215417 ],
        [ 0.10013289,  0.        ,  0.08199453, ...,  0.94210934,
          0.32707033,  0.76032208],
        [ 0.01821329, -0.08199453,  0.        , ...,  0.9664303 ,
          0.40345384,  0.81102115],
        ...,
        [-0.97094951, -0.94210934, -0.9664303 , ...,  0.        ,
          0.78062475,  0.35700318],
        [-0.42005208, -0.32707033, -0.40345384, ..., -0.78062475,
          0.        , -0.50605706],
        [-0.8215417 , -0.76032208, -0.81102115, ..., -0.35700318,
          0.50605706,  0.        ]],

       [[ 0.        ,  0.03385757, -0.20097006, ..., -0.02128888,
          0.4524563 ,  0.29393779],
        [-0.03385757,  0.        , -0.23402163, ..., -0.05512658,
          0.42200316,  0.26140737],
        [ 0.20097006,  0.23402163,  0.        , ...,  0.18006998,
          0.62244741,  0.48003281],
        ...,
        [ 0.02128888,  0.05512658, -0.18006998, ...,  0.        ,
          0.4713389 ,  0.31421961],
        [-0.4524563 , -0.42200316, -0.62244741, ..., -0.4713389 ,
          0.        , -0.17033906],
        [-0.29393779, -0.26140737, -0.48003281, ..., -0.31421961,
          0.17033906,  0.        ]],

       [[ 0.        , -0.08842834, -0.14812608, ...,  0.9060413 ,
          0.71668818,  0.44818786],
        [ 0.08842834,  0.        , -0.06009297, ...,  0.86506999,
          0.65221122,  0.36738253],
        [ 0.14812608,  0.06009297,  0.        , ...,  0.83336092,
          0.60547982,  0.31082793],
        ...,
        [-0.9060413 , -0.86506999, -0.83336092, ...,  0.        ,
          0.32857278,  0.62027771],
        [-0.71668818, -0.65221122, -0.60547982, ..., -0.32857278,
          0.        ,  0.32811238],
        [-0.44818786, -0.36738253, -0.31082793, ..., -0.62027771,
         -0.32811238,  0.        ]],

       ...,

       [[ 0.        ,  0.36780973,  0.83897366, ...,  0.83929953,
          0.75937664,  0.91963484],
        [-0.36780973,  0.        ,  0.58001073, ...,  0.98043239,
          0.94546103,  0.99963568],
        [-0.83897366, -0.58001073,  0.        , ...,  0.91284755,
          0.95911084,  0.82996697],
        ...,
        [-0.83929953, -0.98043239, -0.91284755, ...,  0.        ,
          0.13324157, -0.17032183],
        [-0.75937664, -0.94546103, -0.95911084, ..., -0.13324157,
          0.        , -0.30009789],
        [-0.91963484, -0.99963568, -0.82996697, ...,  0.17032183,
          0.30009789,  0.        ]],

       [[ 0.        , -0.04980705, -0.11178084, ...,  0.96265349,
          0.86196118,  0.62122288],
        [ 0.04980705,  0.        , -0.0621472 , ...,  0.94797411,
          0.83564047,  0.58142135],
        [ 0.11178084,  0.0621472 ,  0.        , ...,  0.92635727,
          0.79988916,  0.52973434],
        ...,
        [-0.96265349, -0.94797411, -0.92635727, ...,  0.        ,
          0.2546762 ,  0.58618023],
        [-0.86196118, -0.83564047, -0.79988916, ..., -0.2546762 ,
          0.        ,  0.36051801],
        [-0.62122288, -0.58142135, -0.52973434, ..., -0.58618023,
         -0.36051801,  0.        ]],

       [[ 0.        ,  0.61441864,  0.82507567, ...,  0.76922576,
          0.69812578,  0.36690713],
        [-0.61441864,  0.        ,  0.30380816, ...,  0.99950332,
          0.99071588,  0.86105005],
        [-0.82507567, -0.30380816,  0.        , ...,  0.96183412,
          0.98519026,  0.97484358],
        ...,
        [-0.76922576, -0.99950332, -0.96183412, ...,  0.        ,
          0.10466014,  0.48113284],
        [-0.69812578, -0.99071588, -0.98519026, ..., -0.10466014,
          0.        ,  0.38674041],
        [-0.36690713, -0.86105005, -0.97484358, ..., -0.48113284,
         -0.38674041,  0.        ]]]), 'num': array([7.06977514e-01, 7.06977514e-01, 0.00000000e+00, 2.91854820e-03,
       2.95480346e-03, 2.73727191e-03, 1.76892481e-02, 1.99403914e-04,
       2.71551876e-03, 2.32287432e-03, 1.85267385e-03, 1.31837299e-06,
       2.99553530e-03, 1.65021335e-03])}
{'img': array([[[ 0.        ,  0.07922766,  0.007307  , ...,  0.7413429 ,
          0.87035724,  0.31666329],
        [-0.07922766,  0.        , -0.07194152, ...,  0.7921843 ,
          0.90663467,  0.39081832],
        [-0.007307  ,  0.07194152,  0.        , ...,  0.74622703,
          0.87393213,  0.32358581],
        ...,
        [-0.7413429 , -0.7921843 , -0.74622703, ...,  0.        ,
         -0.21906709,  0.49067081],
        [-0.87035724, -0.90663467, -0.87393213, ...,  0.21906709,
          0.        ,  0.66963533],
        [-0.31666329, -0.39081832, -0.32358581, ..., -0.49067081,
         -0.66963533,  0.        ]],

       [[ 0.        , -0.23402163, -0.24176802, ...,  0.42200316,
          0.26140737,  0.33116165],
        [ 0.23402163,  0.        , -0.00797529, ...,  0.62244741,
          0.48003281,  0.54278248],
        [ 0.24176802,  0.00797529,  0.        , ...,  0.62866957,
          0.48701387,  0.54946346],
        ...,
        [-0.42200316, -0.62244741, -0.62866957, ...,  0.        ,
         -0.17033906, -0.09796194],
        [-0.26140737, -0.48003281, -0.48701387, ...,  0.17033906,
          0.        ,  0.07298948],
        [-0.33116165, -0.54278248, -0.54946346, ...,  0.09796194,
         -0.07298948,  0.        ]],

       [[ 0.        , -0.05845053, -0.1055973 , ...,  0.80443816,
          0.73675033,  0.35795649],
        [ 0.05845053,  0.        , -0.04729303, ...,  0.76834108,
          0.69596852,  0.302767  ],
        [ 0.1055973 ,  0.04729303,  0.        , ...,  0.73721188,
          0.66122996,  0.25735491],
        ...,
        [-0.80443816, -0.76834108, -0.73721188, ...,  0.        ,
          0.10627631,  0.53849551],
        [-0.73675033, -0.69596852, -0.66122996, ..., -0.10627631,
          0.        ,  0.44589437],
        [-0.35795649, -0.302767  , -0.25735491, ..., -0.53849551,
         -0.44589437,  0.        ]],

       ...,

       [[ 0.        ,  0.59259127,  0.58378968, ...,  0.93821564,
          0.998863  ,  0.96456738],
        [-0.59259127,  0.        , -0.01088325, ...,  0.9608027 ,
          0.832838  ,  0.93330951],
        [-0.58378968,  0.01088325,  0.        , ...,  0.963763  ,
          0.83881274,  0.93716211],
        ...,
        [-0.93821564, -0.9608027 , -0.963763  , ...,  0.        ,
         -0.30093024, -0.08625399],
        [-0.998863  , -0.832838  , -0.83881274, ...,  0.30093024,
          0.        ,  0.21755293],
        [-0.96456738, -0.93330951, -0.93716211, ...,  0.08625399,
         -0.21755293,  0.        ]],

       [[ 0.        , -0.06041815, -0.17782826, ...,  0.92709659,
          0.87115305,  0.56801013],
        [ 0.06041815,  0.        , -0.11804821, ...,  0.90275685,
          0.83989557,  0.51724702],
        [ 0.17782826,  0.11804821,  0.        , ...,  0.84566607,
          0.76995248,  0.41260043],
        ...,
        [-0.92709659, -0.90275685, -0.84566607, ...,  0.        ,
          0.12868739,  0.55011751],
        [-0.87115305, -0.83989557, -0.76995248, ..., -0.12868739,
          0.        ,  0.4380782 ],
        [-0.56801013, -0.51724702, -0.41260043, ..., -0.55011751,
         -0.4380782 ,  0.        ]],

       [[ 0.        ,  0.41923867,  0.71462559, ...,  0.95573803,
          0.81553675,  0.34096964],
        [-0.41923867,  0.        ,  0.35553101, ...,  0.99103966,
          0.98302193,  0.70367367],
        [-0.71462559, -0.35553101,  0.        , ...,  0.87880202,
          0.9840314 ,  0.91031186],
        ...,
        [-0.95573803, -0.99103966, -0.87880202, ...,  0.        ,
          0.31314424,  0.79814502],
        [-0.81553675, -0.98302193, -0.9840314 , ..., -0.31314424,
          0.        ,  0.56934422],
        [-0.34096964, -0.70367367, -0.91031186, ..., -0.79814502,
         -0.56934422,  0.        ]]]), 'num': array([9.25388103e-01, 3.78738365e-01, 3.33323011e-06, 3.84964604e-03,
       3.88485622e-03, 3.69706861e-03, 1.10177339e-02, 7.04203544e-05,
       3.61960622e-03, 3.08605466e-03, 2.43278851e-03, 1.56052554e-06,
       3.96459179e-03, 2.20751754e-03])}
{'img': array([[[ 0.        , -0.07067274, -0.10814769, ...,  0.9365503 ,
          0.69247041,  0.38440671],
        [ 0.07067274,  0.        , -0.03761903, ...,  0.90943536,
          0.63975234,  0.318203  ],
        [ 0.10814769,  0.03761903,  0.        , ...,  0.89314792,
          0.61038622,  0.28231407],
        ...,
        [-0.9365503 , -0.90943536, -0.89314792, ...,  0.        ,
          0.43293684,  0.72984205],
        [-0.69247041, -0.63975234, -0.61038622, ..., -0.43293684,
          0.        ,  0.36193486],
        [-0.38440671, -0.318203  , -0.28231407, ..., -0.72984205,
         -0.36193486,  0.        ]],

       [[ 0.        , -0.00797529,  0.0079398 , ...,  0.48003281,
          0.54278248,  0.26401408],
        [ 0.00797529,  0.        ,  0.01591459, ...,  0.48701387,
          0.54946346,  0.27169801],
        [-0.0079398 , -0.01591459,  0.        , ...,  0.47305249,
          0.53609695,  0.25634768],
        ...,
        [-0.48003281, -0.48701387, -0.47305249, ...,  0.        ,
          0.07298948, -0.23139419],
        [-0.54278248, -0.54946346, -0.53609695, ..., -0.07298948,
          0.        , -0.30178554],
        [-0.26401408, -0.27169801, -0.25634768, ...,  0.23139419,
          0.30178554,  0.        ]],

       [[ 0.        , -0.04589313, -0.09148654, ...,  0.82156613,
          0.70460641,  0.29417292],
        [ 0.04589313,  0.        , -0.04568948, ...,  0.79453621,
          0.67129831,  0.25000051],
        [ 0.09148654,  0.04568948,  0.        , ...,  0.76596305,
          0.63673281,  0.20550079],
        ...,
        [-0.82156613, -0.79453621, -0.76596305, ...,  0.        ,
          0.18127652,  0.61750176],
        [-0.70460641, -0.67129831, -0.63673281, ..., -0.18127652,
          0.        ,  0.46468451],
        [-0.29417292, -0.25000051, -0.20550079, ..., -0.61750176,
         -0.46468451,  0.        ]],

       ...,

       [[ 0.        , -0.01088325, -0.14506476, ...,  0.832838  ,
          0.93330951,  0.80580945],
        [ 0.01088325,  0.        , -0.13428803, ...,  0.83881274,
          0.93716211,  0.81220651],
        [ 0.14506476,  0.13428803,  0.        , ...,  0.90432416,
          0.97552594,  0.88318944],
        ...,
        [-0.832838  , -0.83881274, -0.90432416, ...,  0.        ,
          0.21755293, -0.04715669],
        [-0.93330951, -0.93716211, -0.97552594, ..., -0.21755293,
          0.        , -0.26333813],
        [-0.80580945, -0.81220651, -0.88318944, ...,  0.04715669,
          0.26333813,  0.        ]],

       [[ 0.        , -0.11537732, -0.17137603, ...,  0.91028924,
          0.81150311,  0.50698335],
        [ 0.11537732,  0.        , -0.05656115, ...,  0.85644701,
          0.73866316,  0.40414743],
        [ 0.17137603,  0.05656115,  0.        , ...,  0.82587712,
          0.69935422,  0.35176431],
        ...,
        [-0.91028924, -0.85644701, -0.82587712, ...,  0.        ,
          0.19598556,  0.5747518 ],
        [-0.81150311, -0.73866316, -0.69935422, ..., -0.19598556,
          0.        ,  0.40322509],
        [-0.50698335, -0.40414743, -0.35176431, ..., -0.5747518 ,
         -0.40322509,  0.        ]],

       [[ 0.        ,  0.33111514,  0.44320652, ...,  0.99784654,
          0.98768499,  0.66960329],
        [-0.33111514,  0.        ,  0.12138732, ...,  0.91983995,
          0.98377486,  0.87775669],
        [-0.44320652, -0.12138732,  0.        , ...,  0.86541843,
          0.95472228,  0.92942335],
        ...,
        [-0.99784654, -0.91983995, -0.86541843, ...,  0.        ,
          0.22090273,  0.78504   ],
        [-0.98768499, -0.98377486, -0.95472228, ..., -0.22090273,
          0.        ,  0.62880914],
        [-0.66960329, -0.87775669, -0.92942335, ..., -0.78504   ,
         -0.62880914,  0.        ]]]), 'num': array([9.28934129e-01, 3.69538313e-01, 3.14267313e-06, 3.99568440e-03,
       4.01813207e-03, 3.65896942e-03, 2.07165012e-02, 3.14267313e-04,
       3.62978746e-03, 3.03817924e-03, 2.36355208e-03, 1.69220861e-06,
       3.93098864e-03, 2.14536985e-03])}
{'img': array([[[ 0.        , -0.03490046, -0.0066587 , ...,  0.90847062,
          0.8712913 ,  0.29621286],
        [ 0.03490046,  0.        ,  0.02824503, ...,  0.89333057,
          0.85363254,  0.26269821],
        [ 0.0066587 , -0.02824503,  0.        , ...,  0.90566748,
          0.86800411,  0.28984642],
        ...,
        [-0.90847062, -0.89333057, -0.90566748, ...,  0.        ,
          0.08169159,  0.74389844],
        [-0.8712913 , -0.85363254, -0.86800411, ..., -0.08169159,
          0.        ,  0.68681818],
        [-0.29621286, -0.26269821, -0.28984642, ..., -0.74389844,
         -0.68681818,  0.        ]],

       [[ 0.        ,  0.01591459, -0.23139944, ...,  0.54946346,
          0.27169801,  0.52644496],
        [-0.01591459,  0.        , -0.24685278, ...,  0.53609695,
          0.25634768,  0.51284755],
        [ 0.23139944,  0.24685278,  0.        , ...,  0.72788871,
          0.48701859,  0.70889456],
        ...,
        [-0.54946346, -0.53609695, -0.72788871, ...,  0.        ,
         -0.30178554, -0.02730479],
        [-0.27169801, -0.25634768, -0.48701859, ...,  0.30178554,
          0.        ,  0.2756413 ],
        [-0.52644496, -0.51284755, -0.70889456, ...,  0.02730479,
         -0.2756413 ,  0.        ]],

       [[ 0.        , -0.04358617, -0.08382498, ...,  0.84750831,
          0.74913047,  0.23879712],
        [ 0.04358617,  0.        , -0.04031256, ...,  0.82356814,
          0.7195461 ,  0.19624499],
        [ 0.08382498,  0.04031256,  0.        , ...,  0.80003269,
          0.69096635,  0.15655679],
        ...,
        [-0.84750831, -0.82356814, -0.80003269, ...,  0.        ,
          0.16378348,  0.69624021],
        [-0.74913047, -0.7195461 , -0.69096635, ..., -0.16378348,
          0.        ,  0.56927316],
        [-0.23879712, -0.19624499, -0.15655679, ..., -0.69624021,
         -0.56927316,  0.        ]],

       ...,

       [[ 0.        , -0.13428803, -0.24500165, ...,  0.93716211,
          0.81220651,  0.97426613],
        [ 0.13428803,  0.        , -0.11258722, ...,  0.97552594,
          0.88318944,  0.99571018],
        [ 0.24500165,  0.11258722,  0.        , ...,  0.99407957,
          0.93037924,  0.99979665],
        ...,
        [-0.93716211, -0.97552594, -0.99407957, ...,  0.        ,
         -0.26333813,  0.12867873],
        [-0.81220651, -0.88318944, -0.93037924, ...,  0.26333813,
          0.        ,  0.38528566],
        [-0.97426613, -0.99571018, -0.99979665, ..., -0.12867873,
         -0.38528566,  0.        ]],

       [[ 0.        , -0.05455069, -0.0594075 , ...,  0.87635235,
          0.79988304,  0.39086124],
        [ 0.05455069,  0.        , -0.0048647 , ...,  0.848772  ,
          0.7659531 ,  0.34006809],
        [ 0.0594075 ,  0.0048647 ,  0.        , ...,  0.8461897 ,
          0.76281653,  0.3354893 ],
        ...,
        [-0.87635235, -0.848772  , -0.8461897 , ...,  0.        ,
          0.14066791,  0.61837181],
        [-0.79988304, -0.7659531 , -0.76281653, ..., -0.14066791,
          0.        ,  0.50167434],
        [-0.39086124, -0.34006809, -0.3354893 , ..., -0.61837181,
         -0.50167434,  0.        ]],

       [[ 0.        ,  0.11686155,  0.12939724, ...,  0.9588284 ,
          0.99789124,  0.86196999],
        [-0.11686155,  0.        ,  0.01263156, ...,  0.91907165,
          0.99863918,  0.91530801],
        [-0.12939724, -0.01263156,  0.        , ...,  0.91402035,
          0.99790075,  0.9203224 ],
        ...,
        [-0.9588284 , -0.91907165, -0.91402035, ...,  0.        ,
          0.3456231 ,  0.73087448],
        [-0.99789124, -0.99863918, -0.99790075, ..., -0.3456231 ,
          0.        ,  0.4499413 ],
        [-0.86196999, -0.91530801, -0.9203224 , ..., -0.73087448,
         -0.4499413 ,  0.        ]]]), 'num': array([8.87854347e-01, 4.59421569e-01, 2.40018363e-06, 3.82529265e-03,
       3.87886818e-03, 3.60027544e-03, 2.36145066e-02, 1.07151055e-05,
       3.56384408e-03, 2.98629989e-03, 2.29238966e-03, 1.57782872e-06,
       3.84810618e-03, 2.12449361e-03])}
{'img': array([[[ 0.        ,  0.02817506,  0.0834697 , ...,  0.85955466,
          0.39367625,  0.26207119],
        [-0.02817506,  0.        ,  0.05535983, ...,  0.87361211,
          0.41941986,  0.28915744],
        [-0.0834697 , -0.05535983,  0.        , ...,  0.89921176,
          0.4690319 ,  0.34170896],
        ...,
        [-0.85955466, -0.87361211, -0.89921176, ...,  0.        ,
          0.58895909,  0.69558212],
        [-0.39367625, -0.41941986, -0.4690319 , ..., -0.58895909,
          0.        ,  0.13900797],
        [-0.26207119, -0.28915744, -0.34170896, ..., -0.69558212,
         -0.13900797,  0.        ]],

       [[ 0.        , -0.24685278,  0.10190907, ...,  0.25634768,
          0.51284755,  0.58770783],
        [ 0.24685278,  0.        ,  0.34432289, ...,  0.48701859,
          0.70889456,  0.76924201],
        [-0.10190907, -0.34432289,  0.        , ...,  0.15650931,
          0.42269066,  0.50219616],
        ...,
        [-0.25634768, -0.48701859, -0.15650931, ...,  0.        ,
          0.2756413 ,  0.36066532],
        [-0.51284755, -0.70889456, -0.42269066, ..., -0.2756413 ,
          0.        ,  0.08960401],
        [-0.58770783, -0.76924201, -0.50219616, ..., -0.36066532,
         -0.08960401,  0.        ]],

       [[ 0.        , -0.03924872, -0.01466936, ...,  0.81217319,
          0.60613454,  0.19115121],
        [ 0.03924872,  0.        ,  0.02458645, ...,  0.78864903,
          0.57445055,  0.15247892],
        [ 0.01466936, -0.02458645,  0.        , ...,  0.80352745,
          0.59440187,  0.17673178],
        ...,
        [-0.81217319, -0.78864903, -0.80352745, ...,  0.        ,
          0.29234295,  0.68567645],
        [-0.60613454, -0.57445055, -0.59440187, ..., -0.29234295,
          0.        ,  0.44292336],
        [-0.19115121, -0.15247892, -0.17673178, ..., -0.68567645,
         -0.44292336,  0.        ]],

       ...,

       [[ 0.        , -0.11258722,  0.20432945, ...,  0.88318944,
          0.99571018,  0.98392969],
        [ 0.11258722,  0.        ,  0.31324217, ...,  0.93037924,
          0.99979665,  0.99777687],
        [-0.20432945, -0.31324217,  0.        , ...,  0.76872219,
          0.9557969 ,  0.9266866 ],
        ...,
        [-0.88318944, -0.93037924, -0.76872219, ...,  0.        ,
          0.38528566,  0.30378012],
        [-0.99571018, -0.99979665, -0.9557969 , ..., -0.38528566,
          0.        , -0.08675041],
        [-0.98392969, -0.99777687, -0.9266866 , ..., -0.30378012,
          0.08675041,  0.        ]],

       [[ 0.        , -0.00474817, -0.11081824, ...,  0.8500935 ,
          0.69698304,  0.33238771],
        [ 0.00474817,  0.        , -0.10609806, ...,  0.84758338,
          0.69357033,  0.32790576],
        [ 0.11081824,  0.10609806,  0.        , ...,  0.7864971 ,
          0.61322372,  0.22582301],
        ...,
        [-0.8500935 , -0.84758338, -0.7864971 , ...,  0.        ,
          0.24253809,  0.62671365],
        [-0.69698304, -0.69357033, -0.61322372, ..., -0.24253809,
          0.        ,  0.41900345],
        [-0.33238771, -0.32790576, -0.22582301, ..., -0.62671365,
         -0.41900345,  0.        ]],

       [[ 0.        ,  0.01163613,  0.04998798, ...,  0.94589312,
          0.98188361,  0.88323155],
        [-0.01163613,  0.        ,  0.03836301, ...,  0.94205341,
          0.97961226,  0.88862837],
        [-0.04998798, -0.03836301,  0.        , ...,  0.92849057,
          0.97118411,  0.90556857],
        ...,
        [-0.94589312, -0.94205341, -0.92849057, ...,  0.        ,
          0.1393674 ,  0.73015392],
        [-0.98188361, -0.97961226, -0.97118411, ..., -0.1393674 ,
          0.        ,  0.62780083],
        [-0.88323155, -0.88862837, -0.90556857, ..., -0.73015392,
         -0.62780083,  0.        ]]]), 'num': array([8.00969229e-01, 5.98155669e-01, 8.74196380e-07, 4.22528250e-03,
       4.22528250e-03, 3.81550295e-03, 2.38483322e-02, 9.74364715e-04,
       3.32740997e-03, 2.65582682e-03, 1.99514076e-03, 1.66889518e-06,
       3.63570392e-03, 1.67594971e-03])}
{'img': array([[[ 0.        ,  0.04471888,  0.        , ...,  0.99700578,
          0.99646295,  0.23545611],
        [-0.04471888,  0.        , -0.04471888, ...,  0.99946636,
          0.99922397,  0.27868217],
        [ 0.        ,  0.04471888,  0.        , ...,  0.99700578,
          0.99646295,  0.23545611],
        ...,
        [-0.99700578, -0.99946636, -0.99700578, ...,  0.        ,
          0.00672803,  0.9507678 ],
        [-0.99646295, -0.99922397, -0.99646295, ..., -0.00672803,
          0.        ,  0.94866124],
        [-0.23545611, -0.27868217, -0.23545611, ..., -0.9507678 ,
         -0.94866124,  0.        ]],

       [[ 0.        ,  0.34432289,  0.1083229 , ...,  0.70889456,
          0.76924201,  0.82710682],
        [-0.34432289,  0.        , -0.24059771, ...,  0.42269066,
          0.50219616,  0.58300543],
        [-0.1083229 ,  0.24059771,  0.        , ...,  0.62832154,
          0.69550188,  0.76135761],
        ...,
        [-0.70889456, -0.42269066, -0.62832154, ...,  0.        ,
          0.08960401,  0.18493994],
        [-0.76924201, -0.50219616, -0.69550188, ..., -0.08960401,
          0.        ,  0.09613769],
        [-0.82710682, -0.58300543, -0.76135761, ..., -0.18493994,
         -0.09613769,  0.        ]],

       [[ 0.        ,  0.0225799 , -0.00837466, ...,  0.87542543,
          0.81448263,  0.14017173],
        [-0.0225799 ,  0.        , -0.03095163, ...,  0.8861163 ,
          0.82737556,  0.16249297],
        [ 0.00837466,  0.03095163,  0.        , ...,  0.87134681,
          0.80959519,  0.13187484],
        ...,
        [-0.87542543, -0.8861163 , -0.87134681, ...,  0.        ,
          0.11422848,  0.79903008],
        [-0.81448263, -0.82737556, -0.80959519, ..., -0.11422848,
          0.        ,  0.72511547],
        [-0.14017173, -0.16249297, -0.13187484, ..., -0.79903008,
         -0.72511547,  0.        ]],

       ...,

       [[ 0.        ,  0.28916414,  0.3499093 , ...,  0.98140787,
          0.96707727,  0.62796969],
        [-0.28916414,  0.        ,  0.06407678, ...,  0.88398128,
          0.85217594,  0.826181  ],
        [-0.3499093 , -0.06407678,  0.        , ...,  0.85220734,
          0.81689618,  0.86058434],
        ...,
        [-0.98140787, -0.88398128, -0.85220734, ...,  0.        ,
         -0.06413668,  0.88429733],
        [-0.96707727, -0.85217594, -0.81689618, ...,  0.06413668,
          0.        ,  0.91242364],
        [-0.62796969, -0.826181  , -0.86058434, ..., -0.88429733,
         -0.91242364,  0.        ]],

       [[ 0.        , -0.0964133 , -0.17308151, ...,  0.95081054,
          0.91632407,  0.29912219],
        [ 0.0964133 ,  0.        , -0.07731701, ...,  0.91651484,
          0.87344777,  0.20572969],
        [ 0.17308151,  0.07731701,  0.        , ...,  0.88284446,
          0.83318612,  0.12945075],
        ...,
        [-0.95081054, -0.91651484, -0.88284446, ...,  0.        ,
          0.09688775,  0.81461753],
        [-0.91632407, -0.87344777, -0.83318612, ..., -0.09688775,
          0.        ,  0.75459026],
        [-0.29912219, -0.20572969, -0.12945075, ..., -0.81461753,
         -0.75459026,  0.        ]],

       [[ 0.        ,  0.03836301,  0.04297575, ...,  0.97961226,
          0.88862837,  0.87620855],
        [-0.03836301,  0.        ,  0.00461655, ...,  0.97118411,
          0.90556857,  0.85707518],
        [-0.04297575, -0.00461655,  0.        , ...,  0.97007349,
          0.90751726,  0.85468764],
        ...,
        [-0.97961226, -0.97118411, -0.97007349, ...,  0.        ,
          0.62780083, -0.29607851],
        [-0.88862837, -0.90556857, -0.90751726, ..., -0.62780083,
          0.        , -0.83011232],
        [-0.87620855, -0.85707518, -0.85468764, ...,  0.29607851,
          0.83011232,  0.        ]]]), 'num': array([7.93840475e-01, 6.01390258e-01, 8.06919146e-07, 4.27667147e-03,
       5.20014561e-03, 4.25873994e-03, 8.96764034e-02, 1.16554988e-04,
       3.55403055e-03, 2.72649014e-03, 2.01242646e-03, 1.64595448e-06,
       3.89615562e-03, 1.55682465e-03])}
{'img': array([[[ 0.        , -0.0438038 , -0.2731791 , ...,  0.99995264,
          0.62784822,  0.2731791 ],
        [ 0.0438038 ,  0.        , -0.23077925, ...,  0.99941916,
          0.59315152,  0.23077925],
        [ 0.2731791 ,  0.23077925,  0.        , ...,  0.96457639,
          0.3913418 ,  0.        ],
        ...,
        [-0.99995264, -0.99941916, -0.96457639, ...,  0.        ,
          0.78440958,  0.96457639],
        [-0.62784822, -0.59315152, -0.3913418 , ..., -0.78440958,
          0.        ,  0.3913418 ],
        [-0.2731791 , -0.23077925, -0.        , ..., -0.96457639,
         -0.3913418 ,  0.        ]],

       [[ 0.        , -0.32830302, -0.2905259 , ...,  0.51142651,
          0.59225174,  0.82416156],
        [ 0.32830302,  0.        ,  0.03971961, ...,  0.76519905,
          0.82395582,  0.59254432],
        [ 0.2905259 , -0.03971961,  0.        , ...,  0.73902397,
          0.80079833,  0.62407238],
        ...,
        [-0.51142651, -0.76519905, -0.73902397, ...,  0.        ,
          0.09685449,  0.99787314],
        [-0.59225174, -0.82395582, -0.80079833, ..., -0.09685449,
          0.        ,  0.99949524],
        [-0.82416156, -0.59254432, -0.62407238, ..., -0.99787314,
         -0.99949524,  0.        ]],

       [[ 0.        , -0.02888888, -0.15177915, ...,  0.94301349,
          0.77387163,  0.15177915],
        [ 0.02888888,  0.        , -0.12316161, ...,  0.933007  ,
          0.75525208,  0.12316161],
        [ 0.15177915,  0.12316161,  0.        , ...,  0.88158295,
          0.6687777 ,  0.        ],
        ...,
        [-0.94301349, -0.933007  , -0.88158295, ...,  0.        ,
          0.33974125,  0.88158295],
        [-0.77387163, -0.75525208, -0.6687777 , ..., -0.33974125,
          0.        ,  0.6687777 ],
        [-0.15177915, -0.12316161, -0.        , ..., -0.88158295,
         -0.6687777 ,  0.        ]],

       ...,

       [[ 0.        ,  0.06397044, -0.45804031, ...,  0.85081779,
          0.87818152,  0.82541972],
        [-0.06397044,  0.        , -0.51396748, ...,  0.81546118,
          0.90698164,  0.85984165],
        [ 0.45804031,  0.51396748,  0.        , ...,  0.99700091,
          0.56154986,  0.47516884],
        ...,
        [-0.85081779, -0.81546118, -0.99700091, ...,  0.        ,
          0.86841956,  0.91402898],
        [-0.87818152, -0.90698164, -0.56154986, ..., -0.86841956,
          0.        ,  0.10092964],
        [-0.82541972, -0.85984165, -0.47516884, ..., -0.91402898,
         -0.10092964,  0.        ]],

       [[ 0.        , -0.07203475, -0.06185347, ...,  0.96613619,
          0.80452358,  0.19187654],
        [ 0.07203475,  0.        ,  0.01020404, ...,  0.94503897,
          0.7596506 ,  0.12068179],
        [ 0.06185347, -0.01020404,  0.        , ...,  0.94832606,
          0.76624706,  0.13080497],
        ...,
        [-0.96613619, -0.94503897, -0.94832606, ...,  0.        ,
          0.36621493,  0.89867407],
        [-0.80452358, -0.7596506 , -0.76624706, ..., -0.36621493,
          0.        ,  0.67561534],
        [-0.19187654, -0.12068179, -0.13080497, ..., -0.89867407,
         -0.67561534,  0.        ]],

       [[ 0.        ,  0.00461655, -0.0429397 , ...,  0.90556857,
          0.85707518,  0.62437802],
        [-0.00461655,  0.        , -0.04755153, ...,  0.90751726,
          0.85468764,  0.62076528],
        [ 0.0429397 ,  0.04755153,  0.        , ...,  0.88651832,
          0.87840683,  0.6573433 ],
        ...,
        [-0.90556857, -0.90751726, -0.88651832, ...,  0.        ,
         -0.83011232, -0.97222093],
        [-0.85707518, -0.85468764, -0.87840683, ...,  0.83011232,
          0.        , -0.34780639],
        [-0.62437802, -0.62076528, -0.6573433 , ...,  0.97222093,
          0.34780639,  0.        ]]]), 'num': array([9.22101964e-01, 3.64193406e-01, 1.98897882e-06, 5.31341484e-03,
       5.87222317e-03, 4.24315481e-03, 1.30210089e-01, 7.95591526e-04,
       4.19579817e-03, 3.04076976e-03, 2.18964468e-03, 1.77205486e-06,
       4.61773273e-03, 1.46380678e-03])}
{'img': array([[[ 0.00000000e+00, -2.06073169e-01,  0.00000000e+00, ...,
          9.40293224e-01,  9.11532587e-01,  2.06073169e-01],
        [ 2.06073169e-01,  0.00000000e+00,  2.06073169e-01, ...,
          8.49971130e-01,  8.07224960e-01,  0.00000000e+00],
        [ 0.00000000e+00, -2.06073169e-01,  0.00000000e+00, ...,
          9.40293224e-01,  9.11532587e-01,  2.06073169e-01],
        ...,
        [-9.40293224e-01, -8.49971130e-01, -9.40293224e-01, ...,
          0.00000000e+00,  7.64205419e-02,  8.49971130e-01],
        [-9.11532587e-01, -8.07224960e-01, -9.11532587e-01, ...,
         -7.64205419e-02,  0.00000000e+00,  8.07224960e-01],
        [-2.06073169e-01, -0.00000000e+00, -2.06073169e-01, ...,
         -8.49971130e-01, -8.07224960e-01,  0.00000000e+00]],

       [[ 0.00000000e+00,  3.55156624e-02,  5.44942242e-01, ...,
          7.56876223e-01,  8.96298572e-01,  0.00000000e+00],
        [-3.55156624e-02,  0.00000000e+00,  5.14819504e-01, ...,
          7.33187171e-01,  9.11482575e-01,  3.55156624e-02],
        [-5.44942242e-01, -5.14819504e-01,  0.00000000e+00, ...,
          2.78469224e-01,  9.93177908e-01,  5.44942242e-01],
        ...,
        [-7.56876223e-01, -7.33187171e-01, -2.78469224e-01, ...,
          0.00000000e+00,  9.21420910e-01,  7.56876223e-01],
        [-8.96298572e-01, -9.11482575e-01, -9.93177908e-01, ...,
         -9.21420910e-01,  0.00000000e+00,  8.96298572e-01],
        [-0.00000000e+00, -3.55156624e-02, -5.44942242e-01, ...,
         -7.56876223e-01, -8.96298572e-01,  0.00000000e+00]],

       [[ 0.00000000e+00, -1.12803494e-01, -6.58744559e-02, ...,
          9.33482315e-01,  8.07891113e-01,  1.12803494e-01],
        [ 1.12803494e-01,  0.00000000e+00,  4.71044760e-02, ...,
          8.87070216e-01,  7.36255915e-01,  0.00000000e+00],
        [ 6.58744559e-02, -4.71044760e-02,  0.00000000e+00, ...,
          9.07830592e-01,  7.67314397e-01,  4.71044760e-02],
        ...,
        [-9.33482315e-01, -8.87070216e-01, -9.07830592e-01, ...,
          0.00000000e+00,  2.60402111e-01,  8.87070216e-01],
        [-8.07891113e-01, -7.36255915e-01, -7.67314397e-01, ...,
         -2.60402111e-01,  0.00000000e+00,  7.36255915e-01],
        [-1.12803494e-01, -0.00000000e+00, -4.71044760e-02, ...,
         -8.87070216e-01, -7.36255915e-01,  0.00000000e+00]],

       ...,

       [[ 0.00000000e+00, -5.06335479e-01, -1.79738689e-01, ...,
          9.79837242e-01,  9.76784376e-01,  8.51571143e-01],
        [ 5.06335479e-01,  0.00000000e+00,  3.43094250e-01, ...,
          7.43785015e-01,  7.33847262e-01,  4.68900117e-01],
        [ 1.79738689e-01, -3.43094250e-01,  0.00000000e+00, ...,
          9.27968683e-01,  9.22372355e-01,  7.43476748e-01],
        ...,
        [-9.79837242e-01, -7.43785015e-01, -9.27968683e-01, ...,
          0.00000000e+00,  1.47465547e-02,  3.43527297e-01],
        [-9.76784376e-01, -7.33847262e-01, -9.22372355e-01, ...,
         -1.47465547e-02,  0.00000000e+00,  3.29640824e-01],
        [-8.51571143e-01, -4.68900117e-01, -7.43476748e-01, ...,
         -3.43527297e-01, -3.29640824e-01,  0.00000000e+00]],

       [[ 0.00000000e+00,  9.32287731e-03,  6.60897263e-05, ...,
          9.36788778e-01,  8.11289828e-01,  1.10329610e-01],
        [-9.32287731e-03,  0.00000000e+00, -9.25679044e-03, ...,
          9.40010098e-01,  8.16705136e-01,  1.19590777e-01],
        [-6.60897263e-05,  9.25679044e-03,  0.00000000e+00, ...,
          9.36811900e-01,  8.11328466e-01,  1.10395296e-01],
        ...,
        [-9.36788778e-01, -9.40010098e-01, -9.36811900e-01, ...,
          0.00000000e+00,  2.63821532e-01,  8.92465910e-01],
        [-8.11289828e-01, -8.16705136e-01, -8.11328466e-01, ...,
         -2.63821532e-01,  0.00000000e+00,  7.41833383e-01],
        [-1.10329610e-01, -1.19590777e-01, -1.10395296e-01, ...,
         -8.92465910e-01, -7.41833383e-01,  0.00000000e+00]],

       [[ 0.00000000e+00, -4.75515301e-02, -6.12178370e-02, ...,
          8.54687637e-01,  6.20765282e-01,  6.55994736e-02],
        [ 4.75515301e-02,  0.00000000e+00, -1.36862428e-02, ...,
          8.78406828e-01,  6.57343295e-01,  1.12974372e-01],
        [ 6.12178370e-02,  1.36862428e-02,  0.00000000e+00, ...,
          8.84865398e-01,  6.67595561e-01,  1.26562413e-01],
        ...,
        [-8.54687637e-01, -8.78406828e-01, -8.84865398e-01, ...,
          0.00000000e+00, -3.47806386e-01, -8.18791188e-01],
        [-6.20765282e-01, -6.57343295e-01, -6.67595561e-01, ...,
          3.47806386e-01,  0.00000000e+00, -5.67998420e-01],
        [-6.55994736e-02, -1.12974372e-01, -1.26562413e-01, ...,
          8.18791188e-01,  5.67998420e-01,  0.00000000e+00]]]), 'num': array([9.25339752e-01, 3.69701775e-01, 1.79238057e-06, 5.55637977e-03,
       6.27333199e-03, 5.42195122e-03, 8.31146407e-02, 5.28752268e-04,
       4.44331143e-03, 3.03450030e-03, 2.14126745e-03, 1.72836698e-06,
       4.91056202e-03, 1.15843859e-03])}
{'img': array([[[ 0.        ,  0.19280713,  0.23557979, ...,  0.92073356,
          0.66324668,  0.        ],
        [-0.19280713,  0.        ,  0.04377895, ...,  0.97868931,
          0.79509899,  0.19280713],
        [-0.23557979, -0.04377895,  0.        , ...,  0.98674085,
          0.82088773,  0.23557979],
        ...,
        [-0.92073356, -0.97868931, -0.98674085, ...,  0.        ,
          0.4302843 ,  0.92073356],
        [-0.66324668, -0.79509899, -0.82088773, ..., -0.4302843 ,
          0.        ,  0.66324668],
        [-0.        , -0.19280713, -0.23557979, ..., -0.92073356,
         -0.66324668,  0.        ]],

       [[ 0.        ,  0.54404861,  0.09365469, ...,  0.89638544,
          0.        ,  0.94218513],
        [-0.54404861,  0.        , -0.46307606, ...,  0.99327892,
          0.54404861,  0.97285069],
        [-0.09365469,  0.46307606,  0.        , ...,  0.93396042,
          0.09365469,  0.96942699],
        ...,
        [-0.89638544, -0.99327892, -0.93396042, ...,  0.        ,
          0.89638544, -0.11727525],
        [-0.        , -0.54404861, -0.09365469, ..., -0.89638544,
          0.        , -0.94218513],
        [-0.94218513, -0.97285069, -0.96942699, ...,  0.11727525,
          0.94218513,  0.        ]],

       [[ 0.        ,  0.04330719,  0.08380987, ...,  0.9088397 ,
          0.72343241,  0.        ],
        [-0.04330719,  0.        ,  0.04057642, ...,  0.92605243,
          0.75265276,  0.04330719],
        [-0.08380987, -0.04057642,  0.        , ...,  0.9406031 ,
          0.77874913,  0.08380987],
        ...,
        [-0.9088397 , -0.92605243, -0.9406031 , ...,  0.        ,
          0.32568198,  0.9088397 ],
        [-0.72343241, -0.75265276, -0.77874913, ..., -0.32568198,
          0.        ,  0.72343241],
        [-0.        , -0.04330719, -0.08380987, ..., -0.9088397 ,
         -0.72343241,  0.        ]],

       ...,

       [[ 0.        ,  0.33493868,  0.02541916, ...,  0.84926244,
          0.78251703,  0.45913895],
        [-0.33493868,  0.        , -0.31087951, ...,  0.97704687,
          0.94586138,  0.73016667],
        [-0.02541916,  0.31087951,  0.        , ...,  0.8624086 ,
          0.79809089,  0.48157207],
        ...,
        [-0.84926244, -0.97704687, -0.8624086 , ...,  0.        ,
          0.11562933,  0.51204255],
        [-0.78251703, -0.94586138, -0.79809089, ..., -0.11562933,
          0.        ,  0.40928701],
        [-0.45913895, -0.73016667, -0.48157207, ..., -0.51204255,
         -0.40928701,  0.        ]],

       [[ 0.        , -0.00849166, -0.0279008 , ...,  0.95272896,
          0.80022202,  0.10976568],
        [ 0.00849166,  0.        , -0.01941145, ...,  0.95011466,
          0.79510069,  0.10132138],
        [ 0.0279008 ,  0.01941145,  0.        , ...,  0.94388119,
          0.78317827,  0.08199074],
        ...,
        [-0.95272896, -0.95011466, -0.94388119, ...,  0.        ,
          0.32823053,  0.9136229 ],
        [-0.80022202, -0.79510069, -0.78317827, ..., -0.32823053,
          0.        ,  0.72955977],
        [-0.10976568, -0.10132138, -0.08199074, ..., -0.9136229 ,
         -0.72955977,  0.        ]],

       [[ 0.        , -0.01212161, -0.01525044, ...,  0.61462559,
          0.10114439, -0.93171897],
        [ 0.01212161,  0.        , -0.00312912, ...,  0.62414219,
          0.1131964 , -0.92724819],
        [ 0.01525044,  0.00312912,  0.        , ...,  0.62658395,
          0.11630486, -0.92607196],
        ...,
        [-0.61462559, -0.62414219, -0.62658395, ...,  0.        ,
         -0.53168903, -0.95817737],
        [-0.10114439, -0.1131964 , -0.11630486, ...,  0.53168903,
          0.        , -0.96367451],
        [ 0.93171897,  0.92724819,  0.92607196, ...,  0.95817737,
          0.96367451,  0.        ]]]), 'num': array([ 9.48079062e-01,  3.16910839e-01,  2.15784008e-06,  5.58555949e-03,
        6.10114960e-03,  5.40414816e-03,  2.32248900e-02, -3.34178773e-04,
