state_0,state_1,state_2,state_3,state_4,state_5,state_6,state_7,state_8,state_9,state_10,state_11,state_12,state_13,state_14,state_15,state_16,state_17,state_18,state_19,state_20,state_21,state_22,state_23,state_24,state_25,state_26,state_27,state_28,state_29,state_30,state_31,state_32,state_33,state_34,state_35,state_36,state_37,state_38,state_39,state_40,state_41,state_42,state_43,state_44,state_45,state_46,state_47,state_48,state_49,state_50,state_51,state_52,state_53,state_54,state_55,state_56,state_57,state_58,state_59,state_60,state_61,state_62,state_63,state_64,state_65,state_66,state_67,state_68,state_69,state_70,state_71,state_72,state_73,state_74,state_75,state_76,state_77,state_78,state_79,state_80,state_81,state_82,state_83,state_84,state_85,state_86,state_87,state_88,state_89,state_90,state_91,state_92,state_93,state_94,state_95,state_96,state_97,state_98,state_99,state_100,state_101,state_102,state_103,state_104,state_105,state_106,state_107,state_108,state_109,state_110,state_111,state_112,state_113,state_114,state_115,state_116,state_117,state_118,state_119,state_120,state_121,state_122,state_123,state_124,state_125,state_126,state_127,state_128,state_129,state_130,state_131,state_132,state_133,state_134,state_135,state_136,state_137,state_138,state_139,state_140,state_141,state_142,state_143,state_144,state_145,state_146,state_147,state_148,state_149,state_150,state_151,state_152,state_153,state_154,state_155,state_156,state_157,state_158,state_159,state_160,state_161,state_162,state_163,state_164,state_165,state_166,state_167,state_168,state_169,state_170,state_171,state_172,state_173,state_174,state_175,state_176,state_177,state_178,state_179,state_180,state_181,state_182,state_183,state_184,state_185,state_186,state_187,state_188,state_189,state_190,state_191,state_192,state_193,state_194,state_195,state_196,state_197,state_198,state_199,state_200,state_201,state_202,state_203,state_204,state_205,state_206,state_207,state_208,state_209,state_210,state_211,state_212,state_213,state_214,state_215,state_216,state_217,state_218,state_219,state_220,state_221,state_222,state_223,state_224,state_225,state_226,state_227,state_228,state_229,state_230,state_231,state_232,state_233,state_234,state_235,state_236,state_237,state_238,state_239,state_240,state_241,state_242,state_243,state_244,state_245,state_246,state_247,state_248,state_249,state_250,state_251,state_252,state_253,state_254,state_255,state_256,state_257,state_258,state_259,state_260,state_261,state_262,state_263,state_264,state_265,state_266,state_267,state_268,state_269,state_270,state_271,state_272,state_273,state_274,state_275,state_276,state_277,state_278,state_279,state_280,state_281,state_282,state_283,state_284,state_285,state_286,state_287
{'img': array([[[ 0.        ,  0.66700391,  0.69230391, ..., -0.64981021,
         -0.70575338, -0.20670259],
        [-0.66700391,  0.        ,  0.03448989, ..., -0.99113117,
         -0.99836852, -0.80660381],
        [-0.69230391, -0.03448989,  0.        , ..., -0.99512476,
         -0.99974388, -0.82651064],
        ...,
        [ 0.64981021,  0.99113117,  0.99512476, ...,  0.        ,
         -0.0760777 ,  0.47866287],
        [ 0.70575338,  0.99836852,  0.99974388, ...,  0.0760777 ,
          0.        ,  0.54407178],
        [ 0.20670259,  0.80660381,  0.82651064, ..., -0.47866287,
         -0.54407178,  0.        ]],

       [[ 0.        , -0.27991913, -0.90585441, ..., -0.97170734,
         -0.98319913, -0.25594491],
        [ 0.27991913,  0.        , -0.75107088, ..., -0.99897555,
         -0.89279898,  0.02488226],
        [ 0.90585441,  0.75107088,  0.        , ..., -0.6255568 ,
         -0.25112129,  0.76726615],
        ...,
        [ 0.97170734,  0.99897555,  0.6255568 , ...,  0.        ,
          0.40959176,  0.99979226],
        [ 0.98319913,  0.89279898,  0.25112129, ..., -0.40959176,
          0.        ,  0.90373091],
        [ 0.25594491, -0.02488226, -0.76726615, ..., -0.99979226,
         -0.90373091,  0.        ]],

       [[ 0.        , -0.10307167, -0.14714341, ..., -0.99999907,
         -0.99299441, -0.99999993],
        [ 0.10307167,  0.        , -0.04440996, ..., -0.99481355,
         -0.99988474, -0.99463602],
        [ 0.14714341,  0.04440996,  0.        , ..., -0.98931488,
         -0.9995725 , -0.98906108],
        ...,
        [ 0.99999907,  0.99481355,  0.98931488, ...,  0.        ,
         -0.11680729,  0.00173064],
        [ 0.99299441,  0.99988474,  0.9995725 , ...,  0.11680729,
          0.        ,  0.11852591],
        [ 0.99999993,  0.99463602,  0.98906108, ..., -0.00173064,
         -0.11852591,  0.        ]],

       ...,

       [[ 0.        ,  0.6923022 ,  0.50550865, ...,  0.96701002,
          0.96701002,  0.94857852],
        [-0.6923022 ,  0.        , -0.23255431, ...,  0.52144598,
          0.52144598,  0.90364424],
        [-0.50550865,  0.23255431,  0.        , ...,  0.70558465,
          0.70558465,  0.97846866],
        ...,
        [-0.96701002, -0.52144598, -0.70558465, ...,  0.        ,
          0.        ,  0.54773853],
        [-0.96701002, -0.52144598, -0.70558465, ...,  0.        ,
          0.        ,  0.54773853],
        [-0.94857852, -0.90364424, -0.97846866, ..., -0.54773853,
         -0.54773853,  0.        ]],

       [[ 0.        ,  0.04425925, -0.13900676, ..., -0.61538482,
         -0.62710751, -0.56873061],
        [-0.04425925,  0.        , -0.1827001 , ..., -0.57989546,
         -0.59201801, -0.53176901],
        [ 0.13900676,  0.1827001 ,  0.        , ..., -0.71897917,
         -0.7292961 , -0.67754543],
        ...,
        [ 0.61538482,  0.57989546,  0.71897917, ...,  0.        ,
          0.01495959, -0.05787996],
        [ 0.62710751,  0.59201801,  0.7292961 , ..., -0.01495959,
          0.        , -0.072808  ],
        [ 0.56873061,  0.53176901,  0.67754543, ...,  0.05787996,
          0.072808  ,  0.        ]],

       [[ 0.        , -0.70560239, -0.89216809, ..., -0.98084803,
         -0.95015873, -0.96170794],
        [ 0.70560239,  0.        , -0.31347432, ..., -0.83247015,
         -0.89327328, -0.87486284],
        [ 0.89216809,  0.31347432,  0.        , ..., -0.6168242 ,
         -0.70733825, -0.67892906],
        ...,
        [ 0.98084803,  0.83247015,  0.6168242 , ...,  0.        ,
         -0.12072885, -0.08151098],
        [ 0.95015873,  0.89327328,  0.70733825, ...,  0.12072885,
          0.        ,  0.03941234],
        [ 0.96170794,  0.87486284,  0.67892906, ...,  0.08151098,
         -0.03941234,  0.        ]]]), 'num': array([ 7.07103603e-01,  7.07103603e-01,  0.00000000e+00,  1.03670397e-03,
        1.05815302e-03,  1.02669441e-03,  4.55041545e-04, -2.14490476e-05,
        1.02426352e-03,  1.05586512e-03,  1.06350336e-03,  3.72962821e-07,
        1.12373606e-03,  9.87994178e-04])}
{'img': array([[[ 0.        ,  0.03448989,  0.07925049, ..., -0.99836852,
         -0.80660381, -0.90671182],
        [-0.03448989,  0.        ,  0.04482193, ..., -0.99974388,
         -0.82651064, -0.9207185 ],
        [-0.07925049, -0.04482193,  0.        , ..., -0.99975351,
         -0.8509112 , -0.93728392],
        ...,
        [ 0.99836852,  0.99974388,  0.99975351, ...,  0.        ,
          0.54407178,  0.36929027],
        [ 0.80660381,  0.82651064,  0.8509112 , ..., -0.54407178,
          0.        , -0.19576476],
        [ 0.90671182,  0.9207185 ,  0.93728392, ..., -0.36929027,
          0.19576476,  0.        ]],

       [[ 0.        , -0.75107088, -0.7848102 , ..., -0.89279898,
          0.02488226, -0.96527096],
        [ 0.75107088,  0.        , -0.05268281, ..., -0.25112129,
          0.76726615, -0.44107487],
        [ 0.7848102 ,  0.05268281,  0.        , ..., -0.19977793,
          0.79998765, -0.39318109],
        ...,
        [ 0.89279898,  0.25112129,  0.19977793, ...,  0.        ,
          0.90373091, -0.201567  ],
        [-0.02488226, -0.76726615, -0.79998765, ..., -0.90373091,
          0.        , -0.97147262],
        [ 0.96527096,  0.44107487,  0.39318109, ...,  0.201567  ,
          0.97147262,  0.        ]],

       [[ 0.        , -0.04440996, -0.16104929, ..., -0.99988474,
         -0.99463602, -0.99628445],
        [ 0.04440996,  0.        , -0.11706015, ..., -0.9995725 ,
         -0.98906108, -0.99147675],
        [ 0.16104929,  0.11706015,  0.        , ..., -0.98927773,
         -0.96499398, -0.96940915],
        ...,
        [ 0.99988474,  0.9995725 ,  0.98927773, ...,  0.        ,
          0.11852591,  0.10123982],
        [ 0.99463602,  0.98906108,  0.96499398, ..., -0.11852591,
          0.        , -0.01739075],
        [ 0.99628445,  0.99147675,  0.96940915, ..., -0.10123982,
          0.01739075,  0.        ]],

       ...,

       [[ 0.        , -0.52937627, -0.04100262, ...,  0.61186324,
          0.95869899,  0.98432958],
        [ 0.52937627,  0.        ,  0.49414499, ...,  0.93781426,
          0.96391451,  0.92844201],
        [ 0.04100262, -0.49414499,  0.        , ...,  0.64378027,
          0.96955484,  0.99073214],
        ...,
        [-0.61186324, -0.93781426, -0.64378027, ...,  0.        ,
          0.58426821,  0.67067377],
        [-0.95869899, -0.96391451, -0.96955484, ..., -0.58426821,
          0.        ,  0.11091005],
        [-0.98432958, -0.92844201, -0.99073214, ..., -0.67067377,
         -0.11091005,  0.        ]],

       [[ 0.        , -0.1827001 , -0.35796369, ..., -0.59201801,
         -0.53176901, -0.47304944],
        [ 0.1827001 ,  0.        , -0.18134512, ..., -0.7292961 ,
         -0.67754543, -0.62605274],
        [ 0.35796369,  0.18134512,  0.        , ..., -0.84128003,
         -0.79968728, -0.75708191],
        ...,
        [ 0.59201801,  0.7292961 ,  0.84128003, ...,  0.        ,
         -0.072808  , -0.14034687],
        [ 0.53176901,  0.67754543,  0.79968728, ...,  0.072808  ,
          0.        , -0.06788701],
        [ 0.47304944,  0.62605274,  0.75708191, ...,  0.14034687,
          0.06788701,  0.        ]],

       [[ 0.        , -0.71484573, -0.88637316, ..., -0.98092377,
         -0.98864427, -0.9895608 ],
        [ 0.71484573,  0.        , -0.28887176, ..., -0.82490338,
         -0.7987646 , -0.79500295],
        [ 0.88637316,  0.28887176,  0.        , ..., -0.62644432,
         -0.59091365, -0.58587901],
        ...,
        [ 0.98092377,  0.82490338,  0.62644432, ...,  0.        ,
          0.04477724,  0.05099669],
        [ 0.98864427,  0.7987646 ,  0.59091365, ..., -0.04477724,
          0.        ,  0.00622656],
        [ 0.9895608 ,  0.79500295,  0.58587901, ..., -0.05099669,
         -0.00622656,  0.        ]]]), 'num': array([ 7.07103666e-01,  7.07103666e-01,  0.00000000e+00,  1.01382507e-03,
        1.03884896e-03,  1.00882030e-03,  4.35730291e-04, -2.28789861e-05,
        1.02340565e-03,  1.05121792e-03,  1.06110831e-03,  3.47747236e-07,
        1.11721240e-03,  9.85223436e-04])}
{'img': array([[[ 0.        ,  0.04482193,  0.71506344, ..., -0.82651064,
         -0.9207185 , -0.98552619],
        [-0.04482193,  0.        ,  0.6830116 , ..., -0.8509112 ,
         -0.93728392, -0.99213408],
        [-0.71506344, -0.6830116 ,  0.        , ..., -0.98030447,
         -0.92267443, -0.81016139],
        ...,
        [ 0.82651064,  0.8509112 ,  0.98030447, ...,  0.        ,
         -0.19576476, -0.41466071],
        [ 0.9207185 ,  0.93728392,  0.92267443, ...,  0.19576476,
          0.        , -0.22849614],
        [ 0.98552619,  0.99213408,  0.81016139, ...,  0.41466071,
          0.22849614,  0.        ]],

       [[ 0.        , -0.05268281,  0.64081114, ...,  0.76726615,
         -0.44107487, -0.52456349],
        [ 0.05268281,  0.        ,  0.68036576, ...,  0.79998765,
         -0.39318109, -0.47898239],
        [-0.64081114, -0.68036576,  0.        , ...,  0.17805847,
         -0.91372152, -0.94827487],
        ...,
        [-0.76726615, -0.79998765, -0.17805847, ...,  0.        ,
         -0.97147262, -0.98964609],
        [ 0.44107487,  0.39318109,  0.91372152, ...,  0.97147262,
          0.        , -0.09526166],
        [ 0.52456349,  0.47898239,  0.94827487, ...,  0.98964609,
          0.09526166,  0.        ]],

       [[ 0.        , -0.11706015,  0.0091536 , ..., -0.98906108,
         -0.99147675, -0.99279349],
        [ 0.11706015,  0.        ,  0.12614591, ..., -0.96499398,
         -0.96940915, -0.97193965],
        [-0.0091536 , -0.12614591,  0.        , ..., -0.99036986,
         -0.99262778, -0.99384885],
        ...,
        [ 0.98906108,  0.96499398,  0.99036986, ...,  0.        ,
         -0.01739075, -0.02791671],
        [ 0.99147675,  0.96940915,  0.99262778, ...,  0.01739075,
          0.        , -0.01052852],
        [ 0.99279349,  0.97193965,  0.99384885, ...,  0.02791671,
          0.01052852,  0.        ]],

       ...,

       [[ 0.        ,  0.49414499,  0.64589576, ...,  0.96391451,
          0.92844201,  0.97677071],
        [-0.49414499,  0.        ,  0.18428559, ...,  0.96955484,
          0.99073214,  0.95507336],
        [-0.64589576, -0.18428559,  0.        , ...,  0.90782221,
          0.94873207,  0.88409894],
        ...,
        [-0.96391451, -0.96955484, -0.90782221, ...,  0.        ,
          0.11091005, -0.05347357],
        [-0.92844201, -0.99073214, -0.94873207, ..., -0.11091005,
          0.        , -0.16389503],
        [-0.97677071, -0.95507336, -0.88409894, ...,  0.05347357,
          0.16389503,  0.        ]],

       [[ 0.        , -0.31180147, -0.46545594, ..., -0.53383293,
         -0.47492509, -0.42209594],
        [ 0.31180147,  0.        , -0.16628524, ..., -0.7708761 ,
         -0.72564225, -0.6837173 ],
        [ 0.46545594,  0.16628524,  0.        , ..., -0.86606495,
         -0.82995588, -0.79554452],
        ...,
        [ 0.53383293,  0.7708761 ,  0.86606495, ...,  0.        ,
         -0.06819508, -0.12702677],
        [ 0.47492509,  0.72564225,  0.82995588, ...,  0.06819508,
          0.        , -0.0590884 ],
        [ 0.42209594,  0.6837173 ,  0.79554452, ...,  0.12702677,
          0.0590884 ,  0.        ]],

       [[ 0.        , -0.69202869, -0.82232479, ..., -1.        ,
         -0.99997301, -0.99902709],
        [ 0.69202869,  0.        , -0.19983455, ..., -0.72180146,
         -0.71676569, -0.75168662],
        [ 0.82232479,  0.19983455,  0.        , ..., -0.56893695,
         -0.56296084, -0.60472987],
        ...,
        [ 1.        ,  0.72180146,  0.56893695, ...,  0.        ,
          0.00724867, -0.04419961],
        [ 0.99997301,  0.71676569,  0.56296084, ..., -0.00724867,
          0.        , -0.05144003],
        [ 0.99902709,  0.75168662,  0.60472987, ...,  0.04419961,
          0.05144003,  0.        ]]]), 'num': array([ 7.50845386e-01,  6.60470519e-01,  6.37790176e-07,  1.07589128e-03,
        1.10170660e-03,  1.07361346e-03,  4.58100387e-04, -7.59274019e-07,
        1.08803967e-03,  1.11188087e-03,  1.12425704e-03,  3.09145126e-07,
        1.18026512e-03,  1.04349662e-03])}
{'img': array([[[ 0.        ,  0.6830116 ,  0.59706776, ..., -0.93728392,
         -0.99213408, -0.99307566],
        [-0.6830116 ,  0.        , -0.11180285, ..., -0.92267443,
         -0.81016139, -0.80558774],
        [-0.59706776,  0.11180285,  0.        , ..., -0.95999858,
         -0.87062161, -0.86677759],
        ...,
        [ 0.93728392,  0.92267443,  0.95999858, ...,  0.        ,
         -0.22849614, -0.23604444],
        [ 0.99213408,  0.81016139,  0.87062161, ...,  0.22849614,
          0.        , -0.00776048],
        [ 0.99307566,  0.80558774,  0.86677759, ...,  0.23604444,
          0.00776048,  0.        ]],

       [[ 0.        ,  0.68036576,  0.76697577, ..., -0.39318109,
         -0.47898239, -0.50906409],
        [-0.68036576,  0.        ,  0.1255212 , ..., -0.91372152,
         -0.94827487, -0.95868947],
        [-0.76697577, -0.1255212 ,  0.        , ..., -0.95749924,
         -0.98062166, -0.98681223],
        ...,
        [ 0.39318109,  0.91372152,  0.95749924, ...,  0.        ,
         -0.09526166, -0.12964239],
        [ 0.47898239,  0.94827487,  0.98062166, ...,  0.09526166,
          0.        , -0.03459508],
        [ 0.50906409,  0.95868947,  0.98681223, ...,  0.12964239,
          0.03459508,  0.        ]],

       [[ 0.        ,  0.12614591,  0.73102289, ..., -0.96940915,
         -0.97193965, -0.96854571],
        [-0.12614591,  0.        ,  0.63910722, ..., -0.99262778,
         -0.99384885, -0.99219828],
        [-0.73102289, -0.63910722,  0.        , ..., -0.84090905,
         -0.83516465, -0.84279462],
        ...,
        [ 0.96940915,  0.99262778,  0.84090905, ...,  0.        ,
         -0.01052852,  0.00349369],
        [ 0.97193965,  0.99384885,  0.83516465, ...,  0.01052852,
          0.        ,  0.01402195],
        [ 0.96854571,  0.99219828,  0.84279462, ..., -0.00349369,
         -0.01402195,  0.        ]],

       ...,

       [[ 0.        ,  0.46245507,  0.44106912, ...,  0.94483032,
          0.98721626,  0.97586375],
        [-0.46245507,  0.        , -0.02397028, ...,  0.98920878,
          0.94901719,  0.76425142],
        [-0.44106912,  0.02397028,  0.        , ...,  0.99243651,
          0.95630053,  0.77949071],
        ...,
        [-0.94483032, -0.98920878, -0.99243651, ...,  0.        ,
         -0.17277955, -0.52598639],
        [-0.98721626, -0.94901719, -0.95630053, ...,  0.17277955,
          0.        , -0.37112803],
        [-0.97586375, -0.76425142, -0.77949071, ...,  0.52598639,
          0.37112803,  0.        ]],

       [[ 0.        , -0.35920106, -0.537766  , ..., -0.48056471,
         -0.42718915, -0.37151648],
        [ 0.35920106,  0.        , -0.1990353 , ..., -0.76349662,
         -0.72345468, -0.68021328],
        [ 0.537766  ,  0.1990353 ,  0.        , ..., -0.87676017,
         -0.84638841, -0.8124995 ],
        ...,
        [ 0.48056471,  0.76349662,  0.87676017, ...,  0.        ,
         -0.059881  , -0.12036413],
        [ 0.42718915,  0.72345468,  0.84638841, ...,  0.059881  ,
          0.        , -0.06070248],
        [ 0.37151648,  0.68021328,  0.8124995 , ...,  0.12036413,
          0.06070248,  0.        ]],

       [[ 0.        , -0.22601906, -0.33023203, ..., -0.7604018 ,
         -0.79405013, -0.82375954],
        [ 0.22601906,  0.        , -0.10834723, ..., -0.59393605,
         -0.6361162 , -0.67430392],
        [ 0.33023203,  0.10834723,  0.        , ..., -0.50327294,
         -0.54877146, -0.59032493],
        ...,
        [ 0.7604018 ,  0.59393605,  0.50327294, ...,  0.        ,
         -0.05348621, -0.10389134],
        [ 0.79405013,  0.6361162 ,  0.54877146, ...,  0.05348621,
          0.        , -0.05054586],
        [ 0.82375954,  0.67430392,  0.59032493, ...,  0.10389134,
          0.05054586,  0.        ]]]), 'num': array([ 8.07408827e-01,  5.89982600e-01,  1.54641698e-06,  1.15040332e-03,
        1.17413141e-03,  1.14794869e-03,  6.19229542e-04, -9.00031047e-06,
        1.17347684e-03,  1.19258205e-03,  1.20849623e-03,  3.39986821e-07,
        1.26282713e-03,  1.12233696e-03])}
{'img': array([[[ 0.        , -0.11180285, -0.87050306, ..., -0.81016139,
         -0.80558774, -0.74999631],
        [ 0.11180285,  0.        , -0.81002013, ..., -0.87062161,
         -0.86677759, -0.81924524],
        [ 0.87050306,  0.81002013,  0.        , ..., -0.90902636,
         -0.91223308, -0.94490773],
        ...,
        [ 0.81016139,  0.87062161,  0.90902636, ...,  0.        ,
         -0.00776048, -0.09622176],
        [ 0.80558774,  0.86677759,  0.91223308, ...,  0.00776048,
          0.        , -0.08849439],
        [ 0.74999631,  0.81924524,  0.94490773, ...,  0.09622176,
          0.08849439,  0.        ]],

       [[ 0.        ,  0.1255212 , -0.55855276, ..., -0.94827487,
         -0.95868947, -0.80090209],
        [-0.1255212 ,  0.        , -0.65825107, ..., -0.98062166,
         -0.98681223, -0.86972921],
        [ 0.55855276,  0.65825107,  0.        , ..., -0.6092518 ,
         -0.63632021, -0.32986467],
        ...,
        [ 0.94827487,  0.98062166,  0.6092518 , ...,  0.        ,
         -0.03459508,  0.31357586],
        [ 0.95868947,  0.98681223,  0.63632021, ...,  0.03459508,
          0.        ,  0.34623837],
        [ 0.80090209,  0.86972921,  0.32986467, ..., -0.31357586,
         -0.34623837,  0.        ]],

       [[ 0.        ,  0.63910722,  0.38963694, ..., -0.99384885,
         -0.99219828, -0.99084338],
        [-0.63910722,  0.        , -0.288921  , ..., -0.83516465,
         -0.84279462, -0.84836501],
        [-0.38963694,  0.288921  ,  0.        , ..., -0.95845389,
         -0.96235939, -0.96514291],
        ...,
        [ 0.99384885,  0.83516465,  0.95845389, ...,  0.        ,
          0.01402195,  0.02445476],
        [ 0.99219828,  0.84279462,  0.96235939, ..., -0.01402195,
          0.        ,  0.0104346 ],
        [ 0.99084338,  0.84836501,  0.96514291, ..., -0.02445476,
         -0.0104346 ,  0.        ]],

       ...,

       [[ 0.        , -0.15066829,  0.27120653, ...,  0.99931444,
          0.90499422,  0.92267311],
        [ 0.15066829,  0.        ,  0.41313196, ...,  0.99348473,
          0.95876103,  0.97023537],
        [-0.27120653, -0.41313196,  0.        , ...,  0.95182061,
          0.75569837,  0.78351975],
        ...,
        [-0.99931444, -0.99348473, -0.95182061, ...,  0.        ,
         -0.39162721, -0.35115925],
        [-0.90499422, -0.95876103, -0.75569837, ...,  0.39162721,
          0.        ,  0.04357668],
        [-0.92267311, -0.97023537, -0.78351975, ...,  0.35115925,
         -0.04357668,  0.        ]],

       [[ 0.        , -0.42173048, -0.57217739, ..., -0.43412264,
         -0.37763264, -0.27973665],
        [ 0.42173048,  0.        , -0.17293161, ..., -0.77354572,
         -0.73291119, -0.6585368 ],
        [ 0.57217739,  0.17293161,  0.        , ..., -0.87148512,
         -0.83951861, -0.77875461],
        ...,
        [ 0.43412264,  0.77354572,  0.87148512, ...,  0.        ,
         -0.06178646, -0.16478924],
        [ 0.37763264,  0.73291119,  0.83951861, ...,  0.06178646,
          0.        , -0.10353263],
        [ 0.27973665,  0.6585368 ,  0.77875461, ...,  0.16478924,
          0.10353263,  0.        ]],

       [[ 0.        , -0.10834723, -0.32415292, ..., -0.6361162 ,
         -0.67430392, -0.70080327],
        [ 0.10834723,  0.        , -0.21974768, ..., -0.54877146,
         -0.59032493, -0.61938772],
        [ 0.32415292,  0.21974768,  0.        , ..., -0.35165469,
         -0.39852267, -0.4317272 ],
        ...,
        [ 0.6361162 ,  0.54877146,  0.35165469, ...,  0.        ,
         -0.05054586, -0.08695868],
        [ 0.67430392,  0.59032493,  0.39852267, ...,  0.05054586,
          0.        , -0.03649314],
        [ 0.70080327,  0.61938772,  0.4317272 , ...,  0.08695868,
          0.03649314,  0.        ]]]), 'num': array([ 7.92495213e-01,  6.09867620e-01,  1.34383807e-06,  1.10016623e-03,
        1.14954823e-03,  1.09288036e-03,  1.49520605e-03, -3.80484273e-05,
        1.14145282e-03,  1.17286301e-03,  1.19148245e-03,  2.87645421e-07,
        1.24453295e-03,  1.10119307e-03])}
{'img': array([[[ 0.        , -0.86783337, -0.88509584, ..., -0.80652868,
         -0.75093391, -0.29344863],
        [ 0.86783337,  0.        , -0.03586731, ..., -0.91378681,
         -0.94620304, -0.9754284 ],
        [ 0.88509584,  0.03586731,  0.        , ..., -0.89862976,
         -0.93398851, -0.98270293],
        ...,
        [ 0.80652868,  0.91378681,  0.89862976, ...,  0.        ,
         -0.08866493, -0.59753577],
        [ 0.75093391,  0.94620304,  0.93398851, ...,  0.08866493,
          0.        , -0.5240871 ],
        [ 0.29344863,  0.9754284 ,  0.98270293, ...,  0.59753577,
          0.5240871 ,  0.        ]],

       [[ 0.        , -0.65825107, -0.60828145, ..., -0.98681223,
         -0.86972921, -0.17543841],
        [ 0.65825107,  0.        ,  0.06455463, ..., -0.63632021,
         -0.32986467,  0.51597211],
        [ 0.60828145, -0.06455463,  0.        , ..., -0.68479202,
         -0.39011803,  0.45959803],
        ...,
        [ 0.98681223,  0.63632021,  0.68479202, ...,  0.        ,
          0.34623837,  0.94310912],
        [ 0.86972921,  0.32986467,  0.39011803, ..., -0.34623837,
          0.        ,  0.76965609],
        [ 0.17543841, -0.51597211, -0.45959803, ..., -0.94310912,
         -0.76965609,  0.        ]],

       [[ 0.        , -0.288921  , -0.43284036, ..., -0.84279462,
         -0.84836501, -0.70686054],
        [ 0.288921  ,  0.        , -0.15392721, ..., -0.96235939,
         -0.96514291, -0.88108413],
        [ 0.43284036,  0.15392721,  0.        , ..., -0.99272452,
         -0.99392688, -0.94338489],
        ...,
        [ 0.84279462,  0.96235939,  0.99272452, ...,  0.        ,
          0.0104346 , -0.21569596],
        [ 0.84836501,  0.96514291,  0.99392688, ..., -0.0104346 ,
          0.        , -0.2258732 ],
        [ 0.70686054,  0.88108413,  0.94338489, ...,  0.21569596,
          0.2258732 ,  0.        ]],

       ...,

       [[ 0.        ,  0.41313196,  0.670635  , ...,  0.95876103,
          0.97023537,  0.8385894 ],
        [-0.41313196,  0.        ,  0.30427184, ...,  0.75569837,
          0.78351975,  0.53861978],
        [-0.670635  , -0.30427184,  0.        , ...,  0.52059346,
          0.55730491,  0.25671733],
        ...,
        [-0.95876103, -0.75569837, -0.52059346, ...,  0.        ,
          0.04357668, -0.2839601 ],
        [-0.97023537, -0.78351975, -0.55730491, ..., -0.04357668,
          0.        , -0.32547325],
        [-0.8385894 , -0.53861978, -0.25671733, ...,  0.2839601 ,
          0.32547325,  0.        ]],

       [[ 0.        , -0.41641966, -0.63044171, ..., -0.38639556,
         -0.28635468, -0.20971481],
        [ 0.41641966,  0.        , -0.24994009, ..., -0.73537789,
         -0.65932735, -0.59782651],
        [ 0.63044171,  0.24994009,  0.        , ..., -0.88141167,
         -0.82632012, -0.77921063],
        ...,
        [ 0.38639556,  0.73537789,  0.88141167, ...,  0.        ,
         -0.10610031, -0.1843762 ],
        [ 0.28635468,  0.65932735,  0.82632012, ...,  0.10610031,
          0.        , -0.07905417],
        [ 0.20971481,  0.59782651,  0.77921063, ...,  0.1843762 ,
          0.07905417,  0.        ]],

       [[ 0.        , -0.21974768, -0.29558305, ..., -0.59032493,
         -0.61938772, -0.7367814 ],
        [ 0.21974768,  0.        , -0.07842933, ..., -0.39852267,
         -0.4317272 , -0.57019384],
        [ 0.29558305,  0.07842933,  0.        , ..., -0.32536296,
         -0.35965375, -0.50400696],
        ...,
        [ 0.59032493,  0.39852267,  0.32536296, ...,  0.        ,
         -0.03649314, -0.19556768],
        [ 0.61938772,  0.4317272 ,  0.35965375, ...,  0.03649314,
          0.        , -0.15964895],
        [ 0.7367814 ,  0.57019384,  0.50400696, ...,  0.19556768,
          0.15964895,  0.        ]]]), 'num': array([ 7.91894405e-01,  6.10647840e-01,  1.34555728e-06,  1.09184678e-03,
        1.09914197e-03,  1.04726506e-03,  1.47547651e-03, -9.72692008e-06,
        1.12621523e-03,  1.16889209e-03,  1.18864314e-03,  2.31593335e-07,
        1.24792972e-03,  1.08985447e-03])}
{'img': array([[[ 0.00000000e+00, -2.83920795e-01, -9.23866021e-01, ...,
         -8.57548397e-01, -4.33331575e-01, -0.00000000e+00],
        [ 2.83920795e-01,  0.00000000e+00, -7.77185798e-01, ...,
         -9.68308131e-01, -6.71378235e-01, -2.83920795e-01],
        [ 9.23866021e-01,  7.77185798e-01,  0.00000000e+00, ...,
         -8.03437258e-01, -9.98462943e-01, -9.23866021e-01],
        ...,
        [ 8.57548397e-01,  9.68308131e-01,  8.03437258e-01, ...,
          0.00000000e+00, -5.49945070e-01, -8.57548397e-01],
        [ 4.33331575e-01,  6.71378235e-01,  9.98462943e-01, ...,
          5.49945070e-01,  0.00000000e+00, -4.33331575e-01],
        [ 0.00000000e+00,  2.83920795e-01,  9.23866021e-01, ...,
          8.57548397e-01,  4.33331575e-01,  0.00000000e+00]],

       [[ 0.00000000e+00,  6.45546324e-02, -8.40354878e-04, ...,
         -3.29864673e-01,  5.15972107e-01,  5.01659395e-01],
        [-6.45546324e-02,  0.00000000e+00, -6.53932116e-02, ...,
         -3.90118028e-01,  4.59598033e-01,  4.44769054e-01],
        [ 8.40354878e-04,  6.53932116e-02,  0.00000000e+00, ...,
         -3.29071238e-01,  5.16691777e-01,  5.02386180e-01],
        ...,
        [ 3.29864673e-01,  3.90118028e-01,  3.29071238e-01, ...,
          0.00000000e+00,  7.69656089e-01,  7.58935090e-01],
        [-5.15972107e-01, -4.59598033e-01, -5.16691777e-01, ...,
         -7.69656089e-01,  0.00000000e+00, -1.66253895e-02],
        [-5.01659395e-01, -4.44769054e-01, -5.02386180e-01, ...,
         -7.58935090e-01,  1.66253895e-02,  0.00000000e+00]],

       [[ 0.00000000e+00, -3.33075740e-01, -6.34280584e-01, ...,
         -8.54677965e-01, -7.13184165e-01, -5.17393580e-01],
        [ 3.33075740e-01,  0.00000000e+00, -3.40561380e-01, ...,
         -9.78795028e-01, -9.05939739e-01, -7.72879196e-01],
        [ 6.34280584e-01,  3.40561380e-01,  0.00000000e+00, ...,
         -9.90046213e-01, -9.95980684e-01, -9.42782554e-01],
        ...,
        [ 8.54677965e-01,  9.78795028e-01,  9.90046213e-01, ...,
          0.00000000e+00, -2.28853706e-01, -4.62779292e-01],
        [ 7.13184165e-01,  9.05939739e-01,  9.95980684e-01, ...,
          2.28853706e-01,  0.00000000e+00, -2.47624759e-01],
        [ 5.17393580e-01,  7.72879196e-01,  9.42782554e-01, ...,
          4.62779292e-01,  2.47624759e-01,  0.00000000e+00]],

       ...,

       [[ 0.00000000e+00,  3.57865171e-01,  5.30537389e-01, ...,
          8.34617088e-01,  5.99852702e-01,  4.97931764e-02],
        [-3.57865171e-01,  0.00000000e+00,  1.92053091e-01, ...,
          5.82220051e-01,  2.73794754e-01, -3.10925720e-01],
        [-5.30537389e-01, -1.92053091e-01,  0.00000000e+00, ...,
          4.15236591e-01,  8.39835523e-02, -4.87671523e-01],
        ...,
        [-8.34617088e-01, -5.82220051e-01, -4.15236591e-01, ...,
          0.00000000e+00, -3.37368651e-01, -8.06154184e-01],
        [-5.99852702e-01, -2.73794754e-01, -8.39835523e-02, ...,
          3.37368651e-01,  0.00000000e+00, -5.59268574e-01],
        [-4.97931764e-02,  3.10925720e-01,  4.87671523e-01, ...,
          8.06154184e-01,  5.59268574e-01,  0.00000000e+00]],

       [[ 0.00000000e+00, -5.09045264e-01, -7.43035061e-01, ...,
         -2.92937964e-01, -2.14587948e-01, -2.46433749e-01],
        [ 5.09045264e-01,  0.00000000e+00, -2.98880002e-01, ...,
         -7.38857537e-01, -6.81891264e-01, -7.05461448e-01],
        [ 7.43035061e-01,  2.98880002e-01,  0.00000000e+00, ...,
         -9.06488653e-01, -8.69339333e-01, -8.85045992e-01],
        ...,
        [ 2.92937964e-01,  7.38857537e-01,  9.06488653e-01, ...,
          0.00000000e+00, -8.09395917e-02, -4.82805946e-02],
        [ 2.14587948e-01,  6.81891264e-01,  8.69339333e-01, ...,
          8.09395917e-02,  0.00000000e+00,  3.27230145e-02],
        [ 2.46433749e-01,  7.05461448e-01,  8.85045992e-01, ...,
          4.82805946e-02, -3.27230145e-02,  0.00000000e+00]],

       [[ 0.00000000e+00, -7.84293329e-02, -9.40777368e-02, ...,
         -4.31727203e-01, -5.70193835e-01, -7.44722279e-01],
        [ 7.84293329e-02,  0.00000000e+00, -1.57064595e-02, ...,
         -3.59653754e-01, -5.04006957e-01, -6.90086556e-01],
        [ 9.40777368e-02,  1.57064595e-02,  0.00000000e+00, ...,
         -3.44953914e-01, -4.90379123e-01, -6.78634245e-01],
        ...,
        [ 4.31727203e-01,  3.59653754e-01,  3.44953914e-01, ...,
          0.00000000e+00, -1.59648952e-01, -3.83618915e-01],
        [ 5.70193835e-01,  5.04006957e-01,  4.90379123e-01, ...,
          1.59648952e-01,  0.00000000e+00, -2.31264113e-01],
        [ 7.44722279e-01,  6.90086556e-01,  6.78634245e-01, ...,
          3.83618915e-01,  2.31264113e-01,  0.00000000e+00]]]), 'num': array([ 7.39025154e-01,  6.73671012e-01,  5.00798029e-07,  9.90214284e-04,
        1.01601297e-03,  9.87937929e-04,  5.63724060e-04, -3.18689655e-05,
        1.03710719e-03,  1.08950129e-03,  1.10909058e-03,  2.04725688e-07,
        1.17627029e-03,  1.00273229e-03])}
{'img': array([[[ 0.        , -0.8660254 , -0.61858957, ..., -0.78908368,
         -0.71414284, -0.        ],
        [ 0.8660254 ,  0.        ,  0.37115374, ..., -0.92652888,
         -0.9632892 , -0.8660254 ],
        [ 0.61858957, -0.37115374,  0.        , ..., -0.99998506,
         -0.99412494, -0.61858957],
        ...,
        [ 0.78908368,  0.92652888,  0.99998506, ...,  0.        ,
         -0.11367083, -0.78908368],
        [ 0.71414284,  0.9632892 ,  0.99412494, ...,  0.11367083,
          0.        , -0.71414284],
        [ 0.        ,  0.8660254 ,  0.61858957, ...,  0.78908368,
          0.71414284,  0.        ]],

       [[ 0.        , -0.06539321,  0.29636044, ...,  0.45959803,
          0.44476905, -0.40839174],
        [ 0.06539321,  0.        ,  0.3581816 , ...,  0.51669178,
          0.50238618, -0.34782624],
        [-0.29636044, -0.3581816 ,  0.        , ...,  0.17574541,
          0.15935449, -0.66056503],
        ...,
        [-0.45959803, -0.51669178, -0.17574541, ...,  0.        ,
         -0.01662539, -0.78222794],
        [-0.44476905, -0.50238618, -0.15935449, ...,  0.01662539,
          0.        , -0.77176234],
        [ 0.40839174,  0.34782624,  0.66056503, ...,  0.78222794,
          0.77176234,  0.        ]],

       [[ 0.        , -0.56149384, -0.75960758, ..., -0.74215435,
         -0.56149384, -0.        ],
        [ 0.56149384,  0.        , -0.26337547, ..., -0.99044802,
         -0.92925088, -0.56149384],
        [ 0.75960758,  0.26337547,  0.        , ..., -0.99179462,
         -0.99374608, -0.75960758],
        ...,
        [ 0.74215435,  0.99044802,  0.99179462, ...,  0.        ,
         -0.2377891 , -0.74215435],
        [ 0.56149384,  0.92925088,  0.99374608, ...,  0.2377891 ,
          0.        , -0.56149384],
        [ 0.        ,  0.56149384,  0.75960758, ...,  0.74215435,
          0.56149384,  0.        ]],

       ...,

       [[ 0.        ,  0.18645618,  0.40960064, ...,  0.26655577,
         -0.29144175, -0.64493892],
        [-0.18645618,  0.        ,  0.23232015, ...,  0.08217116,
         -0.46469267, -0.77612498],
        [-0.40960064, -0.23232015,  0.        , ..., -0.1516116 ,
         -0.65769138, -0.90138595],
        ...,
        [-0.26655577, -0.08217116,  0.1516116 , ...,  0.        ,
         -0.53588145, -0.82531572],
        [ 0.29144175,  0.46469267,  0.65769138, ...,  0.53588145,
          0.        , -0.39421147],
        [ 0.64493892,  0.77612498,  0.90138595, ...,  0.82531572,
          0.39421147,  0.        ]],

       [[ 0.        , -0.60768052, -0.78403283, ..., -0.22237497,
         -0.25533931, -0.37238915],
        [ 0.60768052,  0.        , -0.24546536, ..., -0.76907105,
         -0.79032261, -0.85971872],
        [ 0.78403283,  0.24546536,  0.        , ..., -0.90243405,
         -0.91653737, -0.95879174],
        ...,
        [ 0.22237497,  0.76907105,  0.90243405, ...,  0.        ,
          0.03394236,  0.15668395],
        [ 0.25533931,  0.79032261,  0.91653737, ..., -0.03394236,
          0.        ,  0.12307055],
        [ 0.37238915,  0.85971872,  0.95879174, ..., -0.15668395,
         -0.12307055,  0.        ]],

       [[ 0.        , -0.01570646,  0.0175703 , ..., -0.50400696,
         -0.69008656, -0.924216  ],
        [ 0.01570646,  0.        ,  0.03327217, ..., -0.49037912,
         -0.67863424, -0.91810417],
        [-0.0175703 , -0.03327217,  0.        , ..., -0.51910462,
         -0.70269613, -0.9307829 ],
        ...,
        [ 0.50400696,  0.49037912,  0.51910462, ...,  0.        ,
         -0.23126411, -0.60577979],
        [ 0.69008656,  0.67863424,  0.70269613, ...,  0.23126411,
          0.        , -0.4053565 ],
        [ 0.924216  ,  0.91810417,  0.9307829 , ...,  0.60577979,
          0.4053565 ,  0.        ]]]), 'num': array([ 7.38911528e-01,  6.73795731e-01,  5.00890743e-07,  9.86602979e-04,
        1.00785289e-03,  9.85085128e-04,  5.44832522e-04, -3.79462684e-06,
        1.01954034e-03,  1.08469408e-03,  1.10569102e-03,  2.29315579e-07,
        1.18244635e-03,  9.86941815e-04])}
{'img': array([[[ 0.        ,  0.37523285,  0.12914658, ..., -0.95729556,
         -0.96117716, -0.85451019],
        [-0.37523285,  0.        , -0.25238056, ..., -0.9958305 ,
         -0.78740576, -0.59716269],
        [-0.12914658,  0.25238056,  0.        , ..., -0.98661641,
         -0.91749213, -0.7802709 ],
        ...,
        [ 0.95729556,  0.9958305 ,  0.98661641, ...,  0.        ,
         -0.54203541, -0.74430081],
        [ 0.96117716,  0.78740576,  0.91749213, ...,  0.54203541,
          0.        , -0.26348201],
        [ 0.85451019,  0.59716269,  0.7802709 , ...,  0.74430081,
          0.26348201,  0.        ]],

       [[ 0.        ,  0.3581816 ,  0.18609799, ...,  0.50238618,
         -0.34782624, -0.38354867],
        [-0.3581816 ,  0.        , -0.17817384, ...,  0.15935449,
         -0.66056503, -0.68888907],
        [-0.18609799,  0.17817384,  0.        , ...,  0.3327017 ,
         -0.51622798, -0.54871387],
        ...,
        [-0.50238618, -0.15935449, -0.3327017 , ...,  0.        ,
         -0.77176234, -0.79559683],
        [ 0.34782624,  0.66056503,  0.51622798, ...,  0.77176234,
          0.        , -0.03837479],
        [ 0.38354867,  0.68888907,  0.54871387, ...,  0.79559683,
          0.03837479,  0.        ]],

       [[ 0.        , -0.56740353, -0.7921318 , ..., -0.7599993 ,
         -0.56960611, -0.        ],
        [ 0.56740353,  0.        , -0.30595812, ..., -0.99458284,
         -0.93539545, -0.56740353],
        [ 0.7921318 ,  0.30595812,  0.        , ..., -0.97869101,
         -0.99872636, -0.7921318 ],
        ...,
        [ 0.7599993 ,  0.99458284,  0.97869101, ...,  0.        ,
         -0.25445633, -0.7599993 ],
        [ 0.56960611,  0.93539545,  0.99872636, ...,  0.25445633,
          0.        , -0.56960611],
        [ 0.        ,  0.56740353,  0.7921318 , ...,  0.7599993 ,
          0.56960611,  0.        ]],

       ...,

       [[ 0.        ,  0.23232015,  0.29960846, ..., -0.46469267,
         -0.77612498, -0.3016184 ],
        [-0.23232015,  0.        ,  0.0697631 , ..., -0.65769138,
         -0.90138595, -0.51486664],
        [-0.29960846, -0.0697631 ,  0.        , ..., -0.70864064,
         -0.92939838, -0.57341804],
        ...,
        [ 0.46469267,  0.65769138,  0.70864064, ...,  0.        ,
         -0.39421147,  0.17597668],
        [ 0.77612498,  0.90138595,  0.92939838, ...,  0.39421147,
          0.        ,  0.54978559],
        [ 0.3016184 ,  0.51486664,  0.57341804, ..., -0.17597668,
         -0.54978559,  0.        ]],

       [[ 0.        , -0.5910442 , -0.83498927, ..., -0.26932661,
         -0.39232646, -0.45994563],
        [ 0.5910442 ,  0.        , -0.3483034 , ..., -0.78645385,
         -0.86012374, -0.89582613],
        [ 0.83498927,  0.3483034 ,  0.        , ..., -0.95233683,
         -0.98392888, -0.99451883],
        ...,
        [ 0.26932661,  0.78645385,  0.95233683, ...,  0.        ,
          0.13009594,  0.20380236],
        [ 0.39232646,  0.86012374,  0.98392888, ..., -0.13009594,
          0.        ,  0.07470483],
        [ 0.45994563,  0.89582613,  0.99451883, ..., -0.20380236,
         -0.07470483,  0.        ]],

       [[ 0.        ,  0.03231469,  0.22611747, ..., -0.65492882,
         -0.8873189 , -0.95895618],
        [-0.03231469,  0.        ,  0.19452163, ..., -0.67900668,
         -0.90175762, -0.94929239],
        [-0.22611747, -0.19452163,  0.        , ..., -0.80884103,
         -0.96861288, -0.87000267],
        ...,
        [ 0.65492882,  0.67900668,  0.80884103, ...,  0.        ,
         -0.36851396, -0.91038204],
        [ 0.8873189 ,  0.90175762,  0.96861288, ...,  0.36851396,
          0.        , -0.69383182],
        [ 0.95895618,  0.94929239,  0.87000267, ...,  0.91038204,
          0.69383182,  0.        ]]]), 'num': array([ 7.09357472e-01,  7.04841958e-01,  3.64448320e-08,  9.03102937e-04,
