state_0,state_1,state_2,state_3,state_4,state_5,state_6,state_7,state_8,state_9,state_10,state_11,state_12,state_13,state_14,state_15,state_16,state_17,state_18,state_19,state_20,state_21,state_22,state_23,state_24,state_25,state_26,state_27,state_28,state_29,state_30,state_31,state_32,state_33,state_34,state_35,state_36,state_37,state_38,state_39,state_40,state_41,state_42,state_43,state_44,state_45,state_46,state_47,state_48,state_49,state_50,state_51,state_52,state_53,state_54,state_55,state_56,state_57,state_58,state_59,state_60,state_61,state_62,state_63,state_64,state_65,state_66,state_67,state_68,state_69,state_70,state_71,state_72,state_73,state_74,state_75,state_76,state_77,state_78,state_79,state_80,state_81,state_82,state_83,state_84,state_85,state_86,state_87,state_88,state_89,state_90,state_91,state_92,state_93,state_94,state_95,state_96,state_97,state_98,state_99,state_100,state_101,state_102,state_103,state_104,state_105,state_106,state_107,state_108,state_109,state_110,state_111,state_112,state_113,state_114,state_115,state_116,state_117,state_118,state_119,state_120,state_121,state_122,state_123,state_124,state_125,state_126,state_127,state_128,state_129,state_130,state_131,state_132,state_133,state_134,state_135,state_136,state_137,state_138,state_139,state_140,state_141,state_142,state_143,state_144,state_145,state_146,state_147,state_148,state_149,state_150,state_151,state_152,state_153,state_154,state_155,state_156,state_157,state_158,state_159,state_160,state_161,state_162,state_163,state_164,state_165,state_166,state_167,state_168,state_169,state_170,state_171,state_172,state_173,state_174,state_175,state_176,state_177,state_178,state_179,state_180,state_181,state_182,state_183,state_184,state_185,state_186,state_187,state_188,state_189,state_190,state_191,state_192,state_193,state_194,state_195,state_196,state_197,state_198,state_199,state_200,state_201,state_202,state_203,state_204,state_205,state_206,state_207,state_208,state_209,state_210,state_211,state_212,state_213,state_214,state_215,state_216,state_217,state_218,state_219,state_220,state_221,state_222,state_223,state_224,state_225,state_226,state_227,state_228,state_229,state_230,state_231,state_232,state_233,state_234,state_235,state_236,state_237,state_238,state_239,state_240,state_241,state_242,state_243,state_244,state_245,state_246,state_247,state_248,state_249,state_250,state_251,state_252,state_253,state_254,state_255,state_256,state_257,state_258,state_259,state_260,state_261,state_262,state_263,state_264,state_265,state_266,state_267,state_268,state_269,state_270,state_271,state_272,state_273,state_274,state_275,state_276,state_277,state_278,state_279,state_280,state_281,state_282,state_283,state_284,state_285,state_286,state_287
{'img': array([[[ 0.        ,  0.        , -0.29037798, ..., -0.4295311 ,
         -0.27827069, -0.        ],
        [ 0.        ,  0.        , -0.29037798, ..., -0.4295311 ,
         -0.27827069, -0.        ],
        [ 0.29037798,  0.29037798,  0.        , ..., -0.67324991,
         -0.5451894 , -0.29037798],
        ...,
        [ 0.4295311 ,  0.4295311 ,  0.67324991, ...,  0.        ,
         -0.16127286, -0.4295311 ],
        [ 0.27827069,  0.27827069,  0.5451894 , ...,  0.16127286,
          0.        , -0.27827069],
        [ 0.        ,  0.        ,  0.29037798, ...,  0.4295311 ,
          0.27827069,  0.        ]],

       [[ 0.        , -0.29890431, -0.35924568, ..., -0.14356572,
         -0.18659208, -0.07429184],
        [ 0.29890431,  0.        , -0.06387172, ...,  0.15880555,
          0.11559312,  0.22718285],
        [ 0.35924568,  0.06387172,  0.        , ...,  0.22154247,
          0.17880066,  0.28892058],
        ...,
        [ 0.14356572, -0.15880555, -0.22154247, ...,  0.        ,
         -0.04361479,  0.06964675],
        [ 0.18659208, -0.11559312, -0.17880066, ...,  0.04361479,
          0.        ,  0.11308936],
        [ 0.07429184, -0.22718285, -0.28892058, ..., -0.06964675,
         -0.11308936,  0.        ]],

       [[ 0.        , -0.138082  , -0.38391989, ..., -0.3203052 ,
         -0.24623673, -0.        ],
        [ 0.138082  ,  0.        , -0.25274197, ..., -0.448044  ,
         -0.37770839, -0.138082  ],
        [ 0.38391989,  0.25274197,  0.        , ..., -0.6594519 ,
         -0.59946561, -0.38391989],
        ...,
        [ 0.3203052 ,  0.448044  ,  0.6594519 , ...,  0.        ,
         -0.07717931, -0.3203052 ],
        [ 0.24623673,  0.37770839,  0.59946561, ...,  0.07717931,
          0.        , -0.24623673],
        [ 0.        ,  0.138082  ,  0.38391989, ...,  0.3203052 ,
          0.24623673,  0.        ]],

       ...,

       [[ 0.        , -0.03047878,  0.44262455, ..., -0.82565885,
         -0.44262455, -0.50349337],
        [ 0.03047878,  0.        ,  0.46974945, ..., -0.84247047,
         -0.46974945, -0.52959309],
        [-0.44262455, -0.46974945,  0.        , ..., -0.49065874,
         -0.        , -0.06905884],
        ...,
        [ 0.82565885,  0.84247047,  0.49065874, ...,  0.        ,
         -0.49065874, -0.42931279],
        [ 0.44262455,  0.46974945,  0.        , ...,  0.49065874,
          0.        ,  0.06905884],
        [ 0.50349337,  0.52959309,  0.06905884, ...,  0.42931279,
         -0.06905884,  0.        ]],

       [[ 0.        ,  0.13912333,  0.32896625, ..., -0.96148267,
         -0.91700734, -0.63237621],
        [-0.13912333,  0.        ,  0.19438711, ..., -0.9138921 ,
         -0.85259734, -0.51845291],
        [-0.32896625, -0.19438711,  0.        , ..., -0.81754667,
         -0.73475339, -0.34234175],
        ...,
        [ 0.96148267,  0.9138921 ,  0.81754667, ...,  0.        ,
         -0.13145316, -0.5710051 ],
        [ 0.91700734,  0.85259734,  0.73475339, ...,  0.13145316,
          0.        , -0.45813412],
        [ 0.63237621,  0.51845291,  0.34234175, ...,  0.5710051 ,
          0.45813412,  0.        ]],

       [[ 0.        ,  0.09678622,  0.13394337, ..., -0.73225291,
         -0.83842034, -0.96181661],
        [-0.09678622,  0.        ,  0.03740046, ..., -0.79472971,
         -0.88723495, -0.98379095],
        [-0.13394337, -0.03740046,  0.        , ..., -0.8168744 ,
         -0.9038677 , -0.98980927],
        ...,
        [ 0.73225291,  0.79472971,  0.8168744 , ...,  0.        ,
         -0.17189623, -0.4546149 ],
        [ 0.83842034,  0.88723495,  0.9038677 , ...,  0.17189623,
          0.        , -0.29474206],
        [ 0.96181661,  0.98379095,  0.98980927, ...,  0.4546149 ,
          0.29474206,  0.        ]]]), 'num': array([ 7.06983653e-01,  7.06983653e-01,  0.00000000e+00,  4.62178918e-05,
        5.10311773e-05,  4.43029287e-05,  1.86602797e-02, -5.27908730e-06,
        5.12796049e-05,  5.72366926e-05,  6.68839659e-05,  5.91494376e-08,
        6.82022172e-05,  4.62711681e-05])}
{'img': array([[[ 0.        , -0.26741597, -0.66698819, ..., -0.75384164,
         -0.72338961, -0.        ],
        [ 0.26741597,  0.        , -0.44345411, ..., -0.90209493,
         -0.88167931, -0.26741597],
        [ 0.66698819,  0.44345411,  0.        , ..., -0.99991219,
         -0.99949002, -0.66698819],
        ...,
        [ 0.75384164,  0.90209493,  0.99991219, ...,  0.        ,
         -0.04517488, -0.75384164],
        [ 0.72338961,  0.88167931,  0.99949002, ...,  0.04517488,
          0.        , -0.72338961],
        [ 0.        ,  0.26741597,  0.66698819, ...,  0.75384164,
          0.72338961,  0.        ]],

       [[ 0.        , -0.06387172,  0.15523808, ...,  0.11559312,
          0.22718285,  0.3501373 ],
        [ 0.06387172,  0.        ,  0.21801851, ...,  0.17880066,
          0.28892058,  0.4092509 ],
        [-0.15523808, -0.21801851,  0.        , ..., -0.04000567,
          0.0732498 ,  0.20048135],
        ...,
        [-0.11559312, -0.17880066,  0.04000567, ...,  0.        ,
          0.11308936,  0.23951431],
        [-0.22718285, -0.28892058, -0.0732498 , ..., -0.11308936,
          0.        ,  0.12818014],
        [-0.3501373 , -0.4092509 , -0.20048135, ..., -0.23951431,
         -0.12818014,  0.        ]],

       [[ 0.        , -0.35213901, -0.5517842 , ..., -0.48969212,
         -0.43318051, -0.        ],
        [ 0.35213901,  0.        , -0.22276183, ..., -0.7653546 ,
         -0.72281972, -0.35213901],
        [ 0.5517842 ,  0.22276183,  0.        , ..., -0.88949494,
         -0.85859395, -0.5517842 ],
        ...,
        [ 0.48969212,  0.7653546 ,  0.88949494, ...,  0.        ,
         -0.06367492, -0.48969212],
        [ 0.43318051,  0.72281972,  0.85859395, ...,  0.06367492,
          0.        , -0.43318051],
        [ 0.        ,  0.35213901,  0.5517842 , ...,  0.48969212,
          0.43318051,  0.        ]],

       ...,

       [[ 0.        ,  0.46357947, -0.28218675, ..., -0.72904584,
         -0.73381368, -0.46357947],
        [-0.46357947,  0.        , -0.69477245, ..., -0.3286711 ,
         -0.33526645, -0.        ],
        [ 0.28218675,  0.69477245,  0.        , ..., -0.89256397,
         -0.89569491, -0.69477245],
        ...,
        [ 0.72904584,  0.3286711 ,  0.89256397, ...,  0.        ,
          0.00699182, -0.3286711 ],
        [ 0.73381368,  0.33526645,  0.89569491, ..., -0.00699182,
          0.        , -0.33526645],
        [ 0.46357947,  0.        ,  0.69477245, ...,  0.3286711 ,
          0.33526645,  0.        ]],

       [[ 0.        ,  0.19327786,  0.29374295, ..., -0.87295381,
         -0.68287544, -0.51582571],
        [-0.19327786,  0.        ,  0.10345285, ..., -0.76221195,
         -0.52880298, -0.34051943],
        [-0.29374295, -0.10345285,  0.        , ..., -0.69115432,
         -0.43816056, -0.24142208],
        ...,
        [ 0.87295381,  0.76221195,  0.69115432, ...,  0.        ,
         -0.30461456, -0.49623264],
        [ 0.68287544,  0.52880298,  0.43816056, ...,  0.30461456,
          0.        , -0.20818634],
        [ 0.51582571,  0.34051943,  0.24142208, ...,  0.49623264,
          0.20818634,  0.        ]],

       [[ 0.        ,  0.03456438,  0.078666  , ..., -0.76378669,
         -0.81163592, -0.99494517],
        [-0.03456438,  0.        ,  0.04416173, ..., -0.78564054,
         -0.8313422 , -0.99782161],
        [-0.078666  , -0.04416173,  0.        , ..., -0.81219618,
         -0.8550745 , -0.99976148],
        ...,
        [ 0.76378669,  0.78564054,  0.81219618, ...,  0.        ,
         -0.07770922, -0.56550682],
        [ 0.81163592,  0.8313422 ,  0.8550745 , ...,  0.07770922,
          0.        , -0.49970659],
        [ 0.99494517,  0.99782161,  0.99976148, ...,  0.56550682,
          0.49970659,  0.        ]]]), 'num': array([8.71420266e-01, 4.90371182e-01, 8.32894146e-05, 5.77609628e-05,
       5.95285114e-05, 5.63721746e-05, 1.27585950e-02, 1.38878818e-06,
       6.09930517e-05, 6.87797345e-05, 8.09084846e-05, 1.25313619e-07,
       8.25239470e-05, 5.50355219e-05])}
{'img': array([[[ 0.        , -0.62896414, -0.61336565, ..., -0.72882633,
         -0.        , -0.36247417],
        [ 0.62896414,  0.        ,  0.01990379, ..., -0.99726547,
         -0.62896414, -0.86799055],
        [ 0.61336565, -0.01990379,  0.        , ..., -0.99559697,
         -0.61336565, -0.85793476],
        ...,
        [ 0.72882633,  0.99726547,  0.99559697, ...,  0.        ,
         -0.72882633, -0.43107607],
        [ 0.        ,  0.62896414,  0.61336565, ...,  0.72882633,
          0.        ,  0.36247417],
        [ 0.36247417,  0.86799055,  0.85793476, ...,  0.43107607,
         -0.36247417,  0.        ]],

       [[ 0.        ,  0.21801851,  0.11959242, ...,  0.28892058,
          0.4092509 ,  0.22257926],
        [-0.21801851,  0.        , -0.09973823, ...,  0.0732498 ,
          0.20048135,  0.0046756 ],
        [-0.11959242,  0.09973823,  0.        , ...,  0.17235485,
          0.29719499,  0.10438942],
        ...,
        [-0.28892058, -0.0732498 , -0.17235485, ...,  0.        ,
          0.12818014, -0.06858596],
        [-0.4092509 , -0.20048135, -0.29719499, ..., -0.12818014,
          0.        , -0.19589849],
        [-0.22257926, -0.0046756 , -0.10438942, ...,  0.06858596,
          0.19589849,  0.        ]],

       [[ 0.        , -0.43822466, -0.61979344, ..., -0.56895842,
         -0.39130907, -0.        ],
        [ 0.43822466,  0.        , -0.21320755, ..., -0.87179827,
         -0.75501454, -0.43822466],
        [ 0.61979344,  0.21320755,  0.        , ..., -0.95619588,
         -0.87745634, -0.61979344],
        ...,
        [ 0.56895842,  0.87179827,  0.95619588, ...,  0.        ,
         -0.20178991, -0.56895842],
        [ 0.39130907,  0.75501454,  0.87745634, ...,  0.20178991,
          0.        , -0.39130907],
        [ 0.        ,  0.43822466,  0.61979344, ...,  0.56895842,
          0.39130907,  0.        ]],

       ...,

       [[ 0.        , -0.69477245, -0.69810437, ..., -0.33526645,
         -0.        , -0.47785727],
        [ 0.69477245,  0.        , -0.00464305, ..., -0.89569491,
         -0.69477245, -0.95400327],
        [ 0.69810437,  0.00464305,  0.        , ..., -0.89774987,
         -0.69810437, -0.95538495],
        ...,
        [ 0.33526645,  0.89569491,  0.89774987, ...,  0.        ,
         -0.33526645,  0.15568987],
        [ 0.        ,  0.69477245,  0.69810437, ...,  0.33526645,
          0.        ,  0.47785727],
        [ 0.47785727,  0.95400327,  0.95538495, ..., -0.15568987,
         -0.47785727,  0.        ]],

       [[ 0.        ,  0.10202737,  0.21465373, ..., -0.66886879,
         -0.62262855, -0.33605106],
        [-0.10202737,  0.        ,  0.11388444, ..., -0.5895332 ,
         -0.53954122, -0.23820357],
        [-0.21465373, -0.11388444,  0.        , ..., -0.49370821,
         -0.44014491, -0.12604751],
        ...,
        [ 0.66886879,  0.5895332 ,  0.49370821, ...,  0.        ,
         -0.06055164, -0.38015609],
        [ 0.62262855,  0.53954122,  0.44014491, ...,  0.06055164,
          0.        , -0.32345297],
        [ 0.33605106,  0.23820357,  0.12604751, ...,  0.38015609,
          0.32345297,  0.        ]],

       [[ 0.        ,  0.04218238,  0.10199389, ..., -0.77220385,
         -0.90414303, -0.99981658],
        [-0.04218238,  0.        ,  0.05994071, ..., -0.79831816,
         -0.92135985, -0.99973456],
        [-0.10199389, -0.05994071,  0.        , ..., -0.83298118,
         -0.94300279, -0.99655598],
        ...,
        [ 0.77220385,  0.79831816,  0.83298118, ...,  0.        ,
         -0.24456119, -0.62046877],
        [ 0.90414303,  0.92135985,  0.94300279, ...,  0.24456119,
          0.        , -0.40983503],
        [ 0.99981658,  0.99973456,  0.99655598, ...,  0.62046877,
          0.40983503,  0.        ]]]), 'num': array([7.42916104e-01, 6.69335432e-01, 1.60306475e-05, 4.94161667e-05,
       5.06004321e-05, 4.79089197e-05, 8.10664139e-03, 1.61490741e-07,
       5.08911154e-05, 5.78002276e-05, 6.84352901e-05, 1.72738852e-07,
       6.96083251e-05, 4.59921301e-05])}
{'img': array([[[ 0.        ,  0.16565912, -0.20597391, ..., -0.16565912,
         -0.53016269, -0.55225147],
        [-0.16565912,  0.        , -0.36523495, ..., -0.        ,
         -0.38237577, -0.40651476],
        [ 0.20597391,  0.36523495,  0.        , ..., -0.36523495,
         -0.69343911, -0.71212564],
        ...,
        [ 0.16565912,  0.        ,  0.36523495, ...,  0.        ,
          0.38237577,  0.40651476],
        [ 0.53016269,  0.38237577,  0.69343911, ..., -0.38237577,
          0.        ,  0.02626703],
        [ 0.55225147,  0.40651476,  0.71212564, ..., -0.40651476,
         -0.02626703,  0.        ]],

       [[ 0.        , -0.09973823, -0.21185462, ...,  0.20048135,
          0.0046756 , -0.07841667],
        [ 0.09973823,  0.        , -0.11332396, ...,  0.29719499,
          0.10438942,  0.02140544],
        [ 0.21185462,  0.11332396,  0.        , ...,  0.40348411,
          0.21642177,  0.13456554],
        ...,
        [-0.20048135, -0.29719499, -0.40348411, ...,  0.        ,
         -0.19589849, -0.27668862],
        [-0.0046756 , -0.10438942, -0.21642177, ...,  0.19589849,
          0.        , -0.08307702],
        [ 0.07841667, -0.02140544, -0.13456554, ...,  0.27668862,
          0.08307702,  0.        ]],

       [[ 0.        , -0.46759412, -0.57521541, ..., -0.52627695,
         -0.36394348, -0.        ],
        [ 0.46759412,  0.        , -0.12596489, ..., -0.86280044,
         -0.75723239, -0.46759412],
        [ 0.57521541,  0.12596489,  0.        , ..., -0.91960885,
         -0.83347421, -0.57521541],
        ...,
        [ 0.52627695,  0.86280044,  0.91960885, ...,  0.        ,
         -0.18071947, -0.52627695],
        [ 0.36394348,  0.75723239,  0.83347421, ...,  0.18071947,
          0.        , -0.36394348],
        [ 0.        ,  0.46759412,  0.57521541, ...,  0.52627695,
          0.36394348,  0.        ]],

       ...,

       [[ 0.        , -0.08665592, -0.4355459 , ..., -0.        ,
         -0.51267139, -0.75727102],
        [ 0.08665592,  0.        , -0.35590276, ..., -0.08665592,
         -0.58514434, -0.81101744],
        [ 0.4355459 ,  0.35590276,  0.        , ..., -0.4355459 ,
         -0.83544276, -0.96612538],
        ...,
        [ 0.        ,  0.08665592,  0.4355459 , ...,  0.        ,
          0.51267139,  0.75727102],
        [ 0.51267139,  0.58514434,  0.83544276, ..., -0.51267139,
          0.        ,  0.31535539],
        [ 0.75727102,  0.81101744,  0.96612538, ..., -0.75727102,
         -0.31535539,  0.        ]],

       [[ 0.        ,  0.11186492,  0.20326228, ..., -0.67068597,
         -0.57504329, -0.23405712],
        [-0.11186492,  0.        ,  0.09245683, ..., -0.58350152,
         -0.47991473, -0.12383042],
        [-0.20326228, -0.09245683,  0.        , ..., -0.5059169 ,
         -0.39674533, -0.03155479],
        ...,
        [ 0.67068597,  0.58350152,  0.5059169 , ...,  0.        ,
         -0.12217019, -0.47844637],
        [ 0.57504329,  0.47991473,  0.39674533, ...,  0.12217019,
          0.        , -0.36758272],
        [ 0.23405712,  0.12383042,  0.03155479, ...,  0.47844637,
          0.36758272,  0.        ]],

       [[ 0.        ,  0.05807079,  0.11635721, ..., -0.87653778,
         -0.95184827, -0.99845272],
        [-0.05807079,  0.        ,  0.05848451, ..., -0.90300998,
         -0.96804473, -0.99353864],
        [-0.11635721, -0.05848451,  0.        , ..., -0.92659041,
         -0.98105435, -0.98520035],
        ...,
        [ 0.87653778,  0.90300998,  0.92659041, ...,  0.        ,
         -0.1894363 , -0.52933018],
        [ 0.95184827,  0.96804473,  0.98105435, ...,  0.1894363 ,
          0.        , -0.35902483],
        [ 0.99845272,  0.99353864,  0.98520035, ...,  0.52933018,
          0.35902483,  0.        ]]]), 'num': array([7.21813487e-01, 6.92001317e-01, 6.45285072e-06, 4.83179422e-05,
       4.87885715e-05, 4.71152229e-05, 1.09290897e-02, 3.13752871e-07,
       4.85794029e-05, 5.53277043e-05, 6.60057603e-05, 1.92655272e-07,
       6.65700765e-05, 4.40853321e-05])}
{'img': array([[[ 0.        , -0.36523495, -0.38237577, ..., -0.38237577,
         -0.40651476, -0.45021769],
        [ 0.36523495,  0.        , -0.01847987, ..., -0.69343911,
         -0.71212564, -0.74523974],
        [ 0.38237577,  0.01847987,  0.        , ..., -0.70663571,
         -0.72497786, -0.75743479],
        ...,
        [ 0.38237577,  0.69343911,  0.70663571, ...,  0.        ,
          0.02626703,  0.07457373],
        [ 0.40651476,  0.71212564,  0.72497786, ..., -0.02626703,
          0.        ,  0.04835411],
        [ 0.45021769,  0.74523974,  0.75743479, ..., -0.07457373,
         -0.04835411,  0.        ]],

       [[ 0.        , -0.11332396, -0.15329749, ...,  0.10438942,
          0.02140544,  0.11442056],
        [ 0.11332396,  0.        , -0.04032548, ...,  0.21642177,
          0.13456554,  0.22626317],
        [ 0.15329749,  0.04032548,  0.        , ...,  0.2556155 ,
          0.17441479,  0.26535882],
        ...,
        [-0.10438942, -0.21642177, -0.2556155 , ...,  0.        ,
         -0.08307702,  0.01009159],
        [-0.02140544, -0.13456554, -0.17441479, ...,  0.08307702,
          0.        ,  0.09312949],
        [-0.11442056, -0.22626317, -0.26535882, ..., -0.01009159,
         -0.09312949,  0.        ]],

       [[ 0.        , -0.36258773, -0.50599182, ..., -0.4869563 ,
         -0.32937638, -0.        ],
        [ 0.36258773,  0.        , -0.15881309, ..., -0.77051242,
         -0.64931707, -0.36258773],
        [ 0.50599182,  0.15881309,  0.        , ..., -0.86196503,
         -0.76185656, -0.50599182],
        ...,
        [ 0.4869563 ,  0.77051242,  0.86196503, ...,  0.        ,
         -0.1720975 , -0.4869563 ],
        [ 0.32937638,  0.64931707,  0.76185656, ...,  0.1720975 ,
          0.        , -0.32937638],
        [ 0.        ,  0.36258773,  0.50599182, ...,  0.4869563 ,
          0.32937638,  0.        ]],

       ...,

       [[ 0.        , -0.42806662, -0.53253346, ..., -0.51311741,
         -0.7578343 , -0.81990401],
        [ 0.42806662,  0.        , -0.11895619, ..., -0.83114588,
         -0.96418142, -0.98605451],
        [ 0.53253346,  0.11895619,  0.        , ..., -0.89139045,
         -0.98888763, -0.99885004],
        ...,
        [ 0.51311741,  0.83114588,  0.89139045, ...,  0.        ,
          0.31568119,  0.40997847],
        [ 0.7578343 ,  0.96418142,  0.98888763, ..., -0.31568119,
          0.        ,  0.10108306],
        [ 0.81990401,  0.98605451,  0.99885004, ..., -0.40997847,
         -0.10108306,  0.        ]],

       [[ 0.        ,  0.09024897,  0.12088106, ..., -0.64182232,
         -0.53066037, -0.12088106],
        [-0.09024897,  0.        ,  0.0308006 , ..., -0.56999547,
         -0.45200124, -0.0308006 ],
        [-0.12088106, -0.0308006 ,  0.        , ..., -0.54441779,
         -0.42431212, -0.        ],
        ...,
        [ 0.64182232,  0.56999547,  0.54441779, ...,  0.        ,
         -0.13705999, -0.54441779],
        [ 0.53066037,  0.45200124,  0.42431212, ...,  0.13705999,
          0.        , -0.42431212],
        [ 0.12088106,  0.0308006 ,  0.        , ...,  0.54441779,
          0.42431212,  0.        ]],

       [[ 0.        ,  0.05740673,  0.11969773, ..., -0.94419573,
         -0.98728517, -0.99120991],
        [-0.05740673,  0.        ,  0.06250634, ..., -0.96154755,
         -0.99478234, -0.98198045],
        [-0.11969773, -0.06250634,  0.        , ..., -0.97683395,
         -0.99921401, -0.96824765],
        ...,
        [ 0.94419573,  0.96154755,  0.97683395, ...,  0.        ,
         -0.17510835, -0.45140533],
        [ 0.98728517,  0.99478234,  0.99921401, ...,  0.17510835,
          0.        , -0.28817823],
        [ 0.99120991,  0.98198045,  0.96824765, ...,  0.45140533,
          0.28817823,  0.        ]]]), 'num': array([ 7.19582952e-01,  6.94303549e-01,  5.59278849e-06,  4.71630671e-05,
        4.88847277e-05,  4.67978664e-05,  1.19555245e-02, -1.04343069e-06,
        4.75178335e-05,  5.42975244e-05,  6.53596288e-05,  1.85246753e-07,
        6.50404972e-05,  4.35545516e-05])}
{'img': array([[[ 0.        , -0.01847987, -0.12976888, ..., -0.71212564,
         -0.74523974, -0.60553188],
        [ 0.01847987,  0.        , -0.11142312, ..., -0.72497786,
         -0.75743479, -0.62013515],
        [ 0.12976888,  0.11142312,  0.        , ..., -0.79720861,
         -0.82546764, -0.70368448],
        ...,
        [ 0.71212564,  0.72497786,  0.79720861, ...,  0.        ,
          0.04835411, -0.14160968],
        [ 0.74523974,  0.75743479,  0.82546764, ..., -0.04835411,
          0.        , -0.18931085],
        [ 0.60553188,  0.62013515,  0.70368448, ...,  0.14160968,
          0.18931085,  0.        ]],

       [[ 0.        , -0.04032548, -0.0580686 , ...,  0.13456554,
          0.22626317,  0.25388555],
        [ 0.04032548,  0.        , -0.01776393, ...,  0.17441479,
          0.26535882,  0.29268322],
        [ 0.0580686 ,  0.01776393,  0.        , ...,  0.19187893,
          0.28244404,  0.30962308],
        ...,
        [-0.13456554, -0.17441479, -0.19187893, ...,  0.        ,
          0.09312949,  0.12141998],
        [-0.22626317, -0.26535882, -0.28244404, ..., -0.09312949,
          0.        ,  0.02845184],
        [-0.25388555, -0.29268322, -0.30962308, ..., -0.12141998,
         -0.02845184,  0.        ]],

       [[ 0.        , -0.36660819, -0.51132796, ..., -0.47141545,
         -0.3469491 , -0.        ],
        [ 0.36660819,  0.        , -0.16066914, ..., -0.76190924,
         -0.66662886, -0.36660819],
        [ 0.51132796,  0.16066914,  0.        , ..., -0.85607356,
         -0.77772937, -0.51132796],
        ...,
        [ 0.47141545,  0.76190924,  0.85607356, ...,  0.        ,
         -0.13615467, -0.47141545],
        [ 0.3469491 ,  0.66662886,  0.77772937, ...,  0.13615467,
          0.        , -0.3469491 ],
        [ 0.        ,  0.36660819,  0.51132796, ...,  0.47141545,
          0.3469491 ,  0.        ]],

       ...,

       [[ 0.        , -0.34182735, -0.24897141, ..., -0.77261494,
         -0.83457996, -0.81852092],
        [ 0.34182735,  0.        ,  0.09708943, ..., -0.94309237,
         -0.97261536, -0.96558734],
        [ 0.24897141, -0.09708943,  0.        , ..., -0.90635165,
         -0.94545481, -0.93577466],
        ...,
        [ 0.77261494,  0.94309237,  0.90635165, ...,  0.        ,
          0.10423049,  0.0758091 ],
        [ 0.83457996,  0.97261536,  0.94545481, ..., -0.10423049,
          0.        , -0.02853437],
        [ 0.81852092,  0.96558734,  0.93577466, ..., -0.0758091 ,
          0.02853437,  0.        ]],

       [[ 0.        ,  0.02988688, -0.07247671, ..., -0.63123445,
         -0.49542148, -0.02988688],
        [-0.02988688,  0.        , -0.10225261, ..., -0.60777245,
         -0.46923886, -0.        ],
        [ 0.07247671,  0.10225261,  0.        , ..., -0.68578673,
         -0.55707566, -0.10225261],
        ...,
        [ 0.63123445,  0.60777245,  0.68578673, ...,  0.        ,
         -0.16407855, -0.60777245],
        [ 0.49542148,  0.46923886,  0.55707566, ...,  0.16407855,
          0.        , -0.46923886],
        [ 0.02988688,  0.        ,  0.10225261, ...,  0.60777245,
          0.46923886,  0.        ]],

       [[ 0.        ,  0.06173285,  0.11996233, ..., -0.98395202,
         -0.99902265, -0.97953427],
        [-0.06173285,  0.        ,  0.05844649, ..., -0.99309053,
         -0.99984589, -0.96524058],
        [-0.11996233, -0.05844649,  0.        , ..., -0.99825162,
         -0.99711063, -0.9483148 ],
        ...,
        [ 0.98395202,  0.99309053,  0.99825162, ...,  0.        ,
         -0.13476698, -0.37282883],
        [ 0.99902265,  0.99984589,  0.99711063, ...,  0.13476698,
          0.        , -0.24437733],
        [ 0.97953427,  0.96524058,  0.9483148 , ...,  0.37282883,
          0.24437733,  0.        ]]]), 'num': array([7.11818327e-01, 7.02273624e-01, 2.01152863e-06, 4.89471967e-05,
       4.91535074e-05, 4.69356681e-05, 1.12429493e-02, 2.32099458e-06,
       4.75546000e-05, 5.29393074e-05, 6.41832367e-05, 3.13805811e-07,
       6.26760107e-05, 4.32026041e-05])}
{'img': array([[[ 0.        , -0.11142312,  0.38237577, ..., -0.75743479,
         -0.62013515, -0.85463509],
        [ 0.11142312,  0.        ,  0.48295047, ..., -0.82546764,
         -0.70368448, -0.90716745],
        [-0.38237577, -0.48295047,  0.        , ..., -0.45021769,
         -0.27303728, -0.59114809],
        ...,
        [ 0.75743479,  0.82546764,  0.45021769, ...,  0.        ,
         -0.18931085,  0.16471831],
        [ 0.62013515,  0.70368448,  0.27303728, ...,  0.18931085,
          0.        ,  0.34846473],
        [ 0.85463509,  0.90716745,  0.59114809, ..., -0.16471831,
         -0.34846473,  0.        ]],

       [[ 0.        , -0.01776393,  0.04368146, ...,  0.26535882,
          0.29268322,  0.27774045],
        [ 0.01776393,  0.        ,  0.06142155, ...,  0.28244404,
          0.30962308,  0.29476166],
        [-0.04368146, -0.06142155,  0.        , ...,  0.22299007,
          0.25063524,  0.23551248],
        ...,
        [-0.26535882, -0.28244404, -0.22299007, ...,  0.        ,
          0.02845184,  0.0128648 ],
        [-0.29268322, -0.30962308, -0.25063524, ..., -0.02845184,
          0.        , -0.0155899 ],
        [-0.27774045, -0.29476166, -0.23551248, ..., -0.0128648 ,
          0.0155899 ,  0.        ]],

       [[ 0.        , -0.37641837, -0.36937949, ..., -0.35294634,
         -0.        , -0.27863856],
        [ 0.37641837,  0.        ,  0.00758601, ..., -0.67918049,
         -0.37641837, -0.61965535],
        [ 0.36937949, -0.00758601,  0.        , ..., -0.67359304,
         -0.36937949, -0.61368346],
        ...,
        [ 0.35294634,  0.67918049,  0.67359304, ...,  0.        ,
         -0.35294634, -0.07826189],
        [ 0.        ,  0.37641837,  0.36937949, ...,  0.35294634,
          0.        ,  0.27863856],
        [ 0.27863856,  0.61965535,  0.61368346, ...,  0.07826189,
         -0.27863856,  0.        ]],

       ...,

       [[ 0.        ,  0.2399224 ,  0.00307422, ..., -0.94521081,
         -0.9354074 , -0.99165909],
        [-0.2399224 ,  0.        , -0.23693685, ..., -0.83927795,
         -0.8232563 , -0.99361802],
        [-0.00307422,  0.23693685,  0.        , ..., -0.94420274,
         -0.93431603, -0.99205064],
        ...,
        [ 0.94521081,  0.83927795,  0.94420274, ...,  0.        ,
         -0.0288262 ,  0.44556442],
        [ 0.9354074 ,  0.8232563 ,  0.93431603, ...,  0.0288262 ,
          0.        ,  0.47118592],
        [ 0.99165909,  0.99361802,  0.99205064, ..., -0.44556442,
         -0.47118592,  0.        ]],

       [[ 0.        , -0.09886907, -0.22185465, ..., -0.64967764,
         -0.49391624, -0.        ],
        [ 0.09886907,  0.        , -0.12436244, ..., -0.72165575,
         -0.57746386, -0.09886907],
        [ 0.22185465,  0.12436244,  0.        , ..., -0.80214359,
         -0.67451244, -0.22185465],
        ...,
        [ 0.64967764,  0.72165575,  0.80214359, ...,  0.        ,
         -0.1894209 , -0.64967764],
        [ 0.49391624,  0.57746386,  0.67451244, ...,  0.1894209 ,
          0.        , -0.49391624],
        [ 0.        ,  0.09886907,  0.22185465, ...,  0.64967764,
          0.49391624,  0.        ]],

       [[ 0.        ,  0.05844649,  0.16412815, ..., -0.99984589,
         -0.96524058, -0.9926983 ],
        [-0.05844649,  0.        ,  0.10619368, ..., -0.99711063,
         -0.9483148 , -0.98395129],
        [-0.16412815, -0.10619368,  0.        , ..., -0.98340563,
         -0.90925396, -0.95943859],
        ...,
        [ 0.99984589,  0.99711063,  0.98340563, ...,  0.        ,
         -0.24437733, -0.10317772],
        [ 0.96524058,  0.9483148 ,  0.90925396, ...,  0.24437733,
          0.        ,  0.14302368],
        [ 0.9926983 ,  0.98395129,  0.95943859, ...,  0.10317772,
         -0.14302368,  0.        ]]]), 'num': array([ 9.73510532e-01,  2.28574998e-01,  1.59004383e-04,  6.67504959e-05,
        6.76765966e-05,  6.61805877e-05,  5.53605959e-03, -8.54862273e-07,
        6.59953675e-05,  7.20613277e-05,  8.80401284e-05,  4.83496111e-07,
        8.39250103e-05,  6.01976452e-05])}
{'img': array([[[ 0.        ,  0.48295047,  0.26517505, ..., -0.70368448,
         -0.90716745, -0.87361928],
        [-0.48295047,  0.        , -0.23346107, ..., -0.27303728,
         -0.59114809, -0.52997412],
        [-0.26517505,  0.23346107,  0.        , ..., -0.49008256,
         -0.76311346, -0.71330711],
        ...,
        [ 0.70368448,  0.27303728,  0.49008256, ...,  0.        ,
          0.34846473,  0.27829755],
        [ 0.90716745,  0.59114809,  0.76311346, ..., -0.34846473,
          0.        , -0.07384421],
        [ 0.87361928,  0.52997412,  0.71330711, ..., -0.27829755,
          0.07384421,  0.        ]],

       [[ 0.        ,  0.06142155, -0.03094245, ...,  0.30962308,
          0.29476166,  0.02960219],
        [-0.06142155,  0.        , -0.09227616, ...,  0.25063524,
          0.23551248, -0.03184833],
        [ 0.03094245,  0.09227616,  0.        , ...,  0.33889674,
          0.32418821,  0.0605169 ],
        ...,
        [-0.30962308, -0.25063524, -0.33889674, ...,  0.        ,
         -0.0155899 , -0.28133988],
        [-0.29476166, -0.23551248, -0.32418821, ...,  0.0155899 ,
          0.        , -0.26634549],
        [-0.02960219,  0.03184833, -0.0605169 , ...,  0.28133988,
          0.26634549,  0.        ]],

       [[ 0.        ,  0.02219169, -0.01920345, ..., -0.14264749,
         -0.41700442, -0.46384185],
        [-0.02219169,  0.        , -0.04138631, ..., -0.12064761,
         -0.39673161, -0.4440676 ],
        [ 0.01920345,  0.04138631,  0.        , ..., -0.16162824,
         -0.43438163, -0.48076899],
        ...,
        [ 0.14264749,  0.12064761,  0.16162824, ...,  0.        ,
          0.28308702,  0.33272442],
        [ 0.41700442,  0.39673161,  0.43438163, ..., -0.28308702,
          0.        ,  0.05215619],
        [ 0.46384185,  0.4440676 ,  0.48076899, ..., -0.33272442,
         -0.05215619,  0.        ]],

       ...,

       [[ 0.        , -0.23693685, -0.62666365, ..., -0.8232563 ,
         -0.99361802, -0.99991021],
        [ 0.23693685,  0.        , -0.42417696, ..., -0.93431603,
         -0.99205064, -0.96826269],
        [ 0.62666365,  0.42417696,  0.        , ..., -0.99729334,
         -0.8450024 , -0.77082213],
        ...,
        [ 0.8232563 ,  0.93431603,  0.99729334, ...,  0.        ,
          0.47118592,  0.57865111],
        [ 0.99361802,  0.99205064,  0.8450024 , ..., -0.47118592,
          0.        ,  0.12610236],
        [ 0.99991021,  0.96826269,  0.77082213, ..., -0.57865111,
         -0.12610236,  0.        ]],

       [[ 0.        , -0.19214874, -0.27487527, ..., -0.67754868,
         -0.51543043, -0.        ],
        [ 0.19214874,  0.        , -0.08500604, ..., -0.80624427,
         -0.6704841 , -0.19214874],
        [ 0.27487527,  0.08500604,  0.        , ..., -0.85361413,
         -0.73112525, -0.27487527],
        ...,
        [ 0.67754868,  0.80624427,  0.85361413, ...,  0.        ,
         -0.20152505, -0.67754868],
        [ 0.51543043,  0.6704841 ,  0.73112525, ...,  0.20152505,
          0.        , -0.51543043],
        [ 0.        ,  0.19214874,  0.27487527, ...,  0.67754868,
          0.51543043,  0.        ]],

       [[ 0.        ,  0.10619368,  0.20366101, ..., -0.9483148 ,
         -0.98395129, -0.99884513],
        [-0.10619368,  0.        ,  0.09854138, ..., -0.90925396,
         -0.95943859, -0.98809494],
        [-0.20366101, -0.09854138,  0.        , ..., -0.86381153,
         -0.9269884 , -0.9681257 ],
        ...,
        [ 0.9483148 ,  0.90925396,  0.86381153, ...,  0.        ,
          0.14302368,  0.27140194],
        [ 0.98395129,  0.95943859,  0.9269884 , ..., -0.14302368,
          0.        ,  0.13095628],
        [ 0.99884513,  0.98809494,  0.9681257 , ..., -0.27140194,
         -0.13095628,  0.        ]]]), 'num': array([8.21824556e-01, 5.69723424e-01, 5.35246564e-05, 5.66010623e-05,
       5.72620089e-05, 5.63607181e-05, 4.42574642e-03, 3.00430267e-07,
       5.59521329e-05, 5.98907737e-05, 7.37626406e-05, 3.87221233e-07,
       6.78551002e-05, 5.19264472e-05])}
{'img': array([[[ 0.        , -0.23346107, -0.47020706, ..., -0.59114809,
         -0.52997412, -0.55665666],
        [ 0.23346107,  0.        , -0.25117092, ..., -0.76311346,
         -0.71330711, -0.73522016],
        [ 0.47020706,  0.25117092,  0.        , ..., -0.900973  ,
         -0.86647399, -0.88190181],
        ...,
        [ 0.59114809,  0.76311346,  0.900973  , ...,  0.        ,
         -0.07384421, -0.04211325],
        [ 0.52997412,  0.71330711,  0.86647399, ...,  0.07384421,
          0.        ,  0.03178043],
        [ 0.55665666,  0.73522016,  0.88190181, ...,  0.04211325,
         -0.03178043,  0.        ]],

       [[ 0.        , -0.09227616, -0.07104974, ...,  0.23551248,
         -0.03184833, -0.04457718],
        [ 0.09227616,  0.        ,  0.02129636, ...,  0.32418821,
          0.0605169 ,  0.04779744],
        [ 0.07104974, -0.02129636,  0.        , ...,  0.30396849,
          0.03924585,  0.02651458],
        ...,
        [-0.23551248, -0.32418821, -0.30396849, ...,  0.        ,
         -0.26634549, -0.27860166],
        [ 0.03184833, -0.0605169 , -0.03924585, ...,  0.26634549,
          0.        , -0.0127379 ],
        [ 0.04457718, -0.04779744, -0.02651458, ...,  0.27860166,
          0.0127379 ,  0.        ]],

       [[ 0.        , -0.04138631, -0.09555138, ..., -0.39673161,
         -0.4440676 , -0.48765637],
        [ 0.04138631,  0.        , -0.05427256, ..., -0.43438163,
         -0.48076899, -0.52337028],
        [ 0.09555138,  0.05427256,  0.        , ..., -0.48262628,
         -0.52764917, -0.56884486],
        ...,
        [ 0.39673161,  0.43438163,  0.48262628, ...,  0.        ,
          0.05215619,  0.10127584],
        [ 0.4440676 ,  0.48076899,  0.52764917, ..., -0.05215619,
          0.        ,  0.04924998],
        [ 0.48765637,  0.52337028,  0.56884486, ..., -0.10127584,
         -0.04924998,  0.        ]],

       ...,

       [[ 0.        , -0.59329066, -0.99953767, ..., -0.99498911,
         -0.99960688, -0.99940962],
        [ 0.59329066,  0.        , -0.78657741, ..., -0.86027379,
         -0.78803755, -0.82489683],
        [ 0.99953767,  0.78657741,  0.        , ..., -0.13018932,
         -0.0023682 , -0.06472784],
        ...,
        [ 0.99498911,  0.86027379,  0.13018932, ...,  0.        ,
          0.1278409 ,  0.06573935],
        [ 0.99960688,  0.78803755,  0.0023682 , ..., -0.1278409 ,
          0.        , -0.06236443],
        [ 0.99940962,  0.82489683,  0.06472784, ..., -0.06573935,
          0.06236443,  0.        ]],

       [[ 0.        , -0.19059871, -0.29961831, ..., -0.71935148,
         -0.56288537, -0.        ],
        [ 0.19059871,  0.        , -0.11228327, ..., -0.83856304,
         -0.71010308, -0.19059871],
        [ 0.29961831,  0.11228327,  0.        , ..., -0.8944326 ,
         -0.78467095, -0.29961831],
        ...,
        [ 0.71935148,  0.83856304,  0.8944326 , ...,  0.        ,
         -0.20356292, -0.71935148],
        [ 0.56288537,  0.71010308,  0.78467095, ...,  0.20356292,
          0.        , -0.56288537],
        [ 0.        ,  0.19059871,  0.29961831, ...,  0.71935148,
          0.56288537,  0.        ]],

       [[ 0.        ,  0.09854138,  0.19942645, ..., -0.95943859,
         -0.98809494, -0.99918746],
        [-0.09854138,  0.        ,  0.10189388, ..., -0.9269884 ,
         -0.9681257 , -0.998296  ],
        [-0.19942645, -0.10189388,  0.        , ..., -0.88394431,
         -0.93756604, -0.9871543 ],
        ...,
        [ 0.95943859,  0.9269884 ,  0.88394431, ...,  0.        ,
          0.13095628,  0.32035804],
        [ 0.98809494,  0.9681257 ,  0.93756604, ..., -0.13095628,
          0.        ,  0.19354473],
        [ 0.99918746,  0.998296  ,  0.9871543 , ..., -0.32035804,
         -0.19354473,  0.        ]]]), 'num': array([7.87805246e-01, 6.15885768e-01, 3.58539057e-05, 5.50318431e-05,
       5.62369200e-05, 5.47449201e-05, 6.89834196e-03, 9.75538408e-07,
       5.38382432e-05, 5.67935507e-05, 6.99556680e-05, 4.10753014e-07,
       6.39432313e-05, 4.96438702e-05])}
{'img': array([[[ 0.        , -0.41694504, -0.26234653, ..., -0.53336625,
         -0.56017946, -0.63945729],
        [ 0.41694504,  0.        ,  0.16388594, ..., -0.83748081,
         -0.85455016, -0.90178145],
        [ 0.26234653, -0.16388594,  0.        , ..., -0.73659926,
         -0.75787879, -0.81875848],
        ...,
        [ 0.53336625,  0.83748081,  0.73659926, ...,  0.        ,
          0.03202179,  0.13084078],
        [ 0.56017946,  0.85455016,  0.75787879, ..., -0.03202179,
          0.        ,  0.09902718],
        [ 0.63945729,  0.90178145,  0.81875848, ..., -0.13084078,
         -0.09902718,  0.        ]],

       [[ 0.        ,  0.02129636, -0.03692814, ...,  0.0605169 ,
          0.04779744,  0.16496015],
