state_0,state_1,state_2,state_3,state_4,state_5,state_6,state_7,state_8,state_9,state_10,state_11,state_12,state_13,state_14,state_15,state_16,state_17,state_18,state_19,state_20,state_21,state_22,state_23,state_24,state_25,state_26,state_27,state_28,state_29,state_30,state_31,state_32,state_33,state_34,state_35,state_36,state_37,state_38,state_39,state_40,state_41,state_42,state_43,state_44,state_45,state_46,state_47,state_48,state_49,state_50,state_51,state_52,state_53,state_54,state_55,state_56,state_57,state_58,state_59,state_60,state_61,state_62,state_63,state_64,state_65,state_66,state_67,state_68,state_69,state_70,state_71,state_72,state_73,state_74,state_75,state_76,state_77,state_78,state_79,state_80,state_81,state_82,state_83,state_84,state_85,state_86,state_87,state_88,state_89,state_90,state_91,state_92,state_93,state_94,state_95,state_96,state_97,state_98,state_99,state_100,state_101,state_102,state_103,state_104,state_105,state_106,state_107,state_108,state_109,state_110,state_111,state_112,state_113,state_114,state_115,state_116,state_117,state_118,state_119,state_120,state_121,state_122,state_123,state_124,state_125,state_126,state_127,state_128,state_129,state_130,state_131,state_132,state_133,state_134,state_135,state_136,state_137,state_138,state_139,state_140,state_141,state_142,state_143,state_144,state_145,state_146,state_147,state_148,state_149,state_150,state_151,state_152,state_153,state_154,state_155,state_156,state_157,state_158,state_159,state_160,state_161,state_162,state_163,state_164,state_165,state_166,state_167,state_168,state_169,state_170,state_171,state_172,state_173,state_174,state_175,state_176,state_177,state_178,state_179,state_180,state_181,state_182,state_183,state_184,state_185,state_186,state_187,state_188,state_189,state_190,state_191,state_192,state_193,state_194,state_195,state_196,state_197,state_198,state_199,state_200,state_201,state_202,state_203,state_204,state_205,state_206,state_207,state_208,state_209,state_210,state_211,state_212,state_213,state_214,state_215,state_216,state_217,state_218,state_219,state_220,state_221,state_222,state_223,state_224,state_225,state_226,state_227,state_228,state_229,state_230,state_231,state_232,state_233,state_234,state_235,state_236,state_237,state_238,state_239,state_240,state_241,state_242,state_243,state_244,state_245,state_246,state_247,state_248,state_249,state_250,state_251,state_252,state_253,state_254,state_255,state_256,state_257,state_258,state_259,state_260,state_261,state_262,state_263,state_264,state_265,state_266,state_267,state_268,state_269,state_270,state_271,state_272,state_273,state_274,state_275,state_276,state_277,state_278,state_279,state_280,state_281,state_282,state_283,state_284,state_285,state_286,state_287
{'img': array([[[ 0.        , -0.03079841,  0.06177306, ...,  0.17045441,
          0.4060717 ,  0.99810471],
        [ 0.03079841,  0.        ,  0.09248335, ...,  0.20072124,
          0.43402392,  0.99952652],
        [-0.06177306, -0.09248335,  0.        , ...,  0.10925983,
          0.34884542,  0.99239713],
        ...,
        [-0.17045441, -0.20072124, -0.10925983, ...,  0.        ,
          0.24436081,  0.97300851],
        [-0.4060717 , -0.43402392, -0.34884542, ..., -0.24436081,
          0.        ,  0.8871202 ],
        [-0.99810471, -0.99952652, -0.99239713, ..., -0.97300851,
         -0.8871202 ,  0.        ]],

       [[ 0.        ,  0.52227248,  0.04490794, ...,  0.17390778,
          0.75736435,  0.90817573],
        [-0.52227248,  0.        , -0.48344904, ..., -0.36600922,
          0.30482414,  0.99309046],
        [-0.04490794,  0.48344904,  0.        , ...,  0.12950869,
          0.72727572,  0.92605747],
        ...,
        [-0.17390778,  0.36600922, -0.12950869, ...,  0.        ,
          0.63226311,  0.9671328 ],
        [-0.75736435, -0.30482414, -0.72727572, ..., -0.63226311,
          0.        ,  0.91005643],
        [-0.90817573, -0.99309046, -0.92605747, ..., -0.9671328 ,
         -0.91005643,  0.        ]],

       [[ 0.        , -0.01921754,  0.01449356, ...,  0.28343816,
          0.26746851,  0.56345824],
        [ 0.01921754,  0.        ,  0.0337064 , ...,  0.30181526,
          0.2859365 ,  0.57923065],
        [-0.01449356, -0.0337064 ,  0.        , ...,  0.26950921,
          0.25347491,  0.55142528],
        ...,
        [-0.28343816, -0.30181526, -0.26950921, ...,  0.        ,
         -0.01661178,  0.30619022],
        [-0.26746851, -0.2859365 , -0.25347491, ...,  0.01661178,
          0.        ,  0.32196189],
        [-0.56345824, -0.57923065, -0.55142528, ..., -0.30619022,
         -0.32196189,  0.        ]],

       ...,

       [[ 0.        , -0.30599958,  0.06918833, ...,  0.27132957,
          0.56015333,  0.9005304 ],
        [ 0.30599958,  0.        ,  0.37113576, ...,  0.5528348 ,
          0.78677037,  0.99037993],
        [-0.06918833, -0.37113576,  0.        , ...,  0.20408654,
          0.50149615,  0.86828978],
        ...,
        [-0.27132957, -0.5528348 , -0.20408654, ...,  0.        ,
          0.3143736 ,  0.74877614],
        [-0.56015333, -0.78677037, -0.50149615, ..., -0.3143736 ,
          0.        ,  0.50243865],
        [-0.9005304 , -0.99037993, -0.86828978, ..., -0.74877614,
         -0.50243865,  0.        ]],

       [[ 0.        , -0.43901865, -0.62443423, ..., -0.92455994,
         -0.92329377, -0.81697436],
        [ 0.43901865,  0.        , -0.21813284, ..., -0.66341453,
         -0.66093443, -0.48086281],
        [ 0.62443423,  0.21813284,  0.        , ..., -0.48422055,
         -0.48132212, -0.27802523],
        ...,
        [ 0.92455994,  0.66341453,  0.48422055, ...,  0.        ,
          0.00330967,  0.22187251],
        [ 0.92329377,  0.66093443,  0.48132212, ..., -0.00330967,
          0.        ,  0.21864412],
        [ 0.81697436,  0.48086281,  0.27802523, ..., -0.22187251,
         -0.21864412,  0.        ]],

       [[ 0.        , -0.06270457, -0.07966541, ...,  0.57809761,
          0.77026319,  0.42919417],
        [ 0.06270457,  0.        , -0.01700336, ...,  0.62812488,
          0.80873576,  0.48498511],
        [ 0.07966541,  0.01700336,  0.        , ...,  0.64126461,
          0.81861974,  0.49978481],
        ...,
        [-0.57809761, -0.62812488, -0.64126461, ...,  0.        ,
          0.25984187, -0.17193629],
        [-0.77026319, -0.80873576, -0.81861974, ..., -0.25984187,
          0.        , -0.42200281],
        [-0.42919417, -0.48498511, -0.49978481, ...,  0.17193629,
          0.42200281,  0.        ]]]), 'num': array([ 7.07105596e-01,  7.07105596e-01,  0.00000000e+00,  6.51953006e-04,
        6.67593292e-04,  6.51953006e-04,  2.38423824e-04, -1.31707678e-05,
        6.42239564e-04,  6.36189243e-04,  6.10369050e-04,  4.71759957e-07,
        6.59186728e-04,  6.13191758e-04])}
{'img': array([[[ 0.        ,  0.09248335,  0.27827013, ...,  0.43402392,
          0.99952652,  0.73327227],
        [-0.09248335,  0.        ,  0.18824701, ...,  0.34884542,
          0.99239713,  0.66724695],
        [-0.27827013, -0.18824701,  0.        , ...,  0.16618728,
          0.95148591,  0.51510447],
        ...,
        [-0.43402392, -0.34884542, -0.16618728, ...,  0.        ,
          0.8871202 ,  0.36549786],
        [-0.99952652, -0.99239713, -0.95148591, ..., -0.8871202 ,
          0.        , -0.65705097],
        [-0.73327227, -0.66724695, -0.51510447, ..., -0.36549786,
          0.65705097,  0.        ]],

       [[ 0.        , -0.48344904, -0.62188982, ...,  0.30482414,
          0.99309046, -0.59391789],
        [ 0.48344904,  0.        , -0.16579401, ...,  0.72727572,
          0.92605747, -0.13095224],
        [ 0.62188982,  0.16579401,  0.        , ...,  0.83100248,
          0.85067346,  0.03522639],
        ...,
        [-0.30482414, -0.72727572, -0.83100248, ...,  0.        ,
          0.91005643, -0.81089138],
        [-0.99309046, -0.92605747, -0.85067346, ..., -0.91005643,
          0.        , -0.86866381],
        [ 0.59391789,  0.13095224, -0.03522639, ...,  0.81089138,
          0.86866381,  0.        ]],

       [[ 0.        ,  0.0337064 ,  0.0337064 , ...,  0.2859365 ,
          0.57923065,  0.89357043],
        [-0.0337064 ,  0.        ,  0.        , ...,  0.25347491,
          0.55142528,  0.8779311 ],
        [-0.0337064 ,  0.        ,  0.        , ...,  0.25347491,
          0.55142528,  0.8779311 ],
        ...,
        [-0.2859365 , -0.25347491, -0.25347491, ...,  0.        ,
          0.32196189,  0.72789911],
        [-0.57923065, -0.55142528, -0.55142528, ..., -0.32196189,
          0.        ,  0.4683762 ],
        [-0.89357043, -0.8779311 , -0.8779311 , ..., -0.72789911,
         -0.4683762 ,  0.        ]],

       ...,

       [[ 0.        ,  0.37113576,  0.76483674, ...,  0.78677037,
          0.99037993,  0.92649406],
        [-0.37113576,  0.        ,  0.47111641, ...,  0.50149615,
          0.86828978,  0.72066071],
        [-0.76483674, -0.47111641,  0.        , ...,  0.03476421,
          0.53219253,  0.30905462],
        ...,
        [-0.78677037, -0.50149615, -0.03476421, ...,  0.        ,
          0.50243865,  0.27580551],
        [-0.99037993, -0.86828978, -0.53219253, ..., -0.50243865,
          0.        , -0.2444858 ],
        [-0.92649406, -0.72066071, -0.30905462, ..., -0.27580551,
          0.2444858 ,  0.        ]],

       [[ 0.        , -0.48172691, -0.73210105, ..., -0.88889568,
         -0.75039698, -0.68586842],
        [ 0.48172691,  0.        , -0.31340535, ..., -0.55827454,
         -0.33917351, -0.25047618],
        [ 0.73210105,  0.31340535,  0.        , ..., -0.27012965,
         -0.02725788,  0.0655578 ],
        ...,
        [ 0.88889568,  0.55827454,  0.27012965, ...,  0.        ,
          0.24378474,  0.33266916],
        [ 0.75039698,  0.33917351,  0.02725788, ..., -0.24378474,
          0.        ,  0.09273268],
        [ 0.68586842,  0.25047618, -0.0655578 , ..., -0.33266916,
         -0.09273268,  0.        ]],

       [[ 0.        , -0.01700336,  0.06258841, ...,  0.80873576,
          0.48498511,  0.47359806],
        [ 0.01700336,  0.        ,  0.07954939, ...,  0.81861974,
          0.49978481,  0.48850515],
        [-0.06258841, -0.07954939,  0.        , ...,  0.77033741,
          0.42929928,  0.41754534],
        ...,
        [-0.80873576, -0.81861974, -0.77033741, ...,  0.        ,
         -0.42200281, -0.43372963],
        [-0.48498511, -0.49978481, -0.42929928, ...,  0.42200281,
          0.        , -0.0129742 ],
        [-0.47359806, -0.48850515, -0.41754534, ...,  0.43372963,
          0.0129742 ,  0.        ]]]), 'num': array([7.07105555e-01, 7.07105555e-01, 0.00000000e+00, 6.62654217e-04,
       6.64300562e-04, 6.42074893e-04, 4.03832181e-04, 1.07012482e-05,
       6.48001738e-04, 6.36806586e-04, 6.11192188e-04, 4.89330581e-07,
       6.61858107e-04, 6.11755066e-04])}
{'img': array([[[ 0.        ,  0.18824701,  0.15655403, ...,  0.99239713,
          0.66724695,  0.90963472],
        [-0.18824701,  0.        , -0.0321707 , ...,  0.95148591,
          0.51510447,  0.8151725 ],
        [-0.15655403,  0.0321707 ,  0.        , ...,  0.96089209,
          0.54241223,  0.83338441],
        ...,
        [-0.99239713, -0.95148591, -0.96089209, ...,  0.        ,
         -0.65705097, -0.30029571],
        [-0.66724695, -0.51510447, -0.54241223, ...,  0.65705097,
          0.        ,  0.40034877],
        [-0.90963472, -0.8151725 , -0.83338441, ...,  0.30029571,
         -0.40034877,  0.        ]],

       [[ 0.        , -0.16579401, -0.17174101, ...,  0.92605747,
         -0.13095224,  0.50678806],
        [ 0.16579401,  0.        , -0.00603352, ...,  0.85067346,
          0.03522639,  0.64270047],
        [ 0.17174101,  0.00603352,  0.        , ...,  0.84748619,
          0.04125552,  0.64731116],
        ...,
        [-0.92605747, -0.85067346, -0.84748619, ...,  0.        ,
         -0.86866381, -0.98957995],
        [ 0.13095224, -0.03522639, -0.04125552, ...,  0.86866381,
          0.        ,  0.61531403],
        [-0.50678806, -0.64270047, -0.64731116, ...,  0.98957995,
         -0.61531403,  0.        ]],

       [[ 0.        ,  0.        ,  0.04412819, ...,  0.47721397,
          0.70218566,  0.97158917],
        [ 0.        ,  0.        ,  0.04412819, ...,  0.47721397,
          0.70218566,  0.97158917],
        [-0.04412819, -0.04412819,  0.        , ...,  0.43796981,
          0.67008264,  0.96019874],
        ...,
        [-0.47721397, -0.47721397, -0.43796981, ...,  0.        ,
          0.2772983 ,  0.74087604],
        [-0.70218566, -0.70218566, -0.67008264, ..., -0.2772983 ,
          0.        ,  0.52557662],
        [-0.97158917, -0.97158917, -0.96019874, ..., -0.74087604,
         -0.52557662,  0.        ]],

       ...,

       [[ 0.        ,  0.47111641,  0.18507717, ...,  0.86828978,
          0.72066071,  0.77600057],
        [-0.47111641,  0.        , -0.29972619, ...,  0.53219253,
          0.30905462,  0.38733934],
        [-0.18507717,  0.29972619,  0.        , ...,  0.76148031,
          0.5798988 ,  0.64586024],
        ...,
        [-0.86828978, -0.53219253, -0.76148031, ...,  0.        ,
         -0.2444858 , -0.16271757],
        [-0.72066071, -0.30905462, -0.5798988 , ...,  0.2444858 ,
          0.        ,  0.08344791],
        [-0.77600057, -0.38733934, -0.64586024, ...,  0.16271757,
         -0.08344791,  0.        ]],

       [[ 0.        , -0.61050439, -0.80430633, ..., -0.63747362,
         -0.54008665, -0.36106051],
        [ 0.61050439,  0.        , -0.27425017, ..., -0.03451066,
          0.08605066,  0.28335665],
        [ 0.80430633,  0.27425017,  0.        , ...,  0.24089934,
          0.35598425,  0.53550221],
        ...,
        [ 0.63747362,  0.03451066, -0.24089934, ...,  0.        ,
          0.12038206,  0.31628409],
        [ 0.54008665, -0.08605066, -0.35598425, ..., -0.12038206,
          0.        ,  0.19978177],
        [ 0.36106051, -0.28335665, -0.53550221, ..., -0.31628409,
         -0.19978177,  0.        ]],

       [[ 0.        ,  0.07954939,  0.16534111, ...,  0.49978481,
          0.48850515,  0.41176926],
        [-0.07954939,  0.        ,  0.08636263, ...,  0.42929928,
          0.41754534,  0.33797191],
        [-0.16534111, -0.08636263,  0.        , ...,  0.34969585,
          0.33751137,  0.25542845],
        ...,
        [-0.49978481, -0.42929928, -0.34969585, ...,  0.        ,
         -0.0129742 , -0.09879419],
        [-0.48850515, -0.41754534, -0.33751137, ...,  0.0129742 ,
          0.        , -0.08587515],
        [-0.41176926, -0.33797191, -0.25542845, ...,  0.09879419,
          0.08587515,  0.        ]]]), 'num': array([7.78371045e-01, 6.27801232e-01, 1.86579693e-06, 7.30921419e-04,
       7.33638599e-04, 7.21864153e-04, 2.91761731e-04, 1.81145333e-06,
       7.21864153e-04, 7.01213585e-04, 6.73332299e-04, 5.40433591e-07,
       7.30649562e-04, 6.71777607e-04])}
{'img': array([[[ 0.        , -0.0321707 ,  0.01621154, ...,  0.51510447,
          0.8151725 ,  0.88308286],
        [ 0.0321707 ,  0.        ,  0.04836962, ...,  0.54241223,
          0.83338441,  0.8977208 ],
        [-0.01621154, -0.04836962,  0.        , ...,  0.50114142,
          0.80567535,  0.87536007],
        ...,
        [-0.51510447, -0.54241223, -0.50114142, ...,  0.        ,
          0.40034877,  0.5152187 ],
        [-0.8151725 , -0.83338441, -0.80567535, ..., -0.40034877,
          0.        ,  0.12900486],
        [-0.88308286, -0.8977208 , -0.87536007, ..., -0.5152187 ,
         -0.12900486,  0.        ]],

       [[ 0.        , -0.00603352,  0.19708736, ...,  0.03522639,
          0.64270047,  0.15013556],
        [ 0.00603352,  0.        ,  0.20299894, ...,  0.04125552,
          0.64731116,  0.15609796],
        [-0.19708736, -0.20299894,  0.        , ..., -0.16242958,
          0.47910242, -0.04766266],
        ...,
        [-0.03522639, -0.04125552,  0.16242958, ...,  0.        ,
          0.61531403,  0.11521527],
        [-0.64270047, -0.64731116, -0.47910242, ..., -0.61531403,
          0.        , -0.52039424],
        [-0.15013556, -0.15609796,  0.04766266, ..., -0.11521527,
          0.52039424,  0.        ]],

       [[ 0.        ,  0.03898124,  0.10567701, ...,  0.58258219,
          0.73492583,  0.99281118],
        [-0.03898124,  0.        ,  0.06683372, ...,  0.55045654,
          0.70793221,  0.98739088],
        [-0.10567701, -0.06683372,  0.        , ...,  0.49342873,
          0.65914602,  0.97460334],
        ...,
        [-0.58258219, -0.55045654, -0.49342873, ...,  0.        ,
          0.20225033,  0.73719901],
        [-0.73492583, -0.70793221, -0.65914602, ..., -0.20225033,
          0.        ,  0.58530832],
        [-0.99281118, -0.98739088, -0.97460334, ..., -0.73719901,
         -0.58530832,  0.        ]],

       ...,

       [[ 0.        , -0.29972619, -0.32357878, ...,  0.30905462,
          0.38733934,  0.39550657],
        [ 0.29972619,  0.        , -0.02510105, ...,  0.5798988 ,
          0.64586024,  0.65261072],
        [ 0.32357878,  0.02510105,  0.        , ...,  0.60016562,
          0.66482028,  0.67142399],
        ...,
        [-0.30905462, -0.5798988 , -0.60016562, ...,  0.        ,
          0.08344791,  0.09228898],
        [-0.38733934, -0.64586024, -0.66482028, ..., -0.08344791,
          0.        ,  0.00887532],
        [-0.39550657, -0.65261072, -0.67142399, ..., -0.09228898,
         -0.00887532,  0.        ]],

       [[ 0.        , -0.27097924, -0.32794955, ...,  0.08438192,
          0.27532313,  0.6188346 ],
        [ 0.27097924,  0.        , -0.05968658, ...,  0.35123758,
          0.52552833,  0.808541  ],
        [ 0.32794955,  0.05968658,  0.        , ...,  0.40649511,
          0.57537131,  0.84222146],
        ...,
        [-0.08438192, -0.35123758, -0.40649511, ...,  0.        ,
          0.19322048,  0.55034373],
        [-0.27532313, -0.52552833, -0.57537131, ..., -0.19322048,
          0.        ,  0.37864554],
        [-0.6188346 , -0.808541  , -0.84222146, ..., -0.55034373,
         -0.37864554,  0.        ]],

       [[ 0.        ,  0.08636263,  0.09177735, ...,  0.41754534,
          0.33797191,  0.2775009 ],
        [-0.08636263,  0.        ,  0.00543631, ...,  0.33751137,
          0.25542845,  0.19349332],
        [-0.09177735, -0.00543631,  0.        , ...,  0.33238907,
          0.2501687 ,  0.18815689],
        ...,
        [-0.41754534, -0.33751137, -0.33238907, ...,  0.        ,
         -0.08587515, -0.14899353],
        [-0.33797191, -0.25542845, -0.2501687 , ...,  0.08587515,
          0.        , -0.06352651],
        [-0.2775009 , -0.19349332, -0.18815689, ...,  0.14899353,
          0.06352651,  0.        ]]]), 'num': array([ 7.66890553e-01,  6.41774743e-01,  1.56394762e-06,  7.14947482e-04,
        7.23884326e-04,  7.12266429e-04,  3.43970170e-04, -6.25579047e-06,
        7.17092324e-04,  6.92918163e-04,  6.64930948e-04,  5.13393139e-07,
        7.23649861e-04,  6.62186464e-04])}
{'img': array([[[ 0.        ,  0.04836962, -0.20218779, ...,  0.83338441,
          0.8977208 ,  0.7095307 ],
        [-0.04836962,  0.        , -0.24932176, ...,  0.80567535,
          0.87536007,  0.67461536],
        [ 0.20218779,  0.24932176,  0.        , ...,  0.92792027,
          0.9682568 ,  0.83735318],
        ...,
        [-0.83338441, -0.80567535, -0.92792027, ...,  0.        ,
          0.12900486, -0.19511155],
        [-0.8977208 , -0.87536007, -0.9682568 , ..., -0.12900486,
          0.        , -0.32000671],
        [-0.7095307 , -0.67461536, -0.83735318, ...,  0.19511155,
          0.32000671,  0.        ]],

       [[ 0.        ,  0.20299894, -0.84748619, ...,  0.64731116,
          0.15609796,  0.35792098],
        [-0.20299894,  0.        , -0.93759602, ...,  0.47910242,
         -0.04766266,  0.16091805],
        [ 0.84748619,  0.93759602,  0.        , ...,  0.98957995,
          0.91995686,  0.98133252],
        ...,
        [-0.64731116, -0.47910242, -0.98957995, ...,  0.        ,
         -0.52039424, -0.33161138],
        [-0.15609796,  0.04766266, -0.91995686, ...,  0.52039424,
          0.        ,  0.20777667],
        [-0.35792098, -0.16091805, -0.98133252, ...,  0.33161138,
         -0.20777667,  0.        ]],

       [[ 0.        ,  0.06290634,  0.0740496 , ...,  0.64750093,
          0.85252086,  0.9948948 ],
        [-0.06290634,  0.        ,  0.0111693 , ...,  0.59827981,
          0.81795167,  0.986576  ],
        [-0.0740496 , -0.0111693 ,  0.        , ...,  0.58929267,
          0.8114751 ,  0.98469049],
        ...,
        [-0.64750093, -0.59827981, -0.58929267, ...,  0.        ,
          0.31123169,  0.69283004],
        [-0.85252086, -0.81795167, -0.8114751 , ..., -0.31123169,
          0.        ,  0.43399053],
        [-0.9948948 , -0.986576  , -0.98469049, ..., -0.69283004,
         -0.43399053,  0.        ]],

       ...,

       [[ 0.        , -0.02510105, -0.05985026, ...,  0.64586024,
          0.65261072,  0.58421628],
        [ 0.02510105,  0.        , -0.03477536, ...,  0.66482028,
          0.67142399,  0.60440416],
        [ 0.05985026,  0.03477536,  0.        , ...,  0.69039548,
          0.69678898,  0.63174335],
        ...,
        [-0.64586024, -0.66482028, -0.69039548, ...,  0.        ,
          0.00887532, -0.07815567],
        [-0.65261072, -0.67142399, -0.69678898, ..., -0.00887532,
          0.        , -0.08700076],
        [-0.58421628, -0.60440416, -0.63174335, ...,  0.07815567,
          0.08700076,  0.        ]],

       [[ 0.        , -0.05461255, -0.13047537, ...,  0.44339252,
          0.57556173,  0.85182821],
        [ 0.05461255,  0.        , -0.07613495, ...,  0.49168154,
          0.61936264,  0.87916417],
        [ 0.13047537,  0.07613495,  0.        , ...,  0.55655087,
          0.67733889,  0.91289217],
        ...,
        [-0.44339252, -0.49168154, -0.55655087, ...,  0.        ,
          0.1533039 ,  0.53125866],
        [-0.57556173, -0.61936264, -0.67733889, ..., -0.1533039 ,
          0.        ,  0.39509815],
        [-0.85182821, -0.87916417, -0.91289217, ..., -0.53125866,
         -0.39509815,  0.        ]],

       [[ 0.        ,  0.00543631, -0.02524083, ...,  0.25542845,
          0.19349332,  0.16416339],
        [-0.00543631,  0.        , -0.03067504, ...,  0.2501687 ,
          0.18815689,  0.15879841],
        [ 0.02524083,  0.03067504,  0.        , ...,  0.27975062,
          0.2181955 ,  0.18900948],
        ...,
        [-0.25542845, -0.2501687 , -0.27975062, ...,  0.        ,
         -0.06352651, -0.09324534],
        [-0.19349332, -0.18815689, -0.2181955 , ...,  0.06352651,
          0.        , -0.02980727],
        [-0.16416339, -0.15879841, -0.18900948, ...,  0.09324534,
          0.02980727,  0.        ]]]), 'num': array([7.61688724e-01, 6.47939970e-01, 1.40952607e-06, 7.15400969e-04,
       7.19833441e-04, 7.02103553e-04, 4.40286301e-04, 6.20546070e-06,
       7.11145796e-04, 6.88850462e-04, 6.60261018e-04, 5.72735137e-07,
       7.21665007e-04, 6.56035917e-04])}
{'img': array([[[ 0.        , -0.24932176, -0.61150236, ...,  0.87536007,
          0.67461536,  0.87536007],
        [ 0.24932176,  0.        , -0.39491756, ...,  0.9682568 ,
          0.83735318,  0.9682568 ],
        [ 0.61150236,  0.39491756,  0.        , ...,  0.98826618,
          0.98517677,  0.98826618],
        ...,
        [-0.87536007, -0.9682568 , -0.98826618, ...,  0.        ,
         -0.32000671,  0.        ],
        [-0.67461536, -0.83735318, -0.98517677, ...,  0.32000671,
          0.        ,  0.32000671],
        [-0.87536007, -0.9682568 , -0.98826618, ...,  0.        ,
         -0.32000671,  0.        ]],

       [[ 0.        , -0.93759602,  0.19071011, ..., -0.04766266,
          0.16091805,  0.49619537],
        [ 0.93759602,  0.        ,  0.98670271, ...,  0.91995686,
          0.98133252,  0.98657135],
        [-0.19071011, -0.98670271,  0.        , ..., -0.23728125,
         -0.03026012,  0.3215118 ],
        ...,
        [ 0.04766266, -0.91995686,  0.23728125, ...,  0.        ,
          0.20777667,  0.53701268],
        [-0.16091805, -0.98133252,  0.03026012, ..., -0.20777667,
          0.        ,  0.35001804],
        [-0.49619537, -0.98657135, -0.3215118 , ..., -0.53701268,
         -0.35001804,  0.        ]],

       [[ 0.        ,  0.0111693 , -0.09594743, ...,  0.81795167,
          0.986576  ,  0.96897814],
        [-0.0111693 ,  0.        , -0.10705921, ...,  0.8114751 ,
          0.98469049,  0.96615724],
        [ 0.09594743,  0.10705921,  0.        , ...,  0.86937527,
          0.99769282,  0.98822073],
        ...,
        [-0.81795167, -0.8114751 , -0.86937527, ...,  0.        ,
          0.43399053,  0.35528662],
        [-0.986576  , -0.98469049, -0.99769282, ..., -0.43399053,
          0.        , -0.08559195],
        [-0.96897814, -0.96615724, -0.98822073, ..., -0.35528662,
          0.08559195,  0.        ]],

       ...,

       [[ 0.        , -0.03477536, -0.34588022, ...,  0.67142399,
          0.60440416,  0.80723948],
        [ 0.03477536,  0.        , -0.31304204, ...,  0.69678898,
          0.63174335,  0.82727647],
        [ 0.34588022,  0.31304204,  0.        , ...,  0.88630545,
          0.84265465,  0.96156241],
        ...,
        [-0.67142399, -0.69678898, -0.88630545, ...,  0.        ,
         -0.08700076,  0.20193314],
        [-0.60440416, -0.63174335, -0.84265465, ...,  0.08700076,
          0.        ,  0.28637594],
        [-0.80723948, -0.82727647, -0.96156241, ..., -0.20193314,
         -0.28637594,  0.        ]],

       [[ 0.        , -0.06927676, -0.1224846 , ...,  0.51707783,
          0.63771523,  0.918413  ],
        [ 0.06927676,  0.        , -0.0534352 , ...,  0.57513217,
          0.68954507,  0.94361397],
        [ 0.1224846 ,  0.0534352 ,  0.        , ...,  0.61802372,
          0.72725999,  0.95995545],
        ...,
        [-0.51707783, -0.57513217, -0.61802372, ...,  0.        ,
          0.14755427,  0.58153705],
        [-0.63771523, -0.68954507, -0.72725999, ..., -0.14755427,
          0.        ,  0.45513319],
        [-0.918413  , -0.94361397, -0.95995545, ..., -0.58153705,
         -0.45513319,  0.        ]],

       [[ 0.        , -0.03067504, -0.17880646, ...,  0.18815689,
          0.15879841,  0.12329783],
        [ 0.03067504,  0.        , -0.14854163, ...,  0.2181955 ,
          0.18900948,  0.15368079],
        [ 0.17880646,  0.14854163,  0.        , ...,  0.3607374 ,
          0.33277684,  0.29875291],
        ...,
        [-0.18815689, -0.2181955 , -0.3607374 , ...,  0.        ,
         -0.02980727, -0.06562559],
        [-0.15879841, -0.18900948, -0.33277684, ...,  0.02980727,
          0.        , -0.03585342],
        [-0.12329783, -0.15368079, -0.29875291, ...,  0.06562559,
          0.03585342,  0.        ]]]), 'num': array([7.42211826e-01, 6.70162503e-01, 8.89497820e-07, 6.99507994e-04,
       7.05553125e-04, 6.90872093e-04, 3.17809799e-04, 2.59077035e-06,
       6.95880916e-04, 6.72952598e-04, 6.43864005e-04, 5.37804623e-07,
       7.06881360e-04, 6.39023836e-04])}
{'img': array([[[ 0.        , -0.38986053, -0.40465118, ...,  0.81485121,
          0.9347262 ,  0.99816176],
        [ 0.38986053,  0.        , -0.01611653, ...,  0.97636574,
          0.99930921,  0.94280904],
        [ 0.40465118,  0.01611653,  0.        , ...,  0.97972212,
          0.99858048,  0.93731441],
        ...,
        [-0.81485121, -0.97636574, -0.97972212, ...,  0.        ,
          0.25226027,  0.52921967],
        [-0.9347262 , -0.99930921, -0.99858048, ..., -0.25226027,
          0.        ,  0.29806539],
        [-0.99816176, -0.94280904, -0.93731441, ..., -0.52921967,
         -0.29806539,  0.        ]],

       [[ 0.        ,  0.98670271,  0.93248137, ...,  0.98133252,
          0.98657135,  0.96926209],
        [-0.98670271,  0.        , -0.20485361, ..., -0.03026012,
          0.3215118 , -0.08521954],
        [-0.93248137,  0.20485361,  0.        , ...,  0.17514142,
          0.5086704 ,  0.12069613],
        ...,
        [-0.98133252,  0.03026012, -0.17514142, ...,  0.        ,
          0.35001804, -0.05503048],
        [-0.98657135, -0.3215118 , -0.5086704 , ..., -0.35001804,
          0.        , -0.40103707],
        [-0.96926209,  0.08521954, -0.12069613, ...,  0.05503048,
          0.40103707,  0.        ]],

       [[ 0.        , -0.10345935, -0.25066402, ...,  0.88286742,
          0.87800974,  0.99032183],
        [ 0.10345935,  0.        , -0.14916255, ...,  0.9267165 ,
          0.92281813,  0.99936658],
        [ 0.25066402,  0.14916255,  0.        , ...,  0.97239854,
          0.96995705,  0.99349463],
        ...,
        [-0.88286742, -0.9267165 , -0.97239854, ...,  0.        ,
         -0.01024514,  0.34254402],
        [-0.87800974, -0.92281813, -0.96995705, ...,  0.01024514,
          0.        ,  0.35215137],
        [-0.99032183, -0.99936658, -0.99349463, ..., -0.34254402,
         -0.35215137,  0.        ]],

       ...,

       [[ 0.        , -0.31304204, -0.31304204, ...,  0.63174335,
          0.82727647,  0.76826898],
        [ 0.31304204,  0.        ,  0.        , ...,  0.84265465,
          0.96156241,  0.93004193],
        [ 0.31304204,  0.        ,  0.        , ...,  0.84265465,
          0.96156241,  0.93004193],
        ...,
        [-0.63174335, -0.84265465, -0.84265465, ...,  0.        ,
          0.28637594,  0.19114885],
        [-0.82727647, -0.96156241, -0.96156241, ..., -0.28637594,
          0.        , -0.09795245],
        [-0.76826898, -0.93004193, -0.93004193, ..., -0.19114885,
          0.09795245,  0.        ]],

       [[ 0.        , -0.04955015, -0.06028991, ...,  0.60253075,
          0.74523821,  0.96567853],
        [ 0.04955015,  0.        , -0.01075583, ...,  0.64133639,
          0.77736274,  0.9773625 ],
        [ 0.06028991,  0.01075583,  0.        , ...,  0.64955181,
          0.78408376,  0.97958159],
        ...,
        [-0.60253075, -0.64133639, -0.64955181, ...,  0.        ,
          0.19300488,  0.6142024 ],
        [-0.74523821, -0.77736274, -0.78408376, ..., -0.19300488,
          0.        ,  0.45034452],
        [-0.96567853, -0.9773625 , -0.97958159, ..., -0.6142024 ,
         -0.45034452,  0.        ]],

       [[ 0.        , -0.14854163, -0.29204219, ...,  0.18900948,
          0.15368079,  0.15100188],
        [ 0.14854163,  0.        , -0.1467363 , ...,  0.33277684,
          0.29875291,  0.29616506],
        [ 0.29204219,  0.1467363 ,  0.        , ...,  0.4675479 ,
          0.43555403,  0.43311251],
        ...,
        [-0.18900948, -0.33277684, -0.4675479 , ...,  0.        ,
         -0.03585342, -0.03856208],
        [-0.15368079, -0.29875291, -0.43555403, ...,  0.03585342,
          0.        , -0.00271054],
        [-0.15100188, -0.29616506, -0.43311251, ...,  0.03856208,
          0.00271054,  0.        ]]]), 'num': array([7.22937064e-01, 6.90911204e-01, 3.95380986e-07, 6.81401274e-04,
       6.92337343e-04, 6.76353857e-04, 3.92789979e-04, 0.00000000e+00,
       6.78709318e-04, 6.57341920e-04, 6.28066902e-04, 5.30233688e-07,
       6.91865005e-04, 6.22818835e-04])}
{'img': array([[[ 0.        , -0.01611653, -0.32447025, ...,  0.99930921,
          0.94280904,  0.94280904],
        [ 0.01611653,  0.        , -0.30918355, ...,  0.99858048,
          0.93731441,  0.93731441],
        [ 0.32447025,  0.30918355,  0.        , ...,  0.93318418,
          0.78364246,  0.78364246],
        ...,
        [-0.99930921, -0.99858048, -0.93318418, ...,  0.        ,
          0.29806539,  0.29806539],
        [-0.94280904, -0.93731441, -0.78364246, ..., -0.29806539,
          0.        ,  0.        ],
        [-0.94280904, -0.93731441, -0.78364246, ..., -0.29806539,
          0.        ,  0.        ]],

       [[ 0.        , -0.20574962,  0.06410907, ...,  0.32252628,
         -0.08556709,  0.2307098 ],
        [ 0.20574962,  0.        ,  0.26806381, ...,  0.51038019,
          0.12125866,  0.42597271],
        [-0.06410907, -0.26806381,  0.        , ...,  0.2611797 ,
         -0.14926501,  0.16785563],
        ...,
        [-0.32252628, -0.51038019, -0.2611797 , ...,  0.        ,
         -0.40233781, -0.09544458],
        [ 0.08556709, -0.12125866,  0.14926501, ...,  0.40233781,
          0.        ,  0.31312236],
        [-0.2307098 , -0.42597271, -0.16785563, ...,  0.09544458,
         -0.31312236,  0.        ]],

       [[ 0.        , -0.14790894, -0.3511717 , ...,  0.90811162,
          0.97707288,  0.99965   ],
        [ 0.14790894,  0.        , -0.20882038, ...,  0.96005693,
          0.99781661,  0.99256777],
        [ 0.3511717 ,  0.20882038,  0.        , ...,  0.99732046,
          0.98961042,  0.94527363],
        ...,
        [-0.90811162, -0.96005693, -0.99732046, ...,  0.        ,
          0.21578631,  0.3945575 ],
        [-0.97707288, -0.99781661, -0.98961042, ..., -0.21578631,
          0.        ,  0.18698213],
        [-0.99965   , -0.99256777, -0.94527363, ..., -0.3945575 ,
         -0.18698213,  0.        ]],

       ...,

       [[ 0.        ,  0.        , -0.23076297, ...,  0.96156241,
          0.93004193,  0.94107908],
        [ 0.        ,  0.        , -0.23076297, ...,  0.96156241,
          0.93004193,  0.94107908],
        [ 0.23076297,  0.23076297,  0.        , ...,  0.99897423,
          0.98973474,  0.99372029],
        ...,
        [-0.96156241, -0.96156241, -0.99897423, ...,  0.        ,
         -0.09795245, -0.06677991],
        [-0.93004193, -0.93004193, -0.98973474, ...,  0.09795245,
          0.        ,  0.03127502],
        [-0.94107908, -0.94107908, -0.99372029, ...,  0.06677991,
         -0.03127502,  0.        ]],

       [[ 0.        , -0.01017357,  0.08595188, ...,  0.70555835,
          0.83430815,  0.98752115],
        [ 0.01017357,  0.        ,  0.09608335, ...,  0.71273135,
          0.83987364,  0.98907224],
        [-0.08595188, -0.09608335,  0.        , ...,  0.64203733,
          0.78383549,  0.97033037],
        ...,
        [-0.70555835, -0.71273135, -0.64203733, ...,  0.        ,
          0.20226082,  0.5886928 ],
        [-0.83430815, -0.83987364, -0.78383549, ..., -0.20226082,
          0.        ,  0.4130266 ],
        [-0.98752115, -0.98907224, -0.97033037, ..., -0.5886928 ,
         -0.4130266 ,  0.        ]],

       [[ 0.        , -0.1467363 , -0.39083487, ...,  0.29875291,
          0.29616506,  0.31061937],
        [ 0.1467363 ,  0.        , -0.25153931, ...,  0.43555403,
          0.43311251,  0.44673501],
        [ 0.39083487,  0.25153931,  0.        , ...,  0.64797598,
          0.64590909,  0.65741493],
        ...,
        [-0.29875291, -0.43555403, -0.64797598, ...,  0.        ,
         -0.00271054,  0.01245862],
        [-0.29616506, -0.43311251, -0.64590909, ...,  0.00271054,
          0.        ,  0.0151689 ],
        [-0.31061937, -0.44673501, -0.65741493, ..., -0.01245862,
         -0.0151689 ,  0.        ]]]), 'num': array([7.89039227e-01, 6.14339166e-01, 2.12272249e-06, 7.53017504e-04,
       7.57592337e-04, 7.37463072e-04, 4.88464064e-04, 1.18945657e-05,
       7.41122939e-04, 7.17333807e-04, 6.84654250e-04, 5.84712378e-07,
       7.58063697e-04, 6.76603918e-04])}
{'img': array([[[ 0.        , -0.29108117, -0.45690302, ...,  0.98216906,
          0.98216906,  0.91347424],
        [ 0.29108117,  0.        , -0.17819687, ...,  0.99436274,
          0.99436274,  0.75547939],
        [ 0.45690302,  0.17819687,  0.        , ...,  0.95955329,
          0.95955329,  0.62663816],
        ...,
        [-0.98216906, -0.99436274, -0.95955329, ...,  0.        ,
          0.        ,  0.57137421],
        [-0.98216906, -0.99436274, -0.95955329, ...,  0.        ,
          0.        ,  0.57137421],
        [-0.91347424, -0.75547939, -0.62663816, ..., -0.57137421,
         -0.57137421,  0.        ]],

       [[ 0.        ,  0.26806381,  0.28445878, ...,  0.12125866,
          0.42597271,  0.61109975],
        [-0.26806381,  0.        ,  0.01705829, ..., -0.14926501,
          0.16785563,  0.37654734],
        [-0.28445878, -0.01705829,  0.        , ..., -0.16611049,
          0.15101494,  0.36068979],
        ...,
        [-0.12125866,  0.14926501,  0.16611049, ...,  0.        ,
          0.31312236,  0.51060768],
        [-0.42597271, -0.16785563, -0.15101494, ..., -0.31312236,
          0.        ,  0.21570371],
        [-0.61109975, -0.37654734, -0.36068979, ..., -0.51060768,
         -0.21570371,  0.        ]],

       [[ 0.        , -0.20422597, -0.46039899, ...,  0.97237932,
          0.98265152,  0.98931444],
        [ 0.20422597,  0.        , -0.26940165, ...,  0.99955284,
          0.999817  ,  0.93868777],
        [ 0.46039899,  0.26940165,  0.        , ...,  0.97065287,
          0.95769795,  0.81110133],
        ...,
        [-0.97237932, -0.99955284, -0.97065287, ...,  0.        ,
          0.049018  ,  0.37268271],
        [-0.98265152, -0.999817  , -0.95769795, ..., -0.049018  ,
          0.        ,  0.32674802],
        [-0.98931444, -0.93868777, -0.81110133, ..., -0.37268271,
         -0.32674802,  0.        ]],

       ...,

       [[ 0.        , -0.23076297, -0.23076297, ...,  0.93004193,
          0.94107908,  0.95289127],
        [ 0.23076297,  0.        ,  0.        , ...,  0.98973474,
          0.99372029,  0.99716593],
        [ 0.23076297,  0.        ,  0.        , ...,  0.98973474,
          0.99372029,  0.99716593],
        ...,
        [-0.93004193, -0.98973474, -0.98973474, ...,  0.        ,
          0.03127502,  0.06805019],
        [-0.94107908, -0.99372029, -0.99372029, ..., -0.03127502,
          0.        ,  0.03681437],
        [-0.95289127, -0.99716593, -0.99716593, ..., -0.06805019,
         -0.03681437,  0.        ]],

       [[ 0.        ,  0.08873901,  0.12405061, ...,  0.73941214,
          0.83173111,  0.99734505],
        [-0.08873901,  0.        ,  0.03550764, ...,  0.67675128,
          0.77918385,  0.98694839],
        [-0.12405061, -0.03550764,  0.        , ...,  0.65018338,
          0.75643647,  0.98060799],
        ...,
        [-0.73941214, -0.67675128, -0.65018338, ...,  0.        ,
          0.14945967,  0.61762107],
        [-0.83173111, -0.77918385, -0.75643647, ..., -0.14945967,
          0.        ,  0.49313742],
        [-0.99734505, -0.98694839, -0.98060799, ..., -0.61762107,
         -0.49313742,  0.        ]],

       [[ 0.        , -0.25153931, -0.46965064, ...,  0.43311251,
          0.44673501,  0.41705391],
        [ 0.25153931,  0.        , -0.23247792, ...,  0.64590909,
          0.65741493,  0.6322639 ],
        [ 0.46965064,  0.23247792,  0.        , ...,  0.80568924,
          0.81458167,  0.79505392],
        ...,
        [-0.43311251, -0.64590909, -0.80568924, ...,  0.        ,
          0.0151689 , -0.01774074],
        [-0.44673501, -0.65741493, -0.81458167, ..., -0.0151689 ,
          0.        , -0.03290521],
        [-0.41705391, -0.6322639 , -0.79505392, ...,  0.01774074,
          0.03290521,  0.        ]]]), 'num': array([7.82500575e-01, 6.22645806e-01, 1.88507982e-06, 7.64855353e-04,
       7.74776826e-04, 7.35090935e-04, 8.94213319e-04, 2.25488017e-05,
       7.39239915e-04, 7.10557839e-04, 6.76824831e-04, 6.89423132e-07,
       7.57548070e-04, 6.63567608e-04])}
{'img': array([[[ 0.        , -0.1627721 , -0.14313386, ...,  0.97981982,
          0.99999401,  0.70832909],
        [ 0.1627721 ,  0.        ,  0.01987111, ...,  0.99928798,
          0.98722101,  0.58398464],
        [ 0.14313386, -0.01987111,  0.        , ...,  0.99834094,
          0.99019269,  0.6       ],
        ...,
        [-0.97981982, -0.99928798, -0.99834094, ...,  0.        ,
          0.19649118,  0.83322029],
        [-0.99999401, -0.98722101, -0.99019269, ..., -0.19649118,
          0.        ,  0.70832909],
        [-0.70832909, -0.58398464, -0.6       , ..., -0.83322029,
         -0.70832909,  0.        ]],

       [[ 0.        ,  0.01317553,  0.33704921, ...,  0.12795965,
          0.2822217 ,  0.93857435],
