state_0,state_1,state_2,state_3,state_4,state_5,state_6,state_7,state_8,state_9,state_10,state_11,state_12,state_13,state_14,state_15,state_16,state_17,state_18,state_19,state_20,state_21,state_22,state_23,state_24,state_25,state_26,state_27,state_28,state_29,state_30,state_31,state_32,state_33,state_34,state_35,state_36,state_37,state_38,state_39,state_40,state_41,state_42,state_43,state_44,state_45,state_46,state_47,state_48,state_49,state_50,state_51,state_52,state_53,state_54,state_55,state_56,state_57,state_58,state_59,state_60,state_61,state_62,state_63,state_64,state_65,state_66,state_67,state_68,state_69,state_70,state_71,state_72,state_73,state_74,state_75,state_76,state_77,state_78,state_79,state_80,state_81,state_82,state_83,state_84,state_85,state_86,state_87,state_88,state_89,state_90,state_91,state_92,state_93,state_94,state_95,state_96,state_97,state_98,state_99,state_100,state_101,state_102,state_103,state_104,state_105,state_106,state_107,state_108,state_109,state_110,state_111,state_112,state_113,state_114,state_115,state_116,state_117,state_118,state_119,state_120,state_121,state_122,state_123,state_124,state_125,state_126,state_127,state_128,state_129,state_130,state_131,state_132,state_133,state_134,state_135,state_136,state_137,state_138,state_139,state_140,state_141,state_142,state_143,state_144,state_145,state_146,state_147,state_148,state_149,state_150,state_151,state_152,state_153,state_154,state_155,state_156,state_157,state_158,state_159,state_160,state_161,state_162,state_163,state_164,state_165,state_166,state_167,state_168,state_169,state_170,state_171,state_172,state_173,state_174,state_175,state_176,state_177,state_178,state_179,state_180,state_181,state_182,state_183,state_184,state_185,state_186,state_187,state_188,state_189,state_190,state_191,state_192,state_193,state_194,state_195,state_196,state_197,state_198,state_199,state_200,state_201,state_202,state_203,state_204,state_205,state_206,state_207,state_208,state_209,state_210,state_211,state_212,state_213,state_214,state_215,state_216,state_217,state_218,state_219,state_220,state_221,state_222,state_223,state_224,state_225,state_226,state_227,state_228,state_229,state_230,state_231,state_232,state_233,state_234,state_235,state_236,state_237,state_238,state_239,state_240,state_241,state_242,state_243,state_244,state_245,state_246,state_247,state_248,state_249,state_250,state_251,state_252,state_253,state_254,state_255,state_256,state_257,state_258,state_259,state_260,state_261,state_262,state_263,state_264,state_265,state_266,state_267,state_268,state_269,state_270,state_271,state_272,state_273,state_274,state_275,state_276,state_277,state_278,state_279,state_280,state_281,state_282,state_283,state_284,state_285,state_286,state_287
{'img': array([[[ 0.        , -0.14156139, -0.28482042, ...,  0.45549517,
          0.74118542,  0.76912376],
        [ 0.14156139,  0.        , -0.14625409, ...,  0.57693146,
          0.82875151,  0.85185015],
        [ 0.28482042,  0.14625409,  0.        , ...,  0.69018701,
          0.90168624,  0.91929603],
        ...,
        [-0.45549517, -0.57693146, -0.69018701, ...,  0.        ,
          0.35405755,  0.39359648],
        [-0.74118542, -0.82875151, -0.90168624, ..., -0.35405755,
          0.        ,  0.04262154],
        [-0.76912376, -0.85185015, -0.91929603, ..., -0.39359648,
         -0.04262154,  0.        ]],

       [[ 0.        , -0.20252609,  0.22948012, ..., -0.57896244,
         -0.02082933, -0.31622985],
        [ 0.20252609,  0.        ,  0.42184592, ..., -0.40183402,
          0.18208447, -0.1175436 ],
        [-0.22948012, -0.42184592,  0.        , ..., -0.75061946,
         -0.2497038 , -0.52549454],
        ...,
        [ 0.57896244,  0.40183402,  0.75061946, ...,  0.        ,
          0.56185355,  0.29141225],
        [ 0.02082933, -0.18208447,  0.2497038 , ..., -0.56185355,
          0.        , -0.29640082],
        [ 0.31622985,  0.1175436 ,  0.52549454, ..., -0.29141225,
          0.29640082,  0.        ]],

       [[ 0.        , -0.11303291, -0.16125624, ...,  0.65091337,
          0.6817136 ,  0.74318067],
        [ 0.11303291,  0.        , -0.04866919, ...,  0.73255099,
          0.76004171,  0.81404709],
        [ 0.16125624,  0.04866919,  0.        , ...,  0.76481259,
          0.79076988,  0.84134941],
        ...,
        [-0.65091337, -0.73255099, -0.76481259, ...,  0.        ,
          0.04130358,  0.12866696],
        [-0.6817136 , -0.76004171, -0.79076988, ..., -0.04130358,
          0.        ,  0.0875969 ],
        [-0.74318067, -0.81404709, -0.84134941, ..., -0.12866696,
         -0.0875969 ,  0.        ]],

       ...,

       [[ 0.        ,  0.        , -0.22205273, ..., -0.7173665 ,
         -0.36438959, -0.58542037],
        [ 0.        ,  0.        , -0.22205273, ..., -0.7173665 ,
         -0.36438959, -0.58542037],
        [ 0.22205273,  0.22205273,  0.        , ..., -0.54475396,
         -0.14850663, -0.39078037],
        ...,
        [ 0.7173665 ,  0.7173665 ,  0.54475396, ...,  0.        ,
          0.41417635,  0.17373046],
        [ 0.36438959,  0.36438959,  0.14850663, ..., -0.41417635,
          0.        , -0.24974919],
        [ 0.58542037,  0.58542037,  0.39078037, ..., -0.17373046,
          0.24974919,  0.        ]],

       [[ 0.        ,  0.07416626, -0.00700175, ...,  0.53039244,
          0.56096427,  0.54767753],
        [-0.07416626,  0.        , -0.08114691, ...,  0.46605707,
          0.49802151,  0.48411503],
        [ 0.00700175,  0.08114691,  0.        , ...,  0.53631519,
          0.56674685,  0.55352239],
        ...,
        [-0.53039244, -0.46605707, -0.53631519, ...,  0.        ,
          0.03647863,  0.02052106],
        [-0.56096427, -0.49802151, -0.56674685, ..., -0.03647863,
          0.        , -0.01596354],
        [-0.54767753, -0.48411503, -0.55352239, ..., -0.02052106,
          0.01596354,  0.        ]],

       [[ 0.        ,  0.33548691,  0.67194927, ...,  0.14116094,
          0.1302725 ,  0.        ],
        [-0.33548691,  0.        ,  0.38454571, ...,  0.46510751,
          0.45535051,  0.33548691],
        [-0.67194927, -0.38454571,  0.        , ...,  0.76976421,
          0.76270252,  0.67194927],
        ...,
        [-0.14116094, -0.46510751, -0.76976421, ...,  0.        ,
          0.01098996,  0.14116094],
        [-0.1302725 , -0.45535051, -0.76270252, ..., -0.01098996,
          0.        ,  0.1302725 ],
        [-0.        , -0.33548691, -0.67194927, ..., -0.14116094,
         -0.1302725 ,  0.        ]]]), 'num': array([7.06609153e-01, 7.06609153e-01, 0.00000000e+00, 4.46546539e-04,
       4.56061024e-04, 4.40203548e-04, 3.74905251e-02, 1.52231774e-05,
       4.25107230e-04, 4.16607623e-04, 4.07304570e-04, 8.48425495e-07,
       4.37253448e-04, 3.95961797e-04])}
{'img': array([[[ 0.        , -0.14625409, -0.30068207, ...,  0.82875151,
          0.85185015,  0.9612438 ],
        [ 0.14625409,  0.        , -0.15796275, ...,  0.90168624,
          0.91929603,  0.99122982],
        [ 0.30068207,  0.15796275,  0.        , ...,  0.95866729,
          0.96992323,  0.99965967],
        ...,
        [-0.82875151, -0.90168624, -0.95866729, ...,  0.        ,
          0.04262154,  0.30944157],
        [-0.85185015, -0.91929603, -0.96992323, ..., -0.04262154,
          0.        ,  0.26863076],
        [-0.9612438 , -0.99122982, -0.99965967, ..., -0.30944157,
         -0.26863076,  0.        ]],

       [[ 0.        ,  0.42184592,  0.41279854, ...,  0.18208447,
         -0.1175436 ,  0.61798193],
        [-0.42184592,  0.        , -0.00995567, ..., -0.2497038 ,
         -0.52549454,  0.22865214],
        [-0.41279854,  0.00995567,  0.        , ..., -0.24005113,
         -0.51699824,  0.23833273],
        ...,
        [-0.18208447,  0.2497038 ,  0.24005113, ...,  0.        ,
         -0.29640082,  0.46449765],
        [ 0.1175436 ,  0.52549454,  0.51699824, ...,  0.29640082,
          0.        ,  0.70610978],
        [-0.61798193, -0.22865214, -0.23833273, ..., -0.46449765,
         -0.70610978,  0.        ]],

       [[ 0.        , -0.04866919, -0.16902678, ...,  0.76004171,
          0.81404709,  0.87576284],
        [ 0.04866919,  0.        , -0.12085756, ...,  0.79076988,
          0.84134941,  0.89821966],
        [ 0.16902678,  0.12085756,  0.        , ...,  0.85895198,
          0.9005047 ,  0.94475815],
        ...,
        [-0.76004171, -0.79076988, -0.85895198, ...,  0.        ,
          0.0875969 ,  0.20223201],
        [-0.81404709, -0.84134941, -0.9005047 , ..., -0.0875969 ,
          0.        ,  0.11566769],
        [-0.87576284, -0.89821966, -0.94475815, ..., -0.20223201,
         -0.11566769,  0.        ]],

       ...,

       [[ 0.        , -0.22205273, -0.22205273, ..., -0.36438959,
         -0.58542037, -0.06212737],
        [ 0.22205273,  0.        ,  0.        , ..., -0.14850663,
         -0.39078037,  0.16104743],
        [ 0.22205273,  0.        ,  0.        , ..., -0.14850663,
         -0.39078037,  0.16104743],
        ...,
        [ 0.36438959,  0.14850663,  0.14850663, ...,  0.        ,
         -0.24974919,  0.30582977],
        [ 0.58542037,  0.39078037,  0.39078037, ...,  0.24974919,
          0.        ,  0.53392096],
        [ 0.06212737, -0.16104743, -0.16104743, ..., -0.30582977,
         -0.53392096,  0.        ]],

       [[ 0.        , -0.08114691, -0.14071598, ...,  0.49802151,
          0.48411503,  0.58173854],
        [ 0.08114691,  0.        , -0.05991242, ...,  0.56674685,
          0.55352239,  0.64582299],
        [ 0.14071598,  0.05991242,  0.        , ...,  0.61509013,
          0.60242518,  0.69040522],
        ...,
        [-0.49802151, -0.56674685, -0.61509013, ...,  0.        ,
         -0.01596354,  0.09938444],
        [-0.48411503, -0.55352239, -0.60242518, ...,  0.01596354,
          0.        ,  0.11525629],
        [-0.58173854, -0.64582299, -0.69040522, ..., -0.09938444,
         -0.11525629,  0.        ]],

       [[ 0.        ,  0.6098191 ,  0.76445803, ...,  0.13219359,
          0.        ,  0.34475694],
        [-0.6098191 ,  0.        ,  0.21272984, ...,  0.70923607,
          0.6098191 ,  0.84566619],
        [-0.76445803, -0.21272984,  0.        , ...,  0.84297079,
          0.76445803,  0.93984629],
        ...,
        [-0.13219359, -0.70923607, -0.84297079, ...,  0.        ,
          0.13219359, -0.21764226],
        [-0.        , -0.6098191 , -0.76445803, ..., -0.13219359,
          0.        , -0.34475694],
        [-0.34475694, -0.84566619, -0.93984629, ...,  0.21764226,
          0.34475694,  0.        ]]]), 'num': array([7.06902489e-01, 7.06902489e-01, 0.00000000e+00, 4.48001039e-04,
       4.56250350e-04, 4.45462789e-04, 2.40053298e-02, 1.26912476e-06,
       4.32390804e-04, 4.17986238e-04, 4.08732204e-04, 8.26208733e-07,
       4.42595808e-04, 3.93376669e-04])}
{'img': array([[[ 0.        , -0.15796275, -0.01605168, ...,  0.91929603,
          0.99122982,  0.99417378],
        [ 0.15796275,  0.        ,  0.14209225, ...,  0.96992323,
          0.99965967,  0.99871867],
        [ 0.01605168, -0.14209225,  0.        , ...,  0.925495  ,
          0.99322333,  0.99577589],
        ...,
        [-0.91929603, -0.96992323, -0.925495  , ...,  0.        ,
          0.26863076,  0.29218364],
        [-0.99122982, -0.99965967, -0.99322333, ..., -0.26863076,
          0.        ,  0.02453559],
        [-0.99417378, -0.99871867, -0.99577589, ..., -0.29218364,
         -0.02453559,  0.        ]],

       [[ 0.        , -0.00995567, -0.23033091, ..., -0.52549454,
          0.22865214, -0.26668935],
        [ 0.00995567,  0.        , -0.22063151, ..., -0.51699824,
          0.23833273, -0.25708103],
        [ 0.23033091,  0.22063151,  0.        , ..., -0.31540039,
          0.44673325, -0.03752979],
        ...,
        [ 0.52549454,  0.51699824,  0.31540039, ...,  0.        ,
          0.70610978,  0.27956397],
        [-0.22865214, -0.23833273, -0.44673325, ..., -0.70610978,
          0.        , -0.4799952 ],
        [ 0.26668935,  0.25708103,  0.03752979, ..., -0.27956397,
          0.4799952 ,  0.        ]],

       [[ 0.        , -0.12085756, -0.13925521, ...,  0.84134941,
          0.89821966,  0.95153316],
        [ 0.12085756,  0.        , -0.01855446, ...,  0.9005047 ,
          0.94475815,  0.98172757],
        [ 0.13925521,  0.01855446,  0.        , ...,  0.90841802,
          0.95067707,  0.98508933],
        ...,
        [-0.84134941, -0.9005047 , -0.90841802, ...,  0.        ,
          0.11566769,  0.25554188],
        [-0.89821966, -0.94475815, -0.95067707, ..., -0.11566769,
          0.        ,  0.14199938],
        [-0.95153316, -0.98172757, -0.98508933, ..., -0.25554188,
         -0.14199938,  0.        ]],

       ...,

       [[ 0.        ,  0.        ,  0.01798689, ..., -0.39078037,
          0.16104743,  0.0943104 ],
        [ 0.        ,  0.        ,  0.01798689, ..., -0.39078037,
          0.16104743,  0.0943104 ],
        [-0.01798689, -0.01798689,  0.        , ..., -0.40727379,
          0.14326928,  0.07638842],
        ...,
        [ 0.39078037,  0.39078037,  0.40727379, ...,  0.        ,
          0.53392096,  0.4758498 ],
        [-0.16104743, -0.16104743, -0.14326928, ..., -0.53392096,
          0.        , -0.06725029],
        [-0.0943104 , -0.0943104 , -0.07638842, ..., -0.4758498 ,
          0.06725029,  0.        ]],

       [[ 0.        , -0.05991242, -0.04514267, ...,  0.55352239,
          0.64582299,  0.71563142],
        [ 0.05991242,  0.        ,  0.01478976, ...,  0.60242518,
          0.69040522,  0.7561934 ],
        [ 0.04514267, -0.01478976,  0.        , ...,  0.59055447,
          0.67963046,  0.74643304],
        ...,
        [-0.55352239, -0.60242518, -0.59055447, ...,  0.        ,
          0.11525629,  0.20937911],
        [-0.64582299, -0.69040522, -0.67963046, ..., -0.11525629,
          0.        ,  0.09528219],
        [-0.71563142, -0.7561934 , -0.74643304, ..., -0.20937911,
         -0.09528219,  0.        ]],

       [[ 0.        ,  0.55022038,  0.65026707, ...,  0.        ,
          0.36349406,  0.4731108 ],
        [-0.55022038,  0.        ,  0.12498012, ...,  0.55022038,
          0.81610801,  0.8798025 ],
        [-0.65026707, -0.12498012,  0.        , ...,  0.65026707,
          0.88193504,  0.93231216],
        ...,
        [-0.        , -0.55022038, -0.65026707, ...,  0.        ,
         -0.36349406, -0.4731108 ],
        [-0.36349406, -0.81610801, -0.88193504, ...,  0.36349406,
          0.        , -0.12050904],
        [-0.4731108 , -0.8798025 , -0.93231216, ...,  0.4731108 ,
          0.12050904,  0.        ]]]), 'num': array([7.06684862e-01, 7.06684862e-01, 0.00000000e+00, 4.66894128e-04,
       4.69431596e-04, 4.52938053e-04, 3.45176859e-02, 1.90310106e-05,
       4.44310662e-04, 4.20236433e-04, 4.10287444e-04, 1.00705765e-06,
       4.52841849e-04, 3.87631017e-04])}
{'img': array([[[ 0.        ,  0.14209225, -0.51629592, ...,  0.99965967,
          0.99871867,  0.87470896],
        [-0.14209225,  0.        , -0.63274654, ...,  0.99322333,
          0.99577589,  0.93469846],
        [ 0.51629592,  0.63274654,  0.        , ...,  0.84265009,
          0.82918494,  0.49888765],
        ...,
        [-0.99965967, -0.99322333, -0.84265009, ...,  0.        ,
          0.02453559,  0.46166493],
        [-0.99871867, -0.99577589, -0.82918494, ..., -0.02453559,
          0.        ,  0.43976154],
        [-0.87470896, -0.93469846, -0.49888765, ..., -0.46166493,
         -0.43976154,  0.        ]],

       [[ 0.        , -0.22063151, -0.10395805, ...,  0.23833273,
         -0.25708103,  0.1361621 ],
        [ 0.22063151,  0.        ,  0.11803983, ...,  0.44673325,
         -0.03752979,  0.35138337],
        [ 0.10395805, -0.11803983,  0.        , ...,  0.33800371,
         -0.15522408,  0.23841418],
        ...,
        [-0.23833273, -0.44673325, -0.33800371, ...,  0.        ,
         -0.4799952 , -0.10387464],
        [ 0.25708103,  0.03752979,  0.15522408, ...,  0.4799952 ,
          0.        ,  0.3862724 ],
        [-0.1361621 , -0.35138337, -0.23841418, ...,  0.10387464,
         -0.3862724 ,  0.        ]],

       [[ 0.        , -0.01855446, -0.28579007, ...,  0.94475815,
          0.98172757,  0.99736959],
        [ 0.01855446,  0.        , -0.26796027, ...,  0.95067707,
          0.98508933,  0.995853  ],
        [ 0.28579007,  0.26796027,  0.        , ...,  0.99902733,
          0.99516544,  0.93505642],
        ...,
        [-0.94475815, -0.95067707, -0.99902733, ...,  0.        ,
          0.14199938,  0.39538571],
        [-0.98172757, -0.98508933, -0.99516544, ..., -0.14199938,
          0.        ,  0.26095058],
        [-0.99736959, -0.995853  , -0.93505642, ..., -0.39538571,
         -0.26095058,  0.        ]],

       ...,

       [[ 0.        ,  0.01798689, -0.1140492 , ...,  0.16104743,
          0.0943104 ,  0.65686683],
        [-0.01798689,  0.        , -0.13190027, ...,  0.14326928,
          0.07638842,  0.64319833],
        [ 0.1140492 ,  0.13190027,  0.        , ...,  0.27255709,
          0.2072359 ,  0.73857469],
        ...,
        [-0.16104743, -0.14326928, -0.27255709, ...,  0.        ,
         -0.06725029,  0.5268617 ],
        [-0.0943104 , -0.07638842, -0.2072359 , ...,  0.06725029,
          0.        ,  0.58282841],
        [-0.65686683, -0.64319833, -0.73857469, ..., -0.5268617 ,
         -0.58282841,  0.        ]],

       [[ 0.        ,  0.01478976, -0.01371313, ...,  0.69040522,
          0.7561934 ,  0.86789098],
        [-0.01478976,  0.        , -0.0285    , ...,  0.67963046,
          0.74643304,  0.86044917],
        [ 0.01371313,  0.0285    ,  0.        , ...,  0.7002607 ,
          0.76509546,  0.87462144],
        ...,
        [-0.69040522, -0.67963046, -0.7002607 , ...,  0.        ,
          0.09528219,  0.28489013],
        [-0.7561934 , -0.74643304, -0.76509546, ..., -0.09528219,
          0.        ,  0.19226025],
        [-0.86789098, -0.86044917, -0.87462144, ..., -0.28489013,
         -0.19226025,  0.        ]],

       [[ 0.        ,  0.39677709,  0.55809733, ...,  0.3788781 ,
          0.49251438,  0.65287309],
        [-0.39677709,  0.        ,  0.18305001, ...,  0.71497389,
          0.79740315,  0.89982768],
        [-0.55809733, -0.18305001,  0.        , ...,  0.83087303,
          0.89439087,  0.96447858],
        ...,
        [-0.3788781 , -0.71497389, -0.83087303, ...,  0.        ,
         -0.12605651, -0.3172114 ],
        [-0.49251438, -0.79740315, -0.89439087, ...,  0.12605651,
          0.        , -0.19513472],
        [-0.65287309, -0.89982768, -0.96447858, ...,  0.3172114 ,
          0.19513472,  0.        ]]]), 'num': array([9.79985628e-01, 1.92749509e-01, 2.07167400e-05, 6.51685529e-04,
       6.57687895e-04, 6.32820948e-04, 4.97278418e-02, 2.05795430e-05,
       6.14985344e-04, 5.72754406e-04, 5.57334041e-04, 1.41507787e-06,
       6.29587931e-04, 5.15920882e-04])}
{'img': array([[[ 0.        , -0.61770772, -0.0656128 , ...,  0.98557922,
          0.97838121,  0.61770772],
        [ 0.61770772,  0.        ,  0.56477824, ...,  0.87959236,
          0.6416587 ,  0.        ],
        [ 0.0656128 , -0.56477824,  0.        , ...,  0.9945581 ,
          0.9627036 ,  0.56477824],
        ...,
        [-0.98557922, -0.87959236, -0.9945581 , ...,  0.        ,
          0.36938369,  0.87959236],
        [-0.97838121, -0.6416587 , -0.9627036 , ..., -0.36938369,
          0.        ,  0.6416587 ],
        [-0.61770772, -0.        , -0.56477824, ..., -0.87959236,
         -0.6416587 ,  0.        ]],

       [[ 0.        ,  0.11803983, -0.34125204, ..., -0.03752979,
          0.35138337,  0.42464763],
        [-0.11803983,  0.        , -0.44982041, ..., -0.15522408,
          0.23841418,  0.31481048],
        [ 0.34125204,  0.44982041,  0.        , ...,  0.30573469,
          0.64978143,  0.70811232],
        ...,
        [ 0.03752979,  0.15522408, -0.30573469, ...,  0.        ,
          0.3862724 ,  0.45832639],
        [-0.35138337, -0.23841418, -0.64978143, ..., -0.3862724 ,
          0.        ,  0.07944057],
        [-0.42464763, -0.31481048, -0.70811232, ..., -0.45832639,
         -0.07944057,  0.        ]],

       [[ 0.        , -0.26796027, -0.51594433, ...,  0.98508933,
          0.995853  ,  0.92928225],
        [ 0.26796027,  0.        , -0.26753553, ...,  0.99516544,
          0.93505642,  0.79632177],
        [ 0.51594433,  0.26753553,  0.        , ...,  0.93261425,
          0.80613068,  0.60546915],
        ...,
        [-0.98508933, -0.99516544, -0.93261425, ...,  0.        ,
          0.26095058,  0.52373997],
        [-0.995853  , -0.93505642, -0.80613068, ..., -0.26095058,
          0.        ,  0.28329541],
        [-0.92928225, -0.79632177, -0.60546915, ..., -0.52373997,
         -0.28329541,  0.        ]],

       ...,

       [[ 0.        , -0.13190027, -0.19406628, ...,  0.07638842,
          0.64319833,  0.78427356],
        [ 0.13190027,  0.        , -0.06297808, ...,  0.2072359 ,
          0.73857469,  0.85925428],
        [ 0.19406628,  0.06297808,  0.        , ...,  0.26843541,
          0.7795666 ,  0.88976494],
        ...,
        [-0.07638842, -0.2072359 , -0.26843541, ...,  0.        ,
          0.58282841,  0.73458948],
        [-0.64319833, -0.73857469, -0.7795666 , ..., -0.58282841,
          0.        ,  0.20146796],
        [-0.78427356, -0.85925428, -0.88976494, ..., -0.73458948,
         -0.20146796,  0.        ]],

       [[ 0.        , -0.0285    , -0.03414985, ...,  0.74643304,
          0.86044917,  0.96089417],
        [ 0.0285    ,  0.        , -0.0056526 , ...,  0.76509546,
          0.87462144,  0.96839595],
        [ 0.03414985,  0.0056526 ,  0.        , ...,  0.76872304,
          0.87734788,  0.96979034],
        ...,
        [-0.74643304, -0.76509546, -0.76872304, ...,  0.        ,
          0.19226025,  0.432738  ],
        [-0.86044917, -0.87462144, -0.87734788, ..., -0.19226025,
          0.        ,  0.25133842],
        [-0.96089417, -0.96839595, -0.96979034, ..., -0.432738  ,
         -0.25133842,  0.        ]],

       [[ 0.        ,  0.41877895,  0.57004881, ...,  0.50219665,
          0.66472612,  0.78255011],
        [-0.41877895,  0.        ,  0.17358128, ...,  0.8181794 ,
          0.91649432,  0.97135111],
        [-0.57004881, -0.17358128,  0.        , ...,  0.90556188,
          0.97202231,  0.99785697],
        ...,
        [-0.50219665, -0.8181794 , -0.90556188, ...,  0.        ,
         -0.19963955, -0.36405151],
        [-0.66472612, -0.91649432, -0.97202231, ...,  0.19963955,
          0.        , -0.17078288],
        [-0.78255011, -0.97135111, -0.99785697, ...,  0.36405151,
          0.17078288,  0.        ]]]), 'num': array([ 7.16376138e-01,  6.96547685e-01,  5.40284815e-07,  4.61126807e-04,
        4.76204523e-04,  4.59242092e-04,  4.03111023e-02, -1.63341921e-05,
        4.57357378e-04,  4.22427336e-04,  4.09988221e-04,  9.02711137e-07,
        4.67208688e-04,  3.77645985e-04])}
{'img': array([[[ 0.        ,  0.56477824,  0.7150932 , ...,  0.6416587 ,
          0.        ,  0.66417986],
        [-0.56477824,  0.        ,  0.19532902, ...,  0.9627036 ,
          0.56477824,  0.97032245],
        [-0.7150932 , -0.19532902,  0.        , ...,  0.99700766,
          0.7150932 ,  0.9988653 ],
        ...,
        [-0.6416587 , -0.9627036 , -0.99700766, ...,  0.        ,
          0.6416587 , -0.0297329 ],
        [-0.        , -0.56477824, -0.7150932 , ..., -0.6416587 ,
          0.        , -0.66417986],
        [-0.66417986, -0.97032245, -0.9988653 , ...,  0.0297329 ,
          0.66417986,  0.        ]],

       [[ 0.        , -0.44982041, -0.01369111, ...,  0.23841418,
          0.31481048,  0.44029037],
        [ 0.44982041,  0.        ,  0.43755046, ...,  0.64978143,
          0.70811232,  0.79710541],
        [ 0.01369111, -0.43755046,  0.        , ...,  0.25168814,
          0.32777595,  0.45254175],
        ...,
        [-0.23841418, -0.64978143, -0.25168814, ...,  0.        ,
          0.07944057,  0.21353251],
        [-0.31481048, -0.70811232, -0.32777595, ..., -0.07944057,
          0.        ,  0.13524931],
        [-0.44029037, -0.79710541, -0.45254175, ..., -0.21353251,
         -0.13524931,  0.        ]],

       [[ 0.        , -0.26753553, -0.07326232, ...,  0.93505642,
          0.79632177,  0.60919203],
        [ 0.26753553,  0.        ,  0.19622483, ...,  0.80613068,
          0.60546915,  0.37482399],
        [ 0.07326232, -0.19622483,  0.        , ...,  0.90657224,
          0.7498674 ,  0.54945626],
        ...,
        [-0.93505642, -0.80613068, -0.90657224, ...,  0.        ,
          0.28329541,  0.52556309],
        [-0.79632177, -0.60546915, -0.7498674 , ..., -0.28329541,
          0.        ,  0.26301731],
        [-0.60919203, -0.37482399, -0.54945626, ..., -0.52556309,
         -0.26301731,  0.        ]],

       ...,

       [[ 0.        , -0.06297808, -0.17536077, ...,  0.73857469,
          0.85925428,  0.4560457 ],
        [ 0.06297808,  0.        , -0.11301047, ...,  0.7795666 ,
          0.88976494,  0.51118816],
        [ 0.17536077,  0.11301047,  0.        , ...,  0.84535318,
          0.93564506,  0.60504236],
        ...,
        [-0.73857469, -0.7795666 , -0.84535318, ...,  0.        ,
          0.20146796, -0.34984616],
        [-0.85925428, -0.88976494, -0.93564506, ..., -0.20146796,
          0.        , -0.53140922],
        [-0.4560457 , -0.51118816, -0.60504236, ...,  0.34984616,
          0.53140922,  0.        ]],

       [[ 0.        , -0.0056526 , -0.03235548, ...,  0.87462144,
          0.96839595,  0.99237933],
        [ 0.0056526 ,  0.        , -0.02670532, ...,  0.87734788,
          0.96979034,  0.99306   ],
        [ 0.03235548,  0.02670532,  0.        , ...,  0.88984965,
          0.97595896,  0.9958466 ],
        ...,
        [-0.87462144, -0.87734788, -0.88984965, ...,  0.        ,
          0.25133842,  0.37334078],
        [-0.96839595, -0.96979034, -0.97595896, ..., -0.25133842,
          0.        ,  0.12819106],
        [-0.99237933, -0.99306   , -0.9958466 , ..., -0.37334078,
         -0.12819106,  0.        ]],

       [[ 0.        ,  0.41601655,  0.63884751, ...,  0.67817069,
          0.79667509,  0.80243451],
        [-0.41601655,  0.        ,  0.26088506, ...,  0.92243169,
          0.97590576,  0.97795327],
        [-0.63884751, -0.26088506,  0.        , ...,  0.99123121,
          0.99903317,  0.99856564],
        ...,
        [-0.67817069, -0.92243169, -0.99123121, ...,  0.        ,
         -0.1755884 , -0.18502097],
        [-0.79667509, -0.97590576, -0.99903317, ...,  0.1755884 ,
          0.        , -0.00958963],
        [-0.80243451, -0.97795327, -0.99856564, ...,  0.18502097,
          0.00958963,  0.        ]]]), 'num': array([ 9.28035329e-01,  3.70779975e-01,  1.55657920e-05,  5.91566193e-04,
        6.15526277e-04,  5.89913774e-04,  3.56365589e-02, -1.48717758e-05,
        6.03463614e-04,  5.57237178e-04,  5.41415261e-04,  1.09177719e-06,
        6.18192144e-04,  4.96282212e-04])}
{'img': array([[[ 0.        ,  0.50741447,  0.62999925, ...,  0.        ,
          0.69042471,  0.84679782],
        [-0.50741447,  0.        ,  0.14881577, ...,  0.50741447,
          0.96200623,  0.9995888 ],
        [-0.62999925, -0.14881577,  0.        , ...,  0.62999925,
          0.99192503,  0.99272556],
        ...,
        [-0.        , -0.50741447, -0.62999925, ...,  0.        ,
         -0.69042471, -0.84679782],
        [-0.69042471, -0.96200623, -0.99192503, ...,  0.69042471,
          0.        , -0.24532996],
        [-0.84679782, -0.9995888 , -0.99272556, ...,  0.84679782,
          0.24532996,  0.        ]],

       [[ 0.        ,  0.43755046,  0.29766103, ...,  0.70811232,
          0.79710541,  0.4306916 ],
        [-0.43755046,  0.        , -0.15006204, ...,  0.32777595,
          0.45254175, -0.00761369],
        [-0.29766103,  0.15006204,  0.        , ...,  0.46583634,
          0.58123423,  0.14253022],
        ...,
        [-0.70811232, -0.32777595, -0.46583634, ...,  0.        ,
          0.13524931, -0.33495952],
        [-0.79710541, -0.45254175, -0.58123423, ..., -0.13524931,
          0.        , -0.45931808],
        [-0.4306916 ,  0.00761369, -0.14253022, ...,  0.33495952,
          0.45931808,  0.        ]],

       [[ 0.        ,  0.19622483,  0.39237441, ...,  0.60546915,
          0.37482399,  0.29252592],
        [-0.19622483,  0.        ,  0.20425754, ...,  0.7498674 ,
          0.54945626,  0.47448039],
        [-0.39237441, -0.20425754,  0.        , ...,  0.86919245,
          0.70853395,  0.64427799],
        ...,
        [-0.60546915, -0.7498674 , -0.86919245, ...,  0.        ,
          0.26301731,  0.34617223],
        [-0.37482399, -0.54945626, -0.70853395, ..., -0.26301731,
          0.        ,  0.08722868],
        [-0.29252592, -0.47448039, -0.64427799, ..., -0.34617223,
         -0.08722868,  0.        ]],

       ...,

       [[ 0.        , -0.11301047, -0.05446836, ...,  0.88976494,
          0.51118816,  0.30348076],
        [ 0.11301047,  0.        ,  0.05872328, ...,  0.93564506,
          0.60504236,  0.40921722],
        [ 0.05446836, -0.05872328,  0.        , ...,  0.91330448,
          0.55724315,  0.35492974],
        ...,
        [-0.88976494, -0.93564506, -0.91330448, ...,  0.        ,
         -0.53140922, -0.70928706],
        [-0.51118816, -0.60504236, -0.55724315, ...,  0.53140922,
          0.        , -0.22624702],
        [-0.30348076, -0.40921722, -0.35492974, ...,  0.70928706,
          0.22624702,  0.        ]],

       [[ 0.        , -0.02670532, -0.01032638, ...,  0.96979034,
          0.99306   ,  0.99864686],
        [ 0.02670532,  0.        ,  0.01638119, ...,  0.97595896,
          0.9958466 ,  0.99967948],
        [ 0.01032638, -0.01638119,  0.        , ...,  0.97225765,
          0.99422152,  0.99913063],
        ...,
        [-0.96979034, -0.97595896, -0.97225765, ...,  0.        ,
          0.12819106,  0.19317661],
        [-0.99306   , -0.9958466 , -0.99422152, ..., -0.12819106,
          0.        ,  0.06580635],
        [-0.99864686, -0.99967948, -0.99913063, ..., -0.19317661,
         -0.06580635,  0.        ]],

       [[ 0.        ,  0.52137282,  0.6499394 , ...,  0.81058005,
          0.81632261,  0.82087975],
        [-0.52137282,  0.        ,  0.15837607, ...,  0.99702191,
          0.99773473,  0.99823707],
        [-0.6499394 , -0.15837607,  0.        , ...,  0.99665213,
          0.99579633,  0.99503824],
        ...,
        [-0.81058005, -0.99702191, -0.99665213, ...,  0.        ,
         -0.00987327, -0.01780691],
        [-0.81632261, -0.99773473, -0.99579633, ...,  0.00987327,
          0.        , -0.00793434],
        [-0.82087975, -0.99823707, -0.99503824, ...,  0.01780691,
          0.00793434,  0.        ]]]), 'num': array([9.06354492e-01, 4.20013883e-01, 1.32517877e-05, 5.84544001e-04,
       5.90915053e-04, 5.60652557e-04, 4.59060562e-02, 1.43348665e-05,
       5.86136764e-04, 5.40424468e-04, 5.24019009e-04, 1.09708983e-06,
       6.01974813e-04, 4.78874123e-04])}
{'img': array([[[ 0.00000000e+00,  1.58662623e-01, -4.71772279e-01, ...,
          9.51376362e-01,  9.97976433e-01,  9.51376362e-01],
        [-1.58662623e-01,  0.00000000e+00, -6.05692349e-01, ...,
          9.88198128e-01,  9.95423470e-01,  9.88198128e-01],
        [ 4.71772279e-01,  6.05692349e-01,  0.00000000e+00, ...,
          6.93527548e-01,  8.49938617e-01,  6.93527548e-01],
        ...,
        [-9.51376362e-01, -9.88198128e-01, -6.93527548e-01, ...,
          0.00000000e+00, -2.46914381e-01,  0.00000000e+00],
        [-9.97976433e-01, -9.95423470e-01, -8.49938617e-01, ...,
          2.46914381e-01,  0.00000000e+00,  2.46914381e-01],
        [-9.51376362e-01, -9.88198128e-01, -6.93527548e-01, ...,
          0.00000000e+00, -2.46914381e-01,  0.00000000e+00]],

       [[ 0.00000000e+00, -1.50062039e-01, -1.49784382e-01, ...,
          4.52541745e-01, -7.61368523e-03,  3.20467319e-01],
        [ 1.50062039e-01,  0.00000000e+00,  2.80830942e-04, ...,
          5.81234231e-01,  1.42530217e-01,  4.58986237e-01],
        [ 1.49784382e-01, -2.80830942e-04,  0.00000000e+00, ...,
          5.81005686e-01,  1.42252247e-01,  4.58736716e-01],
        ...,
        [-4.52541745e-01, -5.81234231e-01, -5.81005686e-01, ...,
          0.00000000e+00, -4.59318081e-01, -1.42899941e-01],
        [ 7.61368523e-03, -1.42530217e-01, -1.42252247e-01, ...,
          4.59318081e-01,  0.00000000e+00,  3.27670167e-01],
        [-3.20467319e-01, -4.58986237e-01, -4.58736716e-01, ...,
          1.42899941e-01, -3.27670167e-01,  0.00000000e+00]],

       [[ 0.00000000e+00,  3.42839651e-01,  3.29251035e-01, ...,
          4.29576852e-01,  3.62146443e-01,  0.00000000e+00],
        [-3.42839651e-01,  0.00000000e+00, -1.44273165e-02, ...,
          7.13136486e-01,  6.59766285e-01,  3.42839651e-01],
        [-3.29251035e-01,  1.44273165e-02,  0.00000000e+00, ...,
          7.02948350e-01,  6.48855909e-01,  3.29251035e-01],
        ...,
        [-4.29576852e-01, -7.13136486e-01, -7.02948350e-01, ...,
          0.00000000e+00,  7.33884842e-02,  4.29576852e-01],
        [-3.62146443e-01, -6.59766285e-01, -6.48855909e-01, ...,
         -7.33884842e-02,  0.00000000e+00,  3.62146443e-01],
        [-0.00000000e+00, -3.42839651e-01, -3.29251035e-01, ...,
         -4.29576852e-01, -3.62146443e-01,  0.00000000e+00]],

       ...,

       [[ 0.00000000e+00,  5.87232829e-02, -4.39066992e-01, ...,
          6.05042356e-01,  4.09217224e-01,  5.05426731e-01],
        [-5.87232829e-02,  0.00000000e+00, -4.91069481e-01, ...,
          5.57243150e-01,  3.54929741e-01,  4.53883985e-01],
        [ 4.39066992e-01,  4.91069481e-01,  0.00000000e+00, ...,
          8.93185113e-01,  7.68283950e-01,  8.32960361e-01],
        ...,
        [-6.05042356e-01, -5.57243150e-01, -8.93185113e-01, ...,
          0.00000000e+00, -2.26247022e-01, -1.19655241e-01],
        [-4.09217224e-01, -3.54929741e-01, -7.68283950e-01, ...,
          2.26247022e-01,  0.00000000e+00,  1.08068975e-01],
        [-5.05426731e-01, -4.53883985e-01, -8.32960361e-01, ...,
          1.19655241e-01, -1.08068975e-01,  0.00000000e+00]],

       [[ 0.00000000e+00,  1.63811948e-02, -4.44068833e-02, ...,
          9.95846603e-01,  9.99679485e-01,  9.95561411e-01],
        [-1.63811948e-02,  0.00000000e+00, -6.07659599e-02, ...,
          9.94221522e-01,  9.99130632e-01,  9.96969529e-01],
        [ 4.44068833e-02,  6.07659599e-02,  0.00000000e+00, ...,
          9.98907338e-01,  9.99817558e-01,  9.90400001e-01],
        ...,
        [-9.95846603e-01, -9.94221522e-01, -9.98907338e-01, ...,
          0.00000000e+00,  6.58063477e-02,  1.84366084e-01],
        [-9.99679485e-01, -9.99130632e-01, -9.99817558e-01, ...,
         -6.58063477e-02,  0.00000000e+00,  1.19288182e-01],
        [-9.95561411e-01, -9.96969529e-01, -9.90400001e-01, ...,
         -1.84366084e-01, -1.19288182e-01,  0.00000000e+00]],

       [[ 0.00000000e+00,  4.37394053e-01,  6.62048710e-01, ...,
          8.38976582e-01,  8.43481425e-01,  8.36996967e-01],
        [-4.37394053e-01,  0.00000000e+00,  2.67550809e-01, ...,
          9.92482068e-01,  9.93467363e-01,  9.92031538e-01],
        [-6.62048710e-01, -2.67550809e-01,  0.00000000e+00, ...,
          9.89045476e-01,  9.87781260e-01,  9.89574462e-01],
        ...,
        [-8.38976582e-01, -9.92482068e-01, -9.89045476e-01, ...,
          0.00000000e+00, -8.33192841e-03,  3.62773287e-03],
        [-8.43481425e-01, -9.93467363e-01, -9.87781260e-01, ...,
          8.33192841e-03,  0.00000000e+00,  1.19594805e-02],
        [-8.36996967e-01, -9.92031538e-01, -9.89574462e-01, ...,
         -3.62773287e-03, -1.19594805e-02,  0.00000000e+00]]]), 'num': array([9.06930078e-01, 4.19055216e-01, 1.32215410e-05, 5.86388056e-04,
       6.01484767e-04, 5.70496780e-04, 4.32205977e-02, 3.17825504e-06,
       5.85116754e-04, 5.42250039e-04, 5.24849092e-04, 1.06867091e-06,
       6.06593957e-04, 4.77906120e-04])}
{'img': array([[[ 0.00000000e+00, -6.05692349e-01, -2.05590325e-01, ...,
          9.95423470e-01,  9.88198128e-01,  9.76334510e-01],
        [ 6.05692349e-01,  0.00000000e+00,  4.29165635e-01, ...,
          8.49938617e-01,  6.93527548e-01,  6.45877738e-01],
        [ 2.05590325e-01, -4.29165635e-01,  0.00000000e+00, ...,
          9.93806021e-01,  9.35595824e-01,  9.11016023e-01],
        ...,
        [-9.95423470e-01, -8.49938617e-01, -9.93806021e-01, ...,
          0.00000000e+00,  2.46914381e-01,  3.08576695e-01],
        [-9.88198128e-01, -6.93527548e-01, -9.35595824e-01, ...,
         -2.46914381e-01,  0.00000000e+00,  6.41574995e-02],
        [-9.76334510e-01, -6.45877738e-01, -9.11016023e-01, ...,
         -3.08576695e-01, -6.41574995e-02,  0.00000000e+00]],

       [[ 0.00000000e+00,  2.80830942e-04, -1.67148109e-01, ...,
          1.42530217e-01,  4.58986237e-01,  3.93711364e-01],
        [-2.80830942e-04,  0.00000000e+00, -1.67424982e-01, ...,
          1.42252247e-01,  4.58736716e-01,  3.93453199e-01],
        [ 1.67148109e-01,  1.67424982e-01,  0.00000000e+00, ...,
          3.05966675e-01,  6.01030756e-01,  5.41820797e-01],
        ...,
        [-1.42530217e-01, -1.42252247e-01, -3.05966675e-01, ...,
          0.00000000e+00,  3.27670167e-01,  2.58673110e-01],
        [-4.58986237e-01, -4.58736716e-01, -6.01030756e-01, ...,
         -3.27670167e-01,  0.00000000e+00, -7.21255542e-02],
        [-3.93711364e-01, -3.93453199e-01, -5.41820797e-01, ...,
         -2.58673110e-01,  7.21255542e-02,  0.00000000e+00]],

       [[ 0.00000000e+00, -9.96267880e-02,  2.78631835e-01, ...,
          4.69363561e-01,  1.98262265e-01,  9.96267880e-02],
        [ 9.96267880e-02,  0.00000000e+00,  3.72926974e-01, ...,
          3.79057466e-01,  9.96267880e-02,  0.00000000e+00],
        [-2.78631835e-01, -3.72926974e-01,  0.00000000e+00, ...,
          6.96809127e-01,  4.63511397e-01,  3.72926974e-01],
        ...,
        [-4.69363561e-01, -3.79057466e-01, -6.96809127e-01, ...,
          0.00000000e+00,  2.84979655e-01,  3.79057466e-01],
        [-1.98262265e-01, -9.96267880e-02, -4.63511397e-01, ...,
         -2.84979655e-01,  0.00000000e+00,  9.96267880e-02],
        [-9.96267880e-02, -0.00000000e+00, -3.72926974e-01, ...,
         -3.79057466e-01, -9.96267880e-02,  0.00000000e+00]],

       ...,

       [[ 0.00000000e+00, -4.91069481e-01, -5.78912289e-01, ...,
          3.54929741e-01,  4.53883985e-01,  3.96537309e-01],
        [ 4.91069481e-01,  0.00000000e+00, -1.03889252e-01, ...,
          7.68283950e-01,  8.32960361e-01,  7.96242663e-01],
        [ 5.78912289e-01,  1.03889252e-01,  0.00000000e+00, ...,
          8.30627132e-01,  8.85938422e-01,  8.54784738e-01],
        ...,
        [-3.54929741e-01, -7.68283950e-01, -8.30627132e-01, ...,
          0.00000000e+00,  1.08068975e-01,  4.48878382e-02],
        [-4.53883985e-01, -8.32960361e-01, -8.85938422e-01, ...,
         -1.08068975e-01,  0.00000000e+00, -6.33350967e-02],
        [-3.96537309e-01, -7.96242663e-01, -8.54784738e-01, ...,
         -4.48878382e-02,  6.33350967e-02,  0.00000000e+00]],

       [[ 0.00000000e+00, -6.07659599e-02, -1.28546523e-01, ...,
          9.99130632e-01,  9.96969529e-01,  9.77718643e-01],
        [ 6.07659599e-02,  0.00000000e+00, -6.80471608e-02, ...,
          9.99817558e-01,  9.90400001e-01,  9.63155891e-01],
        [ 1.28546523e-01,  6.80471608e-02,  0.00000000e+00, ...,
          9.96200313e-01,  9.78698124e-01,  9.42622540e-01],
        ...,
        [-9.99130632e-01, -9.99817558e-01, -9.96200313e-01, ...,
          0.00000000e+00,  1.19288182e-01,  2.50497355e-01],
        [-9.96969529e-01, -9.90400001e-01, -9.78698124e-01, ...,
         -1.19288182e-01,  0.00000000e+00,  1.33223770e-01],
        [-9.77718643e-01, -9.63155891e-01, -9.42622540e-01, ...,
         -2.50497355e-01, -1.33223770e-01,  0.00000000e+00]],

       [[ 0.00000000e+00,  5.39094081e-01,  7.36507754e-01, ...,
