state_0,state_1,state_2,state_3,state_4,state_5,state_6,state_7,state_8,state_9,state_10,state_11,state_12,state_13,state_14,state_15,state_16,state_17,state_18,state_19,state_20,state_21,state_22,state_23,state_24,state_25,state_26,state_27,state_28,state_29,state_30,state_31,state_32,state_33,state_34,state_35,state_36,state_37,state_38,state_39,state_40,state_41,state_42,state_43,state_44,state_45,state_46,state_47,state_48,state_49,state_50,state_51,state_52,state_53,state_54,state_55,state_56,state_57,state_58,state_59,state_60,state_61,state_62,state_63,state_64,state_65,state_66,state_67,state_68,state_69,state_70,state_71,state_72,state_73,state_74,state_75,state_76,state_77,state_78,state_79,state_80,state_81,state_82,state_83,state_84,state_85,state_86,state_87,state_88,state_89,state_90,state_91,state_92,state_93,state_94,state_95,state_96,state_97,state_98,state_99,state_100,state_101,state_102,state_103,state_104,state_105,state_106,state_107,state_108,state_109,state_110,state_111,state_112,state_113,state_114,state_115,state_116,state_117,state_118,state_119,state_120,state_121,state_122,state_123,state_124,state_125,state_126,state_127,state_128,state_129,state_130,state_131,state_132,state_133,state_134,state_135,state_136,state_137,state_138,state_139,state_140,state_141,state_142,state_143,state_144,state_145,state_146,state_147,state_148,state_149,state_150,state_151,state_152,state_153,state_154,state_155,state_156,state_157,state_158,state_159,state_160,state_161,state_162,state_163,state_164,state_165,state_166,state_167,state_168,state_169,state_170,state_171,state_172,state_173,state_174,state_175,state_176,state_177,state_178,state_179,state_180,state_181,state_182,state_183,state_184,state_185,state_186,state_187,state_188,state_189,state_190,state_191,state_192,state_193,state_194,state_195,state_196,state_197,state_198,state_199,state_200,state_201,state_202,state_203,state_204,state_205,state_206,state_207,state_208,state_209,state_210,state_211,state_212,state_213,state_214,state_215,state_216,state_217,state_218,state_219,state_220,state_221,state_222,state_223,state_224,state_225,state_226,state_227,state_228,state_229,state_230,state_231,state_232,state_233,state_234,state_235,state_236,state_237,state_238,state_239,state_240,state_241,state_242,state_243,state_244,state_245,state_246,state_247,state_248,state_249,state_250,state_251,state_252,state_253,state_254,state_255,state_256,state_257,state_258,state_259,state_260,state_261,state_262,state_263,state_264,state_265,state_266,state_267,state_268,state_269,state_270,state_271,state_272,state_273,state_274,state_275,state_276,state_277,state_278,state_279,state_280,state_281,state_282,state_283,state_284,state_285,state_286,state_287
{'img': array([[[ 0.        , -0.09642112, -0.08250748, ..., -0.1952057 ,
         -0.223903  , -0.16672518],
        [ 0.09642112,  0.        ,  0.01396933, ..., -0.09972996,
         -0.12888663, -0.0708768 ],
        [ 0.08250748, -0.01396933,  0.        , ..., -0.11361991,
         -0.14272686, -0.08480407],
        ...,
        [ 0.1952057 ,  0.09972996,  0.11361991, ...,  0.        ,
         -0.02934592,  0.02895571],
        [ 0.223903  ,  0.12888663,  0.14272686, ...,  0.02934592,
          0.        ,  0.05827685],
        [ 0.16672518,  0.0708768 ,  0.08480407, ..., -0.02895571,
         -0.05827685,  0.        ]],

       [[ 0.        ,  0.02748783, -0.02879989, ...,  0.09607561,
         -0.07202415,  0.02464914],
        [-0.02748783,  0.        , -0.05626543, ...,  0.06867864,
         -0.09941338, -0.00283965],
        [ 0.02879989,  0.05626543,  0.        , ...,  0.12470242,
         -0.04326918,  0.05343005],
        ...,
        [-0.09607561, -0.06867864, -0.12470242, ...,  0.        ,
         -0.16751707, -0.07151131],
        [ 0.07202415,  0.09941338,  0.04326918, ...,  0.16751707,
          0.        ,  0.09658739],
        [-0.02464914,  0.00283965, -0.05343005, ...,  0.07151131,
         -0.09658739,  0.        ]],

       [[ 0.        , -0.0658318 , -0.06193732, ..., -0.61129617,
         -0.55816998, -0.44629791],
        [ 0.0658318 ,  0.        ,  0.00390244, ..., -0.5578707 ,
         -0.50233676, -0.38641792],
        [ 0.06193732, -0.00390244,  0.        , ..., -0.5611052 ,
         -0.50570727, -0.39001429],
        ...,
        [ 0.61129617,  0.5578707 ,  0.5611052 , ...,  0.        ,
          0.06547193,  0.19383842],
        [ 0.55816998,  0.50233676,  0.50570727, ..., -0.06547193,
          0.        ,  0.12919238],
        [ 0.44629791,  0.38641792,  0.39001429, ..., -0.19383842,
         -0.12919238,  0.        ]],

       ...,

       [[ 0.        ,  0.14421832, -0.36090689, ...,  0.82416264,
          0.76756581,  0.74038555],
        [-0.14421832,  0.        , -0.4916322 , ...,  0.73386825,
          0.66710196,  0.63570446],
        [ 0.36090689,  0.4916322 ,  0.        , ...,  0.97301637,
          0.94716384,  0.93308021],
        ...,
        [-0.82416264, -0.73386825, -0.97301637, ...,  0.        ,
         -0.09355029, -0.13466793],
        [-0.76756581, -0.66710196, -0.94716384, ...,  0.09355029,
          0.        , -0.04137922],
        [-0.74038555, -0.63570446, -0.93308021, ...,  0.13466793,
          0.04137922,  0.        ]],

       [[ 0.        , -0.51652564, -0.69525514, ..., -0.47552068,
         -0.23844364, -0.        ],
        [ 0.51652564,  0.        , -0.22406779, ..., -0.86156486,
         -0.70579969, -0.51652564],
        [ 0.69525514,  0.22406779,  0.        , ..., -0.95340579,
         -0.84658591, -0.69525514],
        ...,
        [ 0.47552068,  0.86156486,  0.95340579, ...,  0.        ,
         -0.25204497, -0.47552068],
        [ 0.23844364,  0.70579969,  0.84658591, ...,  0.25204497,
          0.        , -0.23844364],
        [ 0.        ,  0.51652564,  0.69525514, ...,  0.47552068,
          0.23844364,  0.        ]],

       [[ 0.        , -0.17545797, -0.31285177, ..., -0.81181883,
         -0.68502314, -0.65244439],
        [ 0.17545797,  0.        , -0.14134816, ..., -0.69677347,
         -0.54657146, -0.5093545 ],
        [ 0.31285177,  0.14134816,  0.        , ..., -0.58839003,
         -0.42271714, -0.38260244],
        ...,
        [ 0.81181883,  0.69677347,  0.58839003, ...,  0.        ,
          0.19143587,  0.23425762],
        [ 0.68502314,  0.54657146,  0.42271714, ..., -0.19143587,
          0.        ,  0.04381597],
        [ 0.65244439,  0.5093545 ,  0.38260244, ..., -0.23425762,
         -0.04381597,  0.        ]]]), 'num': array([7.07106556e-01, 7.07106556e-01, 0.00000000e+00, 1.80802608e-04,
       1.83364588e-04, 1.78240628e-04, 6.16229456e-04, 1.09799155e-06,
       1.78533426e-04, 1.74873454e-04, 1.85328773e-04, 3.98427312e-07,
       1.87333709e-04, 1.62413198e-04])}
{'img': array([[[ 0.        ,  0.01396933,  0.44094278, ..., -0.12888663,
         -0.0708768 , -0.02814147],
        [-0.01396933,  0.        ,  0.42836179, ..., -0.14272686,
         -0.08480407, -0.04210252],
        [-0.44094278, -0.42836179,  0.        , ..., -0.55294531,
         -0.50344826, -0.46602611],
        ...,
        [ 0.12888663,  0.14272686,  0.55294531, ...,  0.        ,
          0.05827685,  0.10092883],
        [ 0.0708768 ,  0.08480407,  0.50344826, ..., -0.05827685,
          0.        ,  0.04277802],
        [ 0.02814147,  0.04210252,  0.46602611, ..., -0.10092883,
         -0.04277802,  0.        ]],

       [[ 0.        , -0.05626543,  0.18544593, ..., -0.09941338,
         -0.00283965, -0.04050383],
        [ 0.05626543,  0.        ,  0.24044163, ..., -0.04326918,
          0.05343005,  0.01577959],
        [-0.18544593, -0.24044163,  0.        , ..., -0.28221627,
         -0.18823557, -0.22509502],
        ...,
        [ 0.09941338,  0.04326918,  0.28221627, ...,  0.        ,
          0.09658739,  0.05902861],
        [ 0.00283965, -0.05343005,  0.18823557, ..., -0.09658739,
          0.        , -0.03766635],
        [ 0.04050383, -0.01577959,  0.22509502, ..., -0.05902861,
          0.03766635,  0.        ]],

       [[ 0.        ,  0.00390244,  0.1268256 , ..., -0.50233676,
         -0.38641792, -0.23750631],
        [-0.00390244,  0.        ,  0.1229537 , ..., -0.50570727,
         -0.39001429, -0.24129528],
        [-0.1268256 , -0.1229537 ,  0.        , ..., -0.60794296,
         -0.50027187, -0.35878506],
        ...,
        [ 0.50233676,  0.50570727,  0.60794296, ...,  0.        ,
          0.12919238,  0.28259783],
        [ 0.38641792,  0.39001429,  0.50027187, ..., -0.12919238,
          0.        ,  0.15630323],
        [ 0.23750631,  0.24129528,  0.35878506, ..., -0.28259783,
         -0.15630323,  0.        ]],

       ...,

       [[ 0.        , -0.4916322 ,  0.05446341, ...,  0.66710196,
          0.63570446,  0.85196354],
        [ 0.4916322 ,  0.        ,  0.5383294 , ...,  0.94716384,
          0.93308021,  0.99931153],
        [-0.05446341, -0.5383294 ,  0.        , ...,  0.62553842,
          0.59271885,  0.82218193],
        ...,
        [-0.66710196, -0.94716384, -0.62553842, ...,  0.        ,
         -0.04137922,  0.2853889 ],
        [-0.63570446, -0.93308021, -0.59271885, ...,  0.04137922,
          0.        ,  0.32480281],
        [-0.85196354, -0.99931153, -0.82218193, ..., -0.2853889 ,
         -0.32480281,  0.        ]],

       [[ 0.        , -0.52105448, -0.678323  , ..., -0.32238945,
         -0.21171301, -0.        ],
        [ 0.52105448,  0.        , -0.19611257, ..., -0.76840083,
         -0.68994517, -0.52105448],
        [ 0.678323  ,  0.19611257,  0.        , ..., -0.87898549,
         -0.81850575, -0.678323  ],
        ...,
        [ 0.32238945,  0.76840083,  0.87898549, ...,  0.        ,
         -0.11467244, -0.32238945],
        [ 0.21171301,  0.68994517,  0.81850575, ...,  0.11467244,
          0.        , -0.21171301],
        [ 0.        ,  0.52105448,  0.678323  , ...,  0.32238945,
          0.21171301,  0.        ]],

       [[ 0.        , -0.14134816, -0.15593818, ..., -0.54657146,
         -0.5093545 , -0.47903997],
        [ 0.14134816,  0.        , -0.01475353, ..., -0.42271714,
         -0.38260244, -0.35015595],
        [ 0.15593818,  0.01475353,  0.        , ..., -0.40930057,
         -0.36892981, -0.33629833],
        ...,
        [ 0.54657146,  0.42271714,  0.40930057, ...,  0.        ,
          0.04381597,  0.0786226 ],
        [ 0.5093545 ,  0.38260244,  0.36892981, ..., -0.04381597,
          0.        ,  0.03486676],
        [ 0.47903997,  0.35015595,  0.33629833, ..., -0.0786226 ,
         -0.03486676,  0.        ]]]), 'num': array([7.07106513e-01, 7.07106513e-01, 0.00000000e+00, 1.81534591e-04,
       1.85194563e-04, 1.77142625e-04, 7.08607101e-04, 7.31994320e-07,
       1.79851004e-04, 1.74562345e-04, 1.85328762e-04, 4.73643383e-07,
       1.85988200e-04, 1.63136491e-04])}
{'img': array([[[ 0.        ,  0.42836179,  0.58032479, ..., -0.08480407,
         -0.04210252, -0.01396933],
        [-0.42836179,  0.        ,  0.17553425, ..., -0.50344826,
         -0.46602611, -0.44094278],
        [-0.58032479, -0.17553425,  0.        , ..., -0.64729743,
         -0.61409788, -0.59164457],
        ...,
        [ 0.08480407,  0.50344826,  0.64729743, ...,  0.        ,
          0.04277802,  0.0708768 ],
        [ 0.04210252,  0.46602611,  0.61409788, ..., -0.04277802,
          0.        ,  0.02814147],
        [ 0.01396933,  0.44094278,  0.59164457, ..., -0.0708768 ,
         -0.02814147,  0.        ]],

       [[ 0.        ,  0.24044163,  0.15805289, ...,  0.05343005,
          0.01577959,  0.04286711],
        [-0.24044163,  0.        , -0.08400324, ..., -0.18823557,
         -0.22509502, -0.19861107],
        [-0.15805289,  0.08400324,  0.        , ..., -0.10506866,
         -0.14245196, -0.11557931],
        ...,
        [-0.05343005,  0.18823557,  0.10506866, ...,  0.        ,
         -0.03766635, -0.01057506],
        [-0.01577959,  0.22509502,  0.14245196, ...,  0.03766635,
          0.        ,  0.02709669],
        [-0.04286711,  0.19861107,  0.11557931, ...,  0.01057506,
         -0.02709669,  0.        ]],

       [[ 0.        ,  0.1229537 ,  0.26430156, ..., -0.39001429,
         -0.24129528, -0.16728679],
        [-0.1229537 ,  0.        ,  0.14371467, ..., -0.50027187,
         -0.35878506, -0.28723856],
        [-0.26430156, -0.14371467,  0.        , ..., -0.61951662,
         -0.48920675, -0.42191519],
        ...,
        [ 0.39001429,  0.50027187,  0.61951662, ...,  0.        ,
          0.15630323,  0.23047916],
        [ 0.24129528,  0.35878506,  0.48920675, ..., -0.15630323,
          0.        ,  0.07555125],
        [ 0.16728679,  0.28723856,  0.42191519, ..., -0.23047916,
         -0.07555125,  0.        ]],

       ...,

       [[ 0.        ,  0.5383294 ,  0.21249747, ...,  0.93308021,
          0.99931153,  0.66977385],
        [-0.5383294 ,  0.        , -0.34695587, ...,  0.59271885,
          0.82218193,  0.96418619],
        [-0.21249747,  0.34695587,  0.        , ...,  0.83534155,
          0.96860507,  0.81227052],
        ...,
        [-0.93308021, -0.59271885, -0.83534155, ...,  0.        ,
          0.32480281,  0.93376929],
        [-0.99931153, -0.82218193, -0.96860507, ..., -0.32480281,
          0.        ,  0.76690298],
        [-0.66977385, -0.96418619, -0.81227052, ..., -0.93376929,
         -0.76690298,  0.        ]],

       [[ 0.        , -0.48447297, -0.62373103, ..., -0.36743796,
         -0.29998386, -0.        ],
        [ 0.48447297,  0.        , -0.16696081, ..., -0.77202015,
         -0.72458796, -0.48447297],
        [ 0.62373103,  0.16696081,  0.        , ..., -0.86730368,
         -0.82948375, -0.62373103],
        ...,
        [ 0.36743796,  0.77202015,  0.86730368, ...,  0.        ,
         -0.07151594, -0.36743796],
        [ 0.29998386,  0.72458796,  0.82948375, ...,  0.07151594,
          0.        , -0.29998386],
        [ 0.        ,  0.48447297,  0.62373103, ...,  0.36743796,
          0.29998386,  0.        ]],

       [[ 0.        , -0.01475353, -0.00978694, ..., -0.38260244,
         -0.35015595, -0.27218216],
        [ 0.01475353,  0.        ,  0.00496696, ..., -0.36892981,
         -0.33629833, -0.25795601],
        [ 0.00978694, -0.00496696,  0.        , ..., -0.37354183,
         -0.34097184, -0.26275169],
        ...,
        [ 0.38260244,  0.36892981,  0.37354183, ...,  0.        ,
          0.03486676,  0.11668491],
        [ 0.35015595,  0.33629833,  0.34097184, ..., -0.03486676,
          0.        ,  0.08198538],
        [ 0.27218216,  0.25795601,  0.26275169, ..., -0.11668491,
         -0.08198538,  0.        ]]]), 'num': array([ 7.07106438e-01,  7.07106438e-01,  0.00000000e+00,  1.79338589e-04,
        1.84462549e-04,  1.78606595e-04,  8.45724187e-04, -2.19598273e-06,
        1.79924185e-04,  1.74598927e-04,  1.85286042e-04,  4.47622378e-07,
        1.86080916e-04,  1.63116937e-04])}
{'img': array([[[ 0.        ,  0.17553425,  0.2029056 , ..., -0.46602611,
         -0.44094278, -0.51586636],
        [-0.17553425,  0.        ,  0.02787232, ..., -0.61409788,
         -0.59164457, -0.65823143],
        [-0.2029056 , -0.02787232,  0.        , ..., -0.63585696,
         -0.61388534, -0.67895842],
        ...,
        [ 0.46602611,  0.61409788,  0.63585696, ...,  0.        ,
          0.02814147, -0.05719343],
        [ 0.44094278,  0.59164457,  0.61388534, ..., -0.02814147,
          0.        , -0.08526619],
        [ 0.51586636,  0.65823143,  0.67895842, ...,  0.05719343,
          0.08526619,  0.        ]],

       [[ 0.        , -0.08400324, -0.15124769, ..., -0.22509502,
         -0.19861107, -0.16686494],
        [ 0.08400324,  0.        , -0.06767625, ..., -0.14245196,
         -0.11557931, -0.08344965],
        [ 0.15124769,  0.06767625,  0.        , ..., -0.0751393 ,
         -0.04809163, -0.01581814],
        ...,
        [ 0.22509502,  0.14245196,  0.0751393 , ...,  0.        ,
          0.02709669,  0.05935648],
        [ 0.19861107,  0.11557931,  0.04809163, ..., -0.02709669,
          0.        ,  0.03228577],
        [ 0.16686494,  0.08344965,  0.01581814, ..., -0.05935648,
         -0.03228577,  0.        ]],

       [[ 0.        ,  0.14371467,  0.29970592, ..., -0.35878506,
         -0.28723856, -0.28328516],
        [-0.14371467,  0.        ,  0.15948637, ..., -0.48920675,
         -0.42191519, -0.41817193],
        [-0.29970592, -0.15948637,  0.        , ..., -0.62204386,
         -0.5611107 , -0.55769169],
        ...,
        [ 0.35878506,  0.48920675,  0.62204386, ...,  0.        ,
          0.07555125,  0.0796636 ],
        [ 0.28723856,  0.42191519,  0.5611107 , ..., -0.07555125,
          0.        ,  0.00412477],
        [ 0.28328516,  0.41817193,  0.55769169, ..., -0.0796636 ,
         -0.00412477,  0.        ]],

       ...,

       [[ 0.        , -0.34695587,  0.03804797, ...,  0.82218193,
          0.96418619,  0.98373885],
        [ 0.34695587,  0.        ,  0.38238913, ...,  0.96860507,
          0.81227052,  0.98494536],
        [-0.03804797, -0.38238913,  0.        , ...,  0.79992875,
          0.97357936,  0.97619294],
        ...,
        [-0.82218193, -0.96860507, -0.79992875, ...,  0.        ,
          0.76690298,  0.41230075],
        [-0.96418619, -0.81227052, -0.97357936, ..., -0.76690298,
          0.        , -0.43408588],
        [-0.98373885, -0.98494536, -0.97619294, ..., -0.41230075,
          0.43408588,  0.        ]],

       [[ 0.        , -0.43462526, -0.66839399, ..., -0.30959407,
         -0.        , -0.08222576],
        [ 0.43462526,  0.        , -0.27868575, ..., -0.69209555,
         -0.43462526, -0.50720696],
        [ 0.66839399,  0.27868575,  0.        , ..., -0.86583337,
         -0.66839399, -0.72729076],
        ...,
        [ 0.30959407,  0.69209555,  0.86583337, ...,  0.        ,
         -0.30959407, -0.23035979],
        [ 0.        ,  0.43462526,  0.66839399, ...,  0.30959407,
          0.        ,  0.08222576],
        [ 0.08222576,  0.50720696,  0.72729076, ...,  0.23035979,
         -0.08222576,  0.        ]],

       [[ 0.        ,  0.00496696,  0.10992626, ..., -0.33629833,
         -0.25795601, -0.26004562],
        [-0.00496696,  0.        ,  0.10498804, ..., -0.34097184,
         -0.26275169, -0.26483849],
        [-0.10992626, -0.10498804,  0.        , ..., -0.43778393,
         -0.36259872, -0.36461407],
        ...,
        [ 0.33629833,  0.34097184,  0.43778393, ...,  0.        ,
          0.08198538,  0.07982904],
        [ 0.25795601,  0.26275169,  0.36259872, ..., -0.08198538,
          0.        , -0.00216343],
        [ 0.26004562,  0.26483849,  0.36461407, ..., -0.07982904,
          0.00216343,  0.        ]]]), 'num': array([ 7.07106535e-01,  7.07106535e-01,  0.00000000e+00,  1.75312645e-04,
        1.82266591e-04,  1.73482659e-04,  6.66832206e-04, -4.02596888e-06,
        1.79338614e-04,  1.74452552e-04,  1.84974970e-04,  3.76922460e-07,
        1.85819165e-04,  1.63085938e-04])}
{'img': array([[[ 0.        ,  0.02787232, -0.16236358, ..., -0.59164457,
         -0.65823143, -0.77364796],
        [-0.02787232,  0.        , -0.18980298, ..., -0.61388534,
         -0.67895842, -0.79100773],
        [ 0.16236358,  0.18980298,  0.        , ..., -0.4528967 ,
         -0.52726752, -0.66050632],
        ...,
        [ 0.59164457,  0.61388534,  0.4528967 , ...,  0.        ,
         -0.08526619, -0.24883887],
        [ 0.65823143,  0.67895842,  0.52726752, ...,  0.08526619,
          0.        , -0.16534852],
        [ 0.77364796,  0.79100773,  0.66050632, ...,  0.24883887,
          0.16534852,  0.        ]],

       [[ 0.        , -0.06767625, -0.02758891, ..., -0.11557931,
         -0.08344965, -0.12700563],
        [ 0.06767625,  0.        ,  0.04012483, ..., -0.04809163,
         -0.01581814, -0.05958624],
        [ 0.02758891, -0.04012483,  0.        , ..., -0.0881313 ,
         -0.0559252 , -0.09959179],
        ...,
        [ 0.11557931,  0.04809163,  0.0881313 , ...,  0.        ,
          0.03228577, -0.01151112],
        [ 0.08344965,  0.01581814,  0.0559252 , ..., -0.03228577,
          0.        , -0.04378876],
        [ 0.12700563,  0.05958624,  0.09959179, ...,  0.01151112,
          0.04378876,  0.        ]],

       [[ 0.        ,  0.15948637,  0.2929328 , ..., -0.42191519,
         -0.41817193, -0.44810403],
        [-0.15948637,  0.        ,  0.13669311, ..., -0.5611107 ,
         -0.55769169, -0.58494621],
        [-0.2929328 , -0.13669311,  0.        , ..., -0.66899026,
         -0.66591875, -0.69032354],
        ...,
        [ 0.42191519,  0.5611107 ,  0.66899026, ...,  0.        ,
          0.00412477, -0.02908259],
        [ 0.41817193,  0.55769169,  0.66591875, ..., -0.00412477,
          0.        , -0.03320537],
        [ 0.44810403,  0.58494621,  0.69032354, ...,  0.02908259,
          0.03320537,  0.        ]],

       ...,

       [[ 0.        ,  0.38238913,  0.46022226, ...,  0.81227052,
          0.98494536,  0.9205751 ],
        [-0.38238913,  0.        ,  0.08575951, ...,  0.97357936,
          0.97619294,  0.70126462],
        [-0.46022226, -0.08575951,  0.        , ...,  0.98957565,
          0.95399493,  0.63754303],
        ...,
        [-0.81227052, -0.97357936, -0.98957565, ...,  0.        ,
         -0.43408588, -0.85419879],
        [-0.98494536, -0.97619294, -0.95399493, ...,  0.43408588,
          0.        , -0.54382188],
        [-0.9205751 , -0.70126462, -0.63754303, ...,  0.85419879,
          0.54382188,  0.        ]],

       [[ 0.        , -0.54944419, -0.69089973, ..., -0.11360765,
         -0.14125056, -0.        ],
        [ 0.54944419,  0.        , -0.18004674, ..., -0.64080957,
         -0.66195453, -0.54944419],
        [ 0.69089973,  0.18004674,  0.        , ..., -0.76855935,
         -0.78608986, -0.69089973],
        ...,
        [ 0.11360765,  0.64080957,  0.76855935, ...,  0.        ,
          0.02786745, -0.11360765],
        [ 0.14125056,  0.66195453,  0.78608986, ..., -0.02786745,
          0.        , -0.14125056],
        [ 0.        ,  0.54944419,  0.69089973, ...,  0.11360765,
          0.14125056,  0.        ]],

       [[ 0.        ,  0.10498804,  0.11666593, ..., -0.26275169,
         -0.26483849, -0.2681549 ],
        [-0.10498804,  0.        ,  0.01175007, ..., -0.36259872,
         -0.36461407, -0.36781588],
        [-0.11666593, -0.01175007,  0.        , ..., -0.37352411,
         -0.37553008, -0.37871686],
        ...,
        [ 0.26275169,  0.36259872,  0.37352411, ...,  0.        ,
         -0.00216343, -0.00560425],
        [ 0.26483849,  0.36461407,  0.37553008, ...,  0.00216343,
          0.        , -0.00344084],
        [ 0.2681549 ,  0.36781588,  0.37871686, ...,  0.00560425,
          0.00344084,  0.        ]]]), 'num': array([7.07106591e-01, 7.07106591e-01, 0.00000000e+00, 1.76044653e-04,
       1.81534611e-04, 1.72750678e-04, 5.36727574e-04, 7.31994400e-07,
       1.78606634e-04, 1.74251267e-04, 1.84596788e-04, 3.96729789e-07,
       1.85352270e-04, 1.63150264e-04])}
{'img': array([[[ 0.        , -0.18980298, -0.26754918, ..., -0.67895842,
         -0.79100773, -0.77141592],
        [ 0.18980298,  0.        , -0.07980216, ..., -0.52726752,
         -0.66050632, -0.63661571],
        [ 0.26754918,  0.07980216,  0.        , ..., -0.45777807,
         -0.59848268, -0.57304344],
        ...,
        [ 0.67895842,  0.52726752,  0.45777807, ...,  0.        ,
         -0.16534852, -0.13431314],
        [ 0.79100773,  0.66050632,  0.59848268, ...,  0.16534852,
          0.        ,  0.03138594],
        [ 0.77141592,  0.63661571,  0.57304344, ...,  0.13431314,
         -0.03138594,  0.        ]],

       [[ 0.        ,  0.04012483,  0.26909371, ..., -0.01581814,
         -0.05958624, -0.10569633],
        [-0.04012483,  0.        ,  0.23023222, ..., -0.0559252 ,
         -0.09959179, -0.14551127],
        [-0.26909371, -0.23023222,  0.        , ..., -0.28429471,
         -0.32600392, -0.36938398],
        ...,
        [ 0.01581814,  0.0559252 ,  0.28429471, ...,  0.        ,
         -0.04378876, -0.08995357],
        [ 0.05958624,  0.09959179,  0.32600392, ...,  0.04378876,
          0.        , -0.04625605],
        [ 0.10569633,  0.14551127,  0.36938398, ...,  0.08995357,
          0.04625605,  0.        ]],

       [[ 0.        ,  0.13669311,  0.24879557, ..., -0.55769169,
         -0.58494621, -0.61869007],
        [-0.13669311,  0.        ,  0.11406531, ..., -0.66591875,
         -0.69032354, -0.72027361],
        [-0.24879557, -0.11406531,  0.        , ..., -0.74666795,
         -0.76834431, -0.79469854],
        ...,
        [ 0.55769169,  0.66591875,  0.74666795, ...,  0.        ,
         -0.03320537, -0.07540037],
        [ 0.58494621,  0.69032354,  0.76834431, ...,  0.03320537,
          0.        , -0.04224795],
        [ 0.61869007,  0.72027361,  0.79469854, ...,  0.07540037,
          0.04224795,  0.        ]],

       ...,

       [[ 0.        ,  0.08575951,  0.52335514, ...,  0.97619294,
          0.70126462,  0.79249014],
        [-0.08575951,  0.        ,  0.4483501 , ...,  0.95399493,
          0.63754303,  0.73726709],
        [-0.52335514, -0.4483501 ,  0.        , ...,  0.71831049,
          0.22445743,  0.35610617],
        ...,
        [-0.97619294, -0.95399493, -0.71831049, ...,  0.        ,
         -0.54382188, -0.42347087],
        [-0.70126462, -0.63754303, -0.22445743, ...,  0.54382188,
          0.        ,  0.13727649],
        [-0.79249014, -0.73726709, -0.35610617, ...,  0.42347087,
         -0.13727649,  0.        ]],

       [[ 0.        , -0.47771253, -0.57417007, ..., -0.24356824,
         -0.19550426, -0.        ],
        [ 0.47771253,  0.        , -0.11329724, ..., -0.67730428,
         -0.64024771, -0.47771253],
        [ 0.57417007,  0.11329724,  0.        , ..., -0.75629633,
         -0.72315661, -0.57417007],
        ...,
        [ 0.24356824,  0.67730428,  0.75629633, ...,  0.        ,
         -0.04925166, -0.24356824],
        [ 0.19550426,  0.64024771,  0.72315661, ...,  0.04925166,
          0.        , -0.19550426],
        [ 0.        ,  0.47771253,  0.57417007, ...,  0.24356824,
          0.19550426,  0.        ]],

       [[ 0.        ,  0.01175007, -0.03977716, ..., -0.36461407,
         -0.36781588, -0.36118028],
        [-0.01175007,  0.        , -0.05151518, ..., -0.37553008,
         -0.37871686, -0.37211224],
        [ 0.03977716,  0.05151518,  0.        , ..., -0.32728666,
         -0.33053605, -0.32380239],
        ...,
        [ 0.36461407,  0.37553008,  0.32728666, ...,  0.        ,
         -0.00344084,  0.00368499],
        [ 0.36781588,  0.37871686,  0.33053605, ...,  0.00344084,
          0.        ,  0.00712578],
        [ 0.36118028,  0.37211224,  0.32380239, ..., -0.00368499,
         -0.00712578,  0.        ]]]), 'num': array([7.60797881e-01, 6.48986666e-01, 4.54517131e-06, 1.93110906e-04,
       1.99783437e-04, 1.89185887e-04, 1.61198936e-03, 4.31752025e-06,
       1.91383897e-04, 1.86732751e-04, 1.97618135e-04, 5.50173520e-07,
       1.98277577e-04, 1.75187924e-04])}
{'img': array([[[ 0.        , -0.07980216, -0.06656358, ..., -0.66050632,
         -0.63661571, -0.50259885],
        [ 0.07980216,  0.        ,  0.01327388, ..., -0.59848268,
         -0.57304344, -0.43200537],
        [ 0.06656358, -0.01327388,  0.        , ..., -0.60906413,
         -0.58387123, -0.44393864],
        ...,
        [ 0.66050632,  0.59848268,  0.60906413, ...,  0.        ,
          0.03138594,  0.19365925],
        [ 0.63661571,  0.57304344,  0.58387123, ..., -0.03138594,
          0.        ,  0.16277207],
        [ 0.50259885,  0.43200537,  0.44393864, ..., -0.19365925,
         -0.16277207,  0.        ]],

       [[ 0.        ,  0.23023222,  0.00929199, ..., -0.09959179,
         -0.14551127,  0.05035689],
        [-0.23023222,  0.        , -0.22117991, ..., -0.32600392,
         -0.36938398, -0.18093603],
        [-0.00929199,  0.22117991,  0.        , ..., -0.10883329,
         -0.15469809,  0.04107451],
        ...,
        [ 0.09959179,  0.32600392,  0.10883329, ...,  0.        ,
         -0.04625605,  0.14957197],
        [ 0.14551127,  0.36938398,  0.15469809, ...,  0.04625605,
          0.        ,  0.19514758],
        [-0.05035689,  0.18093603, -0.04107451, ..., -0.14957197,
         -0.19514758,  0.        ]],

       [[ 0.        ,  0.11406531,  0.09749145, ..., -0.69032354,
         -0.72027361, -0.72618641],
        [-0.11406531,  0.        , -0.01666679, ..., -0.76834431,
         -0.79469854, -0.79986642],
        [-0.09749145,  0.01666679,  0.        , ..., -0.75757023,
         -0.78447134, -0.78975228],
        ...,
        [ 0.69032354,  0.76834431,  0.75757023, ...,  0.        ,
         -0.04224795, -0.05080049],
        [ 0.72027361,  0.79469854,  0.78447134, ...,  0.04224795,
          0.        , -0.00856174],
        [ 0.72618641,  0.79986642,  0.78975228, ...,  0.05080049,
          0.00856174,  0.        ]],

       ...,

       [[ 0.        ,  0.40800997,  0.33187067, ...,  0.5783955 ,
          0.6683788 ,  0.93259784],
        [-0.40800997,  0.        , -0.08189551, ...,  0.19522529,
          0.30672837,  0.99869866],
        [-0.33187067,  0.08189551,  0.        , ...,  0.27488922,
          0.38364596,  0.99952061],
        ...,
        [-0.5783955 , -0.19522529, -0.27488922, ...,  0.        ,
          0.11501157,  0.96952566],
        [-0.6683788 , -0.30672837, -0.38364596, ..., -0.11501157,
          0.        ,  0.93491537],
        [-0.93259784, -0.99869866, -0.99952061, ..., -0.96952566,
         -0.93491537,  0.        ]],

       [[ 0.        , -0.34933783, -0.61834318, ..., -0.28185374,
         -0.20000478, -0.        ],
        [ 0.34933783,  0.        , -0.30483815, ..., -0.59927082,
         -0.52968328, -0.34933783],
        [ 0.61834318,  0.30483815,  0.        , ..., -0.8147851 ,
         -0.76303491, -0.61834318],
        ...,
        [ 0.28185374,  0.59927082,  0.8147851 , ...,  0.        ,
         -0.0842628 , -0.28185374],
        [ 0.20000478,  0.52968328,  0.76303491, ...,  0.0842628 ,
          0.        , -0.20000478],
        [ 0.        ,  0.34933783,  0.61834318, ...,  0.28185374,
          0.20000478,  0.        ]],

       [[ 0.        , -0.05151518, -0.00250307, ..., -0.37871686,
         -0.37211224, -0.35084028],
        [ 0.05151518,  0.        ,  0.04901528, ..., -0.33053605,
         -0.32380239, -0.3021338 ],
        [ 0.00250307, -0.04901528,  0.        , ..., -0.37639905,
         -0.36978776, -0.34849522],
        ...,
        [ 0.37871686,  0.33053605,  0.37639905, ...,  0.        ,
          0.00712578,  0.02993675],
        [ 0.37211224,  0.32380239,  0.36978776, ..., -0.00712578,
          0.        ,  0.0228134 ],
        [ 0.35084028,  0.3021338 ,  0.34849522, ..., -0.02993675,
         -0.0228134 ,  0.        ]]]), 'num': array([7.60416463e-01, 6.49435146e-01, 4.49317070e-06, 1.93684671e-04,
       1.98781636e-04, 1.92900522e-04, 7.06902000e-04, 7.84148465e-07,
       1.91018566e-04, 1.86803768e-04, 1.97161062e-04, 5.34646681e-07,
       1.98735908e-04, 1.74871628e-04])}
{'img': array([[[ 0.        ,  0.01327388,  0.06647518, ..., -0.57304344,
         -0.43200537, -0.40617998],
        [-0.01327388,  0.        ,  0.0532248 , ..., -0.58387123,
         -0.44393864, -0.41827378],
        [-0.06647518, -0.0532248 ,  0.        , ..., -0.62625398,
         -0.49100185, -0.46602611],
        ...,
        [ 0.57304344,  0.58387123,  0.62625398, ...,  0.        ,
          0.16277207,  0.19076849],
        [ 0.43200537,  0.44393864,  0.49100185, ..., -0.16277207,
          0.        ,  0.02844157],
        [ 0.40617998,  0.41827378,  0.46602611, ..., -0.19076849,
         -0.02844157,  0.        ]],

       [[ 0.        , -0.22117991, -0.13803771, ..., -0.36938398,
         -0.18093603, -0.32791344],
        [ 0.22117991,  0.        ,  0.08444362, ..., -0.15469809,
          0.04107451, -0.11084164],
        [ 0.13803771, -0.08444362,  0.        , ..., -0.23757261,
         -0.04344455, -0.19436903],
        ...,
        [ 0.36938398,  0.15469809,  0.23757261, ...,  0.        ,
          0.19514758,  0.04423754],
        [ 0.18093603, -0.04107451,  0.04344455, ..., -0.19514758,
          0.        , -0.15156952],
        [ 0.32791344,  0.11084164,  0.19436903, ..., -0.04423754,
          0.15156952,  0.        ]],

       [[ 0.        , -0.01666679, -0.06996243, ..., -0.79469854,
         -0.79986642, -0.80499892],
        [ 0.01666679,  0.        , -0.05332677, ..., -0.78447134,
         -0.78975228, -0.7949991 ],
        [ 0.06996243,  0.05332677,  0.        , ..., -0.75028373,
         -0.75591654, -0.76151932],
        ...,
        [ 0.79469854,  0.78447134,  0.75028373, ...,  0.        ,
         -0.00856174, -0.01716203],
        [ 0.79986642,  0.78975228,  0.75591654, ...,  0.00856174,
          0.        , -0.00860092],
        [ 0.80499892,  0.7949991 ,  0.76151932, ...,  0.01716203,
          0.00860092,  0.        ]],

       ...,

       [[ 0.        , -0.08189551,  0.37108857, ...,  0.30672837,
          0.99869866,  0.90183525],
        [ 0.08189551,  0.        ,  0.44589002, ...,  0.38364596,
          0.99952061,  0.93419134],
        [-0.37108857, -0.44589002,  0.        , ..., -0.06837383,
          0.90846358,  0.67710197],
        ...,
        [-0.30672837, -0.38364596,  0.06837383, ...,  0.        ,
          0.93491537,  0.72583296],
        [-0.99869866, -0.99952061, -0.90846358, ..., -0.93491537,
          0.        , -0.38552428],
        [-0.90183525, -0.93419134, -0.67710197, ..., -0.72583296,
          0.38552428,  0.        ]],

       [[ 0.        , -0.53634786, -0.75029478, ..., -0.20319771,
         -0.        , -0.23626411],
        [ 0.53634786,  0.        , -0.27866516, ..., -0.69665669,
         -0.53634786, -0.72056946],
        [ 0.75029478,  0.27866516,  0.        , ..., -0.86897663,
         -0.75029478, -0.88524811],
        ...,
        [ 0.20319771,  0.69665669,  0.86897663, ...,  0.        ,
         -0.20319771,  0.03389015],
        [ 0.        ,  0.53634786,  0.75029478, ...,  0.20319771,
          0.        ,  0.23626411],
        [ 0.23626411,  0.72056946,  0.88524811, ..., -0.03389015,
         -0.23626411,  0.        ]],

       [[ 0.        ,  0.04901528,  0.16151708, ..., -0.32380239,
         -0.3021338 , -0.31433783],
        [-0.04901528,  0.        ,  0.11295123, ..., -0.36978776,
         -0.34849522, -0.36049076],
        [-0.16151708, -0.11295123,  0.        , ..., -0.47236614,
         -0.45213542, -0.46354052],
        ...,
        [ 0.32380239,  0.36978776,  0.47236614, ...,  0.        ,
          0.0228134 ,  0.00998644],
        [ 0.3021338 ,  0.34849522,  0.45213542, ..., -0.0228134 ,
          0.        , -0.01282842],
        [ 0.31433783,  0.36049076,  0.46354052, ..., -0.00998644,
          0.01282842,  0.        ]]]), 'num': array([ 7.24400880e-01,  6.89378626e-01,  1.43533829e-06,  1.82407574e-04,
        1.86145434e-04,  1.81660002e-04,  4.58336408e-04, -2.24271607e-06,
        1.81959031e-04,  1.78688403e-04,  1.87734025e-04,  4.24935677e-07,
        1.89643522e-04,  1.67733284e-04])}
{'img': array([[[ 0.        ,  0.0532248 , -0.09264807, ..., -0.44393864,
         -0.41827378, -0.49507276],
        [-0.0532248 ,  0.        , -0.14551262, ..., -0.49100185,
         -0.46602611, -0.54061548],
        [ 0.09264807,  0.14551262,  0.        , ..., -0.35901126,
         -0.33232056, -0.412446  ],
        ...,
        [ 0.44393864,  0.49100185,  0.35901126, ...,  0.        ,
          0.02844157, -0.05789675],
        [ 0.41827378,  0.46602611,  0.33232056, ..., -0.02844157,
          0.        , -0.08626718],
        [ 0.49507276,  0.54061548,  0.412446  , ...,  0.05789675,
          0.08626718,  0.        ]],

       [[ 0.        ,  0.08419266, -0.03348646, ...,  0.0409329 ,
         -0.10998776, -0.22999133],
        [-0.08419266,  0.        , -0.11751301, ..., -0.04333452,
         -0.1932791 , -0.31111042],
        [ 0.03348646,  0.11751301,  0.        , ...,  0.07436834,
         -0.07664277, -0.19727356],
        ...,
        [-0.0409329 ,  0.04333452, -0.07436834, ...,  0.        ,
         -0.15058014, -0.26963418],
        [ 0.10998776,  0.1932791 ,  0.07664277, ...,  0.15058014,
          0.        , -0.12155668],
        [ 0.22999133,  0.31111042,  0.19727356, ...,  0.26963418,
          0.12155668,  0.        ]],

       [[ 0.        , -0.05332677, -0.15637842, ..., -0.78975228,
         -0.7949991 , -0.80021131],
        [ 0.05332677,  0.        , -0.10348522, ..., -0.75591654,
         -0.76151932, -0.76709167],
        [ 0.15637842,  0.10348522,  0.        , ..., -0.68410955,
         -0.69035758, -0.69658351],
        ...,
        [ 0.78975228,  0.75591654,  0.68410955, ...,  0.        ,
         -0.00860092, -0.01724157],
        [ 0.7949991 ,  0.76151932,  0.69035758, ...,  0.00860092,
          0.        , -0.00864129],
        [ 0.80021131,  0.76709167,  0.69658351, ...,  0.01724157,
          0.00864129,  0.        ]],

       ...,

       [[ 0.        ,  0.44589002,  0.31543122, ...,  0.99952061,
          0.93419134,  0.48945468],
        [-0.44589002,  0.        , -0.14078802, ...,  0.90846358,
          0.67710197,  0.04927598],
        [-0.31543122,  0.14078802,  0.        , ...,  0.95825939,
          0.77396226,  0.18940217],
        ...,
        [-0.99952061, -0.90846358, -0.95825939, ...,  0.        ,
         -0.38552428, -0.88676439],
        [-0.93419134, -0.67710197, -0.77396226, ...,  0.38552428,
          0.        , -0.64001777],
        [-0.48945468, -0.04927598, -0.18940217, ...,  0.88676439,
          0.64001777,  0.        ]],

       [[ 0.        , -0.59781577, -0.94654949, ..., -0.        ,
         -0.24590576, -0.27720559],
        [ 0.59781577,  0.        , -0.56595517, ..., -0.59781577,
         -0.77658539, -0.79660504],
        [ 0.94654949,  0.56595517,  0.        , ..., -0.94654949,
         -0.99680352, -0.99886986],
        ...,
        [ 0.        ,  0.59781577,  0.94654949, ...,  0.        ,
          0.24590576,  0.27720559],
        [ 0.24590576,  0.77658539,  0.99680352, ..., -0.24590576,
          0.        ,  0.03242478],
        [ 0.27720559,  0.79660504,  0.99886986, ..., -0.27720559,
         -0.03242478,  0.        ]],

       [[ 0.        ,  0.11295123,  0.59419554, ..., -0.34849522,
         -0.36049076, -0.25913578],
        [-0.11295123,  0.        ,  0.499544  , ..., -0.45213542,
         -0.46354052, -0.36657037],
        [-0.59419554, -0.499544  ,  0.        , ..., -0.83724765,
         -0.84419364, -0.78232661],
        ...,
        [ 0.34849522,  0.45213542,  0.83724765, ...,  0.        ,
         -0.01282842,  0.09370024],
        [ 0.36049076,  0.46354052,  0.84419364, ...,  0.01282842,
          0.        ,  0.10646451],
        [ 0.25913578,  0.36657037,  0.78232661, ..., -0.09370024,
         -0.10646451,  0.        ]]]), 'num': array([ 7.21799180e-01,  6.92102210e-01,  1.23737378e-06,  1.78897415e-04,
        1.82624444e-04,  1.78152009e-04,  4.62628714e-04, -2.98162358e-06,
        1.81506335e-04,  1.78561982e-04,  1.86904316e-04,  4.32816326e-07,
        1.88989409e-04,  1.68134555e-04])}
{'img': array([[[ 0.        , -0.14551262, -0.01333986, ..., -0.46602611,
         -0.54061548, -0.63835262],
        [ 0.14551262,  0.        ,  0.1323018 , ..., -0.33232056,
         -0.412446  , -0.51955077],
        [ 0.01333986, -0.1323018 ,  0.        , ..., -0.45418192,
         -0.52934495, -0.62802754],
        ...,
        [ 0.46602611,  0.33232056,  0.45418192, ...,  0.        ,
         -0.08626718, -0.20607504],
        [ 0.54061548,  0.412446  ,  0.52934495, ...,  0.08626718,
          0.        , -0.12089123],
        [ 0.63835262,  0.51955077,  0.62802754, ...,  0.20607504,
          0.12089123,  0.        ]],

       [[ 0.        , -0.11751301, -0.09055574, ..., -0.1932791 ,
         -0.31111042, -0.29233663],
