state_0,state_1,state_2,state_3,state_4,state_5,state_6,state_7,state_8,state_9,state_10,state_11,state_12,state_13,state_14,state_15,state_16,state_17,state_18,state_19,state_20,state_21,state_22,state_23,state_24,state_25,state_26,state_27,state_28,state_29,state_30,state_31,state_32,state_33,state_34,state_35,state_36,state_37,state_38,state_39,state_40,state_41,state_42,state_43,state_44,state_45,state_46,state_47,state_48,state_49,state_50,state_51,state_52,state_53,state_54,state_55,state_56,state_57,state_58,state_59,state_60,state_61,state_62,state_63,state_64,state_65,state_66,state_67,state_68,state_69,state_70,state_71,state_72,state_73,state_74,state_75,state_76,state_77,state_78,state_79,state_80,state_81,state_82,state_83,state_84,state_85,state_86,state_87,state_88,state_89,state_90,state_91,state_92,state_93,state_94,state_95,state_96,state_97,state_98,state_99,state_100,state_101,state_102,state_103,state_104,state_105,state_106,state_107,state_108,state_109,state_110,state_111,state_112,state_113,state_114,state_115,state_116,state_117,state_118,state_119,state_120,state_121,state_122,state_123,state_124,state_125,state_126,state_127,state_128,state_129,state_130,state_131,state_132,state_133,state_134,state_135,state_136,state_137,state_138,state_139,state_140,state_141,state_142,state_143,state_144,state_145,state_146,state_147,state_148,state_149,state_150,state_151,state_152,state_153,state_154,state_155,state_156,state_157,state_158,state_159,state_160,state_161,state_162,state_163,state_164,state_165,state_166,state_167,state_168,state_169,state_170,state_171,state_172,state_173,state_174,state_175,state_176,state_177,state_178,state_179,state_180,state_181,state_182,state_183,state_184,state_185,state_186,state_187,state_188,state_189,state_190,state_191,state_192,state_193,state_194,state_195,state_196,state_197,state_198,state_199,state_200,state_201,state_202,state_203,state_204,state_205,state_206,state_207,state_208,state_209,state_210,state_211,state_212,state_213,state_214,state_215,state_216,state_217,state_218,state_219,state_220,state_221,state_222,state_223,state_224,state_225,state_226,state_227,state_228,state_229,state_230,state_231,state_232,state_233,state_234,state_235,state_236,state_237,state_238,state_239,state_240,state_241,state_242,state_243,state_244,state_245,state_246,state_247,state_248,state_249,state_250,state_251,state_252,state_253,state_254,state_255,state_256,state_257,state_258,state_259,state_260,state_261,state_262,state_263,state_264,state_265,state_266,state_267,state_268,state_269,state_270,state_271,state_272,state_273,state_274,state_275,state_276,state_277,state_278,state_279,state_280,state_281,state_282,state_283,state_284,state_285,state_286,state_287
{'img': array([[[ 0.00000000e+00,  2.52673422e-01,  3.03591276e-01, ...,
          9.17285559e-01,  8.86292010e-01,  9.40702368e-01],
        [-2.52673422e-01,  0.00000000e+00,  5.29923995e-02, ...,
          9.88143290e-01,  9.74553116e-01,  9.95893275e-01],
        [-3.03591276e-01, -5.29923995e-02,  0.00000000e+00, ...,
          9.94891026e-01,  9.85062388e-01,  9.99291627e-01],
        ...,
        [-9.17285559e-01, -9.88143290e-01, -9.94891026e-01, ...,
          0.00000000e+00,  7.18714201e-02, -6.34424202e-02],
        [-8.86292010e-01, -9.74553116e-01, -9.85062388e-01, ...,
         -7.18714201e-02,  0.00000000e+00, -1.35004987e-01],
        [-9.40702368e-01, -9.95893275e-01, -9.99291627e-01, ...,
          6.34424202e-02,  1.35004987e-01,  0.00000000e+00]],

       [[ 0.00000000e+00, -3.10644913e-02,  3.53355228e-02, ...,
          7.46528226e-02,  1.08557978e-01, -2.33074627e-04],
        [ 3.10644913e-02,  0.00000000e+00,  6.63635610e-02, ...,
          1.05594602e-01,  1.39386490e-01,  3.08315283e-02],
        [-3.53355228e-02, -6.63635610e-02,  0.00000000e+00, ...,
          3.93692803e-02,  7.33634900e-02, -3.55684509e-02],
        ...,
        [-7.46528226e-02, -1.05594602e-01, -3.93692803e-02, ...,
          0.00000000e+00,  3.40434227e-02, -7.48852448e-02],
        [-1.08557978e-01, -1.39386490e-01, -7.33634900e-02, ...,
         -3.40434227e-02,  0.00000000e+00, -1.08789672e-01],
        [ 2.33074627e-04, -3.08315283e-02,  3.55684509e-02, ...,
          7.48852448e-02,  1.08789672e-01,  0.00000000e+00]],

       [[ 0.00000000e+00,  1.91586337e-01,  2.56077043e-01, ...,
          6.82611878e-01,  7.66817849e-01,  8.24886810e-01],
        [-1.91586337e-01,  0.00000000e+00,  6.61352574e-02, ...,
          8.09974690e-01,  8.75585655e-01,  9.17909772e-01],
        [-2.56077043e-01, -6.61352574e-02,  0.00000000e+00, ...,
          8.46987388e-01,  9.05616195e-01,  9.42141916e-01],
        ...,
        [-6.82611878e-01, -8.09974690e-01, -8.46987388e-01, ...,
          0.00000000e+00, -1.22231477e-01, -2.16932612e-01],
        [-7.66817849e-01, -8.75585655e-01, -9.05616195e-01, ...,
          1.22231477e-01,  0.00000000e+00, -9.59852412e-02],
        [-8.24886810e-01, -9.17909772e-01, -9.42141916e-01, ...,
          2.16932612e-01,  9.59852412e-02,  0.00000000e+00]],

       ...,

       [[ 0.00000000e+00,  1.41155093e-01,  2.49303967e-02, ...,
         -5.89505358e-01, -5.44202867e-01, -9.70027883e-01],
        [-1.41155093e-01,  0.00000000e+00, -1.16430440e-01, ...,
         -6.97623001e-01, -6.57176614e-01, -9.94615263e-01],
        [-2.49303967e-02,  1.16430440e-01,  0.00000000e+00, ...,
         -6.09460022e-01, -5.64949170e-01, -9.75784315e-01],
        ...,
        [ 5.89505358e-01,  6.97623001e-01,  6.09460022e-01, ...,
          0.00000000e+00,  5.49799386e-02, -6.40308005e-01],
        [ 5.44202867e-01,  6.57176614e-01,  5.64949170e-01, ...,
         -5.49799386e-02,  0.00000000e+00, -6.81570607e-01],
        [ 9.70027883e-01,  9.94615263e-01,  9.75784315e-01, ...,
          6.40308005e-01,  6.81570607e-01,  0.00000000e+00]],

       [[ 0.00000000e+00,  9.25786488e-02,  1.38754925e-01, ...,
          6.85579645e-01,  7.17580924e-01,  7.06905591e-01],
        [-9.25786488e-02,  0.00000000e+00,  4.64759118e-02, ...,
          7.50032374e-01,  7.78977910e-01,  7.69351308e-01],
        [-1.38754925e-01, -4.64759118e-02,  0.00000000e+00, ...,
          7.79961117e-01,  8.07278939e-01,  7.98209973e-01],
        ...,
        [-6.85579645e-01, -7.50032374e-01, -7.79961117e-01, ...,
          0.00000000e+00, -4.49080347e-02, -2.97096875e-02],
        [-7.17580924e-01, -7.78977910e-01, -8.07278939e-01, ...,
          4.49080347e-02,  0.00000000e+00,  1.52084967e-02],
        [-7.06905591e-01, -7.69351308e-01, -7.98209973e-01, ...,
          2.97096875e-02, -1.52084967e-02,  0.00000000e+00]],

       [[ 0.00000000e+00,  4.10816546e-03,  9.31307626e-03, ...,
          9.63736796e-01,  7.88936241e-01,  9.14906027e-01],
        [-4.10816546e-03,  0.00000000e+00,  5.20501038e-03, ...,
          9.64824946e-01,  7.91453949e-01,  9.16556637e-01],
        [-9.31307626e-03, -5.20501038e-03,  0.00000000e+00, ...,
          9.66180238e-01,  7.94624680e-01,  9.18625731e-01],
        ...,
        [-9.63736796e-01, -9.64824946e-01, -9.66180238e-01, ...,
          0.00000000e+00,  3.81660950e-01,  1.44881737e-01],
        [-7.88936241e-01, -7.91453949e-01, -7.94624680e-01, ...,
         -3.81660950e-01,  0.00000000e+00, -2.43719501e-01],
        [-9.14906027e-01, -9.16556637e-01, -9.18625731e-01, ...,
         -1.44881737e-01,  2.43719501e-01,  0.00000000e+00]]]), 'num': array([ 7.06932213e-01,  7.06932213e-01,  0.00000000e+00,  1.21094870e-03,
        1.25676838e-03,  1.19785736e-03,  2.19308264e-02, -2.18188955e-05,
        1.25720476e-03,  1.36477191e-03,  1.01757874e-03,  7.24552000e-07,
        1.51752600e-03,  1.21201783e-03])}
{'img': array([[[ 0.        ,  0.0529924 ,  0.0808581 , ...,  0.97455312,
          0.99589328,  0.99959112],
        [-0.0529924 ,  0.        ,  0.0279256 , ...,  0.98506239,
          0.99929163,  0.99970186],
        [-0.0808581 , -0.0279256 ,  0.        , ...,  0.98948695,
          0.99995283,  0.99863011],
        ...,
        [-0.97455312, -0.98506239, -0.98948695, ...,  0.        ,
         -0.13500499, -0.19619896],
        [-0.99589328, -0.99929163, -0.99995283, ...,  0.13500499,
          0.        , -0.0620217 ],
        [-0.99959112, -0.99970186, -0.99863011, ...,  0.19619896,
          0.0620217 ,  0.        ]],

       [[ 0.        ,  0.06636356,  0.2525373 , ...,  0.13938649,
          0.03083153,  0.04482062],
        [-0.06636356,  0.        ,  0.18776805, ...,  0.07336349,
         -0.03556845, -0.02157506],
        [-0.2525373 , -0.18776805,  0.        , ..., -0.11520347,
         -0.22258505, -0.20891566],
        ...,
        [-0.13938649, -0.07336349,  0.11520347, ...,  0.        ,
         -0.10878967, -0.09486333],
        [-0.03083153,  0.03556845,  0.22258505, ...,  0.10878967,
          0.        ,  0.01399877],
        [-0.04482062,  0.02157506,  0.20891566, ...,  0.09486333,
         -0.01399877,  0.        ]],

       [[ 0.        ,  0.17231402,  0.26643942, ...,  0.76960799,
          0.82765715,  0.86521427],
        [-0.17231402,  0.        ,  0.09636888, ...,  0.86812162,
          0.91198561,  0.9386711 ],
        [-0.26643942, -0.09636888,  0.        , ...,  0.91191396,
          0.9472736 ,  0.96753155],
        ...,
        [-0.76960799, -0.86812162, -0.91191396, ...,  0.        ,
         -0.0965427 , -0.16657051],
        [-0.82765715, -0.91198561, -0.9472736 , ...,  0.0965427 ,
          0.        , -0.07059848],
        [-0.86521427, -0.9386711 , -0.96753155, ...,  0.16657051,
          0.07059848,  0.        ]],

       ...,

       [[ 0.        , -0.11643044, -0.66753486, ..., -0.65717661,
         -0.99461526, -0.86252082],
        [ 0.11643044,  0.        , -0.57630324, ..., -0.56494917,
         -0.97578432, -0.79773837],
        [ 0.66753486,  0.57630324,  0.        , ...,  0.01382586,
         -0.67138836, -0.30442746],
        ...,
        [ 0.65717661,  0.56494917, -0.01382586, ...,  0.        ,
         -0.68157061, -0.31756799],
        [ 0.99461526,  0.97578432,  0.67138836, ...,  0.68157061,
          0.        ,  0.41390833],
        [ 0.86252082,  0.79773837,  0.30442746, ...,  0.31756799,
         -0.41390833,  0.        ]],

       [[ 0.        ,  0.10368869,  0.15256584, ...,  0.7182143 ,
          0.70753524,  0.70753524],
        [-0.10368869,  0.        ,  0.04926864, ...,  0.78649185,
          0.77699601,  0.77699601],
        [-0.15256584, -0.04926864,  0.        , ...,  0.81596505,
          0.80706728,  0.80706728],
        ...,
        [-0.7182143 , -0.78649185, -0.81596505, ...,  0.        ,
          0.01522772,  0.01522772],
        [-0.70753524, -0.77699601, -0.80706728, ..., -0.01522772,
          0.        ,  0.        ],
        [-0.70753524, -0.77699601, -0.80706728, ..., -0.01522772,
          0.        ,  0.        ]],

       [[ 0.        ,  0.00520501,  0.00628383, ...,  0.79145395,
          0.91655664,  0.91655664],
        [-0.00520501,  0.        ,  0.00107884, ...,  0.79462468,
          0.91862573,  0.91862573],
        [-0.00628383, -0.00107884,  0.        , ...,  0.79527918,
          0.91905147,  0.91905147],
        ...,
        [-0.79145395, -0.79462468, -0.79527918, ...,  0.        ,
         -0.2437195 , -0.2437195 ],
        [-0.91655664, -0.91862573, -0.91905147, ...,  0.2437195 ,
          0.        ,  0.        ],
        [-0.91655664, -0.91862573, -0.91905147, ...,  0.2437195 ,
          0.        ,  0.        ]]]), 'num': array([ 7.06625007e-01,  7.06625007e-01,  0.00000000e+00,  1.14499422e-03,
        1.24967941e-03,  1.13190858e-03,  3.67412507e-02, -6.54282414e-05,
        1.22394430e-03,  1.35545507e-03,  1.02373388e-03,  5.74340434e-07,
        1.53494800e-03,  1.17596213e-03])}
{'img': array([[[ 0.        ,  0.0279256 , -0.22956541, ...,  0.99929163,
          0.99970186,  0.97905479],
        [-0.0279256 ,  0.        , -0.25665568, ...,  0.99995283,
          0.99863011,  0.9729874 ],
        [ 0.22956541,  0.25665568,  0.        , ...,  0.96396455,
          0.9786084 ,  0.99964622],
        ...,
        [-0.99929163, -0.99995283, -0.96396455, ...,  0.        ,
         -0.0620217 , -0.2402975 ],
        [-0.99970186, -0.99863011, -0.9786084 , ...,  0.0620217 ,
          0.        , -0.17963046],
        [-0.97905479, -0.9729874 , -0.99964622, ...,  0.2402975 ,
          0.17963046,  0.        ]],

       [[ 0.        ,  0.18776805, -0.0284506 , ..., -0.03556845,
         -0.02157506,  0.13054052],
        [-0.18776805,  0.        , -0.21563661, ..., -0.22258505,
         -0.20891566, -0.05794266],
        [ 0.0284506 ,  0.21563661,  0.        , ..., -0.00712145,
          0.00687766,  0.15869483],
        ...,
        [ 0.03556845,  0.22258505,  0.00712145, ...,  0.        ,
          0.01399877,  0.16572202],
        [ 0.02157506,  0.20891566, -0.00687766, ..., -0.01399877,
          0.        ,  0.15190058],
        [-0.13054052,  0.05794266, -0.15869483, ..., -0.16572202,
         -0.15190058,  0.        ]],

       [[ 0.        ,  0.20553426,  0.24861329, ...,  0.8298895 ,
          0.86738068,  0.91500007],
        [-0.20553426,  0.        ,  0.04422431, ...,  0.92684457,
          0.95114517,  0.9783883 ],
        [-0.24861329, -0.04422431,  0.        , ...,  0.94254158,
          0.96386859,  0.9865756 ],
        ...,
        [-0.8298895 , -0.92684457, -0.94254158, ...,  0.        ,
         -0.07094525, -0.17568198],
        [-0.86738068, -0.95114517, -0.96386859, ...,  0.07094525,
          0.        , -0.10539747],
        [-0.91500007, -0.9783883 , -0.9865756 , ...,  0.17568198,
          0.10539747,  0.        ]],

       ...,

       [[ 0.        , -0.5118185 , -0.45592793, ..., -0.78993257,
         -0.69007055, -0.99049518],
        [ 0.5118185 ,  0.        ,  0.06384224, ..., -0.36478214,
         -0.2224106 , -0.78052874],
        [ 0.45592793, -0.06384224,  0.        , ..., -0.42348103,
         -0.28420007, -0.81884551],
        ...,
        [ 0.78993257,  0.36478214,  0.42348103, ...,  0.        ,
          0.14856054, -0.49871219],
        [ 0.69007055,  0.2224106 ,  0.28420007, ..., -0.14856054,
          0.        , -0.62194561],
        [ 0.99049518,  0.78052874,  0.81884551, ...,  0.49871219,
          0.62194561,  0.        ]],

       [[ 0.        ,  0.11236996,  0.11860083, ...,  0.70832606,
          0.70832606,  0.66465119],
        [-0.11236996,  0.        ,  0.00627281, ...,  0.78316015,
          0.78316015,  0.74439923],
        [-0.11860083, -0.00627281,  0.        , ...,  0.7870453 ,
          0.7870453 ,  0.74857315],
        ...,
        [-0.70832606, -0.78316015, -0.7870453 , ...,  0.        ,
          0.        ,  0.06006094],
        [-0.70832606, -0.78316015, -0.7870453 , ...,  0.        ,
          0.        ,  0.06006094],
        [-0.66465119, -0.74439923, -0.74857315, ..., -0.06006094,
         -0.06006094,  0.        ]],

       [[ 0.        ,  0.00107884,  0.00322746, ...,  0.91862573,
          0.91862573,  0.99309403],
        [-0.00107884,  0.        ,  0.00214863, ...,  0.91905147,
          0.91905147,  0.99322002],
        [-0.00322746, -0.00214863,  0.        , ...,  0.91989621,
          0.91989621,  0.99346751],
        ...,
        [-0.91862573, -0.91905147, -0.91989621, ...,  0.        ,
          0.        , -0.28462584],
        [-0.91862573, -0.91905147, -0.91989621, ...,  0.        ,
          0.        , -0.28462584],
        [-0.99309403, -0.99322002, -0.99346751, ...,  0.28462584,
          0.28462584,  0.        ]]]), 'num': array([ 7.06091617e-01,  7.06091617e-01,  0.00000000e+00,  1.08855791e-03,
        1.15938500e-03,  1.06785461e-03,  5.34569323e-02, -5.55720254e-05,
        1.19011306e-03,  1.33868651e-03,  1.02853649e-03,  5.42076768e-07,
        1.55042774e-03,  1.12694527e-03])}
{'img': array([[[ 0.        , -0.25665568, -0.33008046, ...,  0.99863011,
          0.9729874 ,  0.92732181],
        [ 0.25665568,  0.        , -0.07675287, ...,  0.9786084 ,
          0.99964622,  0.99231645],
        [ 0.33008046,  0.07675287,  0.        , ...,  0.95993114,
          0.99465597,  0.99888557],
        ...,
        [-0.99863011, -0.9786084 , -0.95993114, ...,  0.        ,
         -0.17963046, -0.32523017],
        [-0.9729874 , -0.99964622, -0.99465597, ...,  0.17963046,
          0.        , -0.15007519],
        [-0.92732181, -0.99231645, -0.99888557, ...,  0.32523017,
          0.15007519,  0.        ]],

       [[ 0.        , -0.21563661, -0.50220118, ..., -0.20891566,
         -0.05794266,  0.07154462],
        [ 0.21563661,  0.        , -0.30391431, ...,  0.00687766,
          0.15869483,  0.28494545],
        [ 0.50220118,  0.30391431,  0.        , ...,  0.31045946,
          0.45125147,  0.56278251],
        ...,
        [ 0.20891566, -0.00687766, -0.31045946, ...,  0.        ,
          0.15190058,  0.27834618],
        [ 0.05794266, -0.15869483, -0.45125147, ..., -0.15190058,
          0.        ,  0.1292186 ],
        [-0.07154462, -0.28494545, -0.56278251, ..., -0.27834618,
         -0.1292186 ,  0.        ]],

       [[ 0.        ,  0.14215442,  0.14215442, ...,  0.87046818,
          0.91781133,  0.95356913],
        [-0.14215442,  0.        ,  0.        , ...,  0.93160005,
          0.96492819,  0.9866984 ],
        [-0.14215442,  0.        ,  0.        , ...,  0.93160005,
          0.96492819,  0.9866984 ],
        ...,
        [-0.87046818, -0.93160005, -0.93160005, ...,  0.        ,
         -0.10617889, -0.20720768],
        [-0.91781133, -0.96492819, -0.96492819, ...,  0.10617889,
          0.        , -0.10216186],
        [-0.95356913, -0.9866984 , -0.9866984 , ...,  0.20720768,
          0.10216186,  0.        ]],

       ...,

       [[ 0.        ,  0.06045561,  0.42300958, ..., -0.20666384,
         -0.59738941, -0.8084944 ],
        [-0.06045561,  0.        ,  0.3674555 , ..., -0.26543632,
         -0.64477917, -0.84259393],
        [-0.42300958, -0.3674555 ,  0.        , ..., -0.60114097,
         -0.88054269, -0.98153993],
        ...,
        [ 0.20666384,  0.26543632,  0.60114097, ...,  0.        ,
         -0.41875863, -0.66941816],
        [ 0.59738941,  0.64477917,  0.88054269, ...,  0.41875863,
          0.        , -0.29680716],
        [ 0.8084944 ,  0.84259393,  0.98153993, ...,  0.66941816,
          0.29680716,  0.        ]],

       [[ 0.        ,  0.03811724,  0.0488473 , ...,  0.70925597,
          0.66555305,  0.62016078],
        [-0.03811724,  0.        ,  0.01074007, ...,  0.73561132,
          0.6935182 ,  0.6496121 ],
        [-0.0488473 , -0.01074007,  0.        , ...,  0.74284426,
          0.70121576,  0.65773994],
        ...,
        [-0.70925597, -0.73561132, -0.74284426, ...,  0.        ,
          0.06017127,  0.11921041],
        [-0.66555305, -0.6935182 , -0.70121576, ..., -0.06017127,
          0.        ,  0.05925222],
        [-0.62016078, -0.6496121 , -0.65773994, ..., -0.11921041,
         -0.05925222,  0.        ]],

       [[ 0.        ,  0.00214863,  0.00346812, ...,  0.91905147,
          0.99322002,  0.99191961],
        [-0.00214863,  0.        ,  0.00131949, ...,  0.91989621,
          0.99346751,  0.99164473],
        [-0.00346812, -0.00131949,  0.        , ...,  0.92041286,
          0.99361722,  0.99147365],
        ...,
        [-0.91905147, -0.91989621, -0.92041286, ...,  0.        ,
         -0.28462584, -0.50755093],
        [-0.99322002, -0.99346751, -0.99361722, ...,  0.28462584,
          0.        , -0.24131814],
        [-0.99191961, -0.99164473, -0.99147365, ...,  0.50755093,
          0.24131814,  0.        ]]]), 'num': array([7.06784570e-01, 7.06784570e-01, 0.00000000e+00, 1.10162410e-03,
       1.12998274e-03, 1.07326546e-03, 2.99953700e-02, 1.19978862e-05,
       1.15594180e-03, 1.32451210e-03, 1.03527215e-03, 5.50830288e-07,
       1.55755344e-03, 1.09147076e-03])}
{'img': array([[[ 0.00000000e+00, -7.67528722e-02,  3.33308467e-01, ...,
          9.99646222e-01,  9.92316451e-01,  9.95809644e-01],
        [ 7.67528722e-02,  0.00000000e+00,  4.04689232e-01, ...,
          9.94655972e-01,  9.98885570e-01,  9.99891224e-01],
        [-3.33308467e-01, -4.04689232e-01,  0.00000000e+00, ...,
          9.51349483e-01,  8.94334806e-01,  9.08385939e-01],
        ...,
        [-9.99646222e-01, -9.94655972e-01, -9.51349483e-01, ...,
          0.00000000e+00, -1.50075193e-01, -1.17904049e-01],
        [-9.92316451e-01, -9.98885570e-01, -8.94334806e-01, ...,
          1.50075193e-01,  0.00000000e+00,  3.24596806e-02],
        [-9.95809644e-01, -9.99891224e-01, -9.08385939e-01, ...,
          1.17904049e-01, -3.24596806e-02,  0.00000000e+00]],

       [[ 0.00000000e+00, -3.03914306e-01,  3.78248562e-01, ...,
          1.58694830e-01,  2.84945454e-01,  9.65368500e-02],
        [ 3.03914306e-01,  0.00000000e+00,  6.41691878e-01, ...,
          4.51251473e-01,  5.62782508e-01,  3.94465444e-01],
        [-3.78248562e-01, -6.41691878e-01,  0.00000000e+00, ...,
         -2.26550825e-01, -9.87926222e-02, -2.87117363e-01],
        ...,
        [-1.58694830e-01, -4.51251473e-01,  2.26550825e-01, ...,
          0.00000000e+00,  1.29218599e-01, -6.26401276e-02],
        [-2.84945454e-01, -5.62782508e-01,  9.87926222e-02, ...,
         -1.29218599e-01,  0.00000000e+00, -1.91079798e-01],
        [-9.65368500e-02, -3.94465444e-01,  2.87117363e-01, ...,
          6.26401276e-02,  1.91079798e-01,  0.00000000e+00]],

       [[ 0.00000000e+00,  0.00000000e+00,  1.51111357e-01, ...,
          9.19136417e-01,  9.54688265e-01,  9.80950399e-01],
        [ 0.00000000e+00,  0.00000000e+00,  1.51111357e-01, ...,
          9.19136417e-01,  9.54688265e-01,  9.80950399e-01],
        [-1.51111357e-01, -1.51111357e-01,  0.00000000e+00, ...,
          9.68110457e-01,  9.88697234e-01,  9.99040543e-01],
        ...,
        [-9.19136417e-01, -9.19136417e-01, -9.68110457e-01, ...,
          0.00000000e+00, -1.02547282e-01, -2.07885060e-01],
        [-9.54688265e-01, -9.54688265e-01, -9.88697234e-01, ...,
          1.02547282e-01,  0.00000000e+00, -1.06482159e-01],
        [-9.80950399e-01, -9.80950399e-01, -9.99040543e-01, ...,
          2.07885060e-01,  1.06482159e-01,  0.00000000e+00]],

       ...,

       [[ 0.00000000e+00,  3.67455495e-01,  7.59363667e-01, ...,
         -6.44779168e-01, -8.42593933e-01, -7.50907104e-01],
        [-3.67455495e-01,  0.00000000e+00,  4.67148464e-01, ...,
         -8.80542685e-01, -9.81539933e-01, -9.41044965e-01],
        [-7.59363667e-01, -4.67148464e-01,  0.00000000e+00, ...,
         -9.99970144e-01, -9.57202451e-01, -9.90079778e-01],
        ...,
        [ 6.44779168e-01,  8.80542685e-01,  9.99970144e-01, ...,
          0.00000000e+00, -2.96807164e-01, -1.48152822e-01],
        [ 8.42593933e-01,  9.81539933e-01,  9.57202451e-01, ...,
          2.96807164e-01,  0.00000000e+00,  1.52055067e-01],
        [ 7.50907104e-01,  9.41044965e-01,  9.90079778e-01, ...,
          1.48152822e-01, -1.52055067e-01,  0.00000000e+00]],

       [[ 0.00000000e+00,  3.05639200e-02,  1.43863877e-01, ...,
          6.65656431e-01,  6.20259867e-01,  6.03676443e-01],
        [-3.05639200e-02,  0.00000000e+00,  1.13550687e-01, ...,
          6.88154026e-01,  6.43944319e-01,  6.27760870e-01],
        [-1.43863877e-01, -1.13550687e-01,  0.00000000e+00, ...,
          7.66091549e-01,  7.26653911e-01,  7.12089206e-01],
        ...,
        [-6.65656431e-01, -6.88154026e-01, -7.66091549e-01, ...,
          0.00000000e+00,  5.92644000e-02,  8.01823094e-02],
        [-6.20259867e-01, -6.43944319e-01, -7.26653911e-01, ...,
         -5.92644000e-02,  0.00000000e+00,  2.09677932e-02],
        [-6.03676443e-01, -6.27760870e-01, -7.12089206e-01, ...,
         -8.01823094e-02, -2.09677932e-02,  0.00000000e+00]],

       [[ 0.00000000e+00,  1.31949206e-03,  9.91363059e-04, ...,
          9.93467508e-01,  9.91644730e-01,  9.61314216e-01],
        [-1.31949206e-03,  0.00000000e+00, -3.28129213e-04, ...,
          9.93617217e-01,  9.91473654e-01,  9.60949919e-01],
        [-9.91363059e-04,  3.28129213e-04,  0.00000000e+00, ...,
          9.93580149e-01,  9.91516358e-01,  9.61040668e-01],
        ...,
        [-9.93467508e-01, -9.93617217e-01, -9.93580149e-01, ...,
          0.00000000e+00, -2.41318140e-01, -3.83355430e-01],
        [-9.91644730e-01, -9.91473654e-01, -9.91516358e-01, ...,
          2.41318140e-01,  0.00000000e+00, -1.49144116e-01],
        [-9.61314216e-01, -9.60949919e-01, -9.61040668e-01, ...,
          3.83355430e-01,  1.49144116e-01,  0.00000000e+00]]]), 'num': array([7.06902040e-01, 7.06902040e-01, 0.00000000e+00, 1.13453414e-03,
       1.15853390e-03, 1.09744360e-03, 2.38229042e-02, 3.27269463e-05,
       1.13649776e-03, 1.31022330e-03, 1.04204415e-03, 7.25928589e-07,
       1.55254563e-03, 1.06790096e-03])}
{'img': array([[[ 0.00000000e+00,  4.04689232e-01,  3.97956860e-01, ...,
          9.98885570e-01,  9.99891224e-01,  9.97277033e-01],
        [-4.04689232e-01,  0.00000000e+00, -7.35021996e-03, ...,
          8.94334806e-01,  9.08385939e-01,  9.41808588e-01],
        [-3.97956860e-01,  7.35021996e-03,  0.00000000e+00, ...,
          8.97599123e-01,  9.11434768e-01,  9.44253920e-01],
        ...,
        [-9.98885570e-01, -8.94334806e-01, -8.97599123e-01, ...,
          0.00000000e+00,  3.24596806e-02,  1.20733250e-01],
        [-9.99891224e-01, -9.08385939e-01, -9.11434768e-01, ...,
         -3.24596806e-02,  0.00000000e+00,  8.84473916e-02],
        [-9.97277033e-01, -9.41808588e-01, -9.44253920e-01, ...,
         -1.20733250e-01, -8.84473916e-02,  0.00000000e+00]],

       [[ 0.00000000e+00,  6.41691878e-01,  3.73348174e-01, ...,
          5.62782508e-01,  3.94465444e-01,  3.32348332e-01],
        [-6.41691878e-01,  0.00000000e+00, -3.08947907e-01, ...,
         -9.87926222e-02, -2.87117363e-01, -3.50317282e-01],
        [-3.73348174e-01,  3.08947907e-01,  0.00000000e+00, ...,
          2.13476963e-01,  2.28684990e-02, -4.38091815e-02],
        ...,
        [-5.62782508e-01,  9.87926222e-02, -2.13476963e-01, ...,
          0.00000000e+00, -1.91079798e-01, -2.56071304e-01],
        [-3.94465444e-01,  2.87117363e-01, -2.28684990e-02, ...,
          1.91079798e-01,  0.00000000e+00, -6.66442680e-02],
        [-3.32348332e-01,  3.50317282e-01,  4.38091815e-02, ...,
          2.56071304e-01,  6.66442680e-02,  0.00000000e+00]],

       [[ 0.00000000e+00,  1.51111357e-01,  1.94708038e-01, ...,
          9.54688265e-01,  9.80950399e-01,  9.90592872e-01],
        [-1.51111357e-01,  0.00000000e+00,  4.42528829e-02, ...,
          9.88697234e-01,  9.99040543e-01,  9.99896039e-01],
        [-1.94708038e-01, -4.42528829e-02,  0.00000000e+00, ...,
          9.94363322e-01,  9.99999895e-01,  9.98278415e-01],
        ...,
        [-9.54688265e-01, -9.88697234e-01, -9.94363322e-01, ...,
          0.00000000e+00, -1.06482159e-01, -1.64166470e-01],
        [-9.80950399e-01, -9.99040543e-01, -9.99999895e-01, ...,
          1.06482159e-01,  0.00000000e+00, -5.81956421e-02],
        [-9.90592872e-01, -9.99896039e-01, -9.98278415e-01, ...,
          1.64166470e-01,  5.81956421e-02,  0.00000000e+00]],

       ...,

       [[ 0.00000000e+00,  4.67148464e-01,  5.35611152e-01, ...,
         -9.81539933e-01, -9.41044965e-01, -5.98766157e-01],
        [-4.67148464e-01,  0.00000000e+00,  7.90856687e-02, ...,
         -9.57202451e-01, -9.90079778e-01, -9.03566766e-01],
        [-5.35611152e-01, -7.90856687e-02,  0.00000000e+00, ...,
         -9.31315413e-01, -9.75866634e-01, -9.34620677e-01],
        ...,
        [ 9.81539933e-01,  9.57202451e-01,  9.31315413e-01, ...,
          0.00000000e+00,  1.52055067e-01,  6.71620380e-01],
        [ 9.41044965e-01,  9.90079778e-01,  9.75866634e-01, ...,
         -1.52055067e-01,  0.00000000e+00,  5.51153887e-01],
        [ 5.98766157e-01,  9.03566766e-01,  9.34620677e-01, ...,
         -6.71620380e-01, -5.51153887e-01,  0.00000000e+00]],

       [[ 0.00000000e+00,  1.40629092e-01,  1.87461975e-01, ...,
          6.20323568e-01,  6.03739005e-01,  6.19342516e-01],
        [-1.40629092e-01,  0.00000000e+00,  4.74630438e-02, ...,
          7.24460878e-01,  7.09846246e-01,  7.23598549e-01],
        [-1.87461975e-01, -4.74630438e-02,  0.00000000e+00, ...,
          7.56361438e-01,  7.42477157e-01,  7.55543043e-01],
        ...,
        [-6.20323568e-01, -7.24460878e-01, -7.56361438e-01, ...,
          0.00000000e+00,  2.09705283e-02,  1.25017135e-03],
        [-6.03739005e-01, -7.09846246e-01, -7.42477157e-01, ...,
         -2.09705283e-02,  0.00000000e+00, -1.97206155e-02],
        [-6.19342516e-01, -7.23598549e-01, -7.55543043e-01, ...,
         -1.25017135e-03,  1.97206155e-02,  0.00000000e+00]],

       [[ 0.00000000e+00, -3.28129213e-04,  4.22328691e-03, ...,
          9.91473654e-01,  9.60949919e-01,  9.32706633e-01],
        [ 3.28129213e-04,  0.00000000e+00,  4.55141297e-03, ...,
          9.91516358e-01,  9.61040668e-01,  9.32824918e-01],
        [-4.22328691e-03, -4.55141297e-03,  0.00000000e+00, ...,
          9.90914487e-01,  9.59772672e-01,  9.31175245e-01],
        ...,
        [-9.91473654e-01, -9.91516358e-01, -9.90914487e-01, ...,
          0.00000000e+00, -1.49144116e-01, -2.36022625e-01],
        [-9.60949919e-01, -9.61040668e-01, -9.59772672e-01, ...,
          1.49144116e-01,  0.00000000e+00, -8.84523914e-02],
        [-9.32706633e-01, -9.32824918e-01, -9.31175245e-01, ...,
          2.36022625e-01,  8.84523914e-02,  0.00000000e+00]]]), 'num': array([ 7.27156254e-01,  6.85703535e-01,  8.56461153e-07,  1.09086105e-03,
        1.16749178e-03,  1.07057644e-03,  3.22925072e-02, -8.11384250e-05,
        1.14202333e-03,  1.33174075e-03,  1.08193958e-03,  5.57612206e-07,
        1.59370104e-03,  1.06978045e-03])}
{'img': array([[[ 0.        , -0.00762258,  0.22618069, ...,  0.91302116,
          0.94560466,  0.85517533],
        [ 0.00762258,  0.        ,  0.23359916, ...,  0.91610398,
          0.94805695,  0.85910157],
        [-0.22618069, -0.23359916,  0.        , ...,  0.79709869,
          0.847519  ,  0.71577554],
        ...,
        [-0.91302116, -0.91610398, -0.79709869, ...,  0.        ,
          0.0887014 , -0.12441789],
        [-0.94560466, -0.94805695, -0.847519  , ..., -0.0887014 ,
          0.        , -0.21193965],
        [-0.85517533, -0.85910157, -0.71577554, ...,  0.12441789,
          0.21193965,  0.        ]],

       [[ 0.        , -0.32995883,  0.86664473, ..., -0.30549466,
         -0.37748081, -0.292339  ],
        [ 0.32995883,  0.        ,  0.65348361, ...,  0.02579922,
         -0.0507925 ,  0.03957785],
        [-0.86664473, -0.65348361,  0.        , ..., -0.67279457,
         -0.6141932 , -0.68292968],
        ...,
        [ 0.30549466, -0.02579922,  0.67279457, ...,  0.        ,
         -0.07654151,  0.01378568],
        [ 0.37748081,  0.0507925 ,  0.6141932 , ...,  0.07654151,
          0.        ,  0.09027947],
        [ 0.292339  , -0.03957785,  0.68292968, ..., -0.01378568,
         -0.09027947,  0.        ]],

       [[ 0.        ,  0.05301271,  0.18276522, ...,  0.99718944,
          0.99986137,  0.99722319],
        [-0.05301271,  0.        ,  0.13038843, ...,  0.99975902,
          0.99933809,  0.99187302],
        [-0.18276522, -0.13038843,  0.        , ...,  0.99408639,
          0.98606342,  0.96681585],
        ...,
        [-0.99718944, -0.99975902, -0.99408639, ...,  0.        ,
         -0.05830734, -0.14897496],
        [-0.99986137, -0.99933809, -0.98606342, ...,  0.05830734,
          0.        , -0.09106482],
        [-0.99722319, -0.99187302, -0.96681585, ...,  0.14897496,
          0.09106482,  0.        ]],

       ...,

       [[ 0.        ,  0.07896347,  0.34730028, ..., -0.99308878,
         -0.90193877, -0.95675979],
        [-0.07896347,  0.        ,  0.27216753, ..., -0.98072028,
         -0.93322395, -0.93080349],
        [-0.34730028, -0.27216753,  0.        , ..., -0.89051186,
         -0.99578313, -0.79618288],
        ...,
        [ 0.99308878,  0.98072028,  0.89051186, ...,  0.        ,
          0.53473578, -0.17657821],
        [ 0.90193877,  0.93322395,  0.99578313, ..., -0.53473578,
          0.        , -0.67554527],
        [ 0.95675979,  0.93080349,  0.79618288, ...,  0.17657821,
          0.67554527,  0.        ]],

       [[ 0.        ,  0.1248899 ,  0.27730956, ...,  0.60507399,
          0.62070034,  0.64814731],
        [-0.1248899 ,  0.        ,  0.1551466 , ...,  0.69977012,
          0.7137603 ,  0.73817824],
        [-0.27730956, -0.1551466 ,  0.        , ...,  0.80212871,
          0.81378084,  0.83390276],
        ...,
        [-0.60507399, -0.69977012, -0.80212871, ...,  0.        ,
         -0.01977554, -0.05526205],
        [-0.62070034, -0.7137603 , -0.81378084, ...,  0.01977554,
          0.        , -0.03550592],
        [-0.64814731, -0.73817824, -0.83390276, ...,  0.05526205,
          0.03550592,  0.        ]],

       [[ 0.        ,  0.00455141, -0.02176466, ...,  0.96104067,
          0.93282492,  0.88609124],
        [-0.00455141,  0.        , -0.02631476, ...,  0.95977267,
          0.93117525,  0.88397244],
        [ 0.02176466,  0.02631476,  0.        , ...,  0.96682892,
          0.94044641,  0.8959695 ],
        ...,
        [-0.96104067, -0.95977267, -0.96682892, ...,  0.        ,
         -0.08845239, -0.20053095],
        [-0.93282492, -0.93117525, -0.94044641, ...,  0.08845239,
          0.        , -0.11308926],
        [-0.88609124, -0.88397244, -0.8959695 , ...,  0.20053095,
          0.11308926,  0.        ]]]), 'num': array([ 7.25908474e-01,  6.86629578e-01,  8.57617805e-07,  1.03365514e-03,
        1.10926092e-03,  1.03139826e-03,  3.98194655e-02, -5.86791130e-05,
        1.11332332e-03,  1.31255020e-03,  1.08736910e-03,  2.58516372e-07,
        1.59918156e-03,  1.02591884e-03])}
{'img': array([[[ 0.        ,  0.23359916,  0.07741321, ...,  0.94805695,
          0.85910157,  0.76796102],
        [-0.23359916,  0.        , -0.15762673, ...,  0.847519  ,
          0.71577554,  0.59709437],
        [-0.07741321,  0.15762673,  0.        , ...,  0.92058673,
          0.816903  ,  0.71607355],
        ...,
        [-0.94805695, -0.847519  , -0.92058673, ...,  0.        ,
         -0.21193965, -0.36293833],
        [-0.85910157, -0.71577554, -0.816903  , ...,  0.21193965,
          0.        , -0.15720522],
        [-0.76796102, -0.59709437, -0.71607355, ...,  0.36293833,
          0.15720522,  0.        ]],

       [[ 0.        ,  0.65348361,  0.41183996, ..., -0.0507925 ,
          0.03957785,  0.11076559],
        [-0.65348361,  0.        , -0.9072294 , ..., -0.6141932 ,
         -0.68292968, -0.73330541],
        [-0.41183996,  0.9072294 ,  0.        , ..., -0.45759335,
         -0.37545172, -0.30836991],
        ...,
        [ 0.0507925 ,  0.6141932 ,  0.45759335, ...,  0.        ,
          0.09027947,  0.16110256],
        [-0.03957785,  0.68292968,  0.37545172, ..., -0.09027947,
          0.        ,  0.07134448],
        [-0.11076559,  0.73330541,  0.30836991, ..., -0.16110256,
         -0.07134448,  0.        ]],

       [[ 0.        ,  0.13038843,  0.20242951, ...,  0.99933809,
          0.99187302,  0.97734158],
        [-0.13038843,  0.        ,  0.07301239, ...,  0.98606342,
          0.96681585,  0.94139892],
        [-0.20242951, -0.07301239,  0.        , ...,  0.97128459,
          0.94558267,  0.91425963],
        ...,
        [-0.99933809, -0.98606342, -0.97128459, ...,  0.        ,
         -0.09106482, -0.17597408],
        [-0.99187302, -0.96681585, -0.94558267, ...,  0.09106482,
          0.        , -0.08559917],
        [-0.97734158, -0.94139892, -0.91425963, ...,  0.17597408,
          0.08559917,  0.        ]],

       ...,

       [[ 0.        ,  0.2416663 , -0.12680237, ..., -0.81409241,
         -0.93713521, -0.88092481],
        [-0.2416663 ,  0.        , -0.36275944, ..., -0.9303064 ,
         -0.99369141, -0.74044359],
        [ 0.12680237,  0.36275944,  0.        , ..., -0.73388244,
         -0.88532088, -0.933824  ],
        ...,
        [ 0.81409241,  0.9303064 ,  0.73388244, ...,  0.        ,
         -0.26013658, -0.89685851],
        [ 0.93713521,  0.99369141,  0.88532088, ...,  0.26013658,
          0.        , -0.75091833],
        [ 0.88092481,  0.74044359,  0.933824  , ...,  0.89685851,
          0.75091833,  0.        ]],

       [[ 0.        ,  0.24906546,  0.22924732, ...,  0.6217709 ,
          0.6492469 ,  0.64043557],
        [-0.24906546,  0.        , -0.02040943, ...,  0.79724468,
          0.8182206 ,  0.81153854],
        [-0.22924732,  0.02040943,  0.        , ...,  0.78475834,
          0.8063167 ,  0.79944429],
        ...,
        [-0.6217709 , -0.79724468, -0.78475834, ...,  0.        ,
         -0.03558455, -0.02406116],
        [-0.6492469 , -0.8182206 , -0.8063167 , ...,  0.03558455,
          0.        ,  0.01152833],
        [-0.64043557, -0.81153854, -0.79944429, ...,  0.02406116,
         -0.01152833,  0.        ]],

       [[ 0.        , -0.02631476, -0.02187971, ...,  0.93117525,
          0.88397244,  0.80729538],
        [ 0.02631476,  0.        ,  0.00443633, ...,  0.94044641,
          0.8959695 ,  0.82254541],
        [ 0.02187971, -0.00443633,  0.        , ...,  0.93892906,
          0.89399044,  0.82001438],
        ...,
        [-0.93117525, -0.94044641, -0.93892906, ...,  0.        ,
         -0.11308926, -0.25521362],
        [-0.88397244, -0.8959695 , -0.89399044, ...,  0.11308926,
          0.        , -0.14423211],
        [-0.80729538, -0.82254541, -0.82001438, ...,  0.25521362,
          0.14423211,  0.        ]]]), 'num': array([7.07200262e-01, 7.06092168e-01, 2.19859977e-08, 1.10809429e-03,
       1.12568308e-03, 1.03334189e-03, 3.59280224e-02, 1.01135590e-04,
       1.08654801e-03, 1.26172144e-03, 1.06485516e-03, 5.51428746e-07,
       1.53919822e-03, 9.84244674e-04])}
{'img': array([[[ 0.00000000e+00, -1.57626733e-01, -3.25493888e-01, ...,
          7.15775537e-01,  5.97094368e-01,  7.93510910e-01],
        [ 1.57626733e-01,  0.00000000e+00, -1.72381778e-01, ...,
          8.16903003e-01,  7.16073546e-01,  8.79515743e-01],
        [ 3.25493888e-01,  1.72381778e-01,  0.00000000e+00, ...,
          9.04099652e-01,  8.25680841e-01,  9.48380861e-01],
        ...,
        [-7.15775537e-01, -8.16903003e-01, -9.04099652e-01, ...,
          0.00000000e+00, -1.57205216e-01,  1.18543294e-01],
        [-5.97094368e-01, -7.16073546e-01, -8.25680841e-01, ...,
          1.57205216e-01,  0.00000000e+00,  2.73166066e-01],
        [-7.93510910e-01, -8.79515743e-01, -9.48380861e-01, ...,
         -1.18543294e-01, -2.73166066e-01,  0.00000000e+00]],

       [[ 0.00000000e+00, -9.07229400e-01, -7.13292926e-01, ...,
         -6.82929683e-01, -7.33305411e-01, -7.14905799e-01],
        [ 9.07229400e-01,  0.00000000e+00, -3.35809445e-01, ...,
         -3.75451720e-01, -3.08369907e-01, -3.33638386e-01],
        [ 7.13292926e-01,  3.35809445e-01,  0.00000000e+00, ...,
         -4.24069342e-02,  2.89814349e-02,  2.30395896e-03],
        ...,
        [ 6.82929683e-01,  3.75451720e-01,  4.24069342e-02, ...,
          0.00000000e+00,  7.13444850e-02,  4.47087080e-02],
        [ 7.33305411e-01,  3.08369907e-01, -2.89814349e-02, ...,
         -7.13444850e-02,  0.00000000e+00, -2.66783668e-02],
        [ 7.14905799e-01,  3.33638386e-01, -2.30395896e-03, ...,
         -4.47087080e-02,  2.66783668e-02,  0.00000000e+00]],

       [[ 0.00000000e+00,  7.30123896e-02,  1.01503772e-01, ...,
          9.66815852e-01,  9.41398919e-01,  9.43325712e-01],
        [-7.30123896e-02,  0.00000000e+00,  2.85975705e-02, ...,
          9.45582666e-01,  9.14259627e-01,  9.16577507e-01],
        [-1.01503772e-01, -2.85975705e-02,  0.00000000e+00, ...,
          9.35890794e-01,  9.02300001e-01,  9.04767691e-01],
        ...,
        [-9.66815852e-01, -9.45582666e-01, -9.35890794e-01, ...,
          0.00000000e+00, -8.55991667e-02, -7.98601218e-02],
        [-9.41398919e-01, -9.14259627e-01, -9.02300001e-01, ...,
          8.55991667e-02,  0.00000000e+00,  5.75876210e-03],
