state_0,state_1,state_2,state_3,state_4,state_5,state_6,state_7,state_8,state_9,state_10,state_11,state_12,state_13,state_14,state_15,state_16,state_17,state_18,state_19,state_20,state_21,state_22,state_23,state_24,state_25,state_26,state_27,state_28,state_29,state_30,state_31,state_32,state_33,state_34,state_35,state_36,state_37,state_38,state_39,state_40,state_41,state_42,state_43,state_44,state_45,state_46,state_47,state_48,state_49,state_50,state_51,state_52,state_53,state_54,state_55,state_56,state_57,state_58,state_59,state_60,state_61,state_62,state_63,state_64,state_65,state_66,state_67,state_68,state_69,state_70,state_71,state_72,state_73,state_74,state_75,state_76,state_77,state_78,state_79,state_80,state_81,state_82,state_83,state_84,state_85,state_86,state_87,state_88,state_89,state_90,state_91,state_92,state_93,state_94,state_95,state_96,state_97,state_98,state_99,state_100,state_101,state_102,state_103,state_104,state_105,state_106,state_107,state_108,state_109,state_110,state_111,state_112,state_113,state_114,state_115,state_116,state_117,state_118,state_119,state_120,state_121,state_122,state_123,state_124,state_125,state_126,state_127,state_128,state_129,state_130,state_131,state_132,state_133,state_134,state_135,state_136,state_137,state_138,state_139,state_140,state_141,state_142,state_143,state_144,state_145,state_146,state_147,state_148,state_149,state_150,state_151,state_152,state_153,state_154,state_155,state_156,state_157,state_158,state_159,state_160,state_161,state_162,state_163,state_164,state_165,state_166,state_167,state_168,state_169,state_170,state_171,state_172,state_173,state_174,state_175,state_176,state_177,state_178,state_179,state_180,state_181,state_182,state_183,state_184,state_185,state_186,state_187,state_188,state_189,state_190,state_191,state_192,state_193,state_194,state_195,state_196,state_197,state_198,state_199,state_200,state_201,state_202,state_203,state_204,state_205,state_206,state_207,state_208,state_209,state_210,state_211,state_212,state_213,state_214,state_215,state_216,state_217,state_218,state_219,state_220,state_221,state_222,state_223,state_224,state_225,state_226,state_227,state_228,state_229,state_230,state_231,state_232,state_233,state_234,state_235,state_236,state_237,state_238,state_239,state_240,state_241,state_242,state_243,state_244,state_245,state_246,state_247,state_248,state_249,state_250,state_251,state_252,state_253,state_254,state_255,state_256,state_257,state_258,state_259,state_260,state_261,state_262,state_263,state_264,state_265,state_266,state_267,state_268,state_269,state_270,state_271,state_272,state_273,state_274,state_275,state_276,state_277,state_278,state_279,state_280,state_281,state_282,state_283,state_284,state_285,state_286,state_287
{'img': array([[[ 0.        ,  0.48769179, -0.06168546, ..., -0.70903182,
         -0.74281107, -0.06168546],
        [-0.48769179,  0.        , -0.54061544, ..., -0.96290482,
         -0.97499604, -0.54061544],
        [ 0.06168546,  0.54061544,  0.        , ..., -0.66418243,
         -0.700098  ,  0.        ],
        ...,
        [ 0.70903182,  0.96290482,  0.66418243, ...,  0.        ,
         -0.04911532,  0.66418243],
        [ 0.74281107,  0.97499604,  0.700098  , ...,  0.04911532,
          0.        ,  0.700098  ],
        [ 0.06168546,  0.54061544,  0.        , ..., -0.66418243,
         -0.700098  ,  0.        ]],

       [[ 0.        , -0.24290327, -0.75246439, ..., -0.56001036,
         -0.46091895,  0.99967459],
        [ 0.24290327,  0.        , -0.56994437, ..., -0.34199647,
         -0.23155204,  0.96353864],
        [ 0.75246439,  0.56994437,  0.        , ...,  0.25456465,
          0.36419228,  0.63922402],
        ...,
        [ 0.56001036,  0.34199647, -0.25456465, ...,  0.        ,
          0.11511213,  0.81393072],
        [ 0.46091895,  0.23155204, -0.36419228, ..., -0.11511213,
          0.        ,  0.87539589],
        [-0.99967459, -0.96353864, -0.63922402, ..., -0.81393072,
         -0.87539589,  0.        ]],

       [[ 0.        ,  0.17046066,  0.39712167, ..., -0.79280146,
         -0.70271058, -0.54248088],
        [-0.17046066,  0.        ,  0.2348666 , ..., -0.88509076,
         -0.81370468, -0.67773996],
        [-0.39712167, -0.2348666 ,  0.        , ..., -0.96964391,
         -0.92746632, -0.83147976],
        ...,
        [ 0.79280146,  0.88509076,  0.96964391, ...,  0.        ,
          0.13577105,  0.33537603],
        [ 0.70271058,  0.81370468,  0.92746632, ..., -0.13577105,
          0.        ,  0.20436275],
        [ 0.54248088,  0.67773996,  0.83147976, ..., -0.33537603,
         -0.20436275,  0.        ]],

       ...,

       [[ 0.        ,  0.05966435, -0.05196878, ...,  0.01440323,
          0.49689105,  0.89598401],
        [-0.05966435,  0.        , -0.11145993, ..., -0.04528059,
          0.44422834,  0.86789169],
        [ 0.05196878,  0.11145993,  0.        , ...,  0.06634716,
          0.54131878,  0.9178519 ],
        ...,
        [-0.01440323,  0.04528059, -0.06634716, ...,  0.        ,
          0.4843402 ,  0.88949479],
        [-0.49689105, -0.44422834, -0.54131878, ..., -0.4843402 ,
          0.        ,  0.556884  ],
        [-0.89598401, -0.86789169, -0.9178519 , ..., -0.88949479,
         -0.556884  ,  0.        ]],

       [[ 0.        ,  0.13600027,  0.1949877 , ..., -0.62471579,
         -0.58262565, -0.35018372],
        [-0.13600027,  0.        ,  0.05978619, ..., -0.72510755,
         -0.6877453 , -0.47431897],
        [-0.1949877 , -0.05978619,  0.        , ..., -0.76498138,
         -0.72991697, -0.52610347],
        ...,
        [ 0.62471579,  0.72510755,  0.76498138, ...,  0.        ,
          0.05278739,  0.3117177 ],
        [ 0.58262565,  0.6877453 ,  0.72991697, ..., -0.05278739,
          0.        ,  0.26112585],
        [ 0.35018372,  0.47431897,  0.52610347, ..., -0.3117177 ,
         -0.26112585,  0.        ]],

       [[ 0.        , -0.05149935, -0.05945739, ..., -0.99979705,
         -0.99062616, -0.9941266 ],
        [ 0.05149935,  0.        , -0.00797026, ..., -0.99743284,
         -0.98227677, -0.98723398],
        [ 0.05945739,  0.00797026,  0.        , ..., -0.99683042,
         -0.98075165, -0.98593315],
        ...,
        [ 0.99979705,  0.99743284,  0.99683042, ...,  0.        ,
          0.11661602,  0.08817376],
        [ 0.99062616,  0.98227677,  0.98075165, ..., -0.11661602,
          0.        , -0.02858966],
        [ 0.9941266 ,  0.98723398,  0.98593315, ..., -0.08817376,
          0.02858966,  0.        ]]]), 'num': array([ 7.06992887e-01,  7.06992887e-01,  0.00000000e+00,  2.48846064e-04,
        2.57044481e-04,  2.47881544e-04,  1.79348374e-02, -6.75163739e-06,
        2.43444754e-04,  2.25890497e-04,  2.32698398e-04,  7.55427960e-07,
        2.50540343e-04,  2.01240651e-04])}
{'img': array([[[ 0.        , -0.54061544, -0.66591038, ..., -0.97499604,
         -0.54061544, -0.78535345],
        [ 0.54061544,  0.        , -0.15689404, ..., -0.700098  ,
          0.        , -0.32602747],
        [ 0.66591038,  0.15689404,  0.        , ..., -0.57939792,
          0.15689404, -0.17366837],
        ...,
        [ 0.97499604,  0.700098  ,  0.57939792, ...,  0.        ,
          0.700098  ,  0.42904599],
        [ 0.54061544,  0.        , -0.15689404, ..., -0.700098  ,
          0.        , -0.32602747],
        [ 0.78535345,  0.32602747,  0.17366837, ..., -0.42904599,
          0.32602747,  0.        ]],

       [[ 0.        , -0.56994437, -0.8227969 , ..., -0.23155204,
          0.96353864,  0.02916267],
        [ 0.56994437,  0.        , -0.35215882, ...,  0.36419228,
          0.63922402,  0.59366444],
        [ 0.8227969 ,  0.35215882,  0.        , ...,  0.6688361 ,
          0.32745811,  0.83902113],
        ...,
        [ 0.23155204, -0.36419228, -0.6688361 , ...,  0.        ,
          0.87539589,  0.25982366],
        [-0.96353864, -0.63922402, -0.32745811, ..., -0.87539589,
          0.        , -0.97093186],
        [-0.02916267, -0.59366444, -0.83902113, ..., -0.25982366,
          0.97093186,  0.        ]],

       [[ 0.        ,  0.2348666 ,  0.42040641, ..., -0.81370468,
         -0.67773996, -0.56268379],
        [-0.2348666 ,  0.        ,  0.19554374, ..., -0.92746632,
         -0.83147976, -0.74110187],
        [-0.42040641, -0.19554374,  0.        , ..., -0.98267668,
         -0.92406334, -0.85808151],
        ...,
        [ 0.81370468,  0.92746632,  0.98267668, ...,  0.        ,
          0.20436275,  0.34559107],
        [ 0.67773996,  0.83147976,  0.92406334, ..., -0.20436275,
          0.        ,  0.14652647],
        [ 0.56268379,  0.74110187,  0.85808151, ..., -0.34559107,
         -0.14652647,  0.        ]],

       ...,

       [[ 0.        , -0.11145993, -0.30577534, ...,  0.44422834,
          0.86789169,  0.44952066],
        [ 0.11145993,  0.        , -0.19774862, ...,  0.54131878,
          0.9178519 ,  0.54628346],
        [ 0.30577534,  0.19774862,  0.        , ...,  0.69689973,
          0.97821784,  0.70113019],
        ...,
        [-0.44422834, -0.54131878, -0.69689973, ...,  0.        ,
          0.556884  ,  0.00591585],
        [-0.86789169, -0.9178519 , -0.97821784, ..., -0.556884  ,
          0.        , -0.55196061],
        [-0.44952066, -0.54628346, -0.70113019, ..., -0.00591585,
          0.55196061,  0.        ]],

       [[ 0.        ,  0.05978619,  0.0913631 , ..., -0.6877453 ,
         -0.47431897, -0.34928189],
        [-0.05978619,  0.        ,  0.03166353, ..., -0.72991697,
         -0.52610347, -0.40467781],
        [-0.0913631 , -0.03166353,  0.        , ..., -0.75119414,
         -0.55276698, -0.4334299 ],
        ...,
        [ 0.6877453 ,  0.72991697,  0.75119414, ...,  0.        ,
          0.26112585,  0.39086762],
        [ 0.47431897,  0.52610347,  0.55276698, ..., -0.26112585,
          0.        ,  0.1369539 ],
        [ 0.34928189,  0.40467781,  0.4334299 , ..., -0.39086762,
         -0.1369539 ,  0.        ]],

       [[ 0.        , -0.00797026,  0.00476056, ..., -0.98227677,
         -0.98723398, -0.9771651 ],
        [ 0.00797026,  0.        ,  0.01273057, ..., -0.98075165,
         -0.98593315, -0.97544053],
        [-0.00476056, -0.01273057,  0.        , ..., -0.98315794,
         -0.98798104, -0.97816556],
        ...,
        [ 0.98227677,  0.98075165,  0.98315794, ...,  0.        ,
         -0.02858966,  0.0255594 ],
        [ 0.98723398,  0.98593315,  0.98798104, ...,  0.02858966,
          0.        ,  0.05412927],
        [ 0.9771651 ,  0.97544053,  0.97816556, ..., -0.0255594 ,
         -0.05412927,  0.        ]]]), 'num': array([7.55050281e-01, 6.55558608e-01, 3.80465289e-06, 2.68896413e-04,
       2.69410556e-04, 2.62212564e-04, 1.18938385e-02, 3.59899597e-06,
       2.62623878e-04, 2.42675157e-04, 2.47936546e-04, 8.09950170e-07,
       2.71284761e-04, 2.14065553e-04])}
{'img': array([[[ 0.00000000e+00, -1.79496017e-01, -3.41340651e-01, ...,
          0.00000000e+00, -3.61764239e-01, -2.05023220e-01],
        [ 1.79496017e-01,  0.00000000e+00, -1.67081411e-01, ...,
          1.79496017e-01, -1.88550036e-01, -2.60103736e-02],
        [ 3.41340651e-01,  1.67081411e-01,  0.00000000e+00, ...,
          3.41340651e-01, -2.18150379e-02,  1.41380134e-01],
        ...,
        [ 0.00000000e+00, -1.79496017e-01, -3.41340651e-01, ...,
          0.00000000e+00, -3.61764239e-01, -2.05023220e-01],
        [ 3.61764239e-01,  1.88550036e-01,  2.18150379e-02, ...,
          3.61764239e-01,  0.00000000e+00,  1.62942403e-01],
        [ 2.05023220e-01,  2.60103736e-02, -1.41380134e-01, ...,
          2.05023220e-01, -1.62942403e-01,  0.00000000e+00]],

       [[ 0.00000000e+00, -3.52158820e-01, -3.49671531e-01, ...,
          6.39224020e-01,  5.93664442e-01,  1.14346329e-01],
        [ 3.52158820e-01,  0.00000000e+00,  2.65620306e-03, ...,
          3.27458113e-01,  8.39021126e-01,  4.56870325e-01],
        [ 3.49671531e-01, -2.65620306e-03,  0.00000000e+00, ...,
          3.29966713e-01,  8.37572929e-01,  4.54505932e-01],
        ...,
        [-6.39224020e-01, -3.27458113e-01, -3.29966713e-01, ...,
          0.00000000e+00, -9.70931861e-01, -7.22965997e-01],
        [-5.93664442e-01, -8.39021126e-01, -8.37572929e-01, ...,
          9.70931861e-01,  0.00000000e+00, -4.97754623e-01],
        [-1.14346329e-01, -4.56870325e-01, -4.54505932e-01, ...,
          7.22965997e-01,  4.97754623e-01,  0.00000000e+00]],

       [[ 0.00000000e+00,  1.95543741e-01, -3.62023485e-02, ...,
         -8.31479760e-01, -7.41101873e-01, -6.39060480e-01],
        [-1.95543741e-01,  0.00000000e+00, -2.30919020e-01, ...,
         -9.24063339e-01, -8.58081506e-01, -7.77127143e-01],
        [ 3.62023485e-02,  2.30919020e-01,  0.00000000e+00, ...,
         -8.10822311e-01, -7.16310077e-01, -6.10796292e-01],
        ...,
        [ 8.31479760e-01,  9.24063339e-01,  8.10822311e-01, ...,
          0.00000000e+00,  1.46526467e-01,  2.84504777e-01],
        [ 7.41101873e-01,  8.58081506e-01,  7.16310077e-01, ...,
         -1.46526467e-01,  0.00000000e+00,  1.40962840e-01],
        [ 6.39060480e-01,  7.77127143e-01,  6.10796292e-01, ...,
         -2.84504777e-01, -1.40962840e-01,  0.00000000e+00]],

       ...,

       [[ 0.00000000e+00, -1.97748623e-01, -2.48152321e-01, ...,
          9.17851901e-01,  5.46283462e-01,  5.67874196e-01],
        [ 1.97748623e-01,  0.00000000e+00, -5.16887488e-02, ...,
          9.78217845e-01,  7.01130194e-01,  7.19430180e-01],
        [ 2.48152321e-01,  5.16887488e-02,  0.00000000e+00, ...,
          9.87639805e-01,  7.37048751e-01,  7.54369660e-01],
        ...,
        [-9.17851901e-01, -9.78217845e-01, -9.87639805e-01, ...,
          0.00000000e+00, -5.51960606e-01, -5.30095655e-01],
        [-5.46283462e-01, -7.01130194e-01, -7.37048751e-01, ...,
          5.51960606e-01,  0.00000000e+00,  2.59973265e-02],
        [-5.67874196e-01, -7.19430180e-01, -7.54369660e-01, ...,
          5.30095655e-01, -2.59973265e-02,  0.00000000e+00]],

       [[ 0.00000000e+00,  3.16635253e-02,  3.25559551e-02, ...,
         -5.26103468e-01, -4.04677808e-01, -2.31981771e-01],
        [-3.16635253e-02,  0.00000000e+00,  8.92890178e-04, ...,
         -5.52766985e-01, -4.33429902e-01, -2.62665201e-01],
        [-3.25559551e-02, -8.92890178e-04,  0.00000000e+00, ...,
         -5.53510842e-01, -4.34234391e-01, -2.63526634e-01],
        ...,
        [ 5.26103468e-01,  5.52766985e-01,  5.53510842e-01, ...,
          0.00000000e+00,  1.36953896e-01,  3.14469366e-01],
        [ 4.04677808e-01,  4.33429902e-01,  4.34234391e-01, ...,
         -1.36953896e-01,  0.00000000e+00,  1.81500355e-01],
        [ 2.31981771e-01,  2.62665201e-01,  2.63526634e-01, ...,
         -3.14469366e-01, -1.81500355e-01,  0.00000000e+00]],

       [[ 0.00000000e+00,  1.27305696e-02,  5.81427395e-02, ...,
         -9.85933148e-01, -9.75440534e-01, -9.79547298e-01],
        [-1.27305696e-02,  0.00000000e+00,  4.54289948e-02, ...,
         -9.87981040e-01, -9.78165560e-01, -9.82029487e-01],
        [-5.81427395e-02, -4.54289948e-02,  0.00000000e+00, ...,
         -9.93983211e-01, -9.86597053e-01, -9.89589314e-01],
        ...,
        [ 9.85933148e-01,  9.87981040e-01,  9.93983211e-01, ...,
          0.00000000e+00,  5.41292667e-02,  3.46619200e-02],
        [ 9.75440534e-01,  9.78165560e-01,  9.86597053e-01, ...,
         -5.41292667e-02,  0.00000000e+00, -1.94856367e-02],
        [ 9.79547298e-01,  9.82029487e-01,  9.89589314e-01, ...,
         -3.46619200e-02,  1.94856367e-02,  0.00000000e+00]]]), 'num': array([ 7.29854592e-01,  6.83477228e-01,  1.80106268e-06,  2.56228531e-04,
        2.61203842e-04,  2.54735938e-04,  1.30638141e-02, -3.98024902e-06,
        2.56228531e-04,  2.36103397e-04,  2.39801712e-04,  7.07599827e-07,
        2.65230817e-04,  2.06975977e-04])}
{'img': array([[[ 0.00000000e+00, -1.67081411e-01, -3.79861699e-01, ...,
         -1.88550036e-01, -2.60103736e-02, -2.09529155e-01],
        [ 1.67081411e-01,  0.00000000e+00, -2.19964484e-01, ...,
         -2.18150379e-02,  1.41380134e-01, -4.32112206e-02],
        [ 3.79861699e-01,  2.19964484e-01,  0.00000000e+00, ...,
          1.98631396e-01,  3.55672460e-01,  1.77606142e-01],
        ...,
        [ 1.88550036e-01,  2.18150379e-02, -1.98631396e-01, ...,
          0.00000000e+00,  1.62942403e-01, -2.14062756e-02],
        [ 2.60103736e-02, -1.41380134e-01, -3.55672460e-01, ...,
         -1.62942403e-01,  0.00000000e+00, -1.84025260e-01],
        [ 2.09529155e-01,  4.32112206e-02, -1.77606142e-01, ...,
          2.14062756e-02,  1.84025260e-01,  0.00000000e+00]],

       [[ 0.00000000e+00,  2.65620306e-03,  4.61681126e-01, ...,
          8.39021126e-01,  4.56870325e-01,  5.69146559e-01],
        [-2.65620306e-03,  0.00000000e+00,  4.59323323e-01, ...,
          8.37572929e-01,  4.54505932e-01,  5.66960525e-01],
        [-4.61681126e-01, -4.59323323e-01,  0.00000000e+00, ...,
          4.93050135e-01, -5.41576285e-03,  1.25248270e-01],
        ...,
        [-8.39021126e-01, -8.37572929e-01, -4.93050135e-01, ...,
          0.00000000e+00, -4.97754623e-01, -3.80201470e-01],
        [-4.56870325e-01, -4.54505932e-01,  5.41576285e-03, ...,
          4.97754623e-01,  0.00000000e+00,  1.30619549e-01],
        [-5.69146559e-01, -5.66960525e-01, -1.25248270e-01, ...,
          3.80201470e-01, -1.30619549e-01,  0.00000000e+00]],

       [[ 0.00000000e+00, -2.30919020e-01, -4.88458954e-01, ...,
         -8.58081506e-01, -7.77127143e-01, -7.03773210e-01],
        [ 2.30919020e-01,  0.00000000e+00, -2.73760455e-01, ...,
         -7.16310077e-01, -6.10796292e-01, -5.20701734e-01],
        [ 4.88458954e-01,  2.73760455e-01,  0.00000000e+00, ...,
         -4.97920384e-01, -3.70702412e-01, -2.67089953e-01],
        ...,
        [ 8.58081506e-01,  7.16310077e-01,  4.97920384e-01, ...,
          0.00000000e+00,  1.40962840e-01,  2.48205252e-01],
        [ 7.77127143e-01,  6.10796292e-01,  3.70702412e-01, ...,
         -1.40962840e-01,  0.00000000e+00,  1.09175139e-01],
        [ 7.03773210e-01,  5.20701734e-01,  2.67089953e-01, ...,
         -2.48205252e-01, -1.09175139e-01,  0.00000000e+00]],

       ...,

       [[ 0.00000000e+00, -5.16887488e-02, -1.88240113e-01, ...,
          7.01130194e-01,  7.19430180e-01,  4.27849688e-01],
        [ 5.16887488e-02,  0.00000000e+00, -1.37223770e-01, ...,
          7.37048751e-01,  7.54369660e-01,  4.73996627e-01],
        [ 1.88240113e-01,  1.37223770e-01,  0.00000000e+00, ...,
          8.22817580e-01,  8.37313903e-01,  5.90341842e-01],
        ...,
        [-7.01130194e-01, -7.37048751e-01, -8.22817580e-01, ...,
          0.00000000e+00,  2.59973265e-02, -3.28645393e-01],
        [-7.19430180e-01, -7.54369660e-01, -8.37313903e-01, ...,
         -2.59973265e-02,  0.00000000e+00, -3.53087578e-01],
        [-4.27849688e-01, -4.73996627e-01, -5.90341842e-01, ...,
          3.28645393e-01,  3.53087578e-01,  0.00000000e+00]],

       [[ 0.00000000e+00,  8.92890178e-04, -3.14025205e-03, ...,
         -4.33429902e-01, -2.62665201e-01, -1.35530364e-01],
        [-8.92890178e-04,  0.00000000e+00, -4.03313657e-03, ...,
         -4.34234391e-01, -2.63526634e-01, -1.36414962e-01],
        [ 3.14025205e-03,  4.03313657e-03,  0.00000000e+00, ...,
         -4.30597810e-01, -2.59633917e-01, -1.32418418e-01],
        ...,
        [ 4.33429902e-01,  4.34234391e-01,  4.30597810e-01, ...,
          0.00000000e+00,  1.81500355e-01,  3.07292488e-01],
        [ 2.62665201e-01,  2.63526634e-01,  2.59633917e-01, ...,
         -1.81500355e-01,  0.00000000e+00,  1.29470148e-01],
        [ 1.35530364e-01,  1.36414962e-01,  1.32418418e-01, ...,
         -3.07292488e-01, -1.29470148e-01,  0.00000000e+00]],

       [[ 0.00000000e+00,  4.54289948e-02,  6.00273620e-02, ...,
         -9.78165560e-01, -9.82029487e-01, -9.83390569e-01],
        [-4.54289948e-02,  0.00000000e+00,  1.46183139e-02, ...,
         -9.86597053e-01, -9.89589314e-01, -9.90620742e-01],
        [-6.00273620e-02, -1.46183139e-02,  0.00000000e+00, ...,
         -9.88876983e-01, -9.91587442e-01, -9.92512341e-01],
        ...,
        [ 9.78165560e-01,  9.86597053e-01,  9.88876983e-01, ...,
          0.00000000e+00, -1.94856367e-02, -2.68362515e-02],
        [ 9.82029487e-01,  9.89589314e-01,  9.91587442e-01, ...,
          1.94856367e-02,  0.00000000e+00, -7.35253748e-03],
        [ 9.83390569e-01,  9.90620742e-01,  9.92512341e-01, ...,
          2.68362515e-02,  7.35253748e-03,  0.00000000e+00]]]), 'num': array([ 7.31278742e-01,  6.82032604e-01,  1.94648765e-06,  2.52544296e-04,
        2.59531687e-04,  2.52544296e-04,  7.90172171e-03, -4.49189459e-06,
        2.58533488e-04,  2.38120323e-04,  2.40407862e-04,  6.53497054e-07,
        2.67743291e-04,  2.08497355e-04])}
{'img': array([[[ 0.        , -0.21996448,  0.02225918, ...,  0.14138013,
         -0.04321122, -0.21996448],
        [ 0.21996448,  0.        ,  0.24162399, ...,  0.35567246,
          0.17760614,  0.        ],
        [-0.02225918, -0.24162399,  0.        , ...,  0.11930951,
         -0.0654389 , -0.24162399],
        ...,
        [-0.14138013, -0.35567246, -0.11930951, ...,  0.        ,
         -0.18402526, -0.35567246],
        [ 0.04321122, -0.17760614,  0.0654389 , ...,  0.18402526,
          0.        , -0.17760614],
        [ 0.21996448,  0.        ,  0.24162399, ...,  0.35567246,
          0.17760614,  0.        ]],

       [[ 0.        ,  0.45932332,  0.43045112, ...,  0.45450593,
          0.56696052,  0.05232659],
        [-0.45932332,  0.        , -0.03223516, ..., -0.00541576,
          0.12524827, -0.41221396],
        [-0.43045112,  0.03223516,  0.        , ...,  0.02682174,
          0.15716451, -0.3826307 ],
        ...,
        [-0.45450593,  0.00541576, -0.02682174, ...,  0.        ,
          0.13061955, -0.40727369],
        [-0.56696052, -0.12524827, -0.15716451, ..., -0.13061955,
          0.        , -0.52308003],
        [-0.05232659,  0.41221396,  0.3826307 , ...,  0.40727369,
          0.52308003,  0.        ]],

       [[ 0.        , -0.43950785, -0.58347226, ..., -0.75850828,
         -0.67930594, -0.60978926],
        [ 0.43950785,  0.        , -0.16715853, ..., -0.39491034,
         -0.2876438 , -0.19939841],
        [ 0.58347226,  0.16715853,  0.        , ..., -0.23578214,
         -0.12350268, -0.03279115],
        ...,
        [ 0.75850828,  0.39491034,  0.23578214, ...,  0.        ,
          0.11395641,  0.20378871],
        [ 0.67930594,  0.2876438 ,  0.12350268, ..., -0.11395641,
          0.        ,  0.09089616],
        [ 0.60978926,  0.19939841,  0.03279115, ..., -0.20378871,
         -0.09089616,  0.        ]],

       ...,

       [[ 0.        , -0.13722377, -0.02013641, ...,  0.75436966,
          0.47399663,  0.28097083],
        [ 0.13722377,  0.        ,  0.11725003, ...,  0.8373139 ,
          0.59034184,  0.41000876],
        [ 0.02013641, -0.11725003,  0.        , ...,  0.76743525,
          0.49163117,  0.3002391 ],
        ...,
        [-0.75436966, -0.8373139 , -0.76743525, ...,  0.        ,
         -0.35308758, -0.5395376 ],
        [-0.47399663, -0.59034184, -0.49163117, ...,  0.35308758,
          0.        , -0.20749999],
        [-0.28097083, -0.41000876, -0.3002391 , ...,  0.5395376 ,
          0.20749999,  0.        ]],

       [[ 0.        , -0.00403314, -0.00264189, ..., -0.26352663,
         -0.13641496, -0.05195968],
        [ 0.00403314,  0.        ,  0.00139125, ..., -0.25963392,
         -0.13241842, -0.04793157],
        [ 0.00264189, -0.00139125,  0.        , ..., -0.26097721,
         -0.13379729, -0.04932118],
        ...,
        [ 0.26352663,  0.25963392,  0.26097721, ...,  0.        ,
          0.12947015,  0.21304764],
        [ 0.13641496,  0.13241842,  0.13379729, ..., -0.12947015,
          0.        ,  0.08475674],
        [ 0.05195968,  0.04793157,  0.04932118, ..., -0.21304764,
         -0.08475674,  0.        ]],

       [[ 0.        ,  0.01461831,  0.05997527, ..., -0.98958931,
         -0.99062074, -0.98499618],
        [-0.01461831,  0.        ,  0.04537686, ..., -0.99158744,
         -0.99251234, -0.98741371],
        [-0.05997527, -0.04537686,  0.        , ..., -0.99643956,
         -0.99703252, -0.99357336],
        ...,
        [ 0.98958931,  0.99158744,  0.99643956, ...,  0.        ,
         -0.00735254,  0.02901875],
        [ 0.99062074,  0.99251234,  0.99703252, ...,  0.00735254,
          0.        ,  0.0363674 ],
        [ 0.98499618,  0.98741371,  0.99357336, ..., -0.02901875,
         -0.0363674 ,  0.        ]]]), 'num': array([ 7.30934985e-01,  6.82396568e-01,  1.92612765e-06,  2.51494387e-04,
        2.56484356e-04,  2.50496394e-04,  8.27548270e-03, -9.97993601e-07,
        2.55885559e-04,  2.39817862e-04,  2.40250326e-04,  6.48695841e-07,
        2.68251749e-04,  2.11383976e-04])}
{'img': array([[[ 0.        ,  0.24162399,  0.3798617 , ...,  0.17760614,
          0.        , -0.037058  ],
        [-0.24162399,  0.        ,  0.14509373, ..., -0.0654389 ,
         -0.24162399, -0.27741799],
        [-0.3798617 , -0.14509373,  0.        , ..., -0.20952915,
         -0.3798617 , -0.41388104],
        ...,
        [-0.17760614,  0.0654389 ,  0.20952915, ...,  0.        ,
         -0.17760614, -0.21395299],
        [ 0.        ,  0.24162399,  0.3798617 , ...,  0.17760614,
          0.        , -0.037058  ],
        [ 0.037058  ,  0.27741799,  0.41388104, ...,  0.21395299,
          0.037058  ,  0.        ]],

       [[ 0.        , -0.03223516, -0.14008329, ...,  0.12524827,
         -0.41221396, -0.357314  ],
        [ 0.03223516,  0.        , -0.10809317, ...,  0.15716451,
         -0.3826307 , -0.32702117],
        [ 0.14008329,  0.10809317,  0.        , ...,  0.26299348,
         -0.28052135, -0.22295519],
        ...,
        [-0.12524827, -0.15716451, -0.26299348, ...,  0.        ,
         -0.52308003, -0.47148023],
        [ 0.41221396,  0.3826307 ,  0.28052135, ...,  0.52308003,
          0.        ,  0.05945721],
        [ 0.357314  ,  0.32702117,  0.22295519, ...,  0.47148023,
         -0.05945721,  0.        ]],

       [[ 0.        , -0.28041383, -0.32994085, ..., -0.42804648,
         -0.32206564, -0.49315332],
        [ 0.28041383,  0.        , -0.05199225, ..., -0.15744703,
         -0.04367148, -0.22942373],
        [ 0.32994085,  0.05199225,  0.        , ..., -0.1058903 ,
          0.00833024, -0.17850799],
        ...,
        [ 0.42804648,  0.15744703,  0.1058903 , ...,  0.        ,
          0.11417003, -0.07331484],
        [ 0.32206564,  0.04367148, -0.00833024, ..., -0.11417003,
          0.        , -0.18669823],
        [ 0.49315332,  0.22942373,  0.17850799, ...,  0.07331484,
          0.18669823,  0.        ]],

       ...,

       [[ 0.        ,  0.11725003, -0.13861118, ...,  0.59034184,
          0.41000876,  0.3951084 ],
        [-0.11725003,  0.        , -0.25377329, ...,  0.49163117,
          0.3002391 ,  0.2846732 ],
        [ 0.13861118,  0.25377329,  0.        , ...,  0.69652367,
          0.53247559,  0.51862738],
        ...,
        [-0.59034184, -0.49163117, -0.69652367, ...,  0.        ,
         -0.20749999, -0.22339532],
        [-0.41000876, -0.3002391 , -0.53247559, ...,  0.20749999,
          0.        , -0.01627709],
        [-0.3951084 , -0.2846732 , -0.51862738, ...,  0.22339532,
          0.01627709,  0.        ]],

       [[ 0.        ,  0.00139125,  0.01942652, ..., -0.13241842,
         -0.04793157, -0.01832881],
        [-0.00139125,  0.        ,  0.01803552, ..., -0.13379729,
         -0.04932118, -0.01971981],
        [-0.01942652, -0.01803552,  0.        , ..., -0.15164888,
         -0.06732672, -0.03774861],
        ...,
        [ 0.13241842,  0.13379729,  0.15164888, ...,  0.        ,
          0.08475674,  0.11422877],
        [ 0.04793157,  0.04932118,  0.06732672, ..., -0.08475674,
          0.        ,  0.02961577],
        [ 0.01832881,  0.01971981,  0.03774861, ..., -0.11422877,
         -0.02961577,  0.        ]],

       [[ 0.        ,  0.04537686,  0.08403463, ..., -0.99251234,
         -0.98741371, -0.96213095],
        [-0.04537686,  0.        ,  0.03873171, ..., -0.99703252,
         -0.99357336, -0.97350907],
        [-0.08403463, -0.03873171,  0.        , ..., -0.99926602,
         -0.99721187, -0.98163453],
        ...,
        [ 0.99251234,  0.99703252,  0.99926602, ...,  0.        ,
          0.0363674 ,  0.15302773],
        [ 0.98741371,  0.99357336,  0.99721187, ..., -0.0363674 ,
          0.        ,  0.11698744],
        [ 0.96213095,  0.97350907,  0.98163453, ..., -0.15302773,
         -0.11698744,  0.        ]]]), 'num': array([ 7.11961510e-01,  7.02181194e-01,  3.88879377e-07,  2.44507908e-04,
        2.48396702e-04,  2.42563511e-04,  7.20528348e-03, -4.86099221e-07,
        2.48007822e-04,  2.35150498e-04,  2.34016267e-04,  6.09437829e-07,
        2.61677222e-04,  2.08623774e-04])}
{'img': array([[[ 0.00000000e+00,  1.45093730e-01,  2.27544933e-01, ...,
         -2.41623988e-01, -2.77417994e-01, -2.94917110e-01],
        [-1.45093730e-01,  0.00000000e+00,  8.38494623e-02, ...,
         -3.79861699e-01, -4.13881035e-01, -4.30436645e-01],
        [-2.27544933e-01, -8.38494623e-02,  0.00000000e+00, ...,
         -4.56088373e-01, -4.88754289e-01, -5.04605102e-01],
        ...,
        [ 2.41623988e-01,  3.79861699e-01,  4.56088373e-01, ...,
          0.00000000e+00, -3.70580034e-02, -5.53014630e-02],
        [ 2.77417994e-01,  4.13881035e-01,  4.88754289e-01, ...,
          3.70580034e-02,  0.00000000e+00, -1.82621837e-02],
        [ 2.94917110e-01,  4.30436645e-01,  5.04605102e-01, ...,
          5.53014630e-02,  1.82621837e-02,  0.00000000e+00]],

       [[ 0.00000000e+00, -1.08093172e-01, -2.52877162e-01, ...,
         -3.82630699e-01, -3.27021172e-01, -4.70544143e-01],
        [ 1.08093172e-01,  0.00000000e+00, -1.46815525e-01, ...,
         -2.80521346e-01, -2.22955193e-01, -3.72408245e-01],
        [ 2.52877162e-01,  1.46815525e-01,  0.00000000e+00, ...,
         -1.36561029e-01, -7.74192392e-02, -2.32117848e-01],
        ...,
        [ 3.82630699e-01,  2.80521346e-01,  1.36561029e-01, ...,
          0.00000000e+00,  5.94572090e-02, -9.71120601e-02],
        [ 3.27021172e-01,  2.22955193e-01,  7.74192392e-02, ...,
         -5.94572090e-02,  0.00000000e+00, -1.56116437e-01],
        [ 4.70544143e-01,  3.72408245e-01,  2.32117848e-01, ...,
          9.71120601e-02,  1.56116437e-01,  0.00000000e+00]],

       [[ 0.00000000e+00, -5.19922490e-02, -2.66362777e-02, ...,
         -4.36714765e-02, -2.29423729e-01, -3.05695582e-01],
        [ 5.19922490e-02,  0.00000000e+00,  2.53735498e-02, ...,
          8.33023526e-03, -1.78507989e-01, -2.55778782e-01],
        [ 2.66362777e-02, -2.53735498e-02,  0.00000000e+00, ...,
         -1.70451162e-02, -2.03416528e-01, -2.80225938e-01],
        ...,
        [ 4.36714765e-02, -8.33023526e-03,  1.70451162e-02, ...,
          0.00000000e+00, -1.86698235e-01, -2.63823040e-01],
        [ 2.29423729e-01,  1.78507989e-01,  2.03416528e-01, ...,
          1.86698235e-01,  0.00000000e+00, -7.91005997e-02],
        [ 3.05695582e-01,  2.55778782e-01,  2.80225938e-01, ...,
          2.63823040e-01,  7.91005997e-02,  0.00000000e+00]],

       ...,

       [[ 0.00000000e+00, -2.53773292e-01, -4.06530793e-03, ...,
          3.00239101e-01,  2.84673196e-01,  2.08231613e-01],
        [ 2.53773292e-01,  0.00000000e+00,  2.49838970e-01, ...,
          5.32475593e-01,  5.18627383e-01,  4.49625352e-01],
        [ 4.06530793e-03, -2.49838970e-01,  0.00000000e+00, ...,
          3.04114371e-01,  2.88567947e-01,  2.12206087e-01],
        ...,
        [-3.00239101e-01, -5.32475593e-01, -3.04114371e-01, ...,
          0.00000000e+00, -1.62770901e-02, -9.50330895e-02],
        [-2.84673196e-01, -5.18627383e-01, -2.88567947e-01, ...,
          1.62770901e-02,  0.00000000e+00, -7.88170776e-02],
        [-2.08231613e-01, -4.49625352e-01, -2.12206087e-01, ...,
          9.50330895e-02,  7.88170776e-02,  0.00000000e+00]],

       [[ 0.00000000e+00,  1.80355153e-02,  2.78755294e-02, ...,
         -4.93211779e-02, -1.97198121e-02, -3.67121102e-06],
        [-1.80355153e-02,  0.00000000e+00,  9.84248863e-03, ...,
         -6.73267212e-02, -3.77486128e-02, -1.80391860e-02],
        [-2.78755294e-02, -9.84248863e-03,  0.00000000e+00, ...,
         -7.71436158e-02, -4.75822579e-02, -2.78791992e-02],
        ...,
        [ 4.93211779e-02,  6.73267212e-02,  7.71436158e-02, ...,
          0.00000000e+00,  2.96157747e-02,  4.93175111e-02],
        [ 1.97198121e-02,  3.77486128e-02,  4.75822579e-02, ...,
         -2.96157747e-02,  0.00000000e+00,  1.97161416e-02],
        [ 3.67121102e-06,  1.80391860e-02,  2.78791992e-02, ...,
         -4.93175111e-02, -1.97161416e-02,  0.00000000e+00]],

       [[ 0.00000000e+00,  3.87317073e-02,  1.15353794e-01, ...,
         -9.93573356e-01, -9.73509067e-01, -9.44058456e-01],
        [-3.87317073e-02,  0.00000000e+00,  7.67940849e-02, ...,
         -9.97211868e-01, -9.81634534e-01, -9.56122949e-01],
        [-1.15353794e-01, -7.67940849e-02,  0.00000000e+00, ...,
         -9.99997628e-01, -9.93385840e-01, -9.75797527e-01],
        ...,
        [ 9.93573356e-01,  9.97211868e-01,  9.99997628e-01, ...,
          0.00000000e+00,  1.16987436e-01,  2.20800769e-01],
        [ 9.73509067e-01,  9.81634534e-01,  9.93385840e-01, ...,
         -1.16987436e-01,  0.00000000e+00,  1.05184556e-01],
        [ 9.44058456e-01,  9.56122949e-01,  9.75797527e-01, ...,
         -2.20800769e-01, -1.05184556e-01,  0.00000000e+00]]]), 'num': array([ 8.58040814e-01,  5.13292163e-01,  1.41871873e-05,  2.88734214e-04,
        2.98239867e-04,  2.88140110e-04,  1.72173994e-02, -1.00997564e-05,
        2.98715149e-04,  2.88912445e-04,  2.85694385e-04,  7.18052934e-07,
        3.18484471e-04,  2.59340418e-04])}
{'img': array([[[ 0.        ,  0.08384946, -0.28903484, ..., -0.41388104,
         -0.43043665, -0.67205892],
        [-0.08384946,  0.        , -0.36828763, ..., -0.48875429,
         -0.5046051 , -0.73178255],
        [ 0.28903484,  0.36828763,  0.        , ..., -0.13309863,
         -0.15117614, -0.42934486],
        ...,
        [ 0.41388104,  0.48875429,  0.13309863, ...,  0.        ,
         -0.01826218, -0.30531811],
        [ 0.43043665,  0.5046051 ,  0.15117614, ...,  0.01826218,
          0.        , -0.28787702],
        [ 0.67205892,  0.73178255,  0.42934486, ...,  0.30531811,
          0.28787702,  0.        ]],

       [[ 0.        , -0.14681553,  0.10019321, ..., -0.22295519,
         -0.37240824,  0.36228174],
        [ 0.14681553,  0.        ,  0.24518425, ..., -0.07741924,
         -0.23211785,  0.49519816],
        [-0.10019321, -0.24518425,  0.        , ..., -0.31950449,
         -0.4635205 ,  0.2670718 ],
        ...,
        [ 0.22295519,  0.07741924,  0.31950449, ...,  0.        ,
         -0.15611644,  0.56097218],
        [ 0.37240824,  0.23211785,  0.4635205 , ...,  0.15611644,
          0.        ,  0.6833325 ],
        [-0.36228174, -0.49519816, -0.2670718 , ..., -0.56097218,
         -0.6833325 ,  0.        ]],

       [[ 0.        ,  0.02537355, -0.02428936, ..., -0.17850799,
         -0.25577878, -0.4405128 ],
        [-0.02537355,  0.        , -0.04964761, ..., -0.20341653,
         -0.28022594, -0.46314999],
        [ 0.02428936,  0.04964761,  0.        , ..., -0.15455609,
         -0.23222193, -0.41857715],
        ...,
        [ 0.17850799,  0.20341653,  0.15455609, ...,  0.        ,
         -0.0791006 , -0.2731826 ],
        [ 0.25577878,  0.28022594,  0.23222193, ...,  0.0791006 ,
          0.        , -0.19623483],
        [ 0.4405128 ,  0.46314999,  0.41857715, ...,  0.2731826 ,
          0.19623483,  0.        ]],

       ...,

       [[ 0.        ,  0.24983897,  0.03044747, ...,  0.51862738,
          0.44962535,  0.3816311 ],
        [-0.24983897,  0.        , -0.22024123, ...,  0.28856795,
          0.21220609,  0.13859875],
        [-0.03044747,  0.22024123,  0.        , ...,  0.49235433,
          0.42222068,  0.35331112],
        ...,
        [-0.51862738, -0.28856795, -0.49235433, ...,  0.        ,
         -0.07881708, -0.15308019],
        [-0.44962535, -0.21220609, -0.42222068, ...,  0.07881708,
          0.        , -0.07471585],
        [-0.3816311 , -0.13859875, -0.35331112, ...,  0.15308019,
          0.07471585,  0.        ]],

       [[ 0.        ,  0.00984249,  0.00457747, ..., -0.03774861,
         -0.01803919, -0.07705519],
        [-0.00984249,  0.        , -0.00526514, ..., -0.04758226,
         -0.0278792 , -0.08686468],
        [-0.00457747,  0.00526514,  0.        , ..., -0.04232242,
         -0.02261572, -0.08161824],
        ...,
        [ 0.03774861,  0.04758226,  0.04232242, ...,  0.        ,
          0.01971614, -0.03936389],
        [ 0.01803919,  0.0278792 ,  0.02261572, ..., -0.01971614,
          0.        , -0.0590571 ],
        [ 0.07705519,  0.08686468,  0.08161824, ...,  0.03936389,
          0.0590571 ,  0.        ]],

       [[ 0.        ,  0.07679408,  0.10028465, ..., -0.98163453,
         -0.95612295, -0.90853751],
        [-0.07679408,  0.        ,  0.02358155, ..., -0.99338584,
         -0.97579753, -0.9379394 ],
        [-0.10028465, -0.02358155,  0.        , ..., -0.99581733,
         -0.98068289, -0.94585663],
        ...,
        [ 0.98163453,  0.99338584,  0.99581733, ...,  0.        ,
          0.10518456,  0.23680738],
        [ 0.95612295,  0.97579753,  0.98068289, ..., -0.10518456,
          0.        ,  0.13330099],
        [ 0.90853751,  0.9379394 ,  0.94585663, ..., -0.23680738,
         -0.13330099,  0.        ]]]), 'num': array([8.96173570e-01, 4.43497599e-01, 1.80348992e-05, 3.06483393e-04,
       3.07093917e-04, 2.96104473e-04, 1.34939387e-02, 9.76839499e-06,
       3.05384448e-04, 2.98821308e-04, 2.93367287e-04, 7.92889203e-07,
       3.26395066e-04, 2.71247550e-04])}
{'img': array([[[ 0.        , -0.36828763, -0.13476516, ..., -0.5046051 ,
         -0.73178255, -0.52014647],
        [ 0.36828763,  0.        ,  0.23963518, ..., -0.15117614,
         -0.42934486, -0.16904034],
        [ 0.13476516, -0.23963518,  0.        , ..., -0.38365233,
         -0.63325931, -0.40030163],
        ...,
        [ 0.5046051 ,  0.15117614,  0.38365233, ...,  0.        ,
         -0.28787702, -0.01809695],
        [ 0.73178255,  0.42934486,  0.63325931, ...,  0.28787702,
          0.        ,  0.27049902],
        [ 0.52014647,  0.16904034,  0.40030163, ...,  0.01809695,
         -0.27049902,  0.        ]],

       [[ 0.        ,  0.24518425,  0.03446492, ..., -0.23211785,
          0.49519816,  0.23341913],
        [-0.24518425,  0.        , -0.21162566, ..., -0.4635205 ,
          0.2670718 , -0.01211697],
        [-0.03446492,  0.21162566,  0.        , ..., -0.26550356,
          0.46496153,  0.19976759],
        ...,
        [ 0.23211785,  0.4635205 ,  0.26550356, ...,  0.        ,
          0.6833325 ,  0.45274979],
        [-0.49519816, -0.2670718 , -0.46496153, ..., -0.6833325 ,
          0.        , -0.27872903],
        [-0.23341913,  0.01211697, -0.19976759, ..., -0.45274979,
          0.27872903,  0.        ]],

       [[ 0.        , -0.04964761,  0.09502371, ..., -0.28022594,
         -0.46314999, -0.51802473],
        [ 0.04964761,  0.        ,  0.14432948, ..., -0.23222193,
         -0.41857715, -0.47491904],
        [-0.09502371, -0.14432948,  0.        , ..., -0.37017441,
         -0.54527184, -0.59696069],
        ...,
        [ 0.28022594,  0.23222193,  0.37017441, ...,  0.        ,
         -0.19623483, -0.25757395],
        [ 0.46314999,  0.41857715,  0.54527184, ...,  0.19623483,
          0.        , -0.06295233],
        [ 0.51802473,  0.47491904,  0.59696069, ...,  0.25757395,
          0.06295233,  0.        ]],

       ...,

       [[ 0.        , -0.22024123, -0.13976101, ...,  0.21220609,
          0.13859875,  0.28641221],
        [ 0.22024123,  0.        ,  0.08175038, ...,  0.42222068,
          0.35331112,  0.49039403],
        [ 0.13976101, -0.08175038,  0.        , ...,  0.34670129,
