state_0,state_1,state_2,state_3,state_4,state_5,state_6,state_7,state_8,state_9,state_10,state_11,state_12,state_13,state_14,state_15,state_16,state_17,state_18,state_19,state_20,state_21,state_22,state_23,state_24,state_25,state_26,state_27,state_28,state_29,state_30,state_31,state_32,state_33,state_34,state_35,state_36,state_37,state_38,state_39,state_40,state_41,state_42,state_43,state_44,state_45,state_46,state_47,state_48,state_49,state_50,state_51,state_52,state_53,state_54,state_55,state_56,state_57,state_58,state_59,state_60,state_61,state_62,state_63,state_64,state_65,state_66,state_67,state_68,state_69,state_70,state_71,state_72,state_73,state_74,state_75,state_76,state_77,state_78,state_79,state_80,state_81,state_82,state_83,state_84,state_85,state_86,state_87,state_88,state_89,state_90,state_91,state_92,state_93,state_94,state_95,state_96,state_97,state_98,state_99,state_100,state_101,state_102,state_103,state_104,state_105,state_106,state_107,state_108,state_109,state_110,state_111,state_112,state_113,state_114,state_115,state_116,state_117,state_118,state_119,state_120,state_121,state_122,state_123,state_124,state_125,state_126,state_127,state_128,state_129,state_130,state_131,state_132,state_133,state_134,state_135,state_136,state_137,state_138,state_139,state_140,state_141,state_142,state_143,state_144,state_145,state_146,state_147,state_148,state_149,state_150,state_151,state_152,state_153,state_154,state_155,state_156,state_157,state_158,state_159,state_160,state_161,state_162,state_163,state_164,state_165,state_166,state_167,state_168,state_169,state_170,state_171,state_172,state_173,state_174,state_175,state_176,state_177,state_178,state_179,state_180,state_181,state_182,state_183,state_184,state_185,state_186,state_187,state_188,state_189,state_190,state_191,state_192,state_193,state_194,state_195,state_196,state_197,state_198,state_199,state_200,state_201,state_202,state_203,state_204,state_205,state_206,state_207,state_208,state_209,state_210,state_211,state_212,state_213,state_214,state_215,state_216,state_217,state_218,state_219,state_220,state_221,state_222,state_223,state_224,state_225,state_226,state_227,state_228,state_229,state_230,state_231,state_232,state_233,state_234,state_235,state_236,state_237,state_238,state_239,state_240,state_241,state_242,state_243,state_244,state_245,state_246,state_247,state_248,state_249,state_250,state_251,state_252,state_253,state_254,state_255,state_256,state_257,state_258,state_259,state_260,state_261,state_262,state_263,state_264,state_265,state_266,state_267,state_268,state_269,state_270,state_271,state_272,state_273,state_274,state_275,state_276,state_277,state_278,state_279,state_280,state_281,state_282,state_283,state_284,state_285,state_286,state_287
{'img': array([[[ 0.        ,  0.48412292,  0.20305822, ...,  0.9860133 ,
          0.97805788,  0.99215674],
        [-0.48412292,  0.        , -0.29636109, ...,  0.78207448,
          0.75494171,  0.92865251],
        [-0.20305822,  0.29636109,  0.        , ...,  0.93162832,
          0.91537788,  0.99686909],
        ...,
        [-0.9860133 , -0.78207448, -0.93162832, ...,  0.        ,
         -0.04240979,  0.28861112],
        [-0.97805788, -0.75494171, -0.91537788, ...,  0.04240979,
          0.        ,  0.32895656],
        [-0.99215674, -0.92865251, -0.99686909, ..., -0.28861112,
         -0.32895656,  0.        ]],

       [[ 0.        , -0.51217642, -0.61023895, ..., -0.85821652,
         -0.80263564, -0.20841211],
        [ 0.51217642,  0.        , -0.11836711, ..., -0.47421131,
         -0.38387022,  0.32192854],
        [ 0.61023895,  0.11836711,  0.        , ..., -0.36666585,
         -0.27187292,  0.43173107],
        ...,
        [ 0.85821652,  0.47421131,  0.36666585, ...,  0.        ,
          0.099917  ,  0.73239563],
        [ 0.80263564,  0.38387022,  0.27187292, ..., -0.099917  ,
          0.        ,  0.66069914],
        [ 0.20841211, -0.32192854, -0.43173107, ..., -0.73239563,
         -0.66069914,  0.        ]],

       [[ 0.        ,  0.11810931, -0.0307004 , ...,  0.71692395,
          0.74220639,  0.8229916 ],
        [-0.11810931,  0.        , -0.14853915, ...,  0.62956585,
          0.65785792,  0.75013875],
        [ 0.0307004 ,  0.14853915,  0.        , ...,  0.73798884,
          0.76243107,  0.84004314],
        ...,
        [-0.71692395, -0.62956585, -0.73798884, ...,  0.        ,
          0.0369683 ,  0.16649855],
        [-0.74220639, -0.65785792, -0.76243107, ..., -0.0369683 ,
          0.        ,  0.12993245],
        [-0.8229916 , -0.75013875, -0.84004314, ..., -0.16649855,
         -0.12993245,  0.        ]],

       ...,

       [[ 0.        ,  0.05185785,  0.07672071, ..., -0.20310551,
         -0.37236229,  0.06833706],
        [-0.05185785,  0.        ,  0.02491247, ..., -0.2536092 ,
         -0.41998989,  0.01650849],
        [-0.07672071, -0.02491247,  0.        , ..., -0.27762849,
         -0.44246832, -0.00840571],
        ...,
        [ 0.20310551,  0.2536092 ,  0.27762849, ...,  0.        ,
         -0.17610141,  0.26954341],
        [ 0.37236229,  0.41998989,  0.44246832, ...,  0.17610141,
          0.        ,  0.43491458],
        [-0.06833706, -0.01650849,  0.00840571, ..., -0.26954341,
         -0.43491458,  0.        ]],

       [[ 0.        , -0.47248586, -0.77796146, ...,  0.54112785,
          0.45008617,  0.41597693],
        [ 0.47248586,  0.        , -0.38877865, ...,  0.87424909,
          0.818601  ,  0.79628329],
        [ 0.77796146,  0.38877865,  0.        , ...,  0.99421629,
          0.97750255,  0.96882213],
        ...,
        [-0.54112785, -0.87424909, -0.99421629, ...,  0.        ,
         -0.10472351, -0.14227645],
        [-0.45008617, -0.818601  , -0.97750255, ...,  0.10472351,
          0.        , -0.03783597],
        [-0.41597693, -0.79628329, -0.96882213, ...,  0.14227645,
          0.03783597,  0.        ]],

       [[ 0.        ,  0.59395944,  0.68418321, ...,  0.99879045,
          0.99808805,  0.99728481],
        [-0.59395944,  0.        ,  0.11724129, ...,  0.83272659,
          0.83966839,  0.84605045],
        [-0.68418321, -0.11724129,  0.        , ...,  0.76206898,
          0.7702039 ,  0.77771396],
        ...,
        [-0.99879045, -0.83272659, -0.76206898, ...,  0.        ,
          0.01265796,  0.02451603],
        [-0.99808805, -0.83966839, -0.7702039 , ..., -0.01265796,
          0.        ,  0.01185992],
        [-0.99728481, -0.84605045, -0.77771396, ..., -0.02451603,
         -0.01185992,  0.        ]]]), 'num': array([7.07060115e-01, 7.07060115e-01, 0.00000000e+00, 3.15975582e-04,
       3.17270564e-04, 3.11443146e-04, 1.14546329e-02, 0.00000000e+00,
       3.10277662e-04, 3.08885556e-04, 3.15727377e-04, 6.62206651e-07,
       3.26491953e-04, 2.91279160e-04])}
{'img': array([[[ 0.        , -0.44659376, -0.0496071 , ...,  0.77388201,
          0.9404295 ,  0.9404295 ],
        [ 0.44659376,  0.        ,  0.40165861, ...,  0.97526188,
          0.99327378,  0.99327378],
        [ 0.0496071 , -0.40165861,  0.        , ...,  0.80434687,
          0.95613751,  0.95613751],
        ...,
        [-0.77388201, -0.97526188, -0.80434687, ...,  0.        ,
          0.33249084,  0.33249084],
        [-0.9404295 , -0.99327378, -0.95613751, ..., -0.33249084,
          0.        ,  0.        ],
        [-0.9404295 , -0.99327378, -0.95613751, ..., -0.33249084,
          0.        ,  0.        ]],

       [[ 0.        , -0.11836711, -0.34349447, ..., -0.38387022,
          0.32192854, -0.45296802],
        [ 0.11836711,  0.        , -0.22991465, ..., -0.27187292,
          0.43173107, -0.34425616],
        [ 0.34349447,  0.22991465,  0.        , ..., -0.04333517,
          0.62754889, -0.11917252],
        ...,
        [ 0.38387022,  0.27187292,  0.04333517, ...,  0.        ,
          0.66069914, -0.07603423],
        [-0.32192854, -0.43173107, -0.62754889, ..., -0.66069914,
          0.        , -0.71586171],
        [ 0.45296802,  0.34425616,  0.11917252, ...,  0.07603423,
          0.71586171,  0.        ]],

       [[ 0.        , -0.14853915, -0.61552969, ...,  0.65785792,
          0.75013875,  0.78652055],
        [ 0.14853915,  0.        , -0.4916356 , ...,  0.76243107,
          0.84004314,  0.86952775],
        [ 0.61552969,  0.4916356 ,  0.        , ...,  0.98204813,
          0.99823238,  0.99999666],
        ...,
        [-0.65785792, -0.76243107, -0.98204813, ...,  0.        ,
          0.12993245,  0.18609227],
        [-0.75013875, -0.84004314, -0.99823238, ..., -0.12993245,
          0.        ,  0.05685191],
        [-0.78652055, -0.86952775, -0.99999666, ..., -0.18609227,
         -0.05685191,  0.        ]],

       ...,

       [[ 0.        ,  0.02491247,  0.02491247, ..., -0.41998989,
          0.01650849,  0.04879926],
        [-0.02491247,  0.        ,  0.        , ..., -0.44246832,
         -0.00840571,  0.02390133],
        [-0.02491247,  0.        ,  0.        , ..., -0.44246832,
         -0.00840571,  0.02390133],
        ...,
        [ 0.41998989,  0.44246832,  0.44246832, ...,  0.        ,
          0.43491458,  0.46377625],
        [-0.01650849,  0.00840571,  0.00840571, ..., -0.43491458,
          0.        ,  0.03230379],
        [-0.04879926, -0.02390133, -0.02390133, ..., -0.46377625,
         -0.03230379,  0.        ]],

       [[ 0.        , -0.38877865, -0.49511841, ...,  0.818601  ,
          0.79628329,  0.78135095],
        [ 0.38877865,  0.        , -0.11838723, ...,  0.97750255,
          0.96882213,  0.9625166 ],
        [ 0.49511841,  0.11838723,  0.        , ...,  0.99559893,
          0.99134019,  0.98785702],
        ...,
        [-0.818601  , -0.97750255, -0.99559893, ...,  0.        ,
         -0.03783597, -0.0621035 ],
        [-0.79628329, -0.96882213, -0.99134019, ...,  0.03783597,
          0.        , -0.02429609],
        [-0.78135095, -0.9625166 , -0.98785702, ...,  0.0621035 ,
          0.02429609,  0.        ]],

       [[ 0.        ,  0.20901619,  0.20471346, ...,  0.95207599,
          0.95592349,  0.958172  ],
        [-0.20901619,  0.        , -0.00439784, ...,  0.86711669,
          0.87343875,  0.87718911],
        [-0.20471346,  0.00439784,  0.        , ...,  0.8692989 ,
          0.87557177,  0.87929223],
        ...,
        [-0.95207599, -0.86711669, -0.8692989 , ...,  0.        ,
          0.01283563,  0.02059054],
        [-0.95592349, -0.87343875, -0.87557177, ..., -0.01283563,
          0.        ,  0.00775593],
        [-0.958172  , -0.87718911, -0.87929223, ..., -0.02059054,
         -0.00775593,  0.        ]]]), 'num': array([7.25642982e-01, 6.87953145e-01, 1.54150665e-06, 3.24912394e-04,
       3.26241279e-04, 3.20925739e-04, 1.27243268e-02, 6.64442524e-07,
       3.20394185e-04, 3.16872639e-04, 3.24535877e-04, 7.02628875e-07,
       3.34740585e-04, 2.99004694e-04])}
{'img': array([[[ 0.        ,  0.40165861,  0.85671537, ...,  0.99327378,
          0.99327378,  0.99059287],
        [-0.40165861,  0.        ,  0.57739963, ...,  0.95613751,
          0.95613751,  0.96213833],
        [-0.85671537, -0.57739963,  0.        , ...,  0.61151878,
          0.61151878,  0.62817211],
        ...,
        [-0.99327378, -0.95613751, -0.61151878, ...,  0.        ,
          0.        ,  0.02122145],
        [-0.99327378, -0.95613751, -0.61151878, ...,  0.        ,
          0.        ,  0.02122145],
        [-0.99059287, -0.96213833, -0.62817211, ..., -0.02122145,
         -0.02122145,  0.        ]],

       [[ 0.        , -0.22991465, -0.07156888, ...,  0.43173107,
         -0.34425616, -0.28029011],
        [ 0.22991465,  0.        ,  0.15967346, ...,  0.62754889,
         -0.11917252, -0.05208276],
        [ 0.07156888, -0.15967346,  0.        , ...,  0.49517926,
         -0.27617909, -0.21087129],
        ...,
        [-0.43173107, -0.62754889, -0.49517926, ...,  0.        ,
         -0.71586171, -0.66724762],
        [ 0.34425616,  0.11917252,  0.27617909, ...,  0.71586171,
          0.        ,  0.06729918],
        [ 0.28029011,  0.05208276,  0.21087129, ...,  0.66724762,
         -0.06729918,  0.        ]],

       [[ 0.        , -0.4916356 , -0.33126932, ...,  0.84004314,
          0.86952775,  0.90519359],
        [ 0.4916356 ,  0.        ,  0.17540633, ...,  0.99823238,
          0.99999666,  0.99718839],
        [ 0.33126932, -0.17540633,  0.        , ...,  0.97233125,
          0.98403959,  0.99487225],
        ...,
        [-0.84004314, -0.99823238, -0.97233125, ...,  0.        ,
          0.05685191,  0.13406737],
        [-0.86952775, -0.99999666, -0.98403959, ..., -0.05685191,
          0.        ,  0.07751186],
        [-0.90519359, -0.99718839, -0.99487225, ..., -0.13406737,
         -0.07751186,  0.        ]],

       ...,

       [[ 0.        ,  0.        ,  0.136482  , ..., -0.00840571,
          0.02390133,  0.07340311],
        [ 0.        ,  0.        ,  0.136482  , ..., -0.00840571,
          0.02390133,  0.07340311],
        [-0.136482  , -0.136482  ,  0.        , ..., -0.14480423,
         -0.11276533, -0.06339757],
        ...,
        [ 0.00840571,  0.00840571,  0.14480423, ...,  0.        ,
          0.03230379,  0.08178356],
        [-0.02390133, -0.02390133,  0.11276533, ..., -0.03230379,
          0.        ,  0.04954529],
        [-0.07340311, -0.07340311,  0.06339757, ..., -0.08178356,
         -0.04954529,  0.        ]],

       [[ 0.        , -0.11838723, -0.35377924, ...,  0.96882213,
          0.9625166 ,  0.95916439],
        [ 0.11838723,  0.        , -0.24056028, ...,  0.99134019,
          0.98785702,  0.9859048 ],
        [ 0.35377924,  0.24056028,  0.        , ...,  0.99381878,
          0.99622263,  0.9972004 ],
        ...,
        [-0.96882213, -0.99134019, -0.99381878, ...,  0.        ,
         -0.02429609, -0.03639059],
        [-0.9625166 , -0.98785702, -0.99622263, ...,  0.02429609,
          0.        , -0.01209985],
        [-0.95916439, -0.9859048 , -0.9972004 , ...,  0.03639059,
          0.01209985,  0.        ]],

       [[ 0.        , -0.00439784,  0.02664467, ...,  0.87343875,
          0.87718911,  0.87903136],
        [ 0.00439784,  0.        ,  0.0310407 , ...,  0.87557177,
          0.87929223,  0.8811196 ],
        [-0.02664467, -0.0310407 ,  0.        , ...,  0.86015446,
          0.86408437,  0.86601606],
        ...,
        [-0.87343875, -0.87557177, -0.86015446, ...,  0.        ,
          0.00775593,  0.01160618],
        [-0.87718911, -0.87929223, -0.86408437, ..., -0.00775593,
          0.        ,  0.00385042],
        [-0.87903136, -0.8811196 , -0.86601606, ..., -0.01160618,
         -0.00385042,  0.        ]]]), 'num': array([7.18299978e-01, 6.95518012e-01, 9.20483477e-07, 3.25456658e-04,
       3.27429123e-04, 3.21511729e-04, 1.72921237e-02, 3.94492919e-06,
       3.19802259e-04, 3.13753368e-04, 3.21796640e-04, 7.22514503e-07,
       3.31867615e-04, 2.95639121e-04])}
{'img': array([[[ 0.        ,  0.81288976,  0.88131594, ...,  0.99703703,
          0.99509727,  0.97300851],
        [-0.81288976,  0.        ,  0.12918116, ...,  0.64322188,
          0.65995784,  0.75428721],
        [-0.88131594, -0.12918116,  0.        , ...,  0.53892092,
          0.55737391,  0.66315385],
        ...,
        [-0.99703703, -0.64322188, -0.53892092, ...,  0.        ,
          0.02206211,  0.15523866],
        [-0.99509727, -0.65995784, -0.55737391, ..., -0.02206211,
          0.        ,  0.13340622],
        [-0.97300851, -0.75428721, -0.66315385, ..., -0.15523866,
         -0.13340622,  0.        ]],

       [[ 0.        ,  0.15967346,  0.24951556, ..., -0.11917252,
         -0.05208276,  0.22612692],
        [-0.15967346,  0.        ,  0.09169113, ..., -0.27617909,
         -0.21087129,  0.06768811],
        [-0.24951556, -0.09169113,  0.        , ..., -0.36314059,
         -0.29961234, -0.02407787],
        ...,
        [ 0.11917252,  0.27617909,  0.36314059, ...,  0.        ,
          0.06729918,  0.34060114],
        [ 0.05208276,  0.21087129,  0.29961234, ..., -0.06729918,
          0.        ,  0.27655372],
        [-0.22612692, -0.06768811,  0.02407787, ..., -0.34060114,
         -0.27655372,  0.        ]],

       [[ 0.        ,  0.17540633,  0.55081809, ...,  0.99999666,
          0.99718839,  0.9830267 ],
        [-0.17540633,  0.        ,  0.39587971, ...,  0.98403959,
          0.99487225,  0.99996647],
        [-0.55081809, -0.39587971,  0.        , ...,  0.83319923,
          0.87355446,  0.92151346],
        ...,
        [-0.99999666, -0.98403959, -0.83319923, ...,  0.        ,
          0.07751186,  0.18600204],
        [-0.99718839, -0.99487225, -0.87355446, ..., -0.07751186,
          0.        ,  0.10928321],
        [-0.9830267 , -0.99996647, -0.92151346, ..., -0.18600204,
         -0.10928321,  0.        ]],

       ...,

       [[ 0.        ,  0.136482  ,  0.10117751, ...,  0.02390133,
          0.07340311,  0.13261183],
        [-0.136482  ,  0.        , -0.03555087, ..., -0.11276533,
         -0.06339757, -0.00390567],
        [-0.10117751,  0.03555087,  0.        , ..., -0.07736993,
         -0.02787813,  0.0316474 ],
        ...,
        [-0.02390133,  0.11276533,  0.07736993, ...,  0.        ,
          0.04954529,  0.10888371],
        [-0.07340311,  0.06339757,  0.02787813, ..., -0.04954529,
          0.        ,  0.05949927],
        [-0.13261183,  0.00390567, -0.0316474 , ..., -0.10888371,
         -0.05949927,  0.        ]],

       [[ 0.        , -0.24056028,  0.14614551, ...,  0.98785702,
          0.9859048 ,  0.98989248],
        [ 0.24056028,  0.        ,  0.37983124, ...,  0.99622263,
          0.9972004 ,  0.99493972],
        [-0.14614551, -0.37983124,  0.        , ...,  0.9545445 ,
          0.95086804,  0.95853778],
        ...,
        [-0.98785702, -0.99622263, -0.9545445 , ...,  0.        ,
         -0.01209985,  0.01369762],
        [-0.9859048 , -0.9972004 , -0.95086804, ...,  0.01209985,
          0.        ,  0.02579533],
        [-0.98989248, -0.99493972, -0.95853778, ..., -0.01369762,
         -0.02579533,  0.        ]],

       [[ 0.        ,  0.0310407 , -0.02753232, ...,  0.87929223,
          0.8811196 ,  0.87672655],
        [-0.0310407 ,  0.        , -0.05854798, ...,  0.86408437,
          0.86601606,  0.86137384],
        [ 0.02753232,  0.05854798,  0.        , ...,  0.89207207,
          0.89380543,  0.88963694],
        ...,
        [-0.87929223, -0.86408437, -0.89207207, ...,  0.        ,
          0.00385042, -0.00536036],
        [-0.8811196 , -0.86601606, -0.89380543, ..., -0.00385042,
          0.        , -0.00921068],
        [-0.87672655, -0.86137384, -0.88963694, ...,  0.00536036,
          0.00921068,  0.        ]]]), 'num': array([ 7.17350215e-01,  6.96589245e-01,  8.40525097e-07,  3.24390155e-04,
        3.27016795e-04,  3.21763514e-04,  1.30871465e-02, -6.56660232e-07,
        3.22288842e-04,  3.13456762e-04,  3.21993345e-04,  1.01024651e-06,
        3.31764633e-04,  2.95148891e-04])}
{'img': array([[[ 0.        ,  0.20638164,  0.16948129, ...,  0.8177103 ,
          0.89635195,  0.884642  ],
        [-0.20638164,  0.        , -0.03756338, ...,  0.68130682,
          0.785557  ,  0.7693673 ],
        [-0.16948129,  0.03756338,  0.        , ...,  0.7083223 ,
          0.80824641,  0.79282006],
        ...,
        [-0.8177103 , -0.68130682, -0.7083223 , ...,  0.        ,
          0.15344076,  0.12795197],
        [-0.89635195, -0.785557  , -0.80824641, ..., -0.15344076,
          0.        , -0.02574279],
        [-0.884642  , -0.7693673 , -0.79282006, ..., -0.12795197,
          0.02574279,  0.        ]],

       [[ 0.        ,  0.09169113,  0.07113841, ..., -0.21087129,
          0.06768811, -0.17747178],
        [-0.09169113,  0.        , -0.02062009, ..., -0.29961234,
         -0.02407787, -0.2669598 ],
        [-0.07113841,  0.02062009,  0.        , ..., -0.27987581,
         -0.00345864, -0.2470313 ],
        ...,
        [ 0.21087129,  0.29961234,  0.27987581, ...,  0.        ,
          0.27655372,  0.03404277],
        [-0.06768811,  0.02407787,  0.00345864, ..., -0.27655372,
          0.        , -0.24367838],
        [ 0.17747178,  0.2669598 ,  0.2470313 , ..., -0.03404277,
          0.24367838,  0.        ]],

       [[ 0.        ,  0.52845979,  0.67874396, ...,  0.99770516,
          0.98419586,  0.95652002],
        [-0.52845979,  0.        ,  0.18813768, ...,  0.88279124,
          0.9291227 ,  0.96617975],
        [-0.67874396, -0.18813768,  0.        , ...,  0.77864635,
          0.84296308,  0.90041138],
        ...,
        [-0.99770516, -0.88279124, -0.77864635, ...,  0.        ,
          0.11003869,  0.22623296],
        [-0.98419586, -0.9291227 , -0.84296308, ..., -0.11003869,
          0.        ,  0.11767337],
        [-0.95652002, -0.96617975, -0.90041138, ..., -0.22623296,
         -0.11767337,  0.        ]],

       ...,

       [[ 0.        , -0.03555087,  0.15897451, ..., -0.06339757,
         -0.00390567,  0.68418428],
        [ 0.03555087,  0.        ,  0.19397278, ..., -0.02787813,
          0.0316474 ,  0.70967937],
        [-0.15897451, -0.19397278,  0.        , ..., -0.22124603,
         -0.1628293 ,  0.55954173],
        ...,
        [ 0.06339757,  0.02787813,  0.22124603, ...,  0.        ,
          0.05949927,  0.72904437],
        [ 0.00390567, -0.0316474 ,  0.1628293 , ..., -0.05949927,
          0.        ,  0.68702751],
        [-0.68418428, -0.70967937, -0.55954173, ..., -0.72904437,
         -0.68702751,  0.        ]],

       [[ 0.        ,  0.37983124,  0.51888567, ...,  0.9972004 ,
          0.99493972,  0.993558  ],
        [-0.37983124,  0.        ,  0.15530188, ...,  0.95086804,
          0.95853778,  0.96214087],
        [-0.51888567, -0.15530188,  0.        , ...,  0.8912503 ,
          0.90265222,  0.90813934],
        ...,
        [-0.9972004 , -0.95086804, -0.8912503 , ...,  0.        ,
          0.02579533,  0.03871382],
        [-0.99493972, -0.95853778, -0.90265222, ..., -0.02579533,
          0.        ,  0.01292495],
        [-0.993558  , -0.96214087, -0.90813934, ..., -0.03871382,
         -0.01292495,  0.        ]],

       [[ 0.        , -0.05854798, -0.0947487 , ...,  0.86601606,
          0.86137384,  0.85902428],
        [ 0.05854798,  0.        , -0.03630158, ...,  0.89380543,
          0.88963694,  0.88752346],
        [ 0.0947487 ,  0.03630158,  0.        , ...,  0.90949593,
          0.90562835,  0.90366488],
        ...,
        [-0.86601606, -0.89380543, -0.90949593, ...,  0.        ,
         -0.00921068, -0.01381776],
        [-0.86137384, -0.88963694, -0.90562835, ...,  0.00921068,
          0.        , -0.00460737],
        [-0.85902428, -0.88752346, -0.90366488, ...,  0.01381776,
          0.00460737,  0.        ]]]), 'num': array([ 9.05660648e-01,  4.23375871e-01,  1.96850929e-05,  4.08024346e-04,
        4.10522454e-04,  4.03028130e-04,  2.30294603e-02, -3.33081099e-06,
        4.09023590e-04,  3.97157575e-04,  4.08759900e-04,  1.30109804e-06,
        4.19553874e-04,  3.74761277e-04])}
{'img': array([[[ 0.        , -0.03756338,  0.20014411, ...,  0.785557  ,
          0.7693673 ,  0.69986405],
        [ 0.03756338,  0.        ,  0.2368062 , ...,  0.80824641,
          0.79282006,  0.72620075],
        [-0.20014411, -0.2368062 ,  0.        , ...,  0.64581538,
          0.62594689,  0.54274518],
        ...,
        [-0.785557  , -0.80824641, -0.64581538, ...,  0.        ,
         -0.02574279, -0.12803619],
        [-0.7693673 , -0.79282006, -0.62594689, ...,  0.02574279,
          0.        , -0.10246284],
        [-0.69986405, -0.72620075, -0.54274518, ...,  0.12803619,
          0.10246284,  0.        ]],

       [[ 0.        , -0.02062009, -0.22759948, ..., -0.02407787,
         -0.2669598 ,  0.02334214],
        [ 0.02062009,  0.        , -0.20747218, ..., -0.00345864,
         -0.2470313 ,  0.04395164],
        [ 0.22759948,  0.20747218,  0.        , ...,  0.20408756,
         -0.04061403,  0.25026699],
        ...,
        [ 0.02407787,  0.00345864, -0.20408756, ...,  0.        ,
         -0.24367838,  0.04740668],
        [ 0.2669598 ,  0.2470313 ,  0.04061403, ...,  0.24367838,
          0.        ,  0.28938206],
        [-0.02334214, -0.04395164, -0.25026699, ..., -0.04740668,
         -0.28938206,  0.        ]],

       [[ 0.        ,  0.48220876,  0.72900625, ...,  0.99394716,
          0.97228403,  0.96950528],
        [-0.48220876,  0.        ,  0.30857525, ...,  0.92372876,
          0.96451736,  0.96751635],
        [-0.72900625, -0.30857525,  0.        , ...,  0.76045184,
          0.83597898,  0.84229106],
        ...,
        [-0.99394716, -0.92372876, -0.76045184, ...,  0.        ,
          0.12557334,  0.13707802],
        [-0.97228403, -0.96451736, -0.83597898, ..., -0.12557334,
          0.        ,  0.01160499],
        [-0.96950528, -0.96751635, -0.84229106, ..., -0.13707802,
         -0.01160499,  0.        ]],

       ...,

       [[ 0.        ,  0.19397278,  0.14130195, ...,  0.0316474 ,
          0.70967937,  0.75124836],
        [-0.19397278,  0.        , -0.05340838, ..., -0.1628293 ,
          0.55954173,  0.60895399],
        [-0.14130195,  0.05340838,  0.        , ..., -0.1099013 ,
          0.6030081 ,  0.65044869],
        ...,
        [-0.0316474 ,  0.1628293 ,  0.1099013 , ...,  0.        ,
          0.68702751,  0.72998415],
        [-0.70967937, -0.55954173, -0.6030081 , ..., -0.68702751,
          0.        ,  0.0608708 ],
        [-0.75124836, -0.60895399, -0.65044869, ..., -0.72998415,
         -0.0608708 ,  0.        ]],

       [[ 0.        ,  0.37492678,  0.57134908, ...,  0.99785557,
          0.99689   ,  0.99918897],
        [-0.37492678,  0.        ,  0.2219666 , ...,  0.94960696,
          0.95371764,  0.94139956],
        [-0.57134908, -0.2219666 ,  0.        , ...,  0.85634441,
          0.8631803 ,  0.84304777],
        ...,
        [-0.99785557, -0.94960696, -0.85634441, ...,  0.        ,
          0.01338603, -0.02522097],
        [-0.99689   , -0.95371764, -0.8631803 , ..., -0.01338603,
          0.        , -0.03860048],
        [-0.99918897, -0.94139956, -0.84304777, ...,  0.02522097,
          0.03860048,  0.        ]],

       [[ 0.        , -0.03630158, -0.11015752, ...,  0.88963694,
          0.88752346,  0.89433086],
        [ 0.03630158,  0.        , -0.07400426, ...,  0.90562835,
          0.90366488,  0.90998294],
        [ 0.11015752,  0.07400426,  0.        , ...,  0.93452821,
          0.93287857,  0.93817325],
        ...,
        [-0.88963694, -0.90562835, -0.93452821, ...,  0.        ,
         -0.00460737,  0.01038363],
        [-0.88752346, -0.90366488, -0.93287857, ...,  0.00460737,
          0.        ,  0.01499065],
        [-0.89433086, -0.90998294, -0.93817325, ..., -0.01038363,
         -0.01499065,  0.        ]]]), 'num': array([ 7.48120409e-01,  6.63406266e-01,  3.48617872e-06,  3.34838510e-04,
        3.40350255e-04,  3.33460574e-04,  1.43905324e-02, -2.75587251e-06,
        3.38145557e-04,  3.28534451e-04,  3.38467075e-04,  1.04389110e-06,
        3.46961097e-04,  3.10107806e-04])}
{'img': array([[[ 0.00000000e+00,  2.36806203e-01, -2.18650431e-01, ...,
          7.92820059e-01,  7.26200746e-01,  6.51730815e-01],
        [-2.36806203e-01,  0.00000000e+00, -4.43507600e-01, ...,
          6.25946894e-01,  5.42745179e-01,  4.53587824e-01],
        [ 2.18650431e-01,  4.43507600e-01,  0.00000000e+00, ...,
          9.06894163e-01,  8.58947441e-01,  8.01796547e-01],
        ...,
        [-7.92820059e-01, -6.25946894e-01, -9.06894163e-01, ...,
          0.00000000e+00, -1.02462838e-01, -2.04113543e-01],
        [-7.26200746e-01, -5.42745179e-01, -8.58947441e-01, ...,
          1.02462838e-01,  0.00000000e+00, -1.02733549e-01],
        [-6.51730815e-01, -4.53587824e-01, -8.01796547e-01, ...,
          2.04113543e-01,  1.02733549e-01,  0.00000000e+00]],

       [[ 0.00000000e+00, -2.07472182e-01, -1.35390357e-01, ...,
         -2.47031302e-01,  4.39516441e-02, -2.07783382e-01],
        [ 2.07472182e-01,  0.00000000e+00,  7.31174605e-02, ...,
         -4.06140274e-02,  2.50266989e-01, -3.18133043e-04],
        [ 1.35390357e-01, -7.31174605e-02,  0.00000000e+00, ...,
         -1.13562449e-01,  1.78806475e-01, -7.34347383e-02],
        ...,
        [ 2.47031302e-01,  4.06140274e-02,  1.13562449e-01, ...,
          0.00000000e+00,  2.89382058e-01,  4.02961548e-02],
        [-4.39516441e-02, -2.50266989e-01, -1.78806475e-01, ...,
         -2.89382058e-01,  0.00000000e+00, -2.50574986e-01],
        [ 2.07783382e-01,  3.18133043e-04,  7.34347383e-02, ...,
         -4.02961548e-02,  2.50574986e-01,  0.00000000e+00]],

       [[ 0.00000000e+00,  6.05565068e-01,  7.26006642e-01, ...,
          9.83078797e-01,  9.80764414e-01,  9.83078797e-01],
        [-6.05565068e-01,  0.00000000e+00,  1.61313392e-01, ...,
          8.93259310e-01,  8.98691589e-01,  8.93259310e-01],
        [-7.26006642e-01, -1.61313392e-01,  0.00000000e+00, ...,
          8.09043393e-01,  8.16172620e-01,  8.09043393e-01],
        ...,
        [-9.83078797e-01, -8.93259310e-01, -8.09043393e-01, ...,
          0.00000000e+00,  1.22327104e-02,  0.00000000e+00],
        [-9.80764414e-01, -8.98691589e-01, -8.16172620e-01, ...,
         -1.22327104e-02,  0.00000000e+00, -1.22327104e-02],
        [-9.83078797e-01, -8.93259310e-01, -8.09043393e-01, ...,
          0.00000000e+00,  1.22327104e-02,  0.00000000e+00]],

       ...,

       [[ 0.00000000e+00, -5.34083778e-02,  1.54780237e-01, ...,
          5.59541728e-01,  6.08953993e-01,  5.13562423e-01],
        [ 5.34083778e-02,  0.00000000e+00,  2.07324077e-01, ...,
          6.03008104e-01,  6.50448687e-01,  5.58656621e-01],
        [-1.54780237e-01, -2.07324077e-01,  0.00000000e+00, ...,
          4.24516450e-01,  4.78842900e-01,  3.74563915e-01],
        ...,
        [-5.59541728e-01, -6.03008104e-01, -4.24516450e-01, ...,
          0.00000000e+00,  6.08707965e-02, -5.44743743e-02],
        [-6.08953993e-01, -6.50448687e-01, -4.78842900e-01, ...,
         -6.08707965e-02,  0.00000000e+00, -1.15153774e-01],
        [-5.13562423e-01, -5.58656621e-01, -3.74563915e-01, ...,
          5.44743743e-02,  1.15153774e-01,  0.00000000e+00]],

       [[ 0.00000000e+00,  4.56687627e-01,  5.29508791e-01, ...,
          9.99034377e-01,  9.99992249e-01,  9.99994542e-01],
        [-4.56687627e-01,  0.00000000e+00,  8.36552337e-02, ...,
          9.08832800e-01,  8.91418356e-01,  8.88113355e-01],
        [-5.29508791e-01, -8.36552337e-02,  0.00000000e+00, ...,
          8.70749455e-01,  8.50382728e-01,  8.46550308e-01],
        ...,
        [-9.99034377e-01, -9.08832800e-01, -8.70749455e-01, ...,
          0.00000000e+00, -4.00014638e-02, -4.72359346e-02],
        [-9.99992249e-01, -8.91418356e-01, -8.50382728e-01, ...,
          4.00014638e-02,  0.00000000e+00, -7.24131533e-03],
        [-9.99994542e-01, -8.88113355e-01, -8.46550308e-01, ...,
          4.72359346e-02,  7.24131533e-03,  0.00000000e+00]],

       [[ 0.00000000e+00, -7.40042597e-02, -1.54793820e-02, ...,
          9.03664881e-01,  9.09982939e-01,  9.10520752e-01],
        [ 7.40042597e-02,  0.00000000e+00,  5.85584567e-02, ...,
          9.32878573e-01,  9.38173245e-01,  9.38622087e-01],
        [ 1.54793820e-02, -5.85584567e-02,  0.00000000e+00, ...,
          9.10185506e-01,  9.16292370e-01,  9.16811817e-01],
        ...,
        [-9.03664881e-01, -9.32878573e-01, -9.10185506e-01, ...,
          0.00000000e+00,  1.49906452e-02,  1.62893797e-02],
        [-9.09982939e-01, -9.38173245e-01, -9.16292370e-01, ...,
         -1.49906452e-02,  0.00000000e+00,  1.29889314e-03],
        [-9.10520752e-01, -9.38622087e-01, -9.16811817e-01, ...,
         -1.62893797e-02, -1.29889314e-03,  0.00000000e+00]]]), 'num': array([7.38788594e-01, 6.73854522e-01, 2.66669700e-06, 3.31296285e-04,
       3.32656845e-04, 3.29255446e-04, 1.05179700e-02, 6.80279847e-07,
       3.33609237e-04, 3.24425459e-04, 3.34482263e-04, 9.85232882e-07,
       3.42668632e-04, 3.06182286e-04])}
{'img': array([[[ 0.00000000e+00, -4.43507600e-01, -4.92166102e-01, ...,
          5.42745179e-01,  4.53587824e-01,  4.76440047e-01],
        [ 4.43507600e-01,  0.00000000e+00, -5.50400677e-02, ...,
          8.58947441e-01,  8.01796547e-01,  8.16954181e-01],
        [ 4.92166102e-01,  5.50400677e-02,  0.00000000e+00, ...,
          8.85829427e-01,  8.33472926e-01,  8.47457548e-01],
        ...,
        [-5.42745179e-01, -8.58947441e-01, -8.85829427e-01, ...,
          0.00000000e+00, -1.02733549e-01, -7.70245760e-02],
        [-4.53587824e-01, -8.01796547e-01, -8.33472926e-01, ...,
          1.02733549e-01,  0.00000000e+00,  2.58113153e-02],
        [-4.76440047e-01, -8.16954181e-01, -8.47457548e-01, ...,
          7.70245760e-02, -2.58113153e-02,  0.00000000e+00]],

       [[ 0.00000000e+00,  7.31174605e-02,  1.91737660e-01, ...,
          2.50266989e-01, -3.18133043e-04, -2.54523378e-01],
        [-7.31174605e-02,  0.00000000e+00,  1.19463588e-01, ...,
          1.78806475e-01, -7.34347383e-02, -3.24551560e-01],
        [-1.91737660e-01, -1.19463588e-01,  0.00000000e+00, ...,
          5.99876229e-02, -1.92049881e-01, -4.35224097e-01],
        ...,
        [-2.50266989e-01, -1.78806475e-01, -5.99876229e-02, ...,
          0.00000000e+00, -2.50574986e-01, -4.88448497e-01],
        [ 3.18133043e-04,  7.34347383e-02,  1.92049881e-01, ...,
          2.50574986e-01,  0.00000000e+00, -2.54215709e-01],
        [ 2.54523378e-01,  3.24551560e-01,  4.35224097e-01, ...,
          4.88448497e-01,  2.54215709e-01,  0.00000000e+00]],

       [[ 0.00000000e+00,  4.75716505e-01,  4.50103113e-01, ...,
          9.94610818e-01,  9.95914519e-01,  9.97037031e-01],
        [-4.75716505e-01,  0.00000000e+00, -2.88936062e-02, ...,
          9.24180123e-01,  9.18962756e-01,  9.13586016e-01],
        [-4.50103113e-01,  2.88936062e-02,  0.00000000e+00, ...,
          9.34830384e-01,  9.29973112e-01,  9.24954043e-01],
        ...,
        [-9.94610818e-01, -9.24180123e-01, -9.34830384e-01, ...,
          0.00000000e+00, -1.34409966e-02, -2.68632078e-02],
        [-9.95914519e-01, -9.18962756e-01, -9.29973112e-01, ...,
          1.34409966e-02,  0.00000000e+00, -1.34246351e-02],
        [-9.97037031e-01, -9.13586016e-01, -9.24954043e-01, ...,
          2.68632078e-02,  1.34246351e-02,  0.00000000e+00]],

       ...,

       [[ 0.00000000e+00,  2.07324077e-01,  1.34874792e-01, ...,
          6.50448687e-01,  5.58656621e-01,  4.37955133e-01],
        [-2.07324077e-01,  0.00000000e+00, -7.34854093e-02, ...,
          4.78842900e-01,  3.74563915e-01,  2.42055694e-01],
        [-1.34874792e-01,  7.34854093e-02,  0.00000000e+00, ...,
          5.42061134e-01,  4.41686955e-01,  3.12701373e-01],
        ...,
        [-6.50448687e-01, -4.78842900e-01, -5.42061134e-01, ...,
          0.00000000e+00, -1.15153774e-01, -2.52102400e-01],
        [-5.58656621e-01, -3.74563915e-01, -4.41686955e-01, ...,
          1.15153774e-01,  0.00000000e+00, -1.38990962e-01],
        [-4.37955133e-01, -2.42055694e-01, -3.12701373e-01, ...,
          2.52102400e-01,  1.38990962e-01,  0.00000000e+00]],

       [[ 0.00000000e+00,  2.92506027e-01,  3.91055192e-01, ...,
          9.98527789e-01,  9.98081929e-01,  9.98306120e-01],
        [-2.92506027e-01,  0.00000000e+00,  1.04738916e-01, ...,
          9.38989582e-01,  9.36321360e-01,  9.37625937e-01],
        [-3.91055192e-01, -1.04738916e-01,  0.00000000e+00, ...,
          8.97800420e-01,  8.94392889e-01,  8.96056719e-01],
        ...,
        [-9.98527789e-01, -9.38989582e-01, -8.97800420e-01, ...,
          0.00000000e+00, -7.67723055e-03, -3.94348182e-03],
        [-9.98081929e-01, -9.36321360e-01, -8.94392889e-01, ...,
          7.67723055e-03,  0.00000000e+00,  3.73380524e-03],
        [-9.98306120e-01, -9.37625937e-01, -8.96056719e-01, ...,
          3.94348182e-03, -3.73380524e-03,  0.00000000e+00]],

       [[ 0.00000000e+00,  5.85584567e-02,  9.62423659e-02, ...,
          9.38173245e-01,  9.38622087e-01,  9.38428325e-01],
        [-5.85584567e-02,  0.00000000e+00,  3.77905880e-02, ...,
          9.16292370e-01,  9.16811817e-01,  9.16587540e-01],
        [-9.62423659e-02, -3.77905880e-02,  0.00000000e+00, ...,
          9.00502335e-01,  9.01066401e-01,  9.00822839e-01],
        ...,
        [-9.38173245e-01, -9.16292370e-01, -9.00502335e-01, ...,
          0.00000000e+00,  1.29889314e-03,  7.37606816e-04],
        [-9.38622087e-01, -9.16811817e-01, -9.01066401e-01, ...,
         -1.29889314e-03,  0.00000000e+00, -5.61286593e-04],
        [-9.38428325e-01, -9.16587540e-01, -9.00822839e-01, ...,
         -7.37606816e-04,  5.61286593e-04,  0.00000000e+00]]]), 'num': array([7.39199729e-01, 6.73136147e-01, 2.66385412e-06, 3.37059093e-04,
       3.38418202e-04, 3.30263546e-04, 2.16935581e-02, 6.11599160e-06,
       3.33389498e-04, 3.24487332e-04, 3.34431481e-04, 1.01393864e-06,
       3.43473558e-04, 3.05501106e-04])}
{'img': array([[[ 0.00000000e+00, -5.50400677e-02,  6.78770969e-01, ...,
          8.01796547e-01,  8.16954181e-01,  9.27404523e-01],
        [ 5.50400677e-02,  0.00000000e+00,  7.18160727e-01, ...,
          8.33472926e-01,  8.47457548e-01,  9.46586999e-01],
        [-6.78770969e-01, -7.18160727e-01,  0.00000000e+00, ...,
          1.83167756e-01,  2.08481362e-01,  4.27138503e-01],
        ...,
        [-8.01796547e-01, -8.33472926e-01, -1.83167756e-01, ...,
          0.00000000e+00,  2.58113153e-02,  2.54294275e-01],
        [-8.16954181e-01, -8.47457548e-01, -2.08481362e-01, ...,
         -2.58113153e-02,  0.00000000e+00,  2.29246735e-01],
        [-9.27404523e-01, -9.46586999e-01, -4.27138503e-01, ...,
         -2.54294275e-01, -2.29246735e-01,  0.00000000e+00]],

       [[ 0.00000000e+00,  1.19463588e-01,  9.99619494e-01, ...,
         -7.34347383e-02, -3.24551560e-01,  3.16649340e-01],
        [-1.19463588e-01,  0.00000000e+00,  9.89165538e-01, ...,
         -1.92049881e-01, -4.35224097e-01,  2.01065371e-01],
        [-9.99619494e-01, -9.89165538e-01,  0.00000000e+00, ...,
         -9.98946157e-01, -9.54460472e-01, -9.39447341e-01],
        ...,
        [ 7.34347383e-02,  1.92049881e-01,  9.98946157e-01, ...,
          0.00000000e+00, -2.54215709e-01,  3.85450377e-01],
        [ 3.24551560e-01,  4.35224097e-01,  9.54460472e-01, ...,
          2.54215709e-01,  0.00000000e+00,  6.07359483e-01],
        [-3.16649340e-01, -2.01065371e-01,  9.39447341e-01, ...,
         -3.85450377e-01, -6.07359483e-01,  0.00000000e+00]],

       [[ 0.00000000e+00, -2.88936062e-02,  1.69952658e-01, ...,
          9.18962756e-01,  9.13586016e-01,  9.16294272e-01],
        [ 2.88936062e-02,  0.00000000e+00,  1.98354970e-01, ...,
          9.29973112e-01,  9.24954043e-01,  9.27483766e-01],
        [-1.69952658e-01, -1.98354970e-01,  0.00000000e+00, ...,
          8.38574028e-01,  8.31184885e-01,  8.34897226e-01],
        ...,
        [-9.18962756e-01, -9.29973112e-01, -8.38574028e-01, ...,
          0.00000000e+00, -1.34246351e-02, -6.71435907e-03],
        [-9.13586016e-01, -9.24954043e-01, -8.31184885e-01, ...,
          1.34246351e-02,  0.00000000e+00,  6.71057846e-03],
        [-9.16294272e-01, -9.27483766e-01, -8.34897226e-01, ...,
          6.71435907e-03, -6.71057846e-03,  0.00000000e+00]],

       ...,

       [[ 0.00000000e+00, -7.34854093e-02,  6.16302266e-02, ...,
          3.74563915e-01,  2.42055694e-01,  3.27213831e-01],
        [ 7.34854093e-02,  0.00000000e+00,  1.34809314e-01, ...,
          4.41686955e-01,  3.12701373e-01,  3.95769202e-01],
        [-6.16302266e-02, -1.34809314e-01,  0.00000000e+00, ...,
          3.16708274e-01,  1.81798070e-01,  2.68354312e-01],
        ...,
        [-3.74563915e-01, -4.41686955e-01, -3.16708274e-01, ...,
          0.00000000e+00, -1.38990962e-01, -5.05512683e-02],
        [-2.42055694e-01, -3.12701373e-01, -1.81798070e-01, ...,
          1.38990962e-01,  0.00000000e+00,  8.87526571e-02],
        [-3.27213831e-01, -3.95769202e-01, -2.68354312e-01, ...,
