state_0,state_1,state_2,state_3,state_4,state_5,state_6,state_7,state_8,state_9,state_10,state_11,state_12,state_13,state_14,state_15,state_16,state_17,state_18,state_19,state_20,state_21,state_22,state_23,state_24,state_25,state_26,state_27,state_28,state_29,state_30,state_31,state_32,state_33,state_34,state_35,state_36,state_37,state_38,state_39,state_40,state_41,state_42,state_43,state_44,state_45,state_46,state_47,state_48,state_49,state_50,state_51,state_52,state_53,state_54,state_55,state_56,state_57,state_58,state_59,state_60,state_61,state_62,state_63,state_64,state_65,state_66,state_67,state_68,state_69,state_70,state_71,state_72,state_73,state_74,state_75,state_76,state_77,state_78,state_79,state_80,state_81,state_82,state_83,state_84,state_85,state_86,state_87,state_88,state_89,state_90,state_91,state_92,state_93,state_94,state_95,state_96,state_97,state_98,state_99,state_100,state_101,state_102,state_103,state_104,state_105,state_106,state_107,state_108,state_109,state_110,state_111,state_112,state_113,state_114,state_115,state_116,state_117,state_118,state_119,state_120,state_121,state_122,state_123,state_124,state_125,state_126,state_127,state_128,state_129,state_130,state_131,state_132,state_133,state_134,state_135,state_136,state_137,state_138,state_139,state_140,state_141,state_142,state_143,state_144,state_145,state_146,state_147,state_148,state_149,state_150,state_151,state_152,state_153,state_154,state_155,state_156,state_157,state_158,state_159,state_160,state_161,state_162,state_163,state_164,state_165,state_166,state_167,state_168,state_169,state_170,state_171,state_172,state_173,state_174,state_175,state_176,state_177,state_178,state_179,state_180,state_181,state_182,state_183,state_184,state_185,state_186,state_187,state_188,state_189,state_190,state_191,state_192,state_193,state_194,state_195,state_196,state_197,state_198,state_199,state_200,state_201,state_202,state_203,state_204,state_205,state_206,state_207,state_208,state_209,state_210,state_211,state_212,state_213,state_214,state_215,state_216,state_217,state_218,state_219,state_220,state_221,state_222,state_223,state_224,state_225,state_226,state_227,state_228,state_229,state_230,state_231,state_232,state_233,state_234,state_235,state_236,state_237,state_238,state_239,state_240,state_241,state_242,state_243,state_244,state_245,state_246,state_247,state_248,state_249,state_250,state_251,state_252,state_253,state_254,state_255,state_256,state_257,state_258,state_259,state_260,state_261,state_262,state_263,state_264,state_265,state_266,state_267,state_268,state_269,state_270,state_271,state_272,state_273,state_274,state_275,state_276,state_277,state_278,state_279,state_280,state_281,state_282,state_283,state_284,state_285,state_286,state_287
{'img': array([[[ 0.00000000e+00, -1.39574739e-01, -5.60675225e-02, ...,
         -7.31432175e-01, -7.82816745e-01, -7.93037881e-01],
        [ 1.39574739e-01,  0.00000000e+00,  8.38364775e-02, ...,
         -6.29094583e-01, -6.88303469e-01, -7.00250192e-01],
        [ 5.60675225e-02, -8.38364775e-02,  0.00000000e+00, ...,
         -6.92048377e-01, -7.46697212e-01, -7.57635633e-01],
        ...,
        [ 7.31432175e-01,  6.29094583e-01,  6.92048377e-01, ...,
          0.00000000e+00, -7.86784890e-02, -9.52155529e-02],
        [ 7.82816745e-01,  6.88303469e-01,  7.46697212e-01, ...,
          7.86784890e-02,  0.00000000e+00, -1.65993615e-02],
        [ 7.93037881e-01,  7.00250192e-01,  7.57635633e-01, ...,
          9.52155529e-02,  1.65993615e-02,  0.00000000e+00]],

       [[ 0.00000000e+00, -8.34611083e-01, -8.54057242e-01, ...,
         -9.69750431e-01, -8.75276010e-01, -5.21659490e-01],
        [ 8.34611083e-01,  0.00000000e+00, -3.63014215e-02, ...,
         -3.30449654e-01, -7.84990289e-02,  4.24700861e-01],
        [ 8.54057242e-01,  3.63014215e-02,  0.00000000e+00, ...,
         -2.95969711e-01, -4.22578868e-02,  4.57285836e-01],
        ...,
        [ 9.69750431e-01,  3.30449654e-01,  2.95969711e-01, ...,
          0.00000000e+00,  2.55340712e-01,  7.00009925e-01],
        [ 8.75276010e-01,  7.84990289e-02,  4.22578868e-02, ...,
         -2.55340712e-01,  0.00000000e+00,  4.94458134e-01],
        [ 5.21659490e-01, -4.24700861e-01, -4.57285836e-01, ...,
         -7.00009925e-01, -4.94458134e-01,  0.00000000e+00]],

       [[ 0.00000000e+00,  9.91165475e-02,  2.25084508e-01, ...,
         -4.18932531e-01, -4.17641163e-01, -4.43203447e-01],
        [-9.91165475e-02,  0.00000000e+00,  1.27403012e-01, ...,
         -5.06869183e-01, -5.05643117e-01, -5.29871198e-01],
        [-2.25084508e-01, -1.27403012e-01,  0.00000000e+00, ...,
         -6.12563047e-01, -6.11438671e-01, -6.33601003e-01],
        ...,
        [ 4.18932531e-01,  5.06869183e-01,  6.12563047e-01, ...,
          0.00000000e+00,  1.42171804e-03, -2.68964854e-02],
        [ 4.17641163e-01,  5.05643117e-01,  6.11438671e-01, ...,
         -1.42171804e-03,  0.00000000e+00, -2.83176619e-02],
        [ 4.43203447e-01,  5.29871198e-01,  6.33601003e-01, ...,
          2.68964854e-02,  2.83176619e-02,  0.00000000e+00]],

       ...,

       [[ 0.00000000e+00,  9.15247232e-02,  6.47531497e-02, ...,
         -2.96933683e-01, -2.66197969e-01, -3.88967973e-01],
        [-9.15247232e-02,  0.00000000e+00, -2.68512734e-02, ...,
         -3.83084179e-01, -3.53303046e-01, -4.71652667e-01],
        [-6.47531497e-02,  2.68512734e-02,  0.00000000e+00, ...,
         -3.58143172e-01, -3.28056053e-01, -4.47805573e-01],
        ...,
        [ 2.96933683e-01,  3.83084179e-01,  3.58143172e-01, ...,
          0.00000000e+00,  3.20278988e-02, -9.78742454e-02],
        [ 2.66197969e-01,  3.53303046e-01,  3.28056053e-01, ...,
         -3.20278988e-02,  0.00000000e+00, -1.29698160e-01],
        [ 3.88967973e-01,  4.71652667e-01,  4.47805573e-01, ...,
          9.78742454e-02,  1.29698160e-01,  0.00000000e+00]],

       [[ 0.00000000e+00,  1.39383937e-01,  2.72267624e-01, ...,
         -2.45636326e-01, -2.80141096e-01, -3.23850828e-01],
        [-1.39383937e-01,  0.00000000e+00,  1.35491630e-01, ...,
         -3.78352025e-01, -4.11209316e-01, -4.52561810e-01],
        [-2.72267624e-01, -1.35491630e-01,  0.00000000e+00, ...,
         -5.00282473e-01, -5.30923515e-01, -5.69210870e-01],
        ...,
        [ 2.45636326e-01,  3.78352025e-01,  5.00282473e-01, ...,
          0.00000000e+00, -3.57573873e-02, -8.15301736e-02],
        [ 2.80141096e-01,  4.11209316e-01,  5.30923515e-01, ...,
          3.57573873e-02,  0.00000000e+00, -4.58396886e-02],
        [ 3.23850828e-01,  4.52561810e-01,  5.69210870e-01, ...,
          8.15301736e-02,  4.58396886e-02,  0.00000000e+00]],

       [[ 0.00000000e+00, -5.62810513e-03, -8.17970474e-04, ...,
         -2.09218622e-01, -9.36475995e-02,  2.03351753e-02],
        [ 5.62810513e-03,  0.00000000e+00,  4.81014573e-03, ...,
         -2.03711760e-01, -8.80427444e-02,  2.59617946e-02],
        [ 8.17970474e-04, -4.81014573e-03,  0.00000000e+00, ...,
         -2.08418685e-01, -9.28331923e-02,  2.11529698e-02],
        ...,
        [ 2.09218622e-01,  2.03711760e-01,  2.08418685e-01, ...,
          0.00000000e+00,  1.16724118e-01,  2.29060495e-01],
        [ 9.36475995e-02,  8.80427444e-02,  9.28331923e-02, ...,
         -1.16724118e-01,  0.00000000e+00,  1.13874045e-01],
        [-2.03351753e-02, -2.59617946e-02, -2.11529698e-02, ...,
         -2.29060495e-01, -1.13874045e-01,  0.00000000e+00]]]), 'num': array([ 7.06950539e-01,  7.06950539e-01,  0.00000000e+00,  6.21721731e-03,
        6.35178911e-03,  6.19030295e-03,  1.12931760e-02, -1.07657443e-04,
        6.36614344e-03,  6.23516021e-03,  6.25220598e-03,  9.27779586e-07,
        6.84919051e-03,  5.62112992e-03])}
{'img': array([[[ 0.        ,  0.08383648,  0.13957474, ..., -0.68830347,
         -0.70025019, -0.74555314],
        [-0.08383648,  0.        ,  0.05606752, ..., -0.74669721,
         -0.75763563, -0.79880094],
        [-0.13957474, -0.05606752,  0.        , ..., -0.78281675,
         -0.79303788, -0.83127437],
        ...,
        [ 0.68830347,  0.74669721,  0.78281675, ...,  0.        ,
         -0.01659936, -0.08212407],
        [ 0.70025019,  0.75763563,  0.79303788, ...,  0.01659936,
          0.        , -0.06556946],
        [ 0.74555314,  0.79880094,  0.83127437, ...,  0.08212407,
          0.06556946,  0.        ]],

       [[ 0.        , -0.03630142, -0.49659651, ..., -0.07849903,
          0.42470086,  0.33958403],
        [ 0.03630142,  0.        , -0.46476024, ..., -0.04225789,
          0.45728584,  0.37350444],
        [ 0.49659651,  0.46476024,  0.        , ...,  0.42692841,
          0.81821807,  0.76183928],
        ...,
        [ 0.07849903,  0.04225789, -0.42692841, ...,  0.        ,
          0.49445813,  0.41237041],
        [-0.42470086, -0.45728584, -0.81821807, ..., -0.49445813,
          0.        , -0.09202644],
        [-0.33958403, -0.37350444, -0.76183928, ..., -0.41237041,
          0.09202644,  0.        ]],

       [[ 0.        ,  0.12740301,  0.26632068, ..., -0.50564312,
         -0.5298712 , -0.5989597 ],
        [-0.12740301,  0.        ,  0.14134865, ..., -0.61143867,
         -0.633601  , -0.69610047],
        [-0.26632068, -0.14134865,  0.        , ..., -0.71714779,
         -0.73659537, -0.79059201],
        ...,
        [ 0.50564312,  0.61143867,  0.71714779, ...,  0.        ,
         -0.02831766, -0.11183965],
        [ 0.5298712 ,  0.633601  ,  0.73659537, ...,  0.02831766,
          0.        , -0.0836548 ],
        [ 0.5989597 ,  0.69610047,  0.79059201, ...,  0.11183965,
          0.0836548 ,  0.        ]],

       ...,

       [[ 0.        , -0.02685127,  0.06709077, ..., -0.35330305,
         -0.47165267, -0.6978036 ],
        [ 0.02685127,  0.        ,  0.09385735, ..., -0.32805605,
         -0.44780557, -0.67831873],
        [-0.06709077, -0.09385735,  0.        , ..., -0.41527102,
         -0.52974957, -0.74428775],
        ...,
        [ 0.35330305,  0.32805605,  0.41527102, ...,  0.        ,
         -0.12969816, -0.39973437],
        [ 0.47165267,  0.44780557,  0.52974957, ...,  0.12969816,
          0.        , -0.27747266],
        [ 0.6978036 ,  0.67831873,  0.74428775, ...,  0.39973437,
          0.27747266,  0.        ]],

       [[ 0.        ,  0.13549163,  0.25370694, ..., -0.41120932,
         -0.45256181, -0.48426099],
        [-0.13549163,  0.        ,  0.12030889, ..., -0.53092351,
         -0.56921087, -0.5983402 ],
        [-0.25370694, -0.12030889,  0.        , ..., -0.62901928,
         -0.66399336, -0.69039071],
        ...,
        [ 0.41120932,  0.53092351,  0.62901928, ...,  0.        ,
         -0.04583969, -0.08164699],
        [ 0.45256181,  0.56921087,  0.66399336, ...,  0.04583969,
          0.        , -0.03587452],
        [ 0.48426099,  0.5983402 ,  0.69039071, ...,  0.08164699,
          0.03587452,  0.        ]],

       [[ 0.        ,  0.00481015,  0.03582504, ..., -0.08804274,
          0.02596179,  0.10671852],
        [-0.00481015,  0.        ,  0.03101757, ..., -0.09283319,
          0.02115297,  0.10193461],
        [-0.03582504, -0.03101757,  0.        , ..., -0.12367215,
         -0.00986784,  0.07102956],
        ...,
        [ 0.08804274,  0.09283319,  0.12367215, ...,  0.        ,
          0.11387405,  0.19384406],
        [-0.02596179, -0.02115297,  0.00986784, ..., -0.11387405,
          0.        ,  0.08086902],
        [-0.10671852, -0.10193461, -0.07102956, ..., -0.19384406,
         -0.08086902,  0.        ]]]), 'num': array([ 7.06962724e-01,  7.06962724e-01,  0.00000000e+00,  6.06480712e-03,
        6.20835285e-03,  6.03789230e-03,  9.95816209e-03, -1.52517339e-04,
        6.28730300e-03,  6.25769670e-03,  6.23137998e-03,  6.56937429e-07,
        6.80924268e-03,  5.70615071e-03])}
{'img': array([[[ 0.        ,  0.05606752,  0.40216483, ..., -0.75763563,
         -0.79880094, -0.85033139],
        [-0.05606752,  0.        ,  0.35019863, ..., -0.79303788,
         -0.83127437, -0.8784992 ],
        [-0.40216483, -0.35019863,  0.        , ..., -0.95615044,
         -0.97329653, -0.99017387],
        ...,
        [ 0.75763563,  0.79303788,  0.95615044, ...,  0.        ,
         -0.06556946, -0.15628846],
        [ 0.79880094,  0.83127437,  0.97329653, ...,  0.06556946,
          0.        , -0.09118842],
        [ 0.85033139,  0.8784992 ,  0.99017387, ...,  0.15628846,
          0.09118842,  0.        ]],

       [[ 0.        , -0.46476024,  0.15023043, ...,  0.45728584,
          0.37350444,  0.23391155],
        [ 0.46476024,  0.        ,  0.59250519, ...,  0.81821807,
          0.76183928,  0.65898064],
        [-0.15023043, -0.59250519,  0.        , ...,  0.31849321,
          0.22990753,  0.08519417],
        ...,
        [-0.45728584, -0.81821807, -0.31849321, ...,  0.        ,
         -0.09202644, -0.23657759],
        [-0.37350444, -0.76183928, -0.22990753, ...,  0.09202644,
          0.        , -0.14615964],
        [-0.23391155, -0.65898064, -0.08519417, ...,  0.23657759,
          0.14615964,  0.        ]],

       [[ 0.        ,  0.14134865,  0.39548212, ..., -0.633601  ,
         -0.69610047, -0.73827549],
        [-0.14134865,  0.        ,  0.26168641, ..., -0.73659537,
         -0.79059201, -0.82620268],
        [-0.39548212, -0.26168641,  0.        , ..., -0.88791453,
         -0.92328412, -0.94483901],
        ...,
        [ 0.633601  ,  0.73659537,  0.88791453, ...,  0.        ,
         -0.0836548 , -0.14381077],
        [ 0.69610047,  0.79059201,  0.92328412, ...,  0.0836548 ,
          0.        , -0.06052146],
        [ 0.73827549,  0.82620268,  0.94483901, ...,  0.14381077,
          0.06052146,  0.        ]],

       ...,

       [[ 0.        ,  0.09385735,  0.75763816, ..., -0.44780557,
         -0.67831873, -0.92958552],
        [-0.09385735,  0.        ,  0.69303535, ..., -0.52974957,
         -0.74428775, -0.96007844],
        [-0.75763816, -0.69303535,  0.        , ..., -0.96969915,
         -0.99940967, -0.88598742],
        ...,
        [ 0.44780557,  0.52974957,  0.96969915, ...,  0.        ,
         -0.27747266, -0.66610715],
        [ 0.67831873,  0.74428775,  0.99940967, ...,  0.27747266,
          0.        , -0.4329968 ],
        [ 0.92958552,  0.96007844,  0.88598742, ...,  0.66610715,
          0.4329968 ,  0.        ]],

       [[ 0.        ,  0.12030889,  0.24728932, ..., -0.56921087,
         -0.5983402 , -0.62985198],
        [-0.12030889,  0.        ,  0.12892084, ..., -0.66399336,
         -0.69039071, -0.7187228 ],
        [-0.24728932, -0.12892084,  0.        , ..., -0.75485134,
         -0.77789539, -0.80236321],
        ...,
        [ 0.56921087,  0.66399336,  0.75485134, ...,  0.        ,
         -0.03587452, -0.07574427],
        [ 0.5983402 ,  0.69039071,  0.77789539, ...,  0.03587452,
          0.        , -0.03992404],
        [ 0.62985198,  0.7187228 ,  0.80236321, ...,  0.07574427,
          0.03992404,  0.        ]],

       [[ 0.        ,  0.03101757,  0.06996986, ...,  0.02115297,
          0.10193461,  0.16851611],
        [-0.03101757,  0.        ,  0.03899465, ..., -0.00986784,
          0.07102956,  0.13786104],
        [-0.06996986, -0.03899465,  0.        , ..., -0.04885308,
          0.03207938,  0.09913388],
        ...,
        [-0.02115297,  0.00986784,  0.04885308, ...,  0.        ,
          0.08086902,  0.14762795],
        [-0.10193461, -0.07102956, -0.03207938, ..., -0.08086902,
          0.        ,  0.06716149],
        [-0.16851611, -0.13786104, -0.09913388, ..., -0.14762795,
         -0.06716149,  0.        ]]]), 'num': array([7.06912141e-01, 7.06912141e-01, 0.00000000e+00, 6.31556025e-03,
       6.32453121e-03, 5.92083773e-03, 1.54532788e-02, 2.51187055e-04,
       6.25455768e-03, 6.28191913e-03, 6.21314172e-03, 9.01843169e-07,
       6.79625757e-03, 5.76758068e-03])}
{'img': array([[[ 0.        ,  0.35019863,  0.1786445 , ..., -0.83127437,
         -0.8784992 , -0.79638504],
        [-0.35019863,  0.        , -0.1772333 , ..., -0.97329653,
         -0.99017387, -0.95775093],
        [-0.1786445 ,  0.1772333 ,  0.        , ..., -0.91720398,
         -0.94971369, -0.89161654],
        ...,
        [ 0.83127437,  0.97329653,  0.91720398, ...,  0.        ,
         -0.09118842,  0.06006594],
        [ 0.8784992 ,  0.99017387,  0.94971369, ...,  0.09118842,
          0.        ,  0.15083945],
        [ 0.79638504,  0.95775093,  0.89161654, ..., -0.06006594,
         -0.15083945,  0.        ]],

       [[ 0.        ,  0.59250519,  0.25476168, ...,  0.76183928,
          0.65898064,  0.96003493],
        [-0.59250519,  0.        , -0.36772731, ...,  0.22990753,
          0.08519417,  0.60754162],
        [-0.25476168,  0.36772731,  0.        , ...,  0.57167556,
          0.44561531,  0.85705474],
        ...,
        [-0.76183928, -0.22990753, -0.57167556, ...,  0.        ,
         -0.14615964,  0.40865433],
        [-0.65898064, -0.08519417, -0.44561531, ...,  0.14615964,
          0.        ,  0.53766413],
        [-0.96003493, -0.60754162, -0.85705474, ..., -0.40865433,
         -0.53766413,  0.        ]],

       [[ 0.        ,  0.26168641,  0.329391  , ..., -0.79059201,
         -0.82620268, -0.83982614],
        [-0.26168641,  0.        ,  0.07083006, ..., -0.92328412,
         -0.94483901, -0.95261858],
        [-0.329391  , -0.07083006,  0.        , ..., -0.94817228,
         -0.96566528, -0.97177018],
        ...,
        [ 0.79059201,  0.92328412,  0.94817228, ...,  0.        ,
         -0.06052146, -0.08508469],
        [ 0.82620268,  0.94483901,  0.96566528, ...,  0.06052146,
          0.        , -0.02462673],
        [ 0.83982614,  0.95261858,  0.97177018, ...,  0.08508469,
          0.02462673,  0.        ]],

       ...,

       [[ 0.        ,  0.69303535,  0.69303535, ..., -0.74428775,
         -0.96007844, -0.77110131],
        [-0.69303535,  0.        ,  0.        , ..., -0.99940967,
         -0.88598742, -0.99715396],
        [-0.69303535,  0.        ,  0.        , ..., -0.99940967,
         -0.88598742, -0.99715396],
        ...,
        [ 0.74428775,  0.99940967,  0.99940967, ...,  0.        ,
         -0.4329968 , -0.0410897 ],
        [ 0.96007844,  0.88598742,  0.88598742, ...,  0.4329968 ,
          0.        ,  0.39559305],
        [ 0.77110131,  0.99715396,  0.99715396, ...,  0.0410897 ,
         -0.39559305,  0.        ]],

       [[ 0.        ,  0.12892084,  0.23903894, ..., -0.69039071,
         -0.7187228 , -0.72739285],
        [-0.12892084,  0.        ,  0.11186071, ..., -0.77789539,
         -0.80236321, -0.8097909 ],
        [-0.23903894, -0.11186071,  0.        , ..., -0.84330582,
         -0.86409   , -0.87033933],
        ...,
        [ 0.69039071,  0.77789539,  0.84330582, ...,  0.        ,
         -0.03992404, -0.0524619 ],
        [ 0.7187228 ,  0.80236321,  0.86409   , ...,  0.03992404,
          0.        , -0.012551  ],
        [ 0.72739285,  0.8097909 ,  0.87033933, ...,  0.0524619 ,
          0.012551  ,  0.        ]],

       [[ 0.        ,  0.03899465,  0.08871677, ...,  0.07102956,
          0.13786104,  0.1868471 ],
        [-0.03899465,  0.        ,  0.04980841, ...,  0.03207938,
          0.09913388,  0.14839708],
        [-0.08871677, -0.04980841,  0.        , ..., -0.01774321,
          0.04944777,  0.09895596],
        ...,
        [-0.07102956, -0.03207938,  0.01774321, ...,  0.        ,
          0.06716149,  0.11659651],
        [-0.13786104, -0.09913388, -0.04944777, ..., -0.06716149,
          0.        ,  0.04962984],
        [-0.1868471 , -0.14839708, -0.09895596, ..., -0.11659651,
         -0.04962984,  0.        ]]]), 'num': array([ 7.06978322e-01,  7.06978322e-01,  0.00000000e+00,  6.18157441e-03,
        6.29820789e-03,  6.11877177e-03,  7.16700171e-03, -1.34577092e-04,
        6.22105036e-03,  6.30089943e-03,  6.19308823e-03,  8.11520151e-07,
        6.77135412e-03,  5.83044475e-03])}
{'img': array([[[ 0.        , -0.1772333 , -0.54810183, ..., -0.99017387,
         -0.95775093, -0.97803446],
        [ 0.1772333 ,  0.        , -0.39118477, ..., -0.94971369,
         -0.89161654, -0.92560797],
        [ 0.54810183,  0.39118477,  0.        , ..., -0.75154544,
         -0.64344049, -0.70379124],
        ...,
        [ 0.99017387,  0.94971369,  0.75154544, ...,  0.        ,
          0.15083945,  0.06962509],
        [ 0.95775093,  0.89161654,  0.64344049, ..., -0.15083945,
          0.        , -0.08164494],
        [ 0.97803446,  0.92560797,  0.70379124, ..., -0.06962509,
          0.08164494,  0.        ]],

       [[ 0.        , -0.36772731,  0.46600369, ...,  0.08519417,
          0.60754162, -0.27446734],
        [ 0.36772731,  0.        ,  0.75871131, ...,  0.44561531,
          0.85705474,  0.09836884],
        [-0.46600369, -0.75871131,  0.        , ..., -0.38893114,
          0.16740129, -0.69095146],
        ...,
        [-0.08519417, -0.44561531,  0.38893114, ...,  0.        ,
          0.53766413, -0.35539189],
        [-0.60754162, -0.85705474, -0.16740129, ..., -0.53766413,
          0.        , -0.80221592],
        [ 0.27446734, -0.09836884,  0.69095146, ...,  0.35539189,
          0.80221592,  0.        ]],

       [[ 0.        ,  0.07083006,  0.00665857, ..., -0.94483901,
         -0.95261858, -0.96018504],
        [-0.07083006,  0.        , -0.06418664, ..., -0.96566528,
         -0.97177018, -0.97756086],
        [-0.00665857,  0.06418664,  0.        , ..., -0.94699898,
         -0.95462278, -0.96202392],
        ...,
        [ 0.94483901,  0.96566528,  0.94699898, ...,  0.        ,
         -0.02462673, -0.05053955],
        [ 0.95261858,  0.97177018,  0.95462278, ...,  0.02462673,
          0.        , -0.02592896],
        [ 0.96018504,  0.97756086,  0.96202392, ...,  0.05053955,
          0.02592896,  0.        ]],

       ...,

       [[ 0.        ,  0.        , -0.7436927 , ..., -0.88598742,
         -0.99715396, -0.97579231],
        [ 0.        ,  0.        , -0.7436927 , ..., -0.88598742,
         -0.99715396, -0.97579231],
        [ 0.7436927 ,  0.7436927 ,  0.        , ..., -0.93715896,
         -0.72268758, -0.81498332],
        ...,
        [ 0.88598742,  0.88598742,  0.93715896, ...,  0.        ,
          0.39559305,  0.25871914],
        [ 0.99715396,  0.99715396,  0.72268758, ..., -0.39559305,
          0.        , -0.14450977],
        [ 0.97579231,  0.97579231,  0.81498332, ..., -0.25871914,
          0.14450977,  0.        ]],

       [[ 0.        ,  0.11186071,  0.18326036, ..., -0.80236321,
         -0.8097909 , -0.82465751],
        [-0.11186071,  0.        ,  0.07214391, ..., -0.86409   ,
         -0.87033933, -0.88275391],
        [-0.18326036, -0.07214391,  0.        , ..., -0.89815111,
         -0.90359888, -0.91434944],
        ...,
        [ 0.80236321,  0.86409   ,  0.89815111, ...,  0.        ,
         -0.012551  , -0.03834271],
        [ 0.8097909 ,  0.87033933,  0.90359888, ...,  0.012551  ,
          0.        , -0.02579792],
        [ 0.82465751,  0.88275391,  0.91434944, ...,  0.03834271,
          0.02579792,  0.        ]],

       [[ 0.        ,  0.04980841,  0.07904551, ...,  0.09913388,
          0.14839708,  0.19842942],
        [-0.04980841,  0.        ,  0.02929484, ...,  0.04944777,
          0.09895596,  0.14936515],
        [-0.07904551, -0.02929484,  0.        , ...,  0.02016755,
          0.06976244,  0.12033483],
        ...,
        [-0.09913388, -0.04944777, -0.02016755, ...,  0.        ,
          0.04962984,  0.10028936],
        [-0.14839708, -0.09895596, -0.06976244, ..., -0.04962984,
          0.        ,  0.05078615],
        [-0.19842942, -0.14936515, -0.12033483, ..., -0.10028936,
         -0.05078615,  0.        ]]]), 'num': array([7.81477160e-01, 6.23586377e-01, 4.55673258e-07, 6.86481669e-03,
       6.92425233e-03, 6.79547510e-03, 7.21893424e-03, 3.96237615e-05,
       6.84500481e-03, 6.98814564e-03, 6.81380109e-03, 9.06812453e-07,
       7.39438462e-03, 6.58190666e-03])}
{'img': array([[[ 0.        , -0.41283209,  0.14509322, ..., -0.90437451,
         -0.93629778, -0.92845405],
        [ 0.41283209,  0.        ,  0.54061544, ..., -0.64753894,
         -0.70779713, -0.69229723],
        [-0.14509322, -0.54061544,  0.        , ..., -0.95672144,
         -0.97734765, -0.97252362],
        ...,
        [ 0.90437451,  0.64753894,  0.95672144, ...,  0.        ,
         -0.08193261, -0.06028072],
        [ 0.93629778,  0.70779713,  0.97734765, ...,  0.08193261,
          0.        ,  0.02170556],
        [ 0.92845405,  0.69229723,  0.97252362, ...,  0.06028072,
         -0.02170556,  0.        ]],

       [[ 0.        ,  0.75871131,  0.30178822, ...,  0.85705474,
          0.09836884, -0.00612728],
        [-0.75871131,  0.        , -0.52674339, ...,  0.16740129,
         -0.69095146, -0.76268855],
        [-0.30178822,  0.52674339,  0.        , ...,  0.66160561,
         -0.20654216, -0.30762415],
        ...,
        [-0.85705474, -0.16740129, -0.66160561, ...,  0.        ,
         -0.80221592, -0.86019558],
        [-0.09836884,  0.69095146,  0.20654216, ...,  0.80221592,
          0.        , -0.10446456],
        [ 0.00612728,  0.76268855,  0.30762415, ...,  0.86019558,
          0.10446456,  0.        ]],

       [[ 0.        , -0.06418664,  0.13763753, ..., -0.97177018,
         -0.97756086, -0.98087446],
        [ 0.06418664,  0.        ,  0.20092947, ..., -0.95462278,
         -0.96202392, -0.96635843],
        [-0.13763753, -0.20092947,  0.        , ..., -0.99499427,
         -0.99725087, -0.99832912],
        ...,
        [ 0.97177018,  0.95462278,  0.99499427, ...,  0.        ,
         -0.02592896, -0.04227047],
        [ 0.97756086,  0.96202392,  0.99725087, ...,  0.02592896,
          0.        , -0.01635048],
        [ 0.98087446,  0.96635843,  0.99832912, ...,  0.04227047,
          0.01635048,  0.        ]],

       ...,

       [[ 0.        , -0.7436927 , -0.51766577, ..., -0.99715396,
         -0.97579231, -0.97913777],
        [ 0.7436927 ,  0.        ,  0.29022002, ..., -0.72268758,
         -0.81498332, -0.80569129],
        [ 0.51766577, -0.29022002,  0.        , ..., -0.89217584,
         -0.94808437, -0.94292196],
        ...,
        [ 0.99715396,  0.72268758,  0.89217584, ...,  0.        ,
         -0.14450977, -0.12879992],
        [ 0.97579231,  0.81498332,  0.94808437, ...,  0.14450977,
          0.        ,  0.01585814],
        [ 0.97913777,  0.80569129,  0.94292196, ...,  0.12879992,
         -0.01585814,  0.        ]],

       [[ 0.        ,  0.07214391,  0.18816752, ..., -0.87033933,
         -0.88275391, -0.9160377 ],
        [-0.07214391,  0.        ,  0.116822  , ..., -0.90359888,
         -0.91434944, -0.94258707],
        [-0.18816752, -0.116822  ,  0.        , ..., -0.94745598,
         -0.95539304, -0.97514699],
        ...,
        [ 0.87033933,  0.90359888,  0.94745598, ...,  0.        ,
         -0.02579792, -0.10201874],
        [ 0.88275391,  0.91434944,  0.95539304, ...,  0.02579792,
          0.        , -0.07632147],
        [ 0.9160377 ,  0.94258707,  0.97514699, ...,  0.10201874,
          0.07632147,  0.        ]],

       [[ 0.        ,  0.02929484,  0.0746079 , ...,  0.09895596,
          0.14936515,  0.25696239],
        [-0.02929484,  0.        ,  0.04536269, ...,  0.06976244,
          0.12033483,  0.22854095],
        [-0.0746079 , -0.04536269,  0.        , ...,  0.02443846,
          0.0751779 ,  0.18414355],
        ...,
        [-0.09895596, -0.06976244, -0.02443846, ...,  0.        ,
          0.05078615,  0.16006801],
        [-0.14936515, -0.12033483, -0.0751779 , ..., -0.05078615,
          0.        ,  0.10973014],
        [-0.25696239, -0.22854095, -0.18414355, ..., -0.16006801,
         -0.10973014,  0.        ]]]), 'num': array([7.62561550e-01, 6.46584401e-01, 3.27619065e-07, 6.82218524e-03,
       6.86072866e-03, 6.66801156e-03, 7.88112715e-03, 1.44537823e-04,
       6.68728327e-03, 6.82411241e-03, 6.60746628e-03, 8.97457070e-07,
       7.14408084e-03, 6.50414399e-03])}
{'img': array([[[ 0.        ,  0.54061544,  0.06168546, ..., -0.70779713,
         -0.69229723, -0.63046508],
        [-0.54061544,  0.        , -0.48769179, ..., -0.97734765,
         -0.97252362, -0.95002648],
        [-0.06168546,  0.48769179,  0.        , ..., -0.75002481,
         -0.73549184, -0.67714579],
        ...,
        [ 0.70779713,  0.97734765,  0.75002481, ...,  0.        ,
          0.02170556,  0.10403414],
        [ 0.69229723,  0.97252362,  0.73549184, ..., -0.02170556,
          0.        ,  0.08242184],
        [ 0.63046508,  0.95002648,  0.67714579, ..., -0.10403414,
         -0.08242184,  0.        ]],

       [[ 0.        , -0.52674339, -0.68791333, ..., -0.69095146,
         -0.76268855, -0.67177883],
        [ 0.52674339,  0.        , -0.2024365 , ..., -0.20654216,
         -0.30762415, -0.18084226],
        [ 0.68791333,  0.2024365 ,  0.        , ..., -0.00419428,
         -0.10863497,  0.02200076],
        ...,
        [ 0.69095146,  0.20654216,  0.00419428, ...,  0.        ,
         -0.10446456,  0.02619383],
        [ 0.76268855,  0.30762415,  0.10863497, ...,  0.10446456,
          0.        ,  0.13047923],
        [ 0.67177883,  0.18084226, -0.02200076, ..., -0.02619383,
         -0.13047923,  0.        ]],

       [[ 0.        ,  0.20092947,  0.01401192, ..., -0.96202392,
         -0.96635843, -0.96089925],
        [-0.20092947,  0.        , -0.18718359, ..., -0.99725087,
         -0.99832912, -0.99693941],
        [-0.01401192,  0.18718359,  0.        , ..., -0.96575425,
         -0.96986742, -0.96468479],
        ...,
        [ 0.96202392,  0.99725087,  0.96575425, ...,  0.        ,
         -0.01635048,  0.00409072],
        [ 0.96635843,  0.99832912,  0.96986742, ...,  0.01635048,
          0.        ,  0.02044052],
        [ 0.96089925,  0.99693941,  0.96468479, ..., -0.00409072,
         -0.02044052,  0.        ]],

       ...,

       [[ 0.        ,  0.60215393, -0.15031967, ..., -0.88344067,
         -0.87539727, -0.8632143 ],
        [-0.60215393,  0.        , -0.71532414, ..., -0.98745641,
         -0.98998342, -0.99316303],
        [ 0.15031967,  0.71532414,  0.        , ..., -0.8029713 ,
         -0.79278536, -0.77751895],
        ...,
        [ 0.88344067,  0.98745641,  0.8029713 , ...,  0.        ,
          0.01689764,  0.04154108],
        [ 0.87539727,  0.98998342,  0.79278536, ..., -0.01689764,
          0.        ,  0.02465209],
        [ 0.8632143 ,  0.99316303,  0.77751895, ..., -0.04154108,
         -0.02465209,  0.        ]],

       [[ 0.        ,  0.116822  ,  0.18253657, ..., -0.91434944,
         -0.94258707, -0.95748377],
        [-0.116822  ,  0.        ,  0.06642744, ..., -0.95539304,
         -0.97514699, -0.9846294 ],
        [-0.18253657, -0.06642744,  0.        , ..., -0.97290133,
         -0.98771073, -0.9940566 ],
        ...,
        [ 0.91434944,  0.95539304,  0.97290133, ...,  0.        ,
         -0.07632147, -0.12393206],
        [ 0.94258707,  0.97514699,  0.98771073, ...,  0.07632147,
          0.        , -0.04783751],
        [ 0.95748377,  0.9846294 ,  0.9940566 , ...,  0.12393206,
          0.04783751,  0.        ]],

       [[ 0.        ,  0.04536269,  0.09461161, ...,  0.12033483,
          0.22854095,  0.30883566],
        [-0.04536269,  0.        ,  0.04935502, ...,  0.0751779 ,
          0.18414355,  0.26537259],
        [-0.09461161, -0.04935502,  0.        , ...,  0.02587093,
          0.13540812,  0.21746374],
        ...,
        [-0.12033483, -0.0751779 , -0.02587093, ...,  0.        ,
          0.10973014,  0.19213915],
        [-0.22854095, -0.18414355, -0.13540812, ..., -0.10973014,
          0.        ,  0.08329329],
        [-0.30883566, -0.26537259, -0.21746374, ..., -0.19213915,
         -0.08329329,  0.        ]]]), 'num': array([7.39515499e-01, 6.72838459e-01, 1.86770420e-07, 6.66770400e-03,
       6.79844330e-03, 6.65836548e-03, 7.38665806e-03, 5.60311261e-05,
       6.55190634e-03, 6.62661451e-03, 6.38894915e-03, 9.67374997e-07,
       6.92236121e-03, 6.33086781e-03])}
{'img': array([[[ 0.        , -0.48769179, -0.66591038, ..., -0.97252362,
         -0.95002648, -0.93900066],
        [ 0.48769179,  0.        , -0.21751677, ..., -0.73549184,
         -0.67714579, -0.65203779],
        [ 0.66591038,  0.21751677,  0.        , ..., -0.57050674,
         -0.50087313, -0.4715075 ],
        ...,
        [ 0.97252362,  0.73549184,  0.57050674, ...,  0.        ,
          0.08242184,  0.11586247],
        [ 0.95002648,  0.67714579,  0.50087313, ..., -0.08242184,
          0.        ,  0.0336015 ],
        [ 0.93900066,  0.65203779,  0.4715075 , ..., -0.11586247,
         -0.0336015 ,  0.        ]],

       [[ 0.        , -0.2024365 , -0.04368718, ..., -0.30762415,
         -0.18084226, -0.2173216 ],
        [ 0.2024365 ,  0.        ,  0.15946057, ..., -0.10863497,
          0.02200076, -0.01522376],
        [ 0.04368718, -0.15946057,  0.        , ..., -0.26576175,
         -0.13770273, -0.17447105],
        ...,
        [ 0.30762415,  0.10863497,  0.26576175, ...,  0.        ,
          0.13047923,  0.09348872],
        [ 0.18084226, -0.02200076,  0.13770273, ..., -0.13047923,
          0.        , -0.03721828],
        [ 0.2173216 ,  0.01522376,  0.17447105, ..., -0.09348872,
          0.03721828,  0.        ]],

       [[ 0.        , -0.18718359, -0.40185434, ..., -0.99832912,
         -0.99693941, -0.99153448],
        [ 0.18718359,  0.        , -0.22334686, ..., -0.96986742,
         -0.96468479, -0.94970446],
        [ 0.40185434,  0.22334686,  0.        , ..., -0.89095289,
         -0.88148479, -0.85577347],
        ...,
        [ 0.99832912,  0.96986742,  0.89095289, ...,  0.        ,
          0.02044052,  0.07233204],
        [ 0.99693941,  0.96468479,  0.88148479, ..., -0.02044052,
          0.        ,  0.05192995],
        [ 0.99153448,  0.94970446,  0.85577347, ..., -0.07233204,
         -0.05192995,  0.        ]],

       ...,

       [[ 0.        , -0.71532414, -0.97690798, ..., -0.98998342,
         -0.99316303, -0.99905417],
        [ 0.71532414,  0.        , -0.52981977, ..., -0.79278536,
         -0.77751895, -0.66702744],
        [ 0.97690798,  0.52981977,  0.        , ..., -0.34944375,
         -0.32623959, -0.17097951],
        ...,
        [ 0.98998342,  0.79278536,  0.34944375, ...,  0.        ,
          0.02465209,  0.18409754],
        [ 0.99316303,  0.77751895,  0.32623959, ..., -0.02465209,
          0.        ,  0.15981085],
        [ 0.99905417,  0.66702744,  0.17097951, ..., -0.18409754,
         -0.15981085,  0.        ]],

       [[ 0.        ,  0.06642744,  0.07382926, ..., -0.97514699,
         -0.9846294 , -0.98485687],
        [-0.06642744,  0.        ,  0.00742004, ..., -0.98771073,
         -0.9940566 , -0.99419806],
        [-0.07382926, -0.00742004,  0.        , ..., -0.98884324,
         -0.99483701, -0.99496883],
        ...,
        [ 0.97514699,  0.98771073,  0.98884324, ...,  0.        ,
         -0.04783751, -0.0491432 ],
        [ 0.9846294 ,  0.9940566 ,  0.99483701, ...,  0.04783751,
          0.        , -0.00130723],
        [ 0.98485687,  0.99419806,  0.99496883, ...,  0.0491432 ,
          0.00130723,  0.        ]],

       [[ 0.        ,  0.04935502,  0.11457203, ...,  0.18414355,
          0.26537259,  0.28836531],
        [-0.04935502,  0.        ,  0.06540238, ...,  0.13540812,
          0.21746374,  0.24075544],
        [-0.11457203, -0.06540238,  0.        , ...,  0.07031819,
          0.15316094,  0.17676135],
        ...,
        [-0.18414355, -0.13540812, -0.07031819, ...,  0.        ,
          0.08329329,  0.10711286],
        [-0.26537259, -0.21746374, -0.15316094, ..., -0.08329329,
          0.        ,  0.02392656],
        [-0.28836531, -0.24075544, -0.17676135, ..., -0.10711286,
         -0.02392656,  0.        ]]]), 'num': array([8.29781150e-01, 5.57647068e-01, 7.50714709e-07, 7.55928005e-03,
       7.55928005e-03, 7.32989500e-03, 7.46748433e-03, 1.14692525e-04,
       7.35908947e-03, 7.39871052e-03, 7.11371697e-03, 1.13376547e-06,
       7.72891597e-03, 7.06850507e-03])}
{'img': array([[[ 0.        , -0.50279312, -0.40287676, ..., -0.91602116,
         -0.90041681, -0.86765021],
        [ 0.50279312,  0.        ,  0.11193413, ..., -0.59012953,
         -0.55959718, -0.50002648],
        [ 0.40287676, -0.11193413,  0.        , ..., -0.67678632,
         -0.64884753, -0.59382022],
        ...,
        [ 0.91602116,  0.59012953,  0.67678632, ...,  0.        ,
          0.03731094,  0.10738247],
        [ 0.90041681,  0.55959718,  0.64884753, ..., -0.03731094,
          0.        ,  0.0702125 ],
        [ 0.86765021,  0.50002648,  0.59382022, ..., -0.10738247,
         -0.0702125 ,  0.        ]],

       [[ 0.        ,  0.15946057,  0.19368864, ...,  0.02200076,
         -0.01522376, -0.12899131],
        [-0.15946057,  0.        ,  0.03476938, ..., -0.13770273,
         -0.17447105, -0.28546917],
        [-0.19368864, -0.03476938,  0.        , ..., -0.17205762,
         -0.20860166, -0.31861911],
        ...,
        [-0.02200076,  0.13770273,  0.17205762, ...,  0.        ,
         -0.03721828, -0.15077704],
        [ 0.01522376,  0.17447105,  0.20860166, ...,  0.03721828,
          0.        , -0.11387978],
        [ 0.12899131,  0.28546917,  0.31861911, ...,  0.15077704,
          0.11387978,  0.        ]],

       [[ 0.        , -0.36043421, -0.47119292, ..., -0.99613887,
         -0.99016314, -0.98566329],
        [ 0.36043421,  0.        , -0.12160766, ..., -0.89753998,
         -0.87317784, -0.85859757],
        [ 0.47119292,  0.12160766,  0.        , ..., -0.83725782,
         -0.80742554, -0.78988308],
        ...,
        [ 0.99613887,  0.89753998,  0.83725782, ...,  0.        ,
          0.05244955,  0.08153996],
        [ 0.99016314,  0.87317784,  0.80742554, ..., -0.05244955,
          0.        ,  0.02915283],
        [ 0.98566329,  0.85859757,  0.78988308, ..., -0.08153996,
         -0.02915283,  0.        ]],

       ...,

       [[ 0.        , -0.55775337, -0.53608446, ..., -0.80393013,
         -0.69545653, -0.63455278],
        [ 0.55775337,  0.        ,  0.02588179, ..., -0.33555824,
         -0.17644978, -0.09560692],
        [ 0.53608446, -0.02588179,  0.        , ..., -0.35982698,
         -0.20186637, -0.12133813],
        ...,
        [ 0.80393013,  0.33555824,  0.35982698, ...,  0.        ,
          0.16407408,  0.24395753],
        [ 0.69545653,  0.17644978,  0.20186637, ..., -0.16407408,
          0.        ,  0.08153468],
        [ 0.63455278,  0.09560692,  0.12133813, ..., -0.24395753,
         -0.08153468,  0.        ]],

       [[ 0.        ,  0.00742004, -0.03410813, ..., -0.9940566 ,
         -0.99419806, -0.99419806],
        [-0.00742004,  0.        , -0.04152291, ..., -0.99483701,
         -0.99496883, -0.99496883],
        [ 0.03410813,  0.04152291,  0.        , ..., -0.98976504,
         -0.98995075, -0.98995075],
        ...,
        [ 0.9940566 ,  0.99483701,  0.98976504, ...,  0.        ,
         -0.00130723, -0.00130723],
        [ 0.99419806,  0.99496883,  0.98995075, ...,  0.00130723,
          0.        ,  0.        ],
        [ 0.99419806,  0.99496883,  0.98995075, ...,  0.00130723,
          0.        ,  0.        ]],

       [[ 0.        ,  0.06540238,  0.18136796, ...,  0.21746374,
          0.24075544,  0.24075544],
        [-0.06540238,  0.        ,  0.11666194, ...,  0.15316094,
          0.17676135,  0.17676135],
        [-0.18136796, -0.11666194,  0.        , ...,  0.03682963,
          0.06072942,  0.06072942],
        ...,
        [-0.21746374, -0.15316094, -0.03682963, ...,  0.        ,
          0.02392656,  0.02392656],
        [-0.24075544, -0.17676135, -0.06072942, ..., -0.02392656,
          0.        ,  0.        ],
        [-0.24075544, -0.17676135, -0.06072942, ..., -0.02392656,
          0.        ,  0.        ]]]), 'num': array([8.04611592e-01, 5.93086642e-01, 5.60330993e-07, 7.55446250e-03,
       7.70455115e-03, 7.30431473e-03, 2.06808164e-02, 3.00177318e-04,
