state_0,state_1,state_2,state_3,state_4,state_5,state_6,state_7,state_8,state_9,state_10,state_11,state_12,state_13,state_14,state_15,state_16,state_17,state_18,state_19,state_20,state_21,state_22,state_23,state_24,state_25,state_26,state_27,state_28,state_29,state_30,state_31,state_32,state_33,state_34,state_35,state_36,state_37,state_38,state_39,state_40,state_41,state_42,state_43,state_44,state_45,state_46,state_47,state_48,state_49,state_50,state_51,state_52,state_53,state_54,state_55,state_56,state_57,state_58,state_59,state_60,state_61,state_62,state_63,state_64,state_65,state_66,state_67,state_68,state_69,state_70,state_71,state_72,state_73,state_74,state_75,state_76,state_77,state_78,state_79,state_80,state_81,state_82,state_83,state_84,state_85,state_86,state_87,state_88,state_89,state_90,state_91,state_92,state_93,state_94,state_95,state_96,state_97,state_98,state_99,state_100,state_101,state_102,state_103,state_104,state_105,state_106,state_107,state_108,state_109,state_110,state_111,state_112,state_113,state_114,state_115,state_116,state_117,state_118,state_119,state_120,state_121,state_122,state_123,state_124,state_125,state_126,state_127,state_128,state_129,state_130,state_131,state_132,state_133,state_134,state_135,state_136,state_137,state_138,state_139,state_140,state_141,state_142,state_143,state_144,state_145,state_146,state_147,state_148,state_149,state_150,state_151,state_152,state_153,state_154,state_155,state_156,state_157,state_158,state_159,state_160,state_161,state_162,state_163,state_164,state_165,state_166,state_167,state_168,state_169,state_170,state_171,state_172,state_173,state_174,state_175,state_176,state_177,state_178,state_179,state_180,state_181,state_182,state_183,state_184,state_185,state_186,state_187,state_188,state_189,state_190,state_191,state_192,state_193,state_194,state_195,state_196,state_197,state_198,state_199,state_200,state_201,state_202,state_203,state_204,state_205,state_206,state_207,state_208,state_209,state_210,state_211,state_212,state_213,state_214,state_215,state_216,state_217,state_218,state_219,state_220,state_221,state_222,state_223,state_224,state_225,state_226,state_227,state_228,state_229,state_230,state_231,state_232,state_233,state_234,state_235,state_236,state_237,state_238,state_239,state_240,state_241,state_242,state_243,state_244,state_245,state_246,state_247,state_248,state_249,state_250,state_251,state_252,state_253,state_254,state_255,state_256,state_257,state_258,state_259,state_260,state_261,state_262,state_263,state_264,state_265,state_266,state_267,state_268,state_269,state_270,state_271,state_272,state_273,state_274,state_275,state_276,state_277,state_278,state_279,state_280,state_281,state_282,state_283,state_284,state_285,state_286,state_287
{'img': array([[[ 0.        ,  0.43059247,  0.02061876, ..., -0.1493171 ,
         -0.50715327, -0.67221125],
        [-0.43059247,  0.        , -0.41189155, ..., -0.56053088,
         -0.82883805, -0.92549507],
        [-0.02061876,  0.41189155,  0.        , ..., -0.16967297,
         -0.52481585, -0.68733364],
        ...,
        [ 0.1493171 ,  0.56053088,  0.16967297, ...,  0.        ,
         -0.37277794, -0.55412701],
        [ 0.50715327,  0.82883805,  0.52481585, ...,  0.37277794,
          0.        , -0.20387353],
        [ 0.67221125,  0.92549507,  0.68733364, ...,  0.55412701,
          0.20387353,  0.        ]],

       [[ 0.        , -0.52721217, -0.83086828, ...,  0.86010771,
         -0.86311113, -0.98600478],
        [ 0.52721217,  0.        , -0.41263946, ...,  0.99979999,
         -0.46716505, -0.74994623],
        [ 0.83086828,  0.41263946,  0.        , ...,  0.90245966,
         -0.06069456, -0.41016135],
        ...,
        [-0.86010771, -0.99979999, -0.90245966, ...,  0.        ,
         -0.87465021, -0.64636792],
        [ 0.86311113,  0.46716505,  0.06069456, ...,  0.87465021,
          0.        , -0.35405095],
        [ 0.98600478,  0.74994623,  0.41016135, ...,  0.64636792,
          0.35405095,  0.        ]],

       [[ 0.        ,  0.35693173,  0.49906231, ..., -0.16456751,
         -0.14777054, -0.15017213],
        [-0.35693173,  0.        ,  0.15688438, ..., -0.50579279,
         -0.49105018, -0.49316444],
        [-0.49906231, -0.15688438,  0.        , ..., -0.63486664,
         -0.62163639, -0.62353696],
        ...,
        [ 0.16456751,  0.50579279,  0.63486664, ...,  0.        ,
          0.01700503,  0.01457664],
        [ 0.14777054,  0.49105018,  0.62163639, ..., -0.01700503,
          0.        , -0.00242869],
        [ 0.15017213,  0.49316444,  0.62353696, ..., -0.01457664,
          0.00242869,  0.        ]],

       ...,

       [[ 0.        ,  0.08403116, -0.20985032, ..., -0.26552478,
         -0.4913841 , -0.61539622],
        [-0.08403116,  0.        , -0.29126819, ..., -0.34560043,
         -0.56283248, -0.6794545 ],
        [ 0.20985032,  0.29126819,  0.        , ..., -0.05729493,
         -0.29767504, -0.43628573],
        ...,
        [ 0.26552478,  0.34560043,  0.05729493, ...,  0.        ,
         -0.24248845, -0.38401459],
        [ 0.4913841 ,  0.56283248,  0.29767504, ...,  0.24248845,
          0.        , -0.14865726],
        [ 0.61539622,  0.6794545 ,  0.43628573, ...,  0.38401459,
          0.14865726,  0.        ]],

       [[ 0.        ,  0.22570682,  0.17237217, ..., -0.05802081,
         -0.063064  , -0.07499342],
        [-0.22570682,  0.        , -0.05440426, ..., -0.28185018,
         -0.28669419, -0.29812947],
        [-0.17237217,  0.05440426,  0.        , ..., -0.22923413,
         -0.23414911, -0.24575768],
        ...,
        [ 0.05802081,  0.28185018,  0.22923413, ...,  0.        ,
         -0.00505244, -0.01700966],
        [ 0.063064  ,  0.28669419,  0.23414911, ...,  0.00505244,
          0.        , -0.01195773],
        [ 0.07499342,  0.29812947,  0.24575768, ...,  0.01700966,
          0.01195773,  0.        ]],

       [[ 0.        , -0.11667202, -0.09179415, ...,  0.24619189,
          0.26571435,  0.28593238],
        [ 0.11667202,  0.        ,  0.02501219, ...,  0.3575915 ,
          0.37637752,  0.39578054],
        [ 0.09179415, -0.02501219,  0.        , ...,  0.33412129,
          0.35308682,  0.3726869 ],
        ...,
        [-0.24619189, -0.3575915 , -0.33412129, ...,  0.        ,
          0.02019422,  0.04121837],
        [-0.26571435, -0.37637752, -0.35308682, ..., -0.02019422,
          0.        ,  0.02103291],
        [-0.28593238, -0.39578054, -0.3726869 , ..., -0.04121837,
         -0.02103291,  0.        ]]]), 'num': array([ 7.07105049e-01,  7.07105049e-01,  0.00000000e+00,  5.37068058e-04,
        5.47436167e-04,  5.29810381e-04,  1.54754398e-03, -1.03681092e-06,
        5.58426363e-04,  5.75274540e-04,  5.71230977e-04,  8.53844289e-07,
        6.26389529e-04,  5.24159551e-04])}
{'img': array([[[ 0.        , -0.41189155, -0.40241088, ..., -0.82883805,
         -0.92549507, -0.92926736],
        [ 0.41189155,  0.        ,  0.01037987, ..., -0.52481585,
         -0.68733364, -0.69462298],
        [ 0.40241088, -0.01037987,  0.        , ..., -0.53362309,
         -0.69483595, -0.70205257],
        ...,
        [ 0.82883805,  0.52481585,  0.53362309, ...,  0.        ,
         -0.20387353, -0.21373519],
        [ 0.92549507,  0.68733364,  0.69483595, ...,  0.20387353,
          0.        , -0.01008381],
        [ 0.92926736,  0.69462298,  0.70205257, ...,  0.21373519,
          0.01008381,  0.        ]],

       [[ 0.        , -0.40905786, -0.70396074, ..., -0.46300088,
         -0.74212577, -0.99991733],
        [ 0.40905786,  0.        , -0.35184132, ..., -0.05992058,
         -0.40302065, -0.90717313],
        [ 0.70396074,  0.35184132,  0.        , ...,  0.29511988,
         -0.05524941, -0.70112828],
        ...,
        [ 0.46300088,  0.05992058, -0.29511988, ...,  0.        ,
         -0.34745772, -0.88033104],
        [ 0.74212577,  0.40302065,  0.05524941, ...,  0.34745772,
          0.        , -0.6606626 ],
        [ 0.99991733,  0.90717313,  0.70112828, ...,  0.88033104,
          0.6606626 ,  0.        ]],

       [[ 0.        ,  0.15688438,  0.32002369, ..., -0.49105018,
         -0.49316444, -0.46761385],
        [-0.15688438,  0.        ,  0.16742707, ..., -0.62163639,
         -0.62353696, -0.60049863],
        [-0.32002369, -0.16742707,  0.        , ..., -0.74400828,
         -0.74562886, -0.72590128],
        ...,
        [ 0.49105018,  0.62163639,  0.74400828, ...,  0.        ,
         -0.00242869,  0.02670233],
        [ 0.49316444,  0.62353696,  0.74562886, ...,  0.00242869,
          0.        ,  0.02913008],
        [ 0.46761385,  0.60049863,  0.72590128, ..., -0.02670233,
         -0.02913008,  0.        ]],

       ...,

       [[ 0.        , -0.29126819, -0.18970813, ..., -0.56283248,
         -0.6794545 , -0.64962078],
        [ 0.29126819,  0.        ,  0.10449625, ..., -0.29767504,
         -0.43628573, -0.40001507],
        [ 0.18970813, -0.10449625,  0.        , ..., -0.39580451,
         -0.52792377, -0.49359681],
        ...,
        [ 0.56283248,  0.29767504,  0.39580451, ...,  0.        ,
         -0.14865726, -0.10905957],
        [ 0.6794545 ,  0.43628573,  0.52792377, ...,  0.14865726,
          0.        ,  0.03992277],
        [ 0.64962078,  0.40001507,  0.49359681, ...,  0.10905957,
         -0.03992277,  0.        ]],

       [[ 0.        , -0.05440426,  0.03208619, ..., -0.28669419,
         -0.29812947, -0.2729192 ],
        [ 0.05440426,  0.        ,  0.08641492, ..., -0.23414911,
         -0.24575768, -0.22017609],
        [-0.03208619, -0.08641492,  0.        , ..., -0.31728586,
         -0.32860305, -0.30364677],
        ...,
        [ 0.28669419,  0.23414911,  0.31728586, ...,  0.        ,
         -0.01195773,  0.01434777],
        [ 0.29812947,  0.24575768,  0.32860305, ...,  0.01195773,
          0.        ,  0.02630325],
        [ 0.2729192 ,  0.22017609,  0.30364677, ..., -0.01434777,
         -0.02630325,  0.        ]],

       [[ 0.        ,  0.02501219,  0.00163405, ...,  0.37637752,
          0.39578054,  0.33693257],
        [-0.02501219,  0.        , -0.02337862, ...,  0.35308682,
          0.3726869 ,  0.31327747],
        [-0.00163405,  0.02337862,  0.        , ...,  0.37486313,
          0.39427939,  0.33539362],
        ...,
        [-0.37637752, -0.35308682, -0.37486313, ...,  0.        ,
          0.02103291, -0.04221356],
        [-0.39578054, -0.3726869 , -0.39427939, ..., -0.02103291,
          0.        , -0.06321838],
        [-0.33693257, -0.31327747, -0.33539362, ...,  0.04221356,
          0.06321838,  0.        ]]]), 'num': array([ 9.99679076e-01,  2.47460553e-02,  3.90754718e-05,  7.58702740e-04,
        7.96713899e-04,  7.54141401e-04,  4.91152833e-03, -2.88884811e-05,
        8.07661113e-04,  8.38830264e-04,  8.34294265e-04,  1.16269428e-06,
        9.22170144e-04,  7.55490383e-04])}
{'img': array([[[ 0.        ,  0.01037987,  0.        , ..., -0.68733364,
         -0.69462298, -0.82408787],
        [-0.01037987,  0.        , -0.01037987, ..., -0.69483595,
         -0.70205257, -0.82992328],
        [ 0.        ,  0.01037987,  0.        , ..., -0.68733364,
         -0.69462298, -0.82408787],
        ...,
        [ 0.68733364,  0.69483595,  0.68733364, ...,  0.        ,
         -0.01008381, -0.20922112],
        [ 0.69462298,  0.70205257,  0.69462298, ...,  0.01008381,
          0.        , -0.19934984],
        [ 0.82408787,  0.82992328,  0.82408787, ...,  0.20922112,
          0.19934984,  0.        ]],

       [[ 0.        , -0.35184132, -0.56087166, ..., -0.40302065,
         -0.90717313, -0.42396785],
        [ 0.35184132,  0.        , -0.23371893, ..., -0.05524941,
         -0.70112828, -0.07820453],
        [ 0.56087166,  0.23371893,  0.        , ...,  0.17964272,
         -0.51506016,  0.15696454],
        ...,
        [ 0.40302065,  0.05524941, -0.17964272, ...,  0.        ,
         -0.6606626 , -0.02300488],
        [ 0.90717313,  0.70112828,  0.51506016, ...,  0.6606626 ,
          0.        ,  0.64321839],
        [ 0.42396785,  0.07820453, -0.15696454, ...,  0.02300488,
         -0.64321839,  0.        ]],

       [[ 0.        ,  0.16742707,  0.26492768, ..., -0.62353696,
         -0.60049863, -0.66990697],
        [-0.16742707,  0.        ,  0.09974347, ..., -0.74562886,
         -0.72590128, -0.78475628],
        [-0.26492768, -0.09974347,  0.        , ..., -0.80837575,
         -0.79088479, -0.84266429],
        ...,
        [ 0.62353696,  0.74562886,  0.80837575, ...,  0.        ,
          0.02913008, -0.06078724],
        [ 0.60049863,  0.72590128,  0.79088479, ..., -0.02913008,
          0.        , -0.08983765],
        [ 0.66990697,  0.78475628,  0.84266429, ...,  0.06078724,
          0.08983765,  0.        ]],

       ...,

       [[ 0.        ,  0.10449625,  0.08237462, ..., -0.43628573,
         -0.40001507, -0.47697528],
        [-0.10449625,  0.        , -0.02221747, ..., -0.52792377,
         -0.49359681, -0.56620748],
        [-0.08237462,  0.02221747,  0.        , ..., -0.50892434,
         -0.47415264, -0.54775468],
        ...,
        [ 0.43628573,  0.52792377,  0.50892434, ...,  0.        ,
          0.03992277, -0.04572744],
        [ 0.40001507,  0.49359681,  0.47415264, ..., -0.03992277,
          0.        , -0.085572  ],
        [ 0.47697528,  0.56620748,  0.54775468, ...,  0.04572744,
          0.085572  ,  0.        ]],

       [[ 0.        ,  0.08641492,  0.1839776 , ..., -0.24575768,
         -0.22017609, -0.17269818],
        [-0.08641492,  0.        ,  0.09834952, ..., -0.32860305,
         -0.30364677, -0.25716868],
        [-0.1839776 , -0.09834952,  0.        , ..., -0.41989795,
         -0.39588059, -0.3509636 ],
        ...,
        [ 0.24575768,  0.32860305,  0.41989795, ...,  0.        ,
          0.02630325,  0.07466337],
        [ 0.22017609,  0.30364677,  0.39588059, ..., -0.02630325,
          0.        ,  0.0484077 ],
        [ 0.17269818,  0.25716868,  0.3509636 , ..., -0.07466337,
         -0.0484077 ,  0.        ]],

       [[ 0.        , -0.02337862, -0.03225648, ...,  0.3726869 ,
          0.31327747,  0.15777466],
        [ 0.02337862,  0.        , -0.00888121, ...,  0.39427939,
          0.33539362,  0.18081735],
        [ 0.03225648,  0.00888121,  0.        , ...,  0.40242559,
          0.34374718,  0.18954503],
        ...,
        [-0.3726869 , -0.39427939, -0.40242559, ...,  0.        ,
         -0.06321838, -0.22161092],
        [-0.31327747, -0.33539362, -0.34374718, ...,  0.06321838,
          0.        , -0.15952117],
        [-0.15777466, -0.18081735, -0.18954503, ...,  0.22161092,
          0.15952117,  0.        ]]]), 'num': array([ 9.99684510e-01,  2.48921375e-02,  3.93061440e-05,  7.58593286e-04,
        7.73887505e-04,  7.43299066e-04,  2.46747760e-03, -4.58826584e-06,
        7.86734649e-04,  8.38734996e-04,  8.36644786e-04,  1.23408530e-06,
        9.29991132e-04,  7.47478860e-04])}
{'img': array([[[ 0.        , -0.01037987, -0.1798932 , ..., -0.70205257,
         -0.82992328, -0.8483    ],
        [ 0.01037987,  0.        , -0.16967297, ..., -0.69462298,
         -0.82408787, -0.84275799],
        [ 0.1798932 ,  0.16967297,  0.        , ..., -0.56249293,
         -0.71602566, -0.73920464],
        ...,
        [ 0.70205257,  0.69462298,  0.56249293, ...,  0.        ,
         -0.19934984, -0.23234772],
        [ 0.82992328,  0.82408787,  0.71602566, ...,  0.19934984,
          0.        , -0.03378993],
        [ 0.8483    ,  0.84275799,  0.73920464, ...,  0.23234772,
          0.03378993,  0.        ]],

       [[ 0.        , -0.23371893, -0.06294805, ..., -0.70112828,
         -0.07820453, -0.56157214],
        [ 0.23371893,  0.        ,  0.17205077, ..., -0.51506016,
          0.15696454, -0.35263342],
        [ 0.06294805, -0.17205077,  0.        , ..., -0.65485364,
         -0.01529417, -0.50837348],
        ...,
        [ 0.70112828,  0.51506016,  0.65485364, ...,  0.        ,
          0.64321839,  0.17971234],
        [ 0.07820453, -0.15696454,  0.01529417, ..., -0.64321839,
          0.        , -0.49514364],
        [ 0.56157214,  0.35263342,  0.50837348, ..., -0.17971234,
          0.49514364,  0.        ]],

       [[ 0.        ,  0.09974347,  0.04298658, ..., -0.72590128,
         -0.78475628, -0.89604206],
        [-0.09974347,  0.        , -0.05687906, ..., -0.79088479,
         -0.84266429, -0.93585669],
        [-0.04298658,  0.05687906,  0.        , ..., -0.75479641,
         -0.81067416, -0.91429852],
        ...,
        [ 0.72590128,  0.79088479,  0.75479641, ...,  0.        ,
         -0.08983765, -0.29401896],
        [ 0.78475628,  0.84266429,  0.81067416, ...,  0.08983765,
          0.        , -0.20696329],
        [ 0.89604206,  0.93585669,  0.91429852, ...,  0.29401896,
          0.20696329,  0.        ]],

       ...,

       [[ 0.        , -0.02221747,  0.00670673, ..., -0.49359681,
         -0.56620748, -0.51439497],
        [ 0.02221747,  0.        ,  0.02892205, ..., -0.47415264,
         -0.54775468, -0.49521533],
        [-0.00670673, -0.02892205,  0.        , ..., -0.49941849,
         -0.57172285, -0.52013478],
        ...,
        [ 0.49359681,  0.47415264,  0.49941849, ...,  0.        ,
         -0.085572  , -0.02407898],
        [ 0.56620748,  0.54775468,  0.57172285, ...,  0.085572  ,
          0.        ,  0.06155653],
        [ 0.51439497,  0.49521533,  0.52013478, ...,  0.02407898,
         -0.06155653,  0.        ]],

       [[ 0.        ,  0.09834952,  0.1465726 , ..., -0.30364677,
         -0.25716868, -0.22652034],
        [-0.09834952,  0.        ,  0.04857467, ..., -0.39588059,
         -0.3509636 , -0.32121522],
        [-0.1465726 , -0.04857467,  0.        , ..., -0.44001949,
         -0.39603409, -0.36683656],
        ...,
        [ 0.30364677,  0.39588059,  0.44001949, ...,  0.        ,
          0.0484077 ,  0.0799288 ],
        [ 0.25716868,  0.3509636 ,  0.39603409, ..., -0.0484077 ,
          0.        ,  0.03158227],
        [ 0.22652034,  0.32121522,  0.36683656, ..., -0.0799288 ,
         -0.03158227,  0.        ]],

       [[ 0.        , -0.00888121,  0.0279906 , ...,  0.33539362,
          0.18081735,  0.03690388],
        [ 0.00888121,  0.        ,  0.03686723, ...,  0.34374718,
          0.18954503,  0.04577758],
        [-0.0279906 , -0.03686723,  0.        , ...,  0.30889287,
          0.15321727,  0.00891788],
        ...,
        [-0.33539362, -0.34374718, -0.30889287, ...,  0.        ,
         -0.15952117, -0.30039882],
        [-0.18081735, -0.18954503, -0.15321727, ...,  0.15952117,
          0.        , -0.14439859],
        [-0.03690388, -0.04577758, -0.00891788, ...,  0.30039882,
          0.14439859,  0.        ]]]), 'num': array([9.99982914e-01, 1.33519064e-03, 3.91626558e-05, 7.58850854e-04,
       7.85633825e-04, 7.27604054e-04, 5.23806473e-03, 2.08311999e-05,
       7.56470145e-04, 8.12119208e-04, 8.11772021e-04, 1.13721346e-06,
       9.03733965e-04, 7.20504451e-04])}
{'img': array([[[ 0.00000000e+00, -1.69672968e-01, -6.87333637e-01, ...,
         -8.24087868e-01, -8.42757988e-01, -7.51314905e-01],
        [ 1.69672968e-01,  0.00000000e+00, -5.54127015e-01, ...,
         -7.16025655e-01, -7.39204643e-01, -6.28446521e-01],
        [ 6.87333637e-01,  5.54127015e-01,  0.00000000e+00, ...,
         -2.09221119e-01, -2.42143746e-01, -9.21098295e-02],
        ...,
        [ 8.24087868e-01,  7.16025655e-01,  2.09221119e-01, ...,
          0.00000000e+00, -3.37899276e-02,  1.18260402e-01],
        [ 8.42757988e-01,  7.39204643e-01,  2.42143746e-01, ...,
          3.37899276e-02,  0.00000000e+00,  1.51745681e-01],
        [ 7.51314905e-01,  6.28446521e-01,  9.21098295e-02, ...,
         -1.18260402e-01, -1.51745681e-01,  0.00000000e+00]],

       [[ 0.00000000e+00,  1.72050774e-01,  9.15644376e-01, ...,
          1.56964541e-01, -3.52633417e-01,  2.14708325e-01],
        [-1.72050774e-01,  0.00000000e+00,  8.32827797e-01, ...,
         -1.52941745e-02, -5.08373475e-01,  4.34683696e-02],
        [-9.15644376e-01, -8.32827797e-01,  0.00000000e+00, ...,
         -8.41196205e-01, -9.98579649e-01, -8.07979470e-01],
        ...,
        [-1.56964541e-01,  1.52941745e-02,  8.41196205e-01, ...,
          0.00000000e+00, -4.95143639e-01,  5.87430039e-02],
        [ 3.52633417e-01,  5.08373475e-01,  9.98579649e-01, ...,
          4.95143639e-01,  0.00000000e+00,  5.45325170e-01],
        [-2.14708325e-01, -4.34683696e-02,  8.07979470e-01, ...,
         -5.87430039e-02, -5.45325170e-01,  0.00000000e+00]],

       [[ 0.00000000e+00, -5.68790572e-02, -4.00385556e-01, ...,
         -8.42664291e-01, -9.35856691e-01, -9.60295599e-01],
        [ 5.68790572e-02,  0.00000000e+00, -3.47616422e-01, ...,
         -8.10674161e-01, -9.14298520e-01, -9.42872577e-01],
        [ 4.00385556e-01,  3.47616422e-01,  0.00000000e+00, ...,
         -5.56589380e-01, -7.16481061e-01, -7.68262399e-01],
        ...,
        [ 8.42664291e-01,  8.10674161e-01,  5.56589380e-01, ...,
          0.00000000e+00, -2.06963285e-01, -2.81970608e-01],
        [ 9.35856691e-01,  9.14298520e-01,  7.16481061e-01, ...,
          2.06963285e-01,  0.00000000e+00, -7.73002351e-02],
        [ 9.60295599e-01,  9.42872577e-01,  7.68262399e-01, ...,
          2.81970608e-01,  7.73002351e-02,  0.00000000e+00]],

       ...,

       [[ 0.00000000e+00,  2.89220470e-02, -3.15543779e-01, ...,
         -5.47754680e-01, -4.95215325e-01, -5.48271387e-01],
        [-2.89220470e-02,  0.00000000e+00, -3.42856227e-01, ...,
         -5.71722850e-01, -5.20134777e-01, -5.72229550e-01],
        [ 3.15543779e-01,  3.42856227e-01,  0.00000000e+00, ...,
         -2.55774221e-01, -1.95780226e-01, -2.56371348e-01],
        ...,
        [ 5.47754680e-01,  5.71722850e-01,  2.55774221e-01, ...,
          0.00000000e+00,  6.15565278e-02, -6.17723460e-04],
        [ 4.95215325e-01,  5.20134777e-01,  1.95780226e-01, ...,
         -6.15565278e-02,  0.00000000e+00, -6.21730680e-02],
        [ 5.48271387e-01,  5.72229550e-01,  2.56371348e-01, ...,
          6.17723460e-04,  6.21730680e-02,  0.00000000e+00]],

       [[ 0.00000000e+00,  4.85746683e-02,  6.06131595e-02, ...,
         -3.50963597e-01, -3.21215225e-01, -3.34548766e-01],
        [-4.85746683e-02,  0.00000000e+00,  1.20562534e-02, ...,
         -3.96034093e-01, -3.66836561e-01, -3.79929569e-01],
        [-6.06131595e-02, -1.20562534e-02,  0.00000000e+00, ...,
         -4.07075793e-01, -3.78025656e-01, -3.91054177e-01],
        ...,
        [ 3.50963597e-01,  3.96034093e-01,  4.07075793e-01, ...,
          0.00000000e+00,  3.15822725e-02,  1.74727074e-02],
        [ 3.21215225e-01,  3.66836561e-01,  3.78025656e-01, ...,
         -3.15822725e-02,  0.00000000e+00, -1.41134599e-02],
        [ 3.34548766e-01,  3.79929569e-01,  3.91054177e-01, ...,
         -1.74727074e-02,  1.41134599e-02,  0.00000000e+00]],

       [[ 0.00000000e+00,  3.68672279e-02, -1.20291863e-02, ...,
          1.89545030e-01,  4.57775828e-02, -3.31041855e-02],
        [-3.68672279e-02,  0.00000000e+00, -4.88855690e-02, ...,
          1.53217272e-01,  8.91788360e-03, -6.99287016e-02],
        [ 1.20291863e-02,  4.88855690e-02,  0.00000000e+00, ...,
          2.01342437e-01,  5.77908463e-02, -2.10791971e-02],
        ...,
        [-1.89545030e-01, -1.53217272e-01, -2.01342437e-01, ...,
          0.00000000e+00, -1.44398594e-01, -2.21945215e-01],
        [-4.57775828e-02, -8.91788360e-03, -5.77908463e-02, ...,
          1.44398594e-01,  0.00000000e+00, -7.88219734e-02],
        [ 3.31041855e-02,  6.99287016e-02,  2.10791971e-02, ...,
          2.21945215e-01,  7.88219734e-02,  0.00000000e+00]]]), 'num': array([9.99993115e-01, 1.31714987e-03, 3.86334996e-05, 7.58872314e-04,
       7.69147181e-04, 7.47129609e-04, 2.68129992e-03, 1.02748669e-05,
       7.45661771e-04, 7.97329673e-04, 7.98846439e-04, 1.04063151e-06,
       8.88077690e-04, 7.06581657e-04])}
{'img': array([[[ 0.        , -0.55412701,  0.03926533, ..., -0.73920464,
         -0.62844652, -0.57083255],
        [ 0.55412701,  0.        ,  0.5863854 , ..., -0.24214375,
         -0.09210983, -0.02020422],
        [-0.03926533, -0.5863854 ,  0.        , ..., -0.76507903,
         -0.65850452, -0.60263178],
        ...,
        [ 0.73920464,  0.24214375,  0.76507903, ...,  0.        ,
          0.15174568,  0.22249137],
        [ 0.62844652,  0.09210983,  0.65850452, ..., -0.15174568,
          0.        ,  0.0719727 ],
        [ 0.57083255,  0.02020422,  0.60263178, ..., -0.22249137,
         -0.0719727 ,  0.        ]],

       [[ 0.        ,  0.8328278 ,  0.65501206, ..., -0.50837348,
          0.04346837, -0.40106737],
        [-0.8328278 ,  0.        , -0.26672978, ..., -0.99857965,
         -0.80797947, -0.98491439],
        [-0.65501206,  0.26672978,  0.        , ..., -0.94819128,
         -0.62154744, -0.90307675],
        ...,
        [ 0.50837348,  0.99857965,  0.94819128, ...,  0.        ,
          0.54532517,  0.12032096],
        [-0.04346837,  0.80797947,  0.62154744, ..., -0.54532517,
          0.        , -0.44050742],
        [ 0.40106737,  0.98491439,  0.90307675, ..., -0.12032096,
          0.44050742,  0.        ]],

       [[ 0.        , -0.34761642, -0.38066599, ..., -0.91429852,
         -0.94287258, -0.94460512],
        [ 0.34761642,  0.        , -0.03548116, ..., -0.71648106,
         -0.7682624 , -0.77160569],
        [ 0.38066599,  0.03548116,  0.        , ..., -0.69127804,
         -0.74506592, -0.74855024],
        ...,
        [ 0.91429852,  0.71648106,  0.69127804, ...,  0.        ,
         -0.07730024, -0.08252277],
        [ 0.94287258,  0.7682624 ,  0.74506592, ...,  0.07730024,
          0.        , -0.00523927],
        [ 0.94460512,  0.77160569,  0.74855024, ...,  0.08252277,
          0.00523927,  0.        ]],

       ...,

       [[ 0.        , -0.34285623, -0.03428273, ..., -0.52013478,
         -0.57222955, -0.63769459],
        [ 0.34285623,  0.        ,  0.3104499 , ..., -0.19578023,
         -0.25637135, -0.33494409],
        [ 0.03428273, -0.3104499 ,  0.        , ..., -0.49054869,
         -0.54377813, -0.61091211],
        ...,
        [ 0.52013478,  0.19578023,  0.49054869, ...,  0.        ,
         -0.06217307, -0.14399062],
        [ 0.57222955,  0.25637135,  0.54377813, ...,  0.06217307,
          0.        , -0.08218689],
        [ 0.63769459,  0.33494409,  0.61091211, ...,  0.14399062,
          0.08218689,  0.        ]],

       [[ 0.        ,  0.01205625,  0.0535726 , ..., -0.36683656,
         -0.37992957, -0.42380286],
        [-0.01205625,  0.        ,  0.04152977, ..., -0.37802566,
         -0.39105418, -0.43469206],
        [-0.0535726 , -0.04152977,  0.        , ..., -0.41614758,
         -0.42893946, -0.47171788],
        ...,
        [ 0.36683656,  0.37802566,  0.41614758, ...,  0.        ,
         -0.01411346, -0.06199376],
        [ 0.37992957,  0.39105418,  0.42893946, ...,  0.01411346,
          0.        , -0.04790127],
        [ 0.42380286,  0.43469206,  0.47171788, ...,  0.06199376,
          0.04790127,  0.        ]],

       [[ 0.        , -0.04888557, -0.04756232, ...,  0.00891788,
         -0.0699287 , -0.11955665],
        [ 0.04888557,  0.        ,  0.00132479, ...,  0.05779085,
         -0.0210792 , -0.07087878],
        [ 0.04756232, -0.00132479,  0.        , ...,  0.05646822,
         -0.02240367, -0.07220017],
        ...,
        [-0.00891788, -0.05779085, -0.05646822, ...,  0.        ,
         -0.07882197, -0.12840582],
        [ 0.0699287 ,  0.0210792 ,  0.02240367, ...,  0.07882197,
          0.        , -0.04983685],
        [ 0.11955665,  0.07087878,  0.07220017, ...,  0.12840582,
          0.04983685,  0.        ]]]), 'num': array([ 9.99994559e-01,  1.35645551e-03,  3.97863786e-05,  7.58843543e-04,
        7.86053073e-04,  7.55820262e-04,  2.00207718e-03, -2.26746079e-05,
        7.63076137e-04,  8.15227735e-04,  8.20720029e-04,  1.08792311e-06,
        9.08779111e-04,  7.21676359e-04])}
