state_0,state_1,state_2,state_3,state_4,state_5,state_6,state_7,state_8,state_9,state_10,state_11,state_12,state_13,state_14,state_15,state_16,state_17,state_18,state_19,state_20,state_21,state_22,state_23,state_24,state_25,state_26,state_27,state_28,state_29,state_30,state_31,state_32,state_33,state_34,state_35,state_36,state_37,state_38,state_39,state_40,state_41,state_42,state_43,state_44,state_45,state_46,state_47,state_48,state_49,state_50,state_51,state_52,state_53,state_54,state_55,state_56,state_57,state_58,state_59,state_60,state_61,state_62,state_63,state_64,state_65,state_66,state_67,state_68,state_69,state_70,state_71,state_72,state_73,state_74,state_75,state_76,state_77,state_78,state_79,state_80,state_81,state_82,state_83,state_84,state_85,state_86,state_87,state_88,state_89,state_90,state_91,state_92,state_93,state_94,state_95,state_96,state_97,state_98,state_99,state_100,state_101,state_102,state_103,state_104,state_105,state_106,state_107,state_108,state_109,state_110,state_111,state_112,state_113,state_114,state_115,state_116,state_117,state_118,state_119,state_120,state_121,state_122,state_123,state_124,state_125,state_126,state_127,state_128,state_129,state_130,state_131,state_132,state_133,state_134,state_135,state_136,state_137,state_138,state_139,state_140,state_141,state_142,state_143,state_144,state_145,state_146,state_147,state_148,state_149,state_150,state_151,state_152,state_153,state_154,state_155,state_156,state_157,state_158,state_159,state_160,state_161,state_162,state_163,state_164,state_165,state_166,state_167,state_168,state_169,state_170,state_171,state_172,state_173,state_174,state_175,state_176,state_177,state_178,state_179,state_180,state_181,state_182,state_183,state_184,state_185,state_186,state_187,state_188,state_189,state_190,state_191,state_192,state_193,state_194,state_195,state_196,state_197,state_198,state_199,state_200,state_201,state_202,state_203,state_204,state_205,state_206,state_207,state_208,state_209,state_210,state_211,state_212,state_213,state_214,state_215,state_216,state_217,state_218,state_219,state_220,state_221,state_222,state_223,state_224,state_225,state_226,state_227,state_228,state_229,state_230,state_231,state_232,state_233,state_234,state_235,state_236,state_237,state_238,state_239,state_240,state_241,state_242,state_243,state_244,state_245,state_246,state_247,state_248,state_249,state_250,state_251,state_252,state_253,state_254,state_255,state_256,state_257,state_258,state_259,state_260,state_261,state_262,state_263,state_264,state_265,state_266,state_267,state_268,state_269,state_270,state_271,state_272,state_273,state_274,state_275,state_276,state_277,state_278,state_279,state_280,state_281,state_282,state_283,state_284,state_285,state_286,state_287
{'img': array([[[ 0.        , -0.24276141, -0.12313729, ...,  0.93296235,
          0.95227525,  0.95303022],
        [ 0.24276141,  0.        ,  0.12146014, ...,  0.99244153,
          0.99788956,  0.85099489],
        [ 0.12313729, -0.12146014,  0.        , ...,  0.9701884 ,
          0.9826146 ,  0.90848209],
        ...,
        [-0.93296235, -0.99244153, -0.9701884 , ...,  0.        ,
          0.05801626,  0.62563723],
        [-0.95227525, -0.99788956, -0.9826146 , ..., -0.05801626,
          0.        ,  0.57932412],
        [-0.95303022, -0.85099489, -0.90848209, ..., -0.62563723,
         -0.57932412,  0.        ]],

       [[ 0.        ,  0.18665124, -0.02905692, ...,  0.2430726 ,
          0.4512557 ,  0.70218727],
        [-0.18665124,  0.        , -0.21511871, ...,  0.05774769,
          0.27675887,  0.55695295],
        [ 0.02905692,  0.21511871,  0.        , ...,  0.27115541,
          0.47699541,  0.72257908],
        ...,
        [-0.2430726 , -0.05774769, -0.27115541, ...,  0.        ,
          0.22080499,  0.50806152],
        [-0.4512557 , -0.27675887, -0.47699541, ..., -0.22080499,
          0.        ,  0.3053376 ],
        [-0.70218727, -0.55695295, -0.72257908, ..., -0.50806152,
         -0.3053376 ,  0.        ]],

       [[ 0.        , -0.1479277 , -0.27716055, ...,  0.85645774,
          0.85148719,  0.90344479],
        [ 0.1479277 ,  0.        , -0.13197885, ...,  0.92339795,
          0.91968892,  0.95692251],
        [ 0.27716055,  0.13197885,  0.        , ...,  0.96597985,
          0.96346518,  0.98687106],
        ...,
        [-0.85645774, -0.92339795, -0.96597985, ...,  0.        ,
         -0.00955309,  0.09920644],
        [-0.85148719, -0.91968892, -0.96346518, ...,  0.00955309,
          0.        ,  0.10870788],
        [-0.90344479, -0.95692251, -0.98687106, ..., -0.09920644,
         -0.10870788,  0.        ]],

       ...,

       [[ 0.        , -0.11933577, -0.03630586, ..., -0.59599271,
         -0.42251745,  0.03127789],
        [ 0.11933577,  0.        ,  0.08321068, ..., -0.49590831,
         -0.31133757,  0.15033176],
        [ 0.03630586, -0.08321068,  0.        , ..., -0.56644655,
         -0.3893329 ,  0.06754536],
        ...,
        [ 0.59599271,  0.49590831,  0.56644655, ...,  0.        ,
          0.20090363,  0.62081694],
        [ 0.42251745,  0.31133757,  0.3893329 , ..., -0.20090363,
          0.        ,  0.45065958],
        [-0.03127789, -0.15033176, -0.06754536, ..., -0.62081694,
         -0.45065958,  0.        ]],

       [[ 0.        ,  0.03931688,  0.03516154, ...,  0.63128653,
          0.66581518,  0.68884274],
        [-0.03931688,  0.        , -0.00415821, ...,  0.6612906 ,
          0.69463535,  0.71681135],
        [-0.03516154,  0.00415821,  0.        , ...,  0.65816569,
          0.69163808,  0.71390577],
        ...,
        [-0.63128653, -0.6612906 , -0.65816569, ...,  0.        ,
         -0.04535933, -0.07660534],
        [-0.66581518, -0.69463535, -0.69163808, ...,  0.04535933,
          0.        , -0.03130045],
        [-0.68884274, -0.71681135, -0.71390577, ...,  0.07660534,
          0.03130045,  0.        ]],

       [[ 0.        , -0.04570447, -0.06689411, ...,  0.9986963 ,
          0.99480773,  0.99580448],
        [ 0.04570447,  0.        , -0.02122211, ...,  0.9999857 ,
          0.99841961,  0.99894613],
        [ 0.06689411,  0.02122211,  0.        , ...,  0.99987398,
          0.9993874 ,  0.9996952 ],
        ...,
        [-0.9986963 , -0.9999857 , -0.99987398, ...,  0.        ,
         -0.05085858, -0.04055537],
        [-0.99480773, -0.99841961, -0.9993874 , ...,  0.05085858,
          0.        ,  0.01031385],
        [-0.99580448, -0.99894613, -0.9996952 , ...,  0.04055537,
         -0.01031385,  0.        ]]]), 'num': array([7.06391144e-01, 7.06391144e-01, 0.00000000e+00, 2.94788339e-03,
       3.03350656e-03, 2.88060804e-03, 4.42550688e-02, 3.66956438e-05,
       2.77969502e-03, 2.81853124e-03, 2.58745062e-03, 1.53357671e-06,
       3.08969649e-03, 2.54736600e-03])}
{'img': array([[[ 0.        ,  0.12146014,  0.04915693, ...,  0.99788956,
          0.85099489,  0.75309094],
        [-0.12146014,  0.        , -0.07252032, ...,  0.9826146 ,
          0.90848209,  0.82742591],
        [-0.04915693,  0.07252032,  0.        , ...,  0.99349122,
          0.87578203,  0.78452166],
        ...,
        [-0.99788956, -0.9826146 , -0.99349122, ...,  0.        ,
          0.57932412,  0.70542915],
        [-0.85099489, -0.90848209, -0.87578203, ..., -0.57932412,
          0.        ,  0.16437976],
        [-0.75309094, -0.82742591, -0.78452166, ..., -0.70542915,
         -0.16437976,  0.        ]],

       [[ 0.        , -0.21511871, -0.274903  , ...,  0.27675887,
          0.55695295,  0.44508844],
        [ 0.21511871,  0.        , -0.06163634, ...,  0.47699541,
          0.72257908,  0.62730391],
        [ 0.274903  ,  0.06163634,  0.        , ...,  0.53026102,
          0.7638137 ,  0.67411202],
        ...,
        [-0.27675887, -0.47699541, -0.53026102, ...,  0.        ,
          0.3053376 ,  0.17986915],
        [-0.55695295, -0.72257908, -0.7638137 , ..., -0.3053376 ,
          0.        , -0.12907836],
        [-0.44508844, -0.62730391, -0.67411202, ..., -0.17986915,
          0.12907836,  0.        ]],

       [[ 0.        , -0.13197885, -0.31682024, ...,  0.91968892,
          0.95692251,  0.98672155],
        [ 0.13197885,  0.        , -0.18886883, ...,  0.96346518,
          0.98687106,  0.99952637],
        [ 0.31682024,  0.18886883,  0.        , ...,  0.99671047,
          0.9996139 ,  0.98734944],
        ...,
        [-0.91968892, -0.96346518, -0.99671047, ...,  0.        ,
          0.10870788,  0.23805723],
        [-0.95692251, -0.98687106, -0.9996139 , ..., -0.10870788,
          0.        ,  0.13106379],
        [-0.98672155, -0.99952637, -0.98734944, ..., -0.23805723,
         -0.13106379,  0.        ]],

       ...,

       [[ 0.        ,  0.08321068,  0.00722183, ..., -0.31133757,
          0.15033176,  0.18028486],
        [-0.08321068,  0.        , -0.07601173, ..., -0.3893329 ,
          0.06754536,  0.0978124 ],
        [-0.00722183,  0.07601173,  0.        , ..., -0.31819235,
          0.14318808,  0.17317666],
        ...,
        [ 0.31133757,  0.3893329 ,  0.31819235, ...,  0.        ,
          0.45065958,  0.47756072],
        [-0.15033176, -0.06754536, -0.14318808, ..., -0.45065958,
          0.        ,  0.03036754],
        [-0.18028486, -0.0978124 , -0.17317666, ..., -0.47756072,
         -0.03036754,  0.        ]],

       [[ 0.        , -0.01760029,  0.04811348, ...,  0.6789305 ,
          0.70158268,  0.69148807],
        [ 0.01760029,  0.        ,  0.06568593, ...,  0.66590316,
          0.68893226,  0.67866673],
        [-0.04811348, -0.06568593,  0.        , ...,  0.71346925,
          0.73505526,  0.72544384],
        ...,
        [-0.6789305 , -0.66590316, -0.71346925, ...,  0.        ,
         -0.03130603, -0.01724114],
        [-0.70158268, -0.68893226, -0.73505526, ...,  0.03130603,
          0.        ,  0.01406869],
        [-0.69148807, -0.67866673, -0.72544384, ...,  0.01724114,
         -0.01406869,  0.        ]],

       [[ 0.        , -0.02122211, -0.04336724, ...,  0.99841961,
          0.99894613,  0.99874808],
        [ 0.02122211,  0.        , -0.02215533, ...,  0.9993874 ,
          0.9996952 ,  0.99958473],
        [ 0.04336724,  0.02215533,  0.        , ...,  0.99991747,
          0.99999679,  0.9999778 ],
        ...,
        [-0.99841961, -0.9993874 , -0.99991747, ...,  0.        ,
          0.01031385,  0.00618458],
        [-0.99894613, -0.9996952 , -0.99999679, ..., -0.01031385,
          0.        , -0.00412939],
        [-0.99874808, -0.99958473, -0.9999778 , ..., -0.00618458,
          0.00412939,  0.        ]]]), 'num': array([ 7.06195351e-01,  7.06195351e-01,  0.00000000e+00,  2.87369537e-03,
        2.97763754e-03,  2.80032442e-03,  5.01266326e-02, -7.33709455e-05,
        2.81989001e-03,  2.81392862e-03,  2.59896194e-03,  1.36859564e-06,
        3.07954649e-03,  2.54831074e-03])}
{'img': array([[[ 0.        , -0.07252032, -0.17635066, ...,  0.90848209,
          0.82742591,  0.95576656],
        [ 0.07252032,  0.        , -0.10450259, ...,  0.87578203,
          0.78452166,  0.93191983],
        [ 0.17635066,  0.10450259,  0.        , ...,  0.82054269,
          0.7154239 ,  0.88891785],
        ...,
        [-0.90848209, -0.87578203, -0.82054269, ...,  0.        ,
          0.16437976, -0.13222909],
        [-0.82742591, -0.78452166, -0.7154239 , ..., -0.16437976,
          0.        , -0.29336677],
        [-0.95576656, -0.93191983, -0.88891785, ...,  0.13222909,
          0.29336677,  0.        ]],

       [[ 0.        , -0.06163634, -0.28819916, ...,  0.72257908,
          0.62730391,  0.69077207],
        [ 0.06163634,  0.        , -0.22863006, ...,  0.7638137 ,
          0.67411202,  0.73402623],
        [ 0.28819916,  0.22863006,  0.        , ...,  0.8911491 ,
          0.82512989,  0.86985186],
        ...,
        [-0.72257908, -0.7638137 , -0.8911491 , ...,  0.        ,
         -0.12907836, -0.04495449],
        [-0.62730391, -0.67411202, -0.82512989, ...,  0.12907836,
          0.        ,  0.08436945],
        [-0.69077207, -0.73402623, -0.86985186, ...,  0.04495449,
         -0.08436945,  0.        ]],

       [[ 0.        , -0.18886883, -0.31470081, ...,  0.98687106,
          0.99952637,  0.99541892],
        [ 0.18886883,  0.        , -0.12976435, ...,  0.9996139 ,
          0.98734944,  0.95944606],
        [ 0.31470081,  0.12976435,  0.        , ...,  0.98755641,
          0.95842591,  0.91475424],
        ...,
        [-0.98687106, -0.9996139 , -0.98755641, ...,  0.        ,
          0.13106379,  0.25512441],
        [-0.99952637, -0.98734944, -0.95842591, ..., -0.13106379,
          0.        ,  0.12619703],
        [-0.99541892, -0.95944606, -0.91475424, ..., -0.25512441,
         -0.12619703,  0.        ]],

       ...,

       [[ 0.        , -0.07601173, -0.13992232, ...,  0.06754536,
          0.0978124 , -0.08217433],
        [ 0.07601173,  0.        , -0.06425356, ...,  0.14318808,
          0.17317666, -0.00618194],
        [ 0.13992232,  0.06425356,  0.        , ...,  0.20648366,
          0.23610155,  0.05808317],
        ...,
        [-0.06754536, -0.14318808, -0.20648366, ...,  0.        ,
          0.03036754, -0.14930358],
        [-0.0978124 , -0.17317666, -0.23610155, ..., -0.03036754,
          0.        , -0.17926188],
        [ 0.08217433,  0.00618194, -0.05808317, ...,  0.14930358,
          0.17926188,  0.        ]],

       [[ 0.        ,  0.06568593,  0.11309351, ...,  0.68893226,
          0.67866673,  0.70136918],
        [-0.06568593,  0.        ,  0.04758475, ...,  0.73505526,
          0.72544384,  0.74667528],
        [-0.11309351, -0.04758475,  0.        , ...,  0.76648539,
          0.75737375,  0.77748229],
        ...,
        [-0.68893226, -0.73505526, -0.76648539, ...,  0.        ,
          0.01406869, -0.01730076],
        [-0.67866673, -0.72544384, -0.75737375, ..., -0.01406869,
          0.        , -0.03136563],
        [-0.70136918, -0.74667528, -0.77748229, ...,  0.01730076,
          0.03136563,  0.        ]],

       [[ 0.        , -0.02215533, -0.05102719, ...,  0.9996952 ,
          0.99958473,  0.99974775],
        [ 0.02215533,  0.        , -0.0288882 , ...,  0.99999679,
          0.9999778 ,  0.99999995],
        [ 0.05102719,  0.0288882 ,  0.        , ...,  0.99965263,
          0.99975294,  0.9995914 ],
        ...,
        [-0.9996952 , -0.99999679, -0.99965263, ...,  0.        ,
         -0.00412939,  0.00222899],
        [-0.99958473, -0.9999778 , -0.99975294, ...,  0.00412939,
          0.        ,  0.00635835],
        [-0.99974775, -0.99999995, -0.9995914 , ..., -0.00222899,
         -0.00635835,  0.        ]]]), 'num': array([8.31418461e-01, 2.42124626e-01, 6.24913930e-06, 3.38674618e-03,
       3.93983092e-03, 3.36878888e-03, 5.00027071e-01, 1.07743781e-05,
       3.36232426e-03, 3.30126945e-03, 3.06728587e-03, 1.79002895e-06,
       3.60585061e-03, 2.99668828e-03])}
{'img': array([[[ 0.        , -0.10450259, -0.08521182, ...,  0.78452166,
          0.93191983,  0.92015535],
        [ 0.10450259,  0.        ,  0.01937724, ...,  0.7154239 ,
          0.88891785,  0.8741988 ],
        [ 0.08521182, -0.01937724,  0.        , ...,  0.72882827,
          0.89762702,  0.88344363],
        ...,
        [-0.78452166, -0.7154239 , -0.72882827, ...,  0.        ,
         -0.29336677, -0.26340745],
        [-0.93191983, -0.88891785, -0.89762702, ...,  0.29336677,
          0.        ,  0.03118891],
        [-0.92015535, -0.8741988 , -0.88344363, ...,  0.26340745,
         -0.03118891,  0.        ]],

       [[ 0.        , -0.14406423,  0.0773815 , ...,  0.43454189,
          0.47784061,  0.14406423],
        [ 0.14406423,  0.        ,  0.22020655, ...,  0.55976058,
          0.59940867,  0.        ],
        [-0.0773815 , -0.22020655,  0.        , ...,  0.36354516,
          0.40843232,  0.22020655],
        ...,
        [-0.43454189, -0.55976058, -0.36354516, ...,  0.        ,
          0.0486461 ,  0.55976058],
        [-0.47784061, -0.59940867, -0.40843232, ..., -0.0486461 ,
          0.        ,  0.59940867],
        [-0.14406423, -0.        , -0.22020655, ..., -0.55976058,
         -0.59940867,  0.        ]],

       [[ 0.        , -0.12976435, -0.24809314, ...,  0.98734944,
          0.95944606,  0.90762971],
        [ 0.12976435,  0.        , -0.12028806, ...,  0.95842591,
          0.91475424,  0.84548417],
        [ 0.24809314,  0.12028806,  0.        , ...,  0.91714364,
          0.85951457,  0.77511125],
        ...,
        [-0.98734944, -0.95842591, -0.91714364, ...,  0.        ,
          0.12619703,  0.2705482 ],
        [-0.95944606, -0.91475424, -0.85951457, ..., -0.12619703,
          0.        ,  0.14689452],
        [-0.90762971, -0.84548417, -0.77511125, ..., -0.2705482 ,
         -0.14689452,  0.        ]],

       ...,

       [[ 0.        , -0.06425356,  0.02188117, ...,  0.17317666,
         -0.00618194,  0.16307176],
        [ 0.06425356,  0.        ,  0.08607412, ...,  0.23610155,
          0.05808317,  0.22612826],
        [-0.02188117, -0.08607412,  0.        , ...,  0.15158464,
         -0.02806121,  0.14144445],
        ...,
        [-0.17317666, -0.23610155, -0.15158464, ...,  0.        ,
         -0.17926188, -0.01025068],
        [ 0.00618194, -0.05808317,  0.02806121, ...,  0.17926188,
          0.        ,  0.16916783],
        [-0.16307176, -0.22612826, -0.14144445, ...,  0.01025068,
         -0.16916783,  0.        ]],

       [[ 0.        ,  0.09221196,  0.07443711, ...,  0.67897725,
          0.70168457,  0.72498558],
        [-0.09221196,  0.        , -0.01783617, ...,  0.74378267,
          0.76439486,  0.78540899],
        [-0.07443711,  0.01783617,  0.        , ...,  0.73174227,
          0.75277342,  0.77424387],
        ...,
        [-0.67897725, -0.74378267, -0.73174227, ...,  0.        ,
         -0.0313853 , -0.0645998 ],
        [-0.70168457, -0.76439486, -0.75277342, ...,  0.0313853 ,
          0.        , -0.03324824],
        [-0.72498558, -0.78540899, -0.77424387, ...,  0.0645998 ,
          0.03324824,  0.        ]],

       [[ 0.        , -0.0288882 , -0.07515206, ...,  0.9999778 ,
          0.99999995,  0.99995482],
        [ 0.0288882 ,  0.        , -0.04631418, ...,  0.99975294,
          0.9995914 ,  0.99926287],
        [ 0.07515206,  0.04631418,  0.        , ...,  0.99765067,
          0.99719492,  0.99641264],
        ...,
        [-0.9999778 , -0.99975294, -0.99765067, ...,  0.        ,
          0.00635835,  0.01616823],
        [-0.99999995, -0.9995914 , -0.99719492, ..., -0.00635835,
          0.        ,  0.00981038],
        [-0.99995482, -0.99926287, -0.99641264, ..., -0.01616823,
         -0.00981038,  0.        ]]]), 'num': array([7.43457632e-01, 6.14032187e-01, 1.34537885e-06, 3.08155822e-03,
       3.19046984e-03, 2.93100392e-03, 2.64884850e-01, 6.08623764e-05,
       3.05016604e-03, 2.94189508e-03, 2.74959132e-03, 1.81863807e-06,
       3.20729553e-03, 2.67649463e-03])}
{'img': array([[[ 0.        ,  0.01937724, -0.34682182, ...,  0.88891785,
          0.8741988 ,  0.73684206],
        [-0.01937724,  0.        , -0.36493122, ...,  0.89762702,
          0.88344363,  0.74980399],
        [ 0.34682182,  0.36493122,  0.        , ...,  0.67487613,
          0.65153254,  0.45663298],
        ...,
        [-0.88891785, -0.89762702, -0.67487613, ...,  0.        ,
          0.03118891,  0.26344339],
        [-0.8741988 , -0.88344363, -0.65153254, ..., -0.03118891,
          0.        ,  0.23322807],
        [-0.73684206, -0.74980399, -0.45663298, ..., -0.26344339,
         -0.23322807,  0.        ]],

       [[ 0.        ,  0.22020655,  0.35849914, ...,  0.59940867,
          0.        ,  0.98521729],
        [-0.22020655,  0.        ,  0.14412972, ...,  0.40843232,
          0.22020655,  0.99875686],
        [-0.35849914, -0.14412972,  0.        , ...,  0.27260783,
          0.35849914,  0.9811442 ],
        ...,
        [-0.59940867, -0.40843232, -0.27260783, ...,  0.        ,
          0.59940867,  0.89129474],
        [-0.        , -0.22020655, -0.35849914, ..., -0.59940867,
          0.        , -0.98521729],
        [-0.98521729, -0.99875686, -0.9811442 , ..., -0.89129474,
          0.98521729,  0.        ]],

       [[ 0.        , -0.12028806, -0.30491068, ...,  0.91475424,
          0.84548417,  0.71263791],
        [ 0.12028806,  0.        , -0.18813667, ...,  0.85951457,
          0.77511125,  0.62307754],
        [ 0.30491068,  0.18813667,  0.        , ...,  0.74800732,
          0.64240056,  0.46479816],
        ...,
        [-0.91475424, -0.85951457, -0.74800732, ...,  0.        ,
          0.14689452,  0.35381604],
        [-0.84548417, -0.77511125, -0.64240056, ..., -0.14689452,
          0.        ,  0.21258524],
        [-0.71263791, -0.62307754, -0.46479816, ..., -0.35381604,
         -0.21258524,  0.        ]],

       ...,

       [[ 0.        ,  0.08607412,  0.        , ...,  0.05808317,
          0.22612826,  0.44298321],
        [-0.08607412,  0.        , -0.08607412, ..., -0.02806121,
          0.14144445,  0.36417115],
        [ 0.        ,  0.08607412,  0.        , ...,  0.05808317,
          0.22612826,  0.44298321],
        ...,
        [-0.05808317,  0.02806121, -0.05808317, ...,  0.        ,
          0.16916783,  0.39016205],
        [-0.22612826, -0.14144445, -0.22612826, ..., -0.16916783,
          0.        ,  0.2287781 ],
        [-0.44298321, -0.36417115, -0.44298321, ..., -0.39016205,
         -0.2287781 ,  0.        ]],

       [[ 0.        , -0.05453927,  0.03799618, ...,  0.73988166,
          0.76185751,  0.77892262],
        [ 0.05453927,  0.        ,  0.09243951, ...,  0.70208986,
          0.72539607,  0.74356063],
        [-0.03799618, -0.09243951,  0.        , ...,  0.76490882,
          0.78591918,  0.80218832],
        ...,
        [-0.73988166, -0.70208986, -0.76490882, ...,  0.        ,
         -0.03327538, -0.06001548],
        [-0.76185751, -0.72539607, -0.78591918, ...,  0.03327538,
          0.        , -0.02676685],
        [-0.77892262, -0.74356063, -0.80218832, ...,  0.06001548,
          0.02676685,  0.        ]],

       [[ 0.        , -0.04631418, -0.11971026, ...,  0.9995914 ,
          0.99926287,  0.99863736],
        [ 0.04631418,  0.        , -0.07360067, ...,  0.99719492,
          0.99641264,  0.99514876],
        [ 0.11971026,  0.07360067,  0.        , ...,  0.98898142,
          0.9874815 ,  0.98520876],
        ...,
        [-0.9995914 , -0.99719492, -0.98898142, ...,  0.        ,
          0.00981038,  0.02362025],
        [-0.99926287, -0.99641264, -0.9874815 , ..., -0.00981038,
          0.        ,  0.01381148],
        [-0.99863736, -0.99514876, -0.98520876, ..., -0.02362025,
         -0.01381148,  0.        ]]]), 'num': array([8.12677151e-01, 3.20930395e-01, 4.61300897e-06, 3.51247683e-03,
       3.67063714e-03, 3.13684610e-03, 4.86289303e-01, 3.42680666e-04,
       3.21263125e-03, 3.04442117e-03, 2.84858795e-03, 2.29502934e-06,
       3.38733288e-03, 2.70150945e-03])}
{'img': array([[[ 0.        , -0.32096827,  0.48572783, ...,  0.99955086,
          0.99025539,  0.32096827],
        [ 0.32096827,  0.        ,  0.74058955, ...,  0.93704585,
          0.89316181,  0.        ],
        [-0.48572783, -0.74058955,  0.        , ...,  0.88827372,
          0.93323631,  0.74058955],
        ...,
        [-0.99955086, -0.93704585, -0.88827372, ...,  0.        ,
          0.10952496,  0.93704585],
        [-0.99025539, -0.89316181, -0.93323631, ..., -0.10952496,
          0.        ,  0.89316181],
        [-0.32096827, -0.        , -0.74058955, ..., -0.93704585,
         -0.89316181,  0.        ]],

       [[ 0.        ,  0.17981207,  0.84752416, ...,  0.5800983 ,
          0.99940443,  0.13144218],
        [-0.17981207,  0.        ,  0.73827386, ...,  0.71710856,
          0.97691021,  0.3075518 ],
        [-0.84752416, -0.73827386,  0.        , ...,  0.99823895,
          0.50119457,  0.90993474],
        ...,
        [-0.5800983 , -0.71710856, -0.99823895, ...,  0.        ,
         -0.83407924,  0.46799951],
        [-0.99940443, -0.97691021, -0.50119457, ...,  0.83407924,
          0.        ,  0.99526921],
        [-0.13144218, -0.3075518 , -0.90993474, ..., -0.46799951,
         -0.99526921,  0.        ]],

       [[ 0.        , -0.18562167,  0.16314061, ...,  0.81635696,
          0.69580899,  0.18562167],
        [ 0.18562167,  0.        ,  0.3434403 , ...,  0.69496437,
          0.55039826,  0.        ],
        [-0.16314061, -0.3434403 ,  0.        , ...,  0.89964157,
          0.80365909,  0.3434403 ],
        ...,
        [-0.81635696, -0.69496437, -0.89964157, ...,  0.        ,
          0.18446666,  0.69496437],
        [-0.69580899, -0.55039826, -0.80365909, ..., -0.18446666,
          0.        ,  0.55039826],
        [-0.18562167, -0.        , -0.3434403 , ..., -0.69496437,
         -0.55039826,  0.        ]],

       ...,

       [[ 0.        , -0.08607412,  0.42299124, ...,  0.14144445,
          0.36417115,  0.74702164],
        [ 0.08607412,  0.        ,  0.49941608, ...,  0.22612826,
          0.44298321,  0.8014713 ],
        [-0.42299124, -0.49941608,  0.        , ..., -0.29057098,
         -0.06395752,  0.39569707],
        ...,
        [-0.14144445, -0.22612826,  0.29057098, ...,  0.        ,
          0.2287781 ,  0.645479  ],
        [-0.36417115, -0.44298321,  0.06395752, ..., -0.2287781 ,
          0.        ,  0.45362431],
        [-0.74702164, -0.8014713 , -0.39569707, ..., -0.645479  ,
         -0.45362431,  0.        ]],

       [[ 0.        ,  0.09243951,  0.23128124, ...,  0.72539607,
          0.74356063,  0.51070741],
        [-0.09243951,  0.        ,  0.14035777, ...,  0.78591918,
          0.80218832,  0.587996  ],
        [-0.23128124, -0.14035777,  0.        , ...,  0.86492657,
          0.8780509 ,  0.69570567],
        ...,
        [-0.72539607, -0.78591918, -0.86492657, ...,  0.        ,
         -0.02676685,  0.27212649],
        [-0.74356063, -0.80218832, -0.8780509 , ...,  0.02676685,
          0.        ,  0.29778569],
        [-0.51070741, -0.587996  , -0.69570567, ..., -0.27212649,
         -0.29778569,  0.        ]],

       [[ 0.        , -0.07360067, -0.07729989, ...,  0.99641264,
          0.99514876,  0.9969588 ],
        [ 0.07360067,  0.        , -0.00370978, ...,  0.9874815 ,
          0.98520876,  0.99999057],
        [ 0.07729989,  0.00370978,  0.        , ...,  0.98688955,
          0.98456628,  0.9999998 ],
        ...,
        [-0.99641264, -0.9874815 , -0.98688955, ...,  0.        ,
          0.01381148, -0.1620212 ],
        [-0.99514876, -0.98520876, -0.98456628, ..., -0.01381148,
          0.        , -0.17563473],
        [-0.9969588 , -0.99999057, -0.9999998 , ...,  0.1620212 ,
          0.17563473,  0.        ]]]), 'num': array([8.09769621e-01, 5.31850188e-01, 2.49031750e-06, 3.60934329e-03,
       3.66755850e-03, 3.46380525e-03, 2.47636623e-01, 1.61708929e-04,
       3.25164314e-03, 3.01393101e-03, 2.81853272e-03, 2.86902938e-06,
       3.44464735e-03, 2.58321467e-03])}
{'img': array([[[ 0.        ,  0.70391888,  0.83730964, ...,  0.95989089,
          0.64241715,  0.        ],
        [-0.70391888,  0.        ,  0.20987176, ...,  0.87915209,
          0.99574815,  0.70391888],
        [-0.83730964, -0.20987176,  0.        , ...,  0.75955987,
          0.99290462,  0.83730964],
        ...,
        [-0.95989089, -0.87915209, -0.75955987, ...,  0.        ,
          0.55550036,  0.95989089],
        [-0.64241715, -0.99574815, -0.99290462, ..., -0.55550036,
          0.        ,  0.64241715],
        [-0.        , -0.70391888, -0.83730964, ..., -0.95989089,
         -0.64241715,  0.        ]],

       [[ 0.        ,  0.73827386,  0.39466728, ...,  0.97691021,
          0.3075518 ,  0.95514321],
        [-0.73827386,  0.        , -0.41214031, ...,  0.50119457,
          0.90993474,  0.42560951],
        [-0.39466728,  0.41214031,  0.        , ...,  0.81328787,
          0.65812429,  0.76073013],
        ...,
        [-0.97691021, -0.50119457, -0.81328787, ...,  0.        ,
          0.99526921, -0.08523979],
        [-0.3075518 , -0.90993474, -0.65812429, ..., -0.99526921,
          0.        , -0.99992841],
        [-0.95514321, -0.42560951, -0.76073013, ...,  0.08523979,
          0.99992841,  0.        ]],

       [[ 0.        ,  0.32647604,  0.54532346, ...,  0.75738547,
          0.59773196,  0.        ],
        [-0.32647604,  0.        ,  0.24178212, ...,  0.92906331,
          0.82671406,  0.32647604],
        [-0.54532346, -0.24178212,  0.        , ...,  0.99093875,
          0.93821793,  0.54532346],
        ...,
        [-0.75738547, -0.92906331, -0.99093875, ...,  0.        ,
          0.21689305,  0.75738547],
        [-0.59773196, -0.82671406, -0.93821793, ..., -0.21689305,
          0.        ,  0.59773196],
        [-0.        , -0.32647604, -0.54532346, ..., -0.75738547,
         -0.59773196,  0.        ]],

       ...,

       [[ 0.        ,  0.45293814,  0.62096162, ...,  0.40221406,
          0.72470692,  0.9357726 ],
        [-0.45293814,  0.        ,  0.19858185, ..., -0.05609485,
          0.3340063 ,  0.99398836],
        [-0.62096162, -0.19858185,  0.        , ..., -0.25324685,
          0.14017687,  0.95245051],
        ...,
        [-0.40221406,  0.05609485,  0.25324685, ...,  0.        ,
          0.38635376,  0.99856486],
        [-0.72470692, -0.3340063 , -0.14017687, ..., -0.38635376,
          0.        ,  0.90033551],
        [-0.9357726 , -0.99398836, -0.95245051, ..., -0.99856486,
         -0.90033551,  0.        ]],

       [[ 0.        ,  0.20643148,  0.41770955, ...,  0.8215266 ,
          0.6609393 ,  0.        ],
        [-0.20643148,  0.        ,  0.22115288, ...,  0.92153286,
          0.80161768,  0.20643148],
        [-0.41770955, -0.22115288,  0.        , ...,  0.98458868,
          0.91398232,  0.41770955],
        ...,
        [-0.8215266 , -0.92153286, -0.98458868, ...,  0.        ,
          0.23965801,  0.8215266 ],
        [-0.6609393 , -0.80161768, -0.91398232, ..., -0.23965801,
          0.        ,  0.6609393 ],
        [-0.        , -0.20643148, -0.41770955, ..., -0.8215266 ,
         -0.6609393 ,  0.        ]],

       [[ 0.        , -0.00370978, -0.07969664, ...,  0.98520876,
          0.99999057,  0.97626155],
        [ 0.00370978,  0.        , -0.07599811, ...,  0.98456628,
          0.9999998 ,  0.97705835],
        [ 0.07969664,  0.07599811,  0.        , ...,  0.96841829,
          0.99715583,  0.99041811],
        ...,
        [-0.98520876, -0.98456628, -0.96841829, ...,  0.        ,
         -0.17563473, -0.38068189],
        [-0.99999057, -0.9999998 , -0.99715583, ...,  0.17563473,
          0.        , -0.21235384],
        [-0.97626155, -0.97705835, -0.99041811, ...,  0.38068189,
          0.21235384,  0.        ]]]), 'num': array([8.70789073e-01, 4.73153143e-01, 3.53454160e-06, 3.89839147e-03,
       3.96423097e-03, 3.80483007e-03, 1.33237976e-01, 3.11871317e-05,
       3.61216290e-03, 3.25732265e-03, 3.04513464e-03, 3.04092214e-06,
       3.80234173e-03, 2.71230357e-03])}
{'img': array([[[ 0.        ,  0.39346041,  0.47220917, ...,  0.88165491,
          0.5478363 ,  0.26824478],
        [-0.39346041,  0.        ,  0.08729147, ...,  0.99621389,
          0.83281197,  0.62564897],
        [-0.47220917, -0.08729147,  0.        , ...,  0.99999994,
          0.87795369,  0.69135724],
        ...,
        [-0.88165491, -0.99621389, -0.99999994, ...,  0.        ,
          0.47905871,  0.72275965],
        [-0.5478363 , -0.83281197, -0.87795369, ..., -0.47905871,
          0.        ,  0.30334882],
        [-0.26824478, -0.62564897, -0.69135724, ..., -0.72275965,
         -0.30334882,  0.        ]],

       [[ 0.        , -0.41214031, -0.58633092, ...,  0.90993474,
          0.42560951, -0.11701884],
        [ 0.41214031,  0.        , -0.20035489, ...,  0.65812429,
          0.76073013,  0.30269053],
        [ 0.58633092,  0.20035489,  0.        , ...,  0.49393071,
          0.87534911,  0.48750901],
        ...,
        [-0.90993474, -0.65812429, -0.49393071, ...,  0.        ,
         -0.99992841, -0.85514947],
        [-0.42560951, -0.76073013, -0.87534911, ...,  0.99992841,
          0.        , -0.52857661],
        [ 0.11701884, -0.30269053, -0.48750901, ...,  0.85514947,
          0.52857661,  0.        ]],

       [[ 0.        ,  0.43142675,  0.62074877, ...,  0.80160648,
          0.62673026,  0.        ],
        [-0.43142675,  0.        ,  0.22176455, ...,  0.98109702,
          0.90158681,  0.43142675],
        [-0.62074877, -0.22176455,  0.        , ...,  0.99958304,
          0.97507247,  0.62074877],
        ...,
        [-0.80160648, -0.98109702, -0.99958304, ...,  0.        ,
          0.24994889,  0.80160648],
        [-0.62673026, -0.90158681, -0.97507247, ..., -0.24994889,
          0.        ,  0.62673026],
        [-0.        , -0.43142675, -0.62074877, ..., -0.80160648,
         -0.62673026,  0.        ]],

       ...,

       [[ 0.        ,  0.19858185,  0.07333512, ...,  0.3340063 ,
          0.99398836,  0.9400105 ],
        [-0.19858185,  0.        , -0.12617254, ...,  0.14017687,
          0.95245051,  0.85354423],
        [-0.07333512,  0.12617254,  0.        , ...,  0.2639834 ,
          0.98328275,  0.91246144],
        ...,
        [-0.3340063 , -0.14017687, -0.2639834 , ...,  0.        ,
          0.90033551,  0.77208174],
        [-0.99398836, -0.95245051, -0.98328275, ..., -0.90033551,
          0.        , -0.2361769 ],
        [-0.9400105 , -0.85354423, -0.91246144, ..., -0.77208174,
          0.2361769 ,  0.        ]],

       [[ 0.        ,  0.35110029,  0.50024956, ...,  0.81811514,
          0.5967759 ,  0.        ],
        [-0.35110029,  0.        ,  0.16439143, ...,  0.96793396,
          0.84050954,  0.35110029],
        [-0.50024956, -0.16439143,  0.        , ...,  0.99606131,
          0.9181413 ,  0.50024956],
        ...,
        [-0.81811514, -0.96793396, -0.99606131, ...,  0.        ,
          0.31328347,  0.81811514],
        [-0.5967759 , -0.84050954, -0.9181413 , ..., -0.31328347,
          0.        ,  0.5967759 ],
        [-0.        , -0.35110029, -0.50024956, ..., -0.81811514,
         -0.5967759 ,  0.        ]],

       [[ 0.        , -0.07599811, -0.17741139, ...,  0.9999998 ,
          0.97705835,  0.93344605],
        [ 0.07599811,  0.        , -0.10210577, ...,  0.99715583,
          0.99041811,  0.95800836],
        [ 0.17741139,  0.10210577,  0.        , ...,  0.98424878,
          0.99934268,  0.98227921],
        ...,
        [-0.9999998 , -0.99715583, -0.98424878, ...,  0.        ,
         -0.21235384, -0.35812741],
        [-0.97705835, -0.99041811, -0.99934268, ...,  0.21235384,
          0.        , -0.15169056],
        [-0.93344605, -0.95800836, -0.98227921, ...,  0.35812741,
          0.15169056,  0.        ]]]), 'num': array([7.36579461e-01, 4.16492325e-01, 2.36226669e-06, 3.67916248e-03,
       3.77419620e-03, 3.03293320e-03, 5.32833118e-01, 6.24507285e-04,
       3.05411215e-03, 2.60378809e-03, 2.41344913e-03, 2.50827908e-06,
       3.25480828e-03, 1.95276790e-03])}
{'img': array([[[ 0.        ,  0.06723291,  0.18411278, ...,  0.95252253,
          0.96129563,  0.5056391 ],
        [-0.06723291,  0.        ,  0.11761262, ...,  0.92989698,
          0.94059658,  0.56249985],
        [-0.18411278, -0.11761262,  0.        , ...,  0.8801828 ,
          0.89413584,  0.65583765],
        ...,
        [-0.95252253, -0.92989698, -0.8801828 , ...,  0.        ,
          0.03024585,  0.97573513],
        [-0.96129563, -0.94059658, -0.89413584, ..., -0.03024585,
          0.        ,  0.96866626],
        [-0.5056391 , -0.56249985, -0.65583765, ..., -0.97573513,
         -0.96866626,  0.        ]],

       [[ 0.        , -0.17128683, -0.15520758, ...,  0.64954559,
          0.25581111,  0.57890968],
        [ 0.17128683,  0.        ,  0.01629736, ...,  0.77017935,
          0.4176181 ,  0.43068824],
        [ 0.15520758, -0.01629736,  0.        , ...,  0.75968215,
          0.40275448,  0.44533942],
        ...,
        [-0.64954559, -0.77017935, -0.75968215, ...,  0.        ,
         -0.43343413,  0.96979221],
        [-0.25581111, -0.4176181 , -0.40275448, ...,  0.43343413,
          0.        ,  0.76823375],
        [-0.57890968, -0.43068824, -0.44533942, ..., -0.96979221,
         -0.76823375,  0.        ]],

       [[ 0.        ,  0.43320355,  0.623711  , ...,  0.9144116 ,
          0.80796367,  0.        ],
        [-0.43320355,  0.        ,  0.22353256, ...,  0.9995102 ,
          0.98347204,  0.43320355],
        [-0.623711  , -0.22353256,  0.        , ...,  0.96722369,
          0.99905954,  0.623711  ],
        ...,
        [-0.9144116 , -0.9995102 , -0.96722369, ...,  0.        ,
          0.21174876,  0.9144116 ],
        [-0.80796367, -0.98347204, -0.99905954, ..., -0.21174876,
          0.        ,  0.80796367],
        [-0.        , -0.43320355, -0.623711  , ..., -0.9144116 ,
         -0.80796367,  0.        ]],

       ...,

       [[ 0.        , -0.11800353, -0.17231926, ...,  0.76625255,
          0.72815046,  0.97140255],
        [ 0.11800353,  0.        , -0.05487696, ...,  0.83672081,
          0.80394466,  0.99263413],
        [ 0.17231926,  0.05487696,  0.        , ...,  0.86551223,
          0.83536877,  0.99778673],
        ...,
        [-0.76625255, -0.83672081, -0.86551223, ...,  0.        ,
         -0.05733733,  0.4422266 ],
        [-0.72815046, -0.80394466, -0.83536877, ...,  0.05733733,
          0.        ,  0.49292513],
        [-0.97140255, -0.99263413, -0.99778673, ..., -0.4422266 ,
         -0.49292513,  0.        ]],

       [[ 0.        ,  0.32728113,  0.49112378, ...,  0.93329703,
          0.85805677,  0.        ],
        [-0.32728113,  0.        ,  0.17898487, ...,  0.99942598,
          0.97887783,  0.32728113],
        [-0.49112378, -0.17898487,  0.        , ...,  0.9893507 ,
          0.99966349,  0.49112378],
        ...,
        [-0.93329703, -0.99942598, -0.9893507 , ...,  0.        ,
          0.17116643,  0.93329703],
        [-0.85805677, -0.97887783, -0.99966349, ..., -0.17116643,
          0.        ,  0.85805677],
        [-0.        , -0.32728113, -0.49112378, ..., -0.93329703,
         -0.85805677,  0.        ]],

       [[ 0.        , -0.10210577, -0.4259264 , ...,  0.99041811,
          0.95800836,  0.62506214],
        [ 0.10210577,  0.        , -0.33131931, ...,  0.99934268,
          0.98227921,  0.7014965 ],
        [ 0.4259264 ,  0.33131931,  0.        , ...,  0.95490951,
          0.9888958 ,  0.89799735],
        ...,
        [-0.99041811, -0.99934268, -0.95490951, ...,  0.        ,
         -0.15169056, -0.68677372],
        [-0.95800836, -0.98227921, -0.9888958 , ...,  0.15169056,
          0.        , -0.56856689],
        [-0.62506214, -0.7014965 , -0.89799735, ...,  0.68677372,
          0.56856689,  0.        ]]]), 'num': array([8.06557256e-01, 4.86004673e-01, 2.33809324e-06, 4.05762763e-03,
       4.30623501e-03, 4.01027384e-03, 3.36403198e-01, 4.73537871e-05,
       3.57106747e-03, 2.90130734e-03, 2.65955639e-03, 2.75495769e-06,
       3.78709712e-03, 2.01551756e-03])}
{'img': array([[[ 0.        ,  0.1159406 , -0.07269575, ...,  0.93188352,
          0.78957831,  0.55595829],
        [-0.1159406 ,  0.        , -0.18783934, ...,  0.88354069,
          0.85540043,  0.64858   ],
        [ 0.07269575,  0.18783934,  0.        , ...,  0.95578885,
          0.74287947,  0.49406186],
        ...,
        [-0.93188352, -0.88354069, -0.95578885, ...,  0.        ,
          0.85827572,  0.9762692 ],
        [-0.78957831, -0.85540043, -0.74287947, ..., -0.85827572,
          0.        ,  0.31514183],
        [-0.55595829, -0.64858   , -0.49406186, ..., -0.9762692 ,
         -0.31514183,  0.        ]],

       [[ 0.        ,  0.01629736, -0.07716055, ...,  0.4176181 ,
          0.43068824,  0.9544147 ],
        [-0.01629736,  0.        , -0.09339908, ...,  0.40275448,
