state_0,state_1,state_2,state_3,state_4,state_5,state_6,state_7,state_8,state_9,state_10,state_11,state_12,state_13,state_14,state_15,state_16,state_17,state_18,state_19,state_20,state_21,state_22,state_23,state_24,state_25,state_26,state_27,state_28,state_29,state_30,state_31,state_32,state_33,state_34,state_35,state_36,state_37,state_38,state_39,state_40,state_41,state_42,state_43,state_44,state_45,state_46,state_47,state_48,state_49,state_50,state_51,state_52,state_53,state_54,state_55,state_56,state_57,state_58,state_59,state_60,state_61,state_62,state_63,state_64,state_65,state_66,state_67,state_68,state_69,state_70,state_71,state_72,state_73,state_74,state_75,state_76,state_77,state_78,state_79,state_80,state_81,state_82,state_83,state_84,state_85,state_86,state_87,state_88,state_89,state_90,state_91,state_92,state_93,state_94,state_95,state_96,state_97,state_98,state_99,state_100,state_101,state_102,state_103,state_104,state_105,state_106,state_107,state_108,state_109,state_110,state_111,state_112,state_113,state_114,state_115,state_116,state_117,state_118,state_119,state_120,state_121,state_122,state_123,state_124,state_125,state_126,state_127,state_128,state_129,state_130,state_131,state_132,state_133,state_134,state_135,state_136,state_137,state_138,state_139,state_140,state_141,state_142,state_143,state_144,state_145,state_146,state_147,state_148,state_149,state_150,state_151,state_152,state_153,state_154,state_155,state_156,state_157,state_158,state_159,state_160,state_161,state_162,state_163,state_164,state_165,state_166,state_167,state_168,state_169,state_170,state_171,state_172,state_173,state_174,state_175,state_176,state_177,state_178,state_179,state_180,state_181,state_182,state_183,state_184,state_185,state_186,state_187,state_188,state_189,state_190,state_191,state_192,state_193,state_194,state_195,state_196,state_197,state_198,state_199,state_200,state_201,state_202,state_203,state_204,state_205,state_206,state_207,state_208,state_209,state_210,state_211,state_212,state_213,state_214,state_215,state_216,state_217,state_218,state_219,state_220,state_221,state_222,state_223,state_224,state_225,state_226,state_227,state_228,state_229,state_230,state_231,state_232,state_233,state_234,state_235,state_236,state_237,state_238,state_239,state_240,state_241,state_242,state_243,state_244,state_245,state_246,state_247,state_248,state_249,state_250,state_251,state_252,state_253,state_254,state_255,state_256,state_257,state_258,state_259,state_260,state_261,state_262,state_263,state_264,state_265,state_266,state_267,state_268,state_269,state_270,state_271,state_272,state_273,state_274,state_275,state_276,state_277,state_278,state_279,state_280,state_281,state_282,state_283,state_284,state_285,state_286,state_287
{'img': array([[[ 0.00000000e+00, -6.35707752e-01, -4.80137971e-01, ...,
         -8.27542205e-01, -8.75920129e-01, -8.44796504e-01],
        [ 6.35707752e-01,  0.00000000e+00,  1.87005559e-01, ...,
         -9.95693071e-01, -9.82849980e-01, -9.92283028e-01],
        [ 4.80137971e-01, -1.87005559e-01,  0.00000000e+00, ...,
         -9.95465356e-01, -9.99996503e-01, -9.97965497e-01],
        ...,
        [ 8.27542205e-01,  9.95693071e-01,  9.95465356e-01, ...,
          0.00000000e+00,  9.24918159e-02,  3.14640505e-02],
        [ 8.75920129e-01,  9.82849980e-01,  9.99996503e-01, ...,
         -9.24918159e-02,  0.00000000e+00, -6.11168436e-02],
        [ 8.44796504e-01,  9.92283028e-01,  9.97965497e-01, ...,
         -3.14640505e-02,  6.11168436e-02,  0.00000000e+00]],

       [[ 0.00000000e+00,  4.81404525e-01,  2.79330318e-01, ...,
          3.99382646e-01, -7.40785891e-02, -7.00406154e-01],
        [-4.81404525e-01,  0.00000000e+00, -2.17409637e-01, ...,
         -9.12858180e-02, -5.45011596e-01, -9.57504803e-01],
        [-2.79330318e-01,  2.17409637e-01,  0.00000000e+00, ...,
          1.27399591e-01, -3.49692728e-01, -8.71897016e-01],
        ...,
        [-3.99382646e-01,  9.12858180e-02, -1.27399591e-01, ...,
          0.00000000e+00, -4.66199395e-01, -9.27178554e-01],
        [ 7.40785891e-02,  5.45011596e-01,  3.49692728e-01, ...,
          4.66199395e-01,  0.00000000e+00, -6.45608537e-01],
        [ 7.00406154e-01,  9.57504803e-01,  8.71897016e-01, ...,
          9.27178554e-01,  6.45608537e-01,  0.00000000e+00]],

       [[ 0.00000000e+00, -3.05651147e-01, -3.96012165e-01, ...,
         -7.60743327e-01, -7.64127867e-01, -7.57322661e-01],
        [ 3.05651147e-01,  0.00000000e+00, -9.63977183e-02, ...,
         -9.22720612e-01, -9.24724232e-01, -9.20682594e-01],
        [ 3.96012165e-01,  9.63977183e-02,  0.00000000e+00, ...,
         -9.55581778e-01, -9.57110305e-01, -9.54020078e-01],
        ...,
        [ 7.60743327e-01,  9.22720612e-01,  9.55581778e-01, ...,
          0.00000000e+00,  5.23061703e-03, -5.25406458e-03],
        [ 7.64127867e-01,  9.24724232e-01,  9.57110305e-01, ...,
         -5.23061703e-03,  0.00000000e+00, -1.04845375e-02],
        [ 7.57322661e-01,  9.20682594e-01,  9.54020078e-01, ...,
          5.25406458e-03,  1.04845375e-02,  0.00000000e+00]],

       ...,

       [[ 0.00000000e+00, -1.22989705e-01, -2.13890560e-01, ...,
          9.07669237e-01,  7.05261904e-01,  4.80589782e-01],
        [ 1.22989705e-01,  0.00000000e+00, -9.21232596e-02, ...,
          9.52395253e-01,  7.87100682e-01,  5.84796390e-01],
        [ 2.13890560e-01,  9.21232596e-02,  0.00000000e+00, ...,
          9.76430548e-01,  8.40577512e-01,  6.57038165e-01],
        ...,
        [-9.07669237e-01, -9.52395253e-01, -9.76430548e-01, ...,
          0.00000000e+00, -3.47500523e-01, -5.94279551e-01],
        [-7.05261904e-01, -7.87100682e-01, -8.40577512e-01, ...,
          3.47500523e-01,  0.00000000e+00, -2.77763658e-01],
        [-4.80589782e-01, -5.84796390e-01, -6.57038165e-01, ...,
          5.94279551e-01,  2.77763658e-01,  0.00000000e+00]],

       [[ 0.00000000e+00, -4.06991546e-01, -6.55436189e-01, ...,
         -2.94486841e-01, -3.18055367e-01, -3.28870308e-01],
        [ 4.06991546e-01,  0.00000000e+00, -2.91315749e-01, ...,
         -6.57937405e-01, -6.76379273e-01, -6.84753318e-01],
        [ 6.55436189e-01,  2.91315749e-01,  0.00000000e+00, ...,
         -8.48782572e-01, -8.61612284e-01, -8.67357097e-01],
        ...,
        [ 2.94486841e-01,  6.57937405e-01,  8.48782572e-01, ...,
          0.00000000e+00,  2.47566025e-02,  3.61806914e-02],
        [ 3.18055367e-01,  6.76379273e-01,  8.61612284e-01, ...,
         -2.47566025e-02,  0.00000000e+00,  1.14292089e-02],
        [ 3.28870308e-01,  6.84753318e-01,  8.67357097e-01, ...,
         -3.61806914e-02, -1.14292089e-02,  0.00000000e+00]],

       [[ 0.00000000e+00, -8.79467430e-02,  4.53475766e-02, ...,
         -9.81424940e-01, -9.81398887e-01, -9.81829154e-01],
        [ 8.79467430e-02,  0.00000000e+00,  1.33028132e-01, ...,
         -9.94494370e-01, -9.94480135e-01, -9.94714130e-01],
        [-4.53475766e-02, -1.33028132e-01,  0.00000000e+00, ...,
         -9.71715543e-01, -9.71683475e-01, -9.72213643e-01],
        ...,
        [ 9.81424940e-01,  9.94494370e-01,  9.71715543e-01, ...,
          0.00000000e+00, -1.35754427e-04,  2.11844650e-03],
        [ 9.81398887e-01,  9.94480135e-01,  9.71683475e-01, ...,
          1.35754427e-04,  0.00000000e+00,  2.25420061e-03],
        [ 9.81829154e-01,  9.94714130e-01,  9.72213643e-01, ...,
         -2.11844650e-03, -2.25420061e-03,  0.00000000e+00]]]), 'num': array([ 7.07089472e-01,  7.07089472e-01,  0.00000000e+00,  5.31240680e-04,
        5.36412703e-04,  5.26068656e-04,  6.83059513e-03, -3.69430236e-06,
        5.36560475e-04,  5.29541301e-04,  5.68048246e-04,  3.39767954e-07,
        5.54519156e-04,  5.04563445e-04])}
{'img': array([[[ 0.        ,  0.25837507,  0.53516293, ..., -0.99635838,
         -0.99974582, -0.99949853],
        [-0.25837507,  0.        ,  0.29872926, ..., -0.98455686,
         -0.97162429, -0.9573787 ],
        [-0.53516293, -0.29872926,  0.        , ..., -0.88730285,
         -0.85659958, -0.82737912],
        ...,
        [ 0.99635838,  0.98455686,  0.88730285, ...,  0.        ,
         -0.06277929, -0.11677151],
        [ 0.99974582,  0.97162429,  0.85659958, ...,  0.06277929,
          0.        , -0.05419136],
        [ 0.99949853,  0.9573787 ,  0.82737912, ...,  0.11677151,
          0.05419136,  0.        ]],

       [[ 0.        , -0.21740964,  0.09911792, ..., -0.5450116 ,
         -0.9575048 , -0.65100912],
        [ 0.21740964,  0.        ,  0.31308611, ..., -0.34969273,
         -0.87189702, -0.47040817],
        [-0.09911792, -0.31308611,  0.        , ..., -0.62543108,
         -0.98137708, -0.72304078],
        ...,
        [ 0.5450116 ,  0.34969273,  0.62543108, ...,  0.        ,
         -0.64560854, -0.13212271],
        [ 0.9575048 ,  0.87189702,  0.98137708, ...,  0.64560854,
          0.        ,  0.53905077],
        [ 0.65100912,  0.47040817,  0.72304078, ...,  0.13212271,
         -0.53905077,  0.        ]],

       [[ 0.        , -0.26125181, -0.2108052 , ..., -0.77138922,
         -0.7645746 , -0.73765415],
        [ 0.26125181,  0.        ,  0.0518969 , ..., -0.91085055,
         -0.90640745, -0.8884276 ],
        [ 0.2108052 , -0.0518969 ,  0.        , ..., -0.88820339,
         -0.88326453, -0.86340885],
        ...,
        [ 0.77138922,  0.91085055,  0.88820339, ...,  0.        ,
         -0.01064006, -0.05140933],
        [ 0.7645746 ,  0.90640745,  0.88326453, ...,  0.01064006,
          0.        , -0.04078043],
        [ 0.73765415,  0.8884276 ,  0.86340885, ...,  0.05140933,
          0.04078043,  0.        ]],

       ...,

       [[ 0.        , -0.09212326, -0.05406729, ...,  0.78710068,
          0.58479639,  0.58479639],
        [ 0.09212326,  0.        ,  0.03815113, ...,  0.84057751,
          0.65703817,  0.65703817],
        [ 0.05406729, -0.03815113,  0.        , ...,  0.81929942,
          0.62779932,  0.62779932],
        ...,
        [-0.78710068, -0.84057751, -0.81929942, ...,  0.        ,
         -0.27776366, -0.27776366],
        [-0.58479639, -0.65703817, -0.62779932, ...,  0.27776366,
          0.        ,  0.        ],
        [-0.58479639, -0.65703817, -0.62779932, ...,  0.27776366,
          0.        ,  0.        ]],

       [[ 0.        , -0.5507623 , -0.73198695, ..., -0.32497443,
         -0.33600978, -0.3425379 ],
        [ 0.5507623 ,  0.        , -0.23571717, ..., -0.79211232,
         -0.79919479, -0.80334681],
        [ 0.73198695,  0.23571717,  0.        , ..., -0.91366789,
         -0.91835786, -0.92108214],
        ...,
        [ 0.32497443,  0.79211232,  0.91366789, ...,  0.        ,
          0.01169219,  0.01863113],
        [ 0.33600978,  0.79919479,  0.91835786, ..., -0.01169219,
          0.        ,  0.00693969],
        [ 0.3425379 ,  0.80334681,  0.92108214, ..., -0.01863113,
         -0.00693969,  0.        ]],

       [[ 0.        ,  0.13302813,  0.47902359, ..., -0.99448013,
         -0.99471413, -0.99549971],
        [-0.13302813,  0.        ,  0.35799379, ..., -0.97168348,
         -0.97221364, -0.9740456 ],
        [-0.47902359, -0.35799379,  0.        , ..., -0.82269511,
         -0.8239745 , -0.82845716],
        ...,
        [ 0.99448013,  0.97168348,  0.82269511, ...,  0.        ,
          0.0022542 ,  0.01021128],
        [ 0.99471413,  0.97221364,  0.8239745 , ..., -0.0022542 ,
          0.        ,  0.00795717],
        [ 0.99549971,  0.9740456 ,  0.82845716, ..., -0.01021128,
         -0.00795717,  0.        ]]]), 'num': array([9.99884056e-01, 8.07956187e-03, 1.36989571e-05, 7.51367041e-04,
       7.70047437e-04, 7.48253642e-04, 1.27284483e-02, 5.18899890e-06,
       7.50951921e-04, 7.45088352e-04, 7.95300565e-04, 5.42849116e-07,
       7.79266331e-04, 7.10910374e-04])}
{'img': array([[[ 0.        ,  0.29872926, -0.61310466, ..., -0.97162429,
         -0.9573787 , -0.97162429],
        [-0.29872926,  0.        , -0.82110564, ..., -0.85659958,
         -0.82737912, -0.85659958],
        [ 0.61310466,  0.82110564,  0.        , ..., -0.91260221,
         -0.93341727, -0.91260221],
        ...,
        [ 0.97162429,  0.85659958,  0.91260221, ...,  0.        ,
         -0.05419136,  0.        ],
        [ 0.9573787 ,  0.82737912,  0.93341727, ...,  0.05419136,
          0.        ,  0.05419136],
        [ 0.97162429,  0.85659958,  0.91260221, ...,  0.        ,
         -0.05419136,  0.        ]],

       [[ 0.        ,  0.31308611,  0.87189702, ..., -0.87189702,
         -0.47040817, -0.17372884],
        [-0.31308611,  0.        ,  0.98137708, ..., -0.98137708,
         -0.72304078, -0.47331975],
        [-0.87189702, -0.98137708,  0.        , ..., -0.        ,
         -0.53905077, -0.77356538],
        ...,
        [ 0.87189702,  0.98137708,  0.        , ...,  0.        ,
          0.53905077,  0.77356538],
        [ 0.47040817,  0.72304078,  0.53905077, ..., -0.53905077,
          0.        ,  0.30994808],
        [ 0.17372884,  0.47331975,  0.77356538, ..., -0.77356538,
         -0.30994808,  0.        ]],

       [[ 0.        ,  0.15697041, -0.29640866, ..., -0.85898033,
         -0.83723333, -0.81650604],
        [-0.15697041,  0.        , -0.44265052, ..., -0.76796162,
         -0.74101579, -0.71575926],
        [ 0.29640866,  0.44265052,  0.        , ..., -0.97214257,
         -0.96169891, -0.9509409 ],
        ...,
        [ 0.85898033,  0.76796162,  0.97214257, ...,  0.        ,
         -0.04105915, -0.07786293],
        [ 0.83723333,  0.74101579,  0.96169891, ...,  0.04105915,
          0.        , -0.03686276],
        [ 0.81650604,  0.71575926,  0.9509409 , ...,  0.07786293,
          0.03686276,  0.        ]],

       ...,

       [[ 0.        ,  0.03815113, -0.20752477, ...,  0.65703817,
          0.65703817,  0.81585901],
        [-0.03815113,  0.        , -0.24469426, ...,  0.62779932,
          0.62779932,  0.79320412],
        [ 0.20752477,  0.24469426,  0.        , ...,  0.79917835,
          0.79917835,  0.91809894],
        ...,
        [-0.65703817, -0.62779932, -0.79917835, ...,  0.        ,
          0.        ,  0.23510839],
        [-0.65703817, -0.62779932, -0.79917835, ...,  0.        ,
          0.        ,  0.23510839],
        [-0.81585901, -0.79320412, -0.91809894, ..., -0.23510839,
         -0.23510839,  0.        ]],

       [[ 0.        , -0.55351779, -0.61515732, ..., -0.35035003,
         -0.35713658, -0.36408877],
        [ 0.55351779,  0.        , -0.07593015, ..., -0.81021978,
         -0.81445118, -0.81875341],
        [ 0.61515732,  0.07593015,  0.        , ..., -0.85238544,
         -0.85615708, -0.85998472],
        ...,
        [ 0.35035003,  0.81021978,  0.85238544, ...,  0.        ,
          0.00725564,  0.01470891],
        [ 0.35713658,  0.81445118,  0.85615708, ..., -0.00725564,
          0.        ,  0.00745367],
        [ 0.36408877,  0.81875341,  0.85998472, ..., -0.01470891,
         -0.00745367,  0.        ]],

       [[ 0.        ,  0.35799379, -0.0447211 , ..., -0.97221364,
         -0.9740456 , -0.97891195],
        [-0.35799379,  0.        , -0.39939279, ..., -0.8239745 ,
         -0.82845716, -0.84090163],
        [ 0.0447211 ,  0.39939279,  0.        , ..., -0.98170996,
         -0.98319378, -0.9870683 ],
        ...,
        [ 0.97221364,  0.8239745 ,  0.98170996, ...,  0.        ,
          0.00795717,  0.03055235],
        [ 0.9740456 ,  0.82845716,  0.98319378, ..., -0.00795717,
          0.        ,  0.02259793],
        [ 0.97891195,  0.84090163,  0.9870683 , ..., -0.03055235,
         -0.02259793,  0.        ]]]), 'num': array([9.99730755e-01, 7.82115337e-03, 1.32608236e-05, 7.51446668e-04,
       7.57474315e-04, 7.35372943e-04, 2.17453898e-02, 2.41105883e-05,
       7.32359119e-04, 7.25025482e-04, 7.67570624e-04, 6.20294777e-07,
       7.53525907e-04, 6.96525057e-04])}
{'img': array([[[ 0.        , -0.82110564, -0.83350533, ..., -0.82737912,
         -0.85659958, -0.95493853],
        [ 0.82110564,  0.        , -0.02207481, ..., -0.93341727,
         -0.91260221, -0.78876339],
        [ 0.83350533,  0.02207481,  0.        , ..., -0.92526954,
         -0.90335458, -0.77500186],
        ...,
        [ 0.82737912,  0.93341727,  0.92526954, ...,  0.        ,
          0.05419136,  0.29076619],
        [ 0.85659958,  0.91260221,  0.90335458, ..., -0.05419136,
          0.        ,  0.23848895],
        [ 0.95493853,  0.78876339,  0.77500186, ..., -0.29076619,
         -0.23848895,  0.        ]],

       [[ 0.        ,  0.98137708, -0.23964048, ..., -0.72304078,
         -0.47331975,  0.20590313],
        [-0.98137708,  0.        , -0.9067486 , ..., -0.53905077,
         -0.77356538, -0.99990068],
        [ 0.23964048,  0.9067486 ,  0.        , ..., -0.53642767,
         -0.24843095,  0.43440902],
        ...,
        [ 0.72304078,  0.53905077,  0.53642767, ...,  0.        ,
          0.30994808,  0.84978672],
        [ 0.47331975,  0.77356538,  0.24843095, ..., -0.30994808,
          0.        ,  0.64455579],
        [-0.20590313,  0.99990068, -0.43440902, ..., -0.84978672,
         -0.64455579,  0.        ]],

       [[ 0.        , -0.44265052, -0.62967397, ..., -0.74101579,
         -0.71575926, -0.76623371],
        [ 0.44265052,  0.        , -0.22074774, ..., -0.96169891,
         -0.9509409 , -0.97150773],
        [ 0.62967397,  0.22074774,  0.        , ..., -0.99848342,
         -0.99577538, -0.9998605 ],
        ...,
        [ 0.74101579,  0.96169891,  0.99848342, ...,  0.        ,
         -0.03686276,  0.03836786],
        [ 0.71575926,  0.9509409 ,  0.99577538, ...,  0.03686276,
          0.        ,  0.07517741],
        [ 0.76623371,  0.97150773,  0.9998605 , ..., -0.03836786,
         -0.07517741,  0.        ]],

       ...,

       [[ 0.        , -0.24469426, -0.2012599 , ...,  0.62779932,
          0.79320412,  0.97236182],
        [ 0.24469426,  0.        ,  0.04454564, ...,  0.79917835,
          0.91809894,  0.9999333 ],
        [ 0.2012599 , -0.04454564,  0.        , ...,  0.77160893,
          0.89953187,  0.99945521],
        ...,
        [-0.62779932, -0.79917835, -0.77160893, ...,  0.        ,
          0.23510839,  0.61028435],
        [-0.79320412, -0.91809894, -0.89953187, ..., -0.23510839,
          0.        ,  0.40692884],
        [-0.97236182, -0.9999333 , -0.99945521, ..., -0.61028435,
         -0.40692884,  0.        ]],

       [[ 0.        , -0.30760374, -0.39824132, ..., -0.3724869 ,
         -0.37971291, -0.36392197],
        [ 0.30760374,  0.        , -0.09677344, ..., -0.6398945 ,
         -0.64586792, -0.63278823],
        [ 0.39824132,  0.09677344,  0.        , ..., -0.7112579 ,
         -0.7167181 , -0.70475228],
        ...,
        [ 0.3724869 ,  0.6398945 ,  0.7112579 , ...,  0.        ,
          0.00779854, -0.00921205],
        [ 0.37971291,  0.64586792,  0.7167181 , ..., -0.00779854,
          0.        , -0.01700997],
        [ 0.36392197,  0.63278823,  0.70475228, ...,  0.00921205,
          0.01700997,  0.        ]],

       [[ 0.        , -0.39939279, -0.55420545, ..., -0.82845716,
         -0.84090163, -0.88409337],
        [ 0.39939279,  0.        , -0.17563788, ..., -0.98319378,
         -0.9870683 , -0.9971594 ],
        [ 0.55420545,  0.17563788,  0.        , ..., -0.99997521,
         -0.99987896, -0.99488748],
        ...,
        [ 0.82845716,  0.98319378,  0.99997521, ...,  0.        ,
          0.02259793,  0.10799209],
        [ 0.84090163,  0.9870683 ,  0.99987896, ..., -0.02259793,
          0.        ,  0.08549875],
        [ 0.88409337,  0.9971594 ,  0.99488748, ..., -0.10799209,
         -0.08549875,  0.        ]]]), 'num': array([ 9.99954666e-01,  1.06883607e-03,  1.34984572e-05,  7.51607095e-04,
        7.63795318e-04,  7.51607095e-04,  9.22143698e-03, -8.12548211e-06,
        7.42465928e-04,  7.36016326e-04,  7.73495113e-04,  6.35666968e-07,
        7.58857053e-04,  7.13175600e-04])}
{'img': array([[[ 0.        , -0.03950051, -0.12916368, ..., -0.99382155,
         -0.92757476, -0.95685665],
        [ 0.03950051,  0.        , -0.08989325, ..., -0.98866177,
         -0.91209196, -0.94463258],
        [ 0.12916368,  0.08989325,  0.        , ..., -0.97116074,
         -0.87154433, -0.91131148],
        ...,
        [ 0.99382155,  0.98866177,  0.97116074, ...,  0.        ,
          0.26837779,  0.18256391],
        [ 0.92757476,  0.91209196,  0.87154433, ..., -0.26837779,
          0.        , -0.08800111],
        [ 0.95685665,  0.94463258,  0.91131148, ..., -0.18256391,
          0.08800111,  0.        ]],

       [[ 0.        , -0.9067486 , -0.98547742, ..., -0.77356538,
         -0.99990068, -0.52073435],
        [ 0.9067486 ,  0.        ,  0.56951971, ..., -0.24843095,
          0.43440902, -0.55452938],
        [ 0.98547742, -0.56951971,  0.        , ..., -0.75586974,
         -0.15590084, -0.92974465],
        ...,
        [ 0.77356538,  0.24843095,  0.75586974, ...,  0.        ,
          0.64455579, -0.33040934],
        [ 0.99990068, -0.43440902,  0.15590084, ..., -0.64455579,
          0.        , -0.86097294],
        [ 0.52073435,  0.55452938,  0.92974465, ...,  0.33040934,
          0.86097294,  0.        ]],

       [[ 0.        , -0.48657584, -0.60918477, ..., -0.73142937,
         -0.78214721, -0.79901794],
        [ 0.48657584,  0.        , -0.14633875, ..., -0.97080918,
         -0.98649613, -0.99063426],
        [ 0.60918477,  0.14633875,  0.        , ..., -0.99545778,
         -0.99984407, -0.99995103],
        ...,
        [ 0.73142937,  0.97080918,  0.99545778, ...,  0.        ,
          0.07761063,  0.10505035],
        [ 0.78214721,  0.98649613,  0.99984407, ..., -0.07761063,
          0.        ,  0.02755229],
        [ 0.79901794,  0.99063426,  0.99995103, ..., -0.10505035,
         -0.02755229,  0.        ]],

       ...,

       [[ 0.        ,  0.04454564, -0.13269063, ...,  0.91809894,
          0.9999333 ,  0.99835504],
        [-0.04454564,  0.        , -0.17671066, ...,  0.89953187,
          0.99945521,  0.99991801],
        [ 0.13269063,  0.17671066,  0.        , ...,  0.96257276,
          0.98955882,  0.98191938],
        ...,
        [-0.91809894, -0.89953187, -0.96257276, ...,  0.        ,
          0.40692884,  0.44833776],
        [-0.9999333 , -0.99945521, -0.98955882, ..., -0.40692884,
          0.        ,  0.04579942],
        [-0.99835504, -0.99991801, -0.98191938, ..., -0.44833776,
         -0.04579942,  0.        ]],

       [[ 0.        , -0.26256028, -0.27832377, ..., -0.38421514,
         -0.36825254, -0.30269011],
        [ 0.26256028,  0.        , -0.01637312, ..., -0.61314227,
         -0.59944169, -0.54231373],
        [ 0.27832377,  0.01637312,  0.        , ..., -0.6259944 ,
         -0.61246668, -0.55599734],
        ...,
        [ 0.38421514,  0.61314227,  0.6259944 , ...,  0.        ,
         -0.01722792, -0.08673453],
        [ 0.36825254,  0.59944169,  0.61246668, ...,  0.01722792,
          0.        , -0.06955865],
        [ 0.30269011,  0.54231373,  0.55599734, ...,  0.08673453,
          0.06955865,  0.        ]],

       [[ 0.        , -0.41033325, -0.58580012, ..., -0.85339307,
         -0.89593623, -0.93206478],
        [ 0.41033325,  0.        , -0.20165514, ..., -0.99213313,
         -0.99929912, -0.99864341],
        [ 0.58580012,  0.20165514,  0.        , ..., -0.99699598,
         -0.98631878, -0.96762758],
        ...,
        [ 0.85339307,  0.99213313,  0.99699598, ...,  0.        ,
          0.08796039,  0.17667831],
        [ 0.89593623,  0.99929912,  0.98631878, ..., -0.08796039,
          0.        ,  0.08941684],
        [ 0.93206478,  0.99864341,  0.96762758, ..., -0.17667831,
         -0.08941684,  0.        ]]]), 'num': array([ 9.99822153e-01,  1.10140387e-03,  1.39097597e-05,  7.51482881e-04,
        7.72415552e-04,  7.49389614e-04,  1.87025040e-02, -2.30259379e-05,
        7.63833157e-04,  7.58338331e-04,  7.94883285e-04,  5.19896399e-07,
        7.81979047e-04,  7.34697615e-04])}
{'img': array([[[ 0.00000000e+00, -8.98932491e-02,  3.34103140e-01, ...,
         -9.12091962e-01, -9.44632584e-01, -9.96964229e-01],
        [ 8.98932491e-02,  0.00000000e+00,  4.17478162e-01, ...,
         -8.71544328e-01, -9.11311481e-01, -9.85928752e-01],
        [-3.34103140e-01, -4.17478162e-01,  0.00000000e+00, ...,
         -9.96657485e-01, -9.99979964e-01, -9.65688781e-01],
        ...,
        [ 9.12091962e-01,  8.71544328e-01,  9.96657485e-01, ...,
          0.00000000e+00, -8.80011135e-02, -3.37724709e-01],
        [ 9.44632584e-01,  9.11311481e-01,  9.99979964e-01, ...,
          8.80011135e-02,  0.00000000e+00, -2.53583862e-01],
        [ 9.96964229e-01,  9.85928752e-01,  9.65688781e-01, ...,
          3.37724709e-01,  2.53583862e-01,  0.00000000e+00]],

       [[ 0.00000000e+00,  6.81245845e-01, -1.51008508e-01, ...,
          5.17746326e-01, -6.20882077e-01,  2.18053694e-01],
        [-6.81245845e-01,  0.00000000e+00, -7.83980123e-01, ...,
         -2.03810472e-01, -9.88550977e-01, -5.05225638e-01],
        [ 1.51008508e-01,  7.83980123e-01,  0.00000000e+00, ...,
          6.41001992e-01, -4.95385919e-01,  3.62927912e-01],
        ...,
        [-5.17746326e-01,  2.03810472e-01, -6.41001992e-01, ...,
          0.00000000e+00, -9.37049246e-01, -3.18735289e-01],
        [ 6.20882077e-01,  9.88550977e-01,  4.95385919e-01, ...,
          9.37049246e-01,  0.00000000e+00,  7.76874810e-01],
        [-2.18053694e-01,  5.05225638e-01, -3.62927912e-01, ...,
          3.18735289e-01, -7.76874810e-01,  0.00000000e+00]],

       [[ 0.00000000e+00, -4.05818951e-01, -5.39695245e-01, ...,
         -8.01738916e-01, -8.18561706e-01, -8.08590304e-01],
        [ 4.05818951e-01,  0.00000000e+00, -1.51613421e-01, ...,
         -9.75299685e-01, -9.81237282e-01, -9.77786475e-01],
        [ 5.39695245e-01,  1.51613421e-01,  0.00000000e+00, ...,
         -9.97514338e-01, -9.99125728e-01, -9.98261830e-01],
        ...,
        [ 8.01738916e-01,  9.75299685e-01,  9.97514338e-01, ...,
          0.00000000e+00,  2.86996424e-02,  1.15529360e-02],
        [ 8.18561706e-01,  9.81237282e-01,  9.99125728e-01, ...,
         -2.86996424e-02,  0.00000000e+00, -1.71495500e-02],
        [ 8.08590304e-01,  9.77786475e-01,  9.98261830e-01, ...,
         -1.15529360e-02,  1.71495500e-02,  0.00000000e+00]],

       ...,

       [[ 0.00000000e+00, -1.76710659e-01,  1.56219661e-01, ...,
          9.99455214e-01,  9.99918014e-01,  8.50894184e-01],
        [ 1.76710659e-01,  0.00000000e+00,  3.28302273e-01, ...,
          9.89558819e-01,  9.81919380e-01,  9.30336196e-01],
        [-1.56219661e-01, -3.28302273e-01,  0.00000000e+00, ...,
          9.82028339e-01,  9.89641739e-01,  7.58379206e-01],
        ...,
        [-9.99455214e-01, -9.89558819e-01, -9.82028339e-01, ...,
          0.00000000e+00,  4.57994153e-02, -4.96967860e-01],
        [-9.99918014e-01, -9.81919380e-01, -9.89641739e-01, ...,
         -4.57994153e-02,  0.00000000e+00, -5.36189680e-01],
        [-8.50894184e-01, -9.30336196e-01, -7.58379206e-01, ...,
          4.96967860e-01,  5.36189680e-01,  0.00000000e+00]],

       [[ 0.00000000e+00, -9.48386904e-02, -2.23215957e-01, ...,
         -3.71404841e-01, -3.05314993e-01, -3.05299536e-01],
        [ 9.48386904e-02,  0.00000000e+00, -1.29764029e-01, ...,
         -4.57785766e-01, -3.94249109e-01, -3.94234192e-01],
        [ 2.23215957e-01,  1.29764029e-01,  0.00000000e+00, ...,
         -5.69283480e-01, -5.10169306e-01, -5.10155346e-01],
        ...,
        [ 3.71404841e-01,  4.57785766e-01,  5.69283480e-01, ...,
          0.00000000e+00, -7.01946607e-02, -7.02108521e-02],
        [ 3.05314993e-01,  3.94249109e-01,  5.10169306e-01, ...,
          7.01946607e-02,  0.00000000e+00, -1.62315002e-05],
        [ 3.05299536e-01,  3.94234192e-01,  5.10155346e-01, ...,
          7.02108521e-02,  1.62315002e-05,  0.00000000e+00]],

       [[ 0.00000000e+00, -4.48374663e-01, -5.51399932e-01, ...,
         -9.08179197e-01, -9.42955567e-01, -9.42270530e-01],
        [ 4.48374663e-01,  0.00000000e+00, -1.18813921e-01, ...,
         -9.99453462e-01, -9.92129061e-01, -9.92383887e-01],
        [ 5.51399932e-01,  1.18813921e-01,  0.00000000e+00, ...,
         -9.88446218e-01, -9.70223531e-01, -9.70718436e-01],
        ...,
        [ 9.08179197e-01,  9.99453462e-01,  9.88446218e-01, ...,
          0.00000000e+00,  9.23540878e-02,  9.03109516e-02],
        [ 9.42955567e-01,  9.92129061e-01,  9.70223531e-01, ...,
         -9.23540878e-02,  0.00000000e+00, -2.05171035e-03],
        [ 9.42270530e-01,  9.92383887e-01,  9.70718436e-01, ...,
         -9.03109516e-02,  2.05171035e-03,  0.00000000e+00]]]), 'num': array([9.99588029e-01, 1.04035649e-03, 1.31387852e-05, 7.51352651e-04,
       7.52341272e-04, 7.06864665e-04, 2.86079993e-02, 4.15221202e-05,
       7.29602969e-04, 7.17541781e-04, 7.49490746e-04, 5.94197624e-07,
       7.44315736e-04, 6.90767826e-04])}
{'img': array([[[ 0.00000000e+00,  4.17478162e-01, -3.93815392e-01, ...,
         -9.11311481e-01, -9.85928752e-01, -8.00700727e-01],
        [-4.17478162e-01,  0.00000000e+00, -7.41596476e-01, ...,
         -9.99979964e-01, -9.65688781e-01, -9.77682677e-01],
        [ 3.93815392e-01,  7.41596476e-01,  0.00000000e+00, ...,
         -6.75527265e-01, -8.40422839e-01, -5.00074900e-01],
        ...,
        [ 9.11311481e-01,  9.99979964e-01,  6.75527265e-01, ...,
          0.00000000e+00, -2.53583862e-01,  2.16271827e-01],
        [ 9.85928752e-01,  9.65688781e-01,  8.40422839e-01, ...,
          2.53583862e-01,  0.00000000e+00,  4.56784978e-01],
        [ 8.00700727e-01,  9.77682677e-01,  5.00074900e-01, ...,
         -2.16271827e-01, -4.56784978e-01,  0.00000000e+00]],

       [[ 0.00000000e+00, -7.83980123e-01,  6.88234771e-01, ...,
         -9.88550977e-01, -5.05225638e-01,  5.64652986e-01],
        [ 7.83980123e-01,  0.00000000e+00,  9.96014665e-01, ...,
         -4.95385919e-01,  3.62927912e-01,  9.97569706e-01],
        [-6.88234771e-01, -9.96014665e-01,  0.00000000e+00, ...,
         -8.21027774e-01, -9.60473016e-01, -1.58370729e-01],
        ...,
        [ 9.88550977e-01,  4.95385919e-01,  8.21027774e-01, ...,
          0.00000000e+00,  7.76874810e-01,  9.01078163e-01],
        [ 5.05225638e-01, -3.62927912e-01,  9.60473016e-01, ...,
         -7.76874810e-01,  0.00000000e+00,  9.04265427e-01],
        [-5.64652986e-01, -9.97569706e-01,  1.58370729e-01, ...,
         -9.01078163e-01, -9.04265427e-01,  0.00000000e+00]],

       [[ 0.00000000e+00, -3.80779534e-01, -6.90884905e-01, ...,
         -8.31659767e-01, -8.21737398e-01, -8.82543447e-01],
        [ 3.80779534e-01,  0.00000000e+00, -3.63547496e-01, ...,
         -9.80448760e-01, -9.76825956e-01, -9.95112081e-01],
        [ 6.90884905e-01,  3.63547496e-01,  0.00000000e+00, ...,
         -9.84899104e-01, -9.87799237e-01, -9.62923219e-01],
        ...,
        [ 8.31659767e-01,  9.80448760e-01,  9.84899104e-01, ...,
          0.00000000e+00, -1.76360144e-02,  9.89915254e-02],
        [ 8.21737398e-01,  9.76825956e-01,  9.87799237e-01, ...,
          1.76360144e-02,  0.00000000e+00,  1.16525521e-01],
        [ 8.82543447e-01,  9.95112081e-01,  9.62923219e-01, ...,
         -9.89915254e-02, -1.16525521e-01,  0.00000000e+00]],

       ...,

       [[ 0.00000000e+00,  3.28302273e-01,  1.75590909e-01, ...,
          9.81919380e-01,  9.30336196e-01,  9.98133384e-01],
        [-3.28302273e-01,  0.00000000e+00, -1.57343131e-01, ...,
          9.89641739e-01,  7.58379206e-01,  9.62859526e-01],
        [-1.75590909e-01,  1.57343131e-01,  0.00000000e+00, ...,
          9.99902801e-01,  8.51491224e-01,  9.93349234e-01],
        ...,
        [-9.81919380e-01, -9.89641739e-01, -9.99902801e-01, ...,
          0.00000000e+00, -5.36189680e-01, -1.28978787e-01],
        [-9.30336196e-01, -7.58379206e-01, -8.51491224e-01, ...,
          5.36189680e-01,  0.00000000e+00,  4.22840403e-01],
        [-9.98133384e-01, -9.62859526e-01, -9.93349234e-01, ...,
          1.28978787e-01, -4.22840403e-01,  0.00000000e+00]],

       [[ 0.00000000e+00, -2.02754731e-01, -2.49555942e-01, ...,
         -3.05651172e-01, -3.05635699e-01, -4.24462925e-01],
        [ 2.02754731e-01,  0.00000000e+00, -4.80329052e-02, ...,
         -4.92354272e-01, -4.92340128e-01, -5.99229962e-01],
        [ 2.49555942e-01,  4.80329052e-02,  0.00000000e+00, ...,
         -5.33593570e-01, -5.33579826e-01, -6.36992340e-01],
        ...,
        [ 3.05651172e-01,  4.92354272e-01,  5.33593570e-01, ...,
          0.00000000e+00, -1.62502703e-05,  1.27399218e-01],
        [ 3.05635699e-01,  4.92340128e-01,  5.33579826e-01, ...,
          1.62502703e-05,  0.00000000e+00,  1.27415336e-01],
        [ 4.24462925e-01,  5.99229962e-01,  6.36992340e-01, ...,
         -1.27399218e-01, -1.27415336e-01,  0.00000000e+00]],

       [[ 0.00000000e+00, -3.49183537e-01, -6.05194963e-01, ...,
         -9.55334325e-01, -9.54700135e-01, -9.43698893e-01],
        [ 3.49183537e-01,  0.00000000e+00, -2.89123489e-01, ...,
         -9.98393420e-01, -9.98512313e-01, -9.99809052e-01],
        [ 6.05194963e-01,  2.89123489e-01,  0.00000000e+00, ...,
         -9.39371538e-01, -9.40102708e-01, -9.51459193e-01],
        ...,
        [ 9.55334325e-01,  9.98393420e-01,  9.39371538e-01, ...,
          0.00000000e+00, -2.13857089e-03, -3.71413286e-02],
        [ 9.54700135e-01,  9.98512313e-01,  9.40102708e-01, ...,
          2.13857089e-03,  0.00000000e+00, -3.50041483e-02],
        [ 9.43698893e-01,  9.99809052e-01,  9.51459193e-01, ...,
          3.71413286e-02,  3.50041483e-02,  0.00000000e+00]]]), 'num': array([9.98574968e-01, 9.66862907e-04, 1.22106260e-05, 7.50645705e-04,
       7.50645705e-04, 7.05625338e-04, 5.33211851e-02, 5.23706306e-05,
       6.95151212e-04, 6.70849402e-04, 6.96253752e-04, 6.91084599e-07,
       7.15082005e-04, 6.26616799e-04])}
{'img': array([[[ 0.        , -0.74159648, -0.64160382, ..., -0.96568878,
         -0.97768268, -0.65163148],
        [ 0.74159648,  0.        ,  0.13841384, ..., -0.84042284,
         -0.5000749 ,  0.12538289],
        [ 0.64160382, -0.13841384,  0.        , ..., -0.90734411,
         -0.61512533, -0.01314552],
        ...,
        [ 0.96568878,  0.84042284,  0.90734411, ...,  0.        ,
          0.45678498,  0.90173948],
        [ 0.97768268,  0.5000749 ,  0.61512533, ..., -0.45678498,
          0.        ,  0.60470786],
        [ 0.65163148, -0.12538289,  0.01314552, ..., -0.90173948,
         -0.60470786,  0.        ]],

       [[ 0.        ,  0.65915775,  0.08895658, ...,  0.21700821,
          0.63563626,  0.67582667],
        [-0.65915775,  0.        , -0.58964876, ..., -0.48025868,
         -0.03086088,  0.99406403],
        [-0.08895658,  0.58964876,  0.        , ...,  0.12931116,
          0.56444281,  0.73871374],
        ...,
        [-0.21700821,  0.48025868, -0.12931116, ...,  0.        ,
          0.45296102,  0.81966977],
        [-0.63563626,  0.03086088, -0.56444281, ..., -0.45296102,
          0.        ,  0.99023299],
        [-0.67582667, -0.99406403, -0.73871374, ..., -0.81966977,
         -0.99023299,  0.        ]],

       [[ 0.        , -0.61258587, -0.68634859, ..., -0.83316114,
         -0.89328287, -0.97669181],
        [ 0.61258587,  0.        , -0.0969757 , ..., -0.99731248,
         -0.98140865, -0.90347055],
        [ 0.68634859,  0.0969757 ,  0.        , ..., -0.98550694,
         -0.95817049, -0.85764361],
        ...,
        [ 0.83316114,  0.99731248,  0.98550694, ...,  0.        ,
          0.11951077,  0.36130508],
        [ 0.89328287,  0.98140865,  0.95817049, ..., -0.11951077,
          0.        ,  0.24727803],
        [ 0.97669181,  0.90347055,  0.85764361, ..., -0.36130508,
         -0.24727803,  0.        ]],

       ...,

       [[ 0.        , -0.14748119,  0.06291462, ...,  0.70577625,
          0.91066744,  0.82115045],
        [ 0.14748119,  0.        ,  0.20941566, ...,  0.8025393 ,
          0.96163957,  0.72800181],
        [-0.06291462, -0.20941566,  0.        , ...,  0.65980713,
          0.88287077,  0.8554298 ],
        ...,
        [-0.70577625, -0.8025393 , -0.65980713, ...,  0.        ,
          0.35356399,  0.98452639],
        [-0.91066744, -0.96163957, -0.88287077, ..., -0.35356399,
          0.        ,  0.85897888],
        [-0.82115045, -0.72800181, -0.8554298 , ..., -0.98452639,
         -0.85897888,  0.        ]],

       [[ 0.        , -0.14780337, -0.34598615, ..., -0.3071957 ,
         -0.4265732 , -0.71832909],
        [ 0.14780337,  0.        , -0.20351112, ..., -0.44447824,
         -0.55556925, -0.81326683],
        [ 0.34598615,  0.20351112,  0.        , ..., -0.61747963,
         -0.7131561 , -0.91466857],
        ...,
        [ 0.3071957 ,  0.44447824,  0.61747963, ...,  0.        ,
          0.12810275,  0.46987815],
        [ 0.4265732 ,  0.55556925,  0.7131561 , ..., -0.12810275,
          0.        ,  0.35292647],
        [ 0.71832909,  0.81326683,  0.91466857, ..., -0.46987815,
         -0.35292647,  0.        ]],

       [[ 0.        , -0.5195471 , -0.63976006, ..., -0.96151749,
         -0.95104259, -0.87407531],
        [ 0.5195471 ,  0.        , -0.14732699, ..., -0.96430305,
         -0.9731817 , -0.99923751],
        [ 0.63976006,  0.14732699,  0.        , ..., -0.91476807,
         -0.92867142, -0.98258149],
        ...,
        [ 0.96151749,  0.96430305,  0.91476807, ...,  0.        ,
         -0.03587347, -0.22694931],
        [ 0.95104259,  0.9731817 ,  0.92867142, ...,  0.03587347,
          0.        , -0.19186582],
        [ 0.87407531,  0.99923751,  0.98258149, ...,  0.22694931,
          0.19186582,  0.        ]]]), 'num': array([ 9.99727267e-01,  9.73933229e-04,  1.22999179e-05,  7.51507399e-04,
        7.69091932e-04,  7.46879891e-04,  2.32451512e-02, -4.62750862e-06,
        7.12081026e-04,  6.80104941e-04,  7.00697355e-04,  6.49631017e-07,
        7.35168094e-04,  6.25041789e-04])}
{'img': array([[[ 0.        ,  0.13841384,  0.20511575, ..., -0.5000749 ,
          0.12538289,  0.06162499],
        [-0.13841384,  0.        ,  0.06767056, ..., -0.61512533,
         -0.01314552, -0.07711895],
        [-0.20511575, -0.06767056,  0.        , ..., -0.66706875,
         -0.0807801 , -0.1444112 ],
        ...,
        [ 0.5000749 ,  0.61512533,  0.66706875, ...,  0.        ,
          0.60470786,  0.55249059],
        [-0.12538289,  0.01314552,  0.0807801 , ..., -0.60470786,
          0.        , -0.06400591],
        [-0.06162499,  0.07711895,  0.1444112 , ..., -0.55249059,
          0.06400591,  0.        ]],

       [[ 0.        , -0.58964876, -0.55976403, ..., -0.03086088,
          0.99406403, -0.1831799 ],
        [ 0.58964876,  0.        ,  0.03651475, ...,  0.56444281,
          0.73871374,  0.43172452],
        [ 0.55976403, -0.03651475,  0.        , ...,  0.53392448,
          0.76283275,  0.3985001 ],
        ...,
        [ 0.03086088, -0.56444281, -0.53392448, ...,  0.        ,
          0.99023299, -0.15275395],
        [-0.99406403, -0.73871374, -0.76283275, ..., -0.99023299,
          0.        , -0.95731452],
        [ 0.1831799 , -0.43172452, -0.3985001 , ...,  0.15275395,
          0.95731452,  0.        ]],

       [[ 0.        , -0.16584357, -0.25740386, ..., -0.99728959,
         -0.98155293, -0.932953  ],
        [ 0.16584357,  0.        , -0.09358407, ..., -0.99568135,
         -0.93625272, -0.86033015],
        [ 0.25740386,  0.09358407,  0.        , ..., -0.98262365,
         -0.89926523, -0.8088512 ],
        ...,
        [ 0.99728959,  0.99568135,  0.98262365, ...,  0.        ,
          0.2628914 ,  0.42766566],
        [ 0.98155293,  0.93625272,  0.89926523, ..., -0.2628914 ,
          0.        ,  0.17498544],
        [ 0.932953  ,  0.86033015,  0.8088512 , ..., -0.42766566,
         -0.17498544,  0.        ]],

       ...,

       [[ 0.        ,  0.20941566,  0.37027141, ...,  0.96163957,
          0.72800181,  0.98424409],
        [-0.20941566,  0.        ,  0.16753013, ...,  0.88287077,
          0.8554298 ,  0.99944801],
        [-0.37027141, -0.16753013,  0.        , ...,  0.79171829,
          0.93010697,  0.97975714],
        ...,
