state_0,state_1,state_2,state_3,state_4,state_5,state_6,state_7,state_8,state_9,state_10,state_11,state_12,state_13,state_14,state_15,state_16,state_17,state_18,state_19,state_20,state_21,state_22,state_23,state_24,state_25,state_26,state_27,state_28,state_29,state_30,state_31,state_32,state_33,state_34,state_35,state_36,state_37,state_38,state_39,state_40,state_41,state_42,state_43,state_44,state_45,state_46,state_47,state_48,state_49,state_50,state_51,state_52,state_53,state_54,state_55,state_56,state_57,state_58,state_59,state_60,state_61,state_62,state_63,state_64,state_65,state_66,state_67,state_68,state_69,state_70,state_71,state_72,state_73,state_74,state_75,state_76,state_77,state_78,state_79,state_80,state_81,state_82,state_83,state_84,state_85,state_86,state_87,state_88,state_89,state_90,state_91,state_92,state_93,state_94,state_95,state_96,state_97,state_98,state_99,state_100,state_101,state_102,state_103,state_104,state_105,state_106,state_107,state_108,state_109,state_110,state_111,state_112,state_113,state_114,state_115,state_116,state_117,state_118,state_119,state_120,state_121,state_122,state_123,state_124,state_125,state_126,state_127,state_128,state_129,state_130,state_131,state_132,state_133,state_134,state_135,state_136,state_137,state_138,state_139,state_140,state_141,state_142,state_143,state_144,state_145,state_146,state_147,state_148,state_149,state_150,state_151,state_152,state_153,state_154,state_155,state_156,state_157,state_158,state_159,state_160,state_161,state_162,state_163,state_164,state_165,state_166,state_167,state_168,state_169,state_170,state_171,state_172,state_173,state_174,state_175,state_176,state_177,state_178,state_179,state_180,state_181,state_182,state_183,state_184,state_185,state_186,state_187,state_188,state_189,state_190,state_191,state_192,state_193,state_194,state_195,state_196,state_197,state_198,state_199,state_200,state_201,state_202,state_203,state_204,state_205,state_206,state_207,state_208,state_209,state_210,state_211,state_212,state_213,state_214,state_215,state_216,state_217,state_218,state_219,state_220,state_221,state_222,state_223,state_224,state_225,state_226,state_227,state_228,state_229,state_230,state_231,state_232,state_233,state_234,state_235,state_236,state_237,state_238,state_239,state_240,state_241,state_242,state_243,state_244,state_245,state_246,state_247,state_248,state_249,state_250,state_251,state_252,state_253,state_254,state_255,state_256,state_257,state_258,state_259,state_260,state_261,state_262,state_263,state_264,state_265,state_266,state_267,state_268,state_269,state_270,state_271,state_272,state_273,state_274,state_275,state_276,state_277,state_278,state_279,state_280,state_281,state_282,state_283,state_284,state_285,state_286,state_287
{'img': array([[[ 0.        ,  0.1569471 ,  0.14402296, ..., -0.54332837,
         -0.49910286, -0.55820423],
        [-0.1569471 ,  0.        , -0.01307273, ..., -0.66835518,
         -0.62891885, -0.68150598],
        [-0.14402296,  0.01307273,  0.        , ..., -0.65857401,
         -0.61870144, -0.67188095],
        ...,
        [ 0.54332837,  0.66835518,  0.65857401, ...,  0.        ,
          0.05181029, -0.01782227],
        [ 0.49910286,  0.62891885,  0.61870144, ..., -0.05181029,
          0.        , -0.06960039],
        [ 0.55820423,  0.68150598,  0.67188095, ...,  0.01782227,
          0.06960039,  0.        ]],

       [[ 0.        ,  0.94681573, -0.44639029, ..., -0.76559814,
         -0.64427435, -0.84778822],
        [-0.94681573,  0.        , -0.99088485, ..., -0.85545598,
         -0.93143162, -0.77492758],
        [ 0.44639029,  0.99088485,  0.        , ..., -0.39791517,
         -0.23512459, -0.52189706],
        ...,
        [ 0.76559814,  0.85545598,  0.39791517, ...,  0.        ,
          0.1710512 , -0.13937494],
        [ 0.64427435,  0.93143162,  0.23512459, ..., -0.1710512 ,
          0.        , -0.30670254],
        [ 0.84778822,  0.77492758,  0.52189706, ...,  0.13937494,
          0.30670254,  0.        ]],

       [[ 0.        ,  0.11845052,  0.2058558 , ..., -0.3810737 ,
         -0.35545155, -0.37005445],
        [-0.11845052,  0.        ,  0.08849298, ..., -0.48790372,
         -0.46366423, -0.47749098],
        [-0.2058558 , -0.08849298,  0.        , ..., -0.56323487,
         -0.54025094, -0.55337086],
        ...,
        [ 0.3810737 ,  0.48790372,  0.56323487, ...,  0.        ,
          0.02755673,  0.01188943],
        [ 0.35545155,  0.46366423,  0.54025094, ..., -0.02755673,
          0.        , -0.01566987],
        [ 0.37005445,  0.47749098,  0.55337086, ..., -0.01188943,
          0.01566987,  0.        ]],

       ...,

       [[ 0.        ,  0.73387126,  0.6946437 , ..., -0.14958559,
         -0.34894809, -0.44531756],
        [-0.73387126,  0.        , -0.05604967, ..., -0.82722609,
         -0.92477807, -0.95958742],
        [-0.6946437 ,  0.05604967,  0.        , ..., -0.7944331 ,
         -0.90199702, -0.94230596],
        ...,
        [ 0.14958559,  0.82722609,  0.7944331 , ...,  0.        ,
         -0.20483905, -0.30637234],
        [ 0.34894809,  0.92477807,  0.90199702, ...,  0.20483905,
          0.        , -0.10488722],
        [ 0.44531756,  0.95958742,  0.94230596, ...,  0.30637234,
          0.10488722,  0.        ]],

       [[ 0.        ,  0.13609793,  0.23910023, ..., -0.49421354,
         -0.47882667, -0.48080874],
        [-0.13609793,  0.        ,  0.1047251 , ..., -0.60793052,
         -0.59385303, -0.59566914],
        [-0.23910023, -0.1047251 ,  0.        , ..., -0.68773834,
         -0.6748466 , -0.67651201],
        ...,
        [ 0.49421354,  0.60793052,  0.68773834, ...,  0.        ,
          0.01761131,  0.0153525 ],
        [ 0.47882667,  0.59385303,  0.6748466 , ..., -0.01761131,
          0.        , -0.00225911],
        [ 0.48080874,  0.59566914,  0.67651201, ..., -0.0153525 ,
          0.00225911,  0.        ]],

       [[ 0.        , -0.06421137, -0.10484933, ...,  0.29684841,
          0.31091616,  0.30925748],
        [ 0.06421137,  0.        , -0.04077551, ...,  0.35755283,
          0.37130341,  0.3696829 ],
        [ 0.10484933,  0.04077551,  0.        , ...,  0.39533542,
          0.40885514,  0.40726233],
        ...,
        [-0.29684841, -0.35755283, -0.39533542, ...,  0.        ,
          0.01476568,  0.01302118],
        [-0.31091616, -0.37130341, -0.40885514, ..., -0.01476568,
          0.        , -0.00174467],
        [-0.30925748, -0.3696829 , -0.40726233, ..., -0.01302118,
          0.00174467,  0.        ]]]), 'num': array([7.07104659e-01, 7.07104659e-01, 0.00000000e+00, 8.35761237e-04,
       8.39813413e-04, 8.19552534e-04, 7.03204440e-04, 1.41826149e-05,
       8.28264712e-04, 8.21882535e-04, 8.47934648e-04, 5.34150433e-07,
       8.49005639e-04, 7.94759431e-04])}
{'img': array([[[ 0.        , -0.01307273, -0.3533704 , ..., -0.62891885,
         -0.68150598, -0.49760931],
        [ 0.01307273,  0.        , -0.34111088, ..., -0.61870144,
         -0.67188095, -0.48622749],
        [ 0.3533704 ,  0.34111088,  0.        , ..., -0.31360798,
         -0.3789367 , -0.15899136],
        ...,
        [ 0.62891885,  0.61870144,  0.31360798, ...,  0.        ,
         -0.06960039,  0.15864823],
        [ 0.68150598,  0.67188095,  0.3789367 , ...,  0.06960039,
          0.        ,  0.22698242],
        [ 0.49760931,  0.48622749,  0.15899136, ..., -0.15864823,
         -0.22698242,  0.        ]],

       [[ 0.        , -0.99088485, -0.95295874, ..., -0.93143162,
         -0.77492758, -0.98807734],
        [ 0.99088485,  0.        , -0.17196265, ..., -0.23512459,
         -0.52189706, -0.01944949],
        [ 0.95295874,  0.17196265,  0.        , ..., -0.06448033,
         -0.36743701,  0.15277036],
        ...,
        [ 0.93143162,  0.23512459,  0.06448033, ...,  0.        ,
         -0.30670254,  0.21617588],
        [ 0.77492758,  0.52189706,  0.36743701, ...,  0.30670254,
          0.        ,  0.50520776],
        [ 0.98807734,  0.01944949, -0.15277036, ..., -0.21617588,
         -0.50520776,  0.        ]],

       [[ 0.        ,  0.08849298,  0.06119984, ..., -0.46366423,
         -0.47749098, -0.48095776],
        [-0.08849298,  0.        , -0.02736736, ..., -0.54025094,
         -0.55337086, -0.55665653],
        [-0.06119984,  0.02736736,  0.        , ..., -0.51701884,
         -0.53036836, -0.53371279],
        ...,
        [ 0.46366423,  0.54025094,  0.51701884, ...,  0.        ,
         -0.01566987, -0.01961913],
        [ 0.47749098,  0.55337086,  0.53036836, ...,  0.01566987,
          0.        , -0.00394988],
        [ 0.48095776,  0.55665653,  0.53371279, ...,  0.01961913,
          0.00394988,  0.        ]],

       ...,

       [[ 0.        , -0.05604967, -0.6093597 , ..., -0.92477807,
         -0.95958742, -0.73328007],
        [ 0.05604967,  0.        , -0.56396033, ..., -0.90199702,
         -0.94230596, -0.69401768],
        [ 0.6093597 ,  0.56396033,  0.        , ..., -0.50138532,
         -0.58937069, -0.16709337],
        ...,
        [ 0.92477807,  0.90199702,  0.50138532, ...,  0.        ,
         -0.10488722,  0.34976317],
        [ 0.95958742,  0.94230596,  0.58937069, ...,  0.10488722,
          0.        ,  0.44609627],
        [ 0.73328007,  0.69401768,  0.16709337, ..., -0.34976317,
         -0.44609627,  0.        ]],

       [[ 0.        ,  0.1047251 ,  0.1257971 , ..., -0.59385303,
         -0.59566914, -0.54833029],
        [-0.1047251 ,  0.        ,  0.02121221, ..., -0.6748466 ,
         -0.67651201, -0.63289274],
        [-0.1257971 , -0.02121221,  0.        , ..., -0.69034848,
         -0.69198113, -0.64917367],
        ...,
        [ 0.59385303,  0.6748466 ,  0.69034848, ...,  0.        ,
         -0.00225911,  0.0554446 ],
        [ 0.59566914,  0.67651201,  0.69198113, ...,  0.00225911,
          0.        ,  0.05770009],
        [ 0.54833029,  0.63289274,  0.64917367, ..., -0.0554446 ,
         -0.05770009,  0.        ]],

       [[ 0.        , -0.04077551,  0.03564582, ...,  0.37130341,
          0.3696829 ,  0.37452324],
        [ 0.04077551,  0.        ,  0.07636578, ...,  0.40885514,
          0.40726233,  0.41201952],
        [-0.03564582, -0.07636578,  0.        , ...,  0.33796988,
          0.33632736,  0.34123379],
        ...,
        [-0.37130341, -0.40885514, -0.33796988, ...,  0.        ,
         -0.00174467,  0.00347013],
        [-0.3696829 , -0.40726233, -0.33632736, ...,  0.00174467,
          0.        ,  0.00521479],
        [-0.37452324, -0.41201952, -0.34123379, ..., -0.00347013,
         -0.00521479,  0.        ]]]), 'num': array([7.46290340e-01, 6.65614856e-01, 9.60422434e-07, 8.96394272e-04,
       9.00662816e-04, 8.86790047e-04, 1.16752152e-03, 1.60070406e-05,
       8.75691833e-04, 8.68115167e-04, 8.92801581e-04, 7.14687438e-07,
       8.98587460e-04, 8.37642874e-04])}
{'img': array([[[ 0.        , -0.34111088, -0.35428107, ..., -0.67188095,
         -0.48622749, -0.28847071],
        [ 0.34111088,  0.        , -0.0140463 , ..., -0.3789367 ,
         -0.15899136,  0.05544069],
        [ 0.35428107,  0.0140463 ,  0.        , ..., -0.36590055,
         -0.14510805,  0.06945992],
        ...,
        [ 0.67188095,  0.3789367 ,  0.36590055, ...,  0.        ,
          0.22698242,  0.42965996],
        [ 0.48622749,  0.15899136,  0.14510805, ..., -0.22698242,
          0.        ,  0.21348232],
        [ 0.28847071, -0.05544069, -0.06945992, ..., -0.42965996,
         -0.21348232,  0.        ]],

       [[ 0.        , -0.17196265, -0.55006999, ..., -0.52189706,
         -0.01944949,  0.35769842],
        [ 0.17196265,  0.        , -0.39826665, ..., -0.36743701,
          0.15277036,  0.51295507],
        [ 0.55006999,  0.39826665,  0.        , ...,  0.03336843,
          0.5337233 ,  0.81239638],
        ...,
        [ 0.52189706,  0.36743701, -0.03336843, ...,  0.        ,
          0.50520776,  0.79248665],
        [ 0.01944949, -0.15277036, -0.5337233 , ..., -0.50520776,
          0.        ,  0.37579342],
        [-0.35769842, -0.51295507, -0.81239638, ..., -0.79248665,
         -0.37579342,  0.        ]],

       [[ 0.        , -0.02736736, -0.05482064, ..., -0.55337086,
         -0.55665653, -0.50760317],
        [ 0.02736736,  0.        , -0.0274739 , ..., -0.53036836,
         -0.53371279, -0.48383358],
        [ 0.05482064,  0.0274739 ,  0.        , ..., -0.50687668,
         -0.51027759, -0.45960688],
        ...,
        [ 0.55337086,  0.53036836,  0.50687668, ...,  0.        ,
         -0.00394988,  0.0539789 ],
        [ 0.55665653,  0.53371279,  0.51027759, ...,  0.00394988,
          0.        ,  0.05792259],
        [ 0.50760317,  0.48383358,  0.45960688, ..., -0.0539789 ,
         -0.05792259,  0.        ]],

       ...,

       [[ 0.        , -0.56396033, -0.61069181, ..., -0.94230596,
         -0.69401768, -0.18179559],
        [ 0.56396033,  0.        , -0.05772809, ..., -0.58937069,
         -0.16709337,  0.40443555],
        [ 0.61069181,  0.05772809,  0.        , ..., -0.54175145,
         -0.10989821,  0.45655727],
        ...,
        [ 0.94230596,  0.58937069,  0.54175145, ...,  0.        ,
          0.44609627,  0.8657471 ],
        [ 0.69401768,  0.16709337,  0.10989821, ..., -0.44609627,
          0.        ,  0.55156762],
        [ 0.18179559, -0.40443555, -0.45655727, ..., -0.8657471 ,
         -0.55156762,  0.        ]],

       [[ 0.        ,  0.02121221,  0.03941534, ..., -0.67651201,
         -0.63289274, -0.53345819],
        [-0.02121221,  0.        ,  0.01821075, ..., -0.69198113,
         -0.64917367, -0.55128   ],
        [-0.03941534, -0.01821075,  0.        , ..., -0.705013  ,
         -0.66291784, -0.56638218],
        ...,
        [ 0.67651201,  0.69198113,  0.705013  , ...,  0.        ,
          0.05770009,  0.17935627],
        [ 0.63289274,  0.64917367,  0.66291784, ..., -0.05770009,
          0.        ,  0.12229302],
        [ 0.53345819,  0.55128   ,  0.56638218, ..., -0.17935627,
         -0.12229302,  0.        ]],

       [[ 0.        ,  0.07636578,  0.11755546, ...,  0.40726233,
          0.41201952,  0.42779113],
        [-0.07636578,  0.        ,  0.0413759 , ...,  0.33632736,
          0.34123379,  0.35751661],
        [-0.11755546, -0.0413759 ,  0.        , ...,  0.29707379,
          0.30204912,  0.31856922],
        ...,
        [-0.40726233, -0.33632736, -0.29707379, ...,  0.        ,
          0.00521479,  0.02259113],
        [-0.41201952, -0.34123379, -0.30204912, ..., -0.00521479,
          0.        ,  0.01737736],
        [-0.42779113, -0.35751661, -0.31856922, ..., -0.02259113,
         -0.01737736,  0.        ]]]), 'num': array([7.40113838e-01, 6.72476755e-01, 8.04245932e-07, 8.89961617e-04,
       8.98427364e-04, 8.89961617e-04, 5.90009631e-04, 1.05821833e-06,
       8.74511630e-04, 8.62500851e-04, 8.84970354e-04, 7.67727025e-07,
       8.95196031e-04, 8.29805672e-04])}
{'img': array([[[ 0.00000000e+00, -1.40462997e-02, -1.58991361e-01, ...,
         -1.58991361e-01,  5.54406937e-02,  6.91201433e-02],
        [ 1.40462997e-02,  0.00000000e+00, -1.45108045e-01, ...,
         -1.45108045e-01,  6.94599205e-02,  8.31260300e-02],
        [ 1.58991361e-01,  1.45108045e-01,  0.00000000e+00, ...,
          0.00000000e+00,  2.13482316e-01,  2.26852041e-01],
        ...,
        [ 1.58991361e-01,  1.45108045e-01,  0.00000000e+00, ...,
          0.00000000e+00,  2.13482316e-01,  2.26852041e-01],
        [-5.54406937e-02, -6.94599205e-02, -2.13482316e-01, ...,
         -2.13482316e-01,  0.00000000e+00,  1.37057367e-02],
        [-6.91201433e-02, -8.31260300e-02, -2.26852041e-01, ...,
         -2.26852041e-01, -1.37057367e-02,  0.00000000e+00]],

       [[ 0.00000000e+00, -3.98266651e-01, -5.68681740e-01, ...,
          1.52770359e-01,  5.12955067e-01, -1.76552745e-02],
        [ 3.98266651e-01,  0.00000000e+00, -1.94037242e-01, ...,
          5.33723302e-01,  8.12396382e-01,  3.82009926e-01],
        [ 5.68681740e-01,  1.94037242e-01,  0.00000000e+00, ...,
          6.87668818e-01,  9.10100308e-01,  5.54070620e-01],
        ...,
        [-1.52770359e-01, -5.33723302e-01, -6.87668818e-01, ...,
          0.00000000e+00,  3.75793416e-01, -1.70194579e-01],
        [-5.12955067e-01, -8.12396382e-01, -9.10100308e-01, ...,
         -3.75793416e-01,  0.00000000e+00, -5.28030675e-01],
        [ 1.76552745e-02, -3.82009926e-01, -5.54070620e-01, ...,
          1.70194579e-01,  5.28030675e-01,  0.00000000e+00]],

       [[ 0.00000000e+00, -2.74739031e-02, -1.07455279e-01, ...,
         -5.33712795e-01, -4.83833576e-01, -3.88947819e-01],
        [ 2.74739031e-02,  0.00000000e+00, -8.00998899e-02, ...,
         -5.10277589e-01, -4.59606877e-01, -3.63490397e-01],
        [ 1.07455279e-01,  8.00998899e-02,  0.00000000e+00, ...,
         -4.39751300e-01, -3.86991575e-01, -2.87701552e-01],
        ...,
        [ 5.33712795e-01,  5.10277589e-01,  4.39751300e-01, ...,
          0.00000000e+00,  5.79225935e-02,  1.62768265e-01],
        [ 4.83833576e-01,  4.59606877e-01,  3.86991575e-01, ...,
         -5.79225935e-02,  0.00000000e+00,  1.05344833e-01],
        [ 3.88947819e-01,  3.63490397e-01,  2.87701552e-01, ...,
         -1.62768265e-01, -1.05344833e-01,  0.00000000e+00]],

       ...,

       [[ 0.00000000e+00, -5.77280949e-02, -2.92871977e-02, ...,
         -1.67093368e-01,  4.04435550e-01,  7.20037261e-01],
        [ 5.77280949e-02,  0.00000000e+00,  2.84649750e-02, ...,
         -1.09898214e-01,  4.56557272e-01,  7.58896055e-01],
        [ 2.92871977e-02, -2.84649750e-02,  0.00000000e+00, ...,
         -1.38146240e-01,  4.31047153e-01,  7.40051816e-01],
        ...,
        [ 1.67093368e-01,  1.09898214e-01,  1.38146240e-01, ...,
          0.00000000e+00,  5.51567619e-01,  8.25866316e-01],
        [-4.04435550e-01, -4.56557272e-01, -4.31047153e-01, ...,
         -5.51567619e-01,  0.00000000e+00,  3.77869813e-01],
        [-7.20037261e-01, -7.58896055e-01, -7.40051816e-01, ...,
         -8.25866316e-01, -3.77869813e-01,  0.00000000e+00]],

       [[ 0.00000000e+00,  1.82107496e-02,  7.25675292e-04, ...,
         -6.49173667e-01, -5.51280003e-01, -4.64475155e-01],
        [-1.82107496e-02,  0.00000000e+00, -1.74851898e-02, ...,
         -6.62917843e-01, -5.66382182e-01, -4.80525319e-01],
        [-7.25675292e-04,  1.74851898e-02,  0.00000000e+00, ...,
         -6.49725474e-01, -5.51885303e-01, -4.65117681e-01],
        ...,
        [ 6.49173667e-01,  6.62917843e-01,  6.49725474e-01, ...,
          0.00000000e+00,  1.22293022e-01,  2.21600723e-01],
        [ 5.51280003e-01,  5.66382182e-01,  5.51885303e-01, ...,
         -1.22293022e-01,  0.00000000e+00,  1.00684886e-01],
        [ 4.64475155e-01,  4.80525319e-01,  4.65117681e-01, ...,
         -2.21600723e-01, -1.00684886e-01,  0.00000000e+00]],

       [[ 0.00000000e+00,  4.13759005e-02,  3.12168243e-02, ...,
          3.41233788e-01,  3.57516610e-01,  3.26699943e-01],
        [-4.13759005e-02,  0.00000000e+00, -1.01656436e-02, ...,
          3.02049117e-01,  3.18569217e-01,  2.87314647e-01],
        [-3.12168243e-02,  1.01656436e-02,  0.00000000e+00, ...,
          3.11724340e-01,  3.28188766e-01,  2.97036823e-01],
        ...,
        [-3.41233788e-01, -3.02049117e-01, -3.11724340e-01, ...,
          0.00000000e+00,  1.73773643e-02, -1.54187369e-02],
        [-3.57516610e-01, -3.18569217e-01, -3.28188766e-01, ...,
         -1.73773643e-02,  0.00000000e+00, -3.27917073e-02],
        [-3.26699943e-01, -2.87314647e-01, -2.97036823e-01, ...,
          1.54187369e-02,  3.27917073e-02,  0.00000000e+00]]]), 'num': array([8.84048554e-01, 4.67384951e-01, 4.88468468e-06, 1.07111466e-03,
       1.07613747e-03, 1.04725630e-03, 8.35632677e-04, 1.50684360e-05,
       1.04725630e-03, 1.02578378e-03, 1.05047928e-03, 1.01877791e-06,
       1.06980079e-03, 9.81766780e-04])}
{'img': array([[[ 0.        , -0.14510805, -0.52448121, ...,  0.06945992,
          0.08312603,  0.24164886],
        [ 0.14510805,  0.        , -0.39538182, ...,  0.21348232,
          0.22685204,  0.37989879],
        [ 0.52448121,  0.39538182,  0.        , ...,  0.58235416,
          0.59344134,  0.71468272],
        ...,
        [-0.06945992, -0.21348232, -0.58235416, ...,  0.        ,
          0.01370574,  0.17366383],
        [-0.08312603, -0.22685204, -0.59344134, ..., -0.01370574,
          0.        ,  0.16015004],
        [-0.24164886, -0.37989879, -0.71468272, ..., -0.17366383,
         -0.16015004,  0.        ]],

       [[ 0.        , -0.19403724,  0.40131142, ...,  0.81239638,
          0.38200993,  0.5054593 ],
        [ 0.19403724,  0.        ,  0.57141095, ...,  0.91010031,
          0.55407062,  0.66327775],
        [-0.40131142, -0.57141095,  0.        , ...,  0.51010077,
         -0.02097643,  0.11669951],
        ...,
        [-0.81239638, -0.91010031, -0.51010077, ...,  0.        ,
         -0.52803067, -0.40624044],
        [-0.38200993, -0.55407062,  0.02097643, ...,  0.52803067,
          0.        ,  0.13750694],
        [-0.5054593 , -0.66327775, -0.11669951, ...,  0.40624044,
         -0.13750694,  0.        ]],

       [[ 0.        , -0.08009989, -0.27263378, ..., -0.45960688,
         -0.3634904 , -0.24059107],
        [ 0.08009989,  0.        , -0.19469222, ..., -0.38699158,
         -0.28770155, -0.16207093],
        [ 0.27263378,  0.19469222,  0.        , ..., -0.20006381,
         -0.09573555,  0.03314862],
        ...,
        [ 0.45960688,  0.38699158,  0.20006381, ...,  0.        ,
          0.10534483,  0.23243232],
        [ 0.3634904 ,  0.28770155,  0.09573555, ..., -0.10534483,
          0.        ,  0.12867929],
        [ 0.24059107,  0.16207093, -0.03314862, ..., -0.23243232,
         -0.12867929,  0.        ]],

       ...,

       [[ 0.        ,  0.02409767,  0.03645078, ...,  0.36581419,
          0.56483802,  0.97332567],
        [-0.02409767,  0.        ,  0.01235854, ...,  0.34328055,
          0.54478856,  0.96751434],
        [-0.03645078, -0.01235854,  0.        , ...,  0.33164679,
          0.53438341,  0.96431602],
        ...,
        [-0.36581419, -0.34328055, -0.33164679, ...,  0.        ,
          0.22381739,  0.82193445],
        [-0.56483802, -0.54478856, -0.53438341, ..., -0.22381739,
          0.        ,  0.6736005 ],
        [-0.97332567, -0.96751434, -0.96431602, ..., -0.82193445,
         -0.6736005 ,  0.        ]],

       [[ 0.        , -0.01748519, -0.05093533, ..., -0.56638218,
         -0.48052532, -0.35808215],
        [ 0.01748519,  0.        , -0.03346505, ..., -0.5518853 ,
         -0.46511768, -0.34170166],
        [ 0.05093533,  0.03346505,  0.        , ..., -0.52366901,
         -0.43523226, -0.31005953],
        ...,
        [ 0.56638218,  0.5518853 ,  0.52366901, ...,  0.        ,
          0.10068489,  0.23371463],
        [ 0.48052532,  0.46511768,  0.43523226, ..., -0.10068489,
          0.        ,  0.13463053],
        [ 0.35808215,  0.34170166,  0.31005953, ..., -0.23371463,
         -0.13463053,  0.        ]],

       [[ 0.        , -0.01016564, -0.09739643, ...,  0.31856922,
          0.28731465,  0.19539128],
        [ 0.01016564,  0.        , -0.08727408, ...,  0.32818877,
          0.29703682,  0.20535089],
        [ 0.09739643,  0.08727408,  0.        , ...,  0.40937667,
          0.37923848,  0.28998147],
        ...,
        [-0.31856922, -0.32818877, -0.40937667, ...,  0.        ,
         -0.03279171, -0.12721759],
        [-0.28731465, -0.29703682, -0.37923848, ...,  0.03279171,
          0.        , -0.09462391],
        [-0.19539128, -0.20535089, -0.28998147, ...,  0.12721759,
          0.09462391,  0.        ]]]), 'num': array([8.55466854e-01, 5.17849073e-01, 3.94413295e-06, 1.03882394e-03,
       1.04367826e-03, 1.02911530e-03, 7.29555373e-04, 3.64073810e-06,
       1.02304741e-03, 9.92829281e-04, 1.01566480e-03, 9.88842448e-07,
       1.03956643e-03, 9.46092135e-04])}
{'img': array([[[ 0.00000000e+00, -3.95381822e-01, -2.26982416e-01, ...,
          2.26852041e-01,  3.79898792e-01,  4.16124840e-01],
        [ 3.95381822e-01,  0.00000000e+00,  1.76574729e-01, ...,
          5.93441338e-01,  7.14682723e-01,  7.41741333e-01],
        [ 2.26982416e-01, -1.76574729e-01,  0.00000000e+00, ...,
          4.41995754e-01,  5.79948102e-01,  6.11660317e-01],
        ...,
        [-2.26852041e-01, -5.93441338e-01, -4.41995754e-01, ...,
          0.00000000e+00,  1.60150036e-01,  1.98997886e-01],
        [-3.79898792e-01, -7.14682723e-01, -5.79948102e-01, ...,
         -1.60150036e-01,  0.00000000e+00,  3.94823346e-02],
        [-4.16124840e-01, -7.41741333e-01, -6.11660317e-01, ...,
         -1.98997886e-01, -3.94823346e-02,  0.00000000e+00]],

       [[ 0.00000000e+00,  5.71410953e-01,  4.35891503e-01, ...,
          5.54070620e-01,  6.63277748e-01,  6.02012447e-01],
        [-5.71410953e-01,  0.00000000e+00, -1.56548915e-01, ...,
         -2.09764334e-02,  1.16699507e-01,  3.77859404e-02],
        [-4.35891503e-01,  1.56548915e-01,  0.00000000e+00, ...,
          1.35796671e-01,  2.70739884e-01,  1.93757164e-01],
        ...,
        [-5.54070620e-01,  2.09764334e-02, -1.35796671e-01, ...,
          0.00000000e+00,  1.37506936e-01,  5.87390796e-02],
        [-6.63277748e-01, -1.16699507e-01, -2.70739884e-01, ...,
         -1.37506936e-01,  0.00000000e+00, -7.90884071e-02],
        [-6.02012447e-01, -3.77859404e-02, -1.93757164e-01, ...,
         -5.87390796e-02,  7.90884071e-02,  0.00000000e+00]],

       [[ 0.00000000e+00, -1.94692224e-01, -3.66172163e-01, ...,
         -2.87701552e-01, -1.62070928e-01, -1.87170935e-02],
        [ 1.94692224e-01,  0.00000000e+00, -1.77994944e-01, ...,
         -9.57355471e-02,  3.31486190e-02,  1.76299187e-01],
        [ 3.66172163e-01,  1.77994944e-01,  0.00000000e+00, ...,
          8.29705941e-02,  2.10516406e-01,  3.48690879e-01],
        ...,
        [ 2.87701552e-01,  9.57355471e-02, -8.29705941e-02, ...,
          0.00000000e+00,  1.28679295e-01,  2.69725416e-01],
        [ 1.62070928e-01, -3.31486190e-02, -2.10516406e-01, ...,
         -1.28679295e-01,  0.00000000e+00,  1.43572899e-01],
        [ 1.87170935e-02, -1.76299187e-01, -3.48690879e-01, ...,
         -2.69725416e-01, -1.43572899e-01,  0.00000000e+00]],

       ...,

       [[ 0.00000000e+00,  1.22709383e-02,  4.88583451e-02, ...,
          5.39154549e-01,  9.23286606e-01,  9.69219521e-01],
        [-1.22709383e-02,  0.00000000e+00,  3.65983832e-02, ...,
          5.28779287e-01,  9.18503680e-01,  9.66125466e-01],
        [-4.88583451e-02, -3.65983832e-02,  0.00000000e+00, ...,
          4.97361813e-01,  9.03416877e-01,  9.56033167e-01],
        ...,
        [-5.39154549e-01, -5.28779287e-01, -4.97361813e-01, ...,
          0.00000000e+00,  5.70502699e-01,  6.83544475e-01],
        [-9.23286606e-01, -9.18503680e-01, -9.03416877e-01, ...,
         -5.70502699e-01,  0.00000000e+00,  1.44977178e-01],
        [-9.69219521e-01, -9.66125466e-01, -9.56033167e-01, ...,
         -6.83544475e-01, -1.44977178e-01,  0.00000000e+00]],

       [[ 0.00000000e+00, -3.34650519e-02, -3.34328207e-02, ...,
         -4.65117681e-01, -3.41701662e-01, -2.52161333e-01],
        [ 3.34650519e-02,  0.00000000e+00,  3.22493182e-05, ...,
         -4.35232264e-01, -3.10059532e-01, -2.19636459e-01],
        [ 3.34328207e-02, -3.22493182e-05,  0.00000000e+00, ...,
         -4.35261298e-01, -3.10090191e-01, -2.19667921e-01],
        ...,
        [ 4.65117681e-01,  4.35232264e-01,  4.35261298e-01, ...,
          0.00000000e+00,  1.34630533e-01,  2.26861967e-01],
        [ 3.41701662e-01,  3.10059532e-01,  3.10090191e-01, ...,
         -1.34630533e-01,  0.00000000e+00,  9.36762856e-02],
        [ 2.52161333e-01,  2.19636459e-01,  2.19667921e-01, ...,
         -2.26861967e-01, -9.36762856e-02,  0.00000000e+00]],

       [[ 0.00000000e+00, -8.72740804e-02, -8.31861854e-02, ...,
          2.97036823e-01,  2.05350891e-01,  1.14421717e-01],
        [ 8.72740804e-02,  0.00000000e+00,  4.10281537e-03, ...,
          3.79238485e-01,  2.89981473e-01,  2.00686010e-01],
        [ 8.31861854e-02, -4.10281537e-03,  0.00000000e+00, ...,
          3.75438962e-01,  2.86052505e-01,  1.96664974e-01],
        ...,
        [-2.97036823e-01, -3.79238485e-01, -3.75438962e-01, ...,
          0.00000000e+00, -9.46239080e-02, -1.85828555e-01],
        [-2.05350891e-01, -2.89981473e-01, -2.86052505e-01, ...,
          9.46239080e-02,  0.00000000e+00, -9.20189930e-02],
        [-1.14421717e-01, -2.00686010e-01, -1.96664974e-01, ...,
          1.85828555e-01,  9.20189930e-02,  0.00000000e+00]]]), 'num': array([ 8.20776364e-01,  5.71241254e-01,  2.96008434e-06,  9.86304783e-04,
        9.98004721e-04,  9.80454814e-04,  1.40162919e-03, -1.52099196e-05,
        9.90516761e-04,  9.57639935e-04,  9.79538319e-04,  8.22157814e-07,
        1.00369372e-03,  9.11586149e-04])}
{'img': array([[[ 0.00000000e+00,  1.76574729e-01,  7.67545064e-01, ...,
          7.14682723e-01,  7.41741333e-01,  6.15145570e-01],
        [-1.76574729e-01,  0.00000000e+00,  6.42301294e-01, ...,
          5.79948102e-01,  6.11660317e-01,  4.66266024e-01],
        [-7.67545064e-01, -6.42301294e-01,  0.00000000e+00, ...,
         -7.87504215e-02, -3.93293006e-02, -2.10837703e-01],
        ...,
        [-7.14682723e-01, -5.79948102e-01,  7.87504215e-02, ...,
          0.00000000e+00,  3.94823346e-02, -1.33202721e-01],
        [-7.41741333e-01, -6.11660317e-01,  3.93293006e-02, ...,
         -3.94823346e-02,  0.00000000e+00, -1.72229359e-01],
        [-6.15145570e-01, -4.66266024e-01,  2.10837703e-01, ...,
          1.33202721e-01,  1.72229359e-01,  0.00000000e+00]],

       [[ 0.00000000e+00, -1.74326340e-01,  5.51204130e-01, ...,
          1.24544718e-01,  4.06713381e-02,  6.03043786e-01],
        [ 1.74326340e-01,  0.00000000e+00,  6.88216799e-01, ...,
          2.95606715e-01,  2.14230675e-01,  7.32871471e-01],
        [-5.51204130e-01, -6.88216799e-01,  0.00000000e+00, ...,
         -4.42996024e-01, -5.16813091e-01,  6.34619078e-02],
        ...,
        [-1.24544718e-01, -2.95606715e-01,  4.42996024e-01, ...,
          0.00000000e+00, -8.40869957e-02,  4.98998156e-01],
        [-4.06713381e-02, -2.14230675e-01,  5.16813091e-01, ...,
          8.40869957e-02,  0.00000000e+00,  5.70100960e-01],
        [-6.03043786e-01, -7.32871471e-01, -6.34619078e-02, ...,
         -4.98998156e-01, -5.70100960e-01,  0.00000000e+00]],

       [[ 0.00000000e+00, -1.77994944e-01, -9.57355471e-02, ...,
          3.31486190e-02,  1.76299187e-01,  2.31016459e-01],
        [ 1.77994944e-01,  0.00000000e+00,  8.29705941e-02, ...,
          2.10516406e-01,  3.48690879e-01,  4.00507603e-01],
        [ 9.57355471e-02, -8.29705941e-02,  0.00000000e+00, ...,
          1.28679295e-01,  2.69725416e-01,  3.23101240e-01],
        ...,
        [-3.31486190e-02, -2.10516406e-01, -1.28679295e-01, ...,
          0.00000000e+00,  1.43572899e-01,  1.98637556e-01],
        [-1.76299187e-01, -3.48690879e-01, -2.69725416e-01, ...,
         -1.43572899e-01,  0.00000000e+00,  5.58676958e-02],
        [-2.31016459e-01, -4.00507603e-01, -3.23101240e-01, ...,
         -1.98637556e-01, -5.58676958e-02,  0.00000000e+00]],

       ...,

       [[ 0.00000000e+00,  3.65983832e-02,  3.54196951e-01, ...,
          9.18503680e-01,  9.66125466e-01,  4.44962179e-01],
        [-3.65983832e-02,  0.00000000e+00,  3.19733917e-01, ...,
          9.03416877e-01,  9.56033167e-01,  4.11888420e-01],
        [-3.54196951e-01, -3.19733917e-01,  0.00000000e+00, ...,
          7.18903990e-01,  8.12083765e-01,  9.89148067e-02],
        ...,
        [-9.18503680e-01, -9.03416877e-01, -7.18903990e-01, ...,
          0.00000000e+00,  1.44977178e-01, -6.46621807e-01],
        [-9.66125466e-01, -9.56033167e-01, -8.12083765e-01, ...,
         -1.44977178e-01,  0.00000000e+00, -7.50380397e-01],
        [-4.44962179e-01, -4.11888420e-01, -9.89148067e-02, ...,
          6.46621807e-01,  7.50380397e-01,  0.00000000e+00]],

       [[ 0.00000000e+00,  3.22493182e-05,  7.93831306e-02, ...,
         -3.10059532e-01, -2.19636459e-01, -1.96145749e-01],
        [-3.22493182e-05,  0.00000000e+00,  7.93509831e-02, ...,
         -3.10090191e-01, -2.19667921e-01, -1.96177371e-01],
        [-7.93831306e-02, -7.93509831e-02,  0.00000000e+00, ...,
         -3.84551943e-01, -2.96388062e-01, -2.73367841e-01],
        ...,
        [ 3.10059532e-01,  3.10090191e-01,  3.84551943e-01, ...,
          0.00000000e+00,  9.36762856e-02,  1.17557423e-01],
        [ 2.19636459e-01,  2.19667921e-01,  2.96388062e-01, ...,
         -9.36762856e-02,  0.00000000e+00,  2.40137461e-02],
        [ 1.96145749e-01,  1.96177371e-01,  2.73367841e-01, ...,
         -1.17557423e-01, -2.40137461e-02,  0.00000000e+00]],

       [[ 0.00000000e+00,  4.10281537e-03,  5.05884190e-03, ...,
          2.89981473e-01,  2.00686010e-01,  1.82640057e-01],
        [-4.10281537e-03,  0.00000000e+00,  9.56036449e-04, ...,
          2.86052505e-01,  1.96664974e-01,  1.78604714e-01],
        [-5.05884190e-03, -9.56036449e-04,  0.00000000e+00, ...,
          2.85136287e-01,  1.95727519e-01,  1.77663969e-01],
        ...,
        [-2.89981473e-01, -2.86052505e-01, -2.85136287e-01, ...,
          0.00000000e+00, -9.20189930e-02, -1.10311513e-01],
        [-2.00686010e-01, -1.96664974e-01, -1.95727519e-01, ...,
          9.20189930e-02,  0.00000000e+00, -1.83860824e-02],
        [-1.82640057e-01, -1.78604714e-01, -1.77663969e-01, ...,
          1.10311513e-01,  1.83860824e-02,  0.00000000e+00]]]), 'num': array([ 7.30227870e-01,  6.83196812e-01,  5.84963397e-07,  8.39840306e-04,
        8.83712561e-04,  8.39840306e-04,  1.85865852e-03, -4.07385223e-05,
        8.76818349e-04,  8.54203247e-04,  8.74572508e-04,  4.99580541e-07,
        8.95844435e-04,  8.12562059e-04])}
{'img': array([[[ 0.00000000e+00,  6.42301294e-01,  8.76524055e-01, ...,
          6.11660317e-01,  4.66266024e-01, -1.34360390e-01],
        [-6.42301294e-01,  0.00000000e+00,  3.62636927e-01, ...,
         -3.93293006e-02, -2.10837703e-01, -7.39458072e-01],
        [-8.76524055e-01, -3.62636927e-01,  0.00000000e+00, ...,
         -3.99008531e-01, -5.50971327e-01, -9.33251659e-01],
        ...,
        [-6.11660317e-01,  3.93293006e-02,  3.99008531e-01, ...,
          0.00000000e+00, -1.72229359e-01, -7.12409368e-01],
        [-4.66266024e-01,  2.10837703e-01,  5.50971327e-01, ...,
          1.72229359e-01,  0.00000000e+00, -5.80899360e-01],
        [ 1.34360390e-01,  7.39458072e-01,  9.33251659e-01, ...,
          7.12409368e-01,  5.80899360e-01,  0.00000000e+00]],

       [[ 0.00000000e+00,  6.88216799e-01,  9.93121592e-01, ...,
          2.14230675e-01,  7.32871471e-01,  9.60662735e-01],
        [-6.88216799e-01,  0.00000000e+00,  6.39933123e-01, ...,
         -5.16813091e-01,  6.34619078e-02,  5.05835734e-01],
        [-9.93121592e-01, -6.39933123e-01,  0.00000000e+00, ...,
         -9.44980630e-01, -5.89877113e-01, -1.63325736e-01],
        ...,
        [-2.14230675e-01,  5.16813091e-01,  9.44980630e-01, ...,
          0.00000000e+00,  5.70100960e-01,  8.78863476e-01],
        [-7.32871471e-01, -6.34619078e-02,  5.89877113e-01, ...,
         -5.70100960e-01,  0.00000000e+00,  4.50071967e-01],
        [-9.60662735e-01, -5.05835734e-01,  1.63325736e-01, ...,
         -8.78863476e-01, -4.50071967e-01,  0.00000000e+00]],

       [[ 0.00000000e+00,  8.29705941e-02,  2.54893569e-01, ...,
          3.48690879e-01,  4.00507603e-01,  2.94954188e-01],
        [-8.29705941e-02,  0.00000000e+00,  1.73784694e-01, ...,
          2.69725416e-01,  3.23101240e-01,  2.14657836e-01],
        [-2.54893569e-01, -1.73784694e-01,  0.00000000e+00, ...,
          9.82774258e-02,  1.53721178e-01,  4.16578794e-02],
        ...,
        [-3.48690879e-01, -2.69725416e-01, -9.82774258e-02, ...,
          0.00000000e+00,  5.58676958e-02, -5.67358985e-02],
        [-4.00507603e-01, -3.23101240e-01, -1.53721178e-01, ...,
         -5.58676958e-02,  0.00000000e+00, -1.12424993e-01],
        [-2.94954188e-01, -2.14657836e-01, -4.16578794e-02, ...,
          5.67358985e-02,  1.12424993e-01,  0.00000000e+00]],

       ...,

       [[ 0.00000000e+00,  3.19733917e-01,  4.44921822e-01, ...,
          9.56033167e-01,  4.11888420e-01, -3.10076634e-01],
        [-3.19733917e-01,  0.00000000e+00,  1.35222791e-01, ...,
          8.12083765e-01,  9.89148067e-02, -5.97774630e-01],
        [-4.44921822e-01, -1.35222791e-01,  0.00000000e+00, ...,
          7.25716927e-01, -3.65533499e-02, -7.00687471e-01],
        ...,
        [-9.56033167e-01, -8.12083765e-01, -7.25716927e-01, ...,
          0.00000000e+00, -7.50380397e-01, -9.99844417e-01],
        [-4.11888420e-01, -9.89148067e-02,  3.65533499e-02, ...,
          7.50380397e-01,  0.00000000e+00, -6.74139546e-01],
        [ 3.10076634e-01,  5.97774630e-01,  7.00687471e-01, ...,
          9.99844417e-01,  6.74139546e-01,  0.00000000e+00]],

       [[ 0.00000000e+00,  7.93509831e-02,  2.42818182e-01, ...,
         -2.19667921e-01, -1.96177371e-01, -2.00816618e-01],
        [-7.93509831e-02,  0.00000000e+00,  1.65076360e-01, ...,
         -2.96388062e-01, -2.73367841e-01, -2.77917903e-01],
        [-2.42818182e-01, -1.65076360e-01,  0.00000000e+00, ...,
         -4.49980935e-01, -4.28405981e-01, -4.32678238e-01],
        ...,
        [ 2.19667921e-01,  2.96388062e-01,  4.49980935e-01, ...,
          0.00000000e+00,  2.40137461e-02,  1.92814199e-02],
        [ 1.96177371e-01,  2.73367841e-01,  4.28405981e-01, ...,
         -2.40137461e-02,  0.00000000e+00, -4.73342218e-03],
        [ 2.00816618e-01,  2.77917903e-01,  4.32678238e-01, ...,
         -1.92814199e-02,  4.73342218e-03,  0.00000000e+00]],

       [[ 0.00000000e+00,  9.56036449e-04, -1.30608023e-01, ...,
          1.96664974e-01,  1.78604714e-01,  1.28043800e-01],
        [-9.56036449e-04,  0.00000000e+00, -1.31555810e-01, ...,
          1.95727519e-01,  1.77663969e-01,  1.27095575e-01],
        [ 1.30608023e-01,  1.31555810e-01,  0.00000000e+00, ...,
          3.23037704e-01,  3.05582766e-01,  2.56479912e-01],
        ...,
        [-1.96664974e-01, -1.95727519e-01, -3.23037704e-01, ...,
          0.00000000e+00, -1.83860824e-02, -6.95029290e-02],
        [-1.78604714e-01, -1.77663969e-01, -3.05582766e-01, ...,
          1.83860824e-02,  0.00000000e+00, -5.11495602e-02],
        [-1.28043800e-01, -1.27095575e-01, -2.56479912e-01, ...,
          6.95029290e-02,  5.11495602e-02,  0.00000000e+00]]]), 'num': array([7.24714542e-01, 6.89044258e-01, 4.35003460e-07, 8.49292469e-04,
       8.52399636e-04, 8.35828076e-04, 1.01830167e-03, 1.65715604e-05,
       8.65035451e-04, 8.47842457e-04, 8.67314041e-04, 5.58745045e-07,
       8.88536732e-04, 8.07148182e-04])}
{'img': array([[[ 0.00000000e+00,  3.62636927e-01,  9.98268397e-01, ...,
         -2.10837703e-01, -7.39458072e-01, -5.19254862e-01],
        [-3.62636927e-01,  0.00000000e+00,  9.51648352e-01, ...,
         -5.50971327e-01, -9.33251659e-01, -7.93826012e-01],
        [-9.98268397e-01, -9.51648352e-01,  0.00000000e+00, ...,
         -9.63426184e-01, -6.28539361e-01, -8.22595175e-01],
        ...,
        [ 2.10837703e-01,  5.50971327e-01,  9.63426184e-01, ...,
          0.00000000e+00, -5.80899360e-01, -3.27396574e-01],
        [ 7.39458072e-01,  9.33251659e-01,  6.28539361e-01, ...,
          5.80899360e-01,  0.00000000e+00,  2.82391513e-01],
        [ 5.19254862e-01,  7.93826012e-01,  8.22595175e-01, ...,
          3.27396574e-01, -2.82391513e-01,  0.00000000e+00]],

       [[ 0.00000000e+00,  6.39933123e-01,  8.00872762e-01, ...,
          6.34619078e-02,  5.05835734e-01, -1.25068856e-01],
        [-6.39933123e-01,  0.00000000e+00,  2.32201079e-01, ...,
         -5.89877113e-01, -1.63325736e-01, -7.31015146e-01],
        [-8.00872762e-01, -2.32201079e-01,  0.00000000e+00, ...,
         -7.61255229e-01, -3.87944814e-01, -8.69479913e-01],
        ...,
        [-6.34619078e-02,  5.89877113e-01,  7.61255229e-01, ...,
          0.00000000e+00,  4.50071967e-01, -1.87780359e-01],
        [-5.05835734e-01,  1.63325736e-01,  3.87944814e-01, ...,
