state_0,state_1,state_2,state_3,state_4,state_5,state_6,state_7,state_8,state_9,state_10,state_11,state_12,state_13,state_14,state_15,state_16,state_17,state_18,state_19,state_20,state_21,state_22,state_23,state_24,state_25,state_26,state_27,state_28,state_29,state_30,state_31,state_32,state_33,state_34,state_35,state_36,state_37,state_38,state_39,state_40,state_41,state_42,state_43,state_44,state_45,state_46,state_47,state_48,state_49,state_50,state_51,state_52,state_53,state_54,state_55,state_56,state_57,state_58,state_59,state_60,state_61,state_62,state_63,state_64,state_65,state_66,state_67,state_68,state_69,state_70,state_71,state_72,state_73,state_74,state_75,state_76,state_77,state_78,state_79,state_80,state_81,state_82,state_83,state_84,state_85,state_86,state_87,state_88,state_89,state_90,state_91,state_92,state_93,state_94,state_95,state_96,state_97,state_98,state_99,state_100,state_101,state_102,state_103,state_104,state_105,state_106,state_107,state_108,state_109,state_110,state_111,state_112,state_113,state_114,state_115,state_116,state_117,state_118,state_119,state_120,state_121,state_122,state_123,state_124,state_125,state_126,state_127,state_128,state_129,state_130,state_131,state_132,state_133,state_134,state_135,state_136,state_137,state_138,state_139,state_140,state_141,state_142,state_143,state_144,state_145,state_146,state_147,state_148,state_149,state_150,state_151,state_152,state_153,state_154,state_155,state_156,state_157,state_158,state_159,state_160,state_161,state_162,state_163,state_164,state_165,state_166,state_167,state_168,state_169,state_170,state_171,state_172,state_173,state_174,state_175,state_176,state_177,state_178,state_179,state_180,state_181,state_182,state_183,state_184,state_185,state_186,state_187,state_188,state_189,state_190,state_191,state_192,state_193,state_194,state_195,state_196,state_197,state_198,state_199,state_200,state_201,state_202,state_203,state_204,state_205,state_206,state_207,state_208,state_209,state_210,state_211,state_212,state_213,state_214,state_215,state_216,state_217,state_218,state_219,state_220,state_221,state_222,state_223,state_224,state_225,state_226,state_227,state_228,state_229,state_230,state_231,state_232,state_233,state_234,state_235,state_236,state_237,state_238,state_239,state_240,state_241,state_242,state_243,state_244,state_245,state_246,state_247,state_248,state_249,state_250,state_251,state_252,state_253,state_254,state_255,state_256,state_257,state_258,state_259,state_260,state_261,state_262,state_263,state_264,state_265,state_266,state_267,state_268,state_269,state_270,state_271,state_272,state_273,state_274,state_275,state_276,state_277,state_278,state_279,state_280,state_281,state_282,state_283,state_284,state_285,state_286,state_287
{'img': array([[[ 0.        ,  0.20292204,  0.15122668, ..., -0.63885772,
         -0.46776109, -0.53312828],
        [-0.20292204,  0.        , -0.05250786, ..., -0.78167919,
         -0.63738292, -0.69371552],
        [-0.15122668,  0.05250786,  0.        , ..., -0.74785274,
         -0.59604388, -0.65493981],
        ...,
        [ 0.63885772,  0.78167919,  0.74785274, ...,  0.        ,
          0.20479729,  0.13034675],
        [ 0.46776109,  0.63738292,  0.59604388, ..., -0.20479729,
          0.        , -0.07546608],
        [ 0.53312828,  0.69371552,  0.65493981, ..., -0.13034675,
          0.07546608,  0.        ]],

       [[ 0.        , -0.93196894, -0.99119719, ..., -0.74556515,
         -0.13139634, -0.88206521],
        [ 0.93196894,  0.        , -0.48273369, ...,  0.35079883,
          0.87625251,  0.11929378],
        [ 0.99119719,  0.48273369,  0.        , ...,  0.75927448,
          0.99999949,  0.58376007],
        ...,
        [ 0.74556515, -0.35079883, -0.75927448, ...,  0.        ,
          0.65153422, -0.23658102],
        [ 0.13139634, -0.87625251, -0.99999949, ..., -0.65153422,
          0.        , -0.81251322],
        [ 0.88206521, -0.11929378, -0.58376007, ...,  0.23658102,
          0.81251322,  0.        ]],

       [[ 0.        , -0.0375074 , -0.1214679 , ..., -0.94521402,
         -0.91577423, -0.89290494],
        [ 0.0375074 ,  0.        , -0.08415276, ..., -0.93230458,
         -0.90006338, -0.87538912],
        [ 0.1214679 ,  0.08415276,  0.        , ..., -0.8985617 ,
         -0.86020041, -0.83160296],
        ...,
        [ 0.94521402,  0.93230458,  0.8985617 , ...,  0.        ,
          0.08073051,  0.13408813],
        [ 0.91577423,  0.90006338,  0.86020041, ..., -0.08073051,
          0.        ,  0.053649  ],
        [ 0.89290494,  0.87538912,  0.83160296, ..., -0.13408813,
         -0.053649  ,  0.        ]],

       ...,

       [[ 0.        ,  0.24818442,  0.20374406, ...,  0.99987208,
          0.97536999,  0.85296549],
        [-0.24818442,  0.        , -0.04560907, ...,  0.96461937,
          0.9995967 ,  0.95582274],
        [-0.20374406,  0.04560907,  0.        , ...,  0.97564022,
          0.99985168,  0.94142158],
        ...,
        [-0.99987208, -0.96461937, -0.97564022, ...,  0.        ,
          0.23614722,  0.53554308],
        [-0.97536999, -0.9995967 , -0.99985168, ..., -0.23614722,
          0.        ,  0.32096827],
        [-0.85296549, -0.95582274, -0.94142158, ..., -0.53554308,
         -0.32096827,  0.        ]],

       [[ 0.        , -0.0061974 ,  0.00404111, ..., -0.99877182,
         -0.9922197 , -0.97784013],
        [ 0.0061974 ,  0.        ,  0.01023839, ..., -0.9990597 ,
         -0.99142907, -0.97652391],
        [-0.00404111, -0.01023839,  0.        , ..., -0.99856344,
         -0.99271471, -0.97867817],
        ...,
        [ 0.99877182,  0.9990597 ,  0.99856344, ...,  0.        ,
          0.17350742,  0.25754445],
        [ 0.9922197 ,  0.99142907,  0.99271471, ..., -0.17350742,
          0.        ,  0.08598376],
        [ 0.97784013,  0.97652391,  0.97867817, ..., -0.25754445,
         -0.08598376,  0.        ]],

       [[ 0.        ,  0.03486483, -0.02644276, ..., -0.82558637,
         -0.76092905, -0.7214425 ],
        [-0.03486483,  0.        , -0.06127932, ..., -0.80541107,
         -0.73784491, -0.69686088],
        [ 0.02644276,  0.06127932,  0.        , ..., -0.8402187 ,
         -0.77781997, -0.73950116],
        ...,
        [ 0.82558637,  0.80541107,  0.8402187 , ...,  0.        ,
         -0.10629559, -0.16460487],
        [ 0.76092905,  0.73784491,  0.77781997, ...,  0.10629559,
          0.        , -0.05882664],
        [ 0.7214425 ,  0.69686088,  0.73950116, ...,  0.16460487,
          0.05882664,  0.        ]]]), 'num': array([ 7.07091492e-01,  7.07091492e-01,  0.00000000e+00,  1.40438495e-03,
        1.43296255e-03,  1.39213741e-03,  5.24780280e-03, -2.04125719e-05,
        1.41091697e-03,  1.36274330e-03,  1.47242686e-03,  5.71552014e-07,
        1.43589212e-03,  1.28959449e-03])}
{'img': array([[[ 0.        , -0.05250786, -0.05250786, ..., -0.63738292,
         -0.69371552, -0.78167919],
        [ 0.05250786,  0.        ,  0.        , ..., -0.59604388,
         -0.65493981, -0.74785274],
        [ 0.05250786,  0.        ,  0.        , ..., -0.59604388,
         -0.65493981, -0.74785274],
        ...,
        [ 0.63738292,  0.59604388,  0.59604388, ...,  0.        ,
         -0.07546608, -0.20479729],
        [ 0.69371552,  0.65493981,  0.65493981, ...,  0.07546608,
          0.        , -0.13034675],
        [ 0.78167919,  0.74785274,  0.74785274, ...,  0.20479729,
          0.13034675,  0.        ]],

       [[ 0.        , -0.48273369, -0.10898837, ...,  0.87625251,
          0.11929378, -0.24429371],
        [ 0.48273369,  0.        ,  0.38440962, ...,  0.99999949,
          0.58376007,  0.25416306],
        [ 0.10898837, -0.38440962,  0.        , ...,  0.92354898,
          0.22679323, -0.1371523 ],
        ...,
        [-0.87625251, -0.99999949, -0.92354898, ...,  0.        ,
         -0.81251322, -0.96741665],
        [-0.11929378, -0.58376007, -0.22679323, ...,  0.81251322,
          0.        , -0.35822854],
        [ 0.24429371, -0.25416306,  0.1371523 , ...,  0.96741665,
          0.35822854,  0.        ]],

       [[ 0.        , -0.08415276, -0.18075117, ..., -0.90006338,
         -0.87538912, -0.86092545],
        [ 0.08415276,  0.        , -0.09734336, ..., -0.86020041,
         -0.83160296, -0.8150605 ],
        [ 0.18075117,  0.09734336,  0.        , ..., -0.80647435,
         -0.77359192, -0.75479128],
        ...,
        [ 0.90006338,  0.86020041,  0.80647435, ...,  0.        ,
          0.053649  ,  0.08273424],
        [ 0.87538912,  0.83160296,  0.77359192, ..., -0.053649  ,
          0.        ,  0.02915002],
        [ 0.86092545,  0.8150605 ,  0.75479128, ..., -0.08273424,
         -0.02915002,  0.        ]],

       ...,

       [[ 0.        , -0.04560907, -0.08213894, ...,  0.9995967 ,
          0.95582274,  0.87886352],
        [ 0.04560907,  0.        , -0.03659851, ...,  0.99985168,
          0.94142158,  0.89970781],
        [ 0.08213894,  0.03659851,  0.        , ...,  0.99855151,
          0.92844869,  0.91508003],
        ...,
        [-0.9995967 , -0.99985168, -0.99855151, ...,  0.        ,
          0.32096827, -0.4519232 ],
        [-0.95582274, -0.94142158, -0.92844869, ..., -0.32096827,
          0.        , -0.71433386],
        [-0.87886352, -0.89970781, -0.91508003, ...,  0.4519232 ,
          0.71433386,  0.        ]],

       [[ 0.        ,  0.01023839,  0.00903615, ..., -0.99142907,
         -0.97652391, -0.9679199 ],
        [-0.01023839,  0.        , -0.00120229, ..., -0.99271471,
         -0.97867817, -0.97044165],
        [-0.00903615,  0.00120229,  0.        , ..., -0.99256913,
         -0.97843051, -0.9701508 ],
        ...,
        [ 0.99142907,  0.99271471,  0.99256913, ...,  0.        ,
          0.08598376,  0.12265049],
        [ 0.97652391,  0.97867817,  0.97843051, ..., -0.08598376,
          0.        ,  0.03686168],
        [ 0.9679199 ,  0.97044165,  0.9701508 , ..., -0.12265049,
         -0.03686168,  0.        ]],

       [[ 0.        , -0.06127932, -0.15294323, ..., -0.73784491,
         -0.69686088, -0.68677497],
        [ 0.06127932,  0.        , -0.09209742, ..., -0.77781997,
         -0.73950116, -0.73002639],
        [ 0.15294323,  0.09209742,  0.        , ..., -0.83239628,
         -0.79835415, -0.78986491],
        ...,
        [ 0.73784491,  0.77781997,  0.83239628, ...,  0.        ,
         -0.05882664, -0.0727647 ],
        [ 0.69686088,  0.73950116,  0.79835415, ...,  0.05882664,
          0.        , -0.01396799],
        [ 0.68677497,  0.73002639,  0.78986491, ...,  0.0727647 ,
          0.01396799,  0.        ]]]), 'num': array([ 7.07095318e-01,  7.07095318e-01,  0.00000000e+00,  1.38806240e-03,
        1.40847509e-03,  1.38397987e-03,  4.10549667e-03, -1.63301459e-05,
        1.41174111e-03,  1.36336306e-03,  1.46971313e-03,  5.06234524e-07,
        1.43714185e-03,  1.28958427e-03])}
{'img': array([[[ 0.00000000e+00,  0.00000000e+00, -5.14198032e-02, ...,
         -6.54939811e-01, -7.47852737e-01, -8.16769002e-01],
        [ 0.00000000e+00,  0.00000000e+00, -5.14198032e-02, ...,
         -6.54939811e-01, -7.47852737e-01, -8.16769002e-01],
        [ 5.14198032e-02,  5.14198032e-02,  0.00000000e+00, ...,
         -6.15216438e-01, -7.12727633e-01, -7.86021103e-01],
        ...,
        [ 6.54939811e-01,  6.54939811e-01,  6.15216438e-01, ...,
          0.00000000e+00, -1.30346745e-01, -2.39339627e-01],
        [ 7.47852737e-01,  7.47852737e-01,  7.12727633e-01, ...,
          1.30346745e-01,  0.00000000e+00, -1.10739358e-01],
        [ 8.16769002e-01,  8.16769002e-01,  7.86021103e-01, ...,
          2.39339627e-01,  1.10739358e-01,  0.00000000e+00]],

       [[ 0.00000000e+00,  3.84409619e-01,  3.63605368e-01, ...,
          5.83760067e-01,  2.54163061e-01, -8.51935293e-02],
        [-3.84409619e-01,  0.00000000e+00, -2.24310750e-02, ...,
          2.26793232e-01, -1.37152297e-01, -4.61659551e-01],
        [-3.63605368e-01,  2.24310750e-02,  0.00000000e+00, ...,
          2.48582756e-01, -1.14898688e-01, -4.41645747e-01],
        ...,
        [-5.83760067e-01, -2.26793232e-01, -2.48582756e-01, ...,
          0.00000000e+00, -3.58228540e-01, -6.50808622e-01],
        [-2.54163061e-01,  1.37152297e-01,  1.14898688e-01, ...,
          3.58228540e-01,  0.00000000e+00, -3.35634924e-01],
        [ 8.51935293e-02,  4.61659551e-01,  4.41645747e-01, ...,
          6.50808622e-01,  3.35634924e-01,  0.00000000e+00]],

       [[ 0.00000000e+00, -9.73433580e-02, -1.19549826e-01, ...,
         -8.31602959e-01, -8.15060505e-01, -8.11698455e-01],
        [ 9.73433580e-02,  0.00000000e+00, -2.23368362e-02, ...,
         -7.73591918e-01, -7.54791276e-01, -7.50987595e-01],
        [ 1.19549826e-01,  2.23368362e-02,  0.00000000e+00, ...,
         -7.59244410e-01, -7.39950774e-01, -7.36050847e-01],
        ...,
        [ 8.31602959e-01,  7.73591918e-01,  7.59244410e-01, ...,
          0.00000000e+00,  2.91500164e-02,  3.49264609e-02],
        [ 8.15060505e-01,  7.54791276e-01,  7.39950774e-01, ...,
         -2.91500164e-02,  0.00000000e+00,  5.77938728e-03],
        [ 8.11698455e-01,  7.50987595e-01,  7.36050847e-01, ...,
         -3.49264609e-02, -5.77938728e-03,  0.00000000e+00]],

       ...,

       [[ 0.00000000e+00, -3.65985091e-02, -1.18477202e-01, ...,
          9.41421584e-01,  8.99707811e-01,  7.15363350e-01],
        [ 3.65985091e-02,  0.00000000e+00, -8.20570902e-02, ...,
          9.28448692e-01,  9.15080033e-01,  7.40457398e-01],
        [ 1.18477202e-01,  8.20570902e-02,  0.00000000e+00, ...,
          8.94836638e-01,  9.45085395e-01,  7.93111143e-01],
        ...,
        [-9.41421584e-01, -9.28448692e-01, -8.94836638e-01, ...,
          0.00000000e+00, -7.14333862e-01, -8.99064225e-01],
        [-8.99707811e-01, -9.15080033e-01, -9.45085395e-01, ...,
          7.14333862e-01,  0.00000000e+00, -3.16422361e-01],
        [-7.15363350e-01, -7.40457398e-01, -7.93111143e-01, ...,
          8.99064225e-01,  3.16422361e-01,  0.00000000e+00]],

       [[ 0.00000000e+00, -1.20228795e-03, -2.01442702e-03, ...,
         -9.78678166e-01, -9.70441655e-01, -9.67694344e-01],
        [ 1.20228795e-03,  0.00000000e+00, -8.12140053e-04, ...,
         -9.78430509e-01, -9.70150798e-01, -9.67390516e-01],
        [ 2.01442702e-03,  8.12140053e-04,  0.00000000e+00, ...,
         -9.78262417e-01, -9.69953532e-01, -9.67184490e-01],
        ...,
        [ 9.78678166e-01,  9.78430509e-01,  9.78262417e-01, ...,
          0.00000000e+00,  3.68616815e-02,  4.79863252e-02],
        [ 9.70441655e-01,  9.70150798e-01,  9.69953532e-01, ...,
         -3.68616815e-02,  0.00000000e+00,  1.11344961e-02],
        [ 9.67694344e-01,  9.67390516e-01,  9.67184490e-01, ...,
         -4.79863252e-02, -1.11344961e-02,  0.00000000e+00]],

       [[ 0.00000000e+00, -9.20974208e-02, -1.81860746e-01, ...,
         -7.39501162e-01, -7.30026394e-01, -7.29800340e-01],
        [ 9.20974208e-02,  0.00000000e+00, -9.05262065e-02, ...,
         -7.98354149e-01, -7.89864905e-01, -7.89662044e-01],
        [ 1.81860746e-01,  9.05262065e-02,  0.00000000e+00, ...,
         -8.49589980e-01, -8.42139769e-01, -8.41961385e-01],
        ...,
        [ 7.39501162e-01,  7.98354149e-01,  8.49589980e-01, ...,
          0.00000000e+00, -1.39679883e-02, -1.42986657e-02],
        [ 7.30026394e-01,  7.89864905e-01,  8.42139769e-01, ...,
          1.39679883e-02,  0.00000000e+00, -3.30710419e-04],
        [ 7.29800340e-01,  7.89662044e-01,  8.41961385e-01, ...,
          1.42986657e-02,  3.30710419e-04,  0.00000000e+00]]]), 'num': array([ 7.07093912e-01,  7.07093912e-01,  0.00000000e+00,  1.38397711e-03,
        1.41255481e-03,  1.38397711e-03,  4.56541798e-03, -4.08252836e-06,
        1.40765578e-03,  1.36438098e-03,  1.46705657e-03,  4.89903403e-07,
        1.43870542e-03,  1.29005653e-03])}
{'img': array([[[ 0.00000000e+00, -5.14198032e-02,  1.61117592e-01, ...,
         -7.47852737e-01, -8.16769002e-01, -8.33128333e-01],
        [ 5.14198032e-02,  0.00000000e+00,  2.11652468e-01, ...,
         -7.12727633e-01, -7.86021103e-01, -8.03586959e-01],
        [-1.61117592e-01, -2.11652468e-01,  0.00000000e+00, ...,
         -8.45042478e-01, -8.99057273e-01, -9.11354564e-01],
        ...,
        [ 7.47852737e-01,  7.12727633e-01,  8.45042478e-01, ...,
          0.00000000e+00, -1.10739358e-01, -1.39462269e-01],
        [ 8.16769002e-01,  7.86021103e-01,  8.99057273e-01, ...,
          1.10739358e-01,  0.00000000e+00, -2.89473592e-02],
        [ 8.33128333e-01,  8.03586959e-01,  9.11354564e-01, ...,
          1.39462269e-01,  2.89473592e-02,  0.00000000e+00]],

       [[ 0.00000000e+00, -2.24310750e-02, -3.14526375e-01, ...,
         -1.37152297e-01, -4.61659551e-01, -3.20614415e-01],
        [ 2.24310750e-02,  0.00000000e+00, -2.93154568e-01, ...,
         -1.14898688e-01, -4.41645747e-01, -2.99286812e-01],
        [ 3.14526375e-01,  2.93154568e-01,  0.00000000e+00, ...,
          1.81362447e-01, -1.59226862e-01, -6.42036508e-03],
        ...,
        [ 1.37152297e-01,  1.14898688e-01, -1.81362447e-01, ...,
          0.00000000e+00, -3.35634924e-01, -1.87672601e-01],
        [ 4.61659551e-01,  4.41645747e-01,  1.59226862e-01, ...,
          3.35634924e-01,  0.00000000e+00,  1.52885126e-01],
        [ 3.20614415e-01,  2.99286812e-01,  6.42036508e-03, ...,
          1.87672601e-01, -1.52885126e-01,  0.00000000e+00]],

       [[ 0.00000000e+00, -2.23368362e-02,  4.53071430e-02, ...,
         -7.54791276e-01, -7.50987595e-01, -7.69861261e-01],
        [ 2.23368362e-02,  0.00000000e+00,  6.76097375e-02, ...,
         -7.39950774e-01, -7.36050847e-01, -7.55413561e-01],
        [-4.53071430e-02, -6.76097375e-02,  0.00000000e+00, ...,
         -7.83736086e-01, -7.80133454e-01, -7.97986223e-01],
        ...,
        [ 7.54791276e-01,  7.39950774e-01,  7.83736086e-01, ...,
          0.00000000e+00,  5.77938728e-03, -2.32857627e-02],
        [ 7.50987595e-01,  7.36050847e-01,  7.80133454e-01, ...,
         -5.77938728e-03,  0.00000000e+00, -2.90631940e-02],
        [ 7.69861261e-01,  7.55413561e-01,  7.97986223e-01, ...,
          2.32857627e-02,  2.90631940e-02,  0.00000000e+00]],

       ...,

       [[ 0.00000000e+00, -8.20570902e-02,  2.03132019e-01, ...,
          9.15080033e-01,  7.40457398e-01,  6.90434061e-01],
        [ 8.20570902e-02,  0.00000000e+00,  2.82793294e-01, ...,
          9.45085395e-01,  7.93111143e-01,  7.47465378e-01],
        [-2.03132019e-01, -2.82793294e-01,  0.00000000e+00, ...,
          8.14084344e-01,  5.88494168e-01,  5.29094694e-01],
        ...,
        [-9.15080033e-01, -9.45085395e-01, -8.14084344e-01, ...,
          0.00000000e+00, -3.16422361e-01, -3.83531705e-01],
        [-7.40457398e-01, -7.93111143e-01, -5.88494168e-01, ...,
          3.16422361e-01,  0.00000000e+00, -7.16004176e-02],
        [-6.90434061e-01, -7.47465378e-01, -5.29094694e-01, ...,
          3.83531705e-01,  7.16004176e-02,  0.00000000e+00]],

       [[ 0.00000000e+00, -8.12140053e-04, -1.67371605e-02, ...,
         -9.70150798e-01, -9.67390516e-01, -9.63787578e-01],
        [ 8.12140053e-04,  0.00000000e+00, -1.59251287e-02, ...,
         -9.69953532e-01, -9.67184490e-01, -9.63570686e-01],
        [ 1.67371605e-02,  1.59251287e-02,  0.00000000e+00, ...,
         -9.65956101e-01, -9.63015660e-01, -9.59189257e-01],
        ...,
        [ 9.70150798e-01,  9.69953532e-01,  9.65956101e-01, ...,
          0.00000000e+00,  1.11344961e-02,  2.49904017e-02],
        [ 9.67390516e-01,  9.67184490e-01,  9.63015660e-01, ...,
         -1.11344961e-02,  0.00000000e+00,  1.38578339e-02],
        [ 9.63787578e-01,  9.63570686e-01,  9.59189257e-01, ...,
         -2.49904017e-02, -1.38578339e-02,  0.00000000e+00]],

       [[ 0.00000000e+00, -9.05262065e-02, -1.03001171e-01, ...,
         -7.89864905e-01, -7.89662044e-01, -7.95175215e-01],
        [ 9.05262065e-02,  0.00000000e+00, -1.25335368e-02, ...,
         -8.42139769e-01, -8.41961385e-01, -8.46803541e-01],
        [ 1.03001171e-01,  1.25335368e-02,  0.00000000e+00, ...,
         -8.48832448e-01, -8.48657567e-01, -8.53403687e-01],
        ...,
        [ 7.89864905e-01,  8.42139769e-01,  8.48832448e-01, ...,
          0.00000000e+00, -3.30710419e-04,  8.70768326e-03],
        [ 7.89662044e-01,  8.41961385e-01,  8.48657567e-01, ...,
          3.30710419e-04,  0.00000000e+00,  9.03838066e-03],
        [ 7.95175215e-01,  8.46803541e-01,  8.53403687e-01, ...,
         -8.70768326e-03, -9.03838066e-03,  0.00000000e+00]]]), 'num': array([ 7.07095032e-01,  7.07095032e-01,  0.00000000e+00,  1.37173170e-03,
        1.38806184e-03,  1.35948410e-03,  4.22728518e-03, -1.22476045e-05,
        1.39459390e-03,  1.36703679e-03,  1.46420112e-03,  4.62173754e-07,
        1.43837142e-03,  1.29570216e-03])}
{'img': array([[[ 0.        ,  0.21165247,  0.29568866, ..., -0.7860211 ,
         -0.80358696, -0.85416781],
        [-0.21165247,  0.        ,  0.08680154, ..., -0.89905727,
         -0.91135456, -0.94487538],
        [-0.29568866, -0.08680154,  0.        , ..., -0.9336683 ,
         -0.94364421, -0.96973051],
        ...,
        [ 0.7860211 ,  0.89905727,  0.9336683 , ...,  0.        ,
         -0.02894736, -0.11931729],
        [ 0.80358696,  0.91135456,  0.94364421, ...,  0.02894736,
          0.        , -0.09052672],
        [ 0.85416781,  0.94487538,  0.96973051, ...,  0.11931729,
          0.09052672,  0.        ]],

       [[ 0.        , -0.29315457, -0.52547672, ..., -0.44164575,
         -0.29928681, -0.40194261],
        [ 0.29315457,  0.        , -0.25297169, ..., -0.15922686,
         -0.00642037, -0.11585194],
        [ 0.52547672,  0.25297169,  0.        , ...,  0.09569648,
          0.24675494,  0.13918459],
        ...,
        [ 0.44164575,  0.15922686, -0.09569648, ...,  0.        ,
          0.15288513,  0.0437808 ],
        [ 0.29928681,  0.00642037, -0.24675494, ..., -0.15288513,
          0.        , -0.10947242],
        [ 0.40194261,  0.11585194, -0.13918459, ..., -0.0437808 ,
          0.10947242,  0.        ]],

       [[ 0.        ,  0.06760974,  0.10791143, ..., -0.73605085,
         -0.75541356, -0.81492012],
        [-0.06760974,  0.        ,  0.04044958, ..., -0.78013345,
         -0.79798622, -0.85224026],
        [-0.10791143, -0.04044958,  0.        , ..., -0.80480077,
         -0.82171112, -0.87270399],
        ...,
        [ 0.73605085,  0.78013345,  0.80480077, ...,  0.        ,
         -0.02906319, -0.12504542],
        [ 0.75541356,  0.79798622,  0.82171112, ...,  0.02906319,
          0.        , -0.09615752],
        [ 0.81492012,  0.85224026,  0.87270399, ...,  0.12504542,
          0.09615752,  0.        ]],

       ...,

       [[ 0.        ,  0.28279329,  0.44210714, ...,  0.79311114,
          0.74746538,  0.66454963],
        [-0.28279329,  0.        ,  0.1704058 , ...,  0.58849417,
          0.52909469,  0.42610767],
        [-0.44210714, -0.1704058 ,  0.        , ...,  0.4421135 ,
          0.37675612,  0.26571397],
        ...,
        [-0.79311114, -0.58849417, -0.4421135 , ...,  0.        ,
         -0.07160042, -0.18788579],
        [-0.74746538, -0.52909469, -0.37675612, ...,  0.07160042,
          0.        , -0.11707829],
        [-0.66454963, -0.42610767, -0.26571397, ...,  0.18788579,
          0.11707829,  0.        ]],

       [[ 0.        , -0.01592513, -0.02284604, ..., -0.96718449,
         -0.96357069, -0.96435765],
        [ 0.01592513,  0.        , -0.00692218, ..., -0.96301566,
         -0.95918926, -0.96002153],
        [ 0.02284604,  0.00692218,  0.        , ..., -0.96112744,
         -0.95720893, -0.95806083],
        ...,
        [ 0.96718449,  0.96301566,  0.96112744, ...,  0.        ,
          0.01385783,  0.01089988],
        [ 0.96357069,  0.95918926,  0.95720893, ..., -0.01385783,
          0.        , -0.00295817],
        [ 0.96435765,  0.96002153,  0.95806083, ..., -0.01089988,
          0.00295817,  0.        ]],

       [[ 0.        , -0.01253354, -0.0153268 , ..., -0.84196138,
         -0.84680354, -0.89381024],
        [ 0.01253354,  0.        , -0.00279353, ..., -0.84865757,
         -0.85340369, -0.89936064],
        [ 0.0153268 ,  0.00279353,  0.        , ..., -0.85013187,
         -0.85485648, -0.90057848],
        ...,
        [ 0.84196138,  0.84865757,  0.85013187, ...,  0.        ,
          0.00903838,  0.1046707 ],
        [ 0.84680354,  0.85340369,  0.85485648, ..., -0.00903838,
          0.        ,  0.0956777 ],
        [ 0.89381024,  0.89936064,  0.90057848, ..., -0.1046707 ,
         -0.0956777 ,  0.        ]]]), 'num': array([ 7.88684515e-01,  6.14768625e-01,  1.05085130e-06,  1.51231209e-03,
        1.53515668e-03,  1.50774317e-03,  4.15353088e-03, -2.28445934e-05,
        1.54429452e-03,  1.53127310e-03,  1.63521600e-03,  4.64907516e-07,
        1.60887884e-03,  1.45366736e-03])}
{'img': array([[[ 0.        ,  0.08680154, -0.18656793, ..., -0.91135456,
         -0.94487538, -0.98652175],
        [-0.08680154,  0.        , -0.27114123, ..., -0.94364421,
         -0.96973051, -0.9970016 ],
        [ 0.18656793,  0.27114123,  0.        , ..., -0.81855755,
         -0.86719735, -0.93867233],
        ...,
        [ 0.91135456,  0.94364421,  0.81855755, ...,  0.        ,
         -0.09052672, -0.25694919],
        [ 0.94487538,  0.96973051,  0.86719735, ...,  0.09052672,
          0.        , -0.16840688],
        [ 0.98652175,  0.9970016 ,  0.93867233, ...,  0.25694919,
          0.16840688,  0.        ]],

       [[ 0.        , -0.25297169,  0.0937654 , ..., -0.00642037,
         -0.11585194, -0.3230531 ],
        [ 0.25297169,  0.        ,  0.34257274, ...,  0.24675494,
          0.13918459, -0.07313781],
        [-0.0937654 , -0.34257274,  0.        , ..., -0.10015555,
         -0.20847557, -0.41036761],
        ...,
        [ 0.00642037, -0.24675494,  0.10015555, ...,  0.        ,
         -0.10947242, -0.31697033],
        [ 0.11585194, -0.13918459,  0.20847557, ...,  0.10947242,
          0.        , -0.21123776],
        [ 0.3230531 ,  0.07313781,  0.41036761, ...,  0.31697033,
          0.21123776,  0.        ]],

       [[ 0.        ,  0.04044958,  0.03462323, ..., -0.79798622,
         -0.85224026, -0.90719084],
        [-0.04044958,  0.        , -0.00583044, ..., -0.82171112,
         -0.87270399, -0.9234663 ],
        [-0.03462323,  0.00583044,  0.        , ..., -0.81837436,
         -0.86984245, -0.92121358],
        ...,
        [ 0.79798622,  0.82171112,  0.81837436, ...,  0.        ,
         -0.09615752, -0.21101361],
        [ 0.85224026,  0.87270399,  0.86984245, ...,  0.09615752,
          0.        , -0.11604345],
        [ 0.90719084,  0.9234663 ,  0.92121358, ...,  0.21101361,
          0.11604345,  0.        ]],

       ...,

       [[ 0.        ,  0.1704058 , -0.1196102 , ...,  0.52909469,
          0.42610767,  0.24706849],
        [-0.1704058 ,  0.        , -0.28704322, ...,  0.37675612,
          0.26571397,  0.07833198],
        [ 0.1196102 ,  0.28704322,  0.        , ...,  0.62679305,
          0.53125666,  0.36119682],
        ...,
        [-0.52909469, -0.37675612, -0.62679305, ...,  0.        ,
         -0.11707829, -0.30303858],
        [-0.42610767, -0.26571397, -0.53125666, ...,  0.11707829,
          0.        , -0.18938142],
        [-0.24706849, -0.07833198, -0.36119682, ...,  0.30303858,
          0.18938142,  0.        ]],

       [[ 0.        , -0.00692218, -0.01934593, ..., -0.95918926,
         -0.96002153, -0.96189445],
        [ 0.00692218,  0.        , -0.01242459, ..., -0.95720893,
         -0.95806083, -0.95997873],
        [ 0.01934593,  0.01242459,  0.        , ..., -0.95353939,
         -0.95442643, -0.95642484],
        ...,
        [ 0.95918926,  0.95720893,  0.95353939, ...,  0.        ,
         -0.00295817, -0.00972742],
        [ 0.96002153,  0.95806083,  0.95442643, ...,  0.00295817,
          0.        , -0.00676934],
        [ 0.96189445,  0.95997873,  0.95642484, ...,  0.00972742,
          0.00676934,  0.        ]],

       [[ 0.        , -0.00279353, -0.0562805 , ..., -0.85340369,
         -0.89936064, -0.91919036],
        [ 0.00279353,  0.        , -0.05349118, ..., -0.85485648,
         -0.90057848, -0.92028691],
        [ 0.0562805 ,  0.05349118,  0.        , ..., -0.88138728,
         -0.9225414 , -0.93989746],
        ...,
        [ 0.85340369,  0.85485648,  0.88138728, ...,  0.        ,
          0.0956777 ,  0.1430466 ],
        [ 0.89936064,  0.90057848,  0.9225414 , ..., -0.0956777 ,
          0.        ,  0.04769661],
        [ 0.91919036,  0.92028691,  0.93989746, ..., -0.1430466 ,
         -0.04769661,  0.        ]]]), 'num': array([7.88883162e-01, 6.14514076e-01, 1.05041619e-06, 1.51625293e-03,
       1.52995401e-03, 1.49798482e-03, 4.10526394e-03, 4.56702690e-06,
       1.53269423e-03, 1.53315093e-03, 1.63058084e-03, 5.26964642e-07,
       1.60525212e-03, 1.46104974e-03])}
{'img': array([[[ 0.        , -0.27114123,  0.12516859, ..., -0.96973051,
         -0.9970016 , -0.99354176],
        [ 0.27114123,  0.        ,  0.38948856, ..., -0.86719735,
         -0.93867233, -0.92555768],
        [-0.12516859, -0.38948856,  0.        , ..., -0.99266743,
         -0.99884633, -0.99993055],
        ...,
        [ 0.96973051,  0.86719735,  0.99266743, ...,  0.        ,
         -0.16840688, -0.13256831],
        [ 0.9970016 ,  0.93867233,  0.99884633, ...,  0.16840688,
          0.        ,  0.03624558],
        [ 0.99354176,  0.92555768,  0.99993055, ...,  0.13256831,
         -0.03624558,  0.        ]],

       [[ 0.        ,  0.34257274,  0.77972575, ...,  0.13918459,
         -0.07313781, -0.09483449],
        [-0.34257274,  0.        ,  0.51805352, ..., -0.20847557,
         -0.41036761, -0.43012496],
        [-0.77972575, -0.51805352,  0.        , ..., -0.68498983,
         -0.82343066, -0.83558946],
        ...,
        [-0.13918459,  0.20847557,  0.68498983, ...,  0.        ,
         -0.21123776, -0.23246871],
        [ 0.07313781,  0.41036761,  0.82343066, ...,  0.21123776,
          0.        , -0.02177233],
        [ 0.09483449,  0.43012496,  0.83558946, ...,  0.23246871,
          0.02177233,  0.        ]],

       [[ 0.        , -0.00583044,  0.07139757, ..., -0.87270399,
         -0.9234663 , -0.9524651 ],
        [ 0.00583044,  0.        ,  0.07721192, ..., -0.86984245,
         -0.92121358, -0.95067268],
        [-0.07139757, -0.07721192,  0.        , ..., -0.90533664,
         -0.94850334, -0.97178546],
        ...,
        [ 0.87270399,  0.86984245,  0.90533664, ...,  0.        ,
         -0.11604345, -0.1991735 ],
        [ 0.9234663 ,  0.92121358,  0.94850334, ...,  0.11604345,
          0.        , -0.08410948],
        [ 0.9524651 ,  0.95067268,  0.97178546, ...,  0.1991735 ,
          0.08410948,  0.        ]],

       ...,

       [[ 0.        , -0.28704322,  0.1294547 , ...,  0.26571397,
          0.07833198,  0.30131191],
        [ 0.28704322,  0.        ,  0.40863479, ...,  0.53125666,
          0.36119682,  0.56233506],
        [-0.1294547 , -0.40863479,  0.        , ...,  0.13867702,
         -0.05138409,  0.1753381 ],
        ...,
        [-0.26571397, -0.53125666, -0.13867702, ...,  0.        ,
         -0.18938142,  0.03711524],
        [-0.07833198, -0.36119682,  0.05138409, ...,  0.18938142,
          0.        ,  0.22569453],
        [-0.30131191, -0.56233506, -0.1753381 , ..., -0.03711524,
         -0.22569453,  0.        ]],

       [[ 0.        , -0.01242459, -0.01626234, ..., -0.95806083,
         -0.95997873, -0.96636778],
        [ 0.01242459,  0.        , -0.00383814, ..., -0.95442643,
         -0.95642484, -0.96309803],
        [ 0.01626234,  0.00383814,  0.        , ..., -0.95327392,
         -0.95529715, -0.9620579 ],
        ...,
        [ 0.95806083,  0.95442643,  0.95327392, ...,  0.        ,
         -0.00676934, -0.03054837],
        [ 0.95997873,  0.95642484,  0.95529715, ...,  0.00676934,
          0.        , -0.02378148],
        [ 0.96636778,  0.96309803,  0.9620579 , ...,  0.03054837,
          0.02378148,  0.        ]],

       [[ 0.        , -0.05349118, -0.0516182 , ..., -0.90057848,
         -0.92028691, -0.95313873],
        [ 0.05349118,  0.        ,  0.00187557, ..., -0.9225414 ,
         -0.93989746, -0.96795702],
        [ 0.0516182 , -0.00187557,  0.        , ..., -0.921816  ,
         -0.93925539, -0.96748433],
        ...,
        [ 0.90057848,  0.9225414 ,  0.921816  , ...,  0.        ,
          0.04769661,  0.14186796],
        [ 0.92028691,  0.93989746,  0.93925539, ..., -0.04769661,
          0.        ,  0.09449231],
        [ 0.95313873,  0.96795702,  0.96748433, ..., -0.14186796,
         -0.09449231,  0.        ]]]), 'num': array([9.48777274e-01, 3.15882780e-01, 3.77847459e-06, 1.82917484e-03,
       1.84009528e-03, 1.81825439e-03, 3.53125752e-03, 1.63806702e-05,
       1.82699075e-03, 1.83600012e-03, 1.94474957e-03, 6.38743114e-07,
       1.91712625e-03, 1.75487399e-03])}
{'img': array([[[ 0.        ,  0.38948856,  0.42029324, ..., -0.93867233,
         -0.92555768, -0.88256063],
        [-0.38948856,  0.        ,  0.03368586, ..., -0.99884633,
         -0.99993055, -0.99600295],
        [-0.42029324, -0.03368586,  0.        , ..., -0.99666183,
         -0.99896605, -0.99844652],
        ...,
        [ 0.93867233,  0.99884633,  0.99666183, ...,  0.        ,
          0.03624558,  0.13704627],
        [ 0.92555768,  0.99993055,  0.99896605, ..., -0.03624558,
          0.        ,  0.10105263],
        [ 0.88256063,  0.99600295,  0.99844652, ..., -0.13704627,
         -0.10105263,  0.        ]],

       [[ 0.        ,  0.46693282,  0.27645525, ..., -0.31231922,
         -0.32483601, -0.82355417],
        [-0.46693282,  0.        , -0.20426757, ..., -0.71975717,
         -0.72886136, -0.99312488],
        [-0.27645525,  0.20426757,  0.        , ..., -0.56277333,
         -0.57363929, -0.94827345],
        ...,
        [ 0.31231922,  0.71975717,  0.56277333, ...,  0.        ,
         -0.01320455, -0.60519849],
        [ 0.32483601,  0.72886136,  0.57363929, ...,  0.01320455,
          0.        , -0.59463392],
        [ 0.82355417,  0.99312488,  0.94827345, ...,  0.60519849,
          0.59463392,  0.        ]],

       [[ 0.        ,  0.07721192,  0.176911  , ..., -0.92121358,
         -0.95067268, -0.96155376],
        [-0.07721192,  0.        ,  0.10038883, ..., -0.94850334,
         -0.97178546, -0.97988692],
        [-0.176911  , -0.10038883,  0.        , ..., -0.97551165,
         -0.99055464, -0.99496976],
        ...,
        [ 0.92121358,  0.94850334,  0.97551165, ...,  0.        ,
         -0.08410948, -0.12111874],
        [ 0.95067268,  0.97178546,  0.99055464, ...,  0.08410948,
          0.        , -0.03719929],
        [ 0.96155376,  0.97988692,  0.99496976, ...,  0.12111874,
          0.03719929,  0.        ]],

       ...,

       [[ 0.        ,  0.40863479,  0.4647563 , ...,  0.36119682,
          0.56233506,  0.58485616],
        [-0.40863479,  0.        ,  0.0623611 , ..., -0.05138409,
          0.1753381 ,  0.20233823],
        [-0.4647563 , -0.0623611 ,  0.        , ..., -0.11356279,
          0.11360181,  0.14087321],
        ...,
        [-0.36119682,  0.05138409,  0.11356279, ...,  0.        ,
          0.22569453,  0.25239218],
        [-0.56233506, -0.1753381 , -0.11360181, ..., -0.22569453,
          0.        ,  0.02749231],
        [-0.58485616, -0.20233823, -0.14087321, ..., -0.25239218,
         -0.02749231,  0.        ]],

       [[ 0.        , -0.00383814, -0.00811499, ..., -0.95642484,
         -0.96309803, -0.9668292 ],
        [ 0.00383814,  0.        , -0.00427692, ..., -0.95529715,
         -0.9620579 , -0.96584173],
        [ 0.00811499,  0.00427692,  0.        , ..., -0.95402395,
         -0.96088217, -0.96472461],
        ...,
        [ 0.95642484,  0.95529715,  0.95402395, ...,  0.        ,
         -0.02378148, -0.03799983],
        [ 0.96309803,  0.9620579 ,  0.96088217, ...,  0.02378148,
          0.        , -0.01422478],
        [ 0.9668292 ,  0.96584173,  0.96472461, ...,  0.03799983,
          0.01422478,  0.        ]],

       [[ 0.        ,  0.00187557,  0.00454941, ..., -0.93989746,
         -0.96795702, -0.98344357],
        [-0.00187557,  0.        ,  0.00267386, ..., -0.93925539,
         -0.96748433, -0.98310196],
        [-0.00454941, -0.00267386,  0.        , ..., -0.93833431,
         -0.96680457, -0.98260897],
        ...,
        [ 0.93989746,  0.93925539,  0.93833431, ...,  0.        ,
          0.09449231,  0.16548032],
        [ 0.96795702,  0.96748433,  0.96680457, ..., -0.09449231,
          0.        ,  0.07155034],
        [ 0.98344357,  0.98310196,  0.98260897, ..., -0.16548032,
         -0.07155034,  0.        ]]]), 'num': array([ 8.77990181e-01,  4.78640430e-01,  2.40572139e-06,  1.68502005e-03,
        1.71039685e-03,  1.68502005e-03,  3.62012346e-03, -1.52260848e-05,
        1.69111048e-03,  1.70760540e-03,  1.80386810e-03,  4.24913993e-07,
        1.78125763e-03,  1.63395318e-03])}
{'img': array([[[ 0.        ,  0.03368586,  0.        , ..., -0.99993055,
         -0.99600295, -0.99993055],
        [-0.03368586,  0.        , -0.03368586, ..., -0.99896605,
         -0.99844652, -0.99896605],
        [ 0.        ,  0.03368586,  0.        , ..., -0.99993055,
         -0.99600295, -0.99993055],
        ...,
        [ 0.99993055,  0.99896605,  0.99993055, ...,  0.        ,
          0.10105263,  0.        ],
        [ 0.99600295,  0.99844652,  0.99600295, ..., -0.10105263,
          0.        , -0.10105263],
        [ 0.99993055,  0.99896605,  0.99993055, ...,  0.        ,
          0.10105263,  0.        ]],

       [[ 0.        , -0.20426757, -0.16758651, ..., -0.72886136,
         -0.99312488, -0.90459151],
        [ 0.20426757,  0.        ,  0.03732572, ..., -0.57363929,
         -0.94827345, -0.79844321],
        [ 0.16758651, -0.03732572,  0.        , ..., -0.60381335,
         -0.95946187, -0.82035952],
        ...,
        [ 0.72886136,  0.57363929,  0.60381335, ...,  0.        ,
         -0.59463392, -0.30864016],
        [ 0.99312488,  0.94827345,  0.95946187, ...,  0.59463392,
          0.        ,  0.31745759],
        [ 0.90459151,  0.79844321,  0.82035952, ...,  0.30864016,
         -0.31745759,  0.        ]],

       [[ 0.        ,  0.10038883,  0.14647276, ..., -0.97178546,
         -0.97988692, -0.98933817],
        [-0.10038883,  0.        ,  0.04642672, ..., -0.99055464,
         -0.99496976, -0.99896059],
        [-0.14647276, -0.04642672,  0.        , ..., -0.99585249,
         -0.99854771, -0.99999964],
        ...,
        [ 0.97178546,  0.99055464,  0.99585249, ...,  0.        ,
         -0.03719929, -0.09182433],
        [ 0.97988692,  0.99496976,  0.99854771, ...,  0.03719929,
          0.        , -0.05471864],
        [ 0.98933817,  0.99896059,  0.99999964, ...,  0.09182433,
          0.05471864,  0.        ]],

       ...,

       [[ 0.        ,  0.0623611 ,  0.02139684, ...,  0.1753381 ,
          0.20233823, -0.34159738],
        [-0.0623611 ,  0.        , -0.04099163, ...,  0.11360181,
          0.14087321, -0.39954237],
        [-0.02139684,  0.04099163,  0.        , ...,  0.15423259,
          0.18133765, -0.36162892],
        ...,
        [-0.1753381 , -0.11360181, -0.15423259, ...,  0.        ,
          0.02749231, -0.50109633],
        [-0.20233823, -0.14087321, -0.18133765, ..., -0.02749231,
          0.        , -0.52469854],
        [ 0.34159738,  0.39954237,  0.36162892, ...,  0.50109633,
          0.52469854,  0.        ]],

       [[ 0.        , -0.00427692, -0.01731535, ..., -0.9620579 ,
         -0.96584173, -0.96725983],
        [ 0.00427692,  0.        , -0.01303892, ..., -0.96088217,
         -0.96472461, -0.96616555],
        [ 0.01731535,  0.01303892,  0.        , ..., -0.95718925,
         -0.96120995, -0.96272038],
        ...,
        [ 0.9620579 ,  0.96088217,  0.95718925, ...,  0.        ,
         -0.01422478, -0.01975346],
        [ 0.96584173,  0.96472461,  0.96120995, ...,  0.01422478,
          0.        , -0.00552946],
