state_0,state_1,state_2,state_3,state_4,state_5,state_6,state_7,state_8,state_9,state_10,state_11,state_12,state_13,state_14,state_15,state_16,state_17,state_18,state_19,state_20,state_21,state_22,state_23,state_24,state_25,state_26,state_27,state_28,state_29,state_30,state_31,state_32,state_33,state_34,state_35,state_36,state_37,state_38,state_39,state_40,state_41,state_42,state_43,state_44,state_45,state_46,state_47,state_48,state_49,state_50,state_51,state_52,state_53,state_54,state_55,state_56,state_57,state_58,state_59,state_60,state_61,state_62,state_63,state_64,state_65,state_66,state_67,state_68,state_69,state_70,state_71,state_72,state_73,state_74,state_75,state_76,state_77,state_78,state_79,state_80,state_81,state_82,state_83,state_84,state_85,state_86,state_87,state_88,state_89,state_90,state_91,state_92,state_93,state_94,state_95,state_96,state_97,state_98,state_99,state_100,state_101,state_102,state_103,state_104,state_105,state_106,state_107,state_108,state_109,state_110,state_111,state_112,state_113,state_114,state_115,state_116,state_117,state_118,state_119,state_120,state_121,state_122,state_123,state_124,state_125,state_126,state_127,state_128,state_129,state_130,state_131,state_132,state_133,state_134,state_135,state_136,state_137,state_138,state_139,state_140,state_141,state_142,state_143,state_144,state_145,state_146,state_147,state_148,state_149,state_150,state_151,state_152,state_153,state_154,state_155,state_156,state_157,state_158,state_159,state_160,state_161,state_162,state_163,state_164,state_165,state_166,state_167,state_168,state_169,state_170,state_171,state_172,state_173,state_174,state_175,state_176,state_177,state_178,state_179,state_180,state_181,state_182,state_183,state_184,state_185,state_186,state_187,state_188,state_189,state_190,state_191,state_192,state_193,state_194,state_195,state_196,state_197,state_198,state_199,state_200,state_201,state_202,state_203,state_204,state_205,state_206,state_207,state_208,state_209,state_210,state_211,state_212,state_213,state_214,state_215,state_216,state_217,state_218,state_219,state_220,state_221,state_222,state_223,state_224,state_225,state_226,state_227,state_228,state_229,state_230,state_231,state_232,state_233,state_234,state_235,state_236,state_237,state_238,state_239,state_240,state_241,state_242,state_243,state_244,state_245,state_246,state_247,state_248,state_249,state_250,state_251,state_252,state_253,state_254,state_255,state_256,state_257,state_258,state_259,state_260,state_261,state_262,state_263,state_264,state_265,state_266,state_267,state_268,state_269,state_270,state_271,state_272,state_273,state_274,state_275,state_276,state_277,state_278,state_279,state_280,state_281,state_282,state_283,state_284,state_285,state_286,state_287
{'img': array([[[ 0.00000000e+00, -1.85437146e-01, -2.32313351e-01, ...,
         -9.36883785e-02, -5.64189791e-01, -8.24421092e-01],
        [ 1.85437146e-01,  0.00000000e+00, -4.79203674e-02, ...,
          9.25580550e-02, -4.01299279e-01, -7.05169295e-01],
        [ 2.32313351e-01,  4.79203674e-02,  0.00000000e+00, ...,
          1.40166380e-01, -3.56945733e-01, -6.70381759e-01],
        ...,
        [ 9.36883785e-02, -9.25580550e-02, -1.40166380e-01, ...,
          0.00000000e+00, -4.84354889e-01, -7.67769475e-01],
        [ 5.64189791e-01,  4.01299279e-01,  3.56945733e-01, ...,
          4.84354889e-01,  0.00000000e+00, -3.61360865e-01],
        [ 8.24421092e-01,  7.05169295e-01,  6.70381759e-01, ...,
          7.67769475e-01,  3.61360865e-01,  0.00000000e+00]],

       [[ 0.00000000e+00, -5.45338718e-03, -5.49041917e-02, ...,
          9.89007529e-01,  6.39338715e-01,  4.08117803e-01],
        [ 5.45338718e-03,  0.00000000e+00, -4.94582139e-02, ...,
          9.89799189e-01,  6.43522455e-01,  4.13090291e-01],
        [ 5.49041917e-02,  4.94582139e-02,  0.00000000e+00, ...,
          9.95634154e-01,  6.80591572e-01,  4.57625853e-01],
        ...,
        [-9.89007529e-01, -9.89799189e-01, -9.95634154e-01, ...,
          0.00000000e+00, -6.65936914e-01, -8.42547518e-01],
        [-6.39338715e-01, -6.43522455e-01, -6.80591572e-01, ...,
          6.65936914e-01,  0.00000000e+00, -2.69858954e-01],
        [-4.08117803e-01, -4.13090291e-01, -4.57625853e-01, ...,
          8.42547518e-01,  2.69858954e-01,  0.00000000e+00]],

       [[ 0.00000000e+00, -2.10951710e-01, -2.43123621e-01, ...,
         -9.27190648e-01, -8.73342098e-01, -8.58172482e-01],
        [ 2.10951710e-01,  0.00000000e+00, -3.30303147e-02, ...,
         -8.27305243e-01, -7.50932699e-01, -7.30566105e-01],
        [ 2.43123621e-01,  3.30303147e-02,  0.00000000e+00, ...,
         -8.08298958e-01, -7.28710435e-01, -7.07612986e-01],
        ...,
        [ 9.27190648e-01,  8.27305243e-01,  8.08298958e-01, ...,
          0.00000000e+00,  1.24496365e-01,  1.54521306e-01],
        [ 8.73342098e-01,  7.50932699e-01,  7.28710435e-01, ...,
         -1.24496365e-01,  0.00000000e+00,  3.03180441e-02],
        [ 8.58172482e-01,  7.30566105e-01,  7.07612986e-01, ...,
         -1.54521306e-01, -3.03180441e-02,  0.00000000e+00]],

       ...,

       [[ 0.00000000e+00, -7.94106808e-02, -4.55399485e-01, ...,
          9.98387307e-01,  7.53452442e-01,  5.72949118e-01],
        [ 7.94106808e-02,  0.00000000e+00, -3.83263014e-01, ...,
          9.90726275e-01,  8.03285742e-01,  6.36224011e-01],
        [ 4.55399485e-01,  3.83263014e-01,  0.00000000e+00, ...,
          8.62998612e-01,  9.70215328e-01,  8.83330561e-01],
        ...,
        [-9.98387307e-01, -9.90726275e-01, -8.62998612e-01, ...,
          0.00000000e+00, -6.99215233e-01, -8.50795268e-01],
        [-7.53452442e-01, -8.03285742e-01, -9.70215328e-01, ...,
          6.99215233e-01,  0.00000000e+00, -2.40807369e-01],
        [-5.72949118e-01, -6.36224011e-01, -8.83330561e-01, ...,
          8.50795268e-01,  2.40807369e-01,  0.00000000e+00]],

       [[ 0.00000000e+00, -1.94713830e-02, -4.79195442e-02, ...,
         -9.44638696e-01, -9.13816106e-01, -9.10629701e-01],
        [ 1.94713830e-02,  0.00000000e+00, -2.84614452e-02, ...,
         -9.38070805e-01, -9.05734982e-01, -9.02411029e-01],
        [ 4.79195442e-02,  2.84614452e-02,  0.00000000e+00, ...,
         -9.27830498e-01, -8.93304834e-01, -8.89782093e-01],
        ...,
        [ 9.44638696e-01,  9.38070805e-01,  9.27830498e-01, ...,
          0.00000000e+00,  8.38100474e-02,  9.15579000e-02],
        [ 9.13816106e-01,  9.05734982e-01,  8.93304834e-01, ...,
         -8.38100474e-02,  0.00000000e+00,  7.77775164e-03],
        [ 9.10629701e-01,  9.02411029e-01,  8.89782093e-01, ...,
         -9.15579000e-02, -7.77775164e-03,  0.00000000e+00]],

       [[ 0.00000000e+00, -2.71707026e-01, -3.77472713e-01, ...,
         -6.68472092e-01, -6.47508218e-01, -6.47750885e-01],
        [ 2.71707026e-01,  0.00000000e+00, -1.11665863e-01, ...,
         -8.45402811e-01, -8.30205608e-01, -8.30383104e-01],
        [ 3.77472713e-01,  1.11665863e-01,  0.00000000e+00, ...,
         -8.99759509e-01, -8.87262295e-01, -8.87409154e-01],
        ...,
        [ 6.68472092e-01,  8.45402811e-01,  8.99759509e-01, ...,
          0.00000000e+00, -2.78388521e-02, -2.75204947e-02],
        [ 6.47508218e-01,  8.30205608e-01,  8.87262295e-01, ...,
          2.78388521e-02,  0.00000000e+00,  3.18479481e-04],
        [ 6.47750885e-01,  8.30383104e-01,  8.87409154e-01, ...,
          2.75204947e-02, -3.18479481e-04,  0.00000000e+00]]]), 'num': array([ 7.04542058e-01,  7.04542058e-01,  0.00000000e+00,  4.16038056e-05,
        4.32039519e-05,  4.11977983e-05,  8.50938494e-02, -1.60014637e-06,
        4.51575635e-05,  4.20372781e-05,  4.25316516e-05,  1.30183332e-06,
        4.67158723e-05,  3.73586838e-05])}
{'img': array([[[ 0.00000000e+00, -4.79203674e-02, -7.07694053e-03, ...,
         -4.01299279e-01, -7.05169295e-01, -8.57825190e-01],
        [ 4.79203674e-02,  0.00000000e+00,  4.08503571e-02, ...,
         -3.56945733e-01, -6.70381759e-01, -8.32211416e-01],
        [ 7.07694053e-03, -4.08503571e-02,  0.00000000e+00, ...,
         -3.94807127e-01, -7.00133809e-01, -8.54166575e-01],
        ...,
        [ 4.01299279e-01,  3.56945733e-01,  3.94807127e-01, ...,
          0.00000000e+00, -3.61360865e-01, -5.79478017e-01],
        [ 7.05169295e-01,  6.70381759e-01,  7.00133809e-01, ...,
          3.61360865e-01,  0.00000000e+00, -2.45815674e-01],
        [ 8.57825190e-01,  8.32211416e-01,  8.54166575e-01, ...,
          5.79478017e-01,  2.45815674e-01,  0.00000000e+00]],

       [[ 0.00000000e+00, -4.94582139e-02,  1.05596880e-01, ...,
          6.43522455e-01,  4.13090291e-01,  2.35681542e-01],
        [ 4.94582139e-02,  0.00000000e+00,  1.54649344e-01, ...,
          6.80591572e-01,  4.57625853e-01,  2.83458106e-01],
        [-1.05596880e-01, -1.54649344e-01,  0.00000000e+00, ...,
          5.59097806e-01,  3.14614681e-01,  1.31741599e-01],
        ...,
        [-6.43522455e-01, -6.80591572e-01, -5.59097806e-01, ...,
          0.00000000e+00, -2.69858954e-01, -4.44997576e-01],
        [-4.13090291e-01, -4.57625853e-01, -3.14614681e-01, ...,
          2.69858954e-01,  0.00000000e+00, -1.86820838e-01],
        [-2.35681542e-01, -2.83458106e-01, -1.31741599e-01, ...,
          4.44997576e-01,  1.86820838e-01,  0.00000000e+00]],

       [[ 0.00000000e+00, -1.22945160e-01, -2.48212735e-01, ...,
         -8.63685944e-01, -8.47632852e-01, -8.60340206e-01],
        [ 1.22945160e-01,  0.00000000e+00, -1.27232003e-01, ...,
         -7.95165470e-01, -7.75969619e-01, -7.91145569e-01],
        [ 2.48212735e-01,  1.27232003e-01,  0.00000000e+00, ...,
         -7.11550615e-01, -6.89409135e-01, -7.06897274e-01],
        ...,
        [ 8.63685944e-01,  7.95165470e-01,  7.11550615e-01, ...,
          0.00000000e+00,  3.10245849e-02,  6.60064054e-03],
        [ 8.47632852e-01,  7.75969619e-01,  6.89409135e-01, ...,
         -3.10245849e-02,  0.00000000e+00, -2.44264459e-02],
        [ 8.60340206e-01,  7.91145569e-01,  7.06897274e-01, ...,
         -6.60064054e-03,  2.44264459e-02,  0.00000000e+00]],

       ...,

       [[ 0.00000000e+00, -3.83263014e-01, -3.73877312e-01, ...,
          8.03285742e-01,  6.36224011e-01,  4.60271914e-01],
        [ 3.83263014e-01,  0.00000000e+00,  1.01403184e-02, ...,
          9.70215328e-01,  8.83330561e-01,  7.65377674e-01],
        [ 3.73877312e-01, -1.01403184e-02,  0.00000000e+00, ...,
          9.67709012e-01,  8.78531865e-01,  7.58812202e-01],
        ...,
        [-8.03285742e-01, -9.70215328e-01, -9.67709012e-01, ...,
          0.00000000e+00, -2.40807369e-01, -4.39004290e-01],
        [-6.36224011e-01, -8.83330561e-01, -8.78531865e-01, ...,
          2.40807369e-01,  0.00000000e+00, -2.09723879e-01],
        [-4.60271914e-01, -7.65377674e-01, -7.58812202e-01, ...,
          4.39004290e-01,  2.09723879e-01,  0.00000000e+00]],

       [[ 0.00000000e+00, -2.84614452e-02, -2.41074371e-02, ...,
         -9.05734982e-01, -9.02411029e-01, -9.00946768e-01],
        [ 2.84614452e-02,  0.00000000e+00,  4.35550254e-03, ...,
         -8.93304834e-01, -8.89782093e-01, -8.88231522e-01],
        [ 2.41074371e-02, -4.35550254e-03,  0.00000000e+00, ...,
         -8.95253947e-01, -8.91761442e-01, -8.90223998e-01],
        ...,
        [ 9.05734982e-01,  8.93304834e-01,  8.95253947e-01, ...,
          0.00000000e+00,  7.77775164e-03,  1.11639283e-02],
        [ 9.02411029e-01,  8.89782093e-01,  8.91761442e-01, ...,
         -7.77775164e-03,  0.00000000e+00,  3.38632371e-03],
        [ 9.00946768e-01,  8.88231522e-01,  8.90223998e-01, ...,
         -1.11639283e-02, -3.38632371e-03,  0.00000000e+00]],

       [[ 0.00000000e+00, -2.69702615e-01, -3.65698802e-01, ...,
         -6.52838658e-01, -6.53082489e-01, -6.61693906e-01],
        [ 2.69702615e-01,  0.00000000e+00, -1.01126153e-01, ...,
         -8.32945768e-01, -8.33123869e-01, -8.39389985e-01],
        [ 3.65698802e-01,  1.01126153e-01,  0.00000000e+00, ...,
         -8.84634389e-01, -8.84784456e-01, -8.90052005e-01],
        ...,
        [ 6.52838658e-01,  8.32945768e-01,  8.84634389e-01, ...,
          0.00000000e+00,  3.21934885e-04,  1.17496340e-02],
        [ 6.53082489e-01,  8.33123869e-01,  8.84784456e-01, ...,
         -3.21934885e-04,  0.00000000e+00,  1.14277207e-02],
        [ 6.61693906e-01,  8.39389985e-01,  8.90052005e-01, ...,
         -1.17496340e-02, -1.14277207e-02,  0.00000000e+00]]]), 'num': array([7.05957262e-01, 7.05957262e-01, 0.00000000e+00, 4.22377819e-05,
       4.28360508e-05, 4.14241363e-05, 5.69971466e-02, 5.50407357e-07,
       4.40517331e-05, 4.21324866e-05, 4.25329279e-05, 1.36477628e-06,
       4.68205062e-05, 3.74444670e-05])}
{'img': array([[[ 0.        ,  0.04085036, -0.01951648, ..., -0.67038176,
         -0.83221142, -0.78244747],
        [-0.04085036,  0.        , -0.06034277, ..., -0.70013381,
         -0.85416657, -0.80723253],
        [ 0.01951648,  0.06034277,  0.        , ..., -0.65577253,
         -0.82123183, -0.7701452 ],
        ...,
        [ 0.67038176,  0.70013381,  0.65577253, ...,  0.        ,
         -0.24581567, -0.16313098],
        [ 0.83221142,  0.85416657,  0.82123183, ...,  0.24581567,
          0.        ,  0.08439727],
        [ 0.78244747,  0.80723253,  0.7701452 , ...,  0.16313098,
         -0.08439727,  0.        ]],

       [[ 0.        ,  0.15464934,  0.03641329, ...,  0.45762585,
          0.28345811,  0.18011802],
        [-0.15464934,  0.        , -0.11857156, ...,  0.31461468,
          0.1317416 ,  0.02583104],
        [-0.03641329,  0.11857156,  0.        , ...,  0.42494567,
          0.24835033,  0.14418081],
        ...,
        [-0.45762585, -0.31461468, -0.42494567, ...,  0.        ,
         -0.18682084, -0.28999038],
        [-0.28345811, -0.1317416 , -0.24835033, ...,  0.18682084,
          0.        , -0.10609174],
        [-0.18011802, -0.02583104, -0.14418081, ...,  0.28999038,
          0.10609174,  0.        ]],

       [[ 0.        , -0.21686408, -0.38045918, ..., -0.84395675,
         -0.85690833, -0.96072942],
        [ 0.21686408,  0.        , -0.17084953, ..., -0.70754377,
         -0.72472879, -0.87768885],
        [ 0.38045918,  0.17084953,  0.        , ..., -0.57640669,
         -0.59635202, -0.78290793],
        ...,
        [ 0.84395675,  0.70754377,  0.57640669, ...,  0.        ,
         -0.02462186, -0.2811591 ],
        [ 0.85690833,  0.72472879,  0.59635202, ...,  0.02462186,
          0.        , -0.25744522],
        [ 0.96072942,  0.87768885,  0.78290793, ...,  0.2811591 ,
          0.25744522,  0.        ]],

       ...,

       [[ 0.        ,  0.01014032, -0.006534  , ...,  0.88333056,
          0.76537767,  0.82041115],
        [-0.01014032,  0.        , -0.01667377, ...,  0.87853187,
          0.7588122 ,  0.814571  ],
        [ 0.006534  ,  0.01667377,  0.        , ...,  0.88637452,
          0.7695665 ,  0.82412962],
        ...,
        [-0.88333056, -0.87853187, -0.88637452, ...,  0.        ,
         -0.20972388, -0.12049726],
        [-0.76537767, -0.7588122 , -0.7695665 , ...,  0.20972388,
          0.        ,  0.09037828],
        [-0.82041115, -0.814571  , -0.82412962, ...,  0.12049726,
         -0.09037828,  0.        ]],

       [[ 0.        ,  0.0043555 , -0.00211879, ..., -0.88978209,
         -0.88823152, -0.88669839],
        [-0.0043555 ,  0.        , -0.00647426, ..., -0.89176144,
         -0.890224  , -0.88870374],
        [ 0.00211879,  0.00647426,  0.        , ..., -0.88881311,
         -0.88725617, -0.88571678],
        ...,
        [ 0.88978209,  0.89176144,  0.88881311, ...,  0.        ,
          0.00338632,  0.00671287],
        [ 0.88823152,  0.890224  ,  0.88725617, ..., -0.00338632,
          0.        ,  0.00332659],
        [ 0.88669839,  0.88870374,  0.88571678, ..., -0.00671287,
         -0.00332659,  0.        ]],

       [[ 0.        , -0.25408641, -0.36474899, ..., -0.65835812,
         -0.66700825, -0.66920563],
        [ 0.25408641,  0.        , -0.11619713, ..., -0.82800388,
         -0.83442522, -0.83604915],
        [ 0.36474899,  0.11619713,  0.        , ..., -0.88754945,
         -0.89281166, -0.89413798],
        ...,
        [ 0.65835812,  0.82800388,  0.88754945, ...,  0.        ,
          0.01155041,  0.01450337],
        [ 0.66700825,  0.83442522,  0.89281166, ..., -0.01155041,
          0.        ,  0.00295321],
        [ 0.66920563,  0.83604915,  0.89413798, ..., -0.01450337,
         -0.00295321,  0.        ]]]), 'num': array([9.69017286e-01, 2.37228145e-01, 4.14376637e-04, 5.79910564e-05,
       5.85492942e-05, 5.72686310e-05, 6.87612368e-02, 3.28375178e-08,
       5.89893169e-05, 5.78547807e-05, 5.82521147e-05, 1.85012450e-06,
       6.42811517e-05, 5.14284097e-05])}
{'img': array([[[ 0.        , -0.06034277, -0.41922333, ..., -0.85416657,
         -0.80723253, -0.80505331],
        [ 0.06034277,  0.        , -0.36367521, ..., -0.82123183,
         -0.7701452 , -0.7677908 ],
        [ 0.41922333,  0.36367521,  0.        , ..., -0.55748752,
         -0.48543313, -0.48221001],
        ...,
        [ 0.85416657,  0.82123183,  0.55748752, ...,  0.        ,
          0.08439727,  0.08806641],
        [ 0.80723253,  0.7701452 ,  0.48543313, ..., -0.08439727,
          0.        ,  0.00368286],
        [ 0.80505331,  0.7677908 ,  0.48221001, ..., -0.08806641,
         -0.00368286,  0.        ]],

       [[ 0.        , -0.11857156,  0.14851559, ...,  0.1317416 ,
          0.02583104, -0.00638475],
        [ 0.11857156,  0.        ,  0.2647245 , ...,  0.24835033,
          0.14418081,  0.11222944],
        [-0.14851559, -0.2647245 ,  0.        , ..., -0.01694055,
         -0.12292146, -0.15482651],
        ...,
        [-0.1317416 , -0.24835033,  0.01694055, ...,  0.        ,
         -0.10609174, -0.13806801],
        [-0.02583104, -0.14418081,  0.12292146, ...,  0.10609174,
          0.        , -0.03221313],
        [ 0.00638475, -0.11222944,  0.15482651, ...,  0.13806801,
          0.03221313,  0.        ]],

       [[ 0.        , -0.31833919, -0.53034135, ..., -0.84566208,
         -0.95615199, -0.99687477],
        [ 0.31833919,  0.        , -0.23286841, ..., -0.63176453,
         -0.8131777 , -0.91986605],
        [ 0.53034135,  0.23286841,  0.        , ..., -0.43388586,
         -0.655289  , -0.80323873],
        ...,
        [ 0.84566208,  0.63176453,  0.43388586, ...,  0.        ,
         -0.26264637, -0.46524502],
        [ 0.95615199,  0.8131777 ,  0.655289  , ...,  0.26264637,
          0.        , -0.21642145],
        [ 0.99687477,  0.91986605,  0.80323873, ...,  0.46524502,
          0.21642145,  0.        ]],

       ...,

       [[ 0.        , -0.01667377, -0.32355579, ...,  0.7588122 ,
          0.814571  ,  0.79978351],
        [ 0.01667377,  0.        , -0.30773394, ...,  0.7695665 ,
          0.82412962,  0.80968139],
        [ 0.32355579,  0.30773394,  0.        , ...,  0.92872996,
          0.95843751,  0.95098926],
        ...,
        [-0.7588122 , -0.7695665 , -0.92872996, ...,  0.        ,
          0.09037828,  0.0654003 ],
        [-0.814571  , -0.82412962, -0.95843751, ..., -0.09037828,
          0.        , -0.02505214],
        [-0.79978351, -0.80968139, -0.95098926, ..., -0.0654003 ,
          0.02505214,  0.        ]],

       [[ 0.        , -0.00647426,  0.09710407, ..., -0.890224  ,
         -0.88870374, -0.8851254 ],
        [ 0.00647426,  0.        ,  0.1035457 , ..., -0.88725617,
         -0.88571678, -0.88209404],
        [-0.09710407, -0.1035457 ,  0.        , ..., -0.93025015,
         -0.92902439, -0.92613014],
        ...,
        [ 0.890224  ,  0.88725617,  0.93025015, ...,  0.        ,
          0.00332659,  0.01107303],
        [ 0.88870374,  0.88571678,  0.92902439, ..., -0.00332659,
          0.        ,  0.00774658],
        [ 0.8851254 ,  0.88209404,  0.92613014, ..., -0.01107303,
         -0.00774658,  0.        ]],

       [[ 0.        , -0.26834629, -0.52563298, ..., -0.67172896,
         -0.67393458, -0.68095744],
        [ 0.26834629,  0.        , -0.27806882, ..., -0.84588176,
         -0.84746818, -0.85249779],
        [ 0.52563298,  0.27806882,  0.        , ..., -0.96083485,
         -0.96165679, -0.96423141],
        ...,
        [ 0.67172896,  0.84588176,  0.96083485, ...,  0.        ,
          0.00298139,  0.01252867],
        [ 0.67393458,  0.84746818,  0.96165679, ..., -0.00298139,
          0.        ,  0.00954746],
        [ 0.68095744,  0.85249779,  0.96423141, ..., -0.01252867,
         -0.00954746,  0.        ]]]), 'num': array([ 9.96399888e-01,  1.70770882e-02,  5.62829195e-04,  5.96166555e-05,
        6.14668276e-05,  5.94796057e-05,  8.30378809e-02, -8.90823588e-07,
        6.04526592e-05,  6.04115443e-05,  6.06456710e-05,  1.82853739e-06,
        6.70826316e-05,  5.37404569e-05])}
{'img': array([[[ 0.        , -0.36367521, -0.56443589, ..., -0.7701452 ,
         -0.7677908 , -0.8253976 ],
        [ 0.36367521,  0.        , -0.22558112, ..., -0.48543313,
         -0.48221001, -0.56356566],
        [ 0.56443589,  0.22558112,  0.        , ..., -0.27570114,
         -0.27215914, -0.36269332],
        ...,
        [ 0.7701452 ,  0.48543313,  0.27570114, ...,  0.        ,
          0.00368286, -0.09170832],
        [ 0.7677908 ,  0.48221001,  0.27215914, ..., -0.00368286,
          0.        , -0.09537504],
        [ 0.8253976 ,  0.56356566,  0.36269332, ...,  0.09170832,
          0.09537504,  0.        ]],

       [[ 0.        ,  0.2647245 ,  0.11790005, ...,  0.14418081,
          0.11222944,  0.14852986],
        [-0.2647245 ,  0.        , -0.14918431, ..., -0.12292146,
         -0.15482651, -0.11855724],
        [-0.11790005,  0.14918431,  0.        , ...,  0.02650706,
         -0.00570851,  0.03090164],
        ...,
        [-0.14418081,  0.12292146, -0.02650706, ...,  0.        ,
         -0.03221313,  0.00439638],
        [-0.11222944,  0.15482651,  0.00570851, ...,  0.03221313,
          0.        ,  0.03660691],
        [-0.14852986,  0.11855724, -0.03090164, ..., -0.00439638,
         -0.03660691,  0.        ]],

       [[ 0.        , -0.44176349, -0.64802137, ..., -0.94488631,
         -0.99417108, -0.99872684],
        [ 0.44176349,  0.        , -0.24490356, ..., -0.70305457,
         -0.84427393, -0.91827416],
        [ 0.64802137,  0.24490356,  0.        , ..., -0.50748505,
         -0.68731691, -0.79334199],
        ...,
        [ 0.94488631,  0.70305457,  0.50748505, ...,  0.        ,
         -0.22361822, -0.37464667],
        [ 0.99417108,  0.84427393,  0.68731691, ...,  0.22361822,
          0.        , -0.15782784],
        [ 0.99872684,  0.91827416,  0.79334199, ...,  0.37464667,
          0.15782784,  0.        ]],

       ...,

       [[ 0.        , -0.30773394, -0.33805982, ...,  0.82412962,
          0.80968139,  0.74343964],
        [ 0.30773394,  0.        , -0.03203862, ...,  0.95843751,
          0.95098926,  0.91317573],
        [ 0.33805982,  0.03203862,  0.        , ...,  0.96708618,
          0.96040816,  0.92576479],
        ...,
        [-0.82412962, -0.95843751, -0.96708618, ...,  0.        ,
         -0.02505214, -0.13009525],
        [-0.80968139, -0.95098926, -0.96040816, ...,  0.02505214,
          0.        , -0.10521518],
        [-0.74343964, -0.91317573, -0.92576479, ...,  0.13009525,
          0.10521518,  0.        ]],

       [[ 0.        ,  0.1035457 ,  0.29145174, ..., -0.88571678,
         -0.88209404, -0.88086823],
        [-0.1035457 ,  0.        ,  0.19083478, ..., -0.92902439,
         -0.92613014, -0.92514785],
        [-0.29145174, -0.19083478,  0.        , ..., -0.98256334,
         -0.98109355, -0.98058785],
        ...,
        [ 0.88571678,  0.92902439,  0.98256334, ...,  0.        ,
          0.00774658,  0.01034233],
        [ 0.88209404,  0.92613014,  0.98109355, ..., -0.00774658,
          0.        ,  0.00259586],
        [ 0.88086823,  0.92514785,  0.98058785, ..., -0.01034233,
         -0.00259586,  0.        ]],

       [[ 0.        , -0.46504849, -0.69531439, ..., -0.67924532,
         -0.68629591, -0.69744393],
        [ 0.46504849,  0.        , -0.28131855, ..., -0.94263018,
         -0.94580782, -0.95070884],
        [ 0.69531439,  0.28131855,  0.        , ..., -0.99847658,
         -0.99896255, -0.99954659],
        ...,
        [ 0.67924532,  0.94263018,  0.99847658, ...,  0.        ,
          0.00964996,  0.02508805],
        [ 0.68629591,  0.94580782,  0.99896255, ..., -0.00964996,
          0.        ,  0.01543995],
        [ 0.69744393,  0.95070884,  0.99954659, ..., -0.02508805,
         -0.01543995,  0.        ]]]), 'num': array([ 9.97445918e-01,  1.67239878e-03,  5.85060822e-04,  5.96771856e-05,
        6.13251455e-05,  5.95719967e-05,  7.14035773e-02, -1.33239310e-06,
        6.11147677e-05,  6.18300524e-05,  6.19083597e-05,  1.73502841e-06,
        6.86478820e-05,  5.50122228e-05])}
