state_0,state_1,state_2,state_3,state_4,state_5,state_6,state_7,state_8,state_9,state_10,state_11,state_12,state_13,state_14,state_15,state_16,state_17,state_18,state_19,state_20,state_21,state_22,state_23,state_24,state_25,state_26,state_27,state_28,state_29,state_30,state_31,state_32,state_33,state_34,state_35,state_36,state_37,state_38,state_39,state_40,state_41,state_42,state_43,state_44,state_45,state_46,state_47,state_48,state_49,state_50,state_51,state_52,state_53,state_54,state_55,state_56,state_57,state_58,state_59,state_60,state_61,state_62,state_63,state_64,state_65,state_66,state_67,state_68,state_69,state_70,state_71,state_72,state_73,state_74,state_75,state_76,state_77,state_78,state_79,state_80,state_81,state_82,state_83,state_84,state_85,state_86,state_87,state_88,state_89,state_90,state_91,state_92,state_93,state_94,state_95,state_96,state_97,state_98,state_99,state_100,state_101,state_102,state_103,state_104,state_105,state_106,state_107,state_108,state_109,state_110,state_111,state_112,state_113,state_114,state_115,state_116,state_117,state_118,state_119,state_120,state_121,state_122,state_123,state_124,state_125,state_126,state_127,state_128,state_129,state_130,state_131,state_132,state_133,state_134,state_135,state_136,state_137,state_138,state_139,state_140,state_141,state_142,state_143,state_144,state_145,state_146,state_147,state_148,state_149,state_150,state_151,state_152,state_153,state_154,state_155,state_156,state_157,state_158,state_159,state_160,state_161,state_162,state_163,state_164,state_165,state_166,state_167,state_168,state_169,state_170,state_171,state_172,state_173,state_174,state_175,state_176,state_177,state_178,state_179,state_180,state_181,state_182,state_183,state_184,state_185,state_186,state_187,state_188,state_189,state_190,state_191,state_192,state_193,state_194,state_195,state_196,state_197,state_198,state_199,state_200,state_201,state_202,state_203,state_204,state_205,state_206,state_207,state_208,state_209,state_210,state_211,state_212,state_213,state_214,state_215,state_216,state_217,state_218,state_219,state_220,state_221,state_222,state_223,state_224,state_225,state_226,state_227,state_228,state_229,state_230,state_231,state_232,state_233,state_234,state_235,state_236,state_237,state_238,state_239,state_240,state_241,state_242,state_243,state_244,state_245,state_246,state_247,state_248,state_249,state_250,state_251,state_252,state_253,state_254,state_255,state_256,state_257,state_258,state_259,state_260,state_261,state_262,state_263,state_264,state_265,state_266,state_267,state_268,state_269,state_270,state_271,state_272,state_273,state_274,state_275,state_276,state_277,state_278,state_279,state_280,state_281,state_282,state_283,state_284,state_285,state_286,state_287
{'img': array([[[ 0.00000000e+00, -5.15894839e-01, -7.50247910e-01, ...,
         -5.65082046e-01, -7.05878302e-01, -2.55147495e-01],
        [ 5.15894839e-01,  0.00000000e+00, -3.01614027e-01, ...,
         -5.84474687e-02, -2.39266598e-01,  2.80247235e-01],
        [ 7.50247910e-01,  3.01614027e-01,  0.00000000e+00, ...,
          2.45372837e-01,  6.47293398e-02,  5.56723859e-01],
        ...,
        [ 5.65082046e-01,  5.84474687e-02, -2.45372837e-01, ...,
          0.00000000e+00, -1.82107770e-01,  3.35873501e-01],
        [ 7.05878302e-01,  2.39266598e-01, -6.47293398e-02, ...,
          1.82107770e-01,  0.00000000e+00,  5.01785820e-01],
        [ 2.55147495e-01, -2.80247235e-01, -5.56723859e-01, ...,
         -3.35873501e-01, -5.01785820e-01,  0.00000000e+00]],

       [[ 0.00000000e+00,  4.94046206e-01,  9.36128386e-01, ...,
          1.86601588e-01, -8.77270067e-04,  1.92859459e-01],
        [-4.94046206e-01,  0.00000000e+00, -9.87638899e-01, ...,
         -6.47606688e-01, -4.93283286e-01, -6.52450065e-01],
        [-9.36128386e-01,  9.87638899e-01,  0.00000000e+00, ...,
         -8.54065899e-01, -9.36436525e-01, -8.50733224e-01],
        ...,
        [-1.86601588e-01,  6.47606688e-01,  8.54065899e-01, ...,
          0.00000000e+00, -1.87463378e-01,  6.37360982e-03],
        [ 8.77270067e-04,  4.93283286e-01,  9.36436525e-01, ...,
          1.87463378e-01,  0.00000000e+00,  1.93720186e-01],
        [-1.92859459e-01,  6.52450065e-01,  8.50733224e-01, ...,
         -6.37360982e-03, -1.93720186e-01,  0.00000000e+00]],

       [[ 0.00000000e+00, -2.53273540e-01, -5.09846340e-01, ...,
         -4.28098432e-01, -6.33829949e-01, -7.26424956e-01],
        [ 2.53273540e-01,  0.00000000e+00, -2.75340163e-01, ...,
         -1.85248725e-01, -4.17263637e-01, -5.28678480e-01],
        [ 5.09846340e-01,  2.75340163e-01,  0.00000000e+00, ...,
          9.24862030e-02, -1.50909945e-01, -2.74528566e-01],
        ...,
        [ 4.28098432e-01,  1.85248725e-01, -9.24862030e-02, ...,
          0.00000000e+00, -2.41690146e-01, -3.62284713e-01],
        [ 6.33829949e-01,  4.17263637e-01,  1.50909945e-01, ...,
          2.41690146e-01,  0.00000000e+00, -1.26272706e-01],
        [ 7.26424956e-01,  5.28678480e-01,  2.74528566e-01, ...,
          3.62284713e-01,  1.26272706e-01,  0.00000000e+00]],

       ...,

       [[ 0.00000000e+00, -4.01552036e-01, -5.26575318e-01, ...,
          7.00679452e-01, -6.75428454e-02,  5.17013380e-01],
        [ 4.01552036e-01,  0.00000000e+00, -1.40885921e-01, ...,
          9.28205439e-01,  3.38776858e-01,  8.17219008e-01],
        [ 5.26575318e-01,  1.40885921e-01,  0.00000000e+00, ...,
          9.71366522e-01,  4.67952721e-01,  8.90264327e-01],
        ...,
        [-7.00679452e-01, -9.28205439e-01, -9.71366522e-01, ...,
          0.00000000e+00, -7.47269576e-01, -2.30888968e-01],
        [ 6.75428454e-02, -3.38776858e-01, -4.67952721e-01, ...,
          7.47269576e-01,  0.00000000e+00,  5.73647859e-01],
        [-5.17013380e-01, -8.17219008e-01, -8.90264327e-01, ...,
          2.30888968e-01, -5.73647859e-01,  0.00000000e+00]],

       [[ 0.00000000e+00,  4.41441680e-02,  4.30733695e-01, ...,
         -6.79529058e-01, -6.77464513e-01, -7.36837130e-01],
        [-4.41441680e-02,  0.00000000e+00,  3.90474615e-01, ...,
         -7.11252940e-01, -7.09274585e-01, -7.65963401e-01],
        [-4.30733695e-01, -3.90474615e-01,  0.00000000e+00, ...,
         -9.29267926e-01, -9.28226069e-01, -9.56186349e-01],
        ...,
        [ 6.79529058e-01,  7.11252940e-01,  9.29267926e-01, ...,
          0.00000000e+00,  2.81042081e-03, -8.11701142e-02],
        [ 6.77464513e-01,  7.09274585e-01,  9.28226069e-01, ...,
         -2.81042081e-03,  0.00000000e+00, -8.39709408e-02],
        [ 7.36837130e-01,  7.65963401e-01,  9.56186349e-01, ...,
          8.11701142e-02,  8.39709408e-02,  0.00000000e+00]],

       [[ 0.00000000e+00, -7.00550869e-01, -9.41175285e-01, ...,
         -8.84976676e-01, -9.73126911e-01, -9.81477259e-01],
        [ 7.00550869e-01,  0.00000000e+00, -4.34895730e-01, ...,
         -3.05320287e-01, -5.33110309e-01, -5.66173983e-01],
        [ 9.41175285e-01,  4.34895730e-01,  0.00000000e+00, ...,
          1.39194274e-01, -1.12113927e-01, -1.51350453e-01],
        ...,
        [ 8.84976676e-01,  3.05320287e-01, -1.39194274e-01, ...,
          0.00000000e+00, -2.49339212e-01, -2.87467849e-01],
        [ 9.73126911e-01,  5.33110309e-01,  1.12113927e-01, ...,
          2.49339212e-01,  0.00000000e+00, -3.95738500e-02],
        [ 9.81477259e-01,  5.66173983e-01,  1.51350453e-01, ...,
          2.87467849e-01,  3.95738500e-02,  0.00000000e+00]]]), 'num': array([ 7.07048696e-01,  7.07048696e-01,  0.00000000e+00,  4.28274521e-03,
        4.39706900e-03,  4.27395107e-03,  3.36221002e-03, -8.79413800e-05,
        4.28274521e-03,  4.45159266e-03,  4.37405767e-03,  4.70384126e-07,
        4.68061876e-03,  4.22256656e-03])}
{'img': array([[[ 0.        , -0.30161403, -0.17801664, ..., -0.2392666 ,
          0.28024723,  0.        ],
        [ 0.30161403,  0.        ,  0.12707007, ...,  0.06472934,
          0.55672386,  0.30161403],
        [ 0.17801664, -0.12707007,  0.        , ..., -0.06259895,
          0.44665411,  0.17801664],
        ...,
        [ 0.2392666 , -0.06472934,  0.06259895, ...,  0.        ,
          0.50178582,  0.2392666 ],
        [-0.28024723, -0.55672386, -0.44665411, ..., -0.50178582,
          0.        , -0.28024723],
        [ 0.        , -0.30161403, -0.17801664, ..., -0.2392666 ,
          0.28024723,  0.        ]],

       [[ 0.        , -0.98605199, -0.8299991 , ..., -0.52938969,
         -0.67520581, -0.        ],
        [ 0.98605199,  0.        , -0.6881281 , ..., -0.92465594,
         -0.83972057, -0.98605199],
        [ 0.8299991 ,  0.6881281 ,  0.        , ..., -0.40887872,
         -0.23562573, -0.8299991 ],
        ...,
        [ 0.52938969,  0.92465594,  0.40887872, ...,  0.        ,
          0.18233689, -0.52938969],
        [ 0.67520581,  0.83972057,  0.23562573, ..., -0.18233689,
          0.        , -0.67520581],
        [ 0.        ,  0.98605199,  0.8299991 , ...,  0.52938969,
          0.67520581,  0.        ]],

       [[ 0.        , -0.27534016, -0.44377104, ..., -0.41726364,
         -0.52867848, -0.62408093],
        [ 0.27534016,  0.        , -0.17987451, ..., -0.15090995,
         -0.27452857, -0.38481854],
        [ 0.44377104,  0.17987451,  0.        , ...,  0.02936596,
         -0.09708735, -0.2125192 ],
        ...,
        [ 0.41726364,  0.15090995, -0.02936596, ...,  0.        ,
         -0.12627271, -0.2411227 ],
        [ 0.52867848,  0.27452857,  0.09708735, ...,  0.12627271,
          0.        , -0.11664567],
        [ 0.62408093,  0.38481854,  0.2125192 , ...,  0.2411227 ,
          0.11664567,  0.        ]],

       ...,

       [[ 0.        , -0.14088592,  0.52486401, ...,  0.33877686,
          0.81721901,  0.36511656],
        [ 0.14088592,  0.        ,  0.63954906, ...,  0.46795272,
          0.89026433,  0.49263424],
        [-0.52486401, -0.63954906,  0.        , ..., -0.20546494,
          0.39311203, -0.17784621],
        ...,
        [-0.33877686, -0.46795272,  0.20546494, ...,  0.        ,
          0.57364786,  0.02813771],
        [-0.81721901, -0.89026433, -0.39311203, ..., -0.57364786,
          0.        , -0.55037307],
        [-0.36511656, -0.49263424,  0.17784621, ..., -0.02813771,
          0.55037307,  0.        ]],

       [[ 0.        ,  0.39047462,  0.10222935, ..., -0.70927458,
         -0.7659634 , -0.82466839],
        [-0.39047462,  0.        , -0.29431512, ..., -0.92822607,
         -0.95618635, -0.98005991],
        [-0.10222935,  0.29431512,  0.        , ..., -0.77762337,
         -0.82767204, -0.87817045],
        ...,
        [ 0.70927458,  0.92822607,  0.77762337, ...,  0.        ,
         -0.08397094, -0.18015798],
        [ 0.7659634 ,  0.95618635,  0.82767204, ...,  0.08397094,
          0.        , -0.09692472],
        [ 0.82466839,  0.98005991,  0.87817045, ...,  0.18015798,
          0.09692472,  0.        ]],

       [[ 0.        , -0.47064477, -0.67430744, ..., -0.57136475,
         -0.60485762, -0.66954368],
        [ 0.47064477,  0.        , -0.24740884, ..., -0.11787174,
         -0.1588894 , -0.24117156],
        [ 0.67430744,  0.24740884,  0.        , ...,  0.13147687,
          0.09031615,  0.00643214],
        ...,
        [ 0.57136475,  0.11787174, -0.13147687, ...,  0.        ,
         -0.04140741, -0.12509785],
        [ 0.60485762,  0.1588894 , -0.09031615, ...,  0.04140741,
          0.        , -0.08390843],
        [ 0.66954368,  0.24117156, -0.00643214, ...,  0.12509785,
          0.08390843,  0.        ]]]), 'num': array([ 8.05014240e-01,  5.93052356e-01,  8.85018306e-07,  4.81731555e-03,
        4.99834202e-03,  4.78714447e-03,  6.60306124e-03, -8.04562096e-05,
        4.88168052e-03,  5.07477542e-03,  5.00085628e-03,  5.50741911e-07,
        5.36124359e-03,  4.78830725e-03])}
{'img': array([[[ 0.        ,  0.12707007,  0.12707007, ...,  0.55672386,
          0.30161403,  0.06472934],
        [-0.12707007,  0.        ,  0.        , ...,  0.44665411,
          0.17801664, -0.06259895],
        [-0.12707007,  0.        ,  0.        , ...,  0.44665411,
          0.17801664, -0.06259895],
        ...,
        [-0.55672386, -0.44665411, -0.44665411, ...,  0.        ,
         -0.28024723, -0.50178582],
        [-0.30161403, -0.17801664, -0.17801664, ...,  0.28024723,
          0.        , -0.2392666 ],
        [-0.06472934,  0.06259895,  0.06259895, ...,  0.50178582,
          0.2392666 ,  0.        ]],

       [[ 0.        , -0.99936233, -0.97993346, ..., -0.95611522,
         -0.29266298, -0.8574657 ],
        [ 0.99936233,  0.        ,  0.16420821, ..., -0.32694323,
         -0.96605576, -0.54482977],
        [ 0.97993346, -0.16420821,  0.        , ..., -0.47768919,
         -0.99536273, -0.67513034],
        ...,
        [ 0.95611522,  0.32694323,  0.47768919, ...,  0.        ,
         -0.82850475, -0.24073094],
        [ 0.29266298,  0.96605576,  0.99536273, ...,  0.82850475,
          0.        ,  0.66933498],
        [ 0.8574657 ,  0.54482977,  0.67513034, ...,  0.24073094,
         -0.66933498,  0.        ]],

       [[ 0.        , -0.17987451, -0.40702927, ..., -0.27452857,
         -0.38481854, -0.44417128],
        [ 0.17987451,  0.        , -0.23609035, ..., -0.09708735,
         -0.2125192 , -0.27576954],
        [ 0.40702927,  0.23609035,  0.        , ...,  0.14063223,
          0.02418579, -0.04103818],
        ...,
        [ 0.27452857,  0.09708735, -0.14063223, ...,  0.        ,
         -0.11664567, -0.18114411],
        [ 0.38481854,  0.2125192 , -0.02418579, ...,  0.11664567,
          0.        , -0.0651916 ],
        [ 0.44417128,  0.27576954,  0.04103818, ...,  0.18114411,
          0.0651916 ,  0.        ]],

       ...,

       [[ 0.        ,  0.63954906,  0.5525788 , ...,  0.89026433,
          0.49263424,  0.53316523],
        [-0.63954906,  0.        , -0.10824387, ...,  0.39311203,
         -0.17784621, -0.13119471],
        [-0.5525788 ,  0.10824387,  0.        , ...,  0.49033147,
         -0.07028297, -0.02311557],
        ...,
        [-0.89026433, -0.39311203, -0.49033147, ...,  0.        ,
         -0.55037307, -0.51034651],
        [-0.49263424,  0.17784621,  0.07028297, ...,  0.55037307,
          0.        ,  0.04720578],
        [-0.53316523,  0.13119471,  0.02311557, ...,  0.51034651,
         -0.04720578,  0.        ]],

       [[ 0.        , -0.29431512, -0.49489791, ..., -0.95618635,
         -0.98005991, -0.97325733],
        [ 0.29431512,  0.        , -0.21723265, ..., -0.82767204,
         -0.87817045, -0.86254087],
        [ 0.49489791,  0.21723265,  0.        , ..., -0.68599353,
         -0.75328684, -0.73202629],
        ...,
        [ 0.95618635,  0.82767204,  0.68599353, ...,  0.        ,
         -0.09692472, -0.06527673],
        [ 0.98005991,  0.87817045,  0.75328684, ...,  0.09692472,
          0.        ,  0.03174861],
        [ 0.97325733,  0.86254087,  0.73202629, ...,  0.06527673,
         -0.03174861,  0.        ]],

       [[ 0.        , -0.24740884, -0.42279477, ..., -0.1588894 ,
         -0.24117156, -0.42107543],
        [ 0.24740884,  0.        , -0.18544238, ...,  0.09031615,
          0.00643214, -0.18357853],
        [ 0.42279477,  0.18544238,  0.        , ...,  0.27343413,
          0.19175912,  0.00189641],
        ...,
        [ 0.1588894 , -0.09031615, -0.27343413, ...,  0.        ,
         -0.08390843, -0.2716095 ],
        [ 0.24117156, -0.00643214, -0.19175912, ...,  0.08390843,
          0.        , -0.18989756],
        [ 0.42107543,  0.18357853, -0.00189641, ...,  0.2716095 ,
          0.18989756,  0.        ]]]), 'num': array([ 8.03113298e-01,  5.95580559e-01,  8.88791171e-07,  4.71665315e-03,
        4.88835144e-03,  4.68635345e-03,  9.91230413e-03, -1.21198796e-04,
        4.86613166e-03,  5.07772456e-03,  5.02049179e-03,  4.67784827e-07,
        5.40969491e-03,  4.74575421e-03])}
{'img': array([[[ 0.        ,  0.        ,  0.1201984 , ...,  0.17801664,
         -0.06259895, -0.48926673],
        [ 0.        ,  0.        ,  0.1201984 , ...,  0.17801664,
         -0.06259895, -0.48926673],
        [-0.1201984 , -0.1201984 ,  0.        , ...,  0.05844747,
         -0.18210777, -0.59054863],
        ...,
        [-0.17801664, -0.17801664, -0.05844747, ...,  0.        ,
         -0.2392666 , -0.63670631],
        [ 0.06259895,  0.06259895,  0.18210777, ...,  0.2392666 ,
          0.        , -0.43371247],
        [ 0.48926673,  0.48926673,  0.59054863, ...,  0.63670631,
          0.43371247,  0.        ]],

       [[ 0.        ,  0.16420821, -0.22220168, ..., -0.96605576,
         -0.54482977, -0.19141074],
        [-0.16420821,  0.        , -0.37928857, ..., -0.99536273,
         -0.67513034, -0.34998447],
        [ 0.22220168,  0.37928857,  0.        , ..., -0.8845029 ,
         -0.34488295,  0.03146757],
        ...,
        [ 0.96605576,  0.99536273,  0.8845029 , ...,  0.        ,
          0.66933498,  0.89874558],
        [ 0.54482977,  0.67513034,  0.34488295, ..., -0.66933498,
          0.        ,  0.37424905],
        [ 0.19141074,  0.34998447, -0.03146757, ..., -0.89874558,
         -0.37424905,  0.        ]],

       [[ 0.        , -0.23609035, -0.40649513, ..., -0.2125192 ,
         -0.27576954, -0.42329742],
        [ 0.23609035,  0.        , -0.17929931, ...,  0.02418579,
         -0.04103818, -0.19743559],
        [ 0.40649513,  0.17929931,  0.        , ...,  0.20304072,
          0.13877513, -0.0184661 ],
        ...,
        [ 0.2125192 , -0.02418579, -0.20304072, ...,  0.        ,
         -0.0651916 , -0.22108755],
        [ 0.27576954,  0.04103818, -0.13877513, ...,  0.0651916 ,
          0.        , -0.15703888],
        [ 0.42329742,  0.19743559,  0.0184661 , ...,  0.22108755,
          0.15703888,  0.        ]],

       ...,

       [[ 0.        , -0.10645692,  0.09034094, ..., -0.17455728,
         -0.12894942, -0.6465552 ],
        [ 0.10645692,  0.        ,  0.19584917, ..., -0.06874283,
         -0.02264851, -0.56166854],
        [-0.09034094, -0.19584917,  0.        , ..., -0.26279743,
         -0.21800883, -0.71282951],
        ...,
        [ 0.17455728,  0.06874283,  0.26279743, ...,  0.        ,
          0.04613026, -0.50346463],
        [ 0.12894942,  0.02264851,  0.21800883, ..., -0.04613026,
          0.        , -0.54278594],
        [ 0.6465552 ,  0.56166854,  0.71282951, ...,  0.50346463,
          0.54278594,  0.        ]],

       [[ 0.        , -0.41179198, -0.65218965, ..., -0.97416218,
         -0.96626033, -0.93558251],
        [ 0.41179198,  0.        , -0.28216468, ..., -0.79472937,
         -0.77446746, -0.70716853],
        [ 0.65218965,  0.28216468,  0.        , ..., -0.59117253,
         -0.56449648, -0.4789303 ],
        ...,
        [ 0.97416218,  0.79472937,  0.59117253, ...,  0.        ,
          0.0326829 ,  0.13268364],
        [ 0.96626033,  0.77446746,  0.56449648, ..., -0.0326829 ,
          0.        ,  0.10021883],
        [ 0.93558251,  0.70716853,  0.4789303 , ..., -0.13268364,
         -0.10021883,  0.        ]],

       [[ 0.        , -0.18544238, -0.27455289, ...,  0.00643214,
         -0.18357853, -0.46613003],
        [ 0.18544238,  0.        , -0.0914746 , ...,  0.19175912,
          0.00189641, -0.29398119],
        [ 0.27455289,  0.0914746 ,  0.        , ...,  0.28073217,
          0.0933629 , -0.20531619],
        ...,
        [-0.00643214, -0.19175912, -0.28073217, ...,  0.        ,
         -0.18989756, -0.471811  ],
        [ 0.18357853, -0.00189641, -0.0933629 , ...,  0.18989756,
          0.        , -0.29579326],
        [ 0.46613003,  0.29398119,  0.20531619, ...,  0.471811  ,
          0.29579326,  0.        ]]]), 'num': array([7.60777796e-01, 6.48852835e-01, 4.78311797e-07, 4.47699842e-03,
       4.51526336e-03, 4.40046853e-03, 5.87047374e-03, 9.56623594e-06,
       4.58796676e-03, 4.79603239e-03, 4.75314376e-03, 4.83567971e-07,
       5.14159868e-03, 4.45046610e-03])}
{'img': array([[[ 0.        ,  0.1201984 ,  0.34315632, ..., -0.06259895,
         -0.48926673, -0.44878211],
        [-0.1201984 ,  0.        ,  0.22776864, ..., -0.18210777,
         -0.59054863, -0.55294264],
        [-0.34315632, -0.22776864,  0.        , ..., -0.40128114,
         -0.75883599, -0.72818993],
        ...,
        [ 0.06259895,  0.18210777,  0.40128114, ...,  0.        ,
         -0.43371247, -0.39196094],
        [ 0.48926673,  0.59054863,  0.75883599, ...,  0.43371247,
          0.        ,  0.04583069],
        [ 0.44878211,  0.55294264,  0.72818993, ...,  0.39196094,
         -0.04583069,  0.        ]],

       [[ 0.        , -0.37928857,  0.16206514, ..., -0.67513034,
         -0.34998447, -0.71972105],
        [ 0.37928857,  0.        ,  0.52422977, ..., -0.34488295,
          0.03146757, -0.4026162 ],
        [-0.16206514, -0.52422977,  0.        , ..., -0.78576036,
         -0.49717311, -0.82272226],
        ...,
        [ 0.67513034,  0.34488295,  0.78576036, ...,  0.        ,
          0.37424905, -0.06221885],
        [ 0.34998447, -0.03146757,  0.49717311, ..., -0.37424905,
          0.        , -0.43122125],
        [ 0.71972105,  0.4026162 ,  0.82272226, ...,  0.06221885,
          0.43122125,  0.        ]],

       [[ 0.        , -0.17929931, -0.12610304, ..., -0.04103818,
         -0.19743559, -0.30139386],
        [ 0.17929931,  0.        ,  0.05380851, ...,  0.13877513,
         -0.0184661 , -0.12554779],
        [ 0.12610304, -0.05380851,  0.        , ...,  0.08528623,
         -0.07223868, -0.17874866],
        ...,
        [ 0.04103818, -0.13877513, -0.08528623, ...,  0.        ,
         -0.15703888, -0.26201006],
        [ 0.19743559,  0.0184661 ,  0.07223868, ...,  0.15703888,
          0.        , -0.1072064 ],
        [ 0.30139386,  0.12554779,  0.17874866, ...,  0.26201006,
          0.1072064 ,  0.        ]],

       ...,

       [[ 0.        ,  0.19584917,  0.37180667, ..., -0.02264851,
         -0.56166854, -0.1918123 ],
        [-0.19584917,  0.        ,  0.1827975 , ..., -0.21800883,
         -0.71282951, -0.38031024],
        [-0.37180667, -0.1827975 ,  0.        , ..., -0.39273614,
         -0.82902146, -0.54296414],
        ...,
        [ 0.02264851,  0.21800883,  0.39273614, ...,  0.        ,
         -0.54278594, -0.16953513],
        [ 0.56166854,  0.71282951,  0.82902146, ...,  0.54278594,
          0.        ,  0.39254099],
        [ 0.1918123 ,  0.38031024,  0.54296414, ...,  0.16953513,
         -0.39254099,  0.        ]],

       [[ 0.        , -0.54310413, -0.75212853, ..., -0.94877781,
         -0.90940127, -0.87223194],
        [ 0.54310413,  0.        , -0.27362171, ..., -0.6250653 ,
         -0.53770493, -0.4667548 ],
        [ 0.75212853,  0.27362171,  0.        , ..., -0.3876296 ,
         -0.28648519, -0.2069548 ],
        ...,
        [ 0.94877781,  0.6250653 ,  0.3876296 , ...,  0.        ,
          0.10729557,  0.18846353],
        [ 0.90940127,  0.53770493,  0.28648519, ..., -0.10729557,
          0.        ,  0.08200271],
        [ 0.87223194,  0.4667548 ,  0.2069548 , ..., -0.18846353,
         -0.08200271,  0.        ]],

       [[ 0.        , -0.0914746 , -0.10192696, ...,  0.00189641,
         -0.29398119, -0.51765967],
        [ 0.0914746 ,  0.        , -0.01050143, ...,  0.0933629 ,
         -0.20531619, -0.43722489],
        [ 0.10192696,  0.01050143,  0.        , ...,  0.10381331,
         -0.19502717, -0.4277563 ],
        ...,
        [-0.00189641, -0.0933629 , -0.10381331, ...,  0.        ,
         -0.29579326, -0.51928128],
        [ 0.29398119,  0.20531619,  0.19502717, ...,  0.29579326,
          0.        , -0.24325855],
        [ 0.51765967,  0.43722489,  0.4277563 , ...,  0.51928128,
          0.24325855,  0.        ]]]), 'num': array([ 7.45191694e-01,  6.66704084e-01,  3.37581118e-07,  4.36042277e-03,
        4.42606354e-03,  4.31353650e-03,  5.52070782e-03, -2.81317598e-05,
        4.43731624e-03,  4.67878052e-03,  4.65674397e-03,  4.12186957e-07,
        5.04425167e-03,  4.31330936e-03])}
{'img': array([[[ 0.        ,  0.22776864, -0.02962429, ..., -0.59054863,
         -0.55294264, -0.66936191],
        [-0.22776864,  0.        , -0.25651429, ..., -0.75883599,
         -0.72818993, -0.82098556],
        [ 0.02962429,  0.25651429,  0.        , ..., -0.56638258,
         -0.52801643, -0.64705917],
        ...,
        [ 0.59054863,  0.75883599,  0.56638258, ...,  0.        ,
          0.04583069, -0.10143631],
        [ 0.55294264,  0.72818993,  0.52801643, ..., -0.04583069,
          0.        , -0.14692402],
        [ 0.66936191,  0.82098556,  0.64705917, ...,  0.10143631,
          0.14692402,  0.        ]],

       [[ 0.        ,  0.52422977,  0.45639585, ...,  0.03146757,
         -0.4026162 , -0.43757351],
        [-0.52422977,  0.        , -0.07779137, ..., -0.49717311,
         -0.82272226, -0.84400579],
        [-0.45639585,  0.07779137,  0.        , ..., -0.42817071,
         -0.77600913, -0.799726  ],
        ...,
        [-0.03146757,  0.49717311,  0.42817071, ...,  0.        ,
         -0.43122125, -0.46565191],
        [ 0.4026162 ,  0.82272226,  0.77600913, ...,  0.43122125,
          0.        , -0.03851568],
        [ 0.43757351,  0.84400579,  0.799726  , ...,  0.46565191,
          0.03851568,  0.        ]],

       [[ 0.        ,  0.05380851,  0.11385693, ..., -0.0184661 ,
         -0.12554779, -0.54164307],
        [-0.05380851,  0.        ,  0.06023338, ..., -0.07223868,
         -0.17874866, -0.58609027],
        [-0.11385693, -0.06023338,  0.        , ..., -0.13218353,
         -0.23768741, -0.63382996],
        ...,
        [ 0.0184661 ,  0.07223868,  0.13218353, ...,  0.        ,
         -0.1072064 , -0.52602795],
        [ 0.12554779,  0.17874866,  0.23768741, ...,  0.1072064 ,
          0.        , -0.43182081],
        [ 0.54164307,  0.58609027,  0.63382996, ...,  0.52602795,
          0.43182081,  0.        ]],

       ...,

       [[ 0.        ,  0.17260307, -0.15507838, ..., -0.52060979,
         -0.33800892, -0.74763248],
        [-0.17260307,  0.        , -0.32326583, ..., -0.66016379,
         -0.49538005, -0.8510395 ],
        [ 0.15507838,  0.32326583,  0.        , ..., -0.38190644,
         -0.18796883, -0.63559823],
        ...,
        [ 0.52060979,  0.66016379,  0.38190644, ...,  0.        ,
          0.20137798, -0.2925811 ],
        [ 0.33800892,  0.49538005,  0.18796883, ..., -0.20137798,
          0.        , -0.47915299],
        [ 0.74763248,  0.8510395 ,  0.63559823, ...,  0.2925811 ,
          0.47915299,  0.        ]],

       [[ 0.        , -0.59516061, -0.74619213, ..., -0.8420988 ,
         -0.78549091, -0.76986911],
        [ 0.59516061,  0.        , -0.20342838, ..., -0.35573231,
         -0.26289687, -0.23883945],
        [ 0.74619213,  0.20342838,  0.        , ..., -0.15817218,
         -0.06112707, -0.0363043 ],
        ...,
        [ 0.8420988 ,  0.35573231,  0.15817218, ...,  0.        ,
          0.09751882,  0.12222063],
        [ 0.78549091,  0.26289687,  0.06112707, ..., -0.09751882,
          0.        ,  0.02485037],
        [ 0.76986911,  0.23883945,  0.0363043 , ..., -0.12222063,
         -0.02485037,  0.        ]],

       [[ 0.        , -0.01050143, -0.09598796, ..., -0.20531619,
         -0.43722489, -0.7133695 ],
        [ 0.01050143,  0.        , -0.08552973, ..., -0.19502717,
         -0.4277563 , -0.70597089],
        [ 0.09598796,  0.08552973,  0.        , ..., -0.11042514,
         -0.34887901, -0.64280829],
        ...,
        [ 0.20531619,  0.19502717,  0.11042514, ...,  0.        ,
         -0.24325855, -0.55428852],
        [ 0.43722489,  0.4277563 ,  0.34887901, ...,  0.24325855,
          0.        , -0.33516844],
        [ 0.7133695 ,  0.70597089,  0.64280829, ...,  0.55428852,
          0.33516844,  0.        ]]]), 'num': array([ 7.31454830e-01,  6.81738578e-01,  2.21453240e-07,  4.14302104e-03,
        4.26297488e-03,  4.13379382e-03,  7.17335027e-03, -1.47635494e-04,
        4.29619286e-03,  4.57208669e-03,  4.57670030e-03,  3.51513080e-07,
        4.97405889e-03,  4.17011449e-03])}
{'img': array([[[ 0.        , -0.21833217,  0.09817764, ..., -0.59689184,
         -0.66611593, -0.99731943],
        [ 0.21833217,  0.        ,  0.31308645, ..., -0.4073189 ,
         -0.4872029 , -0.98923414],
        [-0.09817764, -0.31308645,  0.        , ..., -0.67277826,
         -0.73612348, -0.98531755],
        ...,
        [ 0.59689184,  0.4073189 ,  0.67277826, ...,  0.        ,
         -0.08924855, -0.84384604],
        [ 0.66611593,  0.4872029 ,  0.73612348, ...,  0.08924855,
          0.        , -0.79258911],
        [ 0.99731943,  0.98923414,  0.98531755, ...,  0.84384604,
          0.79258911,  0.        ]],

       [[ 0.        , -0.07779137,  0.63342262, ..., -0.82272226,
         -0.84400579, -0.67987733],
        [ 0.07779137,  0.        ,  0.69169857, ..., -0.77600913,
         -0.799726  , -0.62077065],
        [-0.63342262, -0.69169857,  0.        , ..., -0.99669246,
         -0.9928229 , -0.99059837],
        ...,
        [ 0.82272226,  0.77600913,  0.99669246, ...,  0.        ,
         -0.03851568,  0.21685162],
        [ 0.84400579,  0.799726  ,  0.9928229 , ...,  0.03851568,
          0.        ,  0.25428989],
        [ 0.67987733,  0.62077065,  0.99059837, ..., -0.21685162,
         -0.25428989,  0.        ]],

       [[ 0.        ,  0.04911395,  0.15733683, ..., -0.13951862,
         -0.40216716, -0.90307296],
        [-0.04911395,  0.        ,  0.10864471, ..., -0.18798384,
         -0.4466489 , -0.92307692],
        [-0.15733683, -0.10864471,  0.        , ..., -0.2935789 ,
         -0.54121046, -0.95939933],
        ...,
        [ 0.13951862,  0.18798384,  0.2935789 , ...,  0.        ,
         -0.2704952 , -0.83431894],
        [ 0.40216716,  0.4466489 ,  0.54121046, ...,  0.2704952 ,
          0.        , -0.65409749],
        [ 0.90307296,  0.92307692,  0.95939933, ...,  0.83431894,
          0.65409749,  0.        ]],

       ...,

       [[ 0.        , -0.28197886,  0.20988051, ..., -0.41990596,
         -0.60511029, -0.89478526],
        [ 0.28197886,  0.        ,  0.47706205, ..., -0.14695155,
         -0.35606018, -0.73257279],
        [-0.20988051, -0.47706205,  0.        , ..., -0.60103417,
         -0.75872732, -0.96856671],
        ...,
        [ 0.41990596,  0.14695155,  0.60103417, ...,  0.        ,
         -0.21487388, -0.62459149],
        [ 0.60511029,  0.35606018,  0.75872732, ...,  0.21487388,
          0.        , -0.44219605],
        [ 0.89478526,  0.73257279,  0.96856671, ...,  0.62459149,
          0.44219605,  0.        ]],

       [[ 0.        , -0.30476668, -0.46167051, ..., -0.37866659,
         -0.34927327, -0.26778984],
        [ 0.30476668,  0.        , -0.16936375, ..., -0.07858063,
         -0.04708456,  0.0385855 ],
        [ 0.46167051,  0.16936375,  0.        , ...,  0.09139461,
          0.12277154,  0.2072657 ],
        ...,
        [ 0.37866659,  0.07858063, -0.09139461, ...,  0.        ,
          0.03155451,  0.1169883 ],
        [ 0.34927327,  0.04708456, -0.12277154, ..., -0.03155451,
          0.        ,  0.0855922 ],
        [ 0.26778984, -0.0385855 , -0.2072657 , ..., -0.1169883 ,
         -0.0855922 ,  0.        ]],

       [[ 0.        , -0.07747241, -0.09102589, ..., -0.38020519,
         -0.6142979 , -0.9988017 ],
        [ 0.07747241,  0.        , -0.01360153, ..., -0.30740808,
         -0.55132014, -0.99200827],
        [ 0.09102589,  0.01360153,  0.        , ..., -0.29443673,
         -0.53992148, -0.99020036],
        ...,
        [ 0.38020519,  0.30740808,  0.29443673, ...,  0.        ,
         -0.26815535, -0.90518647],
        [ 0.6142979 ,  0.55132014,  0.53992148, ...,  0.26815535,
          0.        , -0.75806469],
        [ 0.9988017 ,  0.99200827,  0.99020036, ...,  0.90518647,
          0.75806469,  0.        ]]]), 'num': array([ 7.11023600e-01,  7.03039214e-01,  3.58848807e-08,  3.99219297e-03,
        4.12676128e-03,  3.98322175e-03,  6.09456253e-03, -3.58848807e-05,
        4.11599581e-03,  4.40845759e-03,  4.44254823e-03,  3.32267414e-07,
        4.82367683e-03,  3.99323835e-03])}
{'img': array([[[ 0.        ,  0.29935766, -0.09384065, ..., -0.45396669,
         -0.86386443, -0.99566394],
        [-0.29935766,  0.        , -0.38757387, ..., -0.69988148,
         -0.9750422 , -0.97785098],
        [ 0.09384065,  0.38757387,  0.        , ..., -0.36834968,
         -0.81278258, -0.98254094],
        ...,
        [ 0.45396669,  0.69988148,  0.36834968, ...,  0.        ,
         -0.54104524, -0.84492568],
        [ 0.86386443,  0.9750422 ,  0.81278258, ...,  0.54104524,
          0.        , -0.4211807 ],
        [ 0.99566394,  0.97785098,  0.98254094, ...,  0.84492568,
          0.4211807 ,  0.        ]],

       [[ 0.        ,  0.69169857, -0.09640308, ..., -0.799726  ,
         -0.62077065, -0.71364664],
        [-0.69169857,  0.        , -0.75809788, ..., -0.9928229 ,
         -0.99059837, -0.99992475],
        [ 0.09640308,  0.75809788,  0.        , ..., -0.73812413,
         -0.54230007, -0.64279182],
        ...,
        [ 0.799726  ,  0.9928229 ,  0.73812413, ...,  0.        ,
          0.25428989,  0.13176417],
        [ 0.62077065,  0.99059837,  0.54230007, ..., -0.25428989,
          0.        , -0.12463994],
        [ 0.71364664,  0.99992475,  0.64279182, ..., -0.13176417,
          0.12463994,  0.        ]],

       [[ 0.        ,  0.09433758,  0.08850731, ..., -0.3636952 ,
         -0.63027703, -0.96861781],
        [-0.09433758,  0.        , -0.00585477, ..., -0.44995038,
         -0.70070706, -0.9877461 ],
        [-0.08850731,  0.00585477,  0.        , ..., -0.44471404,
         -0.69651797, -0.98681542],
        ...,
        [ 0.3636952 ,  0.44995038,  0.44471404, ...,  0.        ,
         -0.30475224, -0.8118867 ],
        [ 0.63027703,  0.70070706,  0.69651797, ...,  0.30475224,
          0.        , -0.59534766],
        [ 0.96861781,  0.9877461 ,  0.98681542, ...,  0.8118867 ,
          0.59534766,  0.        ]],

       ...,

       [[ 0.        ,  0.46906128,  0.22106684, ..., -0.33999236,
         -0.60574747, -0.74667195],
        [-0.46906128,  0.        , -0.26221744, ..., -0.74138802,
         -0.90818722, -0.97145102],
        [-0.22106684,  0.26221744,  0.        , ..., -0.53947799,
         -0.76665384, -0.87525028],
        ...,
        [ 0.33999236,  0.74138802,  0.53947799, ...,  0.        ,
         -0.29914471, -0.47603099],
        [ 0.60574747,  0.90818722,  0.76665384, ...,  0.29914471,
          0.        , -0.19115608],
        [ 0.74667195,  0.97145102,  0.87525028, ...,  0.47603099,
          0.19115608,  0.        ]],

       [[ 0.        , -0.16936375, -0.21089688, ..., -0.04708456,
          0.0385855 , -0.064058  ],
        [ 0.16936375,  0.        , -0.04229571, ...,  0.12277154,
          0.2072657 ,  0.10588331],
        [ 0.21089688,  0.04229571,  0.        , ...,  0.16463742,
          0.24845747,  0.14784651],
        ...,
        [ 0.04708456, -0.12277154, -0.16463742, ...,  0.        ,
          0.0855922 , -0.01699909],
        [-0.0385855 , -0.2072657 , -0.24845747, ..., -0.0855922 ,
          0.        , -0.10251655],
        [ 0.064058  , -0.10588331, -0.14784651, ...,  0.01699909,
          0.10251655,  0.        ]],

       [[ 0.        , -0.01174879, -0.12143713, ..., -0.45641201,
         -0.75520997, -0.99982689],
        [ 0.01174879,  0.        , -0.10976691, ..., -0.4459268 ,
         -0.74745672, -0.99997648],
        [ 0.12143713,  0.10976691,  0.        , ..., -0.34498322,
         -0.67002079, -0.99468677],
        ...,
        [ 0.45641201,  0.4459268 ,  0.34498322, ...,  0.        ,
         -0.37279179, -0.89810657],
        [ 0.75520997,  0.74745672,  0.67002079, ...,  0.37279179,
          0.        , -0.66942099],
        [ 0.99982689,  0.99997648,  0.99468677, ...,  0.89810657,
          0.66942099,  0.        ]]]), 'num': array([7.61194163e-01, 6.48369379e-01, 4.98122669e-07, 4.33941479e-03,
       4.38731120e-03, 4.26278053e-03, 6.06426032e-03, 7.66342567e-05,
       4.36815263e-03, 4.67660552e-03, 4.73871120e-03, 4.62448101e-07,
       5.13250689e-03, 4.22070414e-03])}
{'img': array([[[ 0.        , -0.38757387, -0.36569541, ..., -0.9750422 ,
         -0.97785098, -0.91751522],
        [ 0.38757387,  0.        ,  0.02361624, ..., -0.81278258,
         -0.98254094, -0.69166262],
        [ 0.36569541, -0.02361624,  0.        , ..., -0.82631394,
         -0.98666062, -0.70852585],
        ...,
        [ 0.9750422 ,  0.81278258,  0.82631394, ...,  0.        ,
         -0.4211807 ,  0.18406854],
        [ 0.97785098,  0.98254094,  0.98666062, ...,  0.4211807 ,
          0.        ,  0.58093005],
        [ 0.91751522,  0.69166262,  0.70852585, ..., -0.18406854,
         -0.58093005,  0.        ]],

       [[ 0.        , -0.75809788, -0.91651898, ..., -0.99059837,
         -0.99992475, -0.99861497],
        [ 0.75809788,  0.        , -0.29446691, ..., -0.54230007,
         -0.64279182, -0.69112349],
        [ 0.91651898,  0.29446691,  0.        , ..., -0.27084874,
         -0.38871781, -0.44765819],
        ...,
        [ 0.99059837,  0.54230007,  0.27084874, ...,  0.        ,
         -0.12463994, -0.18873135],
        [ 0.99992475,  0.64279182,  0.38871781, ...,  0.12463994,
          0.        , -0.06485963],
        [ 0.99861497,  0.69112349,  0.44765819, ...,  0.18873135,
          0.06485963,  0.        ]],

       [[ 0.        , -0.00559192, -0.02799467, ..., -0.6532515 ,
         -0.87354956, -0.99380799],
        [ 0.00559192,  0.        , -0.0224045 , ..., -0.64900741,
         -0.87081412, -0.99317113],
        [ 0.02799467,  0.0224045 ,  0.        , ..., -0.63179956,
         -0.8595812 , -0.99030797],
        ...,
        [ 0.6532515 ,  0.64900741,  0.63179956, ...,  0.        ,
         -0.34343967, -0.67986927],
        [ 0.87354956,  0.87081412,  0.8595812 , ...,  0.34343967,
          0.        , -0.38666028],
        [ 0.99380799,  0.99317113,  0.99030797, ...,  0.67986927,
          0.38666028,  0.        ]],

       ...,

       [[ 0.        , -0.26221744, -0.30827617, ..., -0.90818722,
         -0.97145102, -0.64017152],
        [ 0.26221744,  0.        , -0.04804258, ..., -0.76665384,
         -0.87525028, -0.41632733],
        [ 0.30827617,  0.04804258,  0.        , ..., -0.73492233,
         -0.85100285, -0.37216557],
        ...,
        [ 0.90818722,  0.76665384,  0.73492233, ...,  0.        ,
         -0.19115608,  0.42974562],
        [ 0.97145102,  0.87525028,  0.85100285, ...,  0.19115608,
          0.        ,  0.59442534],
        [ 0.64017152,  0.41632733,  0.37216557, ..., -0.42974562,
         -0.59442534,  0.        ]],

       [[ 0.        , -0.04229571, -0.12766541, ...,  0.2072657 ,
          0.10588331, -0.01774671],
        [ 0.04229571,  0.        , -0.08560155, ...,  0.24845747,
          0.14784651,  0.02455821],
        [ 0.12766541,  0.08560155,  0.        , ...,  0.33046282,
          0.23196465,  0.11004381],
        ...,
        [-0.2072657 , -0.24845747, -0.33046282, ...,  0.        ,
         -0.10251655, -0.2245944 ],
        [-0.10588331, -0.14784651, -0.23196465, ...,  0.10251655,
          0.        , -0.12351359],
        [ 0.01774671, -0.02455821, -0.11004381, ...,  0.2245944 ,
          0.12351359,  0.        ]],

       [[ 0.        , -0.10113266, -0.17804262, ..., -0.67149169,
         -0.88579066, -0.99640987],
        [ 0.10113266,  0.        , -0.07761295, ..., -0.5931084 ,
         -0.83431502, -0.99986315],
        [ 0.17804262,  0.07761295,  0.        , ..., -0.52883138,
         -0.78901127, -0.99556315],
        ...,
        [ 0.67149169,  0.5931084 ,  0.52883138, ...,  0.        ,
         -0.34475235, -0.79520045],
        [ 0.88579066,  0.83431502,  0.78901127, ...,  0.34475235,
          0.        , -0.5374102 ],
        [ 0.99640987,  0.99986315,  0.99556315, ...,  0.79520045,
          0.5374102 ,  0.        ]]]), 'num': array([7.55171009e-01, 6.55392615e-01, 4.36666929e-07, 4.33819101e-03,
