state_0,state_1,state_2,state_3,state_4,state_5,state_6,state_7,state_8,state_9,state_10,state_11,state_12,state_13,state_14,state_15,state_16,state_17,state_18,state_19,state_20,state_21,state_22,state_23,state_24,state_25,state_26,state_27,state_28,state_29,state_30,state_31,state_32,state_33,state_34,state_35,state_36,state_37,state_38,state_39,state_40,state_41,state_42,state_43,state_44,state_45,state_46,state_47,state_48,state_49,state_50,state_51,state_52,state_53,state_54,state_55,state_56,state_57,state_58,state_59,state_60,state_61,state_62,state_63,state_64,state_65,state_66,state_67,state_68,state_69,state_70,state_71,state_72,state_73,state_74,state_75,state_76,state_77,state_78,state_79,state_80,state_81,state_82,state_83,state_84,state_85,state_86,state_87,state_88,state_89,state_90,state_91,state_92,state_93,state_94,state_95,state_96,state_97,state_98,state_99,state_100,state_101,state_102,state_103,state_104,state_105,state_106,state_107,state_108,state_109,state_110,state_111,state_112,state_113,state_114,state_115,state_116,state_117,state_118,state_119,state_120,state_121,state_122,state_123,state_124,state_125,state_126,state_127,state_128,state_129,state_130,state_131,state_132,state_133,state_134,state_135,state_136,state_137,state_138,state_139,state_140,state_141,state_142,state_143,state_144,state_145,state_146,state_147,state_148,state_149,state_150,state_151,state_152,state_153,state_154,state_155,state_156,state_157,state_158,state_159,state_160,state_161,state_162,state_163,state_164,state_165,state_166,state_167,state_168,state_169,state_170,state_171,state_172,state_173,state_174,state_175,state_176,state_177,state_178,state_179,state_180,state_181,state_182,state_183,state_184,state_185,state_186,state_187,state_188,state_189,state_190,state_191,state_192,state_193,state_194,state_195,state_196,state_197,state_198,state_199,state_200,state_201,state_202,state_203,state_204,state_205,state_206,state_207,state_208,state_209,state_210,state_211,state_212,state_213,state_214,state_215,state_216,state_217,state_218,state_219,state_220,state_221,state_222,state_223,state_224,state_225,state_226,state_227,state_228,state_229,state_230,state_231,state_232,state_233,state_234,state_235,state_236,state_237,state_238,state_239,state_240,state_241,state_242,state_243,state_244,state_245,state_246,state_247,state_248,state_249,state_250,state_251,state_252,state_253,state_254,state_255,state_256,state_257,state_258,state_259,state_260,state_261,state_262,state_263,state_264,state_265,state_266,state_267,state_268,state_269,state_270,state_271,state_272,state_273,state_274,state_275,state_276,state_277,state_278,state_279,state_280,state_281,state_282,state_283,state_284,state_285,state_286,state_287
{'img': array([[[ 0.        ,  0.19281151, -0.05970541, ...,  0.18589448,
          0.09443668,  0.08728075],
        [-0.19281151,  0.        , -0.25105263, ..., -0.00704444,
         -0.09928517, -0.1064327 ],
        [ 0.05970541,  0.25105263,  0.        , ...,  0.24422757,
          0.15370678,  0.1466026 ],
        ...,
        [-0.18589448,  0.00704444, -0.24422757, ...,  0.        ,
         -0.09227307, -0.09942564],
        [-0.09443668,  0.09928517, -0.15370678, ...,  0.09227307,
          0.        , -0.00718561],
        [-0.08728075,  0.1064327 , -0.1466026 , ...,  0.09942564,
          0.00718561,  0.        ]],

       [[ 0.        , -0.01873308, -0.02491448, ..., -0.18011273,
         -0.14418228, -0.11801987],
        [ 0.01873308,  0.        , -0.00618285, ..., -0.16165441,
         -0.12561964, -0.099397  ],
        [ 0.02491448,  0.00618285,  0.        , ..., -0.15554979,
         -0.11948337, -0.09324287],
        ...,
        [ 0.18011273,  0.16165441,  0.15554979, ...,  0.        ,
          0.03640645,  0.0627642 ],
        [ 0.14418228,  0.12561964,  0.11948337, ..., -0.03640645,
          0.        ,  0.02638792],
        [ 0.11801987,  0.099397  ,  0.09324287, ..., -0.0627642 ,
         -0.02638792,  0.        ]],

       [[ 0.        , -0.16219089, -0.36480426, ...,  0.0521543 ,
         -0.09930678, -0.29599375],
        [ 0.16219089,  0.        , -0.20896065, ...,  0.2134339 ,
          0.06339726, -0.13715152],
        [ 0.36480426,  0.20896065,  0.        , ...,  0.41286783,
          0.27053801,  0.07286223],
        ...,
        [-0.0521543 , -0.2134339 , -0.41286783, ...,  0.        ,
         -0.15106812, -0.34540817],
        [ 0.09930678, -0.06339726, -0.27053801, ...,  0.15106812,
          0.        , -0.19967378],
        [ 0.29599375,  0.13715152, -0.07286223, ...,  0.34540817,
          0.19967378,  0.        ]],

       ...,

       [[ 0.        ,  0.70178783,  0.78465659, ...,  0.99344961,
          0.95549873,  0.96483165],
        [-0.70178783,  0.        ,  0.12391859, ...,  0.62752562,
          0.47365987,  0.5028546 ],
        [-0.78465659, -0.12391859,  0.        , ...,  0.52620638,
          0.36087301,  0.39186715],
        ...,
        [-0.99344961, -0.62752562, -0.52620638, ...,  0.        ,
         -0.1838771 , -0.15089442],
        [-0.95549873, -0.47365987, -0.36087301, ...,  0.1838771 ,
          0.        ,  0.03345013],
        [-0.96483165, -0.5028546 , -0.39186715, ...,  0.15089442,
         -0.03345013,  0.        ]],

       [[ 0.        , -0.42622784, -0.67987815, ..., -0.95937132,
         -0.96209639, -0.95840227],
        [ 0.42622784,  0.        , -0.30246498, ..., -0.98812121,
         -0.98656407, -0.98864021],
        [ 0.67987815,  0.30246498,  0.        , ..., -0.89535633,
         -0.89093874, -0.89687187],
        ...,
        [ 0.95937132,  0.98812121,  0.89535633, ...,  0.        ,
          0.00982237, -0.00341475],
        [ 0.96209639,  0.98656407,  0.89093874, ..., -0.00982237,
          0.        , -0.0132369 ],
        [ 0.95840227,  0.98864021,  0.89687187, ...,  0.00341475,
          0.0132369 ,  0.        ]],

       [[ 0.        , -0.092428  , -0.16306738, ...,  0.72583364,
          0.61152959,  0.51914605],
        [ 0.092428  ,  0.        , -0.07117851, ...,  0.78630509,
          0.68204288,  0.59592066],
        [ 0.16306738,  0.07117851,  0.        , ...,  0.82828752,
          0.73236665,  0.65156859],
        ...,
        [-0.72583364, -0.78630509, -0.82828752, ...,  0.        ,
         -0.1536422 , -0.26325438],
        [-0.61152959, -0.68204288, -0.73236665, ...,  0.1536422 ,
          0.        , -0.11190594],
        [-0.51914605, -0.59592066, -0.65156859, ...,  0.26325438,
          0.11190594,  0.        ]]]), 'num': array([ 7.07090878e-01,  7.07090878e-01,  0.00000000e+00,  2.27444987e-04,
        2.36883180e-04,  2.25278844e-04,  6.67326686e-03, -6.96260164e-06,
        2.34221919e-04,  2.42863281e-04,  2.40052453e-04,  4.29790225e-07,
        2.55336906e-04,  2.30389657e-04])}
{'img': array([[[ 0.        , -0.25105263, -0.09928517, ..., -0.09928517,
         -0.1064327 , -0.4369601 ],
        [ 0.25105263,  0.        ,  0.15370678, ...,  0.15370678,
          0.1466026 , -0.19714873],
        [ 0.09928517, -0.15370678,  0.        , ...,  0.        ,
         -0.00718561, -0.34549598],
        ...,
        [ 0.09928517, -0.15370678,  0.        , ...,  0.        ,
         -0.00718561, -0.34549598],
        [ 0.1064327 , -0.1466026 ,  0.00718561, ...,  0.00718561,
          0.        , -0.33874394],
        [ 0.4369601 ,  0.19714873,  0.34549598, ...,  0.34549598,
          0.33874394,  0.        ]],

       [[ 0.        , -0.00618285, -0.20672027, ..., -0.12561964,
         -0.099397  ,  0.14610537],
        [ 0.00618285,  0.        , -0.20066702, ..., -0.11948337,
         -0.09324287,  0.15221908],
        [ 0.20672027,  0.20066702,  0.        , ...,  0.08217647,
          0.10844653,  0.34745147],
        ...,
        [ 0.12561964,  0.11948337, -0.08217647, ...,  0.        ,
          0.02638792,  0.26921961],
        [ 0.099397  ,  0.09324287, -0.10844653, ..., -0.02638792,
          0.        ,  0.24371221],
        [-0.14610537, -0.15221908, -0.34745147, ..., -0.26921961,
         -0.24371221,  0.        ]],

       [[ 0.        , -0.20896065, -0.31902535, ...,  0.06339726,
         -0.13715152, -0.27294385],
        [ 0.20896065,  0.        , -0.1139409 , ...,  0.27053801,
          0.07286223, -0.06589194],
        [ 0.31902535,  0.1139409 ,  0.        , ...,  0.37846811,
          0.18602576,  0.04823046],
        ...,
        [-0.06339726, -0.27053801, -0.37846811, ...,  0.        ,
         -0.19967378, -0.33338485],
        [ 0.13715152, -0.07286223, -0.18602576, ...,  0.19967378,
          0.        , -0.13842068],
        [ 0.27294385,  0.06589194, -0.04823046, ...,  0.33338485,
          0.13842068,  0.        ]],

       ...,

       [[ 0.        ,  0.21572182,  0.55109741, ...,  0.64969081,
          0.67968851, -0.38079246],
        [-0.21572182,  0.        ,  0.35811463, ...,  0.47040233,
          0.505453  , -0.5712961 ],
        [-0.55109741, -0.35811463,  0.        , ...,  0.12318514,
          0.16292947, -0.82732683],
        ...,
        [-0.64969081, -0.47040233, -0.12318514, ...,  0.        ,
          0.04014944, -0.89022133],
        [-0.67968851, -0.505453  , -0.16292947, ..., -0.04014944,
          0.        , -0.90779274],
        [ 0.38079246,  0.5712961 ,  0.82732683, ...,  0.89022133,
          0.90779274,  0.        ]],

       [[ 0.        , -0.57217591, -0.81330731, ..., -0.97168342,
         -0.96834016, -0.98090592],
        [ 0.57217591,  0.        , -0.33410687, ..., -0.93210508,
         -0.9370005 , -0.91574968],
        [ 0.81330731,  0.33410687,  0.        , ..., -0.75753236,
         -0.76644305, -0.72889909],
        ...,
        [ 0.97168342,  0.93210508,  0.75753236, ...,  0.        ,
         -0.01375987,  0.0427991 ],
        [ 0.96834016,  0.9370005 ,  0.76644305, ...,  0.01375987,
          0.        ,  0.05654231],
        [ 0.98090592,  0.91574968,  0.72889909, ..., -0.0427991 ,
         -0.05654231,  0.        ]],

       [[ 0.        , -0.07117851, -0.04518215, ...,  0.68204288,
          0.59592066,  0.39916117],
        [ 0.07117851,  0.        ,  0.02603827, ...,  0.73236665,
          0.65156859,  0.46341094],
        [ 0.04518215, -0.02603827,  0.        , ...,  0.71438861,
          0.6315953 ,  0.44018018],
        ...,
        [-0.68204288, -0.73236665, -0.71438861, ...,  0.        ,
         -0.11190594, -0.33344058],
        [-0.59592066, -0.65156859, -0.6315953 , ...,  0.11190594,
          0.        , -0.22584448],
        [-0.39916117, -0.46341094, -0.44018018, ...,  0.33344058,
          0.22584448,  0.        ]]]), 'num': array([ 7.07100604e-01,  7.07100604e-01,  0.00000000e+00,  2.22032684e-04,
        2.25591396e-04,  2.20330691e-04,  4.12764175e-03, -5.41543132e-06,
        2.31006827e-04,  2.41605600e-04,  2.39810771e-04,  4.77551263e-07,
        2.56843618e-04,  2.26367582e-04])}
{'img': array([[[ 0.        ,  0.15370678, -0.35173818, ...,  0.1466026 ,
         -0.19714873, -0.51272421],
        [-0.15370678,  0.        , -0.49144297, ..., -0.00718561,
         -0.34549598, -0.63859672],
        [ 0.35173818,  0.49144297,  0.        , ...,  0.48517227,
          0.1602842 , -0.17797432],
        ...,
        [-0.1466026 ,  0.00718561, -0.48517227, ...,  0.        ,
         -0.33874394, -0.63305061],
        [ 0.19714873,  0.34549598, -0.1602842 , ...,  0.33874394,
          0.        , -0.33339857],
        [ 0.51272421,  0.63859672,  0.17797432, ...,  0.63305061,
          0.33339857,  0.        ]],

       [[ 0.        , -0.20066702, -0.10191562, ..., -0.09324287,
          0.15221908, -0.06348598],
        [ 0.20066702,  0.        ,  0.09977955, ...,  0.10844653,
          0.34745147,  0.13806758],
        [ 0.10191562, -0.09977955,  0.        , ...,  0.00871425,
          0.25215445,  0.03855462],
        ...,
        [ 0.09324287, -0.10844653, -0.00871425, ...,  0.        ,
          0.24371221,  0.02984539],
        [-0.15221908, -0.34745147, -0.25215445, ..., -0.24371221,
          0.        , -0.21465817],
        [ 0.06348598, -0.13806758, -0.03855462, ..., -0.02984539,
          0.21465817,  0.        ]],

       [[ 0.        , -0.1139409 , -0.2205486 , ...,  0.07286223,
         -0.06589194, -0.28828349],
        [ 0.1139409 ,  0.        , -0.10797706, ...,  0.18602576,
          0.04823046, -0.1773025 ],
        [ 0.2205486 ,  0.10797706,  0.        , ...,  0.29103045,
          0.15579987, -0.06999957],
        ...,
        [-0.07286223, -0.18602576, -0.29103045, ...,  0.        ,
         -0.13842068, -0.35728611],
        [ 0.06589194, -0.04823046, -0.15579987, ...,  0.13842068,
          0.        , -0.22456248],
        [ 0.28828349,  0.1773025 ,  0.06999957, ...,  0.35728611,
          0.22456248,  0.        ]],

       ...,

       [[ 0.        ,  0.35811463, -0.21968224, ...,  0.505453  ,
         -0.5712961 , -0.10138175],
        [-0.35811463,  0.        , -0.55447881, ...,  0.16292947,
         -0.82732683, -0.45092735],
        [ 0.21968224,  0.55447881,  0.        , ...,  0.68265926,
         -0.3770373 ,  0.1196452 ],
        ...,
        [-0.505453  , -0.16292947, -0.68265926, ...,  0.        ,
         -0.90779274, -0.59032637],
        [ 0.5712961 ,  0.82732683,  0.3770373 , ...,  0.90779274,
          0.        ,  0.48514409],
        [ 0.10138175,  0.45092735, -0.1196452 , ...,  0.59032637,
         -0.48514409,  0.        ]],

       [[ 0.        , -0.67463173, -0.84898773, ..., -0.98448269,
         -0.99337938, -0.99963463],
        [ 0.67463173,  0.        , -0.27020021, ..., -0.84508585,
         -0.81076912, -0.75611989],
        [ 0.84898773,  0.27020021,  0.        , ..., -0.66919486,
         -0.62244585, -0.55116741],
        ...,
        [ 0.98448269,  0.84508585,  0.66919486, ...,  0.        ,
          0.06122257,  0.14880731],
        [ 0.99337938,  0.81076912,  0.62244585, ..., -0.06122257,
          0.        ,  0.08798724],
        [ 0.99963463,  0.75611989,  0.55116741, ..., -0.14880731,
         -0.08798724,  0.        ]],

       [[ 0.        ,  0.02603827, -0.05494161, ...,  0.65156859,
          0.46341094,  0.2032506 ],
        [-0.02603827,  0.        , -0.08092193, ...,  0.6315953 ,
          0.44018018,  0.17768692],
        [ 0.05494161,  0.08092193,  0.        , ...,  0.69226258,
          0.51139714,  0.25673841],
        ...,
        [-0.65156859, -0.6315953 , -0.69226258, ...,  0.        ,
         -0.22584448, -0.48378442],
        [-0.46341094, -0.44018018, -0.51139714, ...,  0.22584448,
          0.        , -0.27362885],
        [-0.2032506 , -0.17768692, -0.25673841, ...,  0.48378442,
          0.27362885,  0.        ]]]), 'num': array([7.07101935e-01, 7.07101935e-01, 0.00000000e+00, 2.31316716e-04,
       2.31316716e-04, 2.20331106e-04, 3.64219387e-03, 9.28361403e-06,
       2.29955120e-04, 2.40940729e-04, 2.39811223e-04, 5.62643275e-07,
       2.56745187e-04, 2.25136272e-04])}
{'img': array([[[ 0.        , -0.49144297, -0.69393272, ..., -0.34549598,
         -0.63859672, -0.15370678],
        [ 0.49144297,  0.        , -0.25049425, ...,  0.1602842 ,
         -0.17797432,  0.35173818],
        [ 0.69393272,  0.25049425,  0.        , ...,  0.40242963,
          0.07419498,  0.57501136],
        ...,
        [ 0.34549598, -0.1602842 , -0.40242963, ...,  0.        ,
         -0.33339857,  0.19714873],
        [ 0.63859672,  0.17797432, -0.07419498, ...,  0.33339857,
          0.        ,  0.51272421],
        [ 0.15370678, -0.35173818, -0.57501136, ..., -0.19714873,
         -0.51272421,  0.        ]],

       [[ 0.        ,  0.09977955,  0.13641376, ...,  0.34745147,
          0.13806758,  0.08635632],
        [-0.09977955,  0.        ,  0.03688619, ...,  0.25215445,
          0.03855462, -0.01348144],
        [-0.13641376, -0.03688619,  0.        , ...,  0.21628857,
          0.00166962, -0.05035511],
        ...,
        [-0.34745147, -0.25215445, -0.21628857, ...,  0.        ,
         -0.21465817, -0.26517735],
        [-0.13806758, -0.03855462, -0.00166962, ...,  0.21465817,
          0.        , -0.05202254],
        [-0.08635632,  0.01348144,  0.05035511, ...,  0.26517735,
          0.05202254,  0.        ]],

       [[ 0.        , -0.10797706, -0.27697915, ...,  0.04823046,
         -0.1773025 , -0.25574473],
        [ 0.10797706,  0.        , -0.1716072 , ...,  0.15579987,
         -0.06999957, -0.14986328],
        [ 0.27697915,  0.1716072 ,  0.        , ...,  0.3230003 ,
          0.1022251 ,  0.02202908],
        ...,
        [-0.04823046, -0.15579987, -0.3230003 , ...,  0.        ,
         -0.22456248, -0.30207363],
        [ 0.1773025 ,  0.06999957, -0.1022251 , ...,  0.22456248,
          0.        , -0.08028662],
        [ 0.25574473,  0.14986328, -0.02202908, ...,  0.30207363,
          0.08028662,  0.        ]],

       ...,

       [[ 0.        , -0.55447881, -0.43355527, ..., -0.82732683,
         -0.45092735, -0.1118058 ],
        [ 0.55447881,  0.        ,  0.13885205, ..., -0.3770373 ,
          0.1196452 ,  0.45795772],
        [ 0.43355527, -0.13885205,  0.        , ..., -0.50198949,
         -0.01936842,  0.33008569],
        ...,
        [ 0.82732683,  0.3770373 ,  0.50198949, ...,  0.        ,
          0.48514409,  0.75933591],
        [ 0.45092735, -0.1196452 ,  0.01936842, ..., -0.48514409,
          0.        ,  0.34830661],
        [ 0.1118058 , -0.45795772, -0.33008569, ..., -0.75933591,
         -0.34830661,  0.        ]],

       [[ 0.        , -0.65148517, -0.80477941, ..., -0.99982961,
         -0.99282889, -0.99360722],
        [ 0.65148517,  0.        , -0.22385038, ..., -0.74650598,
         -0.67533974, -0.68026368],
        [ 0.80477941,  0.22385038,  0.        , ..., -0.578617  ,
         -0.49311082, -0.49892593],
        ...,
        [ 0.99982961,  0.74650598,  0.578617  , ...,  0.        ,
          0.10119653,  0.09453163],
        [ 0.99282889,  0.67533974,  0.49311082, ..., -0.10119653,
          0.        , -0.00669701],
        [ 0.99360722,  0.68026368,  0.49892593, ..., -0.09453163,
          0.00669701,  0.        ]],

       [[ 0.        , -0.08092193, -0.226345  , ...,  0.44018018,
          0.17768692,  0.09515802],
        [ 0.08092193,  0.        , -0.14678091, ...,  0.51139714,
          0.25673841,  0.17540066],
        [ 0.226345  ,  0.14678091,  0.        , ...,  0.63199358,
          0.39581863,  0.31800629],
        ...,
        [-0.44018018, -0.51139714, -0.63199358, ...,  0.        ,
         -0.27362885, -0.35273943],
        [-0.17768692, -0.25673841, -0.39581863, ...,  0.27362885,
          0.        , -0.08323683],
        [-0.09515802, -0.17540066, -0.31800629, ...,  0.35273943,
          0.08323683,  0.        ]]]), 'num': array([7.07104681e-01, 7.07104681e-01, 0.00000000e+00, 2.31781797e-04,
       2.32245980e-04, 2.28532519e-04, 2.34430732e-03, 4.64182504e-07,
       2.29398993e-04, 2.40469746e-04, 2.39765736e-04, 6.03253056e-07,
       2.56768737e-04, 2.24170755e-04])}
{'img': array([[[ 0.        , -0.25049425,  0.39342982, ..., -0.17797432,
          0.35173818,  0.37277012],
        [ 0.25049425,  0.        ,  0.61117958, ...,  0.07419498,
          0.57501136,  0.59332506],
        [-0.39342982, -0.61117958,  0.        , ..., -0.55077029,
         -0.04491691, -0.02236492],
        ...,
        [ 0.17797432, -0.07419498,  0.55077029, ...,  0.        ,
          0.51272421,  0.53196549],
        [-0.35173818, -0.57501136,  0.04491691, ..., -0.51272421,
          0.        ,  0.02256333],
        [-0.37277012, -0.59332506,  0.02236492, ..., -0.53196549,
         -0.02256333,  0.        ]],

       [[ 0.        ,  0.03688619,  0.0230208 , ...,  0.03855462,
         -0.01348144, -0.19761704],
        [-0.03688619,  0.        , -0.01387128, ...,  0.00166962,
         -0.05035511, -0.23364133],
        [-0.0230208 ,  0.01387128,  0.        , ...,  0.01554072,
         -0.03649658, -0.22013149],
        ...,
        [-0.03855462, -0.00166962, -0.01554072, ...,  0.        ,
         -0.05202254, -0.23526441],
        [ 0.01348144,  0.05035511,  0.03649658, ...,  0.05202254,
          0.        , -0.1843835 ],
        [ 0.19761704,  0.23364133,  0.22013149, ...,  0.23526441,
          0.1843835 ,  0.        ]],

       [[ 0.        , -0.1716072 , -0.24362277, ..., -0.06999957,
         -0.14986328, -0.19362695],
        [ 0.1716072 ,  0.        , -0.07357204, ...,  0.1022251 ,
          0.02202908, -0.022395  ],
        [ 0.24362277,  0.07357204,  0.        , ...,  0.17513468,
          0.09552356,  0.05121928],
        ...,
        [ 0.06999957, -0.1022251 , -0.17513468, ...,  0.        ,
         -0.08028662, -0.12447714],
        [ 0.14986328, -0.02202908, -0.09552356, ...,  0.08028662,
          0.        , -0.04441312],
        [ 0.19362695,  0.022395  , -0.05121928, ...,  0.12447714,
          0.04441312,  0.        ]],

       ...,

       [[ 0.        ,  0.13885205,  0.68062289, ...,  0.1196452 ,
          0.45795772,  0.57212201],
        [-0.13885205,  0.        ,  0.57230207, ..., -0.01936842,
          0.33008569,  0.45269787],
        [-0.68062289, -0.57230207,  0.        , ..., -0.58807765,
         -0.26954067, -0.13906947],
        ...,
        [-0.1196452 ,  0.01936842,  0.58807765, ...,  0.        ,
          0.34830661,  0.46988307],
        [-0.45795772, -0.33008569,  0.26954067, ..., -0.34830661,
          0.        ,  0.13299908],
        [-0.57212201, -0.45269787,  0.13906947, ..., -0.46988307,
         -0.13299908,  0.        ]],

       [[ 0.        , -0.38995675, -0.74435373, ..., -0.86203617,
         -0.8658877 , -0.86501463],
        [ 0.38995675,  0.        , -0.42501812, ..., -0.59614319,
         -0.60226676, -0.60087467],
        [ 0.74435373,  0.42501812,  0.        , ..., -0.19838202,
         -0.20587294, -0.20416728],
        ...,
        [ 0.86203617,  0.59614319,  0.19838202, ...,  0.        ,
         -0.00764874, -0.0059061 ],
        [ 0.8658877 ,  0.60226676,  0.20587294, ...,  0.00764874,
          0.        ,  0.00174268],
        [ 0.86501463,  0.60087467,  0.20416728, ...,  0.0059061 ,
         -0.00174268,  0.        ]],

       [[ 0.        , -0.14678091, -0.06944571, ...,  0.25673841,
          0.17540066,  0.11048685],
        [ 0.14678091,  0.        ,  0.077733  , ...,  0.39581863,
          0.31800629,  0.25517243],
        [ 0.06944571, -0.077733  ,  0.        , ...,  0.32323652,
          0.2433463 ,  0.17924063],
        ...,
        [-0.25673841, -0.39581863, -0.32323652, ...,  0.        ,
         -0.08323683, -0.14838312],
        [-0.17540066, -0.31800629, -0.2433463 , ...,  0.08323683,
          0.        , -0.0655528 ],
        [-0.11048685, -0.25517243, -0.17924063, ...,  0.14838312,
          0.0655528 ,  0.        ]]]), 'num': array([ 7.39755838e-01,  6.72869889e-01,  4.46799925e-06,  2.42340394e-04,
        2.43311698e-04,  2.38293293e-04,  2.63223434e-03, -1.61884031e-07,
        2.39426481e-04,  2.50895965e-04,  2.50976907e-04,  5.07236630e-07,
        2.68263119e-04,  2.33528811e-04])}
{'img': array([[[ 0.        ,  0.61117958,  0.58116771, ...,  0.57501136,
          0.59332506,  0.58727212],
        [-0.61117958,  0.        , -0.03737848, ..., -0.04491691,
         -0.02236492, -0.02986122],
        [-0.58116771,  0.03737848,  0.        , ..., -0.00754476,
          0.01501984,  0.00752146],
        ...,
        [-0.57501136,  0.04491691,  0.00754476, ...,  0.        ,
          0.02256333,  0.0150658 ],
        [-0.59332506,  0.02236492, -0.01501984, ..., -0.02256333,
          0.        , -0.0074988 ],
        [-0.58727212,  0.02986122, -0.00752146, ..., -0.0150658 ,
          0.0074988 ,  0.        ]],

       [[ 0.        , -0.01387128, -0.09647369, ..., -0.05035511,
         -0.23364133, -0.20292271],
        [ 0.01387128,  0.        , -0.08265783, ..., -0.03649658,
         -0.22013149, -0.18932051],
        [ 0.09647369,  0.08265783,  0.        , ...,  0.04623107,
         -0.13874795, -0.10750966],
        ...,
        [ 0.05035511,  0.03649658, -0.04623107, ...,  0.        ,
         -0.1843835 , -0.15335782],
        [ 0.23364133,  0.22013149,  0.13874795, ...,  0.1843835 ,
          0.        ,  0.03147397],
        [ 0.20292271,  0.18932051,  0.10750966, ...,  0.15335782,
         -0.03147397,  0.        ]],

       [[ 0.        , -0.07357204, -0.07096426, ...,  0.02202908,
         -0.022395  , -0.06836182],
        [ 0.07357204,  0.        ,  0.00261462, ...,  0.09552356,
          0.05121928,  0.00522337],
        [ 0.07096426, -0.00261462,  0.        , ...,  0.09292057,
          0.04860792,  0.00260877],
        ...,
        [-0.02202908, -0.09552356, -0.09292057, ...,  0.        ,
         -0.04441312, -0.09032278],
        [ 0.022395  , -0.05121928, -0.04860792, ...,  0.04441312,
          0.        , -0.04600207],
        [ 0.06836182, -0.00522337, -0.00260877, ...,  0.09032278,
          0.04600207,  0.        ]],

       ...,

       [[ 0.        ,  0.57230207,  0.64171044, ...,  0.33008569,
          0.45269787,  0.01867502],
        [-0.57230207,  0.        ,  0.08730472, ..., -0.26954067,
         -0.13906947, -0.55688794],
        [-0.64171044, -0.08730472,  0.        , ..., -0.35258496,
         -0.2249948 , -0.62727577],
        ...,
        [-0.33008569,  0.26954067,  0.35258496, ...,  0.        ,
          0.13299908, -0.31239982],
        [-0.45269787,  0.13906947,  0.2249948 , ..., -0.13299908,
          0.        , -0.43596708],
        [-0.01867502,  0.55688794,  0.62727577, ...,  0.31239982,
          0.43596708,  0.        ]],

       [[ 0.        , -0.42501812, -0.65625005, ..., -0.60226676,
         -0.60087467, -0.62310291],
        [ 0.42501812,  0.        , -0.27333294, ..., -0.20587294,
         -0.20416728, -0.2315997 ],
        [ 0.65625005,  0.27333294,  0.        , ...,  0.06944461,
          0.07118298,  0.04312108],
        ...,
        [ 0.60226676,  0.20587294, -0.06944461, ...,  0.        ,
          0.00174268, -0.02636304],
        [ 0.60087467,  0.20416728, -0.07118298, ..., -0.00174268,
          0.        , -0.02810508],
        [ 0.62310291,  0.2315997 , -0.04312108, ...,  0.02636304,
          0.02810508,  0.        ]],

       [[ 0.        ,  0.077733  ,  0.11927503, ...,  0.31800629,
          0.25517243,  0.19078729],
        [-0.077733  ,  0.        ,  0.04173605, ...,  0.2433463 ,
          0.17924063,  0.11390485],
        [-0.11927503, -0.04173605,  0.        , ...,  0.20265282,
          0.13802431,  0.07234119],
        ...,
        [-0.31800629, -0.2433463 , -0.20265282, ...,  0.        ,
         -0.0655528 , -0.13128171],
        [-0.25517243, -0.17924063, -0.13802431, ...,  0.0655528 ,
          0.        , -0.06601389],
        [-0.19078729, -0.11390485, -0.07234119, ...,  0.13128171,
          0.06601389,  0.        ]]]), 'num': array([ 7.29451733e-01,  6.84022849e-01,  3.08410615e-06,  2.35382817e-04,
        2.40656159e-04,  2.34903422e-04,  3.52722669e-03, -3.83515791e-06,
        2.36437485e-04,  2.46856331e-04,  2.47860397e-04,  4.42208984e-07,
        2.64702182e-04,  2.29010479e-04])}
{'img': array([[[ 0.        , -0.03737848,  0.10916851, ..., -0.02236492,
         -0.02986122, -0.21660621],
        [ 0.03737848,  0.        ,  0.1462473 , ...,  0.01501984,
          0.00752146, -0.17996376],
        [-0.10916851, -0.1462473 ,  0.        , ..., -0.13137245,
         -0.13880257, -0.32188836],
        ...,
        [ 0.02236492, -0.01501984,  0.13137245, ...,  0.        ,
         -0.0074988 , -0.19471808],
        [ 0.02986122, -0.00752146,  0.13880257, ...,  0.0074988 ,
          0.        , -0.18735734],
        [ 0.21660621,  0.17996376,  0.32188836, ...,  0.19471808,
          0.18735734,  0.        ]],

       [[ 0.        , -0.08265783, -0.17314161, ..., -0.22013149,
         -0.18932051, -0.06292644],
        [ 0.08265783,  0.        , -0.09113967, ..., -0.13874795,
         -0.10750966,  0.01978291],
        [ 0.17314161,  0.09113967,  0.        , ..., -0.04791235,
         -0.01645078,  0.11082241],
        ...,
        [ 0.22013149,  0.13874795,  0.04791235, ...,  0.        ,
          0.03147397,  0.15831236],
        [ 0.18932051,  0.10750966,  0.01645078, ..., -0.03147397,
          0.        ,  0.12715687],
        [ 0.06292644, -0.01978291, -0.11082241, ..., -0.15831236,
         -0.12715687,  0.        ]],

       [[ 0.        ,  0.00261462,  0.00261462, ...,  0.05121928,
          0.00522337,  0.01301479],
        [-0.00261462,  0.        ,  0.        , ...,  0.04860792,
          0.00260877,  0.01040035],
        [-0.00261462,  0.        ,  0.        , ...,  0.04860792,
          0.00260877,  0.01040035],
        ...,
        [-0.05121928, -0.04860792, -0.04860792, ...,  0.        ,
         -0.04600207, -0.03821724],
        [-0.00522337, -0.00260877, -0.00260877, ...,  0.04600207,
          0.        ,  0.00779169],
        [-0.01301479, -0.01040035, -0.01040035, ...,  0.03821724,
         -0.00779169,  0.        ]],

       ...,

       [[ 0.        ,  0.08700548,  0.05208608, ..., -0.1384997 ,
         -0.55336262, -0.90802387],
        [-0.08700548,  0.        , -0.03499882, ..., -0.22414145,
         -0.62373456, -0.94102869],
        [-0.05208608,  0.03499882,  0.        , ..., -0.1898958 ,
         -0.59599608, -0.92861113],
        ...,
        [ 0.1384997 ,  0.22414145,  0.1898958 , ...,  0.        ,
         -0.43266757, -0.84125269],
        [ 0.55336262,  0.62373456,  0.59599608, ...,  0.43266757,
          0.        , -0.52451602],
        [ 0.90802387,  0.94102869,  0.92861113, ...,  0.84125269,
          0.52451602,  0.        ]],

       [[ 0.        , -0.27333294, -0.38440909, ..., -0.20416728,
         -0.2315997 , -0.2391449 ],
        [ 0.27333294,  0.        , -0.11743978, ...,  0.07118298,
          0.04312108,  0.03536374],
        [ 0.38440909,  0.11743978,  0.        , ...,  0.18783226,
          0.16015322,  0.15248535],
        ...,
        [ 0.20416728, -0.07118298, -0.18783226, ...,  0.        ,
         -0.02810508, -0.03586442],
        [ 0.2315997 , -0.04312108, -0.16015322, ...,  0.02810508,
          0.        , -0.00776326],
        [ 0.2391449 , -0.03536374, -0.15248535, ...,  0.03586442,
          0.00776326,  0.        ]],

       [[ 0.        ,  0.04173605,  0.03929105, ...,  0.17924063,
          0.11390485,  0.01251031],
        [-0.04173605,  0.        , -0.002447  , ...,  0.13802431,
          0.07234119, -0.02923337],
        [-0.03929105,  0.002447  ,  0.        , ...,  0.14044748,
          0.07478156, -0.02678733],
        ...,
        [-0.17924063, -0.13802431, -0.14044748, ...,  0.        ,
         -0.06601389, -0.1669189 ],
        [-0.11390485, -0.07234119, -0.07478156, ...,  0.06601389,
          0.        , -0.10146704],
        [-0.01251031,  0.02923337,  0.02678733, ...,  0.1669189 ,
          0.10146704,  0.        ]]]), 'num': array([ 7.17744402e-01,  6.96285302e-01,  1.51120426e-06,  2.23532297e-04,
        2.29986399e-04,  2.21958126e-04,  5.41385779e-03, -8.34310687e-06,
        2.32442106e-04,  2.41525073e-04,  2.43954544e-04,  3.81617238e-07,
        2.59946265e-04,  2.23103881e-04])}
{'img': array([[[ 0.        ,  0.1462473 ,  0.13200278, ...,  0.00752146,
         -0.17996376, -0.6833106 ],
        [-0.1462473 ,  0.        , -0.01438405, ..., -0.13880257,
         -0.32188836, -0.78274291],
        [-0.13200278,  0.01438405,  0.        , ..., -0.1245434 ,
         -0.30823657, -0.77371008],
        ...,
        [-0.00752146,  0.13880257,  0.1245434 , ...,  0.        ,
         -0.18735734, -0.6887829 ],
        [ 0.17996376,  0.32188836,  0.30823657, ...,  0.18735734,
          0.        , -0.5407578 ],
        [ 0.6833106 ,  0.78274291,  0.77371008, ...,  0.6887829 ,
          0.5407578 ,  0.        ]],

       [[ 0.        , -0.09113967, -0.12638652, ..., -0.10750966,
          0.01978291,  0.20696764],
        [ 0.09113967,  0.        , -0.03545168, ..., -0.01645078,
          0.11082241,  0.29527256],
        [ 0.12638652,  0.03545168,  0.        , ...,  0.01900644,
          0.14598606,  0.32895795],
        ...,
        [ 0.10750966,  0.01645078, -0.01900644, ...,  0.        ,
          0.12715687,  0.3109499 ],
        [-0.01978291, -0.11082241, -0.14598606, ..., -0.12715687,
          0.        ,  0.18757257],
        [-0.20696764, -0.29527256, -0.32895795, ..., -0.3109499 ,
         -0.18757257,  0.        ]],

       [[ 0.        ,  0.        ,  0.15196093, ...,  0.00260877,
          0.01040035, -0.02909168],
        [ 0.        ,  0.        ,  0.15196093, ...,  0.00260877,
          0.01040035, -0.02909168],
        [-0.15196093, -0.15196093,  0.        , ..., -0.14938194,
         -0.14167315, -0.18065044],
        ...,
        [-0.00260877, -0.00260877,  0.14938194, ...,  0.        ,
          0.00779169, -0.03169925],
        [-0.01040035, -0.01040035,  0.14167315, ..., -0.00779169,
          0.        , -0.03948606],
        [ 0.02909168,  0.02909168,  0.18065044, ...,  0.03169925,
          0.03948606,  0.        ]],

       ...,

       [[ 0.        , -0.03174138, -0.18614344, ..., -0.53598949,
         -0.71796383, -0.9679351 ],
        [ 0.03174138,  0.        , -0.15486302, ..., -0.50892256,
         -0.6955075 , -0.95947392],
        [ 0.18614344,  0.15486302,  0.        , ..., -0.36947489,
         -0.57584487, -0.90425878],
        ...,
        [ 0.53598949,  0.50892256,  0.36947489, ...,  0.        ,
         -0.23303098, -0.68251389],
        [ 0.71796383,  0.6955075 ,  0.57584487, ...,  0.23303098,
          0.        , -0.49340786],
        [ 0.9679351 ,  0.95947392,  0.90425878, ...,  0.68251389,
          0.49340786,  0.        ]],

       [[ 0.        , -0.11743978, -0.19467246, ...,  0.04312108,
          0.03536374, -0.02541775],
        [ 0.11743978,  0.        , -0.07813237, ...,  0.16015322,
          0.15248535,  0.09215998],
        [ 0.19467246,  0.07813237,  0.        , ...,  0.23678748,
          0.22923787,  0.1696781 ],
        ...,
        [-0.04312108, -0.16015322, -0.23678748, ...,  0.        ,
         -0.00776326, -0.06850125],
        [-0.03536374, -0.15248535, -0.22923787, ...,  0.00776326,
          0.        , -0.06075416],
        [ 0.02541775, -0.09215998, -0.1696781 , ...,  0.06850125,
          0.06075416,  0.        ]],

       [[ 0.        , -0.002447  , -0.01720169, ...,  0.07234119,
         -0.02923337, -0.2060445 ],
        [ 0.002447  ,  0.        , -0.014755  , ...,  0.07478156,
         -0.02678733, -0.20364939],
        [ 0.01720169,  0.014755  ,  0.        , ...,  0.0894871 ,
         -0.01203471, -0.18918143],
        ...,
        [-0.07234119, -0.07478156, -0.0894871 , ...,  0.        ,
         -0.10146704, -0.27629358],
        [ 0.02923337,  0.02678733,  0.01203471, ...,  0.10146704,
          0.        , -0.17735034],
        [ 0.2060445 ,  0.20364939,  0.18918143, ...,  0.27629358,
          0.17735034,  0.        ]]]), 'num': array([7.48763726e-01, 6.62828839e-01, 6.00523315e-06, 2.34794771e-04,
       2.39060784e-04, 2.33318075e-04, 3.21473585e-03, 1.80485149e-06,
       2.40176510e-04, 2.50693872e-04, 2.54098479e-04, 4.52469734e-07,
       2.71149239e-04, 2.30238506e-04])}
{'img': array([[[ 0.        , -0.01438405, -0.04330765, ..., -0.32188836,
         -0.78274291, -0.67522114],
        [ 0.01438405,  0.        , -0.02893262, ..., -0.30823657,
         -0.77371008, -0.66454139],
        [ 0.04330765,  0.02893262,  0.        , ..., -0.28058365,
         -0.75505622, -0.64264325],
        ...,
        [ 0.32188836,  0.30823657,  0.28058365, ...,  0.        ,
         -0.5407578 , -0.40185448],
        [ 0.78274291,  0.77371008,  0.75505622, ...,  0.5407578 ,
          0.        ,  0.15714255],
        [ 0.67522114,  0.66454139,  0.64264325, ...,  0.40185448,
         -0.15714255,  0.        ]],

       [[ 0.        , -0.03545168, -0.28818047, ...,  0.11082241,
          0.29527256,  0.06204449],
        [ 0.03545168,  0.        , -0.25405163, ...,  0.14598606,
          0.32895795,  0.09738887],
        [ 0.28818047,  0.25405163,  0.        , ...,  0.39252624,
          0.55807733,  0.34703757],
        ...,
        [-0.11082241, -0.14598606, -0.39252624, ...,  0.        ,
          0.18757257, -0.04894659],
        [-0.29527256, -0.32895795, -0.55807733, ..., -0.18757257,
          0.        , -0.23542557],
        [-0.06204449, -0.09738887, -0.34703757, ...,  0.04894659,
          0.23542557,  0.        ]],

       [[ 0.        ,  0.15196093,  0.32646436, ...,  0.01040035,
         -0.02909168, -0.21615998],
        [-0.15196093,  0.        ,  0.17903805, ..., -0.14167315,
         -0.18065044, -0.36201787],
        [-0.32646436, -0.17903805,  0.        , ..., -0.3166162 ,
         -0.35382392, -0.52306255],
        ...,
        [-0.01040035,  0.14167315,  0.3166162 , ...,  0.        ,
         -0.03948606, -0.22630275],
        [ 0.02909168,  0.18065044,  0.35382392, ...,  0.03948606,
          0.        , -0.18766459],
        [ 0.21615998,  0.36201787,  0.52306255, ...,  0.22630275,
          0.18766459,  0.        ]],

       ...,

       [[ 0.        , -0.15486302, -0.2655578 , ..., -0.6955075 ,
         -0.95947392, -0.70084888],
        [ 0.15486302,  0.        , -0.11305144, ..., -0.57584487,
         -0.90425878, -0.5819285 ],
        [ 0.2655578 ,  0.11305144,  0.        , ..., -0.47972699,
         -0.85019045, -0.48625989],
        ...,
        [ 0.6955075 ,  0.57584487,  0.47972699, ...,  0.        ,
         -0.49340786, -0.00746082],
        [ 0.95947392,  0.90425878,  0.85019045, ...,  0.49340786,
          0.        ,  0.48690472],
        [ 0.70084888,  0.5819285 ,  0.48625989, ...,  0.00746082,
         -0.48690472,  0.        ]],

       [[ 0.        , -0.07813237, -0.20413666, ...,  0.15248535,
          0.09215998,  0.10673654],
        [ 0.07813237,  0.        , -0.12702552, ...,  0.22923787,
          0.1696781 ,  0.18409627],
        [ 0.20413666,  0.12702552,  0.        , ...,  0.3510238 ,
          0.29348721,  0.30745942],
        ...,
        [-0.15248535, -0.22923787, -0.3510238 , ...,  0.        ,
         -0.06075416, -0.04612592],
        [-0.09215998, -0.1696781 , -0.29348721, ...,  0.06075416,
          0.        ,  0.01464879],
        [-0.10673654, -0.18409627, -0.30745942, ...,  0.04612592,
         -0.01464879,  0.        ]],

       [[ 0.        , -0.014755  , -0.00682058, ..., -0.02678733,
         -0.20364939, -0.36866901],
        [ 0.014755  ,  0.        ,  0.00793482, ..., -0.01203471,
         -0.18918143, -0.35491321],
        [ 0.00682058, -0.00793482,  0.        , ..., -0.01996857,
         -0.196967  , -0.36232029],
        ...,
        [ 0.02678733,  0.01203471,  0.01996857, ...,  0.        ,
         -0.17735034, -0.34363626],
        [ 0.20364939,  0.18918143,  0.196967  , ...,  0.17735034,
          0.        , -0.17163866],
        [ 0.36866901,  0.35491321,  0.36232029, ...,  0.34363626,
          0.17163866,  0.        ]]]), 'num': array([7.26759822e-01, 6.86884948e-01, 2.71997773e-06, 2.33186395e-04,
       2.35572341e-04, 2.25710433e-04, 2.96275563e-03, 5.56720589e-06,
       2.31818453e-04, 2.42038252e-04, 2.46200402e-04, 4.72890075e-07,
       2.61749306e-04, 2.22327199e-04])}
{'img': array([[[ 0.        , -0.02893262, -0.31612385, ..., -0.77371008,
         -0.66454139, -0.3639026 ],
        [ 0.02893262,  0.        , -0.28854262, ..., -0.75505622,
         -0.64264325, -0.33680135],
        [ 0.31612385,  0.28854262,  0.        , ..., -0.53375558,
         -0.39423833, -0.05079147],
        ...,
        [ 0.77371008,  0.75505622,  0.53375558, ...,  0.        ,
          0.15714255,  0.49011541],
        [ 0.66454139,  0.64264325,  0.39423833, ..., -0.15714255,
          0.        ,  0.3470517 ],
        [ 0.3639026 ,  0.33680135,  0.05079147, ..., -0.49011541,
         -0.3470517 ,  0.        ]],

       [[ 0.        , -0.25405163,  0.06980353, ...,  0.32895795,
          0.09738887,  0.07653907],
