state_0,state_1,state_2,state_3,state_4,state_5,state_6,state_7,state_8,state_9,state_10,state_11,state_12,state_13,state_14,state_15,state_16,state_17,state_18,state_19,state_20,state_21,state_22,state_23,state_24,state_25,state_26,state_27,state_28,state_29,state_30,state_31,state_32,state_33,state_34,state_35,state_36,state_37,state_38,state_39,state_40,state_41,state_42,state_43,state_44,state_45,state_46,state_47,state_48,state_49,state_50,state_51,state_52,state_53,state_54,state_55,state_56,state_57,state_58,state_59,state_60,state_61,state_62,state_63,state_64,state_65,state_66,state_67,state_68,state_69,state_70,state_71,state_72,state_73,state_74,state_75,state_76,state_77,state_78,state_79,state_80,state_81,state_82,state_83,state_84,state_85,state_86,state_87,state_88,state_89,state_90,state_91,state_92,state_93,state_94,state_95,state_96,state_97,state_98,state_99,state_100,state_101,state_102,state_103,state_104,state_105,state_106,state_107,state_108,state_109,state_110,state_111,state_112,state_113,state_114,state_115,state_116,state_117,state_118,state_119,state_120,state_121,state_122,state_123,state_124,state_125,state_126,state_127,state_128,state_129,state_130,state_131,state_132,state_133,state_134,state_135,state_136,state_137,state_138,state_139,state_140,state_141,state_142,state_143,state_144,state_145,state_146,state_147,state_148,state_149,state_150,state_151,state_152,state_153,state_154,state_155,state_156,state_157,state_158,state_159,state_160,state_161,state_162,state_163,state_164,state_165,state_166,state_167,state_168,state_169,state_170,state_171,state_172,state_173,state_174,state_175,state_176,state_177,state_178,state_179,state_180,state_181,state_182,state_183,state_184,state_185,state_186,state_187,state_188,state_189,state_190,state_191,state_192,state_193,state_194,state_195,state_196,state_197,state_198,state_199,state_200,state_201,state_202,state_203,state_204,state_205,state_206,state_207,state_208,state_209,state_210,state_211,state_212,state_213,state_214,state_215,state_216,state_217,state_218,state_219,state_220,state_221,state_222,state_223,state_224,state_225,state_226,state_227,state_228,state_229,state_230,state_231,state_232,state_233,state_234,state_235,state_236,state_237,state_238,state_239,state_240,state_241,state_242,state_243,state_244,state_245,state_246,state_247,state_248,state_249,state_250,state_251,state_252,state_253,state_254,state_255,state_256,state_257,state_258,state_259,state_260,state_261,state_262,state_263,state_264,state_265,state_266,state_267,state_268,state_269,state_270,state_271,state_272,state_273,state_274,state_275,state_276,state_277,state_278,state_279,state_280,state_281,state_282,state_283,state_284,state_285,state_286,state_287
{'img': array([[[ 0.00000000e+00, -2.74383132e-01, -6.34167278e-01, ...,
          6.34167278e-01,  9.65139551e-01,  8.89346513e-01],
        [ 2.74383132e-01,  0.00000000e+00, -3.97676320e-01, ...,
          3.97676320e-01,  8.56282035e-01,  7.29756546e-01],
        [ 6.34167278e-01,  3.97676320e-01,  0.00000000e+00, ...,
          0.00000000e+00,  5.80257620e-01,  3.97676320e-01],
        ...,
        [-6.34167278e-01, -3.97676320e-01, -0.00000000e+00, ...,
          0.00000000e+00, -5.80257620e-01, -3.97676320e-01],
        [-9.65139551e-01, -8.56282035e-01, -5.80257620e-01, ...,
          5.80257620e-01,  0.00000000e+00,  2.08520607e-01],
        [-8.89346513e-01, -7.29756546e-01, -3.97676320e-01, ...,
          3.97676320e-01, -2.08520607e-01,  0.00000000e+00]],

       [[ 0.00000000e+00,  3.72039008e-01,  1.14162594e-01, ...,
          9.94884010e-01,  9.24339042e-01,  7.37616468e-01],
        [-3.72039008e-01,  0.00000000e+00, -2.63638974e-01, ...,
          8.85883555e-01,  7.16027562e-01,  4.33460066e-01],
        [-1.14162594e-01,  2.63638974e-01,  0.00000000e+00, ...,
          9.76846399e-01,  8.74734515e-01,  6.55709132e-01],
        ...,
        [-9.94884010e-01, -8.85883555e-01, -9.76846399e-01, ...,
          0.00000000e+00, -2.86239836e-01, -5.97248693e-01],
        [-9.24339042e-01, -7.16027562e-01, -8.74734515e-01, ...,
          2.86239836e-01,  0.00000000e+00, -3.42678206e-01],
        [-7.37616468e-01, -4.33460066e-01, -6.55709132e-01, ...,
          5.97248693e-01,  3.42678206e-01,  0.00000000e+00]],

       [[ 0.00000000e+00, -8.39941640e-02, -2.22319788e-01, ...,
          9.99972000e-01,  9.75066005e-01,  6.23732698e-01],
        [ 8.39941640e-02,  0.00000000e+00, -1.39642055e-01, ...,
          9.97066899e-01,  9.52980794e-01,  5.55875574e-01],
        [ 2.22319788e-01,  1.39642055e-01,  0.00000000e+00, ...,
          9.76610187e-01,  9.01327704e-01,  4.34349508e-01],
        ...,
        [-9.99972000e-01, -9.97066899e-01, -9.76610187e-01, ...,
          0.00000000e+00,  2.29205539e-01,  7.86283409e-01],
        [-9.75066005e-01, -9.52980794e-01, -9.01327704e-01, ...,
         -2.29205539e-01,  0.00000000e+00,  6.23732698e-01],
        [-6.23732698e-01, -5.55875574e-01, -4.34349508e-01, ...,
         -7.86283409e-01, -6.23732698e-01,  0.00000000e+00]],

       ...,

       [[ 0.00000000e+00, -4.79514690e-01, -9.75007420e-01, ...,
         -9.16769206e-02, -4.74047681e-01, -4.70142620e-02],
        [ 4.79514690e-01,  0.00000000e+00, -9.62136899e-01, ...,
          3.97045758e-01,  6.21940112e-03,  4.37727845e-01],
        [ 9.75007420e-01,  9.62136899e-01,  0.00000000e+00, ...,
          9.91269545e-01,  9.63813492e-01,  9.84374541e-01],
        ...,
        [ 9.16769206e-02, -3.97045758e-01, -9.91269545e-01, ...,
          0.00000000e+00, -3.91329920e-01,  4.47592701e-02],
        [ 4.74047681e-01, -6.21940112e-03, -9.63813492e-01, ...,
          3.91329920e-01,  0.00000000e+00,  4.32127468e-01],
        [ 4.70142620e-02, -4.37727845e-01, -9.84374541e-01, ...,
         -4.47592701e-02, -4.32127468e-01,  0.00000000e+00]],

       [[ 0.00000000e+00,  1.51101963e-03, -4.57336537e-02, ...,
          7.91242732e-01,  6.90396820e-01,  3.43820697e-01],
        [-1.51101963e-03,  0.00000000e+00, -4.72430401e-02, ...,
          7.92165821e-01,  6.91489150e-01,  3.45239206e-01],
        [ 4.57336537e-02,  4.72430401e-02,  0.00000000e+00, ...,
          7.62448601e-01,  6.56589299e-01,  3.00515431e-01],
        ...,
        [-7.91242732e-01, -7.92165821e-01, -7.62448601e-01, ...,
          0.00000000e+00,  1.50230249e-01,  5.32757758e-01],
        [-6.90396820e-01, -6.91489150e-01, -6.56589299e-01, ...,
         -1.50230249e-01,  0.00000000e+00,  3.99576489e-01],
        [-3.43820697e-01, -3.45239206e-01, -3.00515431e-01, ...,
         -5.32757758e-01, -3.99576489e-01,  0.00000000e+00]],

       [[ 0.00000000e+00,  1.68862355e-01,  3.30440447e-01, ...,
          7.52104002e-01,  7.63779047e-01,  7.52347471e-01],
        [-1.68862355e-01,  0.00000000e+00,  1.66318381e-01, ...,
          8.52591316e-01,  8.61807805e-01,  8.52784352e-01],
        [-3.30440447e-01, -1.66318381e-01,  0.00000000e+00, ...,
          9.27630885e-01,  9.34167134e-01,  9.27768831e-01],
        ...,
        [-7.52104002e-01, -8.52591316e-01, -9.27630885e-01, ...,
          0.00000000e+00, -1.78979084e-02, -3.69504588e-04],
        [-7.63779047e-01, -8.61807805e-01, -9.34167134e-01, ...,
          1.78979084e-02,  0.00000000e+00,  1.75284618e-02],
        [-7.52347471e-01, -8.52784352e-01, -9.27768831e-01, ...,
          3.69504588e-04, -1.75284618e-02,  0.00000000e+00]]]), 'num': array([7.07098924e-01, 7.07098924e-01, 0.00000000e+00, 1.47870806e-03,
       1.54992063e-03, 1.41587344e-03, 2.53421238e-03, 3.77007720e-05,
       1.44603406e-03, 1.35555220e-03, 1.25396957e-03, 5.40260284e-07,
       1.47749095e-03, 1.23361346e-03])}
{'img': array([[[ 0.        , -0.38821549, -0.19900244, ...,  0.91590001,
          0.8424884 ,  0.38821549],
        [ 0.38821549,  0.        ,  0.19705638, ...,  0.6882325 ,
          0.56727357,  0.        ],
        [ 0.19900244, -0.19705638,  0.        , ...,  0.81770022,
          0.71843229,  0.19705638],
        ...,
        [-0.91590001, -0.6882325 , -0.81770022, ...,  0.        ,
          0.15522829,  0.6882325 ],
        [-0.8424884 , -0.56727357, -0.71843229, ..., -0.15522829,
          0.        ,  0.56727357],
        [-0.38821549, -0.        , -0.19705638, ..., -0.6882325 ,
         -0.56727357,  0.        ]],

       [[ 0.        , -0.26363897, -0.4850051 , ...,  0.71602756,
          0.43346007,  0.89996129],
        [ 0.26363897,  0.        , -0.23729105, ...,  0.87473451,
          0.65570913,  0.98306057],
        [ 0.4850051 ,  0.23729105,  0.        , ...,  0.9647427 ,
          0.81613913,  0.99847392],
        ...,
        [-0.71602756, -0.87473451, -0.9647427 , ...,  0.        ,
         -0.34267821,  0.31607138],
        [-0.43346007, -0.65570913, -0.81613913, ...,  0.34267821,
          0.        ,  0.6220451 ],
        [-0.89996129, -0.98306057, -0.99847392, ..., -0.31607138,
         -0.6220451 ,  0.        ]],

       [[ 0.        , -0.13201894, -0.33961552, ...,  0.99607211,
          0.93318645,  0.52965321],
        [ 0.13201894,  0.        , -0.21247063, ...,  0.97566397,
          0.87757182,  0.41303691],
        [ 0.33961552,  0.21247063,  0.        , ...,  0.9067984 ,
          0.7556666 ,  0.21010619],
        ...,
        [-0.99607211, -0.97566397, -0.9067984 , ...,  0.        ,
          0.27535124,  0.79798405],
        [-0.93318645, -0.87757182, -0.7556666 , ..., -0.27535124,
          0.        ,  0.60118863],
        [-0.52965321, -0.41303691, -0.21010619, ..., -0.79798405,
         -0.60118863,  0.        ]],

       ...,

       [[ 0.        , -0.9621369 , -0.61333539, ...,  0.0062194 ,
          0.43772784,  0.50679974],
        [ 0.9621369 ,  0.        ,  0.59274266, ...,  0.96381349,
          0.98437454,  0.96756012],
        [ 0.61333539, -0.59274266,  0.        , ...,  0.61823576,
          0.8971818 ,  0.92901613],
        ...,
        [-0.0062194 , -0.96381349, -0.61823576, ...,  0.        ,
          0.43212747,  0.50142842],
        [-0.43772784, -0.98437454, -0.8971818 , ..., -0.43212747,
          0.        ,  0.07831812],
        [-0.50679974, -0.96756012, -0.92901613, ..., -0.50142842,
         -0.07831812,  0.        ]],

       [[ 0.        , -0.04576022, -0.18673743, ...,  0.8322407 ,
          0.74309135,  0.33499306],
        [ 0.04576022,  0.        , -0.14158653, ...,  0.80599876,
          0.71169065,  0.29152592],
        [ 0.18673743,  0.14158653,  0.        , ...,  0.71407153,
          0.60505745,  0.15315263],
        ...,
        [-0.8322407 , -0.80599876, -0.71407153, ...,  0.        ,
          0.14494654,  0.59842933],
        [-0.74309135, -0.71169065, -0.60505745, ..., -0.14494654,
          0.        ,  0.47598198],
        [-0.33499306, -0.29152592, -0.15315263, ..., -0.59842933,
         -0.47598198,  0.        ]],

       [[ 0.        ,  0.28715274,  0.47123047, ...,  0.76593851,
          0.75450122,  0.78005292],
        [-0.28715274,  0.        ,  0.19811288, ...,  0.91829533,
          0.91118321,  0.9268762 ],
        [-0.47123047, -0.19811288,  0.        , ...,  0.9785261 ,
          0.97474562,  0.98286986],
        ...,
        [-0.76593851, -0.91829533, -0.9785261 , ...,  0.        ,
          0.01760513, -0.02224872],
        [-0.75450122, -0.91118321, -0.97474562, ..., -0.01760513,
          0.        , -0.03984605],
        [-0.78005292, -0.9268762 , -0.98286986, ...,  0.02224872,
          0.03984605,  0.        ]]]), 'num': array([ 7.07100812e-01,  7.07100812e-01,  0.00000000e+00,  1.44101113e-03,
        1.50803491e-03,  1.43263316e-03,  1.09380285e-03, -3.77008727e-05,
        1.44771351e-03,  1.36225820e-03,  1.26018658e-03,  4.95393110e-07,
        1.48746894e-03,  1.23704746e-03])}
{'img': array([[[ 0.        ,  0.19705638,  0.5056391 , ...,  0.56727357,
          0.        ,  0.56727357],
        [-0.19705638,  0.        ,  0.32571517, ...,  0.71843229,
          0.19705638,  0.71843229],
        [-0.5056391 , -0.32571517,  0.        , ...,  0.90582116,
          0.5056391 ,  0.90582116],
        ...,
        [-0.56727357, -0.71843229, -0.90582116, ...,  0.        ,
          0.56727357,  0.        ],
        [-0.        , -0.19705638, -0.5056391 , ..., -0.56727357,
          0.        , -0.56727357],
        [-0.56727357, -0.71843229, -0.90582116, ...,  0.        ,
          0.56727357,  0.        ]],

       [[ 0.        , -0.23729105,  0.22948059, ...,  0.65570913,
          0.98306057,  0.61202283],
        [ 0.23729105,  0.        ,  0.45388482, ...,  0.81613913,
          0.99847392,  0.78220187],
        [-0.22948059, -0.45388482,  0.        , ...,  0.46494941,
          0.91476645,  0.41420747],
        ...,
        [-0.65570913, -0.81613913, -0.46494941, ...,  0.        ,
          0.6220451 , -0.05647552],
        [-0.98306057, -0.99847392, -0.91476645, ..., -0.6220451 ,
          0.        , -0.66527159],
        [-0.61202283, -0.78220187, -0.41420747, ...,  0.05647552,
          0.66527159,  0.        ]],

       [[ 0.        , -0.21199269, -0.41216082, ...,  0.88336659,
          0.52970839,  0.41216082],
        [ 0.21199269,  0.        , -0.20964403, ...,  0.76393147,
          0.33786086,  0.20964403],
        [ 0.41216082,  0.20964403,  0.        , ...,  0.61167247,
          0.13303671,  0.        ],
        ...,
        [-0.88336659, -0.76393147, -0.61167247, ...,  0.        ,
          0.50098856,  0.61167247],
        [-0.52970839, -0.33786086, -0.13303671, ..., -0.50098856,
          0.        ,  0.13303671],
        [-0.41216082, -0.20964403, -0.        , ..., -0.61167247,
         -0.13303671,  0.        ]],

       ...,

       [[ 0.        ,  0.59274266,  0.80005748, ...,  0.98437454,
          0.96756012,  0.99985316],
        [-0.59274266,  0.        ,  0.28875966, ...,  0.8971818 ,
          0.92901613,  0.81543112],
        [-0.80005748, -0.28875966,  0.        , ...,  0.7314293 ,
          0.78258913,  0.61354536],
        ...,
        [-0.98437454, -0.8971818 , -0.7314293 , ...,  0.        ,
          0.07831812, -0.1591929 ],
        [-0.96756012, -0.92901613, -0.78258913, ..., -0.07831812,
          0.        , -0.23602329],
        [-0.99985316, -0.81543112, -0.61354536, ...,  0.1591929 ,
          0.23602329,  0.        ]],

       [[ 0.        , -0.13959052, -0.28753034, ...,  0.77606817,
          0.58657664,  0.28753034],
        [ 0.13959052,  0.        , -0.15101939, ...,  0.6804373 ,
          0.46778016,  0.15101939],
        [ 0.28753034,  0.15101939,  0.        , ...,  0.56196527,
          0.32893738,  0.        ],
        ...,
        [-0.77606817, -0.6804373 , -0.56196527, ...,  0.        ,
          0.25860876,  0.56196527],
        [-0.58657664, -0.46778016, -0.32893738, ..., -0.25860876,
          0.        ,  0.32893738],
        [-0.28753034, -0.15101939, -0.        , ..., -0.56196527,
         -0.32893738,  0.        ]],

       [[ 0.        ,  0.38601333,  0.49232541, ...,  0.76086906,
          0.78644334,  0.76595794],
        [-0.38601333,  0.        ,  0.11817652, ...,  0.95238269,
          0.96391456,  0.95475537],
        [-0.49232541, -0.11817652,  0.        , ...,  0.98174161,
          0.98862001,  0.98320981],
        ...,
        [-0.76086906, -0.95238269, -0.98174161, ...,  0.        ,
         -0.04036712, -0.00787865],
        [-0.78644334, -0.96391456, -0.98862001, ...,  0.04036712,
          0.        ,  0.03249365],
        [-0.76595794, -0.95475537, -0.98320981, ...,  0.00787865,
         -0.03249365,  0.        ]]]), 'num': array([7.07101004e-01, 7.07101004e-01, 0.00000000e+00, 1.48290139e-03,
       1.48290139e-03, 1.42844456e-03, 7.18092906e-04, 4.18898699e-05,
       1.45274069e-03, 1.37021764e-03, 1.26737801e-03, 5.49144513e-07,
       1.50452417e-03, 1.23591112e-03])}
{'img': array([[[ 0.        ,  0.47058824,  0.59473533, ...,  0.19705638,
          0.59473533,  0.        ],
        [-0.47058824,  0.        ,  0.14645043, ...,  0.6352343 ,
          0.9030825 ,  0.47058824],
        [-0.59473533, -0.14645043,  0.        , ...,  0.74149173,
          0.95624112,  0.59473533],
        ...,
        [-0.19705638, -0.6352343 , -0.74149173, ...,  0.        ,
         -0.42465597,  0.19705638],
        [-0.59473533, -0.9030825 , -0.95624112, ...,  0.42465597,
          0.        ,  0.59473533],
        [-0.        , -0.47058824, -0.59473533, ..., -0.19705638,
         -0.59473533,  0.        ]],

       [[ 0.        ,  0.45388482,  0.48819229, ...,  0.99847392,
          0.78220187,  0.6000852 ],
        [-0.45388482,  0.        ,  0.03888713, ...,  0.91476645,
          0.41420747,  0.17163329],
        [-0.48819229, -0.03888713,  0.        , ...,  0.89836478,
          0.37849978,  0.13319339],
        ...,
        [-0.99847392, -0.91476645, -0.89836478, ...,  0.        ,
         -0.66527159, -0.8318552 ],
        [-0.78220187, -0.41420747, -0.37849978, ...,  0.66527159,
          0.        , -0.25184339],
        [-0.6000852 , -0.17163329, -0.13319339, ...,  0.8318552 ,
          0.25184339,  0.        ]],

       [[ 0.        , -0.20827562, -0.20827562, ...,  0.45778198,
          0.42569826,  0.20827562],
        [ 0.20827562,  0.        ,  0.        , ...,  0.26257245,
          0.22790142,  0.        ],
        [ 0.20827562,  0.        ,  0.        , ...,  0.26257245,
          0.22790142,  0.        ],
        ...,
        [-0.45778198, -0.26257245, -0.26257245, ...,  0.        ,
          0.03575777,  0.26257245],
        [-0.42569826, -0.22790142, -0.22790142, ..., -0.03575777,
          0.        ,  0.22790142],
        [-0.20827562, -0.        , -0.        , ..., -0.26257245,
         -0.22790142,  0.        ]],

       ...,

       [[ 0.        ,  0.3094185 ,  0.72660049, ...,  0.9448495 ,
          0.83868562,  0.95982184],
        [-0.3094185 ,  0.        ,  0.47835413, ...,  0.79714586,
          0.62901372,  0.82589356],
        [-0.72660049, -0.47835413,  0.        , ...,  0.41120331,
          0.18050938,  0.45556397],
        ...,
        [-0.9448495 , -0.79714586, -0.41120331, ...,  0.        ,
         -0.2399064 ,  0.049212  ],
        [-0.83868562, -0.62901372, -0.18050938, ...,  0.2399064 ,
          0.        ,  0.28739054],
        [-0.95982184, -0.82589356, -0.45556397, ..., -0.049212  ,
         -0.28739054,  0.        ]],

       [[ 0.        , -0.1475695 , -0.10683883, ...,  0.6375659 ,
          0.5460368 ,  0.1475695 ],
        [ 0.1475695 ,  0.        ,  0.04105574, ...,  0.5168987 ,
          0.41643061,  0.        ],
        [ 0.10683883, -0.04105574,  0.        , ...,  0.55160851,
          0.45340605,  0.04105574],
        ...,
        [-0.6375659 , -0.5168987 , -0.55160851, ...,  0.        ,
          0.1134635 ,  0.5168987 ],
        [-0.5460368 , -0.41643061, -0.45340605, ..., -0.1134635 ,
          0.        ,  0.41643061],
        [-0.1475695 , -0.        , -0.04105574, ..., -0.5168987 ,
         -0.41643061,  0.        ]],

       [[ 0.        ,  0.32469642,  0.42462531, ...,  0.79830891,
          0.7778148 ,  0.78476153],
        [-0.32469642,  0.        ,  0.10764825, ...,  0.950603  ,
          0.93974107,  0.94348794],
        [-0.42462531, -0.10764825,  0.        , ...,  0.9784941 ,
          0.97108381,  0.97368074],
        ...,
        [-0.79830891, -0.950603  , -0.9784941 , ...,  0.        ,
          0.03329443,  0.02216891],
        [-0.7778148 , -0.93974107, -0.97108381, ..., -0.03329443,
          0.        , -0.01112963],
        [-0.78476153, -0.94348794, -0.97368074, ..., -0.02216891,
          0.01112963,  0.        ]]]), 'num': array([ 7.07101034e-01,  7.07101034e-01,  0.00000000e+00,  1.44520057e-03,
        1.49546842e-03,  1.44101159e-03,  6.27661081e-04, -3.77008845e-05,
        1.45776753e-03,  1.37524449e-03,  1.27387100e-03,  5.07955924e-07,
        1.51283470e-03,  1.23765427e-03])}
{'img': array([[[ 0.        ,  0.15686406,  0.36157238, ...,  0.8861378 ,
          0.43383965,  0.86990744],
        [-0.15686406,  0.        ,  0.21084492, ...,  0.94786183,
          0.56980177,  0.93650587],
        [-0.36157238, -0.21084492,  0.        , ...,  0.99374584,
          0.73026095,  0.98938594],
        ...,
        [-0.8861378 , -0.94786183, -0.99374584, ...,  0.        ,
          0.59735062,  0.03392236],
        [-0.43383965, -0.56980177, -0.73026095, ..., -0.59735062,
          0.        , -0.56980177],
        [-0.86990744, -0.93650587, -0.98938594, ..., -0.03392236,
          0.56980177,  0.        ]],

       [[ 0.        ,  0.04304423,  0.13622532, ...,  0.43677863,
          0.18568191,  0.10678535],
        [-0.04304423,  0.        ,  0.09345609, ...,  0.39765255,
          0.14321412,  0.06388827],
        [-0.13622532, -0.09345609,  0.        , ...,  0.31016285,
          0.05009461, -0.02965651],
        ...,
        [-0.43677863, -0.39765255, -0.31016285, ...,  0.        ,
         -0.26214931, -0.33822037],
        [-0.18568191, -0.14321412, -0.05009461, ...,  0.26214931,
          0.        , -0.07969185],
        [-0.10678535, -0.06388827,  0.02965651, ...,  0.33822037,
          0.07969185,  0.        ]],

       [[ 0.        ,  0.        ,  0.34283965, ...,  0.31811555,
          0.22643631,  0.        ],
        [ 0.        ,  0.        ,  0.34283965, ...,  0.31811555,
          0.22643631,  0.        ],
        [-0.34283965, -0.34283965,  0.        , ...,  0.62386562,
          0.54664762,  0.34283965],
        ...,
        [-0.31811555, -0.31811555, -0.62386562, ...,  0.        ,
          0.09517943,  0.31811555],
        [-0.22643631, -0.22643631, -0.54664762, ..., -0.09517943,
          0.        ,  0.22643631],
        [-0.        , -0.        , -0.34283965, ..., -0.31811555,
         -0.22643631,  0.        ]],

       ...,

       [[ 0.        ,  0.47835413,  0.78773586, ...,  0.62901372,
          0.82589356,  0.6798174 ],
        [-0.47835413,  0.        ,  0.39709121, ...,  0.18050938,
          0.45556397,  0.24617719],
        [-0.78773586, -0.39709121,  0.        , ..., -0.22490055,
          0.0646153 , -0.15893438],
        ...,
        [-0.62901372, -0.18050938,  0.22490055, ...,  0.        ,
          0.28739054,  0.06717912],
        [-0.82589356, -0.45556397, -0.0646153 , ..., -0.28739054,
          0.        , -0.22239623],
        [-0.6798174 , -0.24617719,  0.15893438, ..., -0.06717912,
          0.22239623,  0.        ]],

       [[ 0.        ,  0.04060904,  0.14904418, ...,  0.49685839,
          0.29108403,  0.        ],
        [-0.04060904,  0.        ,  0.10876578, ...,  0.53169035,
          0.32969449,  0.04060904],
        [-0.14904418, -0.10876578,  0.        , ...,  0.62065401,
          0.43042297,  0.14904418],
        ...,
        [-0.49685839, -0.53169035, -0.62065401, ...,  0.        ,
          0.22273125,  0.49685839],
        [-0.29108403, -0.32969449, -0.43042297, ..., -0.22273125,
          0.        ,  0.29108403],
        [-0.        , -0.04060904, -0.14904418, ..., -0.49685839,
         -0.29108403,  0.        ]],

       [[ 0.        ,  0.15659568,  0.29969189, ...,  0.88525098,
          0.89043156,  0.88242174],
        [-0.15659568,  0.        ,  0.14659661, ...,  0.94716424,
          0.95071551,  0.945207  ],
        [-0.29969189, -0.14659661,  0.        , ...,  0.98395213,
          0.98589873,  0.98285496],
        ...,
        [-0.88525098, -0.94716424, -0.98395213, ...,  0.        ,
         -0.01125896,  0.00604808],
        [-0.89043156, -0.95071551, -0.98589873, ...,  0.01125896,
          0.        ,  0.01730645],
        [-0.88242174, -0.945207  , -0.98285496, ..., -0.00604808,
         -0.01730645,  0.        ]]]), 'num': array([7.07101083e-01, 7.07101083e-01, 0.00000000e+00, 1.45357865e-03,
       1.46614561e-03, 1.43263371e-03, 5.39985618e-04, 8.37797492e-06,
       1.46028103e-03, 1.37817687e-03, 1.28008475e-03, 4.99975923e-07,
       1.51976217e-03, 1.23659158e-03])}
{'img': array([[[ 0.        ,  0.21084492,  0.31083447, ...,  0.56980177,
          0.93650587,  0.90824418],
        [-0.21084492,  0.        ,  0.10344625, ...,  0.73026095,
          0.98938594,  0.97605249],
        [-0.31083447, -0.10344625,  0.        , ...,  0.79701433,
          0.99910987,  0.9933192 ],
        ...,
        [-0.56980177, -0.73026095, -0.79701433, ...,  0.        ,
         -0.56980177, -0.50795071],
        [-0.93650587, -0.98938594, -0.99910987, ...,  0.56980177,
          0.        ,  0.0733945 ],
        [-0.90824418, -0.97605249, -0.9933192 , ...,  0.50795071,
         -0.0733945 ,  0.        ]],

       [[ 0.        ,  0.09345609,  0.07334669, ...,  0.14321412,
          0.06388827, -0.02552889],
        [-0.09345609,  0.        , -0.02017869, ...,  0.05009461,
         -0.02965651, -0.1188428 ],
        [-0.07334669,  0.02017869,  0.        , ...,  0.07023776,
         -0.00948066, -0.09878292],
        ...,
        [-0.14321412, -0.05009461, -0.07023776, ...,  0.        ,
         -0.07969185, -0.16843318],
        [-0.06388827,  0.02965651,  0.00948066, ...,  0.07969185,
          0.        , -0.08934419],
        [ 0.02552889,  0.1188428 ,  0.09878292, ...,  0.16843318,
          0.08934419,  0.        ]],

       [[ 0.        ,  0.34176637,  0.53451136, ...,  0.2755375 ,
          0.16012482,  0.        ],
        [-0.34176637,  0.        ,  0.21347802, ...,  0.58748271,
          0.48783938,  0.34176637],
        [-0.53451136, -0.21347802,  0.        , ...,  0.74669423,
          0.66294574,  0.53451136],
        ...,
        [-0.2755375 , -0.58748271, -0.74669423, ...,  0.        ,
          0.11805574,  0.2755375 ],
        [-0.16012482, -0.48783938, -0.66294574, ..., -0.11805574,
          0.        ,  0.16012482],
        [-0.        , -0.34176637, -0.53451136, ..., -0.2755375 ,
         -0.16012482,  0.        ]],

       ...,

       [[ 0.        ,  0.39709121,  0.36791411, ...,  0.45556397,
          0.24617719,  0.20455903],
        [-0.39709121,  0.        , -0.03157525, ...,  0.0646153 ,
         -0.15893438, -0.2009544 ],
        [-0.36791411,  0.03157525,  0.        , ...,  0.09609235,
         -0.12768123, -0.16992307],
        ...,
        [-0.45556397, -0.0646153 , -0.09609235, ...,  0.        ,
         -0.22239623, -0.26383164],
        [-0.24617719,  0.15893438,  0.12768123, ...,  0.22239623,
          0.        , -0.04270789],
        [-0.20455903,  0.2009544 ,  0.16992307, ...,  0.26383164,
          0.04270789,  0.        ]],

       [[ 0.        ,  0.14222264,  0.31835274, ...,  0.38724289,
          0.26397391,  0.        ],
        [-0.14222264,  0.        ,  0.18029346, ...,  0.51443255,
          0.39846851,  0.14222264],
        [-0.31835274, -0.18029346,  0.        , ...,  0.66060968,
          0.55730067,  0.31835274],
        ...,
        [-0.38724289, -0.51443255, -0.66060968, ...,  0.        ,
          0.13012925,  0.38724289],
        [-0.26397391, -0.39846851, -0.55730067, ..., -0.13012925,
          0.        ,  0.26397391],
        [-0.        , -0.14222264, -0.31835274, ..., -0.38724289,
         -0.26397391,  0.        ]],

       [[ 0.        ,  0.14659661,  0.15664606, ...,  0.95071551,
          0.945207  ,  0.94860825],
        [-0.14659661,  0.        ,  0.01016686, ...,  0.98589873,
          0.98285496,  0.98475074],
        [-0.15664606, -0.01016686,  0.        , ...,  0.98754913,
          0.98467873,  0.98646858],
        ...,
        [-0.95071551, -0.98589873, -0.98754913, ...,  0.        ,
          0.01730645,  0.00672682],
        [-0.945207  , -0.98285496, -0.98467873, ..., -0.01730645,
          0.        , -0.01058025],
        [-0.94860825, -0.98475074, -0.98646858, ..., -0.00672682,
          0.01058025,  0.        ]]]), 'num': array([ 7.07101119e-01,  7.07101119e-01,  0.00000000e+00,  1.42006682e-03,
        1.46195670e-03,  1.42006682e-03,  5.63703693e-04, -3.35119014e-05,
        1.44855194e-03,  1.38257538e-03,  1.28546068e-03,  4.73259676e-07,
        1.52362613e-03,  1.24152463e-03])}
{'img': array([[[ 0.        ,  0.10344625,  0.22092995, ...,  0.98938594,
          0.97605249,  0.99923418],
        [-0.10344625,  0.        ,  0.11885461, ...,  0.99910987,
          0.9933192 ,  0.98982563],
        [-0.22092995, -0.11885461,  0.        , ...,  0.99704158,
          0.99999395,  0.96589811],
        ...,
        [-0.98938594, -0.99910987, -0.99704158, ...,  0.        ,
          0.0733945 , -0.18391355],
        [-0.97605249, -0.9933192 , -0.99999395, ..., -0.0733945 ,
          0.        , -0.25556011],
        [-0.99923418, -0.98982563, -0.96589811, ...,  0.18391355,
          0.25556011,  0.        ]],

       [[ 0.        , -0.02017869,  0.98549388, ..., -0.02965651,
         -0.1188428 , -0.09322652],
        [ 0.02017869,  0.        ,  0.98871776, ..., -0.00948066,
         -0.09878292, -0.07311673],
        [-0.98549388, -0.98871776,  0.        , ..., -0.99009344,
         -0.99867869, -0.99702354],
        ...,
        [ 0.02965651,  0.00948066,  0.99009344, ...,  0.        ,
         -0.08934419, -0.06365817],
        [ 0.1188428 ,  0.09878292,  0.99867869, ...,  0.08934419,
          0.        ,  0.02575939],
        [ 0.09322652,  0.07311673,  0.99702354, ...,  0.06365817,
         -0.02575939,  0.        ]],

       [[ 0.        ,  0.4308176 ,  0.61677476, ...,  0.16257475,
          0.        ,  0.34686317],
        [-0.4308176 ,  0.        ,  0.21748798, ...,  0.5717999 ,
          0.4308176 ,  0.71709347],
        [-0.61677476, -0.21748798,  0.        , ...,  0.73653837,
          0.61677476,  0.85151253],
        ...,
        [-0.16257475, -0.5717999 , -0.73653837, ...,  0.        ,
          0.16257475, -0.18976717],
        [-0.        , -0.4308176 , -0.61677476, ..., -0.16257475,
          0.        , -0.34686317],
        [-0.34686317, -0.71709347, -0.85151253, ...,  0.18976717,
          0.34686317,  0.        ]],

       ...,

       [[ 0.        , -0.03157525,  0.2961753 , ..., -0.15893438,
         -0.2009544 , -0.33866235],
        [ 0.03157525,  0.        ,  0.3261862 , ..., -0.12768123,
         -0.16992307, -0.30878408],
        [-0.2961753 , -0.3261862 ,  0.        , ..., -0.44421423,
         -0.4820718 , -0.60214149],
        ...,
        [ 0.15893438,  0.12768123,  0.44421423, ...,  0.        ,
         -0.04270789, -0.18481504],
        [ 0.2009544 ,  0.16992307,  0.4820718 , ...,  0.04270789,
          0.        , -0.14267424],
        [ 0.33866235,  0.30878408,  0.60214149, ...,  0.18481504,
          0.14267424,  0.        ]],

       [[ 0.        ,  0.2856366 ,  0.44100806, ...,  0.32704124,
          0.19746235,  0.        ],
        [-0.2856366 ,  0.        ,  0.16627504, ...,  0.58334551,
          0.46924823,  0.2856366 ],
        [-0.44100806, -0.16627504,  0.        , ...,  0.7102776 ,
          0.6095479 ,  0.44100806],
        ...,
        [-0.32704124, -0.58334551, -0.7102776 , ...,  0.        ,
          0.13399804,  0.32704124],
        [-0.19746235, -0.46924823, -0.6095479 , ..., -0.13399804,
          0.        ,  0.19746235],
        [-0.        , -0.2856366 , -0.44100806, ..., -0.32704124,
         -0.19746235,  0.        ]],

       [[ 0.        ,  0.01016686, -0.10794502, ...,  0.98285496,
          0.98475074,  0.9748465 ],
        [-0.01016686,  0.        , -0.1180469 , ...,  0.98467873,
          0.98646858,  0.97706208],
        [ 0.10794502,  0.1180469 ,  0.        , ...,  0.95720906,
          0.96021738,  0.94509184],
        ...,
        [-0.98285496, -0.98467873, -0.95720906, ...,  0.        ,
         -0.01058025,  0.03931352],
        [-0.98475074, -0.98646858, -0.96021738, ...,  0.01058025,
          0.        ,  0.04988338],
        [-0.9748465 , -0.97706208, -0.94509184, ..., -0.03931352,
         -0.04988338,  0.        ]]]), 'num': array([ 7.07095350e-01,  7.07095350e-01,  0.00000000e+00,  1.36140989e-03,
        1.47870058e-03,  1.30695349e-03,  4.13354202e-03, -5.86453489e-05,
        1.43262210e-03,  1.38319244e-03,  1.28935989e-03,  4.76896244e-07,
        1.52374666e-03,  1.24263823e-03])}
{'img': array([[[ 0.        ,  0.11885461,  0.11885461, ...,  0.9933192 ,
          0.98982563,  0.88581307],
        [-0.11885461,  0.        ,  0.        , ...,  0.99999395,
          0.96589811,  0.82438057],
        [-0.11885461,  0.        ,  0.        , ...,  0.99999395,
          0.96589811,  0.82438057],
        ...,
        [-0.9933192 , -0.99999395, -0.99999395, ...,  0.        ,
         -0.25556011, -0.56316412],
        [-0.98982563, -0.96589811, -0.96589811, ...,  0.25556011,
          0.        , -0.33328239],
        [-0.88581307, -0.82438057, -0.82438057, ...,  0.56316412,
          0.33328239,  0.        ]],

       [[ 0.        ,  0.98871776,  0.1673017 , ..., -0.09878292,
         -0.07311673,  0.9218377 ],
        [-0.98871776,  0.        , -0.94972233, ..., -0.99867869,
         -0.99702354,  0.5212859 ],
        [-0.1673017 ,  0.94972233,  0.        , ..., -0.26387407,
         -0.23894011,  0.97368723],
        ...,
        [ 0.09878292,  0.99867869,  0.26387407, ...,  0.        ,
          0.02575939,  0.8790431 ],
        [ 0.07311673,  0.99702354,  0.23894011, ..., -0.02575939,
          0.        ,  0.891032  ],
        [-0.9218377 , -0.5212859 , -0.97368723, ..., -0.8790431 ,
         -0.891032  ,  0.        ]],

       [[ 0.        ,  0.4772126 ,  0.618801  , ...,  0.        ,
          0.35535364,  0.53293871],
        [-0.4772126 ,  0.        ,  0.16892152, ...,  0.4772126 ,
          0.75834633,  0.87213535],
        [-0.618801  , -0.16892152,  0.        , ...,  0.618801  ,
          0.85756032,  0.94224967],
        ...,
        [-0.        , -0.4772126 , -0.618801  , ...,  0.        ,
         -0.35535364, -0.53293871],
        [-0.35535364, -0.75834633, -0.85756032, ...,  0.35535364,
          0.        , -0.19747098],
        [-0.53293871, -0.87213535, -0.94224967, ...,  0.53293871,
          0.19747098,  0.        ]],

       ...,

       [[ 0.        ,  0.3261862 ,  0.29889783, ..., -0.16992307,
         -0.30878408, -0.29009563],
        [-0.3261862 ,  0.        , -0.02872487, ..., -0.4820718 ,
         -0.60214149, -0.58638845],
        [-0.29889783,  0.02872487,  0.        , ..., -0.45670611,
         -0.57895939, -0.56287847],
        ...,
        [ 0.16992307,  0.4820718 ,  0.45670611, ...,  0.        ,
         -0.14267424, -0.12326089],
        [ 0.30878408,  0.60214149,  0.57895939, ...,  0.14267424,
          0.        ,  0.01958636],
        [ 0.29009563,  0.58638845,  0.56287847, ...,  0.12326089,
         -0.01958636,  0.        ]],

       [[ 0.        ,  0.34692624,  0.47571675, ...,  0.20286449,
          0.03718833,  0.        ],
        [-0.34692624,  0.        ,  0.14101532, ...,  0.52997761,
          0.38156492,  0.34692624],
        [-0.47571675, -0.14101532,  0.        , ...,  0.64426439,
          0.50809849,  0.47571675],
        ...,
        [-0.20286449, -0.52997761, -0.64426439, ...,  0.        ,
          0.16630909,  0.20286449],
        [-0.03718833, -0.38156492, -0.50809849, ..., -0.16630909,
          0.        ,  0.03718833],
        [-0.        , -0.34692624, -0.47571675, ..., -0.20286449,
         -0.03718833,  0.        ]],

       [[ 0.        , -0.1180469 , -0.21364217, ...,  0.98646858,
          0.97706208,  0.9745105 ],
        [ 0.1180469 ,  0.        , -0.09682695, ...,  0.96021738,
          0.94509184,  0.94121387],
        [ 0.21364217,  0.09682695,  0.        , ...,  0.92866626,
          0.90900755,  0.90408209],
        ...,
        [-0.98646858, -0.96021738, -0.92866626, ...,  0.        ,
          0.04988338,  0.06153484],
        [-0.97706208, -0.94509184, -0.90900755, ..., -0.04988338,
          0.        ,  0.01166938],
        [-0.9745105 , -0.94121387, -0.90408209, ..., -0.06153484,
         -0.01166938,  0.        ]]]), 'num': array([ 7.07101111e-01,  7.07101111e-01,  0.00000000e+00,  1.34466503e-03,
        1.37398794e-03,  1.31534211e-03,  1.09066995e-03, -1.67559505e-05,
        1.40498645e-03,  1.38278482e-03,  1.29272158e-03,  4.66142984e-07,
        1.52374658e-03,  1.24182305e-03])}
{'img': array([[[ 0.        ,  0.        ,  0.04528304, ...,  0.96589811,
          0.82438057,  0.77277313],
        [ 0.        ,  0.        ,  0.04528304, ...,  0.96589811,
          0.82438057,  0.77277313],
        [-0.04528304, -0.04528304,  0.        , ...,  0.95318249,
          0.79790309,  0.74324007],
        ...,
        [-0.96589811, -0.96589811, -0.95318249, ...,  0.        ,
         -0.33328239, -0.41295017],
        [-0.82438057, -0.82438057, -0.79790309, ...,  0.33328239,
          0.        , -0.08580244],
        [-0.77277313, -0.77277313, -0.74324007, ...,  0.41295017,
          0.08580244,  0.        ]],

       [[ 0.        , -0.94972233, -0.99464642, ..., -0.99702354,
          0.5212859 , -0.88516105],
        [ 0.94972233,  0.        , -0.21327602, ..., -0.23894011,
          0.97368723,  0.16475322],
        [ 0.99464642,  0.21327602,  0.        , ..., -0.02634424,
          0.90268147,  0.37132414],
        ...,
        [ 0.99702354,  0.23894011,  0.02634424, ...,  0.        ,
          0.891032  ,  0.39565597],
        [-0.5212859 , -0.97368723, -0.90268147, ..., -0.891032  ,
          0.        , -0.99792699],
        [ 0.88516105, -0.16475322, -0.37132414, ..., -0.39565597,
          0.99792699,  0.        ]],

       [[ 0.        ,  0.43434951,  0.58447129, ...,  0.36623831,
          0.54838148,  0.74013658],
        [-0.43434951,  0.        ,  0.17402181, ...,  0.73405849,
          0.8571669 ,  0.95875507],
        [-0.58447129, -0.17402181,  0.        , ...,  0.84103389,
          0.93371605,  0.99358903],
        ...,
        [-0.36623831, -0.73405849, -0.84103389, ...,  0.        ,
         -0.2040217 , -0.44243334],
        [-0.54838148, -0.8571669 , -0.93371605, ...,  0.2040217 ,
          0.        , -0.25016041],
        [-0.74013658, -0.95875507, -0.99358903, ...,  0.44243334,
          0.25016041,  0.        ]],

       ...,

       [[ 0.        , -0.02872487, -0.21504789, ..., -0.60214149,
         -0.58638845, -0.63237371],
        [ 0.02872487,  0.        , -0.18690634, ..., -0.57895939,
         -0.56287847, -0.60986066],
        [ 0.21504789,  0.18690634,  0.        , ..., -0.41636154,
         -0.39847377, -0.45098864],
        ...,
        [ 0.60214149,  0.57895939,  0.41636154, ...,  0.        ,
          0.01958636, -0.03842344],
        [ 0.58638845,  0.56287847,  0.39847377, ..., -0.01958636,
          0.        , -0.05798797],
        [ 0.63237371,  0.60986066,  0.45098864, ...,  0.03842344,
          0.05798797,  0.        ]],

       [[ 0.        ,  0.34162086,  0.4769778 , ...,  0.03777935,
          0.        ,  0.01158179],
        [-0.34162086,  0.        ,  0.14802598, ...,  0.37688344,
          0.34162086,  0.35248295],
        [-0.4769778 , -0.14802598,  0.        , ...,  0.50984214,
          0.4769778 ,  0.48712523],
        ...,
        [-0.03777935, -0.37688344, -0.50984214, ...,  0.        ,
          0.03777935,  0.02620329],
        [-0.        , -0.34162086, -0.4769778 , ..., -0.03777935,
          0.        , -0.01158179],
        [-0.01158179, -0.35248295, -0.48712523, ..., -0.02620329,
          0.01158179,  0.        ]],

       [[ 0.        , -0.09682695, -0.25593965, ...,  0.94509184,
          0.94121387,  0.94407834],
        [ 0.09682695,  0.        , -0.16113514, ...,  0.90900755,
          0.90408209,  0.90771644],
        [ 0.25593965,  0.16113514,  0.        , ...,  0.82997111,
          0.82340534,  0.82824497],
        ...,
        [-0.94509184, -0.90900755, -0.82997111, ...,  0.        ,
          0.01166938,  0.00308743],
        [-0.94121387, -0.90408209, -0.82340534, ..., -0.01166938,
          0.        , -0.0085821 ],
        [-0.94407834, -0.90771644, -0.82824497, ..., -0.00308743,
          0.0085821 ,  0.        ]]]), 'num': array([ 7.07101340e-01,  7.07101340e-01,  0.00000000e+00,  1.31953153e-03,
