state_0,state_1,state_2,state_3,state_4,state_5,state_6,state_7,state_8,state_9,state_10,state_11,state_12,state_13,state_14,state_15,state_16,state_17,state_18,state_19,state_20,state_21,state_22,state_23,state_24,state_25,state_26,state_27,state_28,state_29,state_30,state_31,state_32,state_33,state_34,state_35,state_36,state_37,state_38,state_39,state_40,state_41,state_42,state_43,state_44,state_45,state_46,state_47,state_48,state_49,state_50,state_51,state_52,state_53,state_54,state_55,state_56,state_57,state_58,state_59,state_60,state_61,state_62,state_63,state_64,state_65,state_66,state_67,state_68,state_69,state_70,state_71,state_72,state_73,state_74,state_75,state_76,state_77,state_78,state_79,state_80,state_81,state_82,state_83,state_84,state_85,state_86,state_87,state_88,state_89,state_90,state_91,state_92,state_93,state_94,state_95,state_96,state_97,state_98,state_99,state_100,state_101,state_102,state_103,state_104,state_105,state_106,state_107,state_108,state_109,state_110,state_111,state_112,state_113,state_114,state_115,state_116,state_117,state_118,state_119,state_120,state_121,state_122,state_123,state_124,state_125,state_126,state_127,state_128,state_129,state_130,state_131,state_132,state_133,state_134,state_135,state_136,state_137,state_138,state_139,state_140,state_141,state_142,state_143,state_144,state_145,state_146,state_147,state_148,state_149,state_150,state_151,state_152,state_153,state_154,state_155,state_156,state_157,state_158,state_159,state_160,state_161,state_162,state_163,state_164,state_165,state_166,state_167,state_168,state_169,state_170,state_171,state_172,state_173,state_174,state_175,state_176,state_177,state_178,state_179,state_180,state_181,state_182,state_183,state_184,state_185,state_186,state_187,state_188,state_189,state_190,state_191,state_192,state_193,state_194,state_195,state_196,state_197,state_198,state_199,state_200,state_201,state_202,state_203,state_204,state_205,state_206,state_207,state_208,state_209,state_210,state_211,state_212,state_213,state_214,state_215,state_216,state_217,state_218,state_219,state_220,state_221,state_222,state_223,state_224,state_225,state_226,state_227,state_228,state_229,state_230,state_231,state_232,state_233,state_234,state_235,state_236,state_237,state_238,state_239,state_240,state_241,state_242,state_243,state_244,state_245,state_246,state_247,state_248,state_249,state_250,state_251,state_252,state_253,state_254,state_255,state_256,state_257,state_258,state_259,state_260,state_261,state_262,state_263,state_264,state_265,state_266,state_267,state_268,state_269,state_270,state_271,state_272,state_273,state_274,state_275,state_276,state_277,state_278,state_279,state_280,state_281,state_282,state_283,state_284,state_285,state_286,state_287
{'img': array([[[ 0.        ,  0.3136643 ,  0.10856201, ..., -0.96026791,
         -0.91211745, -0.82065181],
        [-0.3136643 ,  0.        , -0.20872713, ..., -0.99934435,
         -0.99466656, -0.6       ],
        [-0.10856201,  0.20872713,  0.        , ..., -0.98488989,
         -0.95122926, -0.75376605],
        ...,
        [ 0.96026791,  0.99934435,  0.98488989, ...,  0.        ,
          0.13908807, -0.77775186],
        [ 0.91211745,  0.99466656,  0.95122926, ..., -0.13908807,
          0.        , -0.85761892],
        [ 0.82065181,  0.6       ,  0.75376605, ...,  0.77775186,
          0.85761892,  0.        ]],

       [[ 0.        ,  0.3442487 ,  0.50701101, ...,  0.86928938,
          0.90935812,  0.98240095],
        [-0.3442487 ,  0.        ,  0.17930015, ...,  0.64599376,
          0.71056445,  0.85805487],
        [-0.50701101, -0.17930015,  0.        , ...,  0.4986576 ,
          0.57288799,  0.75206857],
        ...,
        [-0.86928938, -0.64599376, -0.4986576 , ...,  0.        ,
          0.08786221,  0.32323464],
        [-0.90935812, -0.71056445, -0.57288799, ..., -0.08786221,
          0.        ,  0.23883891],
        [-0.98240095, -0.85805487, -0.75206857, ..., -0.32323464,
         -0.23883891,  0.        ]],

       [[ 0.        , -0.37548303, -0.53393036, ..., -0.89847514,
         -0.72280035, -0.        ],
        [ 0.37548303,  0.        , -0.1773807 , ..., -0.99757927,
         -0.92939266, -0.37548303],
        [ 0.53393036,  0.1773807 ,  0.        , ..., -0.99409475,
         -0.98012453, -0.53393036],
        ...,
        [ 0.89847514,  0.99757927,  0.99409475, ...,  0.        ,
         -0.30357047, -0.89847514],
        [ 0.72280035,  0.92939266,  0.98012453, ...,  0.30357047,
          0.        , -0.72280035],
        [ 0.        ,  0.37548303,  0.53393036, ...,  0.89847514,
          0.72280035,  0.        ]],

       ...,

       [[ 0.        , -0.64596993, -0.70283378, ..., -0.62481345,
         -0.50387851, -0.63636146],
        [ 0.64596993,  0.        , -0.07700383, ...,  0.02739719,
          0.17333024,  0.0125207 ],
        [ 0.70283378,  0.07700383,  0.        , ...,  0.10429076,
          0.24865387,  0.08948131],
        ...,
        [ 0.62481345, -0.02739719, -0.10429076, ...,  0.        ,
          0.14628268, -0.01487905],
        [ 0.50387851, -0.17333024, -0.24865387, ..., -0.14628268,
          0.        , -0.16098547],
        [ 0.63636146, -0.0125207 , -0.08948131, ...,  0.01487905,
          0.16098547,  0.        ]],

       [[ 0.        , -0.28793562, -0.38113532, ..., -0.96112519,
         -0.95845483, -0.98671007],
        [ 0.28793562,  0.        , -0.09879212, ..., -0.99992407,
         -0.99999605, -0.99170954],
        [ 0.38113532,  0.09879212,  0.        , ..., -0.99381516,
         -0.99482665, -0.97416342],
        ...,
        [ 0.96112519,  0.99992407,  0.99381516, ...,  0.        ,
         -0.00951372,  0.11626952],
        [ 0.95845483,  0.99999605,  0.99482665, ...,  0.00951372,
          0.        ,  0.12571345],
        [ 0.98671007,  0.99170954,  0.97416342, ..., -0.11626952,
         -0.12571345,  0.        ]],

       [[ 0.        , -0.34358861, -0.52081255, ..., -0.587637  ,
         -0.60943795, -0.        ],
        [ 0.34358861,  0.        , -0.19579397, ..., -0.82986784,
         -0.84474418, -0.34358861],
        [ 0.52081255,  0.19579397,  0.        , ..., -0.923051  ,
         -0.93317732, -0.52081255],
        ...,
        [ 0.587637  ,  0.82986784,  0.923051  , ...,  0.        ,
          0.02721283, -0.587637  ],
        [ 0.60943795,  0.84474418,  0.93317732, ..., -0.02721283,
          0.        , -0.60943795],
        [ 0.        ,  0.34358861,  0.52081255, ...,  0.587637  ,
          0.60943795,  0.        ]]]), 'num': array([7.07105961e-01, 7.07105961e-01, 0.00000000e+00, 1.21177433e-04,
       1.21177433e-04, 1.17969795e-04, 1.48086664e-03, 3.56404214e-06,
       1.22175365e-04, 1.31744818e-04, 1.31352773e-04, 2.47933366e-07,
       1.45717090e-04, 1.17772545e-04])}
{'img': array([[[ 0.        , -0.20872713, -0.28      , ..., -0.99466656,
         -0.6       , -0.9884548 ],
        [ 0.20872713,  0.        , -0.07345465, ..., -0.95122926,
         -0.75376605, -0.99830852],
        [ 0.28      ,  0.07345465,  0.        , ..., -0.92599992,
         -0.8       , -0.9913411 ],
        ...,
        [ 0.99466656,  0.95122926,  0.92599992, ...,  0.        ,
         -0.85761892, -0.25265992],
        [ 0.6       ,  0.75376605,  0.8       , ...,  0.85761892,
          0.        ,  0.69985421],
        [ 0.9884548 ,  0.99830852,  0.9913411 , ...,  0.25265992,
         -0.69985421,  0.        ]],

       [[ 0.        ,  0.17930015,  0.22857641, ...,  0.71056445,
          0.85805487,  0.30847146],
        [-0.17930015,  0.        ,  0.05031884, ...,  0.57288799,
          0.75206857,  0.13291617],
        [-0.22857641, -0.05031884,  0.        , ...,  0.53091924,
          0.71795146,  0.08287542],
        ...,
        [-0.71056445, -0.57288799, -0.53091924, ...,  0.        ,
          0.23883891, -0.45886234],
        [-0.85805487, -0.75206857, -0.71795146, ..., -0.23883891,
          0.        , -0.65779263],
        [-0.30847146, -0.13291617, -0.08287542, ...,  0.45886234,
          0.65779263,  0.        ]],

       [[ 0.        , -0.39650448, -0.56092171, ..., -0.7756628 ,
         -0.33385921, -0.        ],
        [ 0.39650448,  0.        , -0.18669081, ..., -0.96233671,
         -0.68024792, -0.39650448],
        [ 0.56092171,  0.18669081,  0.        , ..., -0.99617143,
         -0.80512932, -0.56092171],
        ...,
        [ 0.7756628 ,  0.96233671,  0.99617143, ...,  0.        ,
         -0.52044314, -0.7756628 ],
        [ 0.33385921,  0.68024792,  0.80512932, ...,  0.52044314,
          0.        , -0.33385921],
        [ 0.        ,  0.39650448,  0.56092171, ...,  0.7756628 ,
          0.33385921,  0.        ]],

       ...,

       [[ 0.        , -0.07700383, -0.01909001, ...,  0.17333024,
          0.0125207 ,  0.38432377],
        [ 0.07700383,  0.        ,  0.05795647, ...,  0.24865387,
          0.08948131,  0.45427244],
        [ 0.01909001, -0.05795647,  0.        , ...,  0.19209971,
          0.03160693,  0.4018776 ],
        ...,
        [-0.17333024, -0.24865387, -0.19209971, ...,  0.        ,
         -0.16098547,  0.21848836],
        [-0.0125207 , -0.08948131, -0.03160693, ...,  0.16098547,
          0.        ,  0.37273456],
        [-0.38432377, -0.45427244, -0.4018776 , ..., -0.21848836,
         -0.37273456,  0.        ]],

       [[ 0.        , -0.25797056, -0.17765349, ..., -0.96292146,
         -0.98952338, -0.99453539],
        [ 0.25797056,  0.        ,  0.08222663, ..., -0.99992503,
         -0.99327467, -0.98780525],
        [ 0.17765349, -0.08222663,  0.        , ..., -0.99553206,
         -0.99943145, -0.99726244],
        ...,
        [ 0.96292146,  0.99992503,  0.99553206, ...,  0.        ,
          0.12793591,  0.16777864],
        [ 0.98952338,  0.99327467,  0.99943145, ..., -0.12793591,
          0.        ,  0.04027754],
        [ 0.99453539,  0.98780525,  0.99726244, ..., -0.16777864,
         -0.04027754,  0.        ]],

       [[ 0.        , -0.40265854, -0.55032816, ..., -0.69835669,
         -0.38961483, -0.        ],
        [ 0.40265854,  0.        , -0.1675439 , ..., -0.92744379,
         -0.72747365, -0.40265854],
        [ 0.55032816,  0.1675439 ,  0.        , ..., -0.97698917,
         -0.83214837, -0.55032816],
        ...,
        [ 0.69835669,  0.92744379,  0.97698917, ...,  0.        ,
         -0.3643043 , -0.69835669],
        [ 0.38961483,  0.72747365,  0.83214837, ...,  0.3643043 ,
          0.        , -0.38961483],
        [ 0.        ,  0.40265854,  0.55032816, ...,  0.69835669,
          0.38961483,  0.        ]]]), 'num': array([ 7.07105907e-01,  7.07105907e-01,  0.00000000e+00,  1.20108211e-04,
        1.24028657e-04,  1.19395403e-04,  1.53159710e-03, -1.06921256e-06,
        1.20963581e-04,  1.31085460e-04,  1.31020119e-04,  2.49743080e-07,
        1.45920782e-04,  1.16250138e-04])}
{'img': array([[[ 0.        , -0.07345465, -0.35887775, ..., -0.75376605,
         -0.99830852, -0.99729856],
        [ 0.07345465,  0.        , -0.28934682, ..., -0.8       ,
         -0.9913411 , -1.        ],
        [ 0.35887775,  0.28934682,  0.        , ..., -0.93938756,
         -0.91094113, -0.95722433],
        ...,
        [ 0.75376605,  0.8       ,  0.93938756, ...,  0.        ,
          0.69985421,  0.6       ],
        [ 0.99830852,  0.9913411 ,  0.91094113, ..., -0.69985421,
          0.        , -0.13131194],
        [ 0.99729856,  1.        ,  0.95722433, ..., -0.6       ,
          0.13131194,  0.        ]],

       [[ 0.        ,  0.05031884, -0.08441802, ...,  0.75206857,
          0.13291617,  0.16873102],
        [-0.05031884,  0.        , -0.1344503 , ...,  0.71795146,
          0.08287542,  0.11891989],
        [ 0.08441802,  0.1344503 ,  0.        , ...,  0.80502264,
          0.21611072,  0.25133636],
        ...,
        [-0.75206857, -0.71795146, -0.80502264, ...,  0.        ,
         -0.65779263, -0.63007745],
        [-0.13291617, -0.08287542, -0.21611072, ...,  0.65779263,
          0.        ,  0.03622347],
        [-0.16873102, -0.11891989, -0.25133636, ...,  0.63007745,
         -0.03622347,  0.        ]],

       [[ 0.        , -0.22304209, -0.33531733, ..., -0.78506121,
         -0.7185369 , -0.27676546],
        [ 0.22304209,  0.        , -0.11674117, ..., -0.90344091,
         -0.85555939, -0.48412292],
        [ 0.33531733,  0.11674117,  0.        , ..., -0.94731194,
         -0.91014684, -0.58296119],
        ...,
        [ 0.78506121,  0.90344091,  0.94731194, ...,  0.        ,
         -0.10092647, -0.58296119],
        [ 0.7185369 ,  0.85555939,  0.91014684, ...,  0.10092647,
          0.        , -0.49798177],
        [ 0.27676546,  0.48412292,  0.58296119, ...,  0.58296119,
          0.49798177,  0.        ]],

       ...,

       [[ 0.        ,  0.05795647,  0.37904587, ...,  0.08948131,
          0.45427244,  0.4636782 ],
        [-0.05795647,  0.        ,  0.32477711, ...,  0.03160693,
          0.4018776 ,  0.41154917],
        [-0.37904587, -0.32477711,  0.        , ..., -0.2947213 ,
          0.0826958 ,  0.09324152],
        ...,
        [-0.08948131, -0.03160693,  0.2947213 , ...,  0.        ,
          0.37273456,  0.38253739],
        [-0.45427244, -0.4018776 , -0.0826958 , ..., -0.37273456,
          0.        ,  0.01058661],
        [-0.4636782 , -0.41154917, -0.09324152, ..., -0.38253739,
         -0.01058661,  0.        ]],

       [[ 0.        ,  0.15500256,  0.03190465, ..., -0.99842818,
         -0.99533414, -0.99232641],
        [-0.15500256,  0.        , -0.1234046 , ..., -0.99504855,
         -0.9982605 , -0.99949864],
        [-0.03190465,  0.1234046 ,  0.        , ..., -0.99970803,
         -0.99790585, -0.99576611],
        ...,
        [ 0.99842818,  0.99504855,  0.99970803, ...,  0.        ,
          0.04055177,  0.06783536],
        [ 0.99533414,  0.9982605 ,  0.99790585, ..., -0.04055177,
          0.        ,  0.0273212 ],
        [ 0.99232641,  0.99949864,  0.99576611, ..., -0.06783536,
         -0.0273212 ,  0.        ]],

       [[ 0.        , -0.38475643, -0.62392729, ..., -0.65200048,
         -0.55194669, -0.        ],
        [ 0.38475643,  0.        , -0.27521583, ..., -0.89353773,
         -0.83029727, -0.38475643],
        [ 0.62392729,  0.27521583,  0.        , ..., -0.98260014,
         -0.95161674, -0.62392729],
        ...,
        [ 0.65200048,  0.89353773,  0.98260014, ...,  0.        ,
         -0.12519354, -0.65200048],
        [ 0.55194669,  0.83029727,  0.95161674, ...,  0.12519354,
          0.        , -0.55194669],
        [ 0.        ,  0.38475643,  0.62392729, ...,  0.65200048,
          0.55194669,  0.        ]]]), 'num': array([8.47704449e-01, 5.30465396e-01, 1.87715416e-05, 1.44265145e-04,
       1.46399245e-04, 1.42984685e-04, 1.85682900e-03, 4.26819955e-07,
       1.44435873e-04, 1.56301468e-04, 1.56550446e-04, 2.73686078e-07,
       1.74901417e-04, 1.37701518e-04])}
{'img': array([[[ 0.        , -0.28934682, -0.40125914, ..., -0.9913411 ,
         -1.        , -0.99893241],
        [ 0.28934682,  0.        , -0.11906358, ..., -0.91094113,
         -0.95722433, -0.94283586],
        [ 0.40125914,  0.11906358,  0.        , ..., -0.85534321,
         -0.91596457, -0.8964503 ],
        ...,
        [ 0.9913411 ,  0.91094113,  0.85534321, ...,  0.        ,
         -0.13131194, -0.08537616],
        [ 1.        ,  0.95722433,  0.91596457, ...,  0.13131194,
          0.        ,  0.0461956 ],
        [ 0.99893241,  0.94283586,  0.8964503 , ...,  0.08537616,
         -0.0461956 ,  0.        ]],

       [[ 0.        , -0.1344503 , -0.24869658, ...,  0.08287542,
          0.11891989,  0.13204987],
        [ 0.1344503 ,  0.        , -0.11621243, ...,  0.21611072,
          0.25133636,  0.26412383],
        [ 0.24869658,  0.11621243,  0.        , ...,  0.32811264,
          0.3621154 ,  0.37441982],
        ...,
        [-0.08287542, -0.21611072, -0.32811264, ...,  0.        ,
          0.03622347,  0.04944592],
        [-0.11891989, -0.25133636, -0.3621154 , ..., -0.03622347,
          0.        ,  0.0132343 ],
        [-0.13204987, -0.26412383, -0.37441982, ..., -0.04944592,
         -0.0132343 ,  0.        ]],

       [[ 0.        , -0.1155298 , -0.25768055, ..., -0.88641131,
         -0.70192859, -0.47976937],
        [ 0.1155298 ,  0.        , -0.14432674, ..., -0.93395448,
         -0.77951428, -0.57792207],
        [ 0.25768055,  0.14432674,  0.        , ..., -0.97575728,
         -0.86175686, -0.68965517],
        ...,
        [ 0.88641131,  0.93395448,  0.97575728, ...,  0.        ,
         -0.30642243, -0.55564803],
        [ 0.70192859,  0.77951428,  0.86175686, ...,  0.30642243,
          0.        , -0.27415393],
        [ 0.47976937,  0.57792207,  0.68965517, ...,  0.55564803,
          0.27415393,  0.        ]],

       ...,

       [[ 0.        ,  0.32477711, -0.56330325, ...,  0.4018776 ,
          0.41154917,  0.29078137],
        [-0.32477711,  0.        , -0.80111407, ...,  0.0826958 ,
          0.09324152, -0.03572505],
        [ 0.56330325,  0.80111407,  0.        , ...,  0.84786453,
          0.85343017,  0.77922082],
        ...,
        [-0.4018776 , -0.0826958 , -0.84786453, ...,  0.        ,
          0.01058661, -0.1182457 ],
        [-0.41154917, -0.09324152, -0.85343017, ..., -0.01058661,
          0.        , -0.12875141],
        [-0.29078137,  0.03572505, -0.77922082, ...,  0.1182457 ,
          0.12875141,  0.        ]],

       [[ 0.        , -0.1234046 ,  0.03871231, ..., -0.9982605 ,
         -0.99949864, -0.9998902 ],
        [ 0.1234046 ,  0.        ,  0.1617285 , ..., -0.99790585,
         -0.99576611, -0.99407616],
        [-0.03871231, -0.1617285 ,  0.        , ..., -0.99522983,
         -0.99752372, -0.99856702],
        ...,
        [ 0.9982605 ,  0.99790585,  0.99522983, ...,  0.        ,
          0.0273212 ,  0.0441581 ],
        [ 0.99949864,  0.99576611,  0.99752372, ..., -0.0273212 ,
          0.        ,  0.01684707],
        [ 0.9998902 ,  0.99407616,  0.99856702, ..., -0.0441581 ,
         -0.01684707,  0.        ]],

       [[ 0.        , -0.50577363, -0.70536589, ..., -0.70946775,
         -0.50017104, -0.        ],
        [ 0.50577363,  0.        , -0.24998104, ..., -0.96847172,
         -0.86944352, -0.50577363],
        [ 0.70536589,  0.24998104,  0.        , ..., -0.99999961,
         -0.96533805, -0.70536589],
        ...,
        [ 0.70946775,  0.96847172,  0.99999961, ...,  0.        ,
         -0.26185754, -0.70946775],
        [ 0.50017104,  0.86944352,  0.96533805, ...,  0.26185754,
          0.        , -0.50017104],
        [ 0.        ,  0.50577363,  0.70536589, ...,  0.70946775,
          0.50017104,  0.        ]]]), 'num': array([7.67561481e-01, 6.40971961e-01, 7.44644236e-06, 1.31316930e-04,
       1.33634287e-04, 1.28999572e-04, 2.04182377e-03, 7.72452527e-07,
       1.30158251e-04, 1.40277379e-04, 1.41365250e-04, 2.83232593e-07,
       1.56534890e-04, 1.24019868e-04])}
{'img': array([[[ 0.        , -0.11906358,  0.18907283, ..., -0.95722433,
         -0.94283586, -0.91094113],
        [ 0.11906358,  0.        ,  0.30464392, ..., -0.91596457,
         -0.8964503 , -0.85534321],
        [-0.18907283, -0.30464392,  0.        , ..., -0.99466656,
         -0.98883993, -0.97250996],
        ...,
        [ 0.95722433,  0.91596457,  0.99466656, ...,  0.        ,
          0.0461956 ,  0.13131194],
        [ 0.94283586,  0.8964503 ,  0.98883993, ..., -0.0461956 ,
          0.        ,  0.08537616],
        [ 0.91094113,  0.85534321,  0.97250996, ..., -0.13131194,
         -0.08537616,  0.        ]],

       [[ 0.        , -0.11621243, -0.60930005, ...,  0.25133636,
          0.26412383,  0.46515804],
        [ 0.11621243,  0.        , -0.51302221, ...,  0.3621154 ,
          0.37441982,  0.56488077],
        [ 0.60930005,  0.51302221,  0.        , ...,  0.78903599,
          0.79709734,  0.90821155],
        ...,
        [-0.25133636, -0.3621154 , -0.78903599, ...,  0.        ,
          0.0132343 ,  0.22773648],
        [-0.26412383, -0.37441982, -0.79709734, ..., -0.0132343 ,
          0.        ,  0.21482999],
        [-0.46515804, -0.56488077, -0.90821155, ..., -0.22773648,
         -0.21482999,  0.        ]],

       [[ 0.        , -0.14220422, -0.24403163, ..., -0.8594792 ,
         -0.80309582, -0.5710784 ],
        [ 0.14220422,  0.        , -0.10364662, ..., -0.92343524,
         -0.8796666 , -0.68200953],
        [ 0.24403163,  0.10364662,  0.        , ..., -0.95823663,
         -0.92422226, -0.75413762],
        ...,
        [ 0.8594792 ,  0.92343524,  0.95823663, ...,  0.        ,
         -0.10160154, -0.41362407],
        [ 0.80309582,  0.8796666 ,  0.92422226, ...,  0.10160154,
          0.        , -0.31898075],
        [ 0.5710784 ,  0.68200953,  0.75413762, ...,  0.41362407,
          0.31898075,  0.        ]],

       ...,

       [[ 0.        , -0.80111407,  0.0826958 , ...,  0.09324152,
         -0.03572505,  0.15915341],
        [ 0.80111407,  0.        ,  0.84786453, ...,  0.85343017,
          0.77922082,  0.88615814],
        [-0.0826958 , -0.84786453,  0.        , ...,  0.01058661,
         -0.1182457 ,  0.07696654],
        ...,
        [-0.09324152, -0.85343017, -0.01058661, ...,  0.        ,
         -0.12875141,  0.06640702],
        [ 0.03572505, -0.77922082,  0.1182457 , ...,  0.12875141,
          0.        ,  0.19432151],
        [-0.15915341, -0.88615814, -0.07696654, ..., -0.06640702,
         -0.19432151,  0.        ]],

       [[ 0.        ,  0.1617285 ,  0.07928144, ..., -0.99576611,
         -0.99407616, -0.99417352],
        [-0.1617285 ,  0.        , -0.0829817 , ..., -0.99752372,
         -0.99856702, -0.96365256],
        [-0.07928144,  0.0829817 ,  0.        , ..., -0.9999195 ,
         -0.99956384, -0.98249827],
        ...,
        [ 0.99576611,  0.99752372,  0.9999195 , ...,  0.        ,
          0.01684707, -0.19872259],
        [ 0.99407616,  0.99856702,  0.99956384, ..., -0.01684707,
          0.        , -0.21520546],
        [ 0.99417352,  0.96365256,  0.98249827, ...,  0.19872259,
          0.21520546,  0.        ]],

       [[ 0.        , -0.5429656 , -0.63581515, ..., -0.59898138,
         -0.33997634, -0.        ],
        [ 0.5429656 ,  0.        , -0.1148456 , ..., -0.93778431,
         -0.79612012, -0.5429656 ],
        [ 0.63581515,  0.1148456 ,  0.        , ..., -0.97145582,
         -0.86034998, -0.63581515],
        ...,
        [ 0.59898138,  0.93778431,  0.97145582, ...,  0.        ,
         -0.29106199, -0.59898138],
        [ 0.33997634,  0.79612012,  0.86034998, ...,  0.29106199,
          0.        , -0.33997634],
        [ 0.        ,  0.5429656 ,  0.63581515, ...,  0.59898138,
          0.33997634,  0.        ]]]), 'num': array([ 7.36736935e-01,  6.76170002e-01,  3.76192132e-06,  1.19934521e-04,
        1.23286728e-04,  1.19189586e-04,  3.56142953e-03, -6.70441423e-06,
        1.24925585e-04,  1.33864804e-04,  1.35987869e-04,  2.41008355e-07,
        1.49717047e-04,  1.18012561e-04])}
{'img': array([[[ 0.        ,  0.28267265, -0.10597267, ..., -0.80962212,
         -0.77161552, -0.95148591],
        [-0.28267265,  0.        , -0.38273166, ..., -0.94251797,
         -0.91995131, -0.82570473],
        [ 0.10597267,  0.38273166,  0.        , ..., -0.74286236,
         -0.69986251, -0.97873511],
        ...,
        [ 0.80962212,  0.94251797,  0.74286236, ...,  0.        ,
          0.06209104, -0.80759055],
        [ 0.77161552,  0.91995131,  0.69986251, ..., -0.06209104,
          0.        , -0.84265009],
        [ 0.95148591,  0.82570473,  0.97873511, ...,  0.80759055,
          0.84265009,  0.        ]],

       [[ 0.        , -0.51302221,  0.35208995, ...,  0.37441982,
          0.56488077,  0.99533523],
        [ 0.51302221,  0.        ,  0.78239676, ...,  0.79709734,
          0.90821155,  0.90386596],
        [-0.35208995, -0.78239676,  0.        , ...,  0.0239656 ,
          0.23817433,  0.89763159],
        ...,
        [-0.37441982, -0.79709734, -0.0239656 , ...,  0.        ,
          0.21482999,  0.88681102],
        [-0.56488077, -0.90821155, -0.23817433, ..., -0.21482999,
          0.        ,  0.76682541],
        [-0.99533523, -0.90386596, -0.89763159, ..., -0.88681102,
         -0.76682541,  0.        ]],

       [[ 0.        , -0.10187375, -0.27094419, ..., -0.93547484,
         -0.88251678, -0.67356232],
        [ 0.10187375,  0.        , -0.17147139, ..., -0.96660938,
         -0.92583462, -0.74535599],
        [ 0.27094419,  0.17147139,  0.        , ..., -0.99623332,
         -0.97692617, -0.84863086],
        ...,
        [ 0.93547484,  0.96660938,  0.99623332, ...,  0.        ,
         -0.12806045, -0.45340551],
        [ 0.88251678,  0.92583462,  0.97692617, ...,  0.12806045,
          0.        , -0.3355315 ],
        [ 0.67356232,  0.74535599,  0.84863086, ...,  0.45340551,
          0.3355315 ,  0.        ]],

       ...,

       [[ 0.        ,  0.84786453,  0.59922692, ...,  0.77922082,
          0.88615814,  0.78743603],
        [-0.84786453,  0.        , -0.36106486, ..., -0.1182457 ,
          0.07696654, -0.10511187],
        [-0.59922692,  0.36106486,  0.        , ...,  0.24826284,
          0.43176826,  0.26104362],
        ...,
        [-0.77922082,  0.1182457 , -0.24826284, ...,  0.        ,
          0.19432151,  0.01321622],
        [-0.88615814, -0.07696654, -0.43176826, ..., -0.19432151,
          0.        , -0.18134024],
        [-0.78743603,  0.10511187, -0.26104362, ..., -0.01321622,
          0.18134024,  0.        ]],

       [[ 0.        , -0.0829817 , -0.63106229, ..., -0.99856702,
         -0.96365256, -0.9047502 ],
        [ 0.0829817 ,  0.        , -0.56451422, ..., -0.99956384,
         -0.98249827, -0.93697522],
        [ 0.63106229,  0.56451422,  0.        , ..., -0.80839217,
         -0.91613003, -0.97064013],
        ...,
        [ 0.99856702,  0.99956384,  0.80839217, ...,  0.        ,
         -0.21520546, -0.37691404],
        [ 0.96365256,  0.98249827,  0.91613003, ...,  0.21520546,
          0.        , -0.16874882],
        [ 0.9047502 ,  0.93697522,  0.97064013, ...,  0.37691404,
          0.16874882,  0.        ]],

       [[ 0.        , -0.20329137, -0.33879148, ..., -0.79078741,
         -0.72630855, -0.22842187],
        [ 0.20329137,  0.        , -0.14044792, ..., -0.89870721,
         -0.85087813, -0.42156883],
        [ 0.33879148,  0.14044792,  0.        , ..., -0.9513926 ,
         -0.91623044, -0.54474793],
        ...,
        [ 0.79078741,  0.89870721,  0.9513926 , ...,  0.        ,
         -0.09899575, -0.63006582],
        [ 0.72630855,  0.85087813,  0.91623044, ...,  0.09899575,
          0.        , -0.55009652],
        [ 0.22842187,  0.42156883,  0.54474793, ...,  0.63006582,
          0.55009652,  0.        ]]]), 'num': array([7.37197307e-01, 6.75674744e-01, 3.66205733e-06, 1.24792217e-04,
       1.25163623e-04, 1.18849731e-04, 1.90773874e-03, 5.19967572e-06,
       1.24272250e-04, 1.32387458e-04, 1.35371081e-04, 2.28986793e-07,
       1.47394213e-04, 1.17380703e-04])}
{'img': array([[[ 0.        , -0.38273166,  0.06348512, ..., -0.91995131,
         -0.82570473, -0.9622576 ],
        [ 0.38273166,  0.        ,  0.44061094, ..., -0.69986251,
         -0.97873511, -0.78483419],
        [-0.06348512, -0.44061094,  0.        , ..., -0.94298381,
         -0.78822698, -0.97759338],
        ...,
        [ 0.91995131,  0.69986251,  0.94298381, ...,  0.        ,
         -0.84265009, -0.1268806 ],
        [ 0.82570473,  0.97873511,  0.78822698, ...,  0.84265009,
          0.        ,  0.76751946],
        [ 0.9622576 ,  0.78483419,  0.97759338, ...,  0.1268806 ,
         -0.76751946,  0.        ]],

       [[ 0.        ,  0.78239676,  0.71208888, ...,  0.90821155,
          0.90386596,  0.89392423],
        [-0.78239676,  0.        , -0.10583748, ...,  0.23817433,
          0.89763159,  0.20603401],
        [-0.71208888,  0.10583748,  0.        , ...,  0.33962834,
          0.93923749,  0.30844353],
        ...,
        [-0.90821155, -0.23817433, -0.33962834, ...,  0.        ,
          0.76682541, -0.03295941],
        [-0.90386596, -0.89763159, -0.93923749, ..., -0.76682541,
          0.        , -0.78756397],
        [-0.89392423, -0.20603401, -0.30844353, ...,  0.03295941,
          0.78756397,  0.        ]],

       [[ 0.        , -0.16995243, -0.17826017, ..., -0.94952456,
         -0.87924743, -0.74106928],
        [ 0.16995243,  0.        , -0.00843652, ..., -0.98902397,
         -0.94741582, -0.84439932],
        [ 0.17826017,  0.00843652,  0.        , ..., -0.99023531,
         -0.95008184, -0.84888883],
        ...,
        [ 0.94952456,  0.98902397,  0.99023531, ...,  0.        ,
         -0.17650713, -0.40506991],
        [ 0.87924743,  0.94741582,  0.95008184, ...,  0.17650713,
          0.        , -0.23733211],
        [ 0.74106928,  0.84439932,  0.84888883, ...,  0.40506991,
          0.23733211,  0.        ]],

       ...,

       [[ 0.        , -0.62652797,  0.2895085 , ...,  0.09788541,
         -0.14189814, -0.24428937],
        [ 0.62652797,  0.        ,  0.8253398 , ...,  0.69981097,
          0.50959303,  0.41714678],
        [-0.2895085 , -0.8253398 ,  0.        , ..., -0.19442468,
         -0.42240046, -0.51456487],
        ...,
        [-0.09788541, -0.69981097,  0.19442468, ...,  0.        ,
         -0.23811163, -0.33803593],
        [ 0.14189814, -0.50959303,  0.42240046, ...,  0.23811163,
          0.        , -0.1042185 ],
        [ 0.24428937, -0.41714678,  0.51456487, ...,  0.33803593,
          0.1042185 ,  0.        ]],

       [[ 0.        , -0.62727277, -0.8914439 , ..., -0.96400263,
         -0.90521639, -0.74366729],
        [ 0.62727277,  0.        , -0.41001941, ..., -0.91755215,
         -0.97154234, -0.99853096],
        [ 0.8914439 ,  0.41001941,  0.        , ..., -0.67384798,
         -0.78900159, -0.93295349],
        ...,
        [ 0.96400263,  0.91755215,  0.67384798, ...,  0.        ,
         -0.16896338, -0.44674815],
        [ 0.90521639,  0.97154234,  0.78900159, ...,  0.16896338,
          0.        , -0.28916022],
        [ 0.74366729,  0.99853096,  0.93295349, ...,  0.44674815,
          0.28916022,  0.        ]],

       [[ 0.        , -0.13931764,  0.03398851, ..., -0.87381937,
         -0.62761332, -0.41852133],
        [ 0.13931764,  0.        ,  0.17289418, ..., -0.93304095,
         -0.72995497, -0.54096905],
        [-0.03398851, -0.17289418,  0.        , ..., -0.85678756,
         -0.60078979, -0.38741092],
        ...,
        [ 0.87381937,  0.93304095,  0.85678756, ...,  0.        ,
         -0.37511302, -0.59010256],
        [ 0.62761332,  0.72995497,  0.60078979, ...,  0.37511302,
          0.        , -0.24417338],
        [ 0.41852133,  0.54096905,  0.38741092, ...,  0.59010256,
          0.24417338,  0.        ]]]), 'num': array([7.30270819e-01, 6.83156570e-01, 2.78782537e-06, 1.24312002e-04,
       1.25047576e-04, 1.22105280e-04, 1.22503226e-03, 7.35573976e-07,
       1.23135084e-04, 1.30288541e-04, 1.33776387e-04, 2.57151878e-07,
       1.44771832e-04, 1.15805250e-04])}
{'img': array([[[ 0.        ,  0.44061094,  0.32581373, ..., -0.97873511,
         -0.78483419, -0.74286236],
        [-0.44061094,  0.        , -0.12408617, ..., -0.78822698,
         -0.97759338, -0.96183061],
        [-0.32581373,  0.12408617,  0.        , ..., -0.85849585,
         -0.94391758, -0.92044142],
        ...,
        [ 0.97873511,  0.78822698,  0.85849585, ...,  0.        ,
          0.76751946,  0.80759055],
        [ 0.78483419,  0.97759338,  0.94391758, ..., -0.76751946,
          0.        ,  0.06504657],
        [ 0.74286236,  0.96183061,  0.92044142, ..., -0.80759055,
         -0.06504657,  0.        ]],

       [[ 0.        , -0.13255127, -0.20440277, ...,  0.93799624,
          0.24007296, -0.35208296],
        [ 0.13255127,  0.        , -0.07284644, ...,  0.97566779,
          0.36662938, -0.22491238],
        [ 0.20440277,  0.07284644,  0.        , ...,  0.98904749,
          0.43342924, -0.15333478],
        ...,
        [-0.93799624, -0.97566779, -0.98904749, ...,  0.        ,
         -0.8273442 , -0.99998316],
        [-0.24007296, -0.36662938, -0.43342924, ...,  0.8273442 ,
          0.        , -0.56648704],
        [ 0.35208296,  0.22491238,  0.15333478, ...,  0.99998316,
          0.56648704,  0.        ]],

       [[ 0.        , -0.00843652,  0.02558498, ..., -0.94741582,
         -0.84439932, -0.90228355],
        [ 0.00843652,  0.        ,  0.03401783, ..., -0.95008184,
         -0.84888883, -0.90588879],
        [-0.02558498, -0.03401783,  0.        , ..., -0.93891836,
         -0.83041666, -0.89095741],
        ...,
        [ 0.94741582,  0.95008184,  0.93891836, ...,  0.        ,
         -0.23733211, -0.11973648],
        [ 0.84439932,  0.84888883,  0.83041666, ...,  0.23733211,
          0.        ,  0.11930924],
        [ 0.90228355,  0.90588879,  0.89095741, ...,  0.11973648,
         -0.11930924,  0.        ]],

       ...,

       [[ 0.        ,  0.8253398 ,  0.8253398 , ...,  0.50959303,
          0.41714678,  0.63395902],
        [-0.8253398 ,  0.        ,  0.        , ..., -0.42240046,
         -0.51456487, -0.28033396],
        [-0.8253398 ,  0.        ,  0.        , ..., -0.42240046,
         -0.51456487, -0.28033396],
        ...,
        [-0.50959303,  0.42240046,  0.42240046, ...,  0.        ,
         -0.1042185 ,  0.15136596],
        [-0.41714678,  0.51456487,  0.51456487, ...,  0.1042185 ,
          0.        ,  0.25355936],
        [-0.63395902,  0.28033396,  0.28033396, ..., -0.15136596,
         -0.25355936,  0.        ]],

       [[ 0.        , -0.77346965, -0.96088739, ..., -0.93545665,
         -0.77875125, -0.59945525],
        [ 0.77346965,  0.        , -0.39483826, ..., -0.86629983,
         -0.97882142, -0.99904623],
        [ 0.96088739,  0.39483826,  0.        , ..., -0.5986822 ,
         -0.8184631 , -0.93511498],
        ...,
        [ 0.93545665,  0.86629983,  0.5986822 , ...,  0.        ,
         -0.31159973, -0.53687493],
        [ 0.77875125,  0.97882142,  0.8184631 , ...,  0.31159973,
          0.        , -0.24726098],
        [ 0.59945525,  0.99904623,  0.93511498, ...,  0.53687493,
          0.24726098,  0.        ]],

       [[ 0.        ,  0.17089856,  0.53552867, ..., -0.81368189,
         -0.75908924, -0.53552867],
        [-0.17089856,  0.        ,  0.38332356, ..., -0.7023664 ,
         -0.63666933, -0.38332356],
        [-0.53552867, -0.38332356,  0.        , ..., -0.37585985,
         -0.29244183, -0.        ],
        ...,
        [ 0.81368189,  0.7023664 ,  0.37585985, ...,  0.        ,
         -0.08842952, -0.37585985],
        [ 0.75908924,  0.63666933,  0.29244183, ...,  0.08842952,
          0.        , -0.29244183],
        [ 0.53552867,  0.38332356,  0.        , ...,  0.37585985,
          0.29244183,  0.        ]]]), 'num': array([ 7.09185937e-01,  7.05018472e-01,  2.57250913e-07,  1.15762911e-04,
        1.20407719e-04,  1.15762911e-04,  2.03485472e-03, -5.00210109e-06,
        1.18621254e-04,  1.25606331e-04,  1.29691380e-04,  2.13309215e-07,
        1.39861334e-04,  1.11351328e-04])}
{'img': array([[[ 0.        , -0.12408617, -0.39270162, ..., -0.97759338,
         -0.96183061, -0.94234281],
        [ 0.12408617,  0.        , -0.27554878, ..., -0.94391758,
         -0.92044142, -0.97658519],
        [ 0.39270162,  0.27554878,  0.        , ..., -0.81639476,
         -0.77710181, -0.99805783],
        ...,
        [ 0.97759338,  0.94391758,  0.81639476, ...,  0.        ,
          0.06504657, -0.52551603],
        [ 0.96183061,  0.92044142,  0.77710181, ..., -0.06504657,
          0.        , -0.57974367],
        [ 0.94234281,  0.97658519,  0.99805783, ...,  0.52551603,
          0.57974367,  0.        ]],

       [[ 0.        , -0.07284644,  0.6542863 , ...,  0.36662938,
         -0.22491238,  0.48825826],
        [ 0.07284644,  0.        ,  0.70763787, ...,  0.43342924,
         -0.15333478,  0.55053407],
        [-0.6542863 , -0.70763787,  0.        , ..., -0.33146408,
         -0.80761212, -0.20175131],
        ...,
        [-0.36662938, -0.43342924,  0.33146408, ...,  0.        ,
         -0.56648704,  0.13430224],
        [ 0.22491238,  0.15333478,  0.80761212, ...,  0.56648704,
          0.        ,  0.67202944],
        [-0.48825826, -0.55053407,  0.20175131, ..., -0.13430224,
         -0.67202944,  0.        ]],

       [[ 0.        ,  0.03303851,  0.0164285 , ..., -0.98765461,
         -0.99007415, -0.83550157],
        [-0.03303851,  0.        , -0.01661453, ..., -0.98194003,
         -0.98489022, -0.81689119],
        [-0.0164285 ,  0.01661453,  0.        , ..., -0.98494784,
         -0.98763157, -0.82636155],
        ...,
        [ 0.98765461,  0.98194003,  0.98494784, ...,  0.        ,
          0.01628153, -0.41182534],
        [ 0.99007415,  0.98489022,  0.98763157, ..., -0.01628153,
          0.        , -0.42660751],
        [ 0.83550157,  0.81689119,  0.82636155, ...,  0.41182534,
          0.42660751,  0.        ]],

       ...,

       [[ 0.        ,  0.        , -0.31256155, ..., -0.51456487,
         -0.28033396, -0.57906465],
        [ 0.        ,  0.        , -0.31256155, ..., -0.51456487,
         -0.28033396, -0.57906465],
        [ 0.31256155,  0.31256155,  0.        , ..., -0.22077753,
          0.0337401 , -0.29522638],
        ...,
        [ 0.51456487,  0.51456487,  0.22077753, ...,  0.        ,
          0.25355936, -0.07700454],
        [ 0.28033396,  0.28033396, -0.0337401 , ..., -0.25355936,
          0.        , -0.3272945 ],
        [ 0.57906465,  0.57906465,  0.29522638, ...,  0.07700454,
          0.3272945 ,  0.        ]],

       [[ 0.        , -0.82637464, -0.84194234, ..., -0.83920674,
         -0.65494475, -0.43792984],
        [ 0.82637464,  0.        , -0.02823028, ..., -0.92196758,
         -0.99328508, -0.98952574],
        [ 0.84194234,  0.02823028,  0.        , ..., -0.91066747,
         -0.98962317, -0.99320658],
        ...,
        [ 0.83920674,  0.92196758,  0.91066747, ...,  0.        ,
         -0.27800187, -0.5163028 ],
        [ 0.65494475,  0.99328508,  0.98962317, ...,  0.27800187,
          0.        , -0.25786792],
        [ 0.43792984,  0.98952574,  0.99320658, ...,  0.5163028 ,
          0.25786792,  0.        ]],

       [[ 0.        ,  0.37275244, -0.05217371, ..., -0.8104018 ,
         -0.75915472, -0.37275244],
        [-0.37275244,  0.        , -0.42065835, ..., -0.53361066,
         -0.46181469, -0.        ],
        [ 0.05217371,  0.42065835,  0.        , ..., -0.8398653 ,
         -0.79208117, -0.42065835],
        ...,
        [ 0.8104018 ,  0.53361066,  0.8398653 , ...,  0.        ,
         -0.08272943, -0.53361066],
        [ 0.75915472,  0.46181469,  0.79208117, ...,  0.08272943,
          0.        , -0.46181469],
        [ 0.37275244,  0.        ,  0.42065835, ...,  0.53361066,
          0.46181469,  0.        ]]]), 'num': array([7.08776564e-01, 7.05427604e-01, 1.99937948e-07, 1.19605737e-04,
       1.22104961e-04, 1.14964320e-04, 2.74921106e-03, 3.92735256e-06,
       1.18177609e-04, 1.24622037e-04, 1.29299157e-04, 2.69757550e-07,
       1.37970405e-04, 1.11273669e-04])}
{'img': array([[[ 0.        , -0.27554878,  0.09214342, ..., -0.92044142,
         -0.97658519, -0.95456441],
        [ 0.27554878,  0.        ,  0.36295281, ..., -0.77710181,
         -0.99805783, -0.83549562],
        [-0.09214342, -0.36295281,  0.        , ..., -0.9525427 ,
         -0.95260763, -0.97796262],
        ...,
        [ 0.92044142,  0.77710181,  0.9525427 , ...,  0.        ,
         -0.57974367, -0.09882478],
        [ 0.97658519,  0.99805783,  0.95260763, ...,  0.57974367,
          0.        ,  0.49638341],
        [ 0.95456441,  0.83549562,  0.97796262, ...,  0.09882478,
         -0.49638341,  0.        ]],

       [[ 0.        ,  0.70763787,  0.54259747, ..., -0.15333478,
          0.55053407,  0.85187215],
