state_0,state_1,state_2,state_3,state_4,state_5,state_6,state_7,state_8,state_9,state_10,state_11,state_12,state_13,state_14,state_15,state_16,state_17,state_18,state_19,state_20,state_21,state_22,state_23,state_24,state_25,state_26,state_27,state_28,state_29,state_30,state_31,state_32,state_33,state_34,state_35,state_36,state_37,state_38,state_39,state_40,state_41,state_42,state_43,state_44,state_45,state_46,state_47,state_48,state_49,state_50,state_51,state_52,state_53,state_54,state_55,state_56,state_57,state_58,state_59,state_60,state_61,state_62,state_63,state_64,state_65,state_66,state_67,state_68,state_69,state_70,state_71,state_72,state_73,state_74,state_75,state_76,state_77,state_78,state_79,state_80,state_81,state_82,state_83,state_84,state_85,state_86,state_87,state_88,state_89,state_90,state_91,state_92,state_93,state_94,state_95,state_96,state_97,state_98,state_99,state_100,state_101,state_102,state_103,state_104,state_105,state_106,state_107,state_108,state_109,state_110,state_111,state_112,state_113,state_114,state_115,state_116,state_117,state_118,state_119,state_120,state_121,state_122,state_123,state_124,state_125,state_126,state_127,state_128,state_129,state_130,state_131,state_132,state_133,state_134,state_135,state_136,state_137,state_138,state_139,state_140,state_141,state_142,state_143,state_144,state_145,state_146,state_147,state_148,state_149,state_150,state_151,state_152,state_153,state_154,state_155,state_156,state_157,state_158,state_159,state_160,state_161,state_162,state_163,state_164,state_165,state_166,state_167,state_168,state_169,state_170,state_171,state_172,state_173,state_174,state_175,state_176,state_177,state_178,state_179,state_180,state_181,state_182,state_183,state_184,state_185,state_186,state_187,state_188,state_189,state_190,state_191,state_192,state_193,state_194,state_195,state_196,state_197,state_198,state_199,state_200,state_201,state_202,state_203,state_204,state_205,state_206,state_207,state_208,state_209,state_210,state_211,state_212,state_213,state_214,state_215,state_216,state_217,state_218,state_219,state_220,state_221,state_222,state_223,state_224,state_225,state_226,state_227,state_228,state_229,state_230,state_231,state_232,state_233,state_234,state_235,state_236,state_237,state_238,state_239,state_240,state_241,state_242,state_243,state_244,state_245,state_246,state_247,state_248,state_249,state_250,state_251,state_252,state_253,state_254,state_255,state_256,state_257,state_258,state_259,state_260,state_261,state_262,state_263,state_264,state_265,state_266,state_267,state_268,state_269,state_270,state_271,state_272,state_273,state_274,state_275,state_276,state_277,state_278,state_279,state_280,state_281,state_282,state_283,state_284,state_285,state_286,state_287
{'img': array([[[ 0.00000000e+00,  0.00000000e+00, -6.03667457e-03, ...,
         -8.80090198e-01, -8.73348685e-01, -7.17182373e-01],
        [ 0.00000000e+00,  0.00000000e+00, -6.03667457e-03, ...,
         -8.80090198e-01, -8.73348685e-01, -7.17182373e-01],
        [ 6.03667457e-03,  6.03667457e-03,  0.00000000e+00, ...,
         -8.77207909e-01, -8.70392334e-01, -7.12962434e-01],
        ...,
        [ 8.80090198e-01,  8.80090198e-01,  8.77207909e-01, ...,
          0.00000000e+00,  1.40163577e-02,  2.72799249e-01],
        [ 8.73348685e-01,  8.73348685e-01,  8.70392334e-01, ...,
         -1.40163577e-02,  0.00000000e+00,  2.59287720e-01],
        [ 7.17182373e-01,  7.17182373e-01,  7.12962434e-01, ...,
         -2.72799249e-01, -2.59287720e-01,  0.00000000e+00]],

       [[ 0.00000000e+00, -1.02481946e-01, -1.71001580e-01, ...,
          2.46908298e-02, -1.01602104e-01,  9.00702813e-02],
        [ 1.02481946e-01,  0.00000000e+00, -6.91287693e-02, ...,
          1.27011532e-01,  8.84458438e-04,  1.91661448e-01],
        [ 1.71001580e-01,  6.91287693e-02,  0.00000000e+00, ...,
          1.95276600e-01,  7.00110848e-02,  2.59050143e-01],
        ...,
        [-2.46908298e-02, -1.27011532e-01, -1.95276600e-01, ...,
          0.00000000e+00, -1.26134187e-01,  6.54523503e-02],
        [ 1.01602104e-01, -8.84458438e-04, -7.00110848e-02, ...,
          1.26134187e-01,  0.00000000e+00,  1.90793311e-01],
        [-9.00702813e-02, -1.91661448e-01, -2.59050143e-01, ...,
         -6.54523503e-02, -1.90793311e-01,  0.00000000e+00]],

       [[ 0.00000000e+00,  1.09372431e-01,  3.69904538e-01, ...,
         -9.96256245e-01, -9.99508873e-01, -9.95152603e-01],
        [-1.09372431e-01,  0.00000000e+00,  2.66070803e-01, ...,
         -9.80824366e-01, -9.90085246e-01, -9.99938510e-01],
        [-3.69904538e-01, -2.66070803e-01,  0.00000000e+00, ...,
         -8.93613540e-01, -9.17021745e-01, -9.60943628e-01],
        ...,
        [ 9.96256245e-01,  9.80824366e-01,  8.93613540e-01, ...,
          0.00000000e+00,  5.51871502e-02,  1.84004904e-01],
        [ 9.99508873e-01,  9.90085246e-01,  9.17021745e-01, ...,
         -5.51871502e-02,  0.00000000e+00,  1.29479638e-01],
        [ 9.95152603e-01,  9.99938510e-01,  9.60943628e-01, ...,
         -1.84004904e-01, -1.29479638e-01,  0.00000000e+00]],

       ...,

       [[ 0.00000000e+00, -1.31919091e-01, -1.75427827e-01, ...,
         -5.72354524e-01,  1.48690523e-01,  8.23472747e-01],
        [ 1.31919091e-01,  0.00000000e+00, -4.40213453e-02, ...,
         -4.59177942e-01,  2.77843689e-01,  8.91121061e-01],
        [ 1.75427827e-01,  4.40213453e-02,  0.00000000e+00, ...,
         -4.19626699e-01,  3.19862407e-01,  9.10232574e-01],
        ...,
        [ 5.72354524e-01,  4.59177942e-01,  4.19626699e-01, ...,
          0.00000000e+00,  6.87919267e-01,  9.99981498e-01],
        [-1.48690523e-01, -2.77843689e-01, -3.19862407e-01, ...,
         -6.87919267e-01,  0.00000000e+00,  7.29958407e-01],
        [-8.23472747e-01, -8.91121061e-01, -9.10232574e-01, ...,
         -9.99981498e-01, -7.29958407e-01,  0.00000000e+00]],

       [[ 0.00000000e+00,  5.82090424e-02,  1.08565263e-01, ...,
         -3.97270856e-01, -7.26656429e-01, -9.97438617e-01],
        [-5.82090424e-02,  0.00000000e+00,  5.05161940e-02, ...,
         -4.50015770e-01, -7.65413995e-01, -9.99910932e-01],
        [-1.08565263e-01, -5.05161940e-02,  0.00000000e+00, ...,
         -4.94553211e-01, -7.96945847e-01, -9.99308499e-01],
        ...,
        [ 3.97270856e-01,  4.50015770e-01,  4.94553211e-01, ...,
          0.00000000e+00, -3.93928132e-01, -8.86934964e-01],
        [ 7.26656429e-01,  7.65413995e-01,  7.96945847e-01, ...,
          3.93928132e-01,  0.00000000e+00, -6.33265336e-01],
        [ 9.97438617e-01,  9.99910932e-01,  9.99308499e-01, ...,
          8.86934964e-01,  6.33265336e-01,  0.00000000e+00]],

       [[ 0.00000000e+00,  1.39225716e-02,  5.40670492e-02, ...,
         -5.89300245e-01, -6.45269432e-01, -6.98419493e-01],
        [-1.39225716e-02,  0.00000000e+00,  4.01596016e-02, ...,
         -5.77994886e-01, -6.34570671e-01, -6.88387573e-01],
        [-5.40670492e-02, -4.01596016e-02,  0.00000000e+00, ...,
         -5.44756747e-01, -6.03020805e-01, -6.58702747e-01],
        ...,
        [ 5.89300245e-01,  5.77994886e-01,  5.44756747e-01, ...,
          0.00000000e+00,  7.11233702e-02,  1.42507485e-01],
        [ 6.45269432e-01,  6.34570671e-01,  6.03020805e-01, ...,
         -7.11233702e-02,  0.00000000e+00,  7.17491227e-02],
        [ 6.98419493e-01,  6.88387573e-01,  6.58702747e-01, ...,
         -1.42507485e-01, -7.17491227e-02,  0.00000000e+00]]]), 'num': array([ 7.07063689e-01,  7.07063689e-01,  0.00000000e+00,  1.13186085e-03,
        1.15561595e-03,  1.11788726e-03,  1.05823400e-02, -1.39735907e-05,
        1.10419314e-03,  1.03139073e-03,  1.21213913e-03,  1.00988177e-06,
        1.30148676e-03,  7.61294704e-04])}
{'img': array([[[ 0.00000000e+00, -6.03667457e-03, -1.52568751e-01, ...,
         -8.73348685e-01, -7.17182373e-01, -7.47452844e-01],
        [ 6.03667457e-03,  0.00000000e+00, -1.46599969e-01, ...,
         -8.70392334e-01, -7.12962434e-01, -7.43428972e-01],
        [ 1.52568751e-01,  1.46599969e-01,  0.00000000e+00, ...,
         -7.88808709e-01, -6.02463263e-01, -6.37348619e-01],
        ...,
        [ 8.73348685e-01,  8.70392334e-01,  7.88808709e-01, ...,
          0.00000000e+00,  2.59287720e-01,  2.16097563e-01],
        [ 7.17182373e-01,  7.12962434e-01,  6.02463263e-01, ...,
         -2.59287720e-01,  0.00000000e+00, -4.44541584e-02],
        [ 7.47452844e-01,  7.43428972e-01,  6.37348619e-01, ...,
         -2.16097563e-01,  4.44541584e-02,  0.00000000e+00]],

       [[ 0.00000000e+00, -6.91287693e-02, -8.73114415e-03, ...,
          8.84458438e-04,  1.91661448e-01,  2.02923339e-02],
        [ 6.91287693e-02,  0.00000000e+00,  6.04158772e-02, ...,
          7.00110848e-02,  2.59050143e-01,  8.93583243e-02],
        [ 8.73114415e-03, -6.04158772e-02,  0.00000000e+00, ...,
          9.61556546e-03,  2.00223421e-01,  2.90209067e-02],
        ...,
        [-8.84458438e-04, -7.00110848e-02, -9.61556546e-03, ...,
          0.00000000e+00,  1.90793311e-01,  1.94080496e-02],
        [-1.91661448e-01, -2.59050143e-01, -2.00223421e-01, ...,
         -1.90793311e-01,  0.00000000e+00, -1.71705846e-01],
        [-2.02923339e-02, -8.93583243e-02, -2.90209067e-02, ...,
         -1.94080496e-02,  1.71705846e-01,  0.00000000e+00]],

       [[ 0.00000000e+00,  2.66070803e-01, -2.27985613e-01, ...,
         -9.90085246e-01, -9.99938510e-01, -9.98150376e-01],
        [-2.66070803e-01,  0.00000000e+00, -4.78831223e-01, ...,
         -9.17021745e-01, -9.60943628e-01, -9.78345863e-01],
        [ 2.27985613e-01,  4.78831223e-01,  0.00000000e+00, ...,
         -9.96035496e-01, -9.76132872e-01, -9.58003586e-01],
        ...,
        [ 9.90085246e-01,  9.17021745e-01,  9.96035496e-01, ...,
          0.00000000e+00,  1.29479638e-01,  2.00398559e-01],
        [ 9.99938510e-01,  9.60943628e-01,  9.76132872e-01, ...,
         -1.29479638e-01,  0.00000000e+00,  7.18585461e-02],
        [ 9.98150376e-01,  9.78345863e-01,  9.58003586e-01, ...,
         -2.00398559e-01, -7.18585461e-02,  0.00000000e+00]],

       ...,

       [[ 0.00000000e+00, -4.24130600e-02, -5.76857310e-02, ...,
          2.64683958e-01,  7.45149642e-01,  9.06295198e-01],
        [ 4.24130600e-02,  0.00000000e+00, -1.52913897e-02, ...,
          3.05346193e-01,  7.72764283e-01,  9.23405357e-01],
        [ 5.76857310e-02,  1.52913897e-02,  0.00000000e+00, ...,
          3.19871586e-01,  7.82379271e-01,  9.29166628e-01],
        ...,
        [-2.64683958e-01, -3.05346193e-01, -3.19871586e-01, ...,
          0.00000000e+00,  5.42057021e-01,  7.62104952e-01],
        [-7.45149642e-01, -7.72764283e-01, -7.82379271e-01, ...,
         -5.42057021e-01,  0.00000000e+00,  2.89471859e-01],
        [-9.06295198e-01, -9.23405357e-01, -9.29166628e-01, ...,
         -7.62104952e-01, -2.89471859e-01,  0.00000000e+00]],

       [[ 0.00000000e+00,  4.52341151e-02,  5.35061568e-02, ...,
         -6.54953153e-01, -8.36180496e-01, -9.95050979e-01],
        [-4.52341151e-02,  0.00000000e+00,  8.28207049e-03, ...,
         -6.88464792e-01, -8.60133440e-01, -9.89537737e-01],
        [-5.35061568e-02, -8.28207049e-03,  0.00000000e+00, ...,
         -6.94447915e-01, -8.64328368e-01, -9.88308909e-01],
        ...,
        [ 6.54953153e-01,  6.88464792e-01,  6.94447915e-01, ...,
          0.00000000e+00, -2.72664174e-01, -8.17009560e-01],
        [ 8.36180496e-01,  8.60133440e-01,  8.64328368e-01, ...,
          2.72664174e-01,  0.00000000e+00, -6.28827731e-01],
        [ 9.95050979e-01,  9.89537737e-01,  9.88308909e-01, ...,
          8.17009560e-01,  6.28827731e-01,  0.00000000e+00]],

       [[ 0.00000000e+00,  4.01596016e-02,  7.30090913e-02, ...,
         -6.34570671e-01, -6.88387573e-01, -7.39563668e-01],
        [-4.01596016e-02,  0.00000000e+00,  3.28977665e-02, ...,
         -6.03020805e-01, -6.58702747e-01, -7.11936156e-01],
        [-7.30090913e-02, -3.28977665e-02,  0.00000000e+00, ...,
         -5.76451017e-01, -6.33593819e-01, -6.88448535e-01],
        ...,
        [ 6.34570671e-01,  6.03020805e-01,  5.76451017e-01, ...,
          0.00000000e+00,  7.17491227e-02,  1.44461738e-01],
        [ 6.88387573e-01,  6.58702747e-01,  6.33593819e-01, ...,
         -7.17491227e-02,  0.00000000e+00,  7.30929157e-02],
        [ 7.39563668e-01,  7.11936156e-01,  6.88448535e-01, ...,
         -1.44461738e-01, -7.30929157e-02,  0.00000000e+00]]]), 'num': array([ 7.06968106e-01,  7.06968106e-01,  0.00000000e+00,  1.08699839e-03,
        1.14567954e-03,  1.08560122e-03,  1.95603405e-02, -4.47094454e-05,
        1.09789632e-03,  1.02147111e-03,  1.20715503e-03,  8.52684736e-07,
        1.26751099e-03,  7.75431229e-04])}
{'img': array([[[ 0.        , -0.14659997, -0.22854112, ..., -0.71296243,
         -0.74342897, -0.83173673],
        [ 0.14659997,  0.        , -0.08335183, ..., -0.60246326,
         -0.63734862, -0.74136259],
        [ 0.22854112,  0.08335183,  0.        , ..., -0.53383982,
         -0.57090187, -0.68284497],
        ...,
        [ 0.71296243,  0.60246326,  0.53383982, ...,  0.        ,
         -0.04445416, -0.18740012],
        [ 0.74342897,  0.63734862,  0.57090187, ...,  0.04445416,
          0.        , -0.14354826],
        [ 0.83173673,  0.74136259,  0.68284497, ...,  0.18740012,
          0.14354826,  0.        ]],

       [[ 0.        ,  0.06041588,  0.02328646, ...,  0.25905014,
          0.08935832,  0.21899975],
        [-0.06041588,  0.        , -0.03715558, ...,  0.20022342,
          0.02902091,  0.15965043],
        [-0.02328646,  0.03715558,  0.        , ...,  0.23648835,
          0.06614079,  0.19621919],
        ...,
        [-0.25905014, -0.20022342, -0.23648835, ...,  0.        ,
         -0.17170585, -0.04123773],
        [-0.08935832, -0.02902091, -0.06614079, ...,  0.17170585,
          0.        ,  0.13093451],
        [-0.21899975, -0.15965043, -0.19621919, ...,  0.04123773,
         -0.13093451,  0.        ]],

       [[ 0.        , -0.47883122, -0.53787711, ..., -0.96094363,
         -0.97834586, -0.9725825 ],
        [ 0.47883122,  0.        , -0.06854021, ..., -0.97613287,
         -0.95800359, -0.96519306],
        [ 0.53787711,  0.06854021,  0.        , ..., -0.95895219,
         -0.93609637, -0.94499736],
        ...,
        [ 0.96094363,  0.97613287,  0.95895219, ...,  0.        ,
          0.07185855,  0.04568129],
        [ 0.97834586,  0.95800359,  0.93609637, ..., -0.07185855,
          0.        , -0.02622034],
        [ 0.9725825 ,  0.96519306,  0.94499736, ..., -0.04568129,
          0.02622034,  0.        ]],

       ...,

       [[ 0.        , -0.01529139,  0.        , ...,  0.77276428,
          0.92340536,  0.31411046],
        [ 0.01529139,  0.        ,  0.01529139, ...,  0.78237927,
          0.92916663,  0.32859117],
        [ 0.        , -0.01529139,  0.        , ...,  0.77276428,
          0.92340536,  0.31411046],
        ...,
        [-0.77276428, -0.78237927, -0.77276428, ...,  0.        ,
          0.28947186, -0.53428818],
        [-0.92340536, -0.92916663, -0.92340536, ..., -0.28947186,
          0.        , -0.7561047 ],
        [-0.31411046, -0.32859117, -0.31411046, ...,  0.53428818,
          0.7561047 ,  0.        ]],

       [[ 0.        ,  0.00735156,  0.00594265, ..., -0.73911829,
         -0.88358095, -0.96592386],
        [-0.00735156,  0.        , -0.00140894, ..., -0.74405015,
         -0.88699965, -0.96399498],
        [-0.00594265,  0.00140894,  0.        , ..., -0.74310807,
         -0.88634817, -0.96436869],
        ...,
        [ 0.73911829,  0.74405015,  0.74310807, ...,  0.        ,
         -0.24904545, -0.8419261 ],
        [ 0.88358095,  0.88699965,  0.88634817, ...,  0.24904545,
          0.        , -0.68101538],
        [ 0.96592386,  0.96399498,  0.96436869, ...,  0.8419261 ,
          0.68101538,  0.        ]],

       [[ 0.        ,  0.03289777,  0.08936159, ..., -0.65870275,
         -0.71193616, -0.77311962],
        [-0.03289777,  0.        ,  0.05654707, ..., -0.63359382,
         -0.68844854, -0.7518354 ],
        [-0.08936159, -0.05654707,  0.        , ..., -0.58883149,
         -0.64633422, -0.71334806],
        ...,
        [ 0.65870275,  0.63359382,  0.58883149, ...,  0.        ,
          0.07309292,  0.16390877],
        [ 0.71193616,  0.68844854,  0.64633422, ..., -0.07309292,
          0.        ,  0.09136597],
        [ 0.77311962,  0.7518354 ,  0.71334806, ..., -0.16390877,
         -0.09136597,  0.        ]]]), 'num': array([7.06952311e-01, 7.06952311e-01, 0.00000000e+00, 5.56061304e-04,
       5.95181195e-04, 5.46979901e-04, 2.07460046e-02, 1.18756811e-05,
       9.96998358e-04, 9.85192534e-04, 1.19348267e-03, 4.27952473e-07,
       1.27691204e-03, 6.93473032e-04])}
{'img': array([[[ 0.        , -0.06582951, -0.08167088, ..., -0.49834445,
         -0.58176032, -0.71458878],
        [ 0.06582951,  0.        , -0.01588413, ..., -0.44019067,
         -0.52695531, -0.75908944],
        [ 0.08167088,  0.01588413,  0.        , ..., -0.4258727 ,
         -0.51338902, -0.76933403],
        ...,
        [ 0.49834445,  0.44019067,  0.4258727 , ...,  0.        ,
         -0.09904049, -0.96814781],
        [ 0.58176032,  0.52695531,  0.51338902, ...,  0.09904049,
          0.        , -0.98818551],
        [ 0.71458878,  0.75908944,  0.76933403, ...,  0.96814781,
          0.98818551,  0.        ]],

       [[ 0.        , -0.03715558, -0.07918078, ...,  0.02902091,
          0.15965043,  0.17373922],
        [ 0.03715558,  0.        , -0.04208719, ...,  0.06614079,
          0.19621919,  0.21020976],
        [ 0.07918078,  0.04208719,  0.        , ...,  0.10807722,
          0.23731434,  0.2511703 ],
        ...,
        [-0.02902091, -0.06614079, -0.10807722, ...,  0.        ,
          0.13093451,  0.1450865 ],
        [-0.15965043, -0.19621919, -0.23731434, ..., -0.13093451,
          0.        ,  0.01428836],
        [-0.17373922, -0.21020976, -0.2511703 , ..., -0.1450865 ,
         -0.01428836,  0.        ]],

       [[ 0.        , -0.10707866, -0.23267416, ..., -0.99303263,
         -0.99586513, -0.92144219],
        [ 0.10707866,  0.        , -0.12719655, ..., -0.97470512,
         -0.980412  , -0.95774612],
        [ 0.23267416,  0.12719655,  0.        , ..., -0.93836034,
         -0.9473963 , -0.98655049],
        ...,
        [ 0.99303263,  0.97470512,  0.93836034, ...,  0.        ,
         -0.02714135, -0.49439105],
        [ 0.99586513,  0.980412  ,  0.9473963 , ...,  0.02714135,
          0.        , -0.47061658],
        [ 0.92144219,  0.95774612,  0.98655049, ...,  0.49439105,
          0.47061658,  0.        ]],

       ...,

       [[ 0.        ,  0.01529139, -0.04795853, ...,  0.92916663,
          0.32859117, -0.61502747],
        [-0.01529139,  0.        , -0.06322672, ...,  0.92340536,
          0.31411046, -0.62701291],
        [ 0.04795853,  0.06322672,  0.        , ...,  0.94582587,
          0.37350858, -0.5765042 ],
        ...,
        [-0.92916663, -0.92340536, -0.94582587, ...,  0.        ,
         -0.7561047 , -0.96000494],
        [-0.32859117, -0.31411046, -0.37350858, ...,  0.7561047 ,
          0.        , -0.83997239],
        [ 0.61502747,  0.62701291,  0.5765042 , ...,  0.96000494,
          0.83997239,  0.        ]],

       [[ 0.        , -0.00140894, -0.00240661, ..., -0.88699965,
         -0.96399498, -0.99283356],
        [ 0.00140894,  0.        , -0.00099768, ..., -0.88634817,
         -0.96436869, -0.9926642 ],
        [ 0.00240661,  0.00099768,  0.        , ..., -0.88588578,
         -0.96463216, -0.99254308],
        ...,
        [ 0.88699965,  0.88634817,  0.88588578, ...,  0.        ,
         -0.68101538, -0.35245967],
        [ 0.96399498,  0.96436869,  0.96463216, ...,  0.68101538,
          0.        ,  0.37921726],
        [ 0.99283356,  0.9926642 ,  0.99254308, ...,  0.35245967,
         -0.37921726,  0.        ]],

       [[ 0.        ,  0.05531588,  0.09942167, ..., -0.77403358,
         -0.81965479, -0.16722795],
        [-0.05531588,  0.        ,  0.04422763, ..., -0.73782551,
         -0.78671169, -0.11243498],
        [-0.09942167, -0.04422763,  0.        , ..., -0.70725026,
         -0.75863925, -0.06837777],
        ...,
        [ 0.77403358,  0.73782551,  0.70725026, ...,  0.        ,
          0.07554882, -0.65725437],
        [ 0.81965479,  0.78671169,  0.75863925, ..., -0.07554882,
          0.        , -0.7123148 ],
        [ 0.16722795,  0.11243498,  0.06837777, ...,  0.65725437,
          0.7123148 ,  0.        ]]]), 'num': array([7.07088124e-01, 7.07088124e-01, 0.00000000e+00, 5.62456462e-04,
       5.65949981e-04, 5.49181092e-04, 6.83597706e-03, 6.28833312e-06,
       8.96716303e-04, 9.49643106e-04, 1.18077428e-03, 4.61992208e-07,
       1.26390734e-03, 6.35378875e-04])}
{'img': array([[[ 0.00000000e+00, -1.58841315e-02, -2.37466556e-02, ...,
         -5.26955311e-01, -7.59089442e-01, -8.55942944e-01],
        [ 1.58841315e-02,  0.00000000e+00, -7.86400735e-03, ...,
         -5.13389017e-01, -7.69334028e-01, -8.64048170e-01],
        [ 2.37466556e-02,  7.86400735e-03,  0.00000000e+00, ...,
         -5.06624597e-01, -7.74334134e-01, -8.67980265e-01],
        ...,
        [ 5.26955311e-01,  5.13389017e-01,  5.06624597e-01, ...,
          0.00000000e+00, -9.88185509e-01, -9.99932842e-01],
        [ 7.59089442e-01,  7.69334028e-01,  7.74334134e-01, ...,
          9.88185509e-01,  0.00000000e+00,  1.64704575e-01],
        [ 8.55942944e-01,  8.64048170e-01,  8.67980265e-01, ...,
          9.99932842e-01, -1.64704575e-01,  0.00000000e+00]],

       [[ 0.00000000e+00, -4.20871860e-02, -4.26235429e-02, ...,
          1.96219193e-01,  2.10209756e-01, -1.42084912e-02],
        [ 4.20871860e-02,  0.00000000e+00, -5.36838623e-04, ...,
          2.37314345e-01,  2.51170301e-01,  2.78870358e-02],
        [ 4.26235429e-02,  5.36838623e-04,  0.00000000e+00, ...,
          2.37835813e-01,  2.51689894e-01,  2.84236616e-02],
        ...,
        [-1.96219193e-01, -2.37314345e-01, -2.37835813e-01, ...,
          0.00000000e+00,  1.42883592e-02, -2.10131664e-01],
        [-2.10209756e-01, -2.51170301e-01, -2.51689894e-01, ...,
         -1.42883592e-02,  0.00000000e+00, -2.24079558e-01],
        [ 1.42084912e-02, -2.78870358e-02, -2.84236616e-02, ...,
          2.10131664e-01,  2.24079558e-01,  0.00000000e+00]],

       [[ 0.00000000e+00, -1.24815765e-01, -2.29209051e-01, ...,
         -9.72706872e-01, -9.74588861e-01, -3.82395294e-01],
        [ 1.24815765e-01,  0.00000000e+00, -1.05923799e-01, ...,
         -9.36138319e-01, -9.94926399e-01, -4.94734559e-01],
        [ 2.29209051e-01,  1.05923799e-01,  0.00000000e+00, ...,
         -8.93625644e-01, -9.99985705e-01, -5.84003763e-01],
        ...,
        [ 9.72706872e-01,  9.36138319e-01,  8.93625644e-01, ...,
          0.00000000e+00, -4.44028577e-01, -9.87510011e-01],
        [ 9.74588861e-01,  9.94926399e-01,  9.99985705e-01, ...,
          4.44028577e-01,  0.00000000e+00, -8.14861950e-01],
        [ 3.82395294e-01,  4.94734559e-01,  5.84003763e-01, ...,
          9.87510011e-01,  8.14861950e-01,  0.00000000e+00]],

       ...,

       [[ 0.00000000e+00, -6.32267217e-02, -1.20260379e-02, ...,
          3.14110461e-01, -6.27012907e-01, -5.65213415e-01],
        [ 6.32267217e-02,  0.00000000e+00,  5.12201734e-02, ...,
          3.73508578e-01, -5.76504196e-01, -5.11923979e-01],
        [ 1.20260379e-02, -5.12201734e-02,  0.00000000e+00, ...,
          3.25505104e-01, -6.17599174e-01, -5.55251724e-01],
        ...,
        [-3.14110461e-01, -3.73508578e-01, -3.25505104e-01, ...,
          0.00000000e+00, -8.39972388e-01, -7.95729721e-01],
        [ 6.27012907e-01,  5.76504196e-01,  6.17599174e-01, ...,
          8.39972388e-01,  0.00000000e+00,  7.69447277e-02],
        [ 5.65213415e-01,  5.11923979e-01,  5.55251724e-01, ...,
          7.95729721e-01, -7.69447277e-02,  0.00000000e+00]],

       [[ 0.00000000e+00, -9.85955594e-04, -1.67086988e-03, ...,
         -9.99407926e-01, -9.83919396e-01, -9.61296019e-01],
        [ 9.85955594e-04,  0.00000000e+00, -6.84914846e-04, ...,
         -9.99441364e-01, -9.83742813e-01, -9.61567200e-01],
        [ 1.67086988e-03,  6.84914846e-04,  0.00000000e+00, ...,
         -9.99464020e-01, -9.83619584e-01, -9.61755032e-01],
        ...,
        [ 9.99407926e-01,  9.99441364e-01,  9.99464020e-01, ...,
          0.00000000e+00,  2.12360370e-01, -2.42279817e-01],
        [ 9.83919396e-01,  9.83742813e-01,  9.83619584e-01, ...,
         -2.12360370e-01,  0.00000000e+00, -4.42787152e-01],
        [ 9.61296019e-01,  9.61567200e-01,  9.61755032e-01, ...,
          2.42279817e-01,  4.42787152e-01,  0.00000000e+00]],

       [[ 0.00000000e+00,  4.20536803e-02,  1.06932038e-01, ...,
         -8.95176751e-01, -6.71618178e-01, -1.06932038e-01],
        [-4.20536803e-02,  0.00000000e+00,  6.50248821e-02, ...,
         -8.75641034e-01, -6.39866569e-01, -6.50248821e-02],
        [-1.06932038e-01, -6.50248821e-02,  0.00000000e+00, ...,
         -8.42383285e-01, -5.88541669e-01, -0.00000000e+00],
        ...,
        [ 8.95176751e-01,  8.75641034e-01,  8.42383285e-01, ...,
          0.00000000e+00, -3.63886340e-01, -8.42383285e-01],
        [ 6.71618178e-01,  6.39866569e-01,  5.88541669e-01, ...,
          3.63886340e-01,  0.00000000e+00, -5.88541669e-01],
        [ 1.06932038e-01,  6.50248821e-02,  0.00000000e+00, ...,
          8.42383285e-01,  5.88541669e-01,  0.00000000e+00]]]), 'num': array([7.07000878e-01, 7.07000878e-01, 0.00000000e+00, 5.90331761e-04,
       6.06399963e-04, 5.60291210e-04, 1.71361224e-02, 2.79446988e-05,
       7.85525482e-04, 9.32584459e-04, 1.16853087e-03, 5.02774738e-07,
       1.28374073e-03, 5.81428184e-04])}
{'img': array([[[ 0.00000000e+00, -7.86400735e-03, -5.77850909e-02, ...,
         -7.69334028e-01, -8.64048170e-01, -9.53865456e-01],
        [ 7.86400735e-03,  0.00000000e+00, -4.99324371e-02, ...,
         -7.74334134e-01, -8.67980265e-01, -9.56197006e-01],
        [ 5.77850909e-02,  4.99324371e-02,  0.00000000e+00, ...,
         -8.04964322e-01, -8.91693928e-01, -9.69620662e-01],
        ...,
        [ 7.69334028e-01,  7.74334134e-01,  8.04964322e-01, ...,
          0.00000000e+00,  1.64704575e-01,  3.78393299e-01],
        [ 8.64048170e-01,  8.67980265e-01,  8.91693928e-01, ...,
         -1.64704575e-01,  0.00000000e+00,  2.20767607e-01],
        [ 9.53865456e-01,  9.56197006e-01,  9.69620662e-01, ...,
         -3.78393299e-01, -2.20767607e-01,  0.00000000e+00]],

       [[ 0.00000000e+00, -5.36838623e-04,  8.92060036e-02, ...,
          2.51170301e-01,  2.78870358e-02,  2.07207583e-01],
        [ 5.36838623e-04,  0.00000000e+00,  8.97406891e-02, ...,
          2.51689894e-01,  2.84236616e-02,  2.07732741e-01],
        [-8.92060036e-02, -8.97406891e-02,  0.00000000e+00, ...,
          1.63822616e-01, -6.13954540e-02,  1.19111522e-01],
        ...,
        [-2.51170301e-01, -2.51689894e-01, -1.63822616e-01, ...,
          0.00000000e+00, -2.24079558e-01, -4.51540405e-02],
        [-2.78870358e-02, -2.84236616e-02,  6.13954540e-02, ...,
          2.24079558e-01,  0.00000000e+00,  1.79845193e-01],
        [-2.07207583e-01, -2.07732741e-01, -1.19111522e-01, ...,
          4.51540405e-02, -1.79845193e-01,  0.00000000e+00]],

       [[ 0.00000000e+00, -9.46842445e-02, -1.94572875e-01, ...,
         -9.83927122e-01, -9.78607914e-01, -4.48589051e-01],
        [ 9.46842445e-02,  0.00000000e+00, -1.00824083e-01, ...,
         -9.62598876e-01, -9.93691161e-01, -5.31196620e-01],
        [ 1.94572875e-01,  1.00824083e-01,  0.00000000e+00, ...,
         -9.30377399e-01, -9.99935113e-01, -6.13912845e-01],
        ...,
        [ 9.83927122e-01,  9.62598876e-01,  9.30377399e-01, ...,
          0.00000000e+00, -3.77177925e-01, -9.59477961e-01],
        [ 9.78607914e-01,  9.93691161e-01,  9.99935113e-01, ...,
          3.77177925e-01,  0.00000000e+00, -7.82329118e-01],
        [ 4.48589051e-01,  5.31196620e-01,  6.13912845e-01, ...,
          9.59477961e-01,  7.82329118e-01,  0.00000000e+00]],

       ...,

       [[ 0.00000000e+00,  5.12201734e-02,  5.12201734e-02, ...,
         -5.76504196e-01, -5.11923979e-01, -4.31688654e-01],
        [-5.12201734e-02,  0.00000000e+00,  0.00000000e+00, ...,
         -6.17599174e-01, -5.55251724e-01, -4.77323771e-01],
        [-5.12201734e-02,  0.00000000e+00,  0.00000000e+00, ...,
         -6.17599174e-01, -5.55251724e-01, -4.77323771e-01],
        ...,
        [ 5.76504196e-01,  6.17599174e-01,  6.17599174e-01, ...,
          0.00000000e+00,  7.69447277e-02,  1.67289568e-01],
        [ 5.11923979e-01,  5.55251724e-01,  5.55251724e-01, ...,
         -7.69447277e-02,  0.00000000e+00,  9.09332066e-02],
        [ 4.31688654e-01,  4.77323771e-01,  4.77323771e-01, ...,
         -1.67289568e-01, -9.09332066e-02,  0.00000000e+00]],

       [[ 0.00000000e+00, -6.84914846e-04, -5.89176615e-03, ...,
         -9.83742813e-01, -9.61567200e-01, -9.58841584e-01],
        [ 6.84914846e-04,  0.00000000e+00, -5.20686181e-03, ...,
         -9.83619584e-01, -9.61755032e-01, -9.58646883e-01],
        [ 5.89176615e-03,  5.20686181e-03,  0.00000000e+00, ...,
         -9.82667678e-01, -9.63168211e-01, -9.57152024e-01],
        ...,
        [ 9.83742813e-01,  9.83619584e-01,  9.82667678e-01, ...,
          0.00000000e+00, -4.42787152e-01,  1.07133772e-01],
        [ 9.61567200e-01,  9.61755032e-01,  9.63168211e-01, ...,
          4.42787152e-01,  0.00000000e+00,  5.36297748e-01],
        [ 9.58841584e-01,  9.58646883e-01,  9.57152024e-01, ...,
         -1.07133772e-01, -5.36297748e-01,  0.00000000e+00]],

       [[ 0.00000000e+00,  6.23248445e-02, -1.05590340e-01, ...,
         -7.89915210e-01, -5.98015884e-01, -6.23248445e-02],
        [-6.23248445e-02,  0.00000000e+00, -1.67361494e-01, ...,
         -7.50160953e-01, -5.46900910e-01, -0.00000000e+00],
        [ 1.05590340e-01,  1.67361494e-01,  0.00000000e+00, ...,
         -8.50249053e-01, -6.79301798e-01, -1.67361494e-01],
        ...,
        [ 7.89915210e-01,  7.50160953e-01,  8.50249053e-01, ...,
          0.00000000e+00, -2.66391644e-01, -7.50160953e-01],
        [ 5.98015884e-01,  5.46900910e-01,  6.79301798e-01, ...,
          2.66391644e-01,  0.00000000e+00, -5.46900910e-01],
        [ 6.23248445e-02,  0.00000000e+00,  1.67361494e-01, ...,
          7.50160953e-01,  5.46900910e-01,  0.00000000e+00]]]), 'num': array([8.54539463e-01, 5.18899583e-01, 7.39294890e-06, 7.45866400e-04,
       7.61473737e-04, 6.97401513e-04, 2.23046747e-02, 5.17506423e-05,
       8.06652869e-04, 1.08249201e-03, 1.36071332e-03, 6.29371842e-07,
       1.52216440e-03, 6.42819610e-04])}
{'img': array([[[ 0.        , -0.04993244, -0.03858514, ..., -0.86798027,
         -0.95619701, -0.99562952],
        [ 0.04993244,  0.        ,  0.01135824, ..., -0.89169393,
         -0.96962066, -0.9990508 ],
        [ 0.03858514, -0.01135824,  0.        , ..., -0.88649523,
         -0.96677974, -0.99849159],
        ...,
        [ 0.86798027,  0.89169393,  0.88649523, ...,  0.        ,
          0.22076761,  0.41336687],
        [ 0.95619701,  0.96962066,  0.96677974, ..., -0.22076761,
          0.        ,  0.20214447],
        [ 0.99562952,  0.9990508 ,  0.99849159, ..., -0.41336687,
         -0.20214447,  0.        ]],

       [[ 0.        ,  0.08974069,  0.21150366, ...,  0.02842366,
          0.20773274,  0.23072513],
        [-0.08974069,  0.        ,  0.12293977, ..., -0.06139545,
          0.11911152,  0.1424748 ],
        [-0.21150366, -0.12293977,  0.        , ..., -0.18363756,
         -0.00385659,  0.01970841],
        ...,
        [-0.02842366,  0.06139545,  0.18363756, ...,  0.        ,
          0.17984519,  0.20297515],
        [-0.20773274, -0.11911152,  0.00385659, ..., -0.17984519,
          0.        ,  0.02356411],
        [-0.23072513, -0.1424748 , -0.01970841, ..., -0.20297515,
         -0.02356411,  0.        ]],

       [[ 0.        , -0.09261747, -0.13631227, ..., -0.99303568,
         -0.9626964 , -0.49425287],
        [ 0.09261747,  0.        , -0.04397339, ..., -0.97785574,
         -0.9836193 , -0.57264251],
        [ 0.13631227,  0.04397339,  0.        , ..., -0.96770711,
         -0.99059442, -0.6081382 ],
        ...,
        [ 0.99303568,  0.97785574,  0.96770711, ...,  0.        ,
         -0.38211861, -0.92149389],
        [ 0.9626964 ,  0.9836193 ,  0.99059442, ...,  0.38211861,
          0.        , -0.70315261],
        [ 0.49425287,  0.57264251,  0.6081382 , ...,  0.92149389,
          0.70315261,  0.        ]],

       ...,

       [[ 0.        ,  0.        ,  0.00986251, ..., -0.55525172,
         -0.47732377, -0.41311949],
        [ 0.        ,  0.        ,  0.00986251, ..., -0.55525172,
         -0.47732377, -0.41311949],
        [-0.00986251, -0.00986251,  0.        , ..., -0.5634272 ,
         -0.48596701, -0.42208096],
        ...,
        [ 0.55525172,  0.55525172,  0.5634272 , ...,  0.        ,
          0.09093321,  0.16207069],
        [ 0.47732377,  0.47732377,  0.48596701, ..., -0.09093321,
          0.        ,  0.07166824],
        [ 0.41311949,  0.41311949,  0.42208096, ..., -0.16207069,
         -0.07166824,  0.        ]],

       [[ 0.        , -0.00520686, -0.02218594, ..., -0.96175503,
         -0.95864688, -0.90865009],
        [ 0.00520686,  0.        , -0.01698006, ..., -0.96316821,
         -0.95715202, -0.90646361],
        [ 0.02218594,  0.01698006,  0.        , ..., -0.96759528,
         -0.95209684, -0.89916251],
        ...,
        [ 0.96175503,  0.96316821,  0.96759528, ...,  0.        ,
          0.53629775,  0.65047817],
        [ 0.95864688,  0.95715202,  0.95209684, ..., -0.53629775,
          0.        ,  0.14169084],
        [ 0.90865009,  0.90646361,  0.89916251, ..., -0.65047817,
         -0.14169084,  0.        ]],

       [[ 0.        , -0.16316549, -0.22053102, ..., -0.66638085,
         -0.43527335, -0.        ],
        [ 0.16316549,  0.        , -0.05842727, ..., -0.77910856,
         -0.57633775, -0.16316549],
        [ 0.22053102,  0.05842727,  0.        , ..., -0.814405  ,
         -0.62310062, -0.22053102],
        ...,
        [ 0.66638085,  0.77910856,  0.814405  , ...,  0.        ,
         -0.27539674, -0.66638085],
        [ 0.43527335,  0.57633775,  0.62310062, ...,  0.27539674,
          0.        , -0.43527335],
        [ 0.        ,  0.16316549,  0.22053102, ...,  0.66638085,
          0.43527335,  0.        ]]]), 'num': array([ 8.71514307e-01,  4.90079020e-01,  8.62975764e-06,  7.49381705e-04,
        8.01092433e-04,  7.44295403e-04,  1.66447510e-02, -2.03452046e-05,
        7.18524811e-04,  1.10321872e-03,  1.39028391e-03,  5.58020902e-07,
        1.58336705e-03,  6.23070396e-04])}
{'img': array([[[ 0.        ,  0.01135824, -0.05179392, ..., -0.96962066,
         -0.9990508 , -0.99368295],
        [-0.01135824,  0.        , -0.06313357, ..., -0.96677974,
         -0.99849159, -0.99234419],
        [ 0.05179392,  0.06313357,  0.        , ..., -0.98098872,
         -0.99996603, -0.99816174],
        ...,
        [ 0.96962066,  0.96677974,  0.98098872, ...,  0.        ,
          0.20214447,  0.13425371],
        [ 0.9990508 ,  0.99849159,  0.99996603, ..., -0.20214447,
          0.        , -0.06883232],
        [ 0.99368295,  0.99234419,  0.99816174, ..., -0.13425371,
          0.06883232,  0.        ]],

       [[ 0.        ,  0.12293977,  0.04201223, ...,  0.11911152,
          0.1424748 ,  0.07088524],
        [-0.12293977,  0.        , -0.0811377 , ..., -0.00385659,
          0.01970841, -0.052283  ],
        [-0.04201223,  0.0811377 ,  0.        , ...,  0.07729322,
          0.10076537,  0.02891611],
        ...,
        [-0.11911152,  0.00385659, -0.07729322, ...,  0.        ,
          0.02356411, -0.04843129],
        [-0.1424748 , -0.01970841, -0.10076537, ..., -0.02356411,
          0.        , -0.0719543 ],
        [-0.07088524,  0.052283  , -0.02891611, ...,  0.04843129,
          0.0719543 ,  0.        ]],

       [[ 0.        , -0.04099047, -0.08082566, ..., -0.99917329,
         -0.95754379, -0.54036836],
        [ 0.04099047,  0.        , -0.03990137, ..., -0.9966671 ,
         -0.96855607, -0.57440475],
        [ 0.08082566,  0.03990137,  0.        , ..., -0.99261837,
         -0.97771201, -0.60660943],
        ...,
        [ 0.99917329,  0.9966671 ,  0.99261837, ...,  0.        ,
         -0.3269774 , -0.86270103],
        [ 0.95754379,  0.96855607,  0.97771201, ...,  0.3269774 ,
          0.        , -0.64992307],
        [ 0.54036836,  0.57440475,  0.60660943, ...,  0.86270103,
          0.64992307,  0.        ]],

       ...,

       [[ 0.        ,  0.00986251, -0.29333163, ..., -0.47732377,
         -0.41311949, -0.55910064],
        [-0.00986251,  0.        , -0.30274603, ..., -0.48596701,
         -0.42208096, -0.56725045],
        [ 0.29333163,  0.30274603,  0.        , ..., -0.19856808,
         -0.12781635, -0.29130502],
        ...,
        [ 0.47732377,  0.48596701,  0.19856808, ...,  0.        ,
          0.07166824, -0.09554806],
        [ 0.41311949,  0.42208096,  0.12781635, ..., -0.07166824,
          0.        , -0.16664271],
        [ 0.55910064,  0.56725045,  0.29130502, ...,  0.09554806,
          0.16664271,  0.        ]],

       [[ 0.        , -0.01698006, -0.00997058, ..., -0.95715202,
         -0.90646361, -0.85146749],
        [ 0.01698006,  0.        ,  0.00701008, ..., -0.95209684,
         -0.89916251, -0.84244027],
        [ 0.00997058, -0.00701008,  0.        , ..., -0.95421711,
         -0.90220814, -0.84619653],
        ...,
        [ 0.95715202,  0.95209684,  0.95421711, ...,  0.        ,
          0.14169084,  0.2553646 ],
        [ 0.90646361,  0.89916251,  0.90220814, ..., -0.14169084,
          0.        ,  0.11579516],
        [ 0.85146749,  0.84244027,  0.84619653, ..., -0.2553646 ,
         -0.11579516,  0.        ]],

       [[ 0.        , -0.14641628, -0.23261958, ..., -0.58283989,
         -0.41818429, -0.        ],
        [ 0.14641628,  0.        , -0.08771289, ..., -0.69553464,
         -0.54667656, -0.14641628],
        [ 0.23261958,  0.08771289,  0.        , ..., -0.75587497,
         -0.61801541, -0.23261958],
        ...,
        [ 0.58283989,  0.69553464,  0.75587497, ...,  0.        ,
         -0.18961861, -0.58283989],
        [ 0.41818429,  0.54667656,  0.61801541, ...,  0.18961861,
          0.        , -0.41818429],
        [ 0.        ,  0.14641628,  0.23261958, ...,  0.58283989,
          0.41818429,  0.        ]]]), 'num': array([ 8.01952698e-01,  5.97305484e-01,  4.72081232e-06,  6.79891077e-04,
        7.06553472e-04,  6.75970136e-04,  9.54425918e-03, -1.33311976e-05,
        6.75813298e-04,  1.00058480e-03,  1.27329928e-03,  4.59480768e-07,
        1.46771860e-03,  5.33450993e-04])}
{'img': array([[[ 0.        , -0.06313357, -0.10249011, ..., -0.99849159,
         -0.99234419, -0.98418715],
        [ 0.06313357,  0.        , -0.03948454, ..., -0.99996603,
         -0.99816174, -0.99340674],
        [ 0.10249011,  0.03948454,  0.        , ..., -0.99886076,
         -0.99977637, -0.9971587 ],
        ...,
        [ 0.99849159,  0.99996603,  0.99886076, ...,  0.        ,
         -0.06883232, -0.12282792],
        [ 0.99234419,  0.99816174,  0.99977637, ...,  0.06883232,
          0.        , -0.05422549],
        [ 0.98418715,  0.99340674,  0.9971587 , ...,  0.12282792,
          0.05422549,  0.        ]],

       [[ 0.        , -0.0811377 , -0.0956191 , ...,  0.01970841,
         -0.052283  , -0.14476278],
        [ 0.0811377 ,  0.        , -0.01453791, ...,  0.10076537,
          0.02891611, -0.06400246],
        [ 0.0956191 ,  0.01453791,  0.        , ...,  0.11521864,
          0.04344489, -0.04948759],
        ...,
        [-0.01970841, -0.10076537, -0.11521864, ...,  0.        ,
         -0.0719543 , -0.16423548],
        [ 0.052283  , -0.02891611, -0.04344489, ...,  0.0719543 ,
          0.        , -0.09283253],
        [ 0.14476278,  0.06400246,  0.04948759, ...,  0.16423548,
          0.09283253,  0.        ]],

       [[ 0.        , -0.03990137, -0.0855524 , ..., -0.96855607,
