state_0,state_1,state_2,state_3,state_4,state_5,state_6,state_7,state_8,state_9,state_10,state_11,state_12,state_13,state_14,state_15,state_16,state_17,state_18,state_19,state_20,state_21,state_22,state_23,state_24,state_25,state_26,state_27,state_28,state_29,state_30,state_31,state_32,state_33,state_34,state_35,state_36,state_37,state_38,state_39,state_40,state_41,state_42,state_43,state_44,state_45,state_46,state_47,state_48,state_49,state_50,state_51,state_52,state_53,state_54,state_55,state_56,state_57,state_58,state_59,state_60,state_61,state_62,state_63,state_64,state_65,state_66,state_67,state_68,state_69,state_70,state_71,state_72,state_73,state_74,state_75,state_76,state_77,state_78,state_79,state_80,state_81,state_82,state_83,state_84,state_85,state_86,state_87,state_88,state_89,state_90,state_91,state_92,state_93,state_94,state_95,state_96,state_97,state_98,state_99,state_100,state_101,state_102,state_103,state_104,state_105,state_106,state_107,state_108,state_109,state_110,state_111,state_112,state_113,state_114,state_115,state_116,state_117,state_118,state_119,state_120,state_121,state_122,state_123,state_124,state_125,state_126,state_127,state_128,state_129,state_130,state_131,state_132,state_133,state_134,state_135,state_136,state_137,state_138,state_139,state_140,state_141,state_142,state_143,state_144,state_145,state_146,state_147,state_148,state_149,state_150,state_151,state_152,state_153,state_154,state_155,state_156,state_157,state_158,state_159,state_160,state_161,state_162,state_163,state_164,state_165,state_166,state_167,state_168,state_169,state_170,state_171,state_172,state_173,state_174,state_175,state_176,state_177,state_178,state_179,state_180,state_181,state_182,state_183,state_184,state_185,state_186,state_187,state_188,state_189,state_190,state_191,state_192,state_193,state_194,state_195,state_196,state_197,state_198,state_199,state_200,state_201,state_202,state_203,state_204,state_205,state_206,state_207,state_208,state_209,state_210,state_211,state_212,state_213,state_214,state_215,state_216,state_217,state_218,state_219,state_220,state_221,state_222,state_223,state_224,state_225,state_226,state_227,state_228,state_229,state_230,state_231,state_232,state_233,state_234,state_235,state_236,state_237,state_238,state_239,state_240,state_241,state_242,state_243,state_244,state_245,state_246,state_247,state_248,state_249,state_250,state_251,state_252,state_253,state_254,state_255,state_256,state_257,state_258,state_259,state_260,state_261,state_262,state_263,state_264,state_265,state_266,state_267,state_268,state_269,state_270,state_271,state_272,state_273,state_274,state_275,state_276,state_277,state_278,state_279,state_280,state_281,state_282,state_283,state_284,state_285,state_286,state_287
{'img': array([[[ 0.        , -0.17698337, -0.32324648, ...,  0.98423385,
          0.61573726,  0.63362697],
        [ 0.17698337,  0.        , -0.15066168, ...,  0.93739316,
          0.74547145,  0.76054562],
        [ 0.32324648,  0.15066168,  0.        , ...,  0.87422178,
          0.83738385,  0.84968658],
        ...,
        [-0.98423385, -0.93739316, -0.87422178, ...,  0.        ,
         -0.88443531, -0.87351233],
        [-0.61573726, -0.74547145, -0.83738385, ...,  0.88443531,
          0.        ,  0.02290917],
        [-0.63362697, -0.76054562, -0.84968658, ...,  0.87351233,
         -0.02290917,  0.        ]],

       [[ 0.        ,  0.58838933,  0.84580699, ...,  0.76264515,
          0.28293277,  0.85108655],
        [-0.58838933,  0.        ,  0.37000147, ...,  0.23607762,
          0.79312074,  0.3792503 ],
        [-0.84580699, -0.37000147,  0.        , ..., -0.14021962,
          0.96218862,  0.00997516],
        ...,
        [-0.76264515, -0.23607762,  0.14021962, ...,  0.        ,
          0.91448903,  0.15008926],
        [-0.28293277, -0.79312074, -0.96218862, ..., -0.91448903,
          0.        , -0.96485783],
        [-0.85108655, -0.3792503 , -0.00997516, ..., -0.15008926,
          0.96485783,  0.        ]],

       [[ 0.        , -0.07241197, -0.1975249 , ...,  0.91208158,
          0.99229578,  0.94667463],
        [ 0.07241197,  0.        , -0.12602106, ...,  0.87999764,
          0.99866203,  0.96751992],
        [ 0.1975249 ,  0.12602106,  0.        , ...,  0.81312468,
          0.99721708,  0.9916639 ],
        ...,
        [-0.91208158, -0.87999764, -0.81312468, ...,  0.        ,
         -0.51984908, -0.68200953],
        [-0.99229578, -0.99866203, -0.99721708, ...,  0.51984908,
          0.        , -0.20242405],
        [-0.94667463, -0.96751992, -0.9916639 , ...,  0.68200953,
          0.20242405,  0.        ]],

       ...,

       [[ 0.        , -0.03927462, -0.07324226, ...,  0.96803934,
          0.57123697,  0.54149692],
        [ 0.03927462,  0.        , -0.03401662, ...,  0.97714247,
          0.60303225,  0.57409741],
        [ 0.07324226,  0.03401662,  0.        , ...,  0.9838084 ,
          0.62981889,  0.60161752],
        ...,
        [-0.96803934, -0.97714247, -0.9838084 , ...,  0.        ,
         -0.65128705, -0.67802677],
        [-0.57123697, -0.60303225, -0.62981889, ...,  0.65128705,
          0.        , -0.03578782],
        [-0.54149692, -0.57409741, -0.60161752, ...,  0.67802677,
          0.03578782,  0.        ]],

       [[ 0.        , -0.09565145, -0.03784052, ...,  0.68619653,
          0.49288794,  0.40291281],
        [ 0.09565145,  0.        ,  0.05791593, ...,  0.75262866,
          0.57385363,  0.48860929],
        [ 0.03784052, -0.05791593,  0.        , ...,  0.71323088,
          0.52545969,  0.43725734],
        ...,
        [-0.68619653, -0.75262866, -0.71323088, ...,  0.        ,
         -0.23852   , -0.33494809],
        [-0.49288794, -0.57385363, -0.52545969, ...,  0.23852   ,
          0.        , -0.10053841],
        [-0.40291281, -0.48860929, -0.43725734, ...,  0.33494809,
          0.10053841,  0.        ]],

       [[ 0.        , -0.13967931, -0.33045043, ...,  0.79437614,
          0.88331796,  0.99464336],
        [ 0.13967931,  0.        , -0.19537836, ...,  0.87143357,
          0.94013669,  0.9993308 ],
        [ 0.33045043,  0.19537836,  0.        , ...,  0.95047499,
          0.9886028 ,  0.97292506],
        ...,
        [-0.79437614, -0.87143357, -0.95047499, ...,  0.        ,
          0.1641673 ,  0.5220607 ],
        [-0.88331796, -0.94013669, -0.9886028 , ..., -0.1641673 ,
          0.        ,  0.374958  ],
        [-0.99464336, -0.9993308 , -0.97292506, ..., -0.5220607 ,
         -0.374958  ,  0.        ]]]), 'num': array([7.07100980e-01, 7.07100980e-01, 0.00000000e+00, 4.37215110e-04,
       4.45761495e-04, 4.34066441e-04, 3.85055167e-03, 8.99619567e-07,
       4.54757691e-04, 4.55432406e-04, 4.16186502e-04, 4.25330339e-07,
       4.87351156e-04, 4.23513655e-04])}
{'img': array([[[ 0.        , -0.15066168, -0.18329483, ...,  0.74547145,
          0.76054562,  0.77041256],
        [ 0.15066168,  0.        , -0.03309342, ...,  0.83738385,
          0.84968658,  0.8576723 ],
        [ 0.18329483,  0.03309342,  0.        , ...,  0.85501455,
          0.86667094,  0.87421905],
        ...,
        [-0.74547145, -0.83738385, -0.85501455, ...,  0.        ,
          0.02290917,  0.03823681],
        [-0.76054562, -0.84968658, -0.86667094, ..., -0.02290917,
          0.        ,  0.01533436],
        [-0.77041256, -0.8576723 , -0.87421905, ..., -0.03823681,
         -0.01533436,  0.        ]],

       [[ 0.        ,  0.37000147, -0.16368766, ...,  0.79312074,
          0.3792503 , -0.00616437],
        [-0.37000147,  0.        , -0.51708191, ...,  0.96218862,
          0.00997516, -0.37572134],
        [ 0.16368766,  0.51708191,  0.        , ...,  0.68272696,
          0.52559428,  0.15760332],
        ...,
        [-0.79312074, -0.96218862, -0.68272696, ...,  0.        ,
         -0.96485783, -0.78935117],
        [-0.3792503 , -0.00997516, -0.52559428, ...,  0.96485783,
          0.        , -0.38494695],
        [ 0.00616437,  0.37572134, -0.15760332, ...,  0.78935117,
          0.38494695,  0.        ]],

       [[ 0.        , -0.12602106, -0.2530168 , ...,  0.99866203,
          0.96751992,  0.92301647],
        [ 0.12602106,  0.        , -0.12907907, ...,  0.99721708,
          0.9916639 ,  0.9641457 ],
        [ 0.2530168 ,  0.12907907,  0.        , ...,  0.97925149,
          0.99999997,  0.99033411],
        ...,
        [-0.99866203, -0.99721708, -0.97925149, ...,  0.        ,
         -0.20242405, -0.33651451],
        [-0.96751992, -0.9916639 , -0.99999997, ...,  0.20242405,
          0.        , -0.13892964],
        [-0.92301647, -0.9641457 , -0.99033411, ...,  0.33651451,
          0.13892964,  0.        ]],

       ...,

       [[ 0.        , -0.03401662, -0.39457078, ...,  0.60303225,
          0.57409741,  0.68175052],
        [ 0.03401662,  0.        , -0.36308573, ...,  0.62981889,
          0.60161752,  0.706242  ],
        [ 0.39457078,  0.36308573,  0.        , ...,  0.86886131,
          0.85058776,  0.91509903],
        ...,
        [-0.60303225, -0.62981889, -0.86886131, ...,  0.        ,
         -0.03578782,  0.10267465],
        [-0.57409741, -0.60161752, -0.85058776, ...,  0.03578782,
          0.        ,  0.13820756],
        [-0.68175052, -0.706242  , -0.91509903, ..., -0.10267465,
         -0.13820756,  0.        ]],

       [[ 0.        ,  0.05791593,  0.04667844, ...,  0.57385363,
          0.48860929,  0.41065138],
        [-0.05791593,  0.        , -0.01125271, ...,  0.52545969,
          0.43725734,  0.35715478],
        [-0.04667844,  0.01125271,  0.        , ...,  0.53500044,
          0.44734963,  0.36764271],
        ...,
        [-0.57385363, -0.52545969, -0.53500044, ...,  0.        ,
         -0.10053841, -0.18692922],
        [-0.48860929, -0.43725734, -0.44734963, ...,  0.10053841,
          0.        , -0.08721582],
        [-0.41065138, -0.35715478, -0.36764271, ...,  0.18692922,
          0.08721582,  0.        ]],

       [[ 0.        , -0.18898223, -0.36117364, ...,  0.8896744 ,
          0.94956195,  0.99732097],
        [ 0.18898223,  0.        , -0.17843981, ...,  0.95993136,
          0.99171228,  0.96552575],
        [ 0.36117364,  0.17843981,  0.        , ...,  0.99453038,
          0.99872182,  0.90358063],
        ...,
        [-0.8896744 , -0.95993136, -0.99453038, ...,  0.        ,
          0.15458208,  0.52045173],
        [-0.94956195, -0.99171228, -0.99872182, ..., -0.15458208,
          0.        ,  0.38219961],
        [-0.99732097, -0.96552575, -0.90358063, ..., -0.52045173,
         -0.38219961,  0.        ]]]), 'num': array([ 7.51057058e-01,  6.60217145e-01,  1.93895227e-06,  4.49702543e-04,
        4.72259661e-04,  4.45383095e-04,  4.98637091e-03, -1.67978538e-05,
        4.71875710e-04,  4.85266000e-04,  4.44671186e-04,  3.80903715e-07,
        5.21552538e-04,  4.48979461e-04])}
{'img': array([[[ 0.00000000e+00, -3.30934184e-02,  3.19852125e-02, ...,
          8.49686581e-01,  8.57672302e-01,  6.93764209e-01],
        [ 3.30934184e-02,  0.00000000e+00,  6.50441790e-02, ...,
          8.66670941e-01,  8.74219049e-01,  7.17218161e-01],
        [-3.19852125e-02, -6.50441790e-02,  0.00000000e+00, ...,
          8.32386411e-01,  8.40786777e-01,  6.70373418e-01],
        ...,
        [-8.49686581e-01, -8.66670941e-01, -8.32386411e-01, ...,
          0.00000000e+00,  1.53343610e-02, -2.46132559e-01],
        [-8.57672302e-01, -8.74219049e-01, -8.40786777e-01, ...,
         -1.53343610e-02,  0.00000000e+00, -2.60966236e-01],
        [-6.93764209e-01, -7.17218161e-01, -6.70373418e-01, ...,
          2.46132559e-01,  2.60966236e-01,  0.00000000e+00]],

       [[ 0.00000000e+00, -5.17081910e-01, -6.37768081e-01, ...,
          9.97516247e-03, -3.75721336e-01, -2.19817751e-01],
        [ 5.17081910e-01,  0.00000000e+00, -1.47617408e-01, ...,
          5.25594283e-01,  1.57603322e-01,  3.16284671e-01],
        [ 6.37768081e-01,  1.47617408e-01,  0.00000000e+00, ...,
          6.45419504e-01,  3.01649265e-01,  4.52858996e-01],
        ...,
        [-9.97516247e-03, -5.25594283e-01, -6.45419504e-01, ...,
          0.00000000e+00, -3.84946952e-01, -2.29537994e-01],
        [ 3.75721336e-01, -1.57603322e-01, -3.01649265e-01, ...,
          3.84946952e-01,  0.00000000e+00,  1.62819255e-01],
        [ 2.19817751e-01, -3.16284671e-01, -4.52858996e-01, ...,
          2.29537994e-01, -1.62819255e-01,  0.00000000e+00]],

       [[ 0.00000000e+00, -1.29079073e-01, -1.97682654e-01, ...,
          9.91663900e-01,  9.64145702e-01,  8.50515873e-01],
        [ 1.29079073e-01,  0.00000000e+00, -6.94970654e-02, ...,
          9.99999974e-01,  9.90334111e-01,  9.11289774e-01],
        [ 1.97682654e-01,  6.94970654e-02,  0.00000000e+00, ...,
          9.97566181e-01,  9.97579045e-01,  9.37702922e-01],
        ...,
        [-9.91663900e-01, -9.99999974e-01, -9.97566181e-01, ...,
          0.00000000e+00, -1.38929643e-01, -4.11974766e-01],
        [-9.64145702e-01, -9.90334111e-01, -9.97579045e-01, ...,
          1.38929643e-01,  0.00000000e+00, -2.81387508e-01],
        [-8.50515873e-01, -9.11289774e-01, -9.37702922e-01, ...,
          4.11974766e-01,  2.81387508e-01,  0.00000000e+00]],

       ...,

       [[ 0.00000000e+00, -3.63085731e-01, -2.30802598e-01, ...,
          6.01617525e-01,  7.06242005e-01,  5.32318448e-01],
        [ 3.63085731e-01,  0.00000000e+00,  1.38230988e-01, ...,
          8.50587760e-01,  9.15099026e-01,  8.03358884e-01],
        [ 2.30802598e-01, -1.38230988e-01,  0.00000000e+00, ...,
          7.69735701e-01,  8.50575323e-01,  7.13330767e-01],
        ...,
        [-6.01617525e-01, -8.50587760e-01, -7.69735701e-01, ...,
          0.00000000e+00,  1.38207563e-01, -8.40882035e-02],
        [-7.06242005e-01, -9.15099026e-01, -8.50575323e-01, ...,
         -1.38207563e-01,  0.00000000e+00, -2.20999309e-01],
        [-5.32318448e-01, -8.03358884e-01, -7.13330767e-01, ...,
          8.40882035e-02,  2.20999309e-01,  0.00000000e+00]],

       [[ 0.00000000e+00, -1.12527105e-02, -2.71048650e-02, ...,
          4.37257340e-01,  3.57154784e-01,  4.36951206e-01],
        [ 1.12527105e-02,  0.00000000e+00, -1.58545726e-02, ...,
          4.47349628e-01,  3.67642711e-01,  4.47045188e-01],
        [ 2.71048650e-02,  1.58545726e-02,  0.00000000e+00, ...,
          4.61473082e-01,  3.82340733e-01,  4.61171094e-01],
        ...,
        [-4.37257340e-01, -4.47349628e-01, -4.61473082e-01, ...,
          0.00000000e+00, -8.72158160e-02, -3.40370671e-04],
        [-3.57154784e-01, -3.67642711e-01, -3.82340733e-01, ...,
          8.72158160e-02,  0.00000000e+00,  8.68767372e-02],
        [-4.36951206e-01, -4.47045188e-01, -4.61171094e-01, ...,
          3.40370671e-04, -8.68767372e-02,  0.00000000e+00]],

       [[ 0.00000000e+00, -1.78439815e-01, -3.29926486e-01, ...,
          9.91712280e-01,  9.65525751e-01,  9.93281675e-01],
        [ 1.78439815e-01,  0.00000000e+00, -1.56183071e-01, ...,
          9.98721819e-01,  9.03580630e-01,  9.97989687e-01],
        [ 3.29926486e-01,  1.56183071e-01,  0.00000000e+00, ...,
          9.78571463e-01,  8.25580351e-01,  9.75844142e-01],
        ...,
        [-9.91712280e-01, -9.98721819e-01, -9.78571463e-01, ...,
          0.00000000e+00,  3.82199611e-01,  1.28528094e-02],
        [-9.65525751e-01, -9.03580630e-01, -8.25580351e-01, ...,
         -3.82199611e-01,  0.00000000e+00, -3.70291020e-01],
        [-9.93281675e-01, -9.97989687e-01, -9.75844142e-01, ...,
         -1.28528094e-02,  3.70291020e-01,  0.00000000e+00]]]), 'num': array([7.51858938e-01, 6.59305059e-01, 1.93627362e-06, 4.58187520e-04,
       4.64418103e-04, 4.43329975e-04, 4.82042986e-03, 9.10623732e-06,
       4.60296333e-04, 4.84499753e-04, 4.44935548e-04, 3.78536181e-07,
       5.21003949e-04, 4.47995557e-04])}
{'img': array([[[ 0.        ,  0.06504418,  0.0857631 , ...,  0.87421905,
          0.71721816,  0.80891774],
        [-0.06504418,  0.        ,  0.02077696, ...,  0.84078678,
          0.67037342,  0.76896387],
        [-0.0857631 , -0.02077696,  0.        , ...,  0.82935733,
          0.65481171,  0.75551533],
        ...,
        [-0.87421905, -0.84078678, -0.82935733, ...,  0.        ,
         -0.26096624, -0.12121725],
        [-0.71721816, -0.67037342, -0.65481171, ...,  0.26096624,
          0.        ,  0.14202505],
        [-0.80891774, -0.76896387, -0.75551533, ...,  0.12121725,
         -0.14202505,  0.        ]],

       [[ 0.        , -0.14761741, -0.2966223 , ...,  0.15760332,
          0.31628467,  0.28917262],
        [ 0.14761741,  0.        , -0.15239879, ...,  0.30164926,
          0.452859  ,  0.42731535],
        [ 0.2966223 ,  0.15239879,  0.        , ...,  0.44342562,
          0.58344523,  0.56010807],
        ...,
        [-0.15760332, -0.30164926, -0.44342562, ...,  0.        ,
          0.16281926,  0.13468866],
        [-0.31628467, -0.452859  , -0.58344523, ..., -0.16281926,
          0.        , -0.02844428],
        [-0.28917262, -0.42731535, -0.56010807, ..., -0.13468866,
          0.02844428,  0.        ]],

       [[ 0.        , -0.06949707, -0.149815  , ...,  0.99033411,
          0.91128977,  0.80582231],
        [ 0.06949707,  0.        , -0.08074005, ...,  0.99757905,
          0.93770292,  0.84502716],
        [ 0.149815  ,  0.08074005,  0.        , ...,  0.99993694,
          0.96269367,  0.8854419 ],
        ...,
        [-0.99033411, -0.99757905, -0.99993694, ...,  0.        ,
         -0.28138751, -0.47466422],
        [-0.91128977, -0.93770292, -0.96269367, ...,  0.28138751,
          0.        , -0.20781705],
        [-0.80582231, -0.84502716, -0.8854419 , ...,  0.47466422,
          0.20781705,  0.        ]],

       ...,

       [[ 0.        ,  0.13823099,  0.36477232, ...,  0.91509903,
          0.80335888,  0.79996745],
        [-0.13823099,  0.        ,  0.23256409, ...,  0.85057532,
          0.71333077,  0.70934318],
        [-0.36477232, -0.23256409,  0.        , ...,  0.70495888,
          0.53078469,  0.52596786],
        ...,
        [-0.91509903, -0.85057532, -0.70495888, ...,  0.        ,
         -0.22099931, -0.22652891],
        [-0.80335888, -0.71333077, -0.53078469, ...,  0.22099931,
          0.        , -0.00567344],
        [-0.79996745, -0.70934318, -0.52596786, ...,  0.22652891,
          0.00567344,  0.        ]],

       [[ 0.        , -0.01585457, -0.12409504, ...,  0.36764271,
          0.44704519,  0.45680747],
        [ 0.01585457,  0.        , -0.10834742, ...,  0.38234073,
          0.46117109,  0.47085374],
        [ 0.12409504,  0.10834742,  0.        , ...,  0.48020526,
          0.5545941 ,  0.56366718],
        ...,
        [-0.36764271, -0.38234073, -0.48020526, ...,  0.        ,
          0.08687674,  0.09777363],
        [-0.44704519, -0.46117109, -0.5545941 , ..., -0.08687674,
          0.        ,  0.01094347],
        [-0.45680747, -0.47085374, -0.56366718, ..., -0.09777363,
         -0.01094347,  0.        ]],

       [[ 0.        , -0.15618307, -0.26978018, ...,  0.90358063,
          0.99798969,  0.99919957],
        [ 0.15618307,  0.        , -0.11607737, ...,  0.82558035,
          0.97584414,  0.98068976],
        [ 0.26978018,  0.11607737,  0.        , ...,  0.7544989 ,
          0.94388843,  0.95135922],
        ...,
        [-0.90358063, -0.82558035, -0.7544989 , ...,  0.        ,
         -0.37029102, -0.39192941],
        [-0.99798969, -0.97584414, -0.94388843, ...,  0.37029102,
          0.        , -0.02340343],
        [-0.99919957, -0.98068976, -0.95135922, ...,  0.39192941,
          0.02340343,  0.        ]]]), 'num': array([ 8.07461259e-01,  5.89811441e-01,  4.57728324e-06,  4.90202293e-04,
        5.26799941e-04,  4.89686834e-04,  1.12576323e-02, -2.57729912e-06,
        4.93398144e-04,  5.20021644e-04,  4.79454956e-04,  4.24697796e-07,
        5.61356605e-04,  4.78686683e-04])}
{'img': array([[[ 0.        ,  0.02077696, -0.41285402, ...,  0.67037342,
          0.76896387,  0.74439984],
        [-0.02077696,  0.        , -0.4316885 , ...,  0.65481171,
          0.75551533,  0.73036566],
        [ 0.41285402,  0.4316885 ,  0.        , ...,  0.91692179,
          0.96430452,  0.95367402],
        ...,
        [-0.67037342, -0.65481171, -0.91692179, ...,  0.        ,
          0.14202505,  0.10473126],
        [-0.76896387, -0.75551533, -0.96430452, ..., -0.14202505,
          0.        , -0.03757438],
        [-0.74439984, -0.73036566, -0.95367402, ..., -0.10473126,
          0.03757438,  0.        ]],

       [[ 0.        , -0.15239879,  0.33133003, ...,  0.452859  ,
          0.42731535,  0.97695993],
        [ 0.15239879,  0.        ,  0.47125033, ...,  0.58344523,
          0.56010807,  0.99807352],
        [-0.33133003, -0.47125033,  0.        , ...,  0.13187128,
          0.10362205,  0.85106289],
        ...,
        [-0.452859  , -0.58344523, -0.13187128, ...,  0.        ,
         -0.02844428,  0.7743896 ],
        [-0.42731535, -0.56010807, -0.10362205, ...,  0.02844428,
          0.        ,  0.79207322],
        [-0.97695993, -0.99807352, -0.85106289, ..., -0.7743896 ,
         -0.79207322,  0.        ]],

       [[ 0.        , -0.08074005, -0.21242102, ...,  0.93770292,
          0.84502716,  0.82943701],
        [ 0.08074005,  0.        , -0.13283008, ...,  0.96269367,
          0.8854419 ,  0.87183047],
        [ 0.21242102,  0.13283008,  0.        , ...,  0.99010604,
          0.93932864,  0.92916623],
        ...,
        [-0.93770292, -0.96269367, -0.99010604, ...,  0.        ,
         -0.20781705, -0.23562308],
        [-0.84502716, -0.8854419 , -0.93932864, ...,  0.20781705,
          0.        , -0.02851302],
        [-0.82943701, -0.87183047, -0.92916623, ...,  0.23562308,
          0.02851302,  0.        ]],

       ...,

       [[ 0.        ,  0.23256409, -0.60114606, ...,  0.71333077,
          0.70934318,  0.74384563],
        [-0.23256409,  0.        , -0.77051436, ...,  0.53078469,
          0.52596786,  0.56801564],
        [ 0.60114606,  0.77051436,  0.        , ...,  0.99135026,
          0.99058971,  0.99621303],
        ...,
        [-0.71333077, -0.53078469, -0.99135026, ...,  0.        ,
         -0.00567344,  0.04455184],
        [-0.70934318, -0.52596786, -0.99058971, ...,  0.00567344,
          0.        ,  0.05021893],
        [-0.74384563, -0.56801564, -0.99621303, ..., -0.04455184,
         -0.05021893,  0.        ]],

       [[ 0.        , -0.10834742, -0.20470401, ...,  0.46117109,
          0.47085374,  0.52970024],
        [ 0.10834742,  0.        , -0.09744589, ...,  0.5545941 ,
          0.56366718,  0.61848058],
        [ 0.20470401,  0.09744589,  0.        , ...,  0.63304147,
          0.64147509,  0.69211012],
        ...,
        [-0.46117109, -0.5545941 , -0.63304147, ...,  0.        ,
          0.01094347,  0.0788506 ],
        [-0.47085374, -0.56366718, -0.64147509, ..., -0.01094347,
          0.        ,  0.06793649],
        [-0.52970024, -0.61848058, -0.69211012, ..., -0.0788506 ,
         -0.06793649,  0.        ]],

       [[ 0.        , -0.11607737, -0.30971929, ...,  0.97584414,
          0.98068976,  0.99911621],
        [ 0.11607737,  0.        , -0.19725603, ...,  0.94388843,
          0.95135922,  0.98748323],
        [ 0.30971929,  0.19725603,  0.        , ...,  0.86019626,
          0.87189554,  0.93696915],
        ...,
        [-0.97584414, -0.94388843, -0.86019626, ...,  0.        ,
         -0.02340343, -0.17725674],
        [-0.98068976, -0.95135922, -0.87189554, ...,  0.02340343,
          0.        , -0.15417536],
        [-0.99911621, -0.98748323, -0.93696915, ...,  0.17725674,
          0.15417536,  0.        ]]]), 'num': array([7.10370706e-01, 7.03818137e-01, 1.36086568e-07, 4.36837883e-04,
       4.38652371e-04, 4.26858202e-04, 3.45396782e-03, 5.44346272e-06,
       4.33571806e-04, 4.56615798e-04, 4.22798286e-04, 3.87560453e-07,
       4.94106378e-04, 4.19125218e-04])}
{'img': array([[[ 0.00000000e+00, -4.31688501e-01, -7.28173112e-01, ...,
          7.55515327e-01,  7.30365664e-01,  7.89081084e-01],
        [ 4.31688501e-01,  0.00000000e+00, -3.60952324e-01, ...,
          9.64304519e-01,  9.53674021e-01,  9.76950609e-01],
        [ 7.28173112e-01,  3.60952324e-01,  0.00000000e+00, ...,
          9.94873871e-01,  9.97970981e-01,  9.88139628e-01],
        ...,
        [-7.55515327e-01, -9.64304519e-01, -9.94873871e-01, ...,
          0.00000000e+00, -3.75743846e-02,  5.28466619e-02],
        [-7.30365664e-01, -9.53674021e-01, -9.97970981e-01, ...,
          3.75743846e-02,  0.00000000e+00,  9.03312230e-02],
        [-7.89081084e-01, -9.76950609e-01, -9.88139628e-01, ...,
         -5.28466619e-02, -9.03312230e-02,  0.00000000e+00]],

       [[ 0.00000000e+00,  4.71250330e-01,  4.71403660e-01, ...,
          5.60108067e-01,  9.98073520e-01,  3.58185473e-01],
        [-4.71250330e-01,  0.00000000e+00,  1.73851453e-04, ...,
          1.03622050e-01,  8.51062892e-01, -1.24063674e-01],
        [-4.71403660e-01, -1.73851453e-04,  0.00000000e+00, ...,
          1.03449133e-01,  8.50971596e-01, -1.24236180e-01],
        ...,
        [-5.60108067e-01, -1.03622050e-01, -1.03449133e-01, ...,
          0.00000000e+00,  7.92073220e-01, -2.26217301e-01],
        [-9.98073520e-01, -8.51062892e-01, -8.50971596e-01, ...,
         -7.92073220e-01,  0.00000000e+00, -9.09629140e-01],
        [-3.58185473e-01,  1.24063674e-01,  1.24236180e-01, ...,
          2.26217301e-01,  9.09629140e-01,  0.00000000e+00]],

       [[ 0.00000000e+00, -1.32830084e-01, -2.75001845e-01, ...,
          8.85441900e-01,  8.71830469e-01,  8.65672883e-01],
        [ 1.32830084e-01,  0.00000000e+00, -1.44856358e-01, ...,
          9.39328637e-01,  9.29166231e-01,  9.24498083e-01],
        [ 2.75001845e-01,  1.44856358e-01,  0.00000000e+00, ...,
          9.79109666e-01,  9.72913946e-01,  9.69964436e-01],
        ...,
        [-8.85441900e-01, -9.39328637e-01, -9.79109666e-01, ...,
          0.00000000e+00, -2.85130221e-02, -4.09396021e-02],
        [-8.71830469e-01, -9.29166231e-01, -9.72913946e-01, ...,
          2.85130221e-02,  0.00000000e+00, -1.24338395e-02],
        [-8.65672883e-01, -9.24498083e-01, -9.69964436e-01, ...,
          4.09396021e-02,  1.24338395e-02,  0.00000000e+00]],

       ...,

       [[ 0.00000000e+00, -7.70514357e-01, -5.10526234e-01, ...,
          5.25967864e-01,  5.68015638e-01,  6.04190035e-01],
        [ 7.70514357e-01,  0.00000000e+00,  3.37115172e-01, ...,
          9.90589709e-01,  9.96213030e-01,  9.99101270e-01],
        [ 5.10526234e-01, -3.37115172e-01,  0.00000000e+00, ...,
          8.86464702e-01,  9.08587321e-01,  9.26328017e-01],
        ...,
        [-5.25967864e-01, -9.90589709e-01, -8.86464702e-01, ...,
          0.00000000e+00,  5.02189298e-02,  9.47539392e-02],
        [-5.68015638e-01, -9.96213030e-01, -9.08587321e-01, ...,
         -5.02189298e-02,  0.00000000e+00,  4.46414009e-02],
        [-6.04190035e-01, -9.99101270e-01, -9.26328017e-01, ...,
         -9.47539392e-02, -4.46414009e-02,  0.00000000e+00]],

       [[ 0.00000000e+00, -9.74458935e-02, -1.93749322e-01, ...,
          5.63667181e-01,  6.18480585e-01,  6.24850513e-01],
        [ 9.74458935e-02,  0.00000000e+00, -9.72278373e-02, ...,
          6.41475093e-01,  6.92110118e-01,  6.97957076e-01],
        [ 1.93749322e-01,  9.72278373e-02,  0.00000000e+00, ...,
          7.13023619e-01,  7.59009272e-01,  7.64278965e-01],
        ...,
        [-5.63667181e-01, -6.41475093e-01, -7.13023619e-01, ...,
          0.00000000e+00,  6.79364855e-02,  7.60477739e-02],
        [-6.18480585e-01, -6.92110118e-01, -7.59009272e-01, ...,
         -6.79364855e-02,  0.00000000e+00,  8.13232345e-03],
        [-6.24850513e-01, -6.97957076e-01, -7.64278965e-01, ...,
         -7.60477739e-02, -8.13232345e-03,  0.00000000e+00]],

       [[ 0.00000000e+00, -1.97256027e-01, -4.45796165e-01, ...,
          9.51359222e-01,  9.87483228e-01,  9.98127374e-01],
        [ 1.97256027e-01,  0.00000000e+00, -2.60466490e-01, ...,
          8.71895537e-01,  9.36969147e-01,  9.66450061e-01],
        [ 4.45796165e-01,  2.60466490e-01,  0.00000000e+00, ...,
          7.14251887e-01,  8.13617535e-01,  8.66188982e-01],
        ...,
        [-9.51359222e-01, -8.71895537e-01, -7.14251887e-01, ...,
          0.00000000e+00, -1.54175365e-01, -2.49312411e-01],
        [-9.87483228e-01, -9.36969147e-01, -8.13617535e-01, ...,
          1.54175365e-01,  0.00000000e+00, -9.70245210e-02],
        [-9.98127374e-01, -9.66450061e-01, -8.66188982e-01, ...,
          2.49312411e-01,  9.70245210e-02,  0.00000000e+00]]]), 'num': array([8.90499028e-01, 4.54824534e-01, 8.64433521e-06, 5.60713635e-04,
       5.75176487e-04, 5.42356939e-04, 1.19867892e-02, 2.50318587e-05,
       5.35681776e-04, 5.59656734e-04, 5.19920976e-04, 4.81381898e-07,
       6.05540754e-04, 5.13772714e-04])}
{'img': array([[[ 0.00000000e+00, -3.60952324e-01,  5.79198912e-02, ...,
          9.53674021e-01,  9.76950609e-01,  9.89717034e-01],
        [ 3.60952324e-01,  0.00000000e+00,  4.14361549e-01, ...,
          9.97970981e-01,  9.88139628e-01,  8.71364232e-01],
        [-5.79198912e-02, -4.14361549e-01,  0.00000000e+00, ...,
          9.34648295e-01,  9.62946641e-01,  9.96340342e-01],
        ...,
        [-9.53674021e-01, -9.97970981e-01, -9.34648295e-01, ...,
          0.00000000e+00,  9.03312230e-02,  4.34161073e-01],
        [-9.76950609e-01, -9.88139628e-01, -9.62946641e-01, ...,
         -9.03312230e-02,  0.00000000e+00,  3.51012576e-01],
        [-9.89717034e-01, -8.71364232e-01, -9.96340342e-01, ...,
         -4.34161073e-01, -3.51012576e-01,  0.00000000e+00]],

       [[ 0.00000000e+00,  1.73851453e-04, -2.45986228e-01, ...,
          8.51062892e-01, -1.24063674e-01,  8.38541217e-01],
        [-1.73851453e-04,  0.00000000e+00, -2.46154734e-01, ...,
          8.50971596e-01, -1.24236180e-01,  8.38446483e-01],
        [ 2.45986228e-01,  2.46154734e-01,  0.00000000e+00, ...,
          9.54071012e-01,  1.23834193e-01,  9.46798318e-01],
        ...,
        [-8.51062892e-01, -8.50971596e-01, -9.54071012e-01, ...,
          0.00000000e+00, -9.09629140e-01, -2.34039395e-02],
        [ 1.24063674e-01,  1.24236180e-01, -1.23834193e-01, ...,
          9.09629140e-01,  0.00000000e+00,  8.99657489e-01],
        [-8.38541217e-01, -8.38446483e-01, -9.46798318e-01, ...,
          2.34039395e-02, -8.99657489e-01,  0.00000000e+00]],

       [[ 0.00000000e+00, -1.44856358e-01, -2.60988467e-01, ...,
          9.29166231e-01,  9.24498083e-01,  9.47059598e-01],
        [ 1.44856358e-01,  0.00000000e+00, -1.18399828e-01, ...,
          9.72913946e-01,  9.69964436e-01,  9.83577937e-01],
        [ 2.60988467e-01,  1.18399828e-01,  0.00000000e+00, ...,
          9.93440673e-01,  9.91942084e-01,  9.98028715e-01],
        ...,
        [-9.29166231e-01, -9.72913946e-01, -9.93440673e-01, ...,
          0.00000000e+00, -1.24338395e-02,  5.17760251e-02],
        [-9.24498083e-01, -9.69964436e-01, -9.91942084e-01, ...,
          1.24338395e-02,  0.00000000e+00,  6.41891849e-02],
        [-9.47059598e-01, -9.83577937e-01, -9.98028715e-01, ...,
         -5.17760251e-02, -6.41891849e-02,  0.00000000e+00]],

       ...,

       [[ 0.00000000e+00,  3.37115172e-01,  6.61360134e-01, ...,
          9.96213030e-01,  9.99101270e-01,  9.99654978e-01],
        [-3.37115172e-01,  0.00000000e+00,  3.69786895e-01, ...,
          9.08587321e-01,  9.26328017e-01,  9.32283782e-01],
        [-6.61360134e-01, -3.69786895e-01,  0.00000000e+00, ...,
          6.89725438e-01,  7.21361378e-01,  7.32438161e-01],
        ...,
        [-9.96213030e-01, -9.08587321e-01, -6.89725438e-01, ...,
          0.00000000e+00,  4.46414009e-02,  6.07490079e-02],
        [-9.99101270e-01, -9.26328017e-01, -7.21361378e-01, ...,
         -4.46414009e-02,  0.00000000e+00,  1.61294942e-02],
        [-9.99654978e-01, -9.32283782e-01, -7.32438161e-01, ...,
         -6.07490079e-02, -1.61294942e-02,  0.00000000e+00]],

       [[ 0.00000000e+00, -9.72278373e-02, -2.21776135e-01, ...,
          6.92110118e-01,  6.97957076e-01,  6.79694761e-01],
        [ 9.72278373e-02,  0.00000000e+00, -1.25918761e-01, ...,
          7.59009272e-01,  7.64278965e-01,  7.47790609e-01],
        [ 2.21776135e-01,  1.25918761e-01,  0.00000000e+00, ...,
          8.34951144e-01,  8.39398947e-01,  8.25440439e-01],
        ...,
        [-6.92110118e-01, -7.59009272e-01, -8.34951144e-01, ...,
          0.00000000e+00,  8.13232345e-03, -1.70611753e-02],
        [-6.97957076e-01, -7.64278965e-01, -8.39398947e-01, ...,
         -8.13232345e-03,  0.00000000e+00, -2.51917509e-02],
        [-6.79694761e-01, -7.47790609e-01, -8.25440439e-01, ...,
          1.70611753e-02,  2.51917509e-02,  0.00000000e+00]],

       [[ 0.00000000e+00, -2.60466490e-01, -6.10215125e-01, ...,
          9.36969147e-01,  9.66450061e-01,  9.68103263e-01],
        [ 2.60466490e-01,  0.00000000e+00, -3.82801393e-01, ...,
          8.13617535e-01,  8.66188982e-01,  8.69426856e-01],
        [ 6.10215125e-01,  3.82801393e-01,  0.00000000e+00, ...,
          5.29083916e-01,  6.08919744e-01,  6.14075690e-01],
        ...,
        [-9.36969147e-01, -8.13617535e-01, -5.29083916e-01, ...,
          0.00000000e+00, -9.70245210e-02, -1.03507938e-01],
        [-9.66450061e-01, -8.66188982e-01, -6.08919744e-01, ...,
          9.70245210e-02,  0.00000000e+00, -6.51622079e-03],
        [-9.68103263e-01, -8.69426856e-01, -6.14075690e-01, ...,
          1.03507938e-01,  6.51622079e-03,  0.00000000e+00]]]), 'num': array([ 8.79462520e-01,  4.75945571e-01,  8.05423053e-06,  5.52006771e-04,
        5.61923060e-04,  5.45395912e-04,  4.36897383e-03, -3.30542977e-06,
        5.37683242e-04,  5.54651115e-04,  5.16601946e-04,  4.51386646e-07,
        5.99878500e-04,  5.09423730e-04])}
{'img': array([[[ 0.        ,  0.41436155,  0.6316166 , ...,  0.98813963,
          0.87136423,  0.89518593],
        [-0.41436155,  0.        ,  0.25359548, ...,  0.96294664,
          0.99634034,  0.99939777],
        [-0.6316166 , -0.25359548,  0.        , ...,  0.86307559,
          0.98544633,  0.97552758],
        ...,
        [-0.98813963, -0.96294664, -0.86307559, ...,  0.        ,
          0.35101258,  0.30294379],
        [-0.87136423, -0.99634034, -0.98544633, ..., -0.35101258,
          0.        , -0.05085024],
        [-0.89518593, -0.99939777, -0.97552758, ..., -0.30294379,
          0.05085024,  0.        ]],

       [[ 0.        , -0.24615473, -0.08350591, ..., -0.12423618,
          0.83844648, -0.09246164],
        [ 0.24615473,  0.        ,  0.16435851, ...,  0.12383419,
          0.94679832,  0.15548363],
        [ 0.08350591, -0.16435851,  0.        , ..., -0.04094329,
          0.88102741, -0.0089905 ],
        ...,
        [ 0.12423618, -0.12383419,  0.04094329, ...,  0.        ,
          0.89965749,  0.03195868],
        [-0.83844648, -0.94679832, -0.88102741, ..., -0.89965749,
          0.        , -0.88524489],
        [ 0.09246164, -0.15548363,  0.0089905 , ..., -0.03195868,
          0.88524489,  0.        ]],

       [[ 0.        , -0.11839983, -0.19300454, ...,  0.96996444,
          0.98357794,  0.9980148 ],
        [ 0.11839983,  0.        , -0.07547328, ...,  0.99194208,
          0.99802872,  0.99845157],
        [ 0.19300454,  0.07547328,  0.        , ...,  0.99867476,
          0.99991878,  0.99140538],
        ...,
        [-0.96996444, -0.99194208, -0.99867476, ...,  0.        ,
          0.06418918,  0.18167569],
        [-0.98357794, -0.99802872, -0.99991878, ..., -0.06418918,
          0.        ,  0.11818005],
        [-0.9980148 , -0.99845157, -0.99140538, ..., -0.18167569,
         -0.11818005,  0.        ]],

       ...,

       [[ 0.        ,  0.59620209,  0.83068911, ...,  0.9972719 ,
          0.99836222,  0.99195375],
        [-0.59620209,  0.        ,  0.33497829, ...,  0.75663512,
          0.76741133,  0.72089497],
        [-0.83068911, -0.33497829,  0.        , ...,  0.49389985,
          0.50830175,  0.44709106],
        ...,
        [-0.9972719 , -0.75663512, -0.49389985, ...,  0.        ,
          0.01664174, -0.05303363],
        [-0.99836222, -0.76741133, -0.50830175, ..., -0.01664174,
          0.        , -0.0696446 ],
        [-0.99195375, -0.72089497, -0.44709106, ...,  0.05303363,
          0.0696446 ,  0.        ]],

       [[ 0.        , -0.12591876, -0.3471201 , ...,  0.76427896,
          0.74779061,  0.75540403],
        [ 0.12591876,  0.        , -0.226268  , ...,  0.83939895,
          0.82544044,  0.83190087],
        [ 0.3471201 ,  0.226268  ,  0.        , ...,  0.94060944,
          0.93175856,  0.9358872 ],
        ...,
        [-0.76427896, -0.83939895, -0.94060944, ...,  0.        ,
         -0.02519175, -0.01365159],
        [-0.74779061, -0.82544044, -0.93175856, ...,  0.02519175,
          0.        ,  0.01154214],
        [-0.75540403, -0.83190087, -0.9358872 , ...,  0.01365159,
         -0.01154214,  0.        ]],

       [[ 0.        , -0.38280139, -0.11570514, ...,  0.86618898,
          0.86942686,  0.85878358],
        [ 0.38280139,  0.        ,  0.27333839, ...,  0.60891974,
          0.61407569,  0.59724671],
        [ 0.11570514, -0.27333839,  0.        , ...,  0.80255154,
          0.80642196,  0.79373545],
        ...,
        [-0.86618898, -0.60891974, -0.80255154, ...,  0.        ,
         -0.00651622,  0.0146336 ],
        [-0.86942686, -0.61407569, -0.80642196, ...,  0.00651622,
          0.        ,  0.02114881],
        [-0.85878358, -0.59724671, -0.79373545, ..., -0.0146336 ,
         -0.02114881,  0.        ]]]), 'num': array([ 7.33745875e-01,  6.79416533e-01,  1.10537827e-06,  4.52744515e-04,
        4.67022318e-04,  4.51362792e-04,  2.91553651e-03, -8.75091128e-06,
        4.52007596e-04,  4.63268637e-04,  4.33231518e-04,  3.64441952e-07,
        5.01373777e-04,  4.25163498e-04])}
{'img': array([[[ 0.00000000e+00,  2.85070043e-01,  2.97155042e-01, ...,
          9.88266123e-01,  9.94808341e-01,  9.98570221e-01],
        [-2.85070043e-01,  0.00000000e+00,  1.26318822e-02, ...,
          9.90801811e-01,  9.82540951e-01,  9.41897611e-01],
        [-2.97155042e-01, -1.26318822e-02,  0.00000000e+00, ...,
          9.89013401e-01,  9.80112442e-01,  9.37579411e-01],
        ...,
        [-9.88266123e-01, -9.90801811e-01, -9.89013401e-01, ...,
          0.00000000e+00, -5.13767414e-02, -2.05351929e-01],
        [-9.94808341e-01, -9.82540951e-01, -9.80112442e-01, ...,
          5.13767414e-02,  0.00000000e+00, -1.54798920e-01],
        [-9.98570221e-01, -9.41897611e-01, -9.37579411e-01, ...,
          2.05351929e-01,  1.54798920e-01,  0.00000000e+00]],

       [[ 0.00000000e+00,  1.64358506e-01,  3.22928152e-01, ...,
          9.46798318e-01,  1.55483626e-01, -1.73735638e-02],
        [-1.64358506e-01,  0.00000000e+00,  1.62983796e-01, ...,
          8.81027406e-01, -8.99050173e-03, -1.81470994e-01],
        [-3.22928152e-01, -1.62983796e-01,  0.00000000e+00, ...,
          7.92144998e-01, -1.71847497e-01, -3.39322161e-01],
        ...,
        [-9.46798318e-01, -8.81027406e-01, -7.92144998e-01, ...,
          0.00000000e+00, -8.85244893e-01, -9.52246707e-01],
        [-1.55483626e-01,  8.99050173e-03,  1.71847497e-01, ...,
          8.85244893e-01,  0.00000000e+00, -1.72622433e-01],
        [ 1.73735638e-02,  1.81470994e-01,  3.39322161e-01, ...,
          9.52246707e-01,  1.72622433e-01,  0.00000000e+00]],

       [[ 0.00000000e+00, -7.54732839e-02, -2.69052369e-01, ...,
          9.98028715e-01,  9.98451566e-01,  9.94366745e-01],
        [ 7.54732839e-02,  0.00000000e+00, -1.95594737e-01, ...,
          9.99918785e-01,  9.91405382e-01,  9.83530904e-01],
        [ 2.69052369e-01,  1.95594737e-01,  0.00000000e+00, ...,
          9.78112393e-01,  9.46667379e-01,  9.29182019e-01],
        ...,
        [-9.98028715e-01, -9.99918785e-01, -9.78112393e-01, ...,
          0.00000000e+00,  1.18180052e-01,  1.68190675e-01],
        [-9.98451566e-01, -9.91405382e-01, -9.46667379e-01, ...,
         -1.18180052e-01,  0.00000000e+00,  5.05155095e-02],
