state_0,state_1,state_2,state_3,state_4,state_5,state_6,state_7,state_8,state_9,state_10,state_11,state_12,state_13,state_14,state_15,state_16,state_17,state_18,state_19,state_20,state_21,state_22,state_23,state_24,state_25,state_26,state_27,state_28,state_29,state_30,state_31,state_32,state_33,state_34,state_35,state_36,state_37,state_38,state_39,state_40,state_41,state_42,state_43,state_44,state_45,state_46,state_47,state_48,state_49,state_50,state_51,state_52,state_53,state_54,state_55,state_56,state_57,state_58,state_59,state_60,state_61,state_62,state_63,state_64,state_65,state_66,state_67,state_68,state_69,state_70,state_71,state_72,state_73,state_74,state_75,state_76,state_77,state_78,state_79,state_80,state_81,state_82,state_83,state_84,state_85,state_86,state_87,state_88,state_89,state_90,state_91,state_92,state_93,state_94,state_95,state_96,state_97,state_98,state_99,state_100,state_101,state_102,state_103,state_104,state_105,state_106,state_107,state_108,state_109,state_110,state_111,state_112,state_113,state_114,state_115,state_116,state_117,state_118,state_119,state_120,state_121,state_122,state_123,state_124,state_125,state_126,state_127,state_128,state_129,state_130,state_131,state_132,state_133,state_134,state_135,state_136,state_137,state_138,state_139,state_140,state_141,state_142,state_143,state_144,state_145,state_146,state_147,state_148,state_149,state_150,state_151,state_152,state_153,state_154,state_155,state_156,state_157,state_158,state_159,state_160,state_161,state_162,state_163,state_164,state_165,state_166,state_167,state_168,state_169,state_170,state_171,state_172,state_173,state_174,state_175,state_176,state_177,state_178,state_179,state_180,state_181,state_182,state_183,state_184,state_185,state_186,state_187,state_188,state_189,state_190,state_191,state_192,state_193,state_194,state_195,state_196,state_197,state_198,state_199,state_200,state_201,state_202,state_203,state_204,state_205,state_206,state_207,state_208,state_209,state_210,state_211,state_212,state_213,state_214,state_215,state_216,state_217,state_218,state_219,state_220,state_221,state_222,state_223,state_224,state_225,state_226,state_227,state_228,state_229,state_230,state_231,state_232,state_233,state_234,state_235,state_236,state_237,state_238,state_239,state_240,state_241,state_242,state_243,state_244,state_245,state_246,state_247,state_248,state_249,state_250,state_251,state_252,state_253,state_254,state_255,state_256,state_257,state_258,state_259,state_260,state_261,state_262,state_263,state_264,state_265,state_266,state_267,state_268,state_269,state_270,state_271,state_272,state_273,state_274,state_275,state_276,state_277,state_278,state_279,state_280,state_281,state_282,state_283,state_284,state_285,state_286,state_287
{'img': array([[[ 0.        ,  0.24481533,  0.21624524, ..., -0.53435706,
         -0.99737105, -0.93287223],
        [-0.24481533,  0.        , -0.02935793, ..., -0.72502875,
         -0.98476101, -0.99266898],
        [-0.21624524,  0.02935793,  0.        , ..., -0.70449688,
         -0.98944227, -0.98869276],
        ...,
        [ 0.53435706,  0.72502875,  0.70449688, ...,  0.        ,
         -0.80431518, -0.59603912],
        [ 0.99737105,  0.98476101,  0.98944227, ...,  0.80431518,
          0.        ,  0.29166104],
        [ 0.93287223,  0.99266898,  0.98869276, ...,  0.59603912,
         -0.29166104,  0.        ]],

       [[ 0.        ,  0.44029918,  0.03187517, ..., -0.21405965,
         -0.07609553, -0.19442135],
        [-0.44029918,  0.        , -0.41145629, ..., -0.622287  ,
         -0.50734501, -0.60645887],
        [-0.03187517,  0.41145629,  0.        , ..., -0.2450872 ,
         -0.10783962, -0.22558949],
        ...,
        [ 0.21405965,  0.622287  ,  0.2450872 , ...,  0.        ,
          0.1391073 ,  0.02006021],
        [ 0.07609553,  0.50734501,  0.10783962, ..., -0.1391073 ,
          0.        , -0.11921414],
        [ 0.19442135,  0.60645887,  0.22558949, ..., -0.02006021,
          0.11921414,  0.        ]],

       [[ 0.        ,  0.07202128,  0.16277177, ..., -0.45099638,
         -0.63744808, -0.93142021],
        [-0.07202128,  0.        ,  0.09128828, ..., -0.51410604,
         -0.6912846 , -0.95521323],
        [-0.16277177, -0.09128828,  0.        , ..., -0.59025978,
         -0.75436147, -0.97823863],
        ...,
        [ 0.45099638,  0.51410604,  0.59025978, ...,  0.        ,
         -0.22144914, -0.66717841],
        [ 0.63744808,  0.6912846 ,  0.75436147, ...,  0.22144914,
          0.        , -0.48565664],
        [ 0.93142021,  0.95521323,  0.97823863, ...,  0.66717841,
          0.48565664,  0.        ]],

       ...,

       [[ 0.        ,  0.08969552, -0.00855054, ..., -0.21941801,
         -0.76027789, -0.67760884],
        [-0.08969552,  0.        , -0.09820831, ..., -0.30604331,
         -0.81547941, -0.74084166],
        [ 0.00855054,  0.09820831,  0.        , ..., -0.21106782,
         -0.75469568, -0.67129581],
        ...,
        [ 0.21941801,  0.30604331,  0.21106782, ...,  0.        ,
         -0.59921714, -0.49973121],
        [ 0.76027789,  0.81547941,  0.75469568, ...,  0.59921714,
          0.        ,  0.11895213],
        [ 0.67760884,  0.74084166,  0.67129581, ...,  0.49973121,
         -0.11895213,  0.        ]],

       [[ 0.        ,  0.06478358,  0.10523004, ..., -0.91123903,
         -0.76855143, -0.71094154],
        [-0.06478358,  0.        ,  0.04058509, ..., -0.93600775,
         -0.80838472, -0.75500722],
        [-0.10523004, -0.04058509,  0.        , ..., -0.94952168,
         -0.83160928, -0.78099747],
        ...,
        [ 0.91123903,  0.93600775,  0.94952168, ...,  0.        ,
          0.26645043,  0.34800873],
        [ 0.76855143,  0.80838472,  0.83160928, ..., -0.26645043,
          0.        ,  0.08563278],
        [ 0.71094154,  0.75500722,  0.78099747, ..., -0.34800873,
         -0.08563278,  0.        ]],

       [[ 0.        ,  0.02345689,  0.08691414, ..., -0.50274884,
         -0.75750752, -0.98839384],
        [-0.02345689,  0.        ,  0.0635221 , ..., -0.52288741,
         -0.77261237, -0.99168529],
        [-0.08691414, -0.0635221 ,  0.        , ..., -0.57597775,
         -0.81138081, -0.99785697],
        ...,
        [ 0.50274884,  0.52288741,  0.57597775, ...,  0.        ,
         -0.32660641, -0.77802559],
        [ 0.75750752,  0.77261237,  0.81138081, ...,  0.32660641,
          0.        , -0.53017422],
        [ 0.98839384,  0.99168529,  0.99785697, ...,  0.77802559,
          0.53017422,  0.        ]]]), 'num': array([ 7.07106251e-01,  7.07106251e-01,  0.00000000e+00,  1.97007123e-04,
        2.05677363e-04,  1.97007123e-04,  1.06571702e-03, -1.05969602e-05,
        2.10205155e-04,  2.17912035e-04,  2.36817976e-04,  2.60107204e-07,
        2.31850493e-04,  2.03973578e-04])}
{'img': array([[[ 0.        , -0.02639146, -0.06561297, ..., -0.90763423,
         -0.88236556, -0.96176235],
        [ 0.02639146,  0.        , -0.03925553, ..., -0.89623996,
         -0.86963933, -0.96865559],
        [ 0.06561297,  0.03925553,  0.        , ..., -0.87813659,
         -0.84958905, -0.97766032],
        ...,
        [ 0.90763423,  0.89623996,  0.87813659, ...,  0.        ,
          0.05671704, -0.65229896],
        [ 0.88236556,  0.86963933,  0.84958905, ..., -0.05671704,
          0.        , -0.6942383 ],
        [ 0.96176235,  0.96865559,  0.97766032, ...,  0.65229896,
          0.6942383 ,  0.        ]],

       [[ 0.        , -0.41145629, -0.07136588, ..., -0.50734501,
         -0.60645887, -0.63394836],
        [ 0.41145629,  0.        ,  0.34536219, ..., -0.10783962,
         -0.22558949, -0.25958907],
        [ 0.07136588, -0.34536219,  0.        , ..., -0.44455233,
         -0.54816845, -0.5771393 ],
        ...,
        [ 0.50734501,  0.10783962,  0.44455233, ...,  0.        ,
         -0.11921414, -0.15393244],
        [ 0.60645887,  0.22558949,  0.54816845, ...,  0.11921414,
          0.        , -0.03504141],
        [ 0.63394836,  0.25958907,  0.5771393 , ...,  0.15393244,
          0.03504141,  0.        ]],

       [[ 0.        ,  0.08211197,  0.16910551, ..., -0.57672095,
         -0.71797809, -0.98166293],
        [-0.08211197,  0.        ,  0.08760507, ..., -0.64185409,
         -0.77270888, -0.99400056],
        [-0.16910551, -0.08760507,  0.        , ..., -0.70656425,
         -0.82534628, -0.99976071],
        ...,
        [ 0.57672095,  0.64185409,  0.70656425, ...,  0.        ,
         -0.18511021, -0.69202347],
        [ 0.71797809,  0.77270888,  0.82534628, ...,  0.18511021,
          0.        , -0.54643732],
        [ 0.98166293,  0.99400056,  0.99976071, ...,  0.69202347,
          0.54643732,  0.        ]],

       ...,

       [[ 0.        , -0.09820831, -0.3362469 , ..., -0.81547941,
         -0.74084166, -0.94317243],
        [ 0.09820831,  0.        , -0.24213142, ..., -0.75469568,
         -0.67129581, -0.90597804],
        [ 0.3362469 ,  0.24213142,  0.        , ..., -0.57338218,
         -0.4718551 , -0.77651906],
        ...,
        [ 0.81547941,  0.75469568,  0.57338218, ...,  0.        ,
          0.11895213, -0.27490824],
        [ 0.74084166,  0.67129581,  0.4718551 , ..., -0.11895213,
          0.        , -0.38732535],
        [ 0.94317243,  0.90597804,  0.77651906, ...,  0.27490824,
          0.38732535,  0.        ]],

       [[ 0.        ,  0.04058509,  0.06360977, ..., -0.80838472,
         -0.75500722, -0.60470759],
        [-0.04058509,  0.        ,  0.02305446, ..., -0.83160928,
         -0.78099747, -0.63653326],
        [-0.06360977, -0.02305446,  0.        , ..., -0.8441918 ,
         -0.79518819, -0.65414482],
        ...,
        [ 0.80838472,  0.83160928,  0.8441918 , ...,  0.        ,
          0.08563278,  0.28787219],
        [ 0.75500722,  0.78099747,  0.79518819, ..., -0.08563278,
          0.        ,  0.20480692],
        [ 0.60470759,  0.63653326,  0.65414482, ..., -0.28787219,
         -0.20480692,  0.        ]],

       [[ 0.        ,  0.05384433,  0.12119509, ..., -0.60321259,
         -0.72794892, -0.99915549],
        [-0.05384433,  0.        ,  0.06757185, ..., -0.64528272,
         -0.76381028, -0.99549364],
        [-0.12119509, -0.06757185,  0.        , ..., -0.69542897,
         -0.80567815, -0.98681063],
        ...,
        [ 0.60321259,  0.64528272,  0.69542897, ...,  0.        ,
         -0.16701635, -0.8216923 ],
        [ 0.72794892,  0.76381028,  0.80567815, ...,  0.16701635,
          0.        , -0.71496306],
        [ 0.99915549,  0.99549364,  0.98681063, ...,  0.8216923 ,
          0.71496306,  0.        ]]]), 'num': array([ 9.99994104e-01,  1.36901343e-03,  5.06916290e-05,  2.78634233e-04,
        2.94899683e-04,  2.75805459e-04,  3.02670325e-03, -1.06079023e-05,
        2.99567160e-04,  3.17388436e-04,  3.46336222e-04,  3.47167711e-07,
        3.44137182e-04,  2.90639689e-04])}
{'img': array([[[ 0.        , -0.03652083, -0.10828007, ..., -0.79896792,
         -0.96099728, -0.94943836],
        [ 0.03652083,  0.        , -0.07190173, ..., -0.77647226,
         -0.95025607, -0.96027083],
        [ 0.10828007,  0.07190173,  0.        , ..., -0.72915355,
         -0.92540133, -0.97785098],
        ...,
        [ 0.79896792,  0.77647226,  0.72915355, ...,  0.        ,
         -0.35695761, -0.82180598],
        [ 0.96099728,  0.95025607,  0.92540133, ...,  0.35695761,
          0.        , -0.56428305],
        [ 0.94943836,  0.96027083,  0.97785098, ...,  0.82180598,
          0.56428305,  0.        ]],

       [[ 0.        ,  0.34536219,  0.39027383, ..., -0.22558949,
         -0.25958907, -0.02044348],
        [-0.34536219,  0.        ,  0.04828552, ..., -0.54816845,
         -0.5771393 , -0.3644756 ],
        [-0.39027383, -0.04828552,  0.        , ..., -0.58791351,
         -0.61589828, -0.40901456],
        ...,
        [ 0.22558949,  0.54816845,  0.58791351, ...,  0.        ,
         -0.03504141,  0.20562584],
        [ 0.25958907,  0.5771393 ,  0.61589828, ...,  0.03504141,
          0.        ,  0.23979215],
        [ 0.02044348,  0.3644756 ,  0.40901456, ..., -0.20562584,
         -0.23979215,  0.        ]],

       [[ 0.        ,  0.07952135,  0.12209976, ..., -0.66410675,
         -0.81325188, -0.99996368],
        [-0.07952135,  0.        ,  0.04278673, ..., -0.7214568 ,
         -0.85695086, -0.9974747 ],
        [-0.12209976, -0.04278673,  0.        , ..., -0.75042418,
         -0.87821829, -0.99352241],
        ...,
        [ 0.66410675,  0.7214568 ,  0.75042418, ...,  0.        ,
         -0.22156624, -0.74195061],
        [ 0.81325188,  0.85695086,  0.87821829, ...,  0.22156624,
          0.        , -0.57495957],
        [ 0.99996368,  0.9974747 ,  0.99352241, ...,  0.74195061,
          0.57495957,  0.        ]],

       ...,

       [[ 0.        , -0.24213142, -0.34450927, ..., -0.67129581,
         -0.90597804, -0.95091357],
        [ 0.24213142,  0.        , -0.10694903, ..., -0.4718551 ,
         -0.77651906, -0.8476885 ],
        [ 0.34450927,  0.10694903,  0.        , ..., -0.37485438,
         -0.70467743, -0.78609074],
        ...,
        [ 0.67129581,  0.4718551 ,  0.37485438, ...,  0.        ,
         -0.38732535, -0.49707026],
        [ 0.90597804,  0.77651906,  0.70467743, ...,  0.38732535,
          0.        , -0.1221843 ],
        [ 0.95091357,  0.8476885 ,  0.78609074, ...,  0.49707026,
          0.1221843 ,  0.        ]],

       [[ 0.        ,  0.02305446,  0.03926224, ..., -0.78099747,
         -0.63653326, -0.51302283],
        [-0.02305446,  0.        ,  0.01621511, ..., -0.79518819,
         -0.65414482, -0.53267585],
        [-0.03926224, -0.01621511,  0.        , ..., -0.80491588,
         -0.66632343, -0.54632898],
        ...,
        [ 0.78099747,  0.79518819,  0.80491588, ...,  0.        ,
          0.20480692,  0.34998837],
        [ 0.63653326,  0.65414482,  0.66632343, ..., -0.20480692,
          0.        ,  0.15071574],
        [ 0.51302283,  0.53267585,  0.54632898, ..., -0.34998837,
         -0.15071574,  0.        ]],

       [[ 0.        ,  0.05879143,  0.0764297 , ..., -0.63630738,
         -0.84232756, -0.9722902 ],
        [-0.05879143,  0.        ,  0.01767803, ..., -0.68056056,
         -0.87255716, -0.95686432],
        [-0.0764297 , -0.01767803,  0.        , ..., -0.69340676,
         -0.88105673, -0.95157871],
        ...,
        [ 0.63630738,  0.68056056,  0.69340676, ...,  0.        ,
         -0.30685348, -0.89881343],
        [ 0.84232756,  0.87255716,  0.88105673, ...,  0.30685348,
          0.        , -0.72094825],
        [ 0.9722902 ,  0.95686432,  0.95157871, ...,  0.89881343,
          0.72094825,  0.        ]]]), 'num': array([9.99997343e-01, 1.29983231e-03, 4.81300005e-05, 2.78654439e-04,
       2.81340265e-04, 2.62539484e-04, 1.71463127e-03, 1.41005861e-05,
       2.78923022e-04, 2.99906037e-04, 3.27805054e-04, 5.15678577e-07,
       3.26962567e-04, 2.72849507e-04])}
{'img': array([[[ 0.        , -0.07190173,  0.39958844, ..., -0.95025607,
         -0.96027083, -0.90851719],
        [ 0.07190173,  0.        ,  0.46446612, ..., -0.92540133,
         -0.97785098, -0.87612174],
        [-0.39958844, -0.46446612,  0.        , ..., -0.99555436,
         -0.76876208, -0.99979987],
        ...,
        [ 0.95025607,  0.92540133,  0.99555436, ...,  0.        ,
         -0.56428305,  0.11408649],
        [ 0.96027083,  0.97785098,  0.76876208, ...,  0.56428305,
          0.        ,  0.65478643],
        [ 0.90851719,  0.87612174,  0.99979987, ..., -0.11408649,
         -0.65478643,  0.        ]],

       [[ 0.        ,  0.04828552,  0.84415581, ..., -0.5771393 ,
         -0.3644756 , -0.53691526],
        [-0.04828552,  0.        ,  0.86905693, ..., -0.61589828,
         -0.40901456, -0.5770244 ],
        [-0.84415581, -0.86905693,  0.        , ..., -0.37997305,
         -0.59069421, -0.42432123],
        ...,
        [ 0.5771393 ,  0.61589828,  0.37997305, ...,  0.        ,
          0.23979215,  0.04842605],
        [ 0.3644756 ,  0.40901456,  0.59069421, ..., -0.23979215,
          0.        , -0.19249764],
        [ 0.53691526,  0.5770244 ,  0.42432123, ..., -0.04842605,
          0.19249764,  0.        ]],

       [[ 0.        ,  0.04067411,  0.15843383, ..., -0.79774828,
         -0.93897952, -0.99251194],
        [-0.04067411,  0.        ,  0.11814235, ..., -0.82161422,
         -0.95219328, -0.98672236],
        [-0.15843383, -0.11814235,  0.        , ..., -0.88320651,
         -0.9816168 , -0.96062379],
        ...,
        [ 0.79774828,  0.82161422,  0.88320651, ...,  0.        ,
         -0.29179193, -0.69591846],
        [ 0.93897952,  0.95219328,  0.9816168 , ...,  0.29179193,
          0.        , -0.4560915 ],
        [ 0.99251194,  0.98672236,  0.96062379, ...,  0.69591846,
          0.4560915 ,  0.        ]],

       ...,

       [[ 0.        , -0.10694903,  0.42305649, ..., -0.77651906,
         -0.8476885 , -0.42937018],
        [ 0.10694903,  0.        ,  0.51753692, ..., -0.70467743,
         -0.78609074, -0.3303188 ],
        [-0.42305649, -0.51753692,  0.        , ..., -0.97017175,
         -0.99252241, -0.77112815],
        ...,
        [ 0.77651906,  0.70467743,  0.97017175, ...,  0.        ,
         -0.1221843 ,  0.4307531 ],
        [ 0.8476885 ,  0.78609074,  0.99252241, ...,  0.1221843 ,
          0.        ,  0.5377933 ],
        [ 0.42937018,  0.3303188 ,  0.77112815, ..., -0.4307531 ,
         -0.5377933 ,  0.        ]],

       [[ 0.        ,  0.01621511,  0.17067442, ..., -0.65414482,
         -0.53267585, -0.52561449],
        [-0.01621511,  0.        ,  0.15467478, ..., -0.66632343,
         -0.54632898, -0.53933996],
        [-0.17067442, -0.15467478,  0.        , ..., -0.77363976,
         -0.66930522, -0.66309904],
        ...,
        [ 0.65414482,  0.66632343,  0.77363976, ...,  0.        ,
          0.15071574,  0.15893728],
        [ 0.53267585,  0.54632898,  0.66930522, ..., -0.15071574,
          0.        ,  0.00832181],
        [ 0.52561449,  0.53933996,  0.66309904, ..., -0.15893728,
         -0.00832181,  0.        ]],

       [[ 0.        ,  0.01695219, -0.05482648, ..., -0.83098257,
         -0.99115758, -0.94444269],
        [-0.01695219,  0.        , -0.07174529, ..., -0.84029363,
         -0.99326454, -0.93873519],
        [ 0.05482648,  0.07174529,  0.        , ..., -0.7992328 ,
         -0.98239185, -0.9610423 ],
        ...,
        [ 0.83098257,  0.84029363,  0.7992328 , ...,  0.        ,
         -0.4411163 , -0.79851616],
        [ 0.99115758,  0.99326454,  0.98239185, ...,  0.4411163 ,
          0.        , -0.45108802],
        [ 0.94444269,  0.93873519,  0.9610423 , ...,  0.79851616,
          0.45108802,  0.        ]]]), 'num': array([9.99997455e-01, 4.32510344e-04, 4.49242661e-05, 2.78663206e-04,
       2.79289415e-04, 2.64886598e-04, 2.06801914e-03, 1.87862836e-05,
       2.62256518e-04, 2.79445968e-04, 3.05099682e-04, 6.13768204e-07,
       3.04615771e-04, 2.54276165e-04])}
{'img': array([[[ 0.        ,  0.46446612,  0.51857174, ..., -0.97785098,
         -0.87612174, -0.58914741],
        [-0.46446612,  0.        ,  0.06210802, ..., -0.76876208,
         -0.99979987, -0.89704409],
        [-0.51857174, -0.06210802,  0.        , ..., -0.72755768,
         -0.9991122 , -0.92276037],
        ...,
        [ 0.97785098,  0.76876208,  0.72755768, ...,  0.        ,
          0.65478643,  0.91343852],
        [ 0.87612174,  0.99979987,  0.9991122 , ..., -0.65478643,
          0.        ,  0.42390673],
        [ 0.58914741,  0.89704409,  0.92276037, ..., -0.91343852,
         -0.42390673,  0.        ]],

       [[ 0.        ,  0.86905693,  0.0703992 , ..., -0.40901456,
         -0.5770244 , -0.49960839],
        [-0.86905693,  0.        , -0.90172805, ..., -0.59069421,
         -0.42432123, -0.50565945],
        [-0.0703992 ,  0.90172805,  0.        , ..., -0.47224099,
         -0.63308967, -0.55935222],
        ...,
        [ 0.40901456,  0.59069421,  0.47224099, ...,  0.        ,
         -0.19249764, -0.10159715],
        [ 0.5770244 ,  0.42432123,  0.63308967, ...,  0.19249764,
          0.        ,  0.09180456],
        [ 0.49960839,  0.50565945,  0.55935222, ...,  0.10159715,
         -0.09180456,  0.        ]],

       [[ 0.        ,  0.11814235,  0.20200353, ..., -0.95219328,
         -0.98672236, -0.99019645],
        [-0.11814235,  0.        ,  0.08488201, ..., -0.9816168 ,
         -0.96062379, -0.99976411],
        [-0.20200353, -0.08488201,  0.        , ..., -0.99427494,
         -0.93357225, -0.99799955],
        ...,
        [ 0.95219328,  0.9816168 ,  0.99427494, ...,  0.        ,
         -0.4560915 , -0.1694973 ],
        [ 0.98672236,  0.96062379,  0.93357225, ...,  0.4560915 ,
          0.        ,  0.29865093],
        [ 0.99019645,  0.99976411,  0.99799955, ...,  0.1694973 ,
         -0.29865093,  0.        ]],

       ...,

       [[ 0.        ,  0.51753692,  0.45028632, ..., -0.78609074,
         -0.3303188 ,  0.01478356],
        [-0.51753692,  0.        , -0.07680816, ..., -0.99252241,
         -0.77112815, -0.50483065],
        [-0.45028632,  0.07680816,  0.        , ..., -0.980215  ,
         -0.71994794, -0.43703711],
        ...,
        [ 0.78609074,  0.99252241,  0.980215  , ...,  0.        ,
          0.5377933 ,  0.79514272],
        [ 0.3303188 ,  0.77112815,  0.71994794, ..., -0.5377933 ,
          0.        ,  0.34423645],
        [-0.01478356,  0.50483065,  0.43703711, ..., -0.79514272,
         -0.34423645,  0.        ]],

       [[ 0.        ,  0.15467478,  0.27123693, ..., -0.54632898,
         -0.53933996, -0.55025276],
        [-0.15467478,  0.        ,  0.11909628, ..., -0.66930522,
         -0.66309904, -0.67278387],
        [-0.27123693, -0.11909628,  0.        , ..., -0.75302864,
         -0.74752691, -0.75610756],
        ...,
        [ 0.54632898,  0.66930522,  0.75302864, ...,  0.        ,
          0.00832181, -0.0046919 ],
        [ 0.53933996,  0.66309904,  0.74752691, ..., -0.00832181,
          0.        , -0.01301346],
        [ 0.55025276,  0.67278387,  0.75610756, ...,  0.0046919 ,
          0.01301346,  0.        ]],

       [[ 0.        , -0.07155617, -0.05943698, ..., -0.99181502,
         -0.97215662, -0.93789917],
        [ 0.07155617,  0.        ,  0.01214504, ..., -0.98013606,
         -0.98643247, -0.96031834],
        [ 0.05943698, -0.01214504,  0.        , ..., -0.98247246,
         -0.98436589, -0.95686019],
        ...,
        [ 0.99181502,  0.98013606,  0.98247246, ...,  0.        ,
         -0.35654199, -0.46382237],
        [ 0.97215662,  0.98643247,  0.98436589, ...,  0.35654199,
          0.        , -0.11746903],
        [ 0.93789917,  0.96031834,  0.95686019, ...,  0.46382237,
          0.11746903,  0.        ]]]), 'num': array([9.99998187e-01, 4.27707032e-04, 4.44253525e-05, 2.78664742e-04,
       2.83618782e-04, 2.72472192e-04, 1.67898604e-03, 3.09627491e-06,
       2.61697156e-04, 2.76218685e-04, 3.01215945e-04, 5.62160552e-07,
       3.01036753e-04, 2.51400617e-04])}
{'img': array([[[ 0.        ,  0.06210802, -0.07338444, ..., -0.99979987,
         -0.89704409, -0.86753425],
        [-0.06210802,  0.        , -0.13518333, ..., -0.9991122 ,
         -0.92276037, -0.89675055],
        [ 0.07338444,  0.13518333,  0.        , ..., -0.99563604,
         -0.86219381, -0.82869538],
        ...,
        [ 0.99979987,  0.9991122 ,  0.99563604, ...,  0.        ,
          0.42390673,  0.47992237],
        [ 0.89704409,  0.92276037,  0.86219381, ..., -0.42390673,
          0.        ,  0.06277048],
        [ 0.86753425,  0.89675055,  0.82869538, ..., -0.47992237,
         -0.06277048,  0.        ]],

       [[ 0.        , -0.90172805, -0.74685429, ..., -0.42432123,
         -0.50565945, -0.44303788],
        [ 0.90172805,  0.        , -0.27677017, ..., -0.63308967,
         -0.55935222, -0.61687487],
        [ 0.74685429,  0.27677017,  0.        , ..., -0.39411691,
         -0.30807864, -0.37494228],
        ...,
        [ 0.42432123,  0.63308967,  0.39411691, ...,  0.        ,
          0.09180456,  0.02077079],
        [ 0.50565945,  0.55935222,  0.30807864, ..., -0.09180456,
          0.        , -0.07110168],
        [ 0.44303788,  0.61687487,  0.37494228, ..., -0.02077079,
          0.07110168,  0.        ]],

       [[ 0.        ,  0.08488201,  0.1514505 , ..., -0.96062379,
         -0.99976411, -0.98695367],
        [-0.08488201,  0.        ,  0.06700103, ..., -0.93357225,
         -0.99799955, -0.99705815],
        [-0.1514505 , -0.06700103,  0.        , ..., -0.90746197,
         -0.99152108, -0.99995322],
        ...,
        [ 0.96062379,  0.93357225,  0.90746197, ...,  0.        ,
          0.29865093,  0.42889214],
        [ 0.99976411,  0.99799955,  0.99152108, ..., -0.29865093,
          0.        ,  0.13953052],
        [ 0.98695367,  0.99705815,  0.99995322, ..., -0.42889214,
         -0.13953052,  0.        ]],

       ...,

       [[ 0.        , -0.07680816, -0.04667345, ..., -0.77112815,
         -0.50483065, -0.60260529],
        [ 0.07680816,  0.        ,  0.03018888, ..., -0.71994794,
         -0.43703711, -0.53952919],
        [ 0.04667345, -0.03018888,  0.        , ..., -0.74057172,
         -0.46399111, -0.56470132],
        ...,
        [ 0.77112815,  0.71994794,  0.74057172, ...,  0.        ,
          0.34423645,  0.23172392],
        [ 0.50483065,  0.43703711,  0.46399111, ..., -0.34423645,
          0.        , -0.11730523],
        [ 0.60260529,  0.53952919,  0.56470132, ..., -0.23172392,
          0.11730523,  0.        ]],

       [[ 0.        ,  0.11909628,  0.18446324, ..., -0.66309904,
         -0.67278387, -0.67891633],
        [-0.11909628,  0.        ,  0.06609784, ..., -0.74752691,
         -0.75610756, -0.76152664],
        [-0.18446324, -0.06609784,  0.        , ..., -0.78979645,
         -0.79771162, -0.80270153],
        ...,
        [ 0.66309904,  0.74752691,  0.78979645, ...,  0.        ,
         -0.01301346, -0.0213327 ],
        [ 0.67278387,  0.75610756,  0.79771162, ...,  0.01301346,
          0.        , -0.00832039],
        [ 0.67891633,  0.76152664,  0.80270153, ...,  0.0213327 ,
          0.00832039,  0.        ]],

       [[ 0.        ,  0.01213591,  0.06125759, ..., -0.9887333 ,
         -0.97563159, -0.9601158 ],
        [-0.01213591,  0.        ,  0.04913996, ..., -0.98684389,
         -0.97289694, -0.95665186],
        [-0.06125759, -0.04913996,  0.        , ..., -0.97770693,
         -0.9603585 , -0.94118491],
        ...,
        [ 0.9887333 ,  0.98684389,  0.97770693, ...,  0.        ,
         -0.07090283, -0.13273477],
        [ 0.97563159,  0.97289694,  0.9603585 , ...,  0.07090283,
          0.        , -0.06212525],
        [ 0.9601158 ,  0.95665186,  0.94118491, ...,  0.13273477,
          0.06212525,  0.        ]]]), 'num': array([9.99998518e-01, 4.22081843e-04, 4.38410717e-05, 2.78666416e-04,
       2.79888638e-04, 2.71333090e-04, 1.47418201e-03, 3.66666337e-06,
       2.63999763e-04, 2.72708088e-04, 2.96449734e-04, 5.77625052e-07,
       2.97295323e-04, 2.48120854e-04])}
{'img': array([[[ 0.        , -0.13518333, -0.26892347, ..., -0.92276037,
         -0.89675055, -0.86182981],
        [ 0.13518333,  0.        , -0.13625153, ..., -0.86219381,
         -0.82869538, -0.78535407],
        [ 0.26892347,  0.13625153,  0.        , ..., -0.78513112,
         -0.74470722, -0.69368399],
        ...,
        [ 0.92276037,  0.86219381,  0.78513112, ...,  0.        ,
          0.06277048,  0.13589482],
        [ 0.89675055,  0.82869538,  0.74470722, ..., -0.06277048,
          0.        ,  0.07343866],
        [ 0.86182981,  0.78535407,  0.69368399, ..., -0.13589482,
         -0.07343866,  0.        ]],

       [[ 0.        , -0.31344324, -0.37830945, ..., -0.61986415,
         -0.67978136, -0.71173494],
        [ 0.31344324,  0.        , -0.06909739, ..., -0.34266552,
         -0.41564117, -0.45569081],
        [ 0.37830945,  0.06909739,  0.        , ..., -0.27693246,
         -0.3518017 , -0.39309545],
        ...,
        [ 0.61986415,  0.34266552,  0.27693246, ...,  0.        ,
         -0.07881309, -0.1230825 ],
        [ 0.67978136,  0.41564117,  0.3518017 , ...,  0.07881309,
          0.        , -0.04448581],
        [ 0.71173494,  0.45569081,  0.39309545, ...,  0.1230825 ,
          0.04448581,  0.        ]],

       [[ 0.        ,  0.06700103,  0.11468045, ..., -0.99799955,
         -0.99705815, -0.95108088],
        [-0.06700103,  0.        ,  0.04786377, ..., -0.99152108,
         -0.99995322, -0.96964314],
        [-0.11468045, -0.04786377,  0.        , ..., -0.98416497,
         -0.99927012, -0.98023566],
        ...,
        [ 0.99799955,  0.99152108,  0.98416497, ...,  0.        ,
          0.13953052,  0.3684523 ],
        [ 0.99705815,  0.99995322,  0.99927012, ..., -0.13953052,
          0.        ,  0.23513393],
        [ 0.95108088,  0.96964314,  0.98023566, ..., -0.3684523 ,
         -0.23513393,  0.        ]],

       ...,

       [[ 0.        ,  0.03018888, -0.21918562, ..., -0.43703711,
         -0.53952919, -0.48727593],
        [-0.03018888,  0.        , -0.2485405 , ..., -0.46399111,
         -0.56470132, -0.51341622],
        [ 0.21918562,  0.2485405 ,  0.        , ..., -0.22926468,
         -0.34186252, -0.28402352],
        ...,
        [ 0.43703711,  0.46399111,  0.22926468, ...,  0.        ,
         -0.11730523, -0.05663535],
        [ 0.53952919,  0.56470132,  0.34186252, ...,  0.11730523,
          0.        ,  0.06087262],
        [ 0.48727593,  0.51341622,  0.28402352, ...,  0.05663535,
         -0.06087262,  0.        ]],

       [[ 0.        ,  0.06609784,  0.09810384, ..., -0.75610756,
         -0.76152664, -0.75542659],
        [-0.06609784,  0.        ,  0.0321103 , ..., -0.79771162,
         -0.80270153, -0.79708408],
        [-0.09810384, -0.0321103 ,  0.        , ..., -0.81666403,
         -0.82143757, -0.81606345],
        ...,
        [ 0.75610756,  0.79771162,  0.81666403, ...,  0.        ,
         -0.00832039,  0.0010399 ],
        [ 0.76152664,  0.80270153,  0.82143757, ...,  0.00832039,
          0.        ,  0.00936026],
        [ 0.75542659,  0.79708408,  0.81606345, ..., -0.0010399 ,
         -0.00936026,  0.        ]],

       [[ 0.        ,  0.04913996,  0.1041299 , ..., -0.97289694,
         -0.95665186, -0.96877204],
        [-0.04913996,  0.        ,  0.05513128, ..., -0.9603585 ,
         -0.94118491, -0.95541727],
        [-0.1041299 , -0.05513128,  0.        , ..., -0.94352907,
         -0.92112505, -0.93768618],
        ...,
        [ 0.97289694,  0.9603585 ,  0.94352907, ...,  0.        ,
         -0.06212525, -0.01721475],
        [ 0.95665186,  0.94118491,  0.92112505, ...,  0.06212525,
          0.        ,  0.04493455],
        [ 0.96877204,  0.95541727,  0.93768618, ...,  0.01721475,
         -0.04493455,  0.        ]]]), 'num': array([9.99999601e-01, 4.22082300e-04, 4.38411192e-05, 2.78666718e-04,
       2.78666718e-04, 2.78666718e-04, 0.00000000e+00, 0.00000000e+00,
       2.71577828e-04, 2.72738939e-04, 2.95604684e-04, 5.77625678e-07,
       2.97354208e-04, 2.48123671e-04])}
{'img': array([[[ 0.        , -0.13625153, -0.02829695, ..., -0.82869538,
         -0.78535407, -0.78535407],
        [ 0.13625153,  0.        ,  0.10816391, ..., -0.74470722,
         -0.69368399, -0.69368399],
        [ 0.02829695, -0.10816391,  0.        , ..., -0.81252573,
         -0.76752245, -0.76752245],
        ...,
        [ 0.82869538,  0.74470722,  0.81252573, ...,  0.        ,
          0.07343866,  0.07343866],
        [ 0.78535407,  0.69368399,  0.76752245, ..., -0.07343866,
          0.        ,  0.        ],
        [ 0.78535407,  0.69368399,  0.76752245, ..., -0.07343866,
          0.        ,  0.        ]],

       [[ 0.        , -0.06403252, -0.2206285 , ..., -0.37142606,
         -0.40444288, -0.83801074],
        [ 0.06403252,  0.        , -0.1577211 , ..., -0.31121203,
         -0.3450511 , -0.8013514 ],
        [ 0.2206285 ,  0.1577211 ,  0.        , ..., -0.15742806,
         -0.19269785, -0.69697364],
        ...,
        [ 0.37142606,  0.31121203,  0.15742806, ...,  0.        ,
         -0.03581744, -0.57539156],
        [ 0.40444288,  0.3450511 ,  0.19269785, ...,  0.03581744,
          0.        , -0.54572806],
        [ 0.83801074,  0.8013514 ,  0.69697364, ...,  0.57539156,
          0.54572806,  0.        ]],

       [[ 0.        ,  0.04786377,  0.14068751, ..., -0.99995322,
         -0.96964314, -0.8868977 ],
        [-0.04786377,  0.        ,  0.09313855, ..., -0.99927012,
         -0.98023566, -0.90799263],
        [-0.14068751, -0.09313855,  0.        , ..., -0.99136856,
         -0.99440065, -0.94306949],
        ...,
        [ 0.99995322,  0.99927012,  0.99136856, ...,  0.        ,
          0.23513393,  0.45336561],
        [ 0.96964314,  0.98023566,  0.99440065, ..., -0.23513393,
          0.        ,  0.23107392],
        [ 0.8868977 ,  0.90799263,  0.94306949, ..., -0.45336561,
         -0.23107392,  0.        ]],

       ...,

       [[ 0.        , -0.2485405 ,  0.1751036 , ..., -0.56470132,
         -0.51341622, -0.51341622],
        [ 0.2485405 ,  0.        ,  0.41430967, ..., -0.34186252,
         -0.28402352, -0.28402352],
        [-0.1751036 , -0.41430967,  0.        , ..., -0.70048888,
         -0.6557473 , -0.6557473 ],
        ...,
        [ 0.56470132,  0.34186252,  0.70048888, ...,  0.        ,
          0.06087262,  0.06087262],
        [ 0.51341622,  0.28402352,  0.6557473 , ..., -0.06087262,
          0.        ,  0.        ],
        [ 0.51341622,  0.28402352,  0.6557473 , ..., -0.06087262,
          0.        ,  0.        ]],

       [[ 0.        ,  0.0321103 ,  0.08849093, ..., -0.80270153,
         -0.79708408, -0.7955722 ],
        [-0.0321103 ,  0.        ,  0.05646096, ..., -0.82143757,
         -0.81606345, -0.81461626],
        [-0.08849093, -0.05646096,  0.        , ..., -0.85232682,
         -0.84739398, -0.84606417],
        ...,
        [ 0.80270153,  0.82143757,  0.85232682, ...,  0.        ,
          0.00936026,  0.01185966],
        [ 0.79708408,  0.81606345,  0.84739398, ..., -0.00936026,
          0.        ,  0.00249954],
        [ 0.7955722 ,  0.81461626,  0.84606417, ..., -0.01185966,
         -0.00249954,  0.        ]],

       [[ 0.        ,  0.05513128,  0.04521959, ..., -0.94118491,
         -0.95541727, -0.9560352 ],
        [-0.05513128,  0.        , -0.00992407, ..., -0.92112505,
         -0.93768618, -0.93841382],
        [-0.04521959,  0.00992407,  0.        , ..., -0.9249428 ,
         -0.94108846, -0.94179651],
        ...,
        [ 0.94118491,  0.92112505,  0.9249428 , ...,  0.        ,
          0.04493455,  0.04703231],
        [ 0.95541727,  0.93768618,  0.94108846, ..., -0.04493455,
          0.        ,  0.00209998],
        [ 0.9560352 ,  0.93841382,  0.94179651, ..., -0.04703231,
         -0.00209998,  0.        ]]]), 'num': array([9.99999599e-01, 4.22082300e-04, 4.38411192e-05, 2.78666718e-04,
       2.78666718e-04, 2.78666718e-04, 0.00000000e+00, 0.00000000e+00,
       2.76588940e-04, 2.72922272e-04, 2.94850980e-04, 5.68672944e-07,
       2.97656504e-04, 2.48188041e-04])}
{'img': array([[[ 0.        ,  0.10816391,  0.62939077, ..., -0.69368399,
         -0.69368399, -0.69368399],
        [-0.10816391,  0.        ,  0.5416452 , ..., -0.76752245,
         -0.76752245, -0.76752245],
        [-0.62939077, -0.5416452 ,  0.        , ..., -0.99239143,
         -0.99239143, -0.99239143],
        ...,
        [ 0.69368399,  0.76752245,  0.99239143, ...,  0.        ,
          0.        ,  0.        ],
        [ 0.69368399,  0.76752245,  0.99239143, ...,  0.        ,
          0.        ,  0.        ],
        [ 0.69368399,  0.76752245,  0.99239143, ...,  0.        ,
          0.        ,  0.        ]],

       [[ 0.        , -0.1577211 ,  0.93975565, ..., -0.3450511 ,
         -0.8013514 , -0.8013514 ],
        [ 0.1577211 ,  0.        ,  0.98190986, ..., -0.19269785,
         -0.69697364, -0.69697364],
        [-0.93975565, -0.98190986,  0.        , ..., -0.99999418,
         -0.83609561, -0.83609561],
        ...,
        [ 0.3450511 ,  0.19269785,  0.99999418, ...,  0.        ,
         -0.54572806, -0.54572806],
        [ 0.8013514 ,  0.69697364,  0.83609561, ...,  0.54572806,
          0.        ,  0.        ],
        [ 0.8013514 ,  0.69697364,  0.83609561, ...,  0.54572806,
          0.        ,  0.        ]],

       [[ 0.        ,  0.09313855,  0.17128264, ..., -0.98023566,
         -0.90799263, -0.84461691],
        [-0.09313855,  0.        ,  0.07877596, ..., -0.99440065,
         -0.94306949, -0.89080919],
        [-0.17128264, -0.07877596,  0.        , ..., -0.9996351 ,
         -0.9663393 , -0.92383489],
        ...,
        [ 0.98023566,  0.99440065,  0.9996351 , ...,  0.        ,
          0.23107392,  0.35769649],
        [ 0.90799263,  0.94306949,  0.9663393 , ..., -0.23107392,
          0.        ,  0.13223028],
        [ 0.84461691,  0.89080919,  0.92383489, ..., -0.35769649,
         -0.13223028,  0.        ]],

       ...,

       [[ 0.        ,  0.41430967,  0.58825644, ..., -0.28402352,
         -0.28402352, -0.30677667],
        [-0.41430967,  0.        ,  0.20035171, ..., -0.6557473 ,
         -0.6557473 , -0.67354077],
        [-0.58825644, -0.20035171,  0.        , ..., -0.79371302,
         -0.79371302, -0.80797407],
        ...,
        [ 0.28402352,  0.6557473 ,  0.79371302, ...,  0.        ,
          0.        , -0.02381445],
        [ 0.28402352,  0.6557473 ,  0.79371302, ...,  0.        ,
          0.        , -0.02381445],
        [ 0.30677667,  0.67354077,  0.80797407, ...,  0.02381445,
          0.02381445,  0.        ]],

       [[ 0.        ,  0.05646096,  0.23343884, ..., -0.81606345,
         -0.81461626, -0.80713215],
        [-0.05646096,  0.        ,  0.17816543, ..., -0.84739398,
         -0.84606417, -0.83917752],
        [-0.23343884, -0.17816543,  0.        , ..., -0.92843568,
         -0.92750422, -0.92264776],
        ...,
        [ 0.81606345,  0.84739398,  0.92843568, ...,  0.        ,
          0.00249954,  0.01528807],
        [ 0.81461626,  0.84606417,  0.92750422, ..., -0.00249954,
          0.        ,  0.01278878],
        [ 0.80713215,  0.83917752,  0.92264776, ..., -0.01528807,
         -0.01278878,  0.        ]],

       [[ 0.        , -0.00992407, -0.12039926, ..., -0.93768618,
         -0.93841382, -0.95061296],
        [ 0.00992407,  0.        , -0.11054145, ..., -0.94108846,
         -0.94179651, -0.95364637],
        [ 0.12039926,  0.11054145,  0.        , ..., -0.97270176,
         -0.97318694, -0.98106715],
        ...,
        [ 0.93768618,  0.94108846,  0.97270176, ...,  0.        ,
          0.00209998,  0.03928417],
        [ 0.93841382,  0.94179651,  0.97318694, ..., -0.00209998,
          0.        ,  0.03718573],
        [ 0.95061296,  0.95364637,  0.98106715, ..., -0.03928417,
         -0.03718573,  0.        ]]]), 'num': array([9.99999599e-01, 4.22082300e-04, 4.38411192e-05, 2.78666718e-04,
       2.78666718e-04, 2.78666718e-04, 0.00000000e+00, 0.00000000e+00,
       2.77933384e-04, 2.73288939e-04, 2.94199128e-04, 5.59468021e-07,
       2.98135251e-04, 2.48442627e-04])}
{'img': array([[[ 0.        ,  0.5416452 ,  0.65466943, ..., -0.76752245,
         -0.76752245, -0.76752245],
        [-0.5416452 ,  0.        ,  0.14088196, ..., -0.99239143,
         -0.99239143, -0.99239143],
        [-0.65466943, -0.14088196,  0.        , ..., -0.99983951,
         -0.99983951, -0.99983951],
        ...,
        [ 0.76752245,  0.99239143,  0.99983951, ...,  0.        ,
          0.        ,  0.        ],
        [ 0.76752245,  0.99239143,  0.99983951, ...,  0.        ,
          0.        ,  0.        ],
        [ 0.76752245,  0.99239143,  0.99983951, ...,  0.        ,
          0.        ,  0.        ]],

       [[ 0.        ,  0.98190986,  0.7439136 , ..., -0.69697364,
         -0.69697364, -0.69697364],
