state_0,state_1,state_2,state_3,state_4,state_5,state_6,state_7,state_8,state_9,state_10,state_11,state_12,state_13,state_14,state_15,state_16,state_17,state_18,state_19,state_20,state_21,state_22,state_23,state_24,state_25,state_26,state_27,state_28,state_29,state_30,state_31,state_32,state_33,state_34,state_35,state_36,state_37,state_38,state_39,state_40,state_41,state_42,state_43,state_44,state_45,state_46,state_47,state_48,state_49,state_50,state_51,state_52,state_53,state_54,state_55,state_56,state_57,state_58,state_59,state_60,state_61,state_62,state_63,state_64,state_65,state_66,state_67,state_68,state_69,state_70,state_71,state_72,state_73,state_74,state_75,state_76,state_77,state_78,state_79,state_80,state_81,state_82,state_83,state_84,state_85,state_86,state_87,state_88,state_89,state_90,state_91,state_92,state_93,state_94,state_95,state_96,state_97,state_98,state_99,state_100,state_101,state_102,state_103,state_104,state_105,state_106,state_107,state_108,state_109,state_110,state_111,state_112,state_113,state_114,state_115,state_116,state_117,state_118,state_119,state_120,state_121,state_122,state_123,state_124,state_125,state_126,state_127,state_128,state_129,state_130,state_131,state_132,state_133,state_134,state_135,state_136,state_137,state_138,state_139,state_140,state_141,state_142,state_143,state_144,state_145,state_146,state_147,state_148,state_149,state_150,state_151,state_152,state_153,state_154,state_155,state_156,state_157,state_158,state_159,state_160,state_161,state_162,state_163,state_164,state_165,state_166,state_167,state_168,state_169,state_170,state_171,state_172,state_173,state_174,state_175,state_176,state_177,state_178,state_179,state_180,state_181,state_182,state_183,state_184,state_185,state_186,state_187,state_188,state_189,state_190,state_191,state_192,state_193,state_194,state_195,state_196,state_197,state_198,state_199,state_200,state_201,state_202,state_203,state_204,state_205,state_206,state_207,state_208,state_209,state_210,state_211,state_212,state_213,state_214,state_215,state_216,state_217,state_218,state_219,state_220,state_221,state_222,state_223,state_224,state_225,state_226,state_227,state_228,state_229,state_230,state_231,state_232,state_233,state_234,state_235,state_236,state_237,state_238,state_239,state_240,state_241,state_242,state_243,state_244,state_245,state_246,state_247,state_248,state_249,state_250,state_251,state_252,state_253,state_254,state_255,state_256,state_257,state_258,state_259,state_260,state_261,state_262,state_263,state_264,state_265,state_266,state_267,state_268,state_269,state_270,state_271,state_272,state_273,state_274,state_275,state_276,state_277,state_278,state_279,state_280,state_281,state_282,state_283,state_284,state_285,state_286,state_287
{'img': array([[[ 0.        ,  0.18721034, -0.09029932, ...,  0.59903263,
          0.54345976,  0.59903263],
        [-0.18721034,  0.        , -0.27514834, ...,  0.43853771,
          0.37670035,  0.43853771],
        [ 0.09029932,  0.27514834,  0.        , ...,  0.66889027,
          0.61703998,  0.66889027],
        ...,
        [-0.59903263, -0.43853771, -0.66889027, ...,  0.        ,
         -0.06768748,  0.        ],
        [-0.54345976, -0.37670035, -0.61703998, ...,  0.06768748,
          0.        ,  0.06768748],
        [-0.59903263, -0.43853771, -0.66889027, ...,  0.        ,
         -0.06768748,  0.        ]],

       [[ 0.        , -0.07206963,  0.40657812, ...,  0.52298971,
          0.53011007,  0.01791536],
        [ 0.07206963,  0.        ,  0.47136482, ...,  0.58305748,
          0.58984149,  0.08992683],
        [-0.40657812, -0.47136482,  0.        , ...,  0.13126939,
          0.13956774, -0.39014511],
        ...,
        [-0.52298971, -0.58305748, -0.13126939, ...,  0.        ,
          0.00837543, -0.50763581],
        [-0.53011007, -0.58984149, -0.13956774, ..., -0.00837543,
          0.        , -0.51483404],
        [-0.01791536, -0.08992683,  0.39014511, ...,  0.50763581,
          0.51483404,  0.        ]],

       [[ 0.        ,  0.02660722, -0.12831255, ..., -0.01317942,
          0.20866461,  0.34643159],
        [-0.02660722,  0.        , -0.1546544 , ..., -0.03977967,
          0.18256921,  0.32134937],
        [ 0.12831255,  0.1546544 ,  0.        , ...,  0.11523093,
          0.33242778,  0.46393473],
        ...,
        [ 0.01317942,  0.03977967, -0.11523093, ...,  0.        ,
          0.22153579,  0.35876479],
        [-0.20866461, -0.18256921, -0.33242778, ..., -0.22153579,
          0.        ,  0.14306258],
        [-0.34643159, -0.32134937, -0.46393473, ..., -0.35876479,
         -0.14306258,  0.        ]],

       ...,

       [[ 0.        ,  0.37898385,  0.32833144, ...,  0.50979266,
          0.4074525 ,  0.56682241],
        [-0.37898385,  0.        , -0.05413498, ...,  0.14572502,
          0.03095982,  0.21231725],
        [-0.32833144,  0.05413498,  0.        , ...,  0.19906843,
          0.08502345,  0.26490666],
        ...,
        [-0.50979266, -0.14572502, -0.19906843, ...,  0.        ,
         -0.11502583,  0.06764819],
        [-0.4074525 , -0.03095982, -0.08502345, ...,  0.11502583,
          0.        ,  0.18196151],
        [-0.56682241, -0.21231725, -0.26490666, ..., -0.06764819,
         -0.18196151,  0.        ]],

       [[ 0.        , -0.02236513, -0.06745319, ..., -0.3795653 ,
         -0.28759687, -0.10347401],
        [ 0.02236513,  0.        , -0.04512213, ..., -0.35877893,
         -0.26610469, -0.08120305],
        [ 0.06745319,  0.04512213,  0.        , ..., -0.31629549,
         -0.22233844, -0.03614722],
        ...,
        [ 0.3795653 ,  0.35877893,  0.31629549, ...,  0.        ,
          0.09745472,  0.28179733],
        [ 0.28759687,  0.26610469,  0.22233844, ..., -0.09745472,
          0.        ,  0.1869507 ],
        [ 0.10347401,  0.08120305,  0.03614722, ..., -0.28179733,
         -0.1869507 ,  0.        ]],

       [[ 0.        ,  0.00674869,  0.0100174 , ...,  0.94593844,
          0.98375808,  0.9997828 ],
        [-0.00674869,  0.        ,  0.00326882, ...,  0.94810581,
          0.98494706,  0.99990068],
        [-0.0100174 , -0.00326882,  0.        , ...,  0.94914009,
          0.98550684,  0.99994141],
        ...,
        [-0.94593844, -0.94810581, -0.94914009, ...,  0.        ,
         -0.1492828 , -0.30456126],
        [-0.98375808, -0.98494706, -0.98550684, ...,  0.1492828 ,
          0.        , -0.15895773],
        [-0.9997828 , -0.99990068, -0.99994141, ...,  0.30456126,
          0.15895773,  0.        ]]]), 'num': array([ 7.07097461e-01,  7.07097461e-01,  0.00000000e+00,  1.29468549e-03,
        1.32788256e-03,  1.27808696e-03,  3.66262099e-03, -1.10656880e-05,
        1.29579206e-03,  1.24848624e-03,  1.22937949e-03,  6.80965413e-07,
        1.31130535e-03,  1.18566714e-03])}
{'img': array([[[ 0.        , -0.27514834, -0.76283207, ...,  0.37670035,
          0.43853771,  0.3175441 ],
        [ 0.27514834,  0.        , -0.55547811, ...,  0.61703998,
          0.66889027,  0.5661951 ],
        [ 0.76283207,  0.55547811,  0.        , ...,  0.95021136,
          0.96912395,  0.92867351],
        ...,
        [-0.37670035, -0.61703998, -0.95021136, ...,  0.        ,
          0.06768748, -0.06305139],
        [-0.43853771, -0.66889027, -0.96912395, ..., -0.06768748,
          0.        , -0.13045959],
        [-0.3175441 , -0.5661951 , -0.92867351, ...,  0.06305139,
          0.13045959,  0.        ]],

       [[ 0.        ,  0.47136482,  0.51154446, ...,  0.58984149,
          0.08992683,  0.33071758],
        [-0.47136482,  0.        ,  0.04612723, ...,  0.13956774,
         -0.39014511, -0.15316851],
        [-0.51154446, -0.04612723,  0.        , ...,  0.09374342,
         -0.43220163, -0.19858841],
        ...,
        [-0.58984149, -0.13956774, -0.09374342, ...,  0.        ,
         -0.51483404, -0.28959023],
        [-0.08992683,  0.39014511,  0.43220163, ...,  0.51483404,
          0.        ,  0.24451101],
        [-0.33071758,  0.15316851,  0.19858841, ...,  0.28959023,
         -0.24451101,  0.        ]],

       [[ 0.        , -0.1546544 , -0.42176584, ...,  0.18256921,
          0.32134937,  0.4220422 ],
        [ 0.1546544 ,  0.        , -0.27646553, ...,  0.33242778,
          0.46393473,  0.55717045],
        [ 0.42176584,  0.27646553,  0.        , ...,  0.5802136 ,
          0.69076469,  0.76503055],
        ...,
        [-0.18256921, -0.33242778, -0.5802136 , ...,  0.        ,
          0.14306258,  0.24943604],
        [-0.32134937, -0.46393473, -0.69076469, ..., -0.14306258,
          0.        ,  0.1083297 ],
        [-0.4220422 , -0.55717045, -0.76503055, ..., -0.24943604,
         -0.1083297 ,  0.        ]],

       ...,

       [[ 0.        , -0.05413498, -0.36288821, ...,  0.03095982,
          0.21231725, -0.12083761],
        [ 0.05413498,  0.        , -0.31191134, ...,  0.08502345,
          0.26490666, -0.06692213],
        [ 0.36288821,  0.31191134,  0.        , ...,  0.39156363,
          0.55245881,  0.24762864],
        ...,
        [-0.03095982, -0.08502345, -0.39156363, ...,  0.        ,
          0.18196151, -0.15151264],
        [-0.21231725, -0.26490666, -0.55245881, ..., -0.18196151,
          0.        , -0.32884406],
        [ 0.12083761,  0.06692213, -0.24762864, ...,  0.15151264,
          0.32884406,  0.        ]],

       [[ 0.        , -0.04512213, -0.05861142, ..., -0.26610469,
         -0.08120305,  0.07940973],
        [ 0.04512213,  0.        , -0.01350717, ..., -0.22233844,
         -0.03614722,  0.12430848],
        [ 0.05861142,  0.01350717,  0.        , ..., -0.20914908,
         -0.02264558,  0.13769955],
        ...,
        [ 0.26610469,  0.22233844,  0.20914908, ...,  0.        ,
          0.1869507 ,  0.34181089],
        [ 0.08120305,  0.03614722,  0.02264558, ..., -0.1869507 ,
          0.        ,  0.1600941 ],
        [-0.07940973, -0.12430848, -0.13769955, ..., -0.34181089,
         -0.1600941 ,  0.        ]],

       [[ 0.        ,  0.00326882, -0.09564865, ...,  0.98494706,
          0.99990068,  1.        ],
        [-0.00326882,  0.        , -0.09890198, ...,  0.98550684,
          0.99994141,  0.99999466],
        [ 0.09564865,  0.09890198,  0.        , ...,  0.96389777,
          0.99396827,  0.99541506],
        ...,
        [-0.98494706, -0.98550684, -0.96389777, ...,  0.        ,
         -0.15895773, -0.17285524],
        [-0.99990068, -0.99994141, -0.99396827, ...,  0.15895773,
          0.        , -0.01409248],
        [-1.        , -0.99999466, -0.99541506, ...,  0.17285524,
          0.01409248,  0.        ]]]), 'num': array([7.07095431e-01, 7.07095431e-01, 0.00000000e+00, 1.31128026e-03,
       1.31681309e-03, 1.27255046e-03, 4.37012641e-03, 1.65984843e-05,
       1.30353430e-03, 1.25290892e-03, 1.23020589e-03, 7.11363613e-07,
       1.32017091e-03, 1.18564694e-03])}
{'img': array([[[ 0.00000000e+00, -5.55478113e-01, -3.48448310e-01, ...,
          6.68890272e-01,  5.66195098e-01,  7.22017843e-01],
        [ 5.55478113e-01,  0.00000000e+00,  2.30919561e-01, ...,
          9.69123953e-01,  9.28673510e-01,  9.84701438e-01],
        [ 3.48448310e-01, -2.30919561e-01,  0.00000000e+00, ...,
          8.85992517e-01,  8.17926446e-01,  9.17850017e-01],
        ...,
        [-6.68890272e-01, -9.69123953e-01, -8.85992517e-01, ...,
          0.00000000e+00, -1.30459586e-01,  7.39319366e-02],
        [-5.66195098e-01, -9.28673510e-01, -8.17926446e-01, ...,
          1.30459586e-01,  0.00000000e+00,  2.03402643e-01],
        [-7.22017843e-01, -9.84701438e-01, -9.17850017e-01, ...,
         -7.39319366e-02, -2.03402643e-01,  0.00000000e+00]],

       [[ 0.00000000e+00,  4.61272288e-02, -4.13899113e-01, ...,
         -3.90145111e-01, -1.53168511e-01,  1.37984718e-02],
        [-4.61272288e-02,  0.00000000e+00, -4.55449214e-01, ...,
         -4.32201632e-01, -1.98588406e-01, -3.23390529e-02],
        [ 4.13899113e-01,  4.55449214e-01,  0.00000000e+00, ...,
          2.59410353e-02,  2.69582357e-01,  4.26420771e-01],
        ...,
        [ 3.90145111e-01,  4.32201632e-01, -2.59410353e-02, ...,
          0.00000000e+00,  2.44511006e-01,  4.02812957e-01],
        [ 1.53168511e-01,  1.98588406e-01, -2.69582357e-01, ...,
         -2.44511006e-01,  0.00000000e+00,  1.66789580e-01],
        [-1.37984718e-02,  3.23390529e-02, -4.26420771e-01, ...,
         -4.02812957e-01, -1.66789580e-01,  0.00000000e+00]],

       [[ 0.00000000e+00, -2.76465531e-01, -4.00321945e-01, ...,
          4.63934734e-01,  5.57170449e-01,  6.74870415e-01],
        [ 2.76465531e-01,  0.00000000e+00, -1.31372950e-01, ...,
          6.90764686e-01,  7.65030547e-01,  8.52580494e-01],
        [ 4.00321945e-01,  1.31372950e-01,  0.00000000e+00, ...,
          7.79770943e-01,  8.43003430e-01,  9.13846161e-01],
        ...,
        [-4.63934734e-01, -6.90764686e-01, -7.79770943e-01, ...,
          0.00000000e+00,  1.08329696e-01,  2.55492776e-01],
        [-5.57170449e-01, -7.65030547e-01, -8.43003430e-01, ...,
         -1.08329696e-01,  0.00000000e+00,  1.49254869e-01],
        [-6.74870415e-01, -8.52580494e-01, -9.13846161e-01, ...,
         -2.55492776e-01, -1.49254869e-01,  0.00000000e+00]],

       ...,

       [[ 0.00000000e+00, -3.11911344e-01, -3.97781569e-01, ...,
          2.64906661e-01, -6.69221267e-02,  9.67612460e-02],
        [ 3.11911344e-01,  0.00000000e+00, -9.17642623e-02, ...,
          5.52458806e-01,  2.47628639e-01,  4.02381682e-01],
        [ 3.97781569e-01,  9.17642623e-02,  0.00000000e+00, ...,
          6.26617051e-01,  3.35490100e-01,  4.84691550e-01],
        ...,
        [-2.64906661e-01, -5.52458806e-01, -6.26617051e-01, ...,
          0.00000000e+00, -3.28844065e-01, -1.70359260e-01],
        [ 6.69221267e-02, -2.47628639e-01, -3.35490100e-01, ...,
          3.28844065e-01,  0.00000000e+00,  1.63152429e-01],
        [-9.67612460e-02, -4.02381682e-01, -4.84691550e-01, ...,
          1.70359260e-01, -1.63152429e-01,  0.00000000e+00]],

       [[ 0.00000000e+00, -1.35071682e-02, -6.34472184e-02, ...,
         -3.61472223e-02,  1.24308484e-01,  3.48935195e-01],
        [ 1.35071682e-02,  0.00000000e+00, -4.99614765e-02, ...,
         -2.26455838e-02,  1.37699545e-01,  3.61561563e-01],
        [ 6.34472184e-02,  4.99614765e-02,  0.00000000e+00, ...,
          2.73313614e-02,  1.87013124e-01,  4.07691520e-01],
        ...,
        [ 3.61472223e-02,  2.26455838e-02, -2.73313614e-02, ...,
          0.00000000e+00,  1.60094096e-01,  3.82582413e-01],
        [-1.24308484e-01, -1.37699545e-01, -1.87013124e-01, ...,
         -1.60094096e-01,  0.00000000e+00,  2.29733416e-01],
        [-3.48935195e-01, -3.61561563e-01, -4.07691520e-01, ...,
         -3.82582413e-01, -2.29733416e-01,  0.00000000e+00]],

       [[ 0.00000000e+00, -9.89019794e-02, -1.36796172e-01, ...,
          9.99941409e-01,  9.99994661e-01,  9.99992590e-01],
        [ 9.89019794e-02,  0.00000000e+00, -3.81532619e-02, ...,
          9.93968269e-01,  9.95415059e-01,  9.95470544e-01],
        [ 1.36796172e-01,  3.81532619e-02,  0.00000000e+00, ...,
          9.89060366e-01,  9.91040949e-01,  9.91118493e-01],
        ...,
        [-9.99941409e-01, -9.93968269e-01, -9.89060366e-01, ...,
          0.00000000e+00, -1.40924771e-02, -1.46742721e-02],
        [-9.99994661e-01, -9.95415059e-01, -9.91040949e-01, ...,
          1.40924771e-02,  0.00000000e+00, -5.81855159e-04],
        [-9.99992590e-01, -9.95470544e-01, -9.91118493e-01, ...,
          1.46742721e-02,  5.81855159e-04,  0.00000000e+00]]]), 'num': array([ 9.49204945e-01,  3.14602735e-01,  5.42395051e-06,  1.75304478e-03,
        1.79050300e-03,  1.75304478e-03,  3.34080890e-03, -2.24749331e-05,
        1.76203475e-03,  1.70060327e-03,  1.66724048e-03,  9.19429080e-07,
        1.79405384e-03,  1.60715270e-03])}
{'img': array([[[ 0.00000000e+00,  2.30919561e-01,  3.58796062e-01, ...,
          9.28673510e-01,  9.84701438e-01,  9.28673510e-01],
        [-2.30919561e-01,  0.00000000e+00,  1.33554818e-01, ...,
          8.17926446e-01,  9.17850017e-01,  8.17926446e-01],
        [-3.58796062e-01, -1.33554818e-01,  0.00000000e+00, ...,
          7.33761860e-01,  8.56615826e-01,  7.33761860e-01],
        ...,
        [-9.28673510e-01, -8.17926446e-01, -7.33761860e-01, ...,
          0.00000000e+00,  2.03402643e-01,  0.00000000e+00],
        [-9.84701438e-01, -9.17850017e-01, -8.56615826e-01, ...,
         -2.03402643e-01,  0.00000000e+00, -2.03402643e-01],
        [-9.28673510e-01, -8.17926446e-01, -7.33761860e-01, ...,
          0.00000000e+00,  2.03402643e-01,  0.00000000e+00]],

       [[ 0.00000000e+00, -4.55449214e-01, -1.37086148e-01, ...,
         -1.98588406e-01, -3.23390529e-02, -5.01396770e-01],
        [ 4.55449214e-01,  0.00000000e+00,  3.29106820e-01, ...,
          2.69582357e-01,  4.26420771e-01, -5.23117554e-02],
        [ 1.37086148e-01, -3.29106820e-01,  0.00000000e+00, ...,
         -6.23577583e-02,  1.04980702e-01, -3.78053817e-01],
        ...,
        [ 1.98588406e-01, -2.69582357e-01,  6.23577583e-02, ...,
          0.00000000e+00,  1.66789580e-01, -3.19588280e-01],
        [ 3.23390529e-02, -4.26420771e-01, -1.04980702e-01, ...,
         -1.66789580e-01,  0.00000000e+00, -4.73154204e-01],
        [ 5.01396770e-01,  5.23117554e-02,  3.78053817e-01, ...,
          3.19588280e-01,  4.73154204e-01,  0.00000000e+00]],

       [[ 0.00000000e+00, -1.31372950e-01, -2.14689667e-01, ...,
          7.65030547e-01,  8.52580494e-01,  8.27432942e-01],
        [ 1.31372950e-01,  0.00000000e+00, -8.45193179e-02, ...,
          8.43003430e-01,  9.13846161e-01,  8.94035983e-01],
        [ 2.14689667e-01,  8.45193179e-02,  0.00000000e+00, ...,
          8.85450663e-01,  9.44896237e-01,  9.28701225e-01],
        ...,
        [-7.65030547e-01, -8.43003430e-01, -8.85450663e-01, ...,
          0.00000000e+00,  1.49254869e-01,  1.03247820e-01],
        [-8.52580494e-01, -9.13846161e-01, -9.44896237e-01, ...,
         -1.49254869e-01,  0.00000000e+00, -4.63658846e-02],
        [-8.27432942e-01, -8.94035983e-01, -9.28701225e-01, ...,
         -1.03247820e-01,  4.63658846e-02,  0.00000000e+00]],

       ...,

       [[ 0.00000000e+00, -9.17642623e-02, -1.76599285e-01, ...,
          2.47628639e-01,  4.02381682e-01,  2.38249697e-01],
        [ 9.17642623e-02,  0.00000000e+00, -8.55321819e-02, ...,
          3.35490100e-01,  4.84691550e-01,  3.26366276e-01],
        [ 1.76599285e-01,  8.55321819e-02,  0.00000000e+00, ...,
          4.14835722e-01,  5.57729082e-01,  4.06019006e-01],
        ...,
        [-2.47628639e-01, -3.35490100e-01, -4.14835722e-01, ...,
          0.00000000e+00,  1.63152429e-01, -9.66849250e-03],
        [-4.02381682e-01, -4.84691550e-01, -5.57729082e-01, ...,
         -1.63152429e-01,  0.00000000e+00, -1.72683747e-01],
        [-2.38249697e-01, -3.26366276e-01, -4.06019006e-01, ...,
          9.66849250e-03,  1.72683747e-01,  0.00000000e+00]],

       [[ 0.00000000e+00, -4.99614765e-02, -6.63023965e-02, ...,
          1.37699545e-01,  3.61561563e-01,  4.85373183e-01],
        [ 4.99614765e-02,  0.00000000e+00, -1.63680545e-02, ...,
          1.87013124e-01,  4.07691520e-01,  5.28448696e-01],
        [ 6.63023965e-02,  1.63680545e-02,  0.00000000e+00, ...,
          2.03067351e-01,  4.22582897e-01,  5.42273811e-01],
        ...,
        [-1.37699545e-01, -1.87013124e-01, -2.03067351e-01, ...,
          0.00000000e+00,  2.29733416e-01,  3.60357853e-01],
        [-3.61561563e-01, -4.07691520e-01, -4.22582897e-01, ...,
         -2.29733416e-01,  0.00000000e+00,  1.36420997e-01],
        [-4.85373183e-01, -5.28448696e-01, -5.42273811e-01, ...,
         -3.60357853e-01, -1.36420997e-01,  0.00000000e+00]],

       [[ 0.00000000e+00, -3.81532619e-02, -4.74071704e-02, ...,
          9.95415059e-01,  9.95470544e-01,  9.89967469e-01],
        [ 3.81532619e-02,  0.00000000e+00, -9.26228900e-03, ...,
          9.91040949e-01,  9.91118493e-01,  9.83855790e-01],
        [ 4.74071704e-02,  9.26228900e-03,  0.00000000e+00, ...,
          9.89761381e-01,  9.89844263e-01,  9.82155979e-01],
        ...,
        [-9.95415059e-01, -9.91040949e-01, -9.89761381e-01, ...,
          0.00000000e+00, -5.81855159e-04,  4.59575673e-02],
        [-9.95470544e-01, -9.91118493e-01, -9.89844263e-01, ...,
          5.81855159e-04,  0.00000000e+00,  4.65387999e-02],
        [-9.89967469e-01, -9.83855790e-01, -9.82155979e-01, ...,
         -4.59575673e-02, -4.65387999e-02,  0.00000000e+00]]]), 'num': array([ 7.69480307e-01,  6.38631556e-01,  1.14779606e-06,  1.39200799e-03,
        1.43474508e-03,  1.38590269e-03,  5.84826515e-03, -3.66317892e-05,
        1.42741872e-03,  1.38712375e-03,  1.36064711e-03,  7.32635785e-07,
        1.46284914e-03,  1.31139836e-03])}
{'img': array([[[ 0.        ,  0.13355482, -0.37540526, ...,  0.91785002,
          0.81792645,  0.59290307],
        [-0.13355482,  0.        , -0.49582889, ...,  0.85661583,
          0.73376186,  0.48004331],
        [ 0.37540526,  0.49582889,  0.        , ...,  0.9997278 ,
          0.97408314,  0.85184263],
        ...,
        [-0.91785002, -0.85661583, -0.9997278 , ...,  0.        ,
         -0.20340264, -0.50378114],
        [-0.81792645, -0.73376186, -0.97408314, ...,  0.20340264,
          0.        , -0.3175441 ],
        [-0.59290307, -0.48004331, -0.85184263, ...,  0.50378114,
          0.3175441 ,  0.        ]],

       [[ 0.        ,  0.32910682, -0.01824976, ...,  0.42642077,
         -0.05231176,  0.60447975],
        [-0.32910682,  0.        , -0.34628512, ...,  0.1049807 ,
         -0.37805382,  0.30863258],
        [ 0.01824976,  0.34628512,  0.        , ...,  0.44285712,
         -0.03407827,  0.61891721],
        ...,
        [-0.42642077, -0.1049807 , -0.44285712, ...,  0.        ,
         -0.4731542 ,  0.20707147],
        [ 0.05231176,  0.37805382,  0.03407827, ...,  0.4731542 ,
          0.        ,  0.64532472],
        [-0.60447975, -0.30863258, -0.61891721, ..., -0.20707147,
         -0.64532472,  0.        ]],

       [[ 0.        , -0.08451932, -0.3552415 , ...,  0.91384616,
          0.89403598,  0.82212871],
        [ 0.08451932,  0.        , -0.27496388, ...,  0.94489624,
          0.92870123,  0.86730399],
        [ 0.3552415 ,  0.27496388,  0.        , ...,  0.99848971,
          0.99486856,  0.97074458],
        ...,
        [-0.91384616, -0.94489624, -0.99848971, ...,  0.        ,
         -0.04636588, -0.18642008],
        [-0.89403598, -0.92870123, -0.99486856, ...,  0.04636588,
          0.        , -0.14066649],
        [-0.82212871, -0.86730399, -0.97074458, ...,  0.18642008,
          0.14066649,  0.        ]],

       ...,

       [[ 0.        , -0.08553218, -0.43557842, ...,  0.48469155,
          0.32636628,  0.25644284],
        [ 0.08553218,  0.        , -0.35699034, ...,  0.55772908,
          0.40601901,  0.33817501],
        [ 0.43557842,  0.35699034,  0.        , ...,  0.81728945,
          0.70550648,  0.65184963],
        ...,
        [-0.48469155, -0.55772908, -0.81728945, ...,  0.        ,
         -0.17268375, -0.24417643],
        [-0.32636628, -0.40601901, -0.70550648, ...,  0.17268375,
          0.        , -0.0730515 ],
        [-0.25644284, -0.33817501, -0.65184963, ...,  0.24417643,
          0.0730515 ,  0.        ]],

       [[ 0.        , -0.01636805,  0.0036666 , ...,  0.40769152,
          0.5284487 ,  0.54655259],
        [ 0.01636805,  0.        ,  0.02003406, ...,  0.4225829 ,
          0.54227381,  0.56018638],
        [-0.0036666 , -0.02003406,  0.        , ...,  0.40434073,
          0.52533232,  0.54347841],
        ...,
        [-0.40769152, -0.4225829 , -0.40434073, ...,  0.        ,
          0.136421  ,  0.15765696],
        [-0.5284487 , -0.54227381, -0.52533232, ..., -0.136421  ,
          0.        ,  0.02146811],
        [-0.54655259, -0.56018638, -0.54347841, ..., -0.15765696,
         -0.02146811,  0.        ]],

       [[ 0.        , -0.00926229, -0.13882035, ...,  0.99111849,
          0.98385579,  0.97128366],
        [ 0.00926229,  0.        , -0.12964179, ...,  0.98984426,
          0.98215598,  0.96903827],
        [ 0.13882035,  0.12964179,  0.        , ...,  0.9630615 ,
          0.94948597,  0.92885052],
        ...,
        [-0.99111849, -0.98984426, -0.9630615 , ...,  0.        ,
          0.0465388 ,  0.1066484 ],
        [-0.98385579, -0.98215598, -0.94948597, ..., -0.0465388 ,
          0.        ,  0.06025947],
        [-0.97128366, -0.96903827, -0.92885052, ..., -0.1066484 ,
         -0.06025947,  0.        ]]]), 'num': array([ 7.49470090e-01,  6.62017815e-01,  7.73913935e-07,  1.34541961e-03,
        1.34541961e-03,  1.30374732e-03,  3.53631043e-03, -1.19063682e-05,
        1.37994808e-03,  1.35315875e-03,  1.32793709e-03,  7.14382094e-07,
        1.42656419e-03,  1.27975331e-03])}
{'img': array([[[ 0.        , -0.49582889, -0.63476852, ...,  0.73376186,
          0.48004331,  0.39397651],
        [ 0.49582889,  0.        , -0.16811768, ...,  0.97408314,
          0.85184263,  0.79786367],
        [ 0.63476852,  0.16811768,  0.        , ...,  0.99824553,
          0.92777797,  0.88785534],
        ...,
        [-0.73376186, -0.97408314, -0.99824553, ...,  0.        ,
         -0.3175441 , -0.40674528],
        [-0.48004331, -0.85184263, -0.92777797, ...,  0.3175441 ,
          0.        , -0.09560381],
        [-0.39397651, -0.79786367, -0.88785534, ...,  0.40674528,
          0.09560381,  0.        ]],

       [[ 0.        , -0.34628512,  0.04584732, ..., -0.37805382,
          0.30863258, -0.15645603],
        [ 0.34628512,  0.        ,  0.38893171, ..., -0.03407827,
          0.61891721,  0.19524461],
        [-0.04584732, -0.38893171,  0.        , ..., -0.42010098,
          0.26469892, -0.20157422],
        ...,
        [ 0.37805382,  0.03407827,  0.42010098, ...,  0.        ,
          0.64532472,  0.22855363],
        [-0.30863258, -0.61891721, -0.26469892, ..., -0.64532472,
          0.        , -0.45364979],
        [ 0.15645603, -0.19524461,  0.20157422, ..., -0.22855363,
          0.45364979,  0.        ]],

       [[ 0.        , -0.27496388, -0.52712165, ...,  0.92870123,
          0.86730399,  0.77154252],
        [ 0.27496388,  0.        , -0.273142  , ...,  0.99486856,
          0.97074458,  0.91672898],
        [ 0.52712165,  0.273142  ,  0.        , ...,  0.98467278,
          0.99941613,  0.99099206],
        ...,
        [-0.92870123, -0.99486856, -0.98467278, ...,  0.        ,
         -0.14066649, -0.30470884],
        [-0.86730399, -0.97074458, -0.99941613, ...,  0.14066649,
          0.        , -0.16770196],
        [-0.77154252, -0.91672898, -0.99099206, ...,  0.30470884,
          0.16770196,  0.        ]],

       ...,

       [[ 0.        , -0.35699034, -0.31065423, ...,  0.40601901,
          0.33817501,  0.33817501],
        [ 0.35699034,  0.        ,  0.0491429 , ...,  0.70550648,
          0.65184963,  0.65184963],
        [ 0.31065423, -0.0491429 ,  0.        , ...,  0.66982631,
          0.61379461,  0.61379461],
        ...,
        [-0.40601901, -0.70550648, -0.66982631, ...,  0.        ,
         -0.0730515 , -0.0730515 ],
        [-0.33817501, -0.65184963, -0.61379461, ...,  0.0730515 ,
          0.        ,  0.        ],
        [-0.33817501, -0.65184963, -0.61379461, ...,  0.0730515 ,
          0.        ,  0.        ]],

       [[ 0.        ,  0.02003406,  0.06618124, ...,  0.54227381,
          0.56018638,  0.56396195],
        [-0.02003406,  0.        ,  0.04617782, ...,  0.52533232,
          0.54347841,  0.54730462],
        [-0.06618124, -0.04617782,  0.        , ...,  0.48547934,
          0.50413591,  0.50807301],
        ...,
        [-0.54227381, -0.52533232, -0.48547934, ...,  0.        ,
          0.02146811,  0.02603173],
        [-0.56018638, -0.54347841, -0.50413591, ..., -0.02146811,
          0.        ,  0.00456489],
        [-0.56396195, -0.54730462, -0.50807301, ..., -0.02603173,
         -0.00456489,  0.        ]],

       [[ 0.        , -0.12964179, -0.26003102, ...,  0.98215598,
          0.96903827,  0.95741347],
        [ 0.12964179,  0.        , -0.13265445, ...,  0.94948597,
          0.92885052,  0.91190353],
        [ 0.26003102,  0.13265445,  0.        , ...,  0.89946652,
          0.87149919,  0.84940245],
        ...,
        [-0.98215598, -0.94948597, -0.89946652, ...,  0.        ,
          0.06025947,  0.10350944],
        [-0.96903827, -0.92885052, -0.87149919, ..., -0.06025947,
          0.        ,  0.04338556],
        [-0.95741347, -0.91190353, -0.84940245, ..., -0.10350944,
         -0.04338556,  0.        ]]]), 'num': array([ 7.52284284e-01,  6.58818011e-01,  8.65428453e-07,  1.29814268e-03,
        1.35824188e-03,  1.29814268e-03,  3.56289682e-03, -6.00991981e-05,
        1.37146370e-03,  1.36395130e-03,  1.34049258e-03,  5.54761829e-07,
        1.44308850e-03,  1.28481410e-03])}
{'img': array([[[ 0.        , -0.16811768,  0.19862631, ...,  0.85184263,
          0.79786367,  0.45678729],
        [ 0.16811768,  0.        ,  0.36056724, ...,  0.92777797,
          0.88785534,  0.59983925],
        [-0.19862631, -0.36056724,  0.        , ...,  0.7308299 ,
          0.662227  ,  0.27099275],
        ...,
        [-0.85184263, -0.92777797, -0.7308299 , ...,  0.        ,
         -0.09560381, -0.51851454],
        [-0.79786367, -0.88785534, -0.662227  , ...,  0.09560381,
          0.        , -0.43439163],
        [-0.45678729, -0.59983925, -0.27099275, ...,  0.51851454,
          0.43439163,  0.        ]],

       [[ 0.        ,  0.38893171,  0.31023418, ...,  0.61891721,
          0.19524461,  0.19358011],
        [-0.38893171,  0.        , -0.0839335 , ...,  0.26469892,
         -0.20157422, -0.20323598],
        [-0.31023418,  0.0839335 ,  0.        , ...,  0.34470457,
         -0.11865231, -0.12033704],
        ...,
        [-0.61891721, -0.26469892, -0.34470457, ...,  0.        ,
         -0.45364979, -0.45516137],
        [-0.19524461,  0.20157422,  0.11865231, ...,  0.45364979,
          0.        , -0.00169688],
        [-0.19358011,  0.20323598,  0.12033704, ...,  0.45516137,
          0.00169688,  0.        ]],

       [[ 0.        , -0.273142  , -0.25763155, ...,  0.97074458,
          0.91672898,  0.78562634],
        [ 0.273142  ,  0.        ,  0.01608682, ...,  0.99941613,
          0.99099206,  0.9247452 ],
        [ 0.25763155, -0.01608682,  0.        , ...,  0.99983644,
          0.98870947,  0.9185031 ],
        ...,
        [-0.97074458, -0.99941613, -0.99983644, ...,  0.        ,
         -0.16770196, -0.41196064],
        [-0.91672898, -0.99099206, -0.98870947, ...,  0.16770196,
          0.        , -0.25331605],
        [-0.78562634, -0.9247452 , -0.9185031 , ...,  0.41196064,
          0.25331605,  0.        ]],

       ...,

       [[ 0.        ,  0.0491429 ,  0.13539885, ...,  0.65184963,
          0.65184963,  0.07454346],
        [-0.0491429 ,  0.        ,  0.08654491, ...,  0.61379461,
          0.61379461,  0.02544722],
        [-0.13539885, -0.08654491,  0.        , ...,  0.54316738,
          0.54316738, -0.06116514],
        ...,
        [-0.65184963, -0.61379461, -0.54316738, ...,  0.        ,
          0.        , -0.59350613],
        [-0.65184963, -0.61379461, -0.54316738, ...,  0.        ,
          0.        , -0.59350613],
        [-0.07454346, -0.02544722,  0.06116514, ...,  0.59350613,
          0.59350613,  0.        ]],

       [[ 0.        ,  0.04617782,  0.00848543, ...,  0.54347841,
          0.54730462,  0.61605298],
        [-0.04617782,  0.        , -0.03769979, ...,  0.50413591,
          0.50807301,  0.5790213 ],
        [-0.00848543,  0.03769979,  0.        , ...,  0.53633598,
          0.54018318,  0.60934679],
        ...,
        [-0.54347841, -0.50413591, -0.53633598, ...,  0.        ,
          0.00456489,  0.08902862],
        [-0.54730462, -0.50807301, -0.54018318, ..., -0.00456489,
          0.        ,  0.08448093],
        [-0.61605298, -0.5790213 , -0.60934679, ..., -0.08902862,
         -0.08448093,  0.        ]],

       [[ 0.        , -0.13265445, -0.0082838 , ...,  0.92885052,
          0.91190353,  0.98347666],
        [ 0.13265445,  0.        ,  0.1244393 , ...,  0.87149919,
          0.84940245,  0.95076994],
        [ 0.0082838 , -0.1244393 ,  0.        , ...,  0.92574988,
          0.90847253,  0.98194326],
        ...,
        [-0.92885052, -0.87149919, -0.92574988, ...,  0.        ,
          0.04338556, -0.19617915],
        [-0.91190353, -0.84940245, -0.90847253, ..., -0.04338556,
          0.        , -0.23853692],
        [-0.98347666, -0.95076994, -0.98194326, ...,  0.19617915,
          0.23853692,  0.        ]]]), 'num': array([9.01254684e-01, 4.33253759e-01, 4.16000823e-06, 1.58644382e-03,
       1.59349468e-03, 1.53708779e-03, 3.32228128e-03, 6.34577526e-05,
       1.59208450e-03, 1.60019300e-03, 1.57490391e-03, 7.29399455e-07,
       1.69303707e-03, 1.50734892e-03])}
{'img': array([[[ 0.        ,  0.36056724, -0.73189639, ...,  0.88785534,
          0.59983925,  0.86545097],
        [-0.36056724,  0.        , -0.92836034, ...,  0.662227  ,
          0.27099275,  0.62659298],
        [ 0.73189639,  0.92836034,  0.        , ...,  0.94176091,
          0.99434536,  0.95640751],
        ...,
        [-0.88785534, -0.662227  , -0.94176091, ...,  0.        ,
         -0.43439163, -0.04659624],
        [-0.59983925, -0.27099275, -0.99434536, ...,  0.43439163,
          0.        ,  0.39194944],
        [-0.86545097, -0.62659298, -0.95640751, ...,  0.04659624,
         -0.39194944,  0.        ]],

       [[ 0.        , -0.0839335 , -0.45484879, ..., -0.20157422,
         -0.20323598, -0.38107555],
        [ 0.0839335 ,  0.        , -0.37849524, ..., -0.11865231,
         -0.12033704, -0.30213066],
        [ 0.45484879,  0.37849524,  0.        , ...,  0.26599653,
          0.2643604 ,  0.08115372],
        ...,
        [ 0.20157422,  0.11865231, -0.26599653, ...,  0.        ,
         -0.00169688, -0.18688909],
        [ 0.20323598,  0.12033704, -0.2643604 , ...,  0.00169688,
          0.        , -0.18522184],
        [ 0.38107555,  0.30213066, -0.08115372, ...,  0.18688909,
          0.18522184,  0.        ]],

       [[ 0.        ,  0.01608682, -0.32989302, ...,  0.99099206,
          0.9247452 ,  0.85557768],
        [-0.01608682,  0.        , -0.34503659, ...,  0.98870947,
          0.9185031 ,  0.84713923],
        [ 0.32989302,  0.34503659,  0.        , ...,  0.97969415,
          0.99852934,  0.9784582 ],
        ...,
        [-0.99099206, -0.98870947, -0.97969415, ...,  0.        ,
         -0.25331605, -0.39843176],
        [-0.9247452 , -0.9185031 , -0.99852934, ...,  0.25331605,
          0.        , -0.15309537],
        [-0.85557768, -0.84713923, -0.9784582 , ...,  0.39843176,
          0.15309537,  0.        ]],

       ...,

       [[ 0.        ,  0.08654491, -0.49641611, ...,  0.61379461,
          0.02544722,  0.26570372],
        [-0.08654491,  0.        , -0.56968184, ...,  0.54316738,
         -0.06116514,  0.18127276],
        [ 0.49641611,  0.56968184,  0.        , ...,  0.92472923,
          0.5183457 ,  0.70922563],
        ...,
        [-0.61379461, -0.54316738, -0.92472923, ...,  0.        ,
         -0.59350613, -0.38196761],
        [-0.02544722,  0.06116514, -0.5183457 , ...,  0.59350613,
          0.        ,  0.24108516],
        [-0.26570372, -0.18127276, -0.70922563, ...,  0.38196761,
         -0.24108516,  0.        ]],

       [[ 0.        , -0.03769979,  0.01853007, ...,  0.50807301,
          0.5790213 ,  0.5790213 ],
        [ 0.03769979,  0.        ,  0.05621021, ...,  0.54018318,
          0.60934679,  0.60934679],
        [-0.01853007, -0.05621021,  0.        , ...,  0.49202557,
          0.56381409,  0.56381409],
        ...,
        [-0.50807301, -0.54018318, -0.49202557, ...,  0.        ,
          0.08448093,  0.08448093],
        [-0.5790213 , -0.60934679, -0.56381409, ..., -0.08448093,
          0.        ,  0.        ],
        [-0.5790213 , -0.60934679, -0.56381409, ..., -0.08448093,
          0.        ,  0.        ]],

       [[ 0.        ,  0.1244393 ,  0.02767396, ...,  0.84940245,
          0.95076994,  0.95076994],
        [-0.1244393 ,  0.        , -0.09693278, ...,  0.90847253,
          0.98194326,  0.98194326],
        [-0.02767396,  0.09693278,  0.        , ...,  0.86368194,
          0.95898189,  0.95898189],
        ...,
        [-0.84940245, -0.90847253, -0.86368194, ...,  0.        ,
         -0.23853692, -0.23853692],
        [-0.95076994, -0.98194326, -0.95898189, ...,  0.23853692,
          0.        ,  0.        ],
        [-0.95076994, -0.98194326, -0.95898189, ...,  0.23853692,
          0.        ,  0.        ]]]), 'num': array([7.34478268e-01, 6.78615722e-01, 4.94358820e-07, 1.29912899e-03,
       1.31637407e-03, 1.27038720e-03, 2.98428324e-03, 5.74835837e-06,
       1.28878195e-03, 1.30487735e-03, 1.28617602e-03, 6.47996762e-07,
       1.38044148e-03, 1.22931322e-03])}
{'img': array([[[ 0.        , -0.92836034, -0.14735755, ...,  0.27099275,
          0.62659298,  0.662227  ],
        [ 0.92836034,  0.        ,  0.86345564, ...,  0.99434536,
          0.95640751,  0.94176091],
        [ 0.14735755, -0.86345564,  0.        , ...,  0.40987803,
          0.73459526,  0.76541315],
        ...,
        [-0.27099275, -0.99434536, -0.40987803, ...,  0.        ,
          0.39194944,  0.43439163],
        [-0.62659298, -0.95640751, -0.73459526, ..., -0.39194944,
          0.        ,  0.04659624],
        [-0.662227  , -0.94176091, -0.76541315, ..., -0.43439163,
         -0.04659624,  0.        ]],

       [[ 0.        , -0.37849524, -0.3927178 , ..., -0.12033704,
         -0.30213066, -0.22821644],
        [ 0.37849524,  0.        , -0.01541431, ...,  0.2643604 ,
          0.08115372,  0.15726903],
        [ 0.3927178 ,  0.01541431,  0.        , ...,  0.27919492,
          0.09650754,  0.17247284],
        ...,
        [ 0.12033704, -0.2643604 , -0.27919492, ...,  0.        ,
         -0.18522184, -0.10939662],
        [ 0.30213066, -0.08115372, -0.09650754, ...,  0.18522184,
          0.        ,  0.07660647],
        [ 0.22821644, -0.15726903, -0.17247284, ...,  0.10939662,
         -0.07660647,  0.        ]],

       [[ 0.        , -0.34503659, -0.74890318, ...,  0.9185031 ,
          0.84713923,  0.79078723],
        [ 0.34503659,  0.        , -0.47426382, ...,  0.99852934,
          0.9784582 ,  0.95341822],
        [ 0.74890318,  0.47426382,  0.        , ...,  0.90479974,
          0.95932716,  0.98243543],
        ...,
        [-0.9185031 , -0.99852934, -0.90479974, ...,  0.        ,
         -0.15309537, -0.24951944],
        [-0.84713923, -0.9784582 , -0.95932716, ...,  0.15309537,
          0.        , -0.09832503],
        [-0.79078723, -0.95341822, -0.98243543, ...,  0.24951944,
          0.09832503,  0.        ]],

       ...,

       [[ 0.        , -0.56968184, -0.3262147 , ..., -0.06116514,
          0.18127276,  0.38386611],
        [ 0.56968184,  0.        ,  0.27041326, ...,  0.5183457 ,
          0.70922563,  0.84152405],
        [ 0.3262147 , -0.27041326,  0.        , ...,  0.26778477,
          0.49216661,  0.66408997],
        ...,
        [ 0.06116514, -0.5183457 , -0.26778477, ...,  0.        ,
          0.24108516,  0.43962658],
        [-0.18127276, -0.70922563, -0.49216661, ..., -0.24108516,
          0.        ,  0.21012132],
        [-0.38386611, -0.84152405, -0.66408997, ..., -0.43962658,
         -0.21012132,  0.        ]],

       [[ 0.        ,  0.05621021,  0.05621021, ...,  0.60934679,
          0.60934679,  0.61327917],
        [-0.05621021,  0.        ,  0.        , ...,  0.56381409,
          0.56381409,  0.567911  ],
        [-0.05621021,  0.        ,  0.        , ...,  0.56381409,
          0.56381409,  0.567911  ],
        ...,
        [-0.60934679, -0.56381409, -0.56381409, ...,  0.        ,
          0.        ,  0.00496896],
        [-0.60934679, -0.56381409, -0.56381409, ...,  0.        ,
          0.        ,  0.00496896],
