state_0,state_1,state_2,state_3,state_4,state_5,state_6,state_7,state_8,state_9,state_10,state_11,state_12,state_13,state_14,state_15,state_16,state_17,state_18,state_19,state_20,state_21,state_22,state_23,state_24,state_25,state_26,state_27,state_28,state_29,state_30,state_31,state_32,state_33,state_34,state_35,state_36,state_37,state_38,state_39,state_40,state_41,state_42,state_43,state_44,state_45,state_46,state_47,state_48,state_49,state_50,state_51,state_52,state_53,state_54,state_55,state_56,state_57,state_58,state_59,state_60,state_61,state_62,state_63,state_64,state_65,state_66,state_67,state_68,state_69,state_70,state_71,state_72,state_73,state_74,state_75,state_76,state_77,state_78,state_79,state_80,state_81,state_82,state_83,state_84,state_85,state_86,state_87,state_88,state_89,state_90,state_91,state_92,state_93,state_94,state_95,state_96,state_97,state_98,state_99,state_100,state_101,state_102,state_103,state_104,state_105,state_106,state_107,state_108,state_109,state_110,state_111,state_112,state_113,state_114,state_115,state_116,state_117,state_118,state_119,state_120,state_121,state_122,state_123,state_124,state_125,state_126,state_127,state_128,state_129,state_130,state_131,state_132,state_133,state_134,state_135,state_136,state_137,state_138,state_139,state_140,state_141,state_142,state_143,state_144,state_145,state_146,state_147,state_148,state_149,state_150,state_151,state_152,state_153,state_154,state_155,state_156,state_157,state_158,state_159,state_160,state_161,state_162,state_163,state_164,state_165,state_166,state_167,state_168,state_169,state_170,state_171,state_172,state_173,state_174,state_175,state_176,state_177,state_178,state_179,state_180,state_181,state_182,state_183,state_184,state_185,state_186,state_187,state_188,state_189,state_190,state_191,state_192,state_193,state_194,state_195,state_196,state_197,state_198,state_199,state_200,state_201,state_202,state_203,state_204,state_205,state_206,state_207,state_208,state_209,state_210,state_211,state_212,state_213,state_214,state_215,state_216,state_217,state_218,state_219,state_220,state_221,state_222,state_223,state_224,state_225,state_226,state_227,state_228,state_229,state_230,state_231,state_232,state_233,state_234,state_235,state_236,state_237,state_238,state_239,state_240,state_241,state_242,state_243,state_244,state_245,state_246,state_247,state_248,state_249,state_250,state_251,state_252,state_253,state_254,state_255,state_256,state_257,state_258,state_259,state_260,state_261,state_262,state_263,state_264,state_265,state_266,state_267,state_268,state_269,state_270,state_271,state_272,state_273,state_274,state_275,state_276,state_277,state_278,state_279,state_280,state_281,state_282,state_283,state_284,state_285,state_286,state_287
{'img': array([[[ 0.00000000e+00, -7.01566877e-02, -5.95486767e-03, ...,
          8.81710949e-01,  8.95971424e-01,  8.36549023e-01],
        [ 7.01566877e-02,  0.00000000e+00,  6.42152490e-02, ...,
          9.12637622e-01,  9.24921142e-01,  8.72926046e-01],
        [ 5.95486767e-03, -6.42152490e-02,  0.00000000e+00, ...,
          8.84504763e-01,  8.98600164e-01,  8.39796815e-01],
        ...,
        [-8.81710949e-01, -9.12637622e-01, -8.84504763e-01, ...,
          0.00000000e+00,  3.11322028e-02, -8.84069847e-02],
        [-8.95971424e-01, -9.24921142e-01, -8.98600164e-01, ...,
         -3.11322028e-02,  0.00000000e+00, -1.19374434e-01],
        [-8.36549023e-01, -8.72926046e-01, -8.39796815e-01, ...,
          8.84069847e-02,  1.19374434e-01,  0.00000000e+00]],

       [[ 0.00000000e+00,  4.54628375e-03, -2.12887566e-03, ...,
          3.74460852e-01,  3.33092829e-01,  2.54032823e-01],
        [-4.54628375e-03,  0.00000000e+00, -6.67512710e-03, ...,
          3.70241473e-01,  3.28802723e-01,  2.49633052e-01],
        [ 2.12887566e-03,  6.67512710e-03,  0.00000000e+00, ...,
          3.76433988e-01,  3.35099379e-01,  2.56091287e-01],
        ...,
        [-3.74460852e-01, -3.70241473e-01, -3.76433988e-01, ...,
          0.00000000e+00, -4.42190020e-02, -1.26626800e-01],
        [-3.33092829e-01, -3.28802723e-01, -3.35099379e-01, ...,
          4.42190020e-02,  0.00000000e+00, -8.26398839e-02],
        [-2.54032823e-01, -2.49633052e-01, -2.56091287e-01, ...,
          1.26626800e-01,  8.26398839e-02,  0.00000000e+00]],

       [[ 0.00000000e+00, -4.15460219e-02, -6.29869968e-02, ...,
          9.79352792e-01,  9.69651195e-01,  9.41169408e-01],
        [ 4.15460219e-02,  0.00000000e+00, -2.14690873e-02, ...,
          9.86906096e-01,  9.78971679e-01,  9.54396654e-01],
        [ 6.29869968e-02,  2.14690873e-02,  0.00000000e+00, ...,
          9.90141502e-01,  9.83125650e-01,  9.60586091e-01],
        ...,
        [-9.79352792e-01, -9.86906096e-01, -9.90141502e-01, ...,
          0.00000000e+00, -4.34210146e-02, -1.40692190e-01],
        [-9.69651195e-01, -9.78971679e-01, -9.83125650e-01, ...,
          4.34210146e-02,  0.00000000e+00, -9.75703759e-02],
        [-9.41169408e-01, -9.54396654e-01, -9.60586091e-01, ...,
          1.40692190e-01,  9.75703759e-02,  0.00000000e+00]],

       ...,

       [[ 0.00000000e+00, -8.28669024e-02,  1.07719555e-01, ...,
         -2.58005400e-02,  1.18933568e-01, -8.87556625e-01],
        [ 8.28669024e-02,  0.00000000e+00,  1.89733793e-01, ...,
          5.71275147e-02,  2.00803242e-01, -8.46327315e-01],
        [-1.07719555e-01, -1.89733793e-01,  0.00000000e+00, ...,
         -1.33334111e-01,  1.12865476e-02, -9.32018470e-01],
        ...,
        [ 2.58005400e-02, -5.71275147e-02,  1.33334111e-01, ...,
          0.00000000e+00,  1.44511390e-01, -8.75374894e-01],
        [-1.18933568e-01, -2.00803242e-01, -1.12865476e-02, ...,
         -1.44511390e-01,  0.00000000e+00, -9.36049471e-01],
        [ 8.87556625e-01,  8.46327315e-01,  9.32018470e-01, ...,
          8.75374894e-01,  9.36049471e-01,  0.00000000e+00]],

       [[ 0.00000000e+00,  5.89119949e-03,  6.59322478e-03, ...,
          6.95105140e-01,  6.54515639e-01,  4.64154423e-01],
        [-5.89119949e-03,  0.00000000e+00,  7.02038925e-04, ...,
          6.99328309e-01,  6.58958313e-01,  4.69364524e-01],
        [-6.59322478e-03, -7.02038925e-04,  0.00000000e+00, ...,
          6.99829955e-01,  6.59486210e-01,  4.69984312e-01],
        ...,
        [-6.95105140e-01, -6.99328309e-01, -6.99829955e-01, ...,
          0.00000000e+00,  5.49965847e-02,  2.82007993e-01],
        [-6.54515639e-01, -6.58958313e-01, -6.59486210e-01, ...,
         -5.49965847e-02,  0.00000000e+00,  2.28816800e-01],
        [-4.64154423e-01, -4.69364524e-01, -4.69984312e-01, ...,
         -2.82007993e-01, -2.28816800e-01,  0.00000000e+00]],

       [[ 0.00000000e+00, -9.72680923e-03, -1.23193752e-02, ...,
          9.54967229e-01,  9.28686460e-01,  8.70612414e-01],
        [ 9.72680923e-03,  0.00000000e+00, -2.59272132e-03, ...,
          9.57808107e-01,  9.32249868e-01,  8.75356522e-01],
        [ 1.23193752e-02,  2.59272132e-03,  0.00000000e+00, ...,
          9.58550058e-01,  9.33184820e-01,  8.76607104e-01],
        ...,
        [-9.54967229e-01, -9.57808107e-01, -9.58550058e-01, ...,
          0.00000000e+00, -7.86129489e-02, -2.11494251e-01],
        [-9.28686460e-01, -9.32249868e-01, -9.33184820e-01, ...,
          7.86129489e-02,  0.00000000e+00, -1.34005057e-01],
        [-8.70612414e-01, -8.75356522e-01, -8.76607104e-01, ...,
          2.11494251e-01,  1.34005057e-01,  0.00000000e+00]]]), 'num': array([7.06948300e-01, 7.06948300e-01, 0.00000000e+00, 6.12565150e-05,
       6.12565150e-05, 5.61980717e-05, 2.11700172e-02, 3.26948167e-06,
       6.03311900e-05, 7.00039207e-05, 5.46712854e-05, 3.06975225e-07,
       8.49497499e-05, 5.50580914e-05])}
{'img': array([[[ 0.00000000e+00,  6.42152490e-02,  1.36357359e-02, ...,
          9.24921142e-01,  8.72926046e-01,  9.31671414e-01],
        [-6.42152490e-02,  0.00000000e+00, -5.06016862e-02, ...,
          8.98600164e-01,  8.39796815e-01,  9.06418979e-01],
        [-1.36357359e-02,  5.06016862e-02,  0.00000000e+00, ...,
          9.19651403e-01,  8.66192661e-01,  9.26630905e-01],
        ...,
        [-9.24921142e-01, -8.98600164e-01, -9.19651403e-01, ...,
          0.00000000e+00, -1.19374434e-01,  1.81575487e-02],
        [-8.72926046e-01, -8.39796815e-01, -8.66192661e-01, ...,
          1.19374434e-01,  0.00000000e+00,  1.37382464e-01],
        [-9.31671414e-01, -9.06418979e-01, -9.26630905e-01, ...,
         -1.81575487e-02, -1.37382464e-01,  0.00000000e+00]],

       [[ 0.00000000e+00, -6.67512710e-03, -7.35482386e-03, ...,
          3.28802723e-01,  2.49633052e-01,  3.72753071e-01],
        [ 6.67512710e-03,  0.00000000e+00, -6.79713448e-04, ...,
          3.35099379e-01,  2.56091287e-01,  3.78938821e-01],
        [ 7.35482386e-03,  6.79713448e-04,  0.00000000e+00, ...,
          3.35739716e-01,  2.56748274e-01,  3.79567755e-01],
        ...,
        [-3.28802723e-01, -3.35099379e-01, -3.35739716e-01, ...,
          0.00000000e+00, -8.26398839e-02,  4.69213896e-02],
        [-2.49633052e-01, -2.56091287e-01, -2.56748274e-01, ...,
          8.26398839e-02,  0.00000000e+00,  1.29309757e-01],
        [-3.72753071e-01, -3.78938821e-01, -3.79567755e-01, ...,
         -4.69213896e-02, -1.29309757e-01,  0.00000000e+00]],

       [[ 0.00000000e+00, -2.14690873e-02, -6.13203915e-02, ...,
          9.78971679e-01,  9.54396654e-01,  9.39488870e-01],
        [ 2.14690873e-02,  0.00000000e+00, -3.98775725e-02, ...,
          9.83125650e-01,  9.60586091e-01,  9.46627198e-01],
        [ 6.13203915e-02,  3.98775725e-02,  0.00000000e+00, ...,
          9.89638512e-01,  9.70907289e-01,  9.58727983e-01],
        ...,
        [-9.78971679e-01, -9.83125650e-01, -9.89638512e-01, ...,
          0.00000000e+00, -9.75703759e-02, -1.43723389e-01],
        [-9.54396654e-01, -9.60586091e-01, -9.70907289e-01, ...,
          9.75703759e-02,  0.00000000e+00, -4.64802407e-02],
        [-9.39488870e-01, -9.46627198e-01, -9.58727983e-01, ...,
          1.43723389e-01,  4.64802407e-02,  0.00000000e+00]],

       ...,

       [[ 0.00000000e+00,  1.89733793e-01,  1.98032611e-01, ...,
          2.00803242e-01, -8.46327315e-01, -3.44321201e-01],
        [-1.89733793e-01,  0.00000000e+00,  8.45926499e-03, ...,
          1.12865476e-02, -9.32018470e-01, -5.16198737e-01],
        [-1.98032611e-01, -8.45926499e-03,  0.00000000e+00, ...,
          2.82741763e-03, -9.35050851e-01, -5.23425364e-01],
        ...,
        [-2.00803242e-01, -1.12865476e-02, -2.82741763e-03, ...,
          0.00000000e+00, -9.36049471e-01, -5.25832434e-01],
        [ 8.46327315e-01,  9.32018470e-01,  9.35050851e-01, ...,
          9.36049471e-01,  0.00000000e+00,  6.11168787e-01],
        [ 3.44321201e-01,  5.16198737e-01,  5.23425364e-01, ...,
          5.25832434e-01, -6.11168787e-01,  0.00000000e+00]],

       [[ 0.00000000e+00,  7.00709039e-04,  1.34987563e-04, ...,
          6.79809884e-01,  5.70531782e-01,  4.68579217e-01],
        [-7.00709039e-04,  0.00000000e+00, -5.65721503e-04, ...,
          6.80323609e-01,  5.71107117e-01,  4.69198124e-01],
        [-1.34987563e-04,  5.65721503e-04,  0.00000000e+00, ...,
          6.79908876e-01,  5.70642639e-01,  4.68698464e-01],
        ...,
        [-6.79809884e-01, -6.80323609e-01, -6.79908876e-01, ...,
          0.00000000e+00,  1.39889837e-01,  2.56908101e-01],
        [-5.70531782e-01, -5.71107117e-01, -5.70642639e-01, ...,
         -1.39889837e-01,  0.00000000e+00,  1.19187391e-01],
        [-4.68579217e-01, -4.69198124e-01, -4.68698464e-01, ...,
         -2.56908101e-01, -1.19187391e-01,  0.00000000e+00]],

       [[ 0.00000000e+00, -2.59272132e-03, -1.88152412e-03, ...,
          9.32249868e-01,  8.75356522e-01,  8.39590329e-01],
        [ 2.59272132e-03,  0.00000000e+00,  7.11198938e-04, ...,
          9.33184820e-01,  8.76607104e-01,  8.40995925e-01],
        [ 1.88152412e-03, -7.11198938e-04,  0.00000000e+00, ...,
          9.32928982e-01,  8.76264648e-01,  8.40610924e-01],
        ...,
        [-9.32249868e-01, -9.33184820e-01, -9.32928982e-01, ...,
          0.00000000e+00, -1.34005057e-01, -2.02640391e-01],
        [-8.75356522e-01, -8.76607104e-01, -8.76264648e-01, ...,
          1.34005057e-01,  0.00000000e+00, -6.95878223e-02],
        [-8.39590329e-01, -8.40995925e-01, -8.40610924e-01, ...,
          2.02640391e-01,  6.95878223e-02,  0.00000000e+00]]]), 'num': array([ 7.12996059e-01,  7.01068115e-01,  2.42684513e-06,  6.11689426e-05,
        6.34713341e-05,  6.06711282e-05,  1.18356863e-02, -6.22267981e-07,
        6.06835735e-05,  7.00269273e-05,  5.55135637e-05,  3.55905548e-07,
        8.56052804e-05,  5.44485742e-05])}
{'img': array([[[ 0.00000000e+00, -5.06016862e-02, -2.17716256e-01, ...,
          8.39796815e-01,  9.06418979e-01,  8.95158253e-01],
        [ 5.06016862e-02,  0.00000000e+00, -1.68049485e-01, ...,
          8.66192661e-01,  9.26630905e-01,  9.16567103e-01],
        [ 2.17716256e-01,  1.68049485e-01,  0.00000000e+00, ...,
          9.37850194e-01,  9.76634830e-01,  9.70731981e-01],
        ...,
        [-8.39796815e-01, -8.66192661e-01, -9.37850194e-01, ...,
          0.00000000e+00,  1.37382464e-01,  1.11644008e-01],
        [-9.06418979e-01, -9.26630905e-01, -9.76634830e-01, ...,
         -1.37382464e-01,  0.00000000e+00, -2.59381770e-02],
        [-8.95158253e-01, -9.16567103e-01, -9.70731981e-01, ...,
         -1.11644008e-01,  2.59381770e-02,  0.00000000e+00]],

       [[ 0.00000000e+00, -6.79713448e-04,  4.00387084e-02, ...,
          2.56091287e-01,  3.78938821e-01,  2.69045344e-01],
        [ 6.79713448e-04,  0.00000000e+00,  4.07178675e-02, ...,
          2.56748274e-01,  3.79567755e-01,  2.69699933e-01],
        [-4.00387084e-02, -4.07178675e-02,  0.00000000e+00, ...,
          2.17182413e-01,  3.41582270e-01,  2.30267223e-01],
        ...,
        [-2.56091287e-01, -2.56748274e-01, -2.17182413e-01, ...,
          0.00000000e+00,  1.29309757e-01,  1.34248187e-02],
        [-3.78938821e-01, -3.79567755e-01, -3.41582270e-01, ...,
         -1.29309757e-01,  0.00000000e+00, -1.15985997e-01],
        [-2.69045344e-01, -2.69699933e-01, -2.30267223e-01, ...,
         -1.34248187e-02,  1.15985997e-01,  0.00000000e+00]],

       [[ 0.00000000e+00, -3.98775725e-02, -8.59189272e-02, ...,
          9.60586091e-01,  9.46627198e-01,  9.43876572e-01],
        [ 3.98775725e-02,  0.00000000e+00, -4.61204745e-02, ...,
          9.70907289e-01,  9.58727983e-01,  9.56297285e-01],
        [ 8.59189272e-02,  4.61204745e-02,  0.00000000e+00, ...,
          9.80917943e-01,  9.70820985e-01,  9.68765123e-01],
        ...,
        [-9.60586091e-01, -9.70907289e-01, -9.80917943e-01, ...,
          0.00000000e+00, -4.64802407e-02, -5.48986995e-02],
        [-9.46627198e-01, -9.58727983e-01, -9.70820985e-01, ...,
          4.64802407e-02,  0.00000000e+00, -8.42922022e-03],
        [-9.43876572e-01, -9.56297285e-01, -9.68765123e-01, ...,
          5.48986995e-02,  8.42922022e-03,  0.00000000e+00]],

       ...,

       [[ 0.00000000e+00,  8.45926499e-03, -1.08655148e-01, ...,
         -9.32018470e-01, -5.16198737e-01, -3.96498811e-01],
        [-8.45926499e-03,  0.00000000e+00, -1.17060442e-01, ...,
         -9.35050851e-01, -5.23425364e-01, -4.04250528e-01],
        [ 1.08655148e-01,  1.17060442e-01,  0.00000000e+00, ...,
         -8.87122661e-01, -4.20082836e-01, -2.94402087e-01],
        ...,
        [ 9.32018470e-01,  9.35050851e-01,  8.87122661e-01, ...,
          0.00000000e+00,  6.11168787e-01,  7.11930353e-01],
        [ 5.16198737e-01,  5.23425364e-01,  4.20082836e-01, ...,
         -6.11168787e-01,  0.00000000e+00,  1.34299754e-01],
        [ 3.96498811e-01,  4.04250528e-01,  2.94402087e-01, ...,
         -7.11930353e-01, -1.34299754e-01,  0.00000000e+00]],

       [[ 0.00000000e+00, -5.65721503e-04,  1.77086643e-02, ...,
          5.71107117e-01,  4.69198124e-01,  5.43849239e-01],
        [ 5.65721503e-04,  0.00000000e+00,  1.82742943e-02, ...,
          5.70642639e-01,  4.68698464e-01,  5.43374408e-01],
        [-1.77086643e-02, -1.82742943e-02,  0.00000000e+00, ...,
          5.85554171e-01,  4.84762945e-01,  5.58624767e-01],
        ...,
        [-5.71107117e-01, -5.70642639e-01, -5.85554171e-01, ...,
          0.00000000e+00,  1.19187391e-01,  3.28308083e-02],
        [-4.69198124e-01, -4.68698464e-01, -4.84762945e-01, ...,
         -1.19187391e-01,  0.00000000e+00, -8.65263567e-02],
        [-5.43849239e-01, -5.43374408e-01, -5.58624767e-01, ...,
         -3.28308083e-02,  8.65263567e-02,  0.00000000e+00]],

       [[ 0.00000000e+00,  7.11198938e-04, -1.98797318e-02, ...,
          8.76607104e-01,  8.40995925e-01,  7.95317115e-01],
        [-7.11198938e-04,  0.00000000e+00, -2.05907851e-02, ...,
          8.76264648e-01,  8.40610924e-01,  7.94885790e-01],
        [ 1.98797318e-02,  2.05907851e-02,  0.00000000e+00, ...,
          8.86000130e-01,  8.51585485e-01,  8.07210910e-01],
        ...,
        [-8.76607104e-01, -8.76264648e-01, -8.86000130e-01, ...,
          0.00000000e+00, -6.95878223e-02, -1.48681615e-01],
        [-8.40995925e-01, -8.40610924e-01, -8.51585485e-01, ...,
          6.95878223e-02,  0.00000000e+00, -7.95068236e-02],
        [-7.95317115e-01, -7.94885790e-01, -8.07210910e-01, ...,
          1.48681615e-01,  7.95068236e-02,  0.00000000e+00]]]), 'num': array([8.11223324e-01, 5.83447137e-01, 4.47497420e-05, 7.13808170e-05,
       7.43258016e-05, 6.74541709e-05, 3.88086704e-02, 2.45415383e-06,
       6.89967818e-05, 7.79895026e-05, 6.29946228e-05, 3.76757090e-07,
       9.50946023e-05, 6.08844029e-05])}
{'img': array([[[ 0.        , -0.16804948, -0.21867575, ...,  0.9266309 ,
          0.9165671 ,  0.9490716 ],
        [ 0.16804948,  0.        , -0.05158359, ...,  0.97663483,
          0.97073198,  0.98852018],
        [ 0.21867575,  0.05158359,  0.        , ...,  0.98642022,
          0.98182822,  0.99499785],
        ...,
        [-0.9266309 , -0.97663483, -0.98642022, ...,  0.        ,
         -0.02593818,  0.06487986],
        [-0.9165671 , -0.97073198, -0.98182822, ...,  0.02593818,
          0.        ,  0.09074156],
        [-0.9490716 , -0.98852018, -0.99499785, ..., -0.06487986,
         -0.09074156,  0.        ]],

       [[ 0.        ,  0.04071787,  0.00750755, ...,  0.37956775,
          0.26969993,  0.49108213],
        [-0.04071787,  0.        , -0.0332154 , ...,  0.34158227,
          0.23026722,  0.45520499],
        [-0.00750755,  0.0332154 ,  0.        , ...,  0.37261135,
          0.26246298,  0.48452836],
        ...,
        [-0.37956775, -0.34158227, -0.37261135, ...,  0.        ,
         -0.115986  ,  0.12368496],
        [-0.26969993, -0.23026722, -0.26246298, ...,  0.115986  ,
          0.        ,  0.2379456 ],
        [-0.49108213, -0.45520499, -0.48452836, ..., -0.12368496,
         -0.2379456 ,  0.        ]],

       [[ 0.        , -0.04612047, -0.11238129, ...,  0.95872798,
          0.95629729,  0.96371322],
        [ 0.04612047,  0.        , -0.0664334 , ...,  0.97082099,
          0.96876512,  0.9749991 ],
        [ 0.11238129,  0.0664334 ,  0.        , ...,  0.98460739,
          0.98309915,  0.98760728],
        ...,
        [-0.95872798, -0.97082099, -0.98460739, ...,  0.        ,
         -0.00842922,  0.01808506],
        [-0.95629729, -0.96876512, -0.98309915, ...,  0.00842922,
          0.        ,  0.02651226],
        [-0.96371322, -0.9749991 , -0.98760728, ..., -0.01808506,
         -0.02651226,  0.        ]],

       ...,

       [[ 0.        , -0.11706044, -0.16830187, ..., -0.52342536,
         -0.40425053, -0.45858652],
        [ 0.11706044,  0.        , -0.05175413, ..., -0.42008284,
         -0.29440209, -0.35140791],
        [ 0.16830187,  0.05175413,  0.        , ..., -0.37255373,
         -0.24454707, -0.30248359],
        ...,
        [ 0.52342536,  0.42008284,  0.37255373, ...,  0.        ,
          0.13429975,  0.07439331],
        [ 0.40425053,  0.29440209,  0.24454707, ..., -0.13429975,
          0.        , -0.06020824],
        [ 0.45858652,  0.35140791,  0.30248359, ..., -0.07439331,
          0.06020824,  0.        ]],

       [[ 0.        ,  0.01827429,  0.03196682, ...,  0.46869846,
          0.54337441,  0.73532377],
        [-0.01827429,  0.        ,  0.01369653, ...,  0.48476294,
          0.55862477,  0.74758576],
        [-0.03196682, -0.01369653,  0.        , ...,  0.49669708,
          0.56993255,  0.75661239],
        ...,
        [-0.46869846, -0.48476294, -0.49669708, ...,  0.        ,
         -0.08652636, -0.33190986],
        [-0.54337441, -0.55862477, -0.56993255, ...,  0.08652636,
          0.        , -0.24904377],
        [-0.73532377, -0.74758576, -0.75661239, ...,  0.33190986,
          0.24904377,  0.        ]],

       [[ 0.        , -0.02059079, -0.04736006, ...,  0.84061092,
          0.79488579,  0.77687538],
        [ 0.02059079,  0.        , -0.02678234, ...,  0.85158549,
          0.80721091,  0.78967575],
        [ 0.04736006,  0.02678234,  0.        , ...,  0.86531973,
          0.82272998,  0.8058241 ],
        ...,
        [-0.84061092, -0.85158549, -0.86531973, ...,  0.        ,
         -0.07950682, -0.10850802],
        [-0.79488579, -0.80721091, -0.82272998, ...,  0.07950682,
          0.        , -0.02912714],
        [-0.77687538, -0.78967575, -0.8058241 , ...,  0.10850802,
          0.02912714,  0.        ]]]), 'num': array([ 7.77498491e-01,  6.28774206e-01,  2.95087865e-05,  6.78796367e-05,
        6.93611367e-05,  6.68021822e-05,  1.17921340e-02, -6.73409095e-07,
        6.65597549e-05,  7.42197834e-05,  6.09199537e-05,  3.77318715e-07,
        9.06271731e-05,  5.78123936e-05])}
{'img': array([[[ 0.        , -0.05158359,  0.06975712, ...,  0.97073198,
          0.98852018,  0.98425934],
        [ 0.05158359,  0.        ,  0.12112218, ...,  0.98182822,
          0.99499785,  0.99206535],
        [-0.06975712, -0.12112218,  0.        , ...,  0.95161404,
          0.97557263,  0.96953351],
        ...,
        [-0.97073198, -0.98182822, -0.95161404, ...,  0.        ,
          0.09074156,  0.06482743],
        [-0.98852018, -0.99499785, -0.97557263, ..., -0.09074156,
          0.        , -0.0259907 ],
        [-0.98425934, -0.99206535, -0.96953351, ..., -0.06482743,
          0.0259907 ,  0.        ]],

       [[ 0.        , -0.0332154 , -0.09402574, ...,  0.23026722,
          0.45520499,  0.21692833],
        [ 0.0332154 ,  0.        , -0.06090561, ...,  0.26246298,
          0.48452836,  0.24923309],
        [ 0.09402574,  0.06090561,  0.        , ...,  0.32074612,
          0.53690759,  0.30775405],
        ...,
        [-0.23026722, -0.26246298, -0.32074612, ...,  0.        ,
          0.2379456 , -0.01368508],
        [-0.45520499, -0.48452836, -0.53690759, ..., -0.2379456 ,
          0.        , -0.25121534],
        [-0.21692833, -0.24923309, -0.30775405, ...,  0.01368508,
          0.25121534,  0.        ]],

       [[ 0.        , -0.0664334 , -0.09239832, ...,  0.96876512,
          0.9749991 ,  0.97786525],
        [ 0.0664334 ,  0.        , -0.026045  , ...,  0.98309915,
          0.98760728,  0.98960524],
        [ 0.09239832,  0.026045  ,  0.        , ...,  0.98753381,
          0.9913599 ,  0.99301509],
        ...,
        [-0.96876512, -0.98309915, -0.98753381, ...,  0.        ,
          0.02651226,  0.03979094],
        [-0.9749991 , -0.98760728, -0.9913599 , ..., -0.02651226,
          0.        ,  0.01328568],
        [-0.97786525, -0.98960524, -0.99301509, ..., -0.03979094,
         -0.01328568,  0.        ]],

       ...,

       [[ 0.        , -0.05175413,  0.07385405, ..., -0.29440209,
         -0.35140791, -0.31328852],
        [ 0.05175413,  0.        ,  0.12536786, ..., -0.24454707,
         -0.30248359, -0.26371995],
        [-0.07385405, -0.12536786,  0.        , ..., -0.36417905,
         -0.41959205, -0.38256903],
        ...,
        [ 0.29440209,  0.24454707,  0.36417905, ...,  0.        ,
         -0.06020824, -0.0198228 ],
        [ 0.35140791,  0.30248359,  0.41959205, ...,  0.06020824,
          0.        ,  0.04040958],
        [ 0.31328852,  0.26371995,  0.38256903, ...,  0.0198228 ,
         -0.04040958,  0.        ]],

       [[ 0.        ,  0.01369653,  0.00666729, ...,  0.55862477,
          0.74758576,  0.79630784],
        [-0.01369653,  0.        , -0.00702956, ...,  0.56993255,
          0.75661239,  0.80451806],
        [-0.00666729,  0.00702956,  0.        , ...,  0.56414234,
          0.75199732,  0.80032313],
        ...,
        [-0.55862477, -0.56993255, -0.56414234, ...,  0.        ,
         -0.24904377, -0.32256663],
        [-0.74758576, -0.75661239, -0.75199732, ...,  0.24904377,
          0.        , -0.0766717 ],
        [-0.79630784, -0.80451806, -0.80032313, ...,  0.32256663,
          0.0766717 ,  0.        ]],

       [[ 0.        , -0.02678234, -0.0400082 , ...,  0.80721091,
          0.78967575,  0.76350359],
        [ 0.02678234,  0.        , -0.01323296, ...,  0.82272998,
          0.8058241 ,  0.78052584],
        [ 0.0400082 ,  0.01323296,  0.        , ...,  0.83017998,
          0.8135895 ,  0.78872973],
        ...,
        [-0.80721091, -0.82272998, -0.83017998, ...,  0.        ,
         -0.02912714, -0.07063169],
        [-0.78967575, -0.8058241 , -0.8135895 , ...,  0.02912714,
          0.        , -0.04154733],
        [-0.76350359, -0.78052584, -0.78872973, ...,  0.07063169,
          0.04154733,  0.        ]]]), 'num': array([8.49019825e-01, 5.25197656e-01, 6.19162848e-05, 7.58543381e-05,
       7.97703364e-05, 7.33887095e-05, 5.77296184e-02, 2.75570253e-06,
       7.32146652e-05, 7.97159476e-05, 6.61271916e-05, 5.11564525e-07,
       9.74733472e-05, 6.19585479e-05])}
{'img': array([[[ 0.        ,  0.12112218,  0.2315432 , ...,  0.99499785,
          0.99206535,  0.99963697],
        [-0.12112218,  0.        ,  0.11200785, ...,  0.97557263,
          0.96953351,  0.98901383],
        [-0.2315432 , -0.11200785,  0.        , ...,  0.9448281 ,
          0.93599524,  0.96623294],
        ...,
        [-0.99499785, -0.97557263, -0.9448281 , ...,  0.        ,
         -0.0259907 ,  0.07305161],
        [-0.99206535, -0.96953351, -0.93599524, ...,  0.0259907 ,
          0.        ,  0.09894819],
        [-0.99963697, -0.98901383, -0.96623294, ..., -0.07305161,
         -0.09894819,  0.        ]],

       [[ 0.        , -0.06090561,  0.00514352, ...,  0.48452836,
          0.24923309,  0.58422037],
        [ 0.06090561,  0.        ,  0.06603878, ...,  0.53690759,
          0.30775405,  0.63256648],
        [-0.00514352, -0.06603878,  0.        , ...,  0.48002253,
          0.24424859,  0.58003819],
        ...,
        [-0.48452836, -0.53690759, -0.48002253, ...,  0.        ,
         -0.25121534,  0.11782087],
        [-0.24923309, -0.30775405, -0.24424859, ...,  0.25121534,
          0.        ,  0.36350809],
        [-0.58422037, -0.63256648, -0.58003819, ..., -0.11782087,
         -0.36350809,  0.        ]],

       [[ 0.        , -0.026045  , -0.04146973, ...,  0.98760728,
          0.98960524,  0.99680646],
        [ 0.026045  ,  0.        , -0.01543307, ...,  0.9913599 ,
          0.99301509,  0.99854815],
        [ 0.04146973,  0.01543307,  0.        , ...,  0.99326619,
          0.99471773,  0.99926055],
        ...,
        [-0.98760728, -0.9913599 , -0.99326619, ...,  0.        ,
          0.01328568,  0.0775784 ],
        [-0.98960524, -0.99301509, -0.99471773, ..., -0.01328568,
          0.        ,  0.06432591],
        [-0.99680646, -0.99854815, -0.99926055, ..., -0.0775784 ,
         -0.06432591,  0.        ]],

       ...,

       [[ 0.        ,  0.12536786,  0.00699516, ..., -0.30248359,
         -0.26371995, -0.04126914],
        [-0.12536786,  0.        , -0.11842482, ..., -0.41959205,
         -0.38256903, -0.1662046 ],
        [-0.00699516,  0.11842482,  0.        , ..., -0.30914366,
         -0.27046102, -0.04825734],
        ...,
        [ 0.30248359,  0.41959205,  0.30914366, ...,  0.        ,
          0.04040958,  0.26289002],
        [ 0.26371995,  0.38256903,  0.27046102, ..., -0.04040958,
          0.        ,  0.22368709],
        [ 0.04126914,  0.1662046 ,  0.04825734, ..., -0.26289002,
         -0.22368709,  0.        ]],

       [[ 0.        , -0.00702956, -0.02037902, ...,  0.75661239,
          0.80451806,  0.81109817],
        [ 0.00702956,  0.        , -0.01335042, ...,  0.75199732,
          0.80032313,  0.80696647],
        [ 0.02037902,  0.01335042,  0.        , ...,  0.74313016,
          0.79224731,  0.79900983],
        ...,
        [-0.75661239, -0.75199732, -0.74313016, ...,  0.        ,
         -0.0766717 , -0.08779744],
        [-0.80451806, -0.80032313, -0.79224731, ...,  0.0766717 ,
          0.        , -0.01116338],
        [-0.81109817, -0.80696647, -0.79900983, ...,  0.08779744,
          0.01116338,  0.        ]],

       [[ 0.        , -0.01323296, -0.01658774, ...,  0.8058241 ,
          0.78052584,  0.76970574],
        [ 0.01323296,  0.        , -0.00335516, ...,  0.8135895 ,
          0.78872973,  0.77808625],
        [ 0.01658774,  0.00335516,  0.        , ...,  0.81553574,
          0.79078784,  0.78018944],
        ...,
        [-0.8058241 , -0.8135895 , -0.81553574, ...,  0.        ,
         -0.04154733, -0.05865207],
        [-0.78052584, -0.78872973, -0.79078784, ...,  0.04154733,
          0.        , -0.01712563],
        [-0.76970574, -0.77808625, -0.78018944, ...,  0.05865207,
          0.01712563,  0.        ]]]), 'num': array([ 8.39477447e-01,  5.43255666e-01,  5.70754877e-05,  7.46338577e-05,
        7.65032992e-05,  7.34834322e-05,  1.22820870e-02, -5.75212776e-07,
        7.32389667e-05,  7.78298837e-05,  6.60787660e-05,  5.86820209e-07,
        9.29947794e-05,  6.26649880e-05])}
{'img': array([[[ 0.        ,  0.11200785,  0.03350327, ...,  0.96953351,
          0.98901383,  0.98569921],
        [-0.11200785,  0.        , -0.07865252, ...,  0.93599524,
          0.96623294,  0.9606216 ],
        [-0.03350327,  0.07865252,  0.        , ...,  0.9607823 ,
          0.98350605,  0.97950006],
        ...,
        [-0.96953351, -0.93599524, -0.9607823 , ...,  0.        ,
          0.09894819,  0.07807537],
        [-0.98901383, -0.96623294, -0.98350605, ..., -0.09894819,
          0.        , -0.02095392],
        [-0.98569921, -0.9606216 , -0.97950006, ..., -0.07807537,
          0.02095392,  0.        ]],

       [[ 0.        ,  0.06603878,  0.05359538, ...,  0.30775405,
          0.63256648,  0.30394568],
        [-0.06603878,  0.        , -0.01246547, ...,  0.24424859,
          0.58003819,  0.24036775],
        [-0.05359538,  0.01246547,  0.        , ...,  0.25631754,
          0.59014736,  0.25244908],
        ...,
        [-0.30775405, -0.24424859, -0.25631754, ...,  0.        ,
          0.36350809, -0.00400004],
        [-0.63256648, -0.58003819, -0.59014736, ..., -0.36350809,
          0.        , -0.36723158],
        [-0.30394568, -0.24036775, -0.25244908, ...,  0.00400004,
          0.36723158,  0.        ]],

       [[ 0.        , -0.01543307, -0.04072852, ...,  0.99301509,
          0.99854815,  0.99965312],
        [ 0.01543307,  0.        , -0.02530341, ...,  0.99471773,
          0.99926055,  0.99994053],
        [ 0.04072852,  0.02530341,  0.        , ...,  0.99699659,
          0.9999135 ,  0.99989632],
        ...,
        [-0.99301509, -0.99471773, -0.99699659, ...,  0.        ,
          0.06432591,  0.09179357],
        [-0.99854815, -0.99926055, -0.9999135 , ..., -0.06432591,
          0.        ,  0.02754912],
        [-0.99965312, -0.99994053, -0.99989632, ..., -0.09179357,
         -0.02754912,  0.        ]],

       ...,

       [[ 0.        , -0.11842482, -0.20308269, ..., -0.38256903,
         -0.1662046 , -0.0155811 ],
        [ 0.11842482,  0.        , -0.08569656, ..., -0.27046102,
         -0.04825734,  0.10293899],
        [ 0.20308269,  0.08569656,  0.        , ..., -0.18696335,
          0.0375169 ,  0.18780162],
        ...,
        [ 0.38256903,  0.27046102,  0.18696335, ...,  0.        ,
          0.22368709,  0.3681268 ],
        [ 0.1662046 ,  0.04825734, -0.0375169 , ..., -0.22368709,
          0.        ,  0.15082004],
        [ 0.0155811 , -0.10293899, -0.18780162, ..., -0.3681268 ,
         -0.15082004,  0.        ]],

       [[ 0.        , -0.01335042, -0.0200596 , ...,  0.80032313,
          0.80696647,  0.93217675],
        [ 0.01335042,  0.        , -0.00671008, ...,  0.79224731,
          0.79900983,  0.92726078],
        [ 0.0200596 ,  0.00671008,  0.        , ...,  0.78813498,
          0.79495696,  0.92472754],
        ...,
        [-0.80032313, -0.79224731, -0.78813498, ...,  0.        ,
         -0.01116338, -0.26918447],
        [-0.80696647, -0.79900983, -0.79495696, ...,  0.01116338,
          0.        , -0.25841637],
        [-0.93217675, -0.92726078, -0.92472754, ...,  0.26918447,
          0.25841637,  0.        ]],

       [[ 0.        , -0.00335516, -0.01225248, ...,  0.78872973,
          0.77808625,  0.82164071],
        [ 0.00335516,  0.        , -0.00889751, ...,  0.79078784,
          0.78018944,  0.82354855],
        [ 0.01225248,  0.00889751,  0.        , ...,  0.79620262,
          0.78572433,  0.82856302],
        ...,
        [-0.78872973, -0.79078784, -0.79620262, ...,  0.        ,
         -0.01712563,  0.05551504],
        [-0.77808625, -0.78018944, -0.78572433, ...,  0.01712563,
          0.        ,  0.07260611],
        [-0.82164071, -0.82354855, -0.82856302, ..., -0.05551504,
         -0.07260611,  0.        ]]]), 'num': array([ 8.84841305e-01,  4.65686278e-01,  8.33310193e-05,  7.73919917e-05,
        8.21616771e-05,  7.70842701e-05,  1.38599672e-02, -2.46177310e-06,
        7.87151948e-05,  8.21039793e-05,  7.11952473e-05,  6.19528075e-07,
        9.63667921e-05,  6.78411665e-05])}
{'img': array([[[ 0.00000000e+00, -7.86525176e-02, -1.81053154e-01, ...,
          9.66232941e-01,  9.60621598e-01,  9.34154252e-01],
        [ 7.86525176e-02,  0.00000000e+00, -1.03139616e-01, ...,
          9.83506046e-01,  9.79500064e-01,  9.59329012e-01],
        [ 1.81053154e-01,  1.03139616e-01,  0.00000000e+00, ...,
          9.96916303e-01,  9.95053123e-01,  9.83328123e-01],
        ...,
        [-9.66232941e-01, -9.83506046e-01, -9.96916303e-01, ...,
          0.00000000e+00, -2.09539216e-02, -1.04115398e-01],
        [-9.60621598e-01, -9.79500064e-01, -9.95053123e-01, ...,
          2.09539216e-02,  0.00000000e+00, -8.32524965e-02],
        [-9.34154252e-01, -9.59329012e-01, -9.83328123e-01, ...,
          1.04115398e-01,  8.32524965e-02,  0.00000000e+00]],

       [[ 0.00000000e+00, -1.34986898e-02, -1.30856461e-02, ...,
          5.83046000e-01,  2.43497116e-01,  2.51894526e-01],
        [ 1.34986898e-02,  0.00000000e+00,  4.13080244e-04, ...,
          5.93959742e-01,  2.56567332e-01,  2.64934996e-01],
        [ 1.30856461e-02, -4.13080244e-04,  0.00000000e+00, ...,
          5.93627370e-01,  2.56168057e-01,  2.64536654e-01],
        ...,
        [-5.83046000e-01, -5.93959742e-01, -5.93627370e-01, ...,
          0.00000000e+00, -3.67670672e-01, -3.59596530e-01],
        [-2.43497116e-01, -2.56567332e-01, -2.56168057e-01, ...,
          3.67670672e-01,  0.00000000e+00,  8.66743236e-03],
        [-2.51894526e-01, -2.64934996e-01, -2.64536654e-01, ...,
          3.59596530e-01, -8.66743236e-03,  0.00000000e+00]],

       [[ 0.00000000e+00, -2.53034089e-02, -2.53034089e-02, ...,
          9.99260548e-01,  9.99940527e-01,  9.99994753e-01],
        [ 2.53034089e-02,  0.00000000e+00,  0.00000000e+00, ...,
          9.99913503e-01,  9.99896324e-01,  9.99592599e-01],
        [ 2.53034089e-02,  0.00000000e+00,  0.00000000e+00, ...,
          9.99913503e-01,  9.99896324e-01,  9.99592599e-01],
        ...,
        [-9.99260548e-01, -9.99913503e-01, -9.99913503e-01, ...,
          0.00000000e+00,  2.75491235e-02,  4.16863922e-02],
        [-9.99940527e-01, -9.99896324e-01, -9.99896324e-01, ...,
         -2.75491235e-02,  0.00000000e+00,  1.41453938e-02],
        [-9.99994753e-01, -9.99592599e-01, -9.99592599e-01, ...,
         -4.16863922e-02, -1.41453938e-02,  0.00000000e+00]],

       ...,

       [[ 0.00000000e+00, -8.56965573e-02, -3.23377399e-01, ...,
         -4.82573356e-02,  1.02938994e-01,  8.87024372e-02],
        [ 8.56965573e-02,  0.00000000e+00, -2.41095697e-01, ...,
          3.75169048e-02,  1.87801620e-01,  1.73734882e-01],
        [ 3.23377399e-01,  2.41095697e-01,  0.00000000e+00, ...,
          2.77336171e-01,  4.19067602e-01,  4.06039162e-01],
        ...,
        [ 4.82573356e-02, -3.75169048e-02, -2.77336171e-01, ...,
          0.00000000e+00,  1.50820041e-01,  1.36666207e-01],
        [-1.02938994e-01, -1.87801620e-01, -4.19067602e-01, ...,
         -1.50820041e-01,  0.00000000e+00, -1.43020056e-02],
        [-8.87024372e-02, -1.73734882e-01, -4.06039162e-01, ...,
         -1.36666207e-01,  1.43020056e-02,  0.00000000e+00]],

       [[ 0.00000000e+00, -6.71007625e-03, -5.22648133e-03, ...,
          7.99009833e-01,  9.27260777e-01,  9.74926293e-01],
        [ 6.71007625e-03,  0.00000000e+00,  1.48362093e-03, ...,
          7.94956956e-01,  9.24727541e-01,  9.73411165e-01],
        [ 5.22648133e-03, -1.48362093e-03,  0.00000000e+00, ...,
          7.95856143e-01,  9.25291233e-01,  9.73749939e-01],
        ...,
        [-7.99009833e-01, -7.94956956e-01, -7.95856143e-01, ...,
          0.00000000e+00, -2.58416374e-01, -4.08438606e-01],
        [-9.27260777e-01, -9.24727541e-01, -9.25291233e-01, ...,
          2.58416374e-01,  0.00000000e+00, -1.58686635e-01],
        [-9.74926293e-01, -9.73411165e-01, -9.73749939e-01, ...,
          4.08438606e-01,  1.58686635e-01,  0.00000000e+00]],

       [[ 0.00000000e+00, -8.89750910e-03, -2.38596402e-02, ...,
          7.80189439e-01,  8.23548548e-01,  8.48569511e-01],
        [ 8.89750910e-03,  0.00000000e+00, -1.49637196e-02, ...,
          7.85724334e-01,  8.28563024e-01,  8.53243451e-01],
        [ 2.38596402e-02,  1.49637196e-02,  0.00000000e+00, ...,
          7.94892572e-01,  8.36848379e-01,  8.60951691e-01],
        ...,
        [-7.80189439e-01, -7.85724334e-01, -7.94892572e-01, ...,
          0.00000000e+00,  7.26061119e-02,  1.18031305e-01],
        [-8.23548548e-01, -8.28563024e-01, -8.36848379e-01, ...,
         -7.26061119e-02,  0.00000000e+00,  4.56211986e-02],
        [-8.48569511e-01, -8.53243451e-01, -8.60951691e-01, ...,
         -1.18031305e-01, -4.56211986e-02,  0.00000000e+00]]]), 'num': array([ 9.00182437e-01,  4.35421630e-01,  9.56297957e-05,  7.74472266e-05,
        8.04749989e-05,  7.69691573e-05,  8.91752227e-03, -2.70905937e-06,
        8.07937117e-05,  8.40565347e-05,  7.41857316e-05,  6.47385511e-07,
        9.80936997e-05,  7.00193697e-05])}
{'img': array([[[ 0.00000000e+00, -1.03139616e-01, -5.16921378e-02, ...,
          9.79500064e-01,  9.59329012e-01,  9.30724817e-01],
        [ 1.03139616e-01,  0.00000000e+00,  5.15852671e-02, ...,
          9.95053123e-01,  9.83328123e-01,  9.63481406e-01],
        [ 5.16921378e-02, -5.15852671e-02,  0.00000000e+00, ...,
          9.88603602e-01,  9.72638646e-01,  9.48385364e-01],
        ...,
        [-9.79500064e-01, -9.95053123e-01, -9.88603602e-01, ...,
          0.00000000e+00, -8.32524965e-02, -1.70734237e-01],
        [-9.59329012e-01, -9.83328123e-01, -9.72638646e-01, ...,
          8.32524965e-02,  0.00000000e+00, -8.81114211e-02],
        [-9.30724817e-01, -9.63481406e-01, -9.48385364e-01, ...,
          1.70734237e-01,  8.81114211e-02,  0.00000000e+00]],

       [[ 0.00000000e+00,  4.13080244e-04,  3.86564711e-02, ...,
          2.56567332e-01,  2.64934996e-01,  1.96851663e-01],
        [-4.13080244e-04,  0.00000000e+00,  3.82436964e-02, ...,
          2.56168057e-01,  2.64536654e-01,  1.96446648e-01],
        [-3.86564711e-02, -3.82436964e-02,  0.00000000e+00, ...,
          2.19013064e-01,  2.27461841e-01,  1.58804437e-01],
        ...,
        [-2.56567332e-01, -2.56168057e-01, -2.19013064e-01, ...,
          0.00000000e+00,  8.66743236e-03, -6.12848300e-02],
