state_0,state_1,state_2,state_3,state_4,state_5,state_6,state_7,state_8,state_9,state_10,state_11,state_12,state_13,state_14,state_15,state_16,state_17,state_18,state_19,state_20,state_21,state_22,state_23,state_24,state_25,state_26,state_27,state_28,state_29,state_30,state_31,state_32,state_33,state_34,state_35,state_36,state_37,state_38,state_39,state_40,state_41,state_42,state_43,state_44,state_45,state_46,state_47,state_48,state_49,state_50,state_51,state_52,state_53,state_54,state_55,state_56,state_57,state_58,state_59,state_60,state_61,state_62,state_63,state_64,state_65,state_66,state_67,state_68,state_69,state_70,state_71,state_72,state_73,state_74,state_75,state_76,state_77,state_78,state_79,state_80,state_81,state_82,state_83,state_84,state_85,state_86,state_87,state_88,state_89,state_90,state_91,state_92,state_93,state_94,state_95,state_96,state_97,state_98,state_99,state_100,state_101,state_102,state_103,state_104,state_105,state_106,state_107,state_108,state_109,state_110,state_111,state_112,state_113,state_114,state_115,state_116,state_117,state_118,state_119,state_120,state_121,state_122,state_123,state_124,state_125,state_126,state_127,state_128,state_129,state_130,state_131,state_132,state_133,state_134,state_135,state_136,state_137,state_138,state_139,state_140,state_141,state_142,state_143,state_144,state_145,state_146,state_147,state_148,state_149,state_150,state_151,state_152,state_153,state_154,state_155,state_156,state_157,state_158,state_159,state_160,state_161,state_162,state_163,state_164,state_165,state_166,state_167,state_168,state_169,state_170,state_171,state_172,state_173,state_174,state_175,state_176,state_177,state_178,state_179,state_180,state_181,state_182,state_183,state_184,state_185,state_186,state_187,state_188,state_189,state_190,state_191,state_192,state_193,state_194,state_195,state_196,state_197,state_198,state_199,state_200,state_201,state_202,state_203,state_204,state_205,state_206,state_207,state_208,state_209,state_210,state_211,state_212,state_213,state_214,state_215,state_216,state_217,state_218,state_219,state_220,state_221,state_222,state_223,state_224,state_225,state_226,state_227,state_228,state_229,state_230,state_231,state_232,state_233,state_234,state_235,state_236,state_237,state_238,state_239,state_240,state_241,state_242,state_243,state_244,state_245,state_246,state_247,state_248,state_249,state_250,state_251,state_252,state_253,state_254,state_255,state_256,state_257,state_258,state_259,state_260,state_261,state_262,state_263,state_264,state_265,state_266,state_267,state_268,state_269,state_270,state_271,state_272,state_273,state_274,state_275,state_276,state_277,state_278,state_279,state_280,state_281,state_282,state_283,state_284,state_285,state_286,state_287
{'img': array([[[ 0.00000000e+00, -9.45360814e-02,  0.00000000e+00, ...,
         -7.55209475e-01, -7.11335177e-01, -7.11335177e-01],
        [ 9.45360814e-02,  0.00000000e+00,  9.45360814e-02, ...,
         -6.89860377e-01, -6.41704453e-01, -6.41704453e-01],
        [ 0.00000000e+00, -9.45360814e-02,  0.00000000e+00, ...,
         -7.55209475e-01, -7.11335177e-01, -7.11335177e-01],
        ...,
        [ 7.55209475e-01,  6.89860377e-01,  7.55209475e-01, ...,
          0.00000000e+00,  6.45327172e-02,  6.45327172e-02],
        [ 7.11335177e-01,  6.41704453e-01,  7.11335177e-01, ...,
         -6.45327172e-02,  0.00000000e+00,  0.00000000e+00],
        [ 7.11335177e-01,  6.41704453e-01,  7.11335177e-01, ...,
         -6.45327172e-02,  0.00000000e+00,  0.00000000e+00]],

       [[ 0.00000000e+00, -5.04190226e-02,  1.40751124e-01, ...,
          2.80181632e-01, -1.05634377e-01, -9.86896909e-02],
        [ 5.04190226e-02,  0.00000000e+00,  1.90489212e-01, ...,
          3.28224874e-01, -5.53630956e-02, -4.83912828e-02],
        [-1.40751124e-01, -1.90489212e-01,  0.00000000e+00, ...,
          1.42278807e-01, -2.44546414e-01, -2.37771249e-01],
        ...,
        [-2.80181632e-01, -3.28224874e-01, -1.42278807e-01, ...,
          0.00000000e+00, -3.80017430e-01, -3.73550731e-01],
        [ 1.05634377e-01,  5.53630956e-02,  2.44546414e-01, ...,
          3.80017430e-01,  0.00000000e+00,  6.98117086e-03],
        [ 9.86896909e-02,  4.83912828e-02,  2.37771249e-01, ...,
          3.73550731e-01, -6.98117086e-03,  0.00000000e+00]],

       [[ 0.00000000e+00, -2.30922782e-01, -3.43958616e-01, ...,
         -9.84333279e-01, -9.80111319e-01, -9.75433739e-01],
        [ 2.30922782e-01,  0.00000000e+00, -1.17829145e-01, ...,
         -9.17012981e-01, -9.07794672e-01, -8.98199114e-01],
        [ 3.43958616e-01,  1.17829145e-01,  0.00000000e+00, ...,
         -8.63627940e-01, -8.52051572e-01, -8.40145776e-01],
        ...,
        [ 9.84333279e-01,  9.17012981e-01,  8.63627940e-01, ...,
          0.00000000e+00,  2.25282972e-02,  4.48553512e-02],
        [ 9.80111319e-01,  9.07794672e-01,  8.52051572e-01, ...,
         -2.25282972e-02,  0.00000000e+00,  2.23383449e-02],
        [ 9.75433739e-01,  8.98199114e-01,  8.40145776e-01, ...,
         -4.48553512e-02, -2.23383449e-02,  0.00000000e+00]],

       ...,

       [[ 0.00000000e+00, -3.49353821e-01, -3.64550593e-01, ...,
          1.70635452e-01,  6.56836338e-01,  5.17724847e-01],
        [ 3.49353821e-01,  0.00000000e+00, -1.62680382e-02, ...,
          5.04114140e-01,  8.78874028e-01,  7.83992137e-01],
        [ 3.64550593e-01,  1.62680382e-02,  0.00000000e+00, ...,
          5.18097109e-01,  8.86518455e-01,  7.93987111e-01],
        ...,
        [-1.70635452e-01, -5.04114140e-01, -5.18097109e-01, ...,
          0.00000000e+00,  5.18538536e-01,  3.64145333e-01],
        [-6.56836338e-01, -8.78874028e-01, -8.86518455e-01, ...,
         -5.18538536e-01,  0.00000000e+00, -1.71572770e-01],
        [-5.17724847e-01, -7.83992137e-01, -7.93987111e-01, ...,
         -3.64145333e-01,  1.71572770e-01,  0.00000000e+00]],

       [[ 0.00000000e+00, -1.12932405e-01, -2.37070341e-01, ...,
         -0.00000000e+00, -1.89804600e-01, -2.70608496e-01],
        [ 1.12932405e-01,  0.00000000e+00, -1.25840741e-01, ...,
         -1.12932405e-01, -2.99469865e-01, -3.77596163e-01],
        [ 2.37070341e-01,  1.25840741e-01,  0.00000000e+00, ...,
         -2.37070341e-01, -4.17154592e-01, -4.91119245e-01],
        ...,
        [ 0.00000000e+00,  1.12932405e-01,  2.37070341e-01, ...,
          0.00000000e+00,  1.89804600e-01,  2.70608496e-01],
        [ 1.89804600e-01,  2.99469865e-01,  4.17154592e-01, ...,
         -1.89804600e-01,  0.00000000e+00,  8.29664509e-02],
        [ 2.70608496e-01,  3.77596163e-01,  4.91119245e-01, ...,
         -2.70608496e-01, -8.29664509e-02,  0.00000000e+00]],

       [[ 0.00000000e+00,  1.67849928e-02,  7.55135991e-02, ...,
         -8.86441578e-01, -8.75255738e-01, -8.75236671e-01],
        [-1.67849928e-02,  0.00000000e+00,  5.87658931e-02, ...,
         -8.94085472e-01, -8.83250670e-01, -8.83232185e-01],
        [-7.55135991e-02, -5.87658931e-02,  0.00000000e+00, ...,
         -9.18861337e-01, -9.09279622e-01, -9.09263214e-01],
        ...,
        [ 8.86441578e-01,  8.94085472e-01,  9.18861337e-01, ...,
          0.00000000e+00,  2.36328937e-02,  2.36723038e-02],
        [ 8.75255738e-01,  8.83250670e-01,  9.09279622e-01, ...,
         -2.36328937e-02,  0.00000000e+00,  3.94211173e-05],
        [ 8.75236671e-01,  8.83232185e-01,  9.09263214e-01, ...,
         -2.36723038e-02, -3.94211173e-05,  0.00000000e+00]]]), 'num': array([ 9.06773919e-01,  3.60989741e-03,  1.83011960e-05,  1.33210033e-03,
        1.34289749e-03,  1.32265281e-03,  4.21584704e-01, -1.34964572e-05,
        1.34100799e-03,  1.31570213e-03,  1.42736282e-03,  1.62424896e-06,
        1.38280695e-03,  1.24859732e-03])}
{'img': array([[[ 0.00000000e+00,  9.45360814e-02,  3.13248628e-01, ...,
         -6.41704453e-01, -6.41704453e-01, -6.81967643e-01],
        [-9.45360814e-02,  0.00000000e+00,  2.22067535e-01, ...,
         -7.11335177e-01, -7.11335177e-01, -7.48055428e-01],
        [-3.13248628e-01, -2.22067535e-01,  0.00000000e+00, ...,
         -8.49654874e-01, -8.49654874e-01, -8.76749513e-01],
        ...,
        [ 6.41704453e-01,  7.11335177e-01,  8.49654874e-01, ...,
          0.00000000e+00,  0.00000000e+00, -5.37051508e-02],
        [ 6.41704453e-01,  7.11335177e-01,  8.49654874e-01, ...,
          0.00000000e+00,  0.00000000e+00, -5.37051508e-02],
        [ 6.81967643e-01,  7.48055428e-01,  8.76749513e-01, ...,
          5.37051508e-02,  5.37051508e-02,  0.00000000e+00]],

       [[ 0.00000000e+00,  1.90489212e-01,  9.49747269e-02, ...,
         -5.53630956e-02, -4.83912828e-02, -2.13381173e-01],
        [-1.90489212e-01,  0.00000000e+00, -9.63924682e-02, ...,
         -2.44546414e-01, -2.37771249e-01, -3.95576071e-01],
        [-9.49747269e-02,  9.63924682e-02,  0.00000000e+00, ...,
         -1.49941900e-01, -1.43035999e-01, -3.05203989e-01],
        ...,
        [ 5.53630956e-02,  2.44546414e-01,  1.49941900e-01, ...,
          0.00000000e+00,  6.98117086e-03, -1.58965878e-01],
        [ 4.83912828e-02,  2.37771249e-01,  1.43035999e-01, ...,
         -6.98117086e-03,  0.00000000e+00, -1.65854403e-01],
        [ 2.13381173e-01,  3.95576071e-01,  3.05203989e-01, ...,
          1.58965878e-01,  1.65854403e-01,  0.00000000e+00]],

       [[ 0.00000000e+00, -1.17829145e-01, -1.14723410e-01, ...,
         -9.07794672e-01, -8.98199114e-01, -9.20696784e-01],
        [ 1.17829145e-01,  0.00000000e+00,  3.12694198e-03, ...,
         -8.52051572e-01, -8.40145776e-01, -8.68296901e-01],
        [ 1.14723410e-01, -3.12694198e-03,  0.00000000e+00, ...,
         -8.53684228e-01, -8.41837599e-01, -8.69843760e-01],
        ...,
        [ 9.07794672e-01,  8.52051572e-01,  8.53684228e-01, ...,
          0.00000000e+00,  2.23383449e-02, -3.18610353e-02],
        [ 8.98199114e-01,  8.40145776e-01,  8.41837599e-01, ...,
         -2.23383449e-02,  0.00000000e+00, -5.41800888e-02],
        [ 9.20696784e-01,  8.68296901e-01,  8.69843760e-01, ...,
          3.18610353e-02,  5.41800888e-02,  0.00000000e+00]],

       ...,

       [[ 0.00000000e+00, -1.62680382e-02,  1.62555912e-01, ...,
          8.78874028e-01,  7.83992137e-01,  6.69466404e-01],
        [ 1.62680382e-02,  0.00000000e+00,  1.78586063e-01, ...,
          8.86518455e-01,  7.93987111e-01,  6.81462399e-01],
        [-1.62555912e-01, -1.78586063e-01,  0.00000000e+00, ...,
          7.89636483e-01,  6.72654563e-01,  5.39808642e-01],
        ...,
        [-8.78874028e-01, -8.86518455e-01, -7.89636483e-01, ...,
          0.00000000e+00, -1.71572770e-01, -3.33493261e-01],
        [-7.83992137e-01, -7.93987111e-01, -6.72654563e-01, ...,
          1.71572770e-01,  0.00000000e+00, -1.66797384e-01],
        [-6.69466404e-01, -6.81462399e-01, -5.39808642e-01, ...,
          3.33493261e-01,  1.66797384e-01,  0.00000000e+00]],

       [[ 0.00000000e+00, -2.09452305e-01, -2.85299554e-01, ...,
         -1.90106093e-01, -2.71034062e-01, -3.03883500e-01],
        [ 2.09452305e-01,  0.00000000e+00, -7.82241535e-02, ...,
         -3.91521963e-01, -4.66634674e-01, -4.96690157e-01],
        [ 2.85299554e-01,  7.82241535e-02,  0.00000000e+00, ...,
         -4.62301683e-01, -5.34390175e-01, -5.63061124e-01],
        ...,
        [ 1.90106093e-01,  3.91521963e-01,  4.62301683e-01, ...,
          0.00000000e+00,  8.31009883e-02,  1.17225921e-01],
        [ 2.71034062e-01,  4.66634674e-01,  5.34390175e-01, ...,
         -8.31009883e-02,  0.00000000e+00,  3.42924222e-02],
        [ 3.03883500e-01,  4.96690157e-01,  5.63061124e-01, ...,
         -1.17225921e-01, -3.42924222e-02,  0.00000000e+00]],

       [[ 0.00000000e+00,  5.87658931e-02,  1.44621843e-01, ...,
         -8.83250670e-01, -8.83232185e-01, -8.77323390e-01],
        [-5.87658931e-02,  0.00000000e+00,  8.62238187e-02, ...,
         -9.09279622e-01, -9.09263214e-01, -9.04008923e-01],
        [-1.44621843e-01, -8.62238187e-02,  0.00000000e+00, ...,
         -9.41778399e-01, -9.41765143e-01, -9.37504060e-01],
        ...,
        [ 8.83250670e-01,  9.09279622e-01,  9.41778399e-01, ...,
          0.00000000e+00,  3.94211173e-05,  1.24937700e-02],
        [ 8.83232185e-01,  9.09263214e-01,  9.41765143e-01, ...,
         -3.94211173e-05,  0.00000000e+00,  1.24543520e-02],
        [ 8.77323390e-01,  9.04008923e-01,  9.37504060e-01, ...,
         -1.24937700e-02, -1.24543520e-02,  0.00000000e+00]]]), 'num': array([9.44869568e-01, 1.18241007e-01, 1.65823173e-05, 1.08339255e-03,
       1.08665251e-03, 1.06709277e-03, 3.05337859e-01, 1.08665251e-05,
       1.07861128e-03, 1.06100751e-03, 1.14685306e-03, 1.20739168e-06,
       1.11582652e-03, 1.00618850e-03])}
{'img': array([[[ 0.        ,  0.22206753,  0.30994033, ..., -0.71133518,
         -0.74805543, -0.71133518],
        [-0.22206753,  0.        ,  0.09106948, ..., -0.84965487,
         -0.87674951, -0.84965487],
        [-0.30994033, -0.09106948,  0.        , ..., -0.89414867,
         -0.91690583, -0.89414867],
        ...,
        [ 0.71133518,  0.84965487,  0.89414867, ...,  0.        ,
         -0.05370515,  0.        ],
        [ 0.74805543,  0.87674951,  0.91690583, ...,  0.05370515,
          0.        ,  0.05370515],
        [ 0.71133518,  0.84965487,  0.89414867, ...,  0.        ,
         -0.05370515,  0.        ]],

       [[ 0.        , -0.09639247, -0.21274102, ..., -0.23777125,
         -0.39557607, -0.48119463],
        [ 0.09639247,  0.        , -0.11756446, ..., -0.143036  ,
         -0.30520399, -0.39445494],
        [ 0.21274102,  0.11756446,  0.        , ..., -0.02568848,
         -0.19113237, -0.28368772],
        ...,
        [ 0.23777125,  0.143036  ,  0.02568848, ...,  0.        ,
         -0.1658544 , -0.25896099],
        [ 0.39557607,  0.30520399,  0.19113237, ...,  0.1658544 ,
          0.        , -0.0951777 ],
        [ 0.48119463,  0.39445494,  0.28368772, ...,  0.25896099,
          0.0951777 ,  0.        ]],

       [[ 0.        ,  0.00312694,  0.01571138, ..., -0.84014578,
         -0.8682969 , -0.8715964 ],
        [-0.00312694,  0.        ,  0.01258475, ..., -0.8418376 ,
         -0.86984376, -0.87312505],
        [-0.01571138, -0.01258475,  0.        , ..., -0.84856331,
         -0.87598328, -0.87919092],
        ...,
        [ 0.84014578,  0.8418376 ,  0.84856331, ...,  0.        ,
         -0.05418009, -0.06085985],
        [ 0.8682969 ,  0.86984376,  0.87598328, ...,  0.05418009,
          0.        , -0.0066908 ],
        [ 0.8715964 ,  0.87312505,  0.87919092, ...,  0.06085985,
          0.0066908 ,  0.        ]],

       ...,

       [[ 0.        ,  0.17858606,  0.25597313, ...,  0.79398711,
          0.6814624 ,  0.51956386],
        [-0.17858606,  0.        ,  0.07922191, ...,  0.67265456,
          0.53980864,  0.35862193],
        [-0.25597313, -0.07922191,  0.        , ...,  0.61191963,
          0.47142399,  0.28354248],
        ...,
        [-0.79398711, -0.67265456, -0.61191963, ...,  0.        ,
         -0.16679738, -0.36254685],
        [-0.6814624 , -0.53980864, -0.47142399, ...,  0.16679738,
          0.        , -0.20201858],
        [-0.51956386, -0.35862193, -0.28354248, ...,  0.36254685,
          0.20201858,  0.        ]],

       [[ 0.        , -0.0865897 , -0.16364252, ..., -0.44184937,
         -0.47239592, -0.52046867],
        [ 0.0865897 ,  0.        , -0.07760544, ..., -0.5178685 ,
         -0.54694062, -0.59245111],
        [ 0.16364252,  0.07760544,  0.        , ..., -0.58269506,
         -0.61026018, -0.6531838 ],
        ...,
        [ 0.44184937,  0.5178685 ,  0.58269506, ...,  0.        ,
          0.03434124,  0.08962017],
        [ 0.47239592,  0.54694062,  0.61026018, ..., -0.03434124,
          0.        ,  0.05536426],
        [ 0.52046867,  0.59245111,  0.6531838 , ..., -0.08962017,
         -0.05536426,  0.        ]],

       [[ 0.        ,  0.08622382,  0.20093359, ..., -0.90926321,
         -0.90400892, -0.90166032],
        [-0.08622382,  0.        ,  0.11572   , ..., -0.94176514,
         -0.93750406, -0.93558941],
        [-0.20093359, -0.11572   ,  0.        , ..., -0.97435157,
         -0.97147338, -0.97016356],
        ...,
        [ 0.90926321,  0.94176514,  0.97435157, ...,  0.        ,
          0.01245435,  0.01791583],
        [ 0.90400892,  0.93750406,  0.97147338, ..., -0.01245435,
          0.        ,  0.00546208],
        [ 0.90166032,  0.93558941,  0.97016356, ..., -0.01791583,
         -0.00546208,  0.        ]]]), 'num': array([9.31939277e-01, 1.16113472e-01, 1.62839482e-05, 1.06923435e-03,
       1.06923435e-03, 1.05216074e-03, 3.43508052e-01, 5.33550072e-06,
       1.06283174e-03, 1.04431756e-03, 1.12369202e-03, 1.12210531e-06,
       1.09852488e-03, 9.90110235e-04])}
{'img': array([[[ 0.        ,  0.09106948,  0.40126048, ..., -0.87674951,
         -0.84965487, -0.83533321],
        [-0.09106948,  0.        ,  0.3161767 , ..., -0.91690583,
         -0.89414867, -0.88192691],
        [-0.40126048, -0.3161767 ,  0.        , ..., -0.99605612,
         -0.98985363, -0.98572567],
        ...,
        [ 0.87674951,  0.91690583,  0.99605612, ...,  0.        ,
          0.05370515,  0.08023652],
        [ 0.84965487,  0.89414867,  0.98985363, ..., -0.05370515,
          0.        ,  0.02658872],
        [ 0.83533321,  0.88192691,  0.98572567, ..., -0.08023652,
         -0.02658872,  0.        ]],

       [[ 0.        , -0.11756446, -0.35506386, ..., -0.30520399,
         -0.39445494, -0.27930292],
        [ 0.11756446,  0.        , -0.24269738, ..., -0.19113237,
         -0.28368772, -0.16448028],
        [ 0.35506386,  0.24269738,  0.        , ...,  0.05280518,
         -0.04247945,  0.07982928],
        ...,
        [ 0.30520399,  0.19113237, -0.05280518, ...,  0.        ,
         -0.0951777 ,  0.02708125],
        [ 0.39445494,  0.28368772,  0.04247945, ...,  0.0951777 ,
          0.        ,  0.12210111],
        [ 0.27930292,  0.16448028, -0.07982928, ..., -0.02708125,
         -0.12210111,  0.        ]],

       [[ 0.        ,  0.01258475,  0.14258778, ..., -0.86984376,
         -0.87312505, -0.86184792],
        [-0.01258475,  0.        ,  0.13012033, ..., -0.87598328,
         -0.87919092, -0.86816224],
        [-0.14258778, -0.13012033,  0.        , ..., -0.93129828,
         -0.93371461, -0.92535748],
        ...,
        [ 0.86984376,  0.87598328,  0.93129828, ...,  0.        ,
         -0.0066908 ,  0.01598276],
        [ 0.87312505,  0.87919092,  0.93371461, ...,  0.0066908 ,
          0.        ,  0.02267235],
        [ 0.86184792,  0.86816224,  0.92535748, ..., -0.01598276,
         -0.02267235,  0.        ]],

       ...,

       [[ 0.        ,  0.07922191,  0.39031775, ...,  0.53980864,
          0.35862193,  0.24184268],
        [-0.07922191,  0.        ,  0.31615294, ...,  0.47142399,
          0.28354248,  0.16421232],
        [-0.39031775, -0.31615294,  0.        , ...,  0.16842643,
         -0.03417883, -0.15607159],
        ...,
        [-0.53980864, -0.47142399, -0.16842643, ...,  0.        ,
         -0.20201858, -0.32020447],
        [-0.35862193, -0.28354248,  0.03417883, ...,  0.20201858,
          0.        , -0.12222041],
        [-0.24184268, -0.16421232,  0.15607159, ...,  0.32020447,
          0.12222041,  0.        ]],

       [[ 0.        , -0.07760544, -0.08785158, ..., -0.54694062,
         -0.59245111, -0.63564726],
        [ 0.07760544,  0.        , -0.01028125, ..., -0.61026018,
         -0.6531838 , -0.69364007],
        [ 0.08785158,  0.01028125,  0.        , ..., -0.61837274,
         -0.66093423, -0.70100921],
        ...,
        [ 0.54694062,  0.61026018,  0.61837274, ...,  0.        ,
          0.05536426,  0.1099187 ],
        [ 0.59245111,  0.6531838 ,  0.66093423, ..., -0.05536426,
          0.        ,  0.05472132],
        [ 0.63564726,  0.69364007,  0.70100921, ..., -0.1099187 ,
         -0.05472132,  0.        ]],

       [[ 0.        ,  0.11572   ,  0.256819  , ..., -0.93750406,
         -0.93558941, -0.93107794],
        [-0.11572   ,  0.        ,  0.14325496, ..., -0.97147338,
         -0.97016356, -0.96703985],
        [-0.256819  , -0.14325496,  0.        , ..., -0.99542614,
         -0.99488948, -0.99354193],
        ...,
        [ 0.93750406,  0.97147338,  0.99542614, ...,  0.        ,
          0.00546208,  0.01802931],
        [ 0.93558941,  0.97016356,  0.99488948, ..., -0.00546208,
          0.        ,  0.01256784],
        [ 0.93107794,  0.96703985,  0.99354193, ..., -0.01802931,
         -0.01256784,  0.        ]]]), 'num': array([ 9.35054250e-01,  1.16705498e-01,  1.63669750e-05,  1.07254096e-03,
        1.08326637e-03,  1.06396063e-03,  3.34730016e-01, -2.14508192e-06,
        1.06889432e-03,  1.05205543e-03,  1.12623951e-03,  1.24317247e-06,
        1.10610511e-03,  9.98005746e-04])}
{'img': array([[[ 0.        ,  0.3161767 ,  0.1588571 , ..., -0.89414867,
         -0.88192691, -0.88688191],
        [-0.3161767 ,  0.        , -0.16145397, ..., -0.98985363,
         -0.98572567, -0.98745758],
        [-0.1588571 ,  0.16145397,  0.        , ..., -0.95392588,
         -0.94561088, -0.94901129],
        ...,
        [ 0.89414867,  0.98985363,  0.95392588, ...,  0.        ,
          0.02658872,  0.01597398],
        [ 0.88192691,  0.98572567,  0.94561088, ..., -0.02658872,
          0.        , -0.010617  ],
        [ 0.88688191,  0.98745758,  0.94901129, ..., -0.01597398,
          0.010617  ,  0.        ]],

       [[ 0.        , -0.24269738, -0.14764005, ..., -0.28368772,
         -0.16448028, -0.19191347],
        [ 0.24269738,  0.        ,  0.09681179, ..., -0.04247945,
          0.07982928,  0.05201044],
        [ 0.14764005, -0.09681179,  0.        , ..., -0.13900432,
         -0.01704852, -0.04491463],
        ...,
        [ 0.28368772,  0.04247945,  0.13900432, ...,  0.        ,
          0.12210111,  0.09438545],
        [ 0.16448028, -0.07982928,  0.01704852, ..., -0.12210111,
          0.        , -0.02787679],
        [ 0.19191347, -0.05201044,  0.04491463, ..., -0.09438545,
          0.02787679,  0.        ]],

       [[ 0.        ,  0.13012033,  0.28235061, ..., -0.87919092,
         -0.86816224, -0.8661802 ],
        [-0.13012033,  0.        ,  0.15512423, ..., -0.93371461,
         -0.92535748, -0.92384138],
        [-0.28235061, -0.15512423,  0.        , ..., -0.97794926,
         -0.97296293, -0.97203601],
        ...,
        [ 0.87919092,  0.93371461,  0.97794926, ...,  0.        ,
          0.02267235,  0.02665107],
        [ 0.86816224,  0.92535748,  0.97296293, ..., -0.02267235,
          0.        ,  0.00397992],
        [ 0.8661802 ,  0.92384138,  0.97203601, ..., -0.02665107,
         -0.00397992,  0.        ]],

       ...,

       [[ 0.        ,  0.31615294,  0.02378407, ...,  0.28354248,
          0.16421232,  0.38067204],
        [-0.31615294,  0.        , -0.29349936, ..., -0.03417883,
         -0.15607159,  0.06879688],
        [-0.02378407,  0.29349936,  0.        , ...,  0.2606543 ,
          0.14070466,  0.35857098],
        ...,
        [-0.28354248,  0.03417883, -0.2606543 , ...,  0.        ,
         -0.12222041,  0.10285453],
        [-0.16421232,  0.15607159, -0.14070466, ...,  0.12222041,
          0.        ,  0.22365563],
        [-0.38067204, -0.06879688, -0.35857098, ..., -0.10285453,
         -0.22365563,  0.        ]],

       [[ 0.        , -0.01028125, -0.03076601, ..., -0.6531838 ,
         -0.69364007, -0.71846653],
        [ 0.01028125,  0.        , -0.020488  , ..., -0.66093423,
         -0.70100921, -0.7255798 ],
        [ 0.03076601,  0.020488  ,  0.        , ..., -0.6761706 ,
         -0.71547313, -0.73952607],
        ...,
        [ 0.6531838 ,  0.66093423,  0.6761706 , ...,  0.        ,
          0.05472132,  0.0896929 ],
        [ 0.69364007,  0.70100921,  0.71547313, ..., -0.05472132,
          0.        ,  0.03505774],
        [ 0.71846653,  0.7255798 ,  0.73952607, ..., -0.0896929 ,
         -0.03505774,  0.        ]],

       [[ 0.        ,  0.14325496,  0.28485797, ..., -0.97016356,
         -0.96703985, -0.96244029],
        [-0.14325496,  0.        ,  0.14460002, ..., -0.99488948,
         -0.99354193, -0.99140629],
        [-0.28485797, -0.14460002,  0.        , ..., -0.99903363,
         -0.99950711, -0.9999032 ],
        ...,
        [ 0.97016356,  0.99488948,  0.99903363, ...,  0.        ,
          0.01256784,  0.03004809],
        [ 0.96703985,  0.99354193,  0.99950711, ..., -0.01256784,
          0.        ,  0.01748355],
        [ 0.96244029,  0.99140629,  0.9999032 , ..., -0.03004809,
         -0.01748355,  0.        ]]]), 'num': array([ 8.46950411e-01,  1.08559427e-01,  1.52245564e-05,  9.67747029e-04,
        9.79719157e-04,  9.67747029e-04,  5.20463311e-01, -2.99303205e-05,
        9.88897789e-04,  9.81315441e-04,  1.04396958e-03,  9.36595063e-07,
        1.02235092e-03,  9.40279964e-04])}
{'img': array([[[ 0.        , -0.16145397, -0.28507162, ..., -0.98572567,
         -0.98745758, -0.99998914],
        [ 0.16145397,  0.        , -0.12657691, ..., -0.94561088,
         -0.94901129, -0.98762205],
        [ 0.28507162,  0.12657691,  0.        , ..., -0.89682967,
         -0.90147583, -0.95982451],
        ...,
        [ 0.98572567,  0.94561088,  0.89682967, ...,  0.        ,
         -0.010617  , -0.17295206],
        [ 0.98745758,  0.94901129,  0.90147583, ...,  0.010617  ,
          0.        , -0.16248531],
        [ 0.99998914,  0.98762205,  0.95982451, ...,  0.17295206,
          0.16248531,  0.        ]],

       [[ 0.        ,  0.09681179, -0.10561555, ...,  0.07982928,
          0.05201044,  0.52075658],
        [-0.09681179,  0.        , -0.20138976, ..., -0.01704852,
         -0.04491463,  0.4356617 ],
        [ 0.10561555,  0.20138976,  0.        , ...,  0.18466128,
          0.15719215,  0.60800855],
        ...,
        [-0.07982928,  0.01704852, -0.18466128, ...,  0.        ,
         -0.02787679,  0.45094393],
        [-0.05201044,  0.04491463, -0.15719215, ...,  0.02787679,
          0.        ,  0.47565017],
        [-0.52075658, -0.4356617 , -0.60800855, ..., -0.45094393,
         -0.47565017,  0.        ]],

       [[ 0.        ,  0.15512423,  0.27035697, ..., -0.92535748,
         -0.92384138, -0.93703838],
        [-0.15512423,  0.        ,  0.11773687, ..., -0.97296293,
         -0.97203601, -0.97986898],
        [-0.27035697, -0.11773687,  0.        , ..., -0.99338847,
         -0.9929237 , -0.996559  ],
        ...,
        [ 0.92535748,  0.97296293,  0.99338847, ...,  0.        ,
          0.00397992, -0.03206793],
        [ 0.92384138,  0.97203601,  0.9929237 , ..., -0.00397992,
          0.        , -0.03604555],
        [ 0.93703838,  0.97986898,  0.996559  , ...,  0.03206793,
          0.03604555,  0.        ]],

       ...,

       [[ 0.        , -0.29349936, -0.44490148, ..., -0.15607159,
          0.06879688, -0.37099258],
        [ 0.29349936,  0.        , -0.16245568, ...,  0.14070466,
          0.35857098, -0.08209977],
        [ 0.44490148,  0.16245568,  0.        , ...,  0.29967503,
          0.50546045,  0.08089811],
        ...,
        [ 0.15607159, -0.14070466, -0.29967503, ...,  0.        ,
          0.22365563, -0.22151267],
        [-0.06879688, -0.35857098, -0.50546045, ..., -0.22365563,
          0.        , -0.43400082],
        [ 0.37099258,  0.08209977, -0.08089811, ...,  0.22151267,
          0.43400082,  0.        ]],

       [[ 0.        , -0.020488  , -0.01478331, ..., -0.70100921,
         -0.7255798 , -0.62168183],
        [ 0.020488  ,  0.        ,  0.00570556, ..., -0.71547313,
         -0.73952607, -0.63759897],
        [ 0.01478331, -0.00570556,  0.        , ..., -0.71147536,
         -0.73567347, -0.63319321],
        ...,
        [ 0.70100921,  0.71547313,  0.71147536, ...,  0.        ,
          0.03505774, -0.10572563],
        [ 0.7255798 ,  0.73952607,  0.73567347, ..., -0.03505774,
          0.        , -0.14052189],
        [ 0.62168183,  0.63759897,  0.63319321, ...,  0.10572563,
          0.14052189,  0.        ]],

       [[ 0.        ,  0.14460002,  0.19076973, ..., -0.99354193,
         -0.99140629, -0.97825688],
        [-0.14460002,  0.        ,  0.04682036, ..., -0.99950711,
         -0.9999032 , -0.99796518],
        [-0.19076973, -0.04682036,  0.        , ..., -0.99694114,
         -0.99815521, -0.99985606],
        ...,
        [ 0.99354193,  0.99950711,  0.99694114, ...,  0.        ,
          0.01748355,  0.09505907],
        [ 0.99140629,  0.9999032 ,  0.99815521, ..., -0.01748355,
          0.        ,  0.07764016],
        [ 0.97825688,  0.99796518,  0.99985606, ..., -0.09505907,
         -0.07764016,  0.        ]]]), 'num': array([9.21316259e-01, 3.85933702e-02, 1.79415221e-05, 1.05336860e-03,
       1.05336860e-03, 1.03838165e-03, 3.86882269e-01, 1.49869517e-05,
       1.06043388e-03, 1.05550960e-03, 1.11592128e-03, 1.06532507e-06,
       1.09283295e-03, 1.01818625e-03])}
{'img': array([[[ 0.        , -0.12657691, -0.09277279, ..., -0.94901129,
         -0.98762205, -0.97257896],
        [ 0.12657691,  0.        ,  0.03400442, ..., -0.90147583,
         -0.95982451, -0.93531794],
        [ 0.09277279, -0.03400442,  0.        , ..., -0.91567261,
         -0.9688111 , -0.94680808],
        ...,
        [ 0.94901129,  0.90147583,  0.91567261, ...,  0.        ,
         -0.16248531, -0.08588346],
        [ 0.98762205,  0.95982451,  0.9688111 , ...,  0.16248531,
          0.        ,  0.0771428 ],
        [ 0.97257896,  0.93531794,  0.94680808, ...,  0.08588346,
         -0.0771428 ,  0.        ]],

       [[ 0.        , -0.20138976, -0.35814866, ..., -0.04491463,
          0.4356617 ,  0.08803297],
        [ 0.20138976,  0.        , -0.16278013, ...,  0.15719215,
          0.60800855,  0.28683716],
        [ 0.35814866,  0.16278013,  0.        , ...,  0.31585203,
          0.72913526,  0.43895143],
        ...,
        [ 0.04491463, -0.15719215, -0.31585203, ...,  0.        ,
          0.47565017,  0.13268438],
        [-0.4356617 , -0.60800855, -0.72913526, ..., -0.47565017,
          0.        , -0.35473088],
        [-0.08803297, -0.28683716, -0.43895143, ..., -0.13268438,
          0.35473088,  0.        ]],

       [[ 0.        ,  0.11773687,  0.17230092, ..., -0.97203601,
         -0.97986898, -0.98066751],
        [-0.11773687,  0.        ,  0.0551265 , ..., -0.9929237 ,
         -0.996559  , -0.99688572],
        [-0.17230092, -0.0551265 ,  0.        , ..., -0.99796033,
         -0.99961285, -0.9997171 ],
        ...,
        [ 0.97203601,  0.9929237 ,  0.99796033, ...,  0.        ,
         -0.03604555, -0.04008251],
        [ 0.97986898,  0.996559  ,  0.99961285, ...,  0.03604555,
          0.        , -0.00403988],
        [ 0.98066751,  0.99688572,  0.9997171 , ...,  0.04008251,
          0.00403988,  0.        ]],

       ...,

       [[ 0.        , -0.16245568, -0.292152  , ...,  0.35857098,
         -0.08209977,  0.02864858],
        [ 0.16245568,  0.        , -0.13290295, ...,  0.50546045,
          0.08089811,  0.19065701],
        [ 0.292152  ,  0.13290295,  0.        , ...,  0.61565182,
          0.21264781,  0.31943077],
        ...,
        [-0.35857098, -0.50546045, -0.61565182, ...,  0.        ,
         -0.43400082, -0.33168028],
        [ 0.08209977, -0.08089811, -0.21264781, ...,  0.43400082,
          0.        ,  0.11061794],
        [-0.02864858, -0.19065701, -0.31943077, ...,  0.33168028,
         -0.11061794,  0.        ]],

       [[ 0.        ,  0.00570556,  0.01356261, ..., -0.73952607,
         -0.63759897, -0.53630488],
        [-0.00570556,  0.        ,  0.00785736, ..., -0.73567347,
         -0.63319321, -0.53148052],
        [-0.01356261, -0.00785736,  0.        , ..., -0.73032868,
         -0.62709212, -0.52480837],
        ...,
        [ 0.73952607,  0.73567347,  0.73032868, ...,  0.        ,
         -0.14052189, -0.26317622],
        [ 0.63759897,  0.63319321,  0.62709212, ...,  0.14052189,
          0.        , -0.12499669],
        [ 0.53630488,  0.53148052,  0.52480837, ...,  0.26317622,
          0.12499669,  0.        ]],

       [[ 0.        ,  0.04682036,  0.05895808, ..., -0.9999032 ,
         -0.99796518, -0.9929005 ],
        [-0.04682036,  0.        ,  0.0121545 , ..., -0.99815521,
         -0.99985606, -0.9973808 ],
        [-0.05895808, -0.0121545 ,  0.        , ..., -0.99734353,
         -0.99998842, -0.99818625],
        ...,
        [ 0.9999032 ,  0.99815521,  0.99734353, ...,  0.        ,
          0.07764016,  0.13275094],
        [ 0.99796518,  0.99985606,  0.99998842, ..., -0.07764016,
          0.        ,  0.05539723],
        [ 0.9929005 ,  0.9973808 ,  0.99818625, ..., -0.13275094,
         -0.05539723,  0.        ]]]), 'num': array([ 9.50212256e-01,  4.01162923e-02,  1.86495074e-05,  1.08603337e-03,
        1.09716076e-03,  1.08380789e-03,  3.08994542e-01, -8.90191286e-06,
        1.09760586e-03,  1.09916369e-03,  1.15565375e-03,  1.16951151e-06,
        1.13062569e-03,  1.06770169e-03])}
{'img': array([[[ 0.        ,  0.03400442,  0.14670357, ..., -0.95982451,
         -0.93531794, -0.94993078],
        [-0.03400442,  0.        ,  0.11298221, ..., -0.9688111 ,
         -0.94680808, -0.96000646],
        [-0.14670357, -0.11298221,  0.        , ..., -0.99060486,
         -0.97710322, -0.98549206],
        ...,
        [ 0.95982451,  0.9688111 ,  0.99060486, ...,  0.        ,
          0.0771428 ,  0.03335566],
        [ 0.93531794,  0.94680808,  0.97710322, ..., -0.0771428 ,
          0.        , -0.04384362],
        [ 0.94993078,  0.96000646,  0.98549206, ..., -0.03335566,
          0.04384362,  0.        ]],

       [[ 0.        , -0.16278013, -0.01441572, ...,  0.60800855,
          0.28683716,  0.05259181],
        [ 0.16278013,  0.        ,  0.14853977, ...,  0.72913526,
          0.43895143,  0.21444522],
        [ 0.01441572, -0.14853977,  0.        , ...,  0.61939045,
          0.30061731,  0.06698212],
        ...,
        [-0.60800855, -0.72913526, -0.61939045, ...,  0.        ,
         -0.35473088, -0.56541288],
        [-0.28683716, -0.43895143, -0.30061731, ...,  0.35473088,
          0.        , -0.23605833],
        [-0.05259181, -0.21444522, -0.06698212, ...,  0.56541288,
          0.23605833,  0.        ]],

       [[ 0.        ,  0.0551265 ,  0.11750858, ..., -0.996559  ,
         -0.99688572, -0.99872737],
        [-0.0551265 ,  0.        ,  0.06258532, ..., -0.99961285,
         -0.9997171 , -0.99998896],
        [-0.11750858, -0.06258532,  0.        , ..., -0.99939457,
         -0.99924586, -0.99773455],
        ...,
        [ 0.996559  ,  0.99961285,  0.99939457, ...,  0.        ,
         -0.00403988, -0.03251989],
        [ 0.99688572,  0.9997171 ,  0.99924586, ...,  0.00403988,
          0.        , -0.02848188],
        [ 0.99872737,  0.99998896,  0.99773455, ...,  0.03251989,
          0.02848188,  0.        ]],

       ...,

       [[ 0.        , -0.13290295,  0.07755409, ...,  0.08089811,
          0.19065701,  0.29866132],
        [ 0.13290295,  0.        ,  0.20936878, ...,  0.21264781,
          0.31943077,  0.42284907],
        [-0.07755409, -0.20936878,  0.        , ...,  0.00335456,
          0.11395128,  0.22374734],
        ...,
        [-0.08089811, -0.21264781, -0.00335456, ...,  0.        ,
          0.11061794,  0.22047658],
        [-0.19065701, -0.31943077, -0.11395128, ..., -0.11061794,
          0.        ,  0.11122763],
        [-0.29866132, -0.42284907, -0.22374734, ..., -0.22047658,
         -0.11122763,  0.        ]],

       [[ 0.        ,  0.00781526,  0.02557957, ..., -0.67695475,
         -0.60303814, -0.3618984 ],
        [-0.00781526,  0.        ,  0.01776608, ..., -0.67118185,
         -0.59678539, -0.35460182],
        [-0.02557957, -0.01776608,  0.        , ..., -0.65790605,
         -0.58243568, -0.33793426],
        ...,
        [ 0.67695475,  0.67118185,  0.65790605, ...,  0.        ,
         -0.09616424, -0.36470296],
        [ 0.60303814,  0.59678539,  0.58243568, ...,  0.09616424,
          0.        , -0.27347191],
        [ 0.3618984 ,  0.35460182,  0.33793426, ...,  0.36470296,
          0.27347191,  0.        ]],

       [[ 0.        ,  0.0121545 ,  0.0185544 , ..., -0.99985606,
         -0.9973808 , -0.99212631],
        [-0.0121545 ,  0.        ,  0.00640062, ..., -0.99998842,
         -0.99818625, -0.99357527],
        [-0.0185544 , -0.00640062,  0.        , ..., -0.99999874,
         -0.99855113, -0.9942793 ],
        ...,
        [ 0.99985606,  0.99998842,  0.99999874, ...,  0.        ,
          0.05539723,  0.10839062],
        [ 0.9973808 ,  0.99818625,  0.99855113, ..., -0.05539723,
          0.        ,  0.05315332],
        [ 0.99212631,  0.99357527,  0.9942793 , ..., -0.10839062,
         -0.05315332,  0.        ]]]), 'num': array([9.40903516e-01, 2.68167880e-02, 1.87312854e-05, 1.07539615e-03,
       1.08751639e-03, 1.07539615e-03, 3.37597262e-01, 0.00000000e+00,
       1.08112572e-03, 1.08850805e-03, 1.14033127e-03, 1.07762405e-06,
       1.11946094e-03, 1.05755516e-03])}
{'img': array([[[ 0.        ,  0.11298221,  0.15553988, ..., -0.94680808,
         -0.96000646, -0.96000646],
        [-0.11298221,  0.        ,  0.04293678, ..., -0.97710322,
         -0.98549206, -0.98549206],
        [-0.15553988, -0.04293678,  0.        , ..., -0.9853376 ,
         -0.99187053, -0.99187053],
        ...,
        [ 0.94680808,  0.97710322,  0.9853376 , ...,  0.        ,
         -0.04384362, -0.04384362],
        [ 0.96000646,  0.98549206,  0.99187053, ...,  0.04384362,
          0.        ,  0.        ],
        [ 0.96000646,  0.98549206,  0.99187053, ...,  0.04384362,
          0.        ,  0.        ]],

       [[ 0.        ,  0.14853977,  0.45609014, ...,  0.43895143,
          0.21444522,  0.30009396],
        [-0.14853977,  0.        ,  0.31883995, ...,  0.30061731,
          0.06698212,  0.15507133],
        [-0.45609014, -0.31883995,  0.        , ..., -0.0191643 ,
         -0.25463767, -0.1680051 ],
        ...,
        [-0.43895143, -0.30061731,  0.0191643 , ...,  0.        ,
         -0.23605833, -0.14908234],
        [-0.21444522, -0.06698212,  0.25463767, ...,  0.23605833,
          0.        ,  0.08855121],
        [-0.30009396, -0.15507133,  0.1680051 , ...,  0.14908234,
         -0.08855121,  0.        ]],

       [[ 0.        ,  0.06258532,  0.03645515, ..., -0.9997171 ,
         -0.99998896, -0.9991796 ],
        [-0.06258532,  0.        , -0.02616004, ..., -0.99924586,
         -0.99773455, -0.99468621],
        [-0.03645515,  0.02616004,  0.        , ..., -0.99991966,
         -0.99915298, -0.99703905],
        ...,
        [ 0.9997171 ,  0.99924586,  0.99991966, ...,  0.        ,
         -0.02848188, -0.06425258],
        [ 0.99998896,  0.99773455,  0.99915298, ...,  0.02848188,
          0.        , -0.03580348],
        [ 0.9991796 ,  0.99468621,  0.99703905, ...,  0.06425258,
          0.03580348,  0.        ]],

       ...,

       [[ 0.        ,  0.20936878,  0.10349895, ...,  0.31943077,
          0.42284907,  0.28720855],
        [-0.20936878,  0.        , -0.1070393 , ...,  0.11395128,
          0.22374734,  0.08029541],
        [-0.10349895,  0.1070393 ,  0.        , ...,  0.21963869,
          0.32678742,  0.18652778],
        ...,
        [-0.31943077, -0.11395128, -0.21963869, ...,  0.        ,
          0.11122763, -0.03381096],
        [-0.42284907, -0.22374734, -0.32678742, ..., -0.11122763,
          0.        , -0.14476519],
        [-0.28720855, -0.08029541, -0.18652778, ...,  0.03381096,
          0.14476519,  0.        ]],

       [[ 0.        ,  0.01776308,  0.04572406, ..., -0.59861379,
         -0.38815632, -0.35454568],
        [-0.01776308,  0.        ,  0.02797235, ..., -0.58429045,
         -0.37172474, -0.33788058],
        [-0.04572406, -0.02797235,  0.        , ..., -0.56136101,
         -0.34561135, -0.3114211 ],
        ...,
        [ 0.59861379,  0.58429045,  0.56136101, ...,  0.        ,
         -0.24075073, -0.27572257],
        [ 0.38815632,  0.37172474,  0.34561135, ...,  0.24075073,
          0.        , -0.03619417],
