state_0,state_1,state_2,state_3,state_4,state_5,state_6,state_7,state_8,state_9,state_10,state_11,state_12,state_13,state_14,state_15,state_16,state_17,state_18,state_19,state_20,state_21,state_22,state_23,state_24,state_25,state_26,state_27,state_28,state_29,state_30,state_31,state_32,state_33,state_34,state_35,state_36,state_37,state_38,state_39,state_40,state_41,state_42,state_43,state_44,state_45,state_46,state_47,state_48,state_49,state_50,state_51,state_52,state_53,state_54,state_55,state_56,state_57,state_58,state_59,state_60,state_61,state_62,state_63,state_64,state_65,state_66,state_67,state_68,state_69,state_70,state_71,state_72,state_73,state_74,state_75,state_76,state_77,state_78,state_79,state_80,state_81,state_82,state_83,state_84,state_85,state_86,state_87,state_88,state_89,state_90,state_91,state_92,state_93,state_94,state_95,state_96,state_97,state_98,state_99,state_100,state_101,state_102,state_103,state_104,state_105,state_106,state_107,state_108,state_109,state_110,state_111,state_112,state_113,state_114,state_115,state_116,state_117,state_118,state_119,state_120,state_121,state_122,state_123,state_124,state_125,state_126,state_127,state_128,state_129,state_130,state_131,state_132,state_133,state_134,state_135,state_136,state_137,state_138,state_139,state_140,state_141,state_142,state_143,state_144,state_145,state_146,state_147,state_148,state_149,state_150,state_151,state_152,state_153,state_154,state_155,state_156,state_157,state_158,state_159,state_160,state_161,state_162,state_163,state_164,state_165,state_166,state_167,state_168,state_169,state_170,state_171,state_172,state_173,state_174,state_175,state_176,state_177,state_178,state_179,state_180,state_181,state_182,state_183,state_184,state_185,state_186,state_187,state_188,state_189,state_190,state_191,state_192,state_193,state_194,state_195,state_196,state_197,state_198,state_199,state_200,state_201,state_202,state_203,state_204,state_205,state_206,state_207,state_208,state_209,state_210,state_211,state_212,state_213,state_214,state_215,state_216,state_217,state_218,state_219,state_220,state_221,state_222,state_223,state_224,state_225,state_226,state_227,state_228,state_229,state_230,state_231,state_232,state_233,state_234,state_235,state_236,state_237,state_238,state_239,state_240,state_241,state_242,state_243,state_244,state_245,state_246,state_247,state_248,state_249,state_250,state_251,state_252,state_253,state_254,state_255,state_256,state_257,state_258,state_259,state_260,state_261,state_262,state_263,state_264,state_265,state_266,state_267,state_268,state_269,state_270,state_271,state_272,state_273,state_274,state_275,state_276,state_277,state_278,state_279,state_280,state_281,state_282,state_283,state_284,state_285,state_286,state_287
{'img': array([[[ 0.00000000e+00, -2.13901305e-01, -2.54033706e-01, ...,
          9.94115073e-01,  6.09589715e-01,  9.05882707e-01],
        [ 2.13901305e-01,  0.00000000e+00, -4.12698153e-02, ...,
          9.47934793e-01,  4.25917710e-01,  7.94322970e-01],
        [ 2.54033706e-01,  4.12698153e-02,  0.00000000e+00, ...,
          9.33984218e-01,  3.88215488e-01,  7.68575003e-01],
        ...,
        [-9.94115073e-01, -9.47934793e-01, -9.33984218e-01, ...,
          0.00000000e+00,  7.22015624e-01,  3.22902649e-01],
        [-6.09589715e-01, -4.25917710e-01, -3.88215488e-01, ...,
         -7.22015624e-01,  0.00000000e+00, -4.59929989e-01],
        [-9.05882707e-01, -7.94322970e-01, -7.68575003e-01, ...,
         -3.22902649e-01,  4.59929989e-01,  0.00000000e+00]],

       [[ 0.00000000e+00, -2.59399496e-01,  5.47174521e-02, ...,
          3.46381752e-01,  9.77688916e-01,  9.29363404e-01],
        [ 2.59399496e-01,  0.00000000e+00,  3.11855364e-01, ...,
          5.77866161e-01,  9.98711682e-01,  9.93312914e-01],
        [-5.47174521e-02, -3.11855364e-01,  0.00000000e+00, ...,
          2.94532736e-01,  9.64730378e-01,  9.07771272e-01],
        ...,
        [-3.46381752e-01, -5.77866161e-01, -2.94532736e-01, ...,
          0.00000000e+00,  8.44403483e-01,  7.43957475e-01],
        [-9.77688916e-01, -9.98711682e-01, -9.64730378e-01, ...,
         -8.44403483e-01,  0.00000000e+00, -1.65709416e-01],
        [-9.29363404e-01, -9.93312914e-01, -9.07771272e-01, ...,
         -7.43957475e-01,  1.65709416e-01,  0.00000000e+00]],

       [[ 0.00000000e+00,  1.70115934e-01,  2.20014160e-01, ...,
          6.71327242e-01,  5.00267117e-01,  2.20211291e-01],
        [-1.70115934e-01,  0.00000000e+00,  5.08597174e-02, ...,
          7.87625321e-01,  6.40273727e-01,  3.82941465e-01],
        [-2.20014160e-01, -5.08597174e-02,  0.00000000e+00, ...,
          8.17943425e-01,  6.78512820e-01,  4.29428678e-01],
        ...,
        [-6.71327242e-01, -7.87625321e-01, -8.17943425e-01, ...,
          0.00000000e+00,  2.10504364e-01,  4.91635597e-01],
        [-5.00267117e-01, -6.40273727e-01, -6.78512820e-01, ...,
         -2.10504364e-01,  0.00000000e+00,  2.97312060e-01],
        [-2.20211291e-01, -3.82941465e-01, -4.29428678e-01, ...,
         -4.91635597e-01, -2.97312060e-01,  0.00000000e+00]],

       ...,

       [[ 0.00000000e+00, -3.65017224e-01, -3.37822027e-01, ...,
          7.31930830e-01,  8.45262067e-01,  8.15929289e-01],
        [ 3.65017224e-01,  0.00000000e+00,  2.90452982e-02, ...,
          9.30143213e-01,  9.81987308e-01,  9.70666124e-01],
        [ 3.37822027e-01, -2.90452982e-02,  0.00000000e+00, ...,
          9.19085437e-01,  9.76084985e-01,  9.63273194e-01],
        ...,
        [-7.31930830e-01, -9.30143213e-01, -9.19085437e-01, ...,
          0.00000000e+00,  1.84835084e-01,  1.32789976e-01],
        [-8.45262067e-01, -9.81987308e-01, -9.76084985e-01, ...,
         -1.84835084e-01,  0.00000000e+00, -5.26962759e-02],
        [-8.15929289e-01, -9.70666124e-01, -9.63273194e-01, ...,
         -1.32789976e-01,  5.26962759e-02,  0.00000000e+00]],

       [[ 0.00000000e+00,  4.39875168e-03,  5.11754257e-03, ...,
          6.20249945e-01,  5.59259667e-01,  2.61388181e-01],
        [-4.39875168e-03,  0.00000000e+00,  7.18798981e-04, ...,
          6.23694344e-01,  5.62900789e-01,  2.65631475e-01],
        [-5.11754257e-03, -7.18798981e-04,  0.00000000e+00, ...,
          6.24256046e-01,  5.63494748e-01,  2.66324383e-01],
        ...,
        [-6.20249945e-01, -6.23694344e-01, -6.24256046e-01, ...,
          0.00000000e+00,  7.54969236e-02,  3.93652193e-01],
        [-5.59259667e-01, -5.62900789e-01, -5.63494748e-01, ...,
         -7.54969236e-02,  0.00000000e+00,  3.23127463e-01],
        [-2.61388181e-01, -2.65631475e-01, -2.66324383e-01, ...,
         -3.93652193e-01, -3.23127463e-01,  0.00000000e+00]],

       [[ 0.00000000e+00,  2.39014268e-02,  2.51569738e-02, ...,
          9.83214820e-01,  9.61284733e-01,  6.58914717e-01],
        [-2.39014268e-02,  0.00000000e+00,  1.25592460e-03, ...,
          9.78573080e-01,  9.67596319e-01,  6.76705554e-01],
        [-2.51569738e-02, -1.25592460e-03,  0.00000000e+00, ...,
          9.78313713e-01,  9.67912680e-01,  6.77629699e-01],
        ...,
        [-9.83214820e-01, -9.78573080e-01, -9.78313713e-01, ...,
          0.00000000e+00,  4.46319749e-01,  8.59811644e-01],
        [-9.61284733e-01, -9.67596319e-01, -9.67912680e-01, ...,
         -4.46319749e-01,  0.00000000e+00,  5.41526781e-01],
        [-6.58914717e-01, -6.76705554e-01, -6.77629699e-01, ...,
         -8.59811644e-01, -5.41526781e-01,  0.00000000e+00]]]), 'num': array([9.99999980e-01, 1.08552434e-06, 7.49062815e-06, 4.00656620e-05,
       4.02157206e-05, 3.91653100e-05, 1.67732868e-04, 4.50175977e-07,
       3.94954391e-05, 3.69969624e-05, 3.31064416e-05, 2.19488785e-08,
       4.08232817e-05, 3.31706431e-05])}
{'img': array([[[ 0.00000000e+00, -4.12698153e-02, -1.78992815e-01, ...,
          4.25917710e-01,  7.94322970e-01,  6.26630893e-01],
        [ 4.12698153e-02,  0.00000000e+00, -1.38236997e-01, ...,
          3.88215488e-01,  7.68575003e-01,  5.93934792e-01],
        [ 1.78992815e-01,  1.38236997e-01,  0.00000000e+00, ...,
          2.57093421e-01,  6.72757593e-01,  4.77019044e-01],
        ...,
        [-4.25917710e-01, -3.88215488e-01, -2.57093421e-01, ...,
          0.00000000e+00, -4.59929989e-01, -2.35027193e-01],
        [-7.94322970e-01, -7.68575003e-01, -6.72757593e-01, ...,
          4.59929989e-01,  0.00000000e+00,  2.38353182e-01],
        [-6.26630893e-01, -5.93934792e-01, -4.77019044e-01, ...,
          2.35027193e-01, -2.38353182e-01,  0.00000000e+00]],

       [[ 0.00000000e+00,  3.11855364e-01,  2.10477157e-01, ...,
          9.98711682e-01,  9.93312914e-01,  5.48016820e-01],
        [-3.11855364e-01,  0.00000000e+00, -1.04888848e-01, ...,
          9.64730378e-01,  9.07771272e-01,  2.59830177e-01],
        [-2.10477157e-01,  1.04888848e-01,  0.00000000e+00, ...,
          9.87019819e-01,  9.46761216e-01,  3.59683311e-01],
        ...,
        [-9.98711682e-01, -9.64730378e-01, -9.87019819e-01, ...,
          0.00000000e+00, -1.65709416e-01, -8.63198368e-01],
        [-9.93312914e-01, -9.07771272e-01, -9.46761216e-01, ...,
          1.65709416e-01,  0.00000000e+00, -7.67603457e-01],
        [-5.48016820e-01, -2.59830177e-01, -3.59683311e-01, ...,
          8.63198368e-01,  7.67603457e-01,  0.00000000e+00]],

       [[ 0.00000000e+00,  4.96998352e-02,  0.00000000e+00, ...,
          7.82980355e-01,  7.19672920e-01,  3.74887139e-01],
        [-4.96998352e-02,  0.00000000e+00, -4.96998352e-02, ...,
          8.12928352e-01,  7.53290802e-01,  4.20499102e-01],
        [ 0.00000000e+00,  4.96998352e-02,  0.00000000e+00, ...,
          7.82980355e-01,  7.19672920e-01,  3.74887139e-01],
        ...,
        [-7.82980355e-01, -8.12928352e-01, -7.82980355e-01, ...,
          0.00000000e+00,  9.59636622e-02,  4.92680748e-01],
        [-7.19672920e-01, -7.53290802e-01, -7.19672920e-01, ...,
         -9.59636622e-02,  0.00000000e+00,  4.06898395e-01],
        [-3.74887139e-01, -4.20499102e-01, -3.74887139e-01, ...,
         -4.92680748e-01, -4.06898395e-01,  0.00000000e+00]],

       ...,

       [[ 0.00000000e+00,  2.90452982e-02, -8.77775451e-02, ...,
          9.81987308e-01,  9.70666124e-01,  9.70666124e-01],
        [-2.90452982e-02,  0.00000000e+00, -1.16673698e-01, ...,
          9.76084985e-01,  9.63273194e-01,  9.63273194e-01],
        [ 8.77775451e-02,  1.16673698e-01,  0.00000000e+00, ...,
          9.94782231e-01,  9.88023933e-01,  9.88023933e-01],
        ...,
        [-9.81987308e-01, -9.76084985e-01, -9.94782231e-01, ...,
          0.00000000e+00, -5.26962759e-02, -5.26962759e-02],
        [-9.70666124e-01, -9.63273194e-01, -9.88023933e-01, ...,
          5.26962759e-02,  0.00000000e+00,  0.00000000e+00],
        [-9.70666124e-01, -9.63273194e-01, -9.88023933e-01, ...,
          5.26962759e-02,  0.00000000e+00,  0.00000000e+00]],

       [[ 0.00000000e+00,  7.01994092e-04,  4.52680138e-04, ...,
          7.18860845e-01,  6.38206642e-01,  2.59637046e-01],
        [-7.01994092e-04,  0.00000000e+00, -2.49313994e-04, ...,
          7.19348661e-01,  6.38746926e-01,  2.60314902e-01],
        [-4.52680138e-04,  2.49313994e-04,  0.00000000e+00, ...,
          7.19175453e-01,  6.38555079e-01,  2.60074176e-01],
        ...,
        [-7.18860845e-01, -7.19348661e-01, -7.19175453e-01, ...,
          0.00000000e+00,  1.09773979e-01,  5.13720695e-01],
        [-6.38206642e-01, -6.38746926e-01, -6.38555079e-01, ...,
         -1.09773979e-01,  0.00000000e+00,  4.16434655e-01],
        [-2.59637046e-01, -2.60314902e-01, -2.60074176e-01, ...,
         -5.13720695e-01, -4.16434655e-01,  0.00000000e+00]],

       [[ 0.00000000e+00,  1.25057012e-03,  3.21285716e-03, ...,
          9.72864477e-01,  7.91078938e-01,  6.74577933e-01],
        [-1.25057012e-03,  0.00000000e+00,  1.96229098e-03, ...,
          9.73153068e-01,  7.91843311e-01,  6.75500581e-01],
        [-3.21285716e-03, -1.96229098e-03,  0.00000000e+00, ...,
          9.73602833e-01,  7.93040205e-01,  6.76946194e-01],
        ...,
        [-9.72864477e-01, -9.73153068e-01, -9.73602833e-01, ...,
          0.00000000e+00,  4.12078463e-01,  5.62091163e-01],
        [-7.91078938e-01, -7.91843311e-01, -7.93040205e-01, ...,
         -4.12078463e-01,  0.00000000e+00,  1.71328532e-01],
        [-6.74577933e-01, -6.75500581e-01, -6.76946194e-01, ...,
         -5.62091163e-01, -1.71328532e-01,  0.00000000e+00]]]), 'num': array([ 7.06364403e-01,  7.06364403e-01,  0.00000000e+00,  1.08974434e-03,
        1.13350917e-03,  1.08536786e-03,  4.57080265e-02, -7.87766992e-05,
        1.14226214e-03,  1.08208549e-03,  9.69128459e-04,  5.29500447e-07,
        1.19130046e-03,  9.72870530e-04])}
{'img': array([[[ 0.00000000e+00, -1.38236997e-01, -6.23402665e-02, ...,
          7.68575003e-01,  5.93934792e-01,  9.96122498e-01],
        [ 1.38236997e-01,  0.00000000e+00,  7.62263706e-02, ...,
          6.72757593e-01,  4.77019044e-01,  9.74397213e-01],
        [ 6.23402665e-02, -7.62263706e-02,  0.00000000e+00, ...,
          7.27197299e-01,  5.42625995e-01,  9.88700478e-01],
        ...,
        [-7.68575003e-01, -6.72757593e-01, -7.27197299e-01, ...,
          0.00000000e+00,  2.38353182e-01, -5.69662025e-01],
        [-5.93934792e-01, -4.77019044e-01, -5.42625995e-01, ...,
         -2.38353182e-01,  0.00000000e+00, -7.49141023e-01],
        [-9.96122498e-01, -9.74397213e-01, -9.88700478e-01, ...,
          5.69662025e-01,  7.49141023e-01,  0.00000000e+00]],

       [[ 0.00000000e+00, -5.60792739e-02, -9.24673148e-02, ...,
          4.96691888e-01,  1.35645909e-01,  4.36302650e-01],
        [ 5.60792739e-02,  0.00000000e+00, -3.64827862e-02, ...,
          5.44582966e-01,  1.90993400e-01,  3.85155920e-01],
        [ 9.24673148e-02,  3.64827862e-02,  0.00000000e+00, ...,
          5.74818795e-01,  2.26677439e-01,  3.51231320e-01],
        ...,
        [-4.96691888e-01, -5.44582966e-01, -5.74818795e-01, ...,
          0.00000000e+00, -3.74370416e-01,  8.25602172e-01],
        [-1.35645909e-01, -1.90993400e-01, -2.26677439e-01, ...,
          3.74370416e-01,  0.00000000e+00,  5.54324257e-01],
        [-4.36302650e-01, -3.85155920e-01, -3.51231320e-01, ...,
         -8.25602172e-01, -5.54324257e-01,  0.00000000e+00]],

       [[ 0.00000000e+00, -4.96998352e-02, -1.30019832e-01, ...,
          7.53290802e-01,  4.20499102e-01,  7.20732631e-01],
        [ 4.96998352e-02,  0.00000000e+00, -8.05812010e-02, ...,
          7.19672920e-01,  3.74887139e-01,  6.85389370e-01],
        [ 1.30019832e-01,  8.05812010e-02,  0.00000000e+00, ...,
          6.61383982e-01,  2.98963573e-01,  6.24483158e-01],
        ...,
        [-7.53290802e-01, -7.19672920e-01, -6.61383982e-01, ...,
          0.00000000e+00,  4.06898395e-01,  4.81741822e-02],
        [-4.20499102e-01, -3.74887139e-01, -2.98963573e-01, ...,
         -4.06898395e-01,  0.00000000e+00, -3.62420130e-01],
        [-7.20732631e-01, -6.85389370e-01, -6.24483158e-01, ...,
         -4.81741822e-02,  3.62420130e-01,  0.00000000e+00]],

       ...,

       [[ 0.00000000e+00, -1.16673698e-01,  2.53314762e-01, ...,
          9.63273194e-01,  9.63273194e-01,  6.95912829e-01],
        [ 1.16673698e-01,  0.00000000e+00,  3.64452956e-01, ...,
          9.88023933e-01,  9.88023933e-01,  7.74946401e-01],
        [-2.53314762e-01, -3.64452956e-01,  0.00000000e+00, ...,
          8.63834078e-01,  8.63834078e-01,  4.91302890e-01],
        ...,
        [-9.63273194e-01, -9.88023933e-01, -8.63834078e-01, ...,
          0.00000000e+00,  0.00000000e+00, -5.04882983e-01],
        [-9.63273194e-01, -9.88023933e-01, -8.63834078e-01, ...,
          0.00000000e+00,  0.00000000e+00, -5.04882983e-01],
        [-6.95912829e-01, -7.74946401e-01, -4.91302890e-01, ...,
          5.04882983e-01,  5.04882983e-01,  0.00000000e+00]],

       [[ 0.00000000e+00, -2.49010023e-04, -5.97539217e-02, ...,
          6.46816935e-01,  3.53162846e-01,  2.60008436e-01],
        [ 2.49010023e-04,  0.00000000e+00, -5.95053548e-02, ...,
          6.46627009e-01,  3.52929870e-01,  2.59767983e-01],
        [ 5.97539217e-02,  5.95053548e-02,  0.00000000e+00, ...,
          6.00090115e-01,  2.96628302e-01,  2.01845071e-01],
        ...,
        [-6.46816935e-01, -6.46627009e-01, -6.00090115e-01, ...,
          0.00000000e+00,  3.35799274e-01,  4.26276324e-01],
        [-3.53162846e-01, -3.52929870e-01, -2.96628302e-01, ...,
         -3.35799274e-01,  0.00000000e+00,  9.77623066e-02],
        [-2.60008436e-01, -2.59767983e-01, -2.01845071e-01, ...,
         -4.26276324e-01, -9.77623066e-02,  0.00000000e+00]],

       [[ 0.00000000e+00,  1.92142830e-03, -6.09595751e-03, ...,
          9.11060355e-01,  8.95362115e-01,  6.65037218e-01],
        [-1.92142830e-03,  0.00000000e+00, -8.01733886e-03, ...,
          9.11850826e-01,  8.96216149e-01,  6.66470932e-01],
        [ 6.09595751e-03,  8.01733886e-03,  0.00000000e+00, ...,
          9.08530228e-01,  8.92630712e-01,  6.60472338e-01],
        ...,
        [-9.11060355e-01, -9.11850826e-01, -9.08530228e-01, ...,
          0.00000000e+00,  3.65969331e-02,  4.06212289e-01],
        [-8.95362115e-01, -8.96216149e-01, -8.92630712e-01, ...,
         -3.65969331e-02,  0.00000000e+00,  3.72498671e-01],
        [-6.65037218e-01, -6.66470932e-01, -6.60472338e-01, ...,
         -4.06212289e-01, -3.72498671e-01,  0.00000000e+00]]]), 'num': array([7.07081454e-01, 7.07081454e-01, 0.00000000e+00, 1.10837427e-03,
       1.12589798e-03, 1.09961242e-03, 7.88105804e-03, 1.75237039e-05,
       1.13991694e-03, 1.08756488e-03, 9.74025877e-04, 5.59491752e-07,
       1.19350270e-03, 9.81627056e-04])}
{'img': array([[[ 0.        ,  0.07622637, -0.25709342, ...,  0.47701904,
          0.97439721,  0.936421  ],
        [-0.07622637,  0.        , -0.33000956, ...,  0.542626  ,
          0.98870048,  0.96044271],
        [ 0.25709342,  0.33000956,  0.        , ...,  0.23502719,
          0.88384117,  0.81473611],
        ...,
        [-0.47701904, -0.542626  , -0.23502719, ...,  0.        ,
         -0.74914102, -0.6556381 ],
        [-0.97439721, -0.98870048, -0.88384117, ...,  0.74914102,
          0.        ,  0.13135628],
        [-0.936421  , -0.96044271, -0.81473611, ...,  0.6556381 ,
         -0.13135628,  0.        ]],

       [[ 0.        , -0.03648279,  0.04088468, ...,  0.1909934 ,
          0.38515592,  0.39140413],
        [ 0.03648279,  0.        ,  0.07730974, ...,  0.22667744,
          0.35123132,  0.42471571],
        [-0.04088468, -0.07730974,  0.        , ...,  0.15070166,
          0.42256437,  0.35345401],
        ...,
        [-0.1909934 , -0.22667744, -0.15070166, ...,  0.        ,
          0.55432426,  0.20844316],
        [-0.38515592, -0.35123132, -0.42256437, ..., -0.55432426,
          0.        , -0.71563565],
        [-0.39140413, -0.42471571, -0.35345401, ..., -0.20844316,
          0.71563565,  0.        ]],

       [[ 0.        , -0.0805812 , -0.37488714, ...,  0.37488714,
          0.68538937,  0.72996476],
        [ 0.0805812 ,  0.        , -0.29896357, ...,  0.29896357,
          0.62448316,  0.67251492],
        [ 0.37488714,  0.29896357,  0.        , ...,  0.        ,
          0.36242013,  0.4204991 ],
        ...,
        [-0.37488714, -0.29896357, -0.        , ...,  0.        ,
         -0.36242013, -0.4204991 ],
        [-0.68538937, -0.62448316, -0.36242013, ...,  0.36242013,
          0.        , -0.06309017],
        [-0.72996476, -0.67251492, -0.4204991 , ...,  0.4204991 ,
          0.06309017,  0.        ]],

       ...,

       [[ 0.        ,  0.36445296,  0.31062242, ...,  0.98802393,
          0.7749464 ,  0.85230848],
        [-0.36445296,  0.        , -0.05716634, ...,  0.86383408,
          0.49130289,  0.60306497],
        [-0.31062242,  0.05716634,  0.        , ...,  0.89122047,
          0.54029068,  0.64767989],
        ...,
        [-0.98802393, -0.86383408, -0.89122047, ...,  0.        ,
         -0.50488298, -0.38526368],
        [-0.7749464 , -0.49130289, -0.54029068, ...,  0.50488298,
          0.        ,  0.1333544 ],
        [-0.85230848, -0.60306497, -0.64767989, ...,  0.38526368,
         -0.1333544 ,  0.        ]],

       [[ 0.        , -0.05940089, -0.25932543, ...,  0.4036136 ,
          0.37102679,  0.25932543],
        [ 0.05940089,  0.        , -0.20149874, ...,  0.34855328,
          0.31521065,  0.20149874],
        [ 0.25932543,  0.20149874,  0.        , ...,  0.15254148,
          0.11751861,  0.        ],
        ...,
        [-0.4036136 , -0.34855328, -0.15254148, ...,  0.        ,
          0.03534117,  0.15254148],
        [-0.37102679, -0.31521065, -0.11751861, ..., -0.03534117,
          0.        ,  0.11751861],
        [-0.25932543, -0.20149874, -0.        , ..., -0.15254148,
         -0.11751861,  0.        ]],

       [[ 0.        , -0.00779195, -0.02231397, ...,  0.96226442,
          0.91524395,  0.65231433],
        [ 0.00779195,  0.        , -0.01452329, ...,  0.9601149 ,
          0.91207679,  0.64638864],
        [ 0.02231397,  0.01452329,  0.        , ...,  0.95595284,
          0.90602576,  0.63523907],
        ...,
        [-0.96226442, -0.9601149 , -0.95595284, ...,  0.        ,
          0.13864384,  0.55184169],
        [-0.91524395, -0.91207679, -0.90602576, ..., -0.13864384,
          0.        ,  0.4308903 ],
        [-0.65231433, -0.64638864, -0.63523907, ..., -0.55184169,
         -0.4308903 ,  0.        ]]]), 'num': array([ 9.61410883e-01,  2.74957414e-01,  5.49162775e-06,  1.50208637e-03,
        1.53212809e-03,  1.50208637e-03,  8.35113155e-03, -1.80250364e-05,
        1.54174145e-03,  1.49637844e-03,  1.34108274e-03,  6.86668053e-07,
        1.63628260e-03,  1.35647427e-03])}
{'img': array([[[ 0.        , -0.33000956,  0.43212895, ...,  0.98870048,
          0.96044271,  0.98340391],
        [ 0.33000956,  0.        ,  0.70552657, ...,  0.88384117,
          0.81473611,  0.86843769],
        [-0.43212895, -0.70552657,  0.        , ...,  0.95639987,
          0.98647685,  0.96524633],
        ...,
        [-0.98870048, -0.88384117, -0.95639987, ...,  0.        ,
          0.13135628,  0.031963  ],
        [-0.96044271, -0.81473611, -0.98647685, ..., -0.13135628,
          0.        , -0.09960311],
        [-0.98340391, -0.86843769, -0.96524633, ..., -0.031963  ,
          0.09960311,  0.        ]],

       [[ 0.        ,  0.07730974,  0.57397776, ...,  0.35123132,
          0.42471571,  0.31371739],
        [-0.07730974,  0.        ,  0.50895322, ...,  0.42256437,
          0.35345401,  0.23937161],
        [-0.57397776, -0.50895322,  0.        , ...,  0.825022  ,
         -0.1718501 , -0.28810726],
        ...,
        [-0.35123132, -0.42256437, -0.825022  , ...,  0.        ,
         -0.71563565, -0.62722995],
        [-0.42471571, -0.35345401,  0.1718501 , ...,  0.71563565,
          0.        , -0.11925778],
        [-0.31371739, -0.23937161,  0.28810726, ...,  0.62722995,
          0.11925778,  0.        ]],

       [[ 0.        , -0.29896357, -0.00838131, ...,  0.62448316,
          0.67251492,  0.81554555],
        [ 0.29896357,  0.        ,  0.29095509, ...,  0.36242013,
          0.4204991 ,  0.6052381 ],
        [ 0.00838131, -0.29095509,  0.        , ...,  0.6179151 ,
          0.66628843,  0.81066671],
        ...,
        [-0.62448316, -0.36242013, -0.6179151 , ...,  0.        ,
         -0.06309017, -0.27558833],
        [-0.67251492, -0.4204991 , -0.66628843, ...,  0.06309017,
          0.        , -0.21439226],
        [-0.81554555, -0.6052381 , -0.81066671, ...,  0.27558833,
          0.21439226,  0.        ]],

       ...,

       [[ 0.        , -0.05716634,  0.46375988, ...,  0.49130289,
          0.60306497,  0.37171113],
        [ 0.05716634,  0.        ,  0.51364862, ...,  0.54029068,
          0.64767989,  0.42417354],
        [-0.46375988, -0.51364862,  0.        , ...,  0.03134551,
          0.16435442, -0.10120922],
        ...,
        [-0.49130289, -0.54029068, -0.03134551, ...,  0.        ,
          0.1333544 , -0.13234405],
        [-0.60306497, -0.64767989, -0.16435442, ..., -0.1333544 ,
          0.        , -0.2633434 ],
        [-0.37171113, -0.42417354,  0.10120922, ...,  0.13234405,
          0.2633434 ,  0.        ]],

       [[ 0.        , -0.20149874, -0.00944437, ...,  0.31521065,
          0.20149874,  0.27613906],
        [ 0.20149874,  0.        ,  0.1922391 , ...,  0.11751861,
          0.        ,  0.07681111],
        [ 0.00944437, -0.1922391 ,  0.        , ...,  0.30623368,
          0.1922391 ,  0.2670496 ],
        ...,
        [-0.31521065, -0.11751861, -0.30623368, ...,  0.        ,
          0.11751861,  0.04089256],
        [-0.20149874, -0.        , -0.1922391 , ..., -0.11751861,
          0.        , -0.07681111],
        [-0.27613906, -0.07681111, -0.2670496 , ..., -0.04089256,
          0.07681111,  0.        ]],

       [[ 0.        , -0.01415429, -0.04077437, ...,  0.96355304,
          0.89655316,  0.63369967],
        [ 0.01415429,  0.        , -0.02662777, ...,  0.95966999,
          0.8901939 ,  0.62268673],
        [ 0.04077437,  0.02662777,  0.        , ...,  0.95184387,
          0.87774713,  0.60163048],
        ...,
        [-0.96355304, -0.95966999, -0.95184387, ...,  0.        ,
          0.18694892,  0.57585888],
        [-0.89655316, -0.8901939 , -0.87774713, ..., -0.18694892,
          0.        ,  0.41286635],
        [-0.63369967, -0.62268673, -0.60163048, ..., -0.57585888,
         -0.41286635,  0.        ]]]), 'num': array([9.61602508e-01, 2.74229012e-01, 5.47707964e-06, 1.50409955e-03,
       1.51608441e-03, 1.45616012e-03, 1.00750461e-02, 5.99242849e-06,
       1.52207684e-03, 1.49690864e-03, 1.34276340e-03, 6.84848971e-07,
       1.63179020e-03, 1.36202707e-03])}
{'img': array([[[ 0.        ,  0.70552657,  0.78090496, ...,  0.81473611,
          0.86843769,  0.85183542],
        [-0.70552657,  0.        ,  0.11270737, ...,  0.98647685,
          0.96524633,  0.97324322],
        [-0.78090496, -0.11270737,  0.        , ...,  0.96171843,
          0.92964085,  0.94114433],
        ...,
        [-0.81473611, -0.98647685, -0.96171843, ...,  0.        ,
         -0.09960311, -0.06715484],
        [-0.86843769, -0.96524633, -0.92964085, ...,  0.09960311,
          0.        ,  0.03255736],
        [-0.85183542, -0.97324322, -0.94114433, ...,  0.06715484,
         -0.03255736,  0.        ]],

       [[ 0.        ,  0.50895322,  0.14583824, ...,  0.35345401,
          0.23937161,  0.3225567 ],
        [-0.50895322,  0.        , -0.37797501, ..., -0.1718501 ,
         -0.28810726, -0.20409481],
        [-0.14583824,  0.37797501,  0.        , ...,  0.21325037,
          0.09521391,  0.18106486],
        ...,
        [-0.35345401,  0.1718501 , -0.21325037, ...,  0.        ,
         -0.11925778, -0.03282566],
        [-0.23937161,  0.28810726, -0.09521391, ...,  0.11925778,
          0.        ,  0.08660212],
        [-0.3225567 ,  0.20409481, -0.18106486, ...,  0.03282566,
         -0.08660212,  0.        ]],

       [[ 0.        ,  0.29095509,  0.45356395, ...,  0.4204991 ,
          0.6052381 ,  0.69840949],
        [-0.29095509,  0.        ,  0.1746352 , ...,  0.66628843,
          0.81066671,  0.87643009],
        [-0.45356395, -0.1746352 ,  0.        , ...,  0.78627416,
          0.90045965,  0.9470541 ],
        ...,
        [-0.4204991 , -0.66628843, -0.78627416, ...,  0.        ,
         -0.21439226, -0.33271147],
        [-0.6052381 , -0.81066671, -0.90045965, ...,  0.21439226,
          0.        , -0.1227971 ],
        [-0.69840949, -0.87643009, -0.9470541 , ...,  0.33271147,
          0.1227971 ,  0.        ]],

       ...,

       [[ 0.        ,  0.51364862,  0.66075476, ...,  0.64767989,
          0.42417354,  0.42417354],
        [-0.51364862,  0.        ,  0.1813824 , ...,  0.16435442,
         -0.10120922, -0.10120922],
        [-0.66075476, -0.1813824 ,  0.        , ..., -0.01728763,
         -0.27998146, -0.27998146],
        ...,
        [-0.64767989, -0.16435442,  0.01728763, ...,  0.        ,
         -0.2633434 , -0.2633434 ],
        [-0.42417354,  0.10120922,  0.27998146, ...,  0.2633434 ,
          0.        ,  0.        ],
        [-0.42417354,  0.10120922,  0.27998146, ...,  0.2633434 ,
          0.        ,  0.        ]],

       [[ 0.        ,  0.1922391 ,  0.32509241, ...,  0.        ,
          0.07681111,  0.08662126],
        [-0.1922391 ,  0.        ,  0.13723172, ...,  0.1922391 ,
          0.2670496 ,  0.27652214],
        [-0.32509241, -0.13723172,  0.        , ...,  0.32509241,
          0.39677088,  0.40578667],
        ...,
        [-0.        , -0.1922391 , -0.32509241, ...,  0.        ,
         -0.07681111, -0.08662126],
        [-0.07681111, -0.2670496 , -0.39677088, ...,  0.07681111,
          0.        , -0.00984294],
        [-0.08662126, -0.27652214, -0.40578667, ...,  0.08662126,
          0.00984294,  0.        ]],

       [[ 0.        , -0.02605054, -0.08539087, ...,  0.94495516,
          0.86939506,  0.61199303],
        [ 0.02605054,  0.        , -0.0594065 , ...,  0.93611074,
          0.85622798,  0.59118293],
        [ 0.08539087,  0.0594065 ,  0.        , ...,  0.91356386,
          0.82402649,  0.54222525],
        ...,
        [-0.94495516, -0.93611074, -0.91356386, ...,  0.        ,
          0.18245306,  0.54708619],
        [-0.86939506, -0.85622798, -0.82402649, ..., -0.18245306,
          0.        ,  0.38517598],
        [-0.61199303, -0.59118293, -0.54222525, ..., -0.54708619,
         -0.38517598,  0.        ]]]), 'num': array([ 9.61013166e-01,  2.76422609e-01,  5.52089158e-06,  1.49800997e-03,
        1.53425215e-03,  1.49196961e-03,  5.13595134e-03, -1.81210884e-05,
        1.51129877e-03,  1.51341290e-03,  1.35867894e-03,  6.20361583e-07,
        1.64134744e-03,  1.38547835e-03])}
{'img': array([[[ 0.        ,  0.14220422,  0.        , ...,  0.99197219,
          0.99569568,  0.98142503],
        [-0.14220422,  0.        , -0.14220422, ...,  0.96390851,
          0.97239686,  0.94416983],
        [ 0.        ,  0.14220422,  0.        , ...,  0.99197219,
          0.99569568,  0.98142503],
        ...,
        [-0.99197219, -0.96390851, -0.99197219, ...,  0.        ,
          0.03397303, -0.06619867],
        [-0.99569568, -0.97239686, -0.99569568, ..., -0.03397303,
          0.        , -0.10005896],
        [-0.98142503, -0.94416983, -0.98142503, ...,  0.06619867,
          0.10005896,  0.        ]],

       [[ 0.        , -0.37797501, -0.26538308, ..., -0.28810726,
         -0.20409481, -0.46676876],
        [ 0.37797501,  0.        ,  0.11872612, ...,  0.09521391,
          0.18106486, -0.09786859],
        [ 0.26538308, -0.11872612,  0.        , ..., -0.02364626,
          0.06302048, -0.21533253],
        ...,
        [ 0.28810726, -0.09521391,  0.02364626, ...,  0.        ,
          0.08660212, -0.19218078],
        [ 0.20409481, -0.18106486, -0.06302048, ..., -0.08660212,
          0.        , -0.27644656],
        [ 0.46676876,  0.09786859,  0.21533253, ...,  0.19218078,
          0.27644656,  0.        ]],

       [[ 0.        ,  0.35977645,  0.48426561, ...,  0.61112376,
          0.70479351,  0.80785066],
        [-0.35977645,  0.        ,  0.13706249, ...,  0.85497769,
          0.91282942,  0.96580344],
        [-0.48426561, -0.13706249,  0.        , ...,  0.91799824,
          0.96018275,  0.9922255 ],
        ...,
        [-0.61112376, -0.85497769, -0.91799824, ...,  0.        ,
         -0.12432994, -0.27925357],
        [-0.70479351, -0.91282942, -0.96018275, ...,  0.12432994,
          0.        , -0.15770306],
        [-0.80785066, -0.96580344, -0.9922255 , ...,  0.27925357,
          0.15770306,  0.        ]],

       ...,

       [[ 0.        ,  0.1813824 ,  0.0993238 , ..., -0.10120922,
         -0.10120922, -0.33022259],
        [-0.1813824 ,  0.        , -0.08280921, ..., -0.27998146,
         -0.27998146, -0.49595248],
        [-0.0993238 ,  0.08280921,  0.        , ..., -0.19952255,
         -0.19952255, -0.42234173],
        ...,
        [ 0.10120922,  0.27998146,  0.19952255, ...,  0.        ,
          0.        , -0.23299525],
        [ 0.10120922,  0.27998146,  0.19952255, ...,  0.        ,
          0.        , -0.23299525],
        [ 0.33022259,  0.49595248,  0.42234173, ...,  0.23299525,
          0.23299525,  0.        ]],

       [[ 0.        ,  0.26590808,  0.31812493, ...,  0.07717127,
          0.08702724,  0.20697674],
        [-0.26590808,  0.        ,  0.05457808, ...,  0.33950808,
          0.34879333,  0.45967532],
        [-0.31812493, -0.05457808,  0.        , ...,  0.39033836,
          0.39942401,  0.50746026],
        ...,
        [-0.07717127, -0.33950808, -0.39033836, ...,  0.        ,
         -0.00988924, -0.13085931],
        [-0.08702724, -0.34879333, -0.39942401, ...,  0.00988924,
          0.        , -0.12104871],
        [-0.20697674, -0.45967532, -0.50746026, ...,  0.13085931,
          0.12104871,  0.        ]],

       [[ 0.        , -0.05776732, -0.07770217, ...,  0.936776  ,
          0.87558901,  0.57777679],
        [ 0.05776732,  0.        , -0.01997975, ...,  0.91499716,
          0.84622195,  0.52966256],
        [ 0.07770217,  0.01997975,  0.        , ...,  0.90675348,
          0.83540721,  0.51260984],
        ...,
        [-0.936776  , -0.91499716, -0.90675348, ...,  0.        ,
          0.14612152,  0.56241052],
        [-0.87558901, -0.84622195, -0.83540721, ..., -0.14612152,
          0.        ,  0.4355522 ],
        [-0.57777679, -0.52966256, -0.51260984, ..., -0.56241052,
         -0.4355522 ,  0.        ]]]), 'num': array([9.60984765e-01, 2.76414440e-01, 5.52072843e-06, 1.49796570e-03,
       1.49796570e-03, 1.45568441e-03, 9.25531396e-03, 0.00000000e+00,
       1.51004607e-03, 1.51699228e-03, 1.36276624e-03, 5.28516124e-07,
       1.63871511e-03, 1.39526945e-03])}
{'img': array([[[ 0.        , -0.14220422,  0.26734854, ...,  0.97239686,
          0.94416983,  0.94416983],
        [ 0.14220422,  0.        ,  0.40165954, ...,  0.99569568,
          0.98142503,  0.98142503],
        [-0.26734854, -0.40165954,  0.        , ...,  0.87462024,
          0.82172152,  0.82172152],
        ...,
        [-0.97239686, -0.99569568, -0.87462024, ...,  0.        ,
         -0.10005896, -0.10005896],
        [-0.94416983, -0.98142503, -0.82172152, ...,  0.10005896,
          0.        ,  0.        ],
        [-0.94416983, -0.98142503, -0.82172152, ...,  0.10005896,
          0.        ,  0.        ]],

       [[ 0.        ,  0.11872612,  0.18795111, ...,  0.18106486,
         -0.09786859,  0.13834964],
        [-0.11872612,  0.        ,  0.0700115 , ...,  0.06302048,
         -0.21533253,  0.01978671],
        [-0.18795111, -0.0700115 ,  0.        , ..., -0.0070065 ,
         -0.28317323, -0.05025964],
        ...,
        [-0.18106486, -0.06302048,  0.0070065 , ...,  0.        ,
         -0.27644656, -0.04326077],
        [ 0.09786859,  0.21533253,  0.28317323, ...,  0.27644656,
          0.        ,  0.23461289],
        [-0.13834964, -0.01978671,  0.05025964, ...,  0.04326077,
         -0.23461289,  0.        ]],

       [[ 0.        ,  0.34153438,  0.57292494, ...,  0.71478291,
          0.81803855,  0.82259518],
        [-0.34153438,  0.        ,  0.25855029, ...,  0.91065334,
          0.96528738,  0.96733776],
        [-0.57292494, -0.25855029,  0.        , ...,  0.98651467,
          0.99999626,  0.9999863 ],
        ...,
        [-0.71478291, -0.91065334, -0.98651467, ...,  0.        ,
         -0.16097535, -0.1688338 ],
        [-0.81803855, -0.96528738, -0.99999626, ...,  0.16097535,
          0.        , -0.00796746],
        [-0.82259518, -0.96733776, -0.9999863 , ...,  0.1688338 ,
          0.00796746,  0.        ]],

       ...,

       [[ 0.        , -0.08280921,  0.53051619, ..., -0.27998146,
         -0.49595248, -0.76092075],
        [ 0.08280921,  0.        ,  0.59888938, ..., -0.19952255,
         -0.42234173, -0.70457698],
        [-0.53051619, -0.59888938,  0.        , ..., -0.74663164,
         -0.88107997, -0.98923603],
        ...,
        [ 0.27998146,  0.19952255,  0.74663164, ...,  0.        ,
         -0.23299525, -0.54882352],
        [ 0.49595248,  0.42234173,  0.88107997, ...,  0.23299525,
          0.        , -0.33894908],
        [ 0.76092075,  0.70457698,  0.98923603, ...,  0.54882352,
          0.33894908,  0.        ]],

       [[ 0.        ,  0.1794996 ,  0.4663389 , ...,  0.08781973,
          0.20884419,  0.26406331],
        [-0.1794996 ,  0.        ,  0.2999782 , ...,  0.26519945,
          0.3809936 ,  0.43290273],
        [-0.4663389 , -0.2999782 ,  0.        , ...,  0.54222302,
          0.64080049,  0.68337839],
        ...,
        [-0.08781973, -0.26519945, -0.54222302, ...,  0.        ,
         -0.12215409, -0.17834047],
        [-0.20884419, -0.3809936 , -0.64080049, ...,  0.12215409,
          0.        , -0.05680909],
        [-0.26406331, -0.43290273, -0.68337839, ...,  0.17834047,
          0.05680909,  0.        ]],

       [[ 0.        , -0.0195713 , -0.22675398, ...,  0.90920677,
          0.80620658,  0.52040651],
        [ 0.0195713 ,  0.        , -0.20764903, ...,  0.90088421,
          0.79447311,  0.50359453],
        [ 0.22675398,  0.20764903,  0.        , ...,  0.79111596,
          0.65105118,  0.31322155],
        ...,
        [-0.90920677, -0.90088421, -0.79111596, ...,  0.        ,
          0.20225779,  0.55972004],
        [-0.80620658, -0.79447311, -0.65105118, ..., -0.20225779,
          0.        ,  0.38054459],
        [-0.52040651, -0.50359453, -0.31322155, ..., -0.55972004,
         -0.38054459,  0.        ]]]), 'num': array([ 9.60146705e-01,  2.79383424e-01,  5.58002689e-06,  1.48963519e-03,
        1.54458075e-03,  1.47132000e-03,  6.71730231e-03, -2.44202490e-05,
        1.51527645e-03,  1.53694942e-03,  1.38086333e-03,  5.10273859e-07,
        1.64977751e-03,  1.42412133e-03])}
{'img': array([[[ 0.        ,  0.40165954,  0.26301499, ...,  0.98142503,
          0.98142503,  0.9491437 ],
        [-0.40165954,  0.        , -0.14665155, ...,  0.82172152,
          0.82172152,  0.74275565],
        [-0.26301499,  0.14665155,  0.        , ...,  0.89641238,
          0.89641238,  0.83291752],
        ...,
        [-0.98142503, -0.82172152, -0.89641238, ...,  0.        ,
          0.        , -0.12690553],
        [-0.98142503, -0.82172152, -0.89641238, ...,  0.        ,
          0.        , -0.12690553],
        [-0.9491437 , -0.74275565, -0.83291752, ...,  0.12690553,
          0.12690553,  0.        ]],

       [[ 0.        ,  0.0700115 , -0.17753496, ..., -0.21533253,
          0.01978671, -0.12002991],
        [-0.0700115 ,  0.        , -0.24599866, ..., -0.28317323,
         -0.05025964, -0.18924072],
        [ 0.17753496,  0.24599866,  0.        , ..., -0.03854173,
          0.19697259,  0.05812826],
        ...,
        [ 0.21533253,  0.28317323,  0.03854173, ...,  0.        ,
          0.23461289,  0.09656163],
        [-0.01978671,  0.05025964, -0.19697259, ..., -0.23461289,
          0.        , -0.13965006],
        [ 0.12002991,  0.18924072, -0.05812826, ..., -0.09656163,
          0.13965006,  0.        ]],

       [[ 0.        ,  0.48229152,  0.6434375 , ...,  0.82714089,
          0.83167945,  0.86911551],
        [-0.48229152,  0.        ,  0.19446468, ...,  0.99562958,
          0.99635545,  0.99990037],
        [-0.6434375 , -0.19446468,  0.        , ...,  0.99478364,
          0.99392207,  0.98355684],
        ...,
        [-0.82714089, -0.99562958, -0.99478364, ...,  0.        ,
         -0.00812437, -0.07932677],
        [-0.83167945, -0.99635545, -0.99392207, ...,  0.00812437,
          0.        , -0.07122538],
        [-0.86911551, -0.99990037, -0.98355684, ...,  0.07932677,
          0.07122538,  0.        ]],

       ...,

       [[ 0.        ,  0.59888938,  0.33249042, ..., -0.42234173,
         -0.70457698, -0.77461818],
        [-0.59888938,  0.        , -0.29854765, ..., -0.88107997,
         -0.98923603, -0.99909396],
        [-0.33249042,  0.29854765,  0.        , ..., -0.69969481,
         -0.90043559, -0.94082419],
        ...,
