state_0,state_1,state_2,state_3,state_4,state_5,state_6,state_7,state_8,state_9,state_10,state_11,state_12,state_13,state_14,state_15,state_16,state_17,state_18,state_19,state_20,state_21,state_22,state_23,state_24,state_25,state_26,state_27,state_28,state_29,state_30,state_31,state_32,state_33,state_34,state_35,state_36,state_37,state_38,state_39,state_40,state_41,state_42,state_43,state_44,state_45,state_46,state_47,state_48,state_49,state_50,state_51,state_52,state_53,state_54,state_55,state_56,state_57,state_58,state_59,state_60,state_61,state_62,state_63,state_64,state_65,state_66,state_67,state_68,state_69,state_70,state_71,state_72,state_73,state_74,state_75,state_76,state_77,state_78,state_79,state_80,state_81,state_82,state_83,state_84,state_85,state_86,state_87,state_88,state_89,state_90,state_91,state_92,state_93,state_94,state_95,state_96,state_97,state_98,state_99,state_100,state_101,state_102,state_103,state_104,state_105,state_106,state_107,state_108,state_109,state_110,state_111,state_112,state_113,state_114,state_115,state_116,state_117,state_118,state_119,state_120,state_121,state_122,state_123,state_124,state_125,state_126,state_127,state_128,state_129,state_130,state_131,state_132,state_133,state_134,state_135,state_136,state_137,state_138,state_139,state_140,state_141,state_142,state_143,state_144,state_145,state_146,state_147,state_148,state_149,state_150,state_151,state_152,state_153,state_154,state_155,state_156,state_157,state_158,state_159,state_160,state_161,state_162,state_163,state_164,state_165,state_166,state_167,state_168,state_169,state_170,state_171,state_172,state_173,state_174,state_175,state_176,state_177,state_178,state_179,state_180,state_181,state_182,state_183,state_184,state_185,state_186,state_187,state_188,state_189,state_190,state_191,state_192,state_193,state_194,state_195,state_196,state_197,state_198,state_199,state_200,state_201,state_202,state_203,state_204,state_205,state_206,state_207,state_208,state_209,state_210,state_211,state_212,state_213,state_214,state_215,state_216,state_217,state_218,state_219,state_220,state_221,state_222,state_223,state_224,state_225,state_226,state_227,state_228,state_229,state_230,state_231,state_232,state_233,state_234,state_235,state_236,state_237,state_238,state_239,state_240,state_241,state_242,state_243,state_244,state_245,state_246,state_247,state_248,state_249,state_250,state_251,state_252,state_253,state_254,state_255,state_256,state_257,state_258,state_259,state_260,state_261,state_262,state_263,state_264,state_265,state_266,state_267,state_268,state_269,state_270,state_271,state_272,state_273,state_274,state_275,state_276,state_277,state_278,state_279,state_280,state_281,state_282,state_283,state_284,state_285,state_286,state_287
{'img': array([[[ 0.        ,  0.74358713,  0.7540607 , ...,  0.64602812,
          0.        ,  0.5687865 ],
        [-0.74358713,  0.        ,  0.01580289, ...,  0.99954981,
          0.74358713,  0.99190228],
        [-0.7540607 , -0.01580289,  0.        , ...,  0.99989912,
          0.7540607 ,  0.99378544],
        ...,
        [-0.64602812, -0.99954981, -0.99989912, ...,  0.        ,
          0.64602812,  0.0971861 ],
        [-0.        , -0.74358713, -0.7540607 , ..., -0.64602812,
          0.        , -0.5687865 ],
        [-0.5687865 , -0.99190228, -0.99378544, ..., -0.0971861 ,
          0.5687865 ,  0.        ]],

       [[ 0.        ,  0.54377455, -0.52535836, ..., -0.7612278 ,
         -0.24362692, -0.36548649],
        [-0.54377455,  0.        , -0.90358467, ..., -0.99147563,
         -0.73184944, -0.81288212],
        [ 0.52535836,  0.90358467,  0.        , ..., -0.30702754,
          0.30223126,  0.17802677],
        ...,
        [ 0.7612278 ,  0.99147563,  0.30702754, ...,  0.        ,
          0.58030297,  0.47155116],
        [ 0.24362692,  0.73184944, -0.30223126, ..., -0.58030297,
          0.        , -0.12770203],
        [ 0.36548649,  0.81288212, -0.17802677, ..., -0.47155116,
          0.12770203,  0.        ]],

       [[ 0.        ,  0.37189236,  0.44013618, ...,  0.56336681,
          0.34306862,  0.        ],
        [-0.37189236,  0.        ,  0.07463411, ...,  0.83021984,
          0.66778465,  0.37189236],
        [-0.44013618, -0.07463411,  0.        , ...,  0.86950809,
          0.72147643,  0.44013618],
        ...,
        [-0.56336681, -0.83021984, -0.86950809, ...,  0.        ,
          0.24573062,  0.56336681],
        [-0.34306862, -0.66778465, -0.72147643, ..., -0.24573062,
          0.        ,  0.34306862],
        [-0.        , -0.37189236, -0.44013618, ..., -0.56336681,
         -0.34306862,  0.        ]],

       ...,

       [[ 0.        ,  0.25615347,  0.17946169, ...,  0.3555257 ,
          0.48643511,  0.72998363],
        [-0.25615347,  0.        , -0.07852065, ...,  0.10424592,
          0.24640019,  0.53055671],
        [-0.17946169,  0.07852065,  0.        , ...,  0.18201689,
          0.32173914,  0.5954766 ],
        ...,
        [-0.3555257 , -0.10424592, -0.18201689, ...,  0.        ,
          0.14402587,  0.43930201],
        [-0.48643511, -0.24640019, -0.32173914, ..., -0.14402587,
          0.        ,  0.30533769],
        [-0.72998363, -0.53055671, -0.5954766 , ..., -0.43930201,
         -0.30533769,  0.        ]],

       [[ 0.        ,  0.29760926,  0.41731205, ...,  0.62982943,
          0.35488526,  0.        ],
        [-0.29760926,  0.        ,  0.12794635, ...,  0.83245353,
          0.61704245,  0.29760926],
        [-0.41731205, -0.12794635,  0.        , ...,  0.89650608,
          0.71265584,  0.41731205],
        ...,
        [-0.62982943, -0.83245353, -0.89650608, ...,  0.        ,
          0.31318249,  0.62982943],
        [-0.35488526, -0.61704245, -0.71265584, ..., -0.31318249,
          0.        ,  0.35488526],
        [-0.        , -0.29760926, -0.41731205, ..., -0.62982943,
         -0.35488526,  0.        ]],

       [[ 0.        ,  0.49871251,  0.65830142, ...,  0.65833656,
          0.68119232,  0.54145618],
        [-0.49871251,  0.        ,  0.1951862 , ...,  0.94601744,
          0.95554502,  0.88859865],
        [-0.65830142, -0.1951862 ,  0.        , ...,  0.99108485,
          0.99471598,  0.96103662],
        ...,
        [-0.65833656, -0.94601744, -0.99108485, ...,  0.        ,
         -0.03077844,  0.14591572],
        [-0.68119232, -0.95554502, -0.99471598, ...,  0.03077844,
          0.        ,  0.17629561],
        [-0.54145618, -0.88859865, -0.96103662, ..., -0.14591572,
         -0.17629561,  0.        ]]]), 'num': array([ 9.97099284e-01,  1.48271160e-02,  2.16837123e-05,  2.33874326e-03,
        2.36713859e-03,  2.31551071e-03,  7.43745653e-02, -1.03255773e-05,
        2.34906883e-03,  2.23187353e-03,  2.15357124e-03,  3.73857109e-06,
        2.41071331e-03,  2.05303376e-03])}
{'img': array([[[ 0.        ,  0.06982631, -0.16724425, ...,  0.16724425,
          0.7379894 ,  0.79377956],
        [-0.06982631,  0.        , -0.23567888, ...,  0.23567888,
          0.78330774,  0.83431082],
        [ 0.16724425,  0.23567888,  0.        , ...,  0.        ,
          0.6147367 ,  0.68088067],
        ...,
        [-0.16724425, -0.23567888, -0.        , ...,  0.        ,
         -0.6147367 , -0.68088067],
        [-0.7379894 , -0.78330774, -0.6147367 , ...,  0.6147367 ,
          0.        , -0.08680295],
        [-0.79377956, -0.83431082, -0.68088067, ...,  0.68088067,
          0.08680295,  0.        ]],

       [[ 0.        , -0.90358467, -0.99941245, ..., -0.73184944,
         -0.81288212, -0.9527425 ],
        [ 0.90358467,  0.        , -0.45912803, ...,  0.30223126,
          0.17802677, -0.68265411],
        [ 0.99941245,  0.45912803,  0.        , ...,  0.70614996,
          0.60994742, -0.27094553],
        ...,
        [ 0.73184944, -0.30223126, -0.70614996, ...,  0.        ,
         -0.12770203, -0.87158251],
        [ 0.81288212, -0.17802677, -0.60994742, ...,  0.12770203,
          0.        , -0.80184073],
        [ 0.9527425 ,  0.68265411,  0.27094553, ...,  0.87158251,
          0.80184073,  0.        ]],

       [[ 0.        ,  0.24581565,  0.28623651, ...,  0.45902376,
          0.31288568,  0.        ],
        [-0.24581565,  0.        ,  0.04192332, ...,  0.66332788,
          0.53675872,  0.24581565],
        [-0.28623651, -0.04192332,  0.        , ...,  0.69411713,
          0.57165903,  0.28623651],
        ...,
        [-0.45902376, -0.66332788, -0.69411713, ...,  0.        ,
          0.15800141,  0.45902376],
        [-0.31288568, -0.53675872, -0.57165903, ..., -0.15800141,
          0.        ,  0.31288568],
        [-0.        , -0.24581565, -0.28623651, ..., -0.45902376,
         -0.31288568,  0.        ]],

       ...,

       [[ 0.        , -0.07852065, -0.11455031, ...,  0.24640019,
          0.53055671,  0.05842623],
        [ 0.07852065,  0.        , -0.03619285, ...,  0.32173914,
          0.5954766 ,  0.13663235],
        [ 0.11455031,  0.03619285,  0.        , ...,  0.35579676,
          0.6241628 ,  0.17239626],
        ...,
        [-0.24640019, -0.32173914, -0.35579676, ...,  0.        ,
          0.30533769, -0.18935443],
        [-0.53055671, -0.5954766 , -0.6241628 , ..., -0.30533769,
          0.        , -0.48012541],
        [-0.05842623, -0.13663235, -0.17239626, ...,  0.18935443,
          0.48012541,  0.        ]],

       [[ 0.        ,  0.3010322 ,  0.45436223, ...,  0.41769577,
          0.22511932,  0.        ],
        [-0.3010322 ,  0.        ,  0.16512156, ...,  0.67183445,
          0.507982  ,  0.3010322 ],
        [-0.45436223, -0.16512156,  0.        , ...,  0.78491809,
          0.64323941,  0.45436223],
        ...,
        [-0.41769577, -0.67183445, -0.78491809, ...,  0.        ,
          0.20243355,  0.41769577],
        [-0.22511932, -0.507982  , -0.64323941, ..., -0.20243355,
          0.        ,  0.22511932],
        [-0.        , -0.3010322 , -0.45436223, ..., -0.41769577,
         -0.22511932,  0.        ]],

       [[ 0.        ,  0.47893607,  0.56382135, ...,  0.70117967,
          0.55871208,  0.07954885],
        [-0.47893607,  0.        ,  0.09939869, ...,  0.95700447,
          0.88767651,  0.54725025],
        [-0.56382135, -0.09939869,  0.        , ...,  0.98109798,
          0.92905033,  0.62773372],
        ...,
        [-0.70117967, -0.95700447, -0.98109798, ...,  0.        ,
          0.18317843,  0.6422405 ],
        [-0.55871208, -0.88767651, -0.92905033, ..., -0.18317843,
          0.        ,  0.49096674],
        [-0.07954885, -0.54725025, -0.62773372, ..., -0.6422405 ,
         -0.49096674,  0.        ]]]), 'num': array([ 7.02760906e-01,  7.02760906e-01,  0.00000000e+00,  2.72319851e-03,
        2.76863564e-03,  2.70805280e-03,  1.10439603e-01, -2.12039928e-05,
        2.75348993e-03,  2.63489903e-03,  2.53291792e-03,  4.02144692e-06,
        2.82477838e-03,  2.44501967e-03])}
{'img': array([[[ 0.        , -0.23567888,  0.1391612 , ...,  0.78330774,
          0.83431082,  0.90108002],
        [ 0.23567888,  0.        ,  0.36862683, ...,  0.6147367 ,
          0.68088067,  0.77349466],
        [-0.1391612 , -0.36862683,  0.        , ...,  0.8621933 ,
          0.90291154,  0.95265993],
        ...,
        [-0.78330774, -0.6147367 , -0.8621933 , ...,  0.        ,
         -0.08680295, -0.22045844],
        [-0.83431082, -0.68088067, -0.90291154, ...,  0.08680295,
          0.        , -0.13495904],
        [-0.90108002, -0.77349466, -0.95265993, ...,  0.22045844,
          0.13495904,  0.        ]],

       [[ 0.        , -0.45912803,  0.26364706, ...,  0.17802677,
         -0.68265411, -0.40146916],
        [ 0.45912803,  0.        ,  0.67709989, ...,  0.60994742,
         -0.27094553,  0.06384956],
        [-0.26364706, -0.67709989,  0.        , ..., -0.08770743,
         -0.85115916, -0.62873197],
        ...,
        [-0.17802677, -0.60994742,  0.08770743, ...,  0.        ,
         -0.80184073, -0.55810577],
        [ 0.68265411,  0.27094553,  0.85115916, ...,  0.80184073,
          0.        ,  0.33185393],
        [ 0.40146916, -0.06384956,  0.62873197, ...,  0.55810577,
         -0.33185393,  0.        ]],

       [[ 0.        ,  0.15011492,  0.52241524, ...,  0.31525049,
          0.        ,  0.167714  ],
        [-0.15011492,  0.        ,  0.38849385, ...,  0.45413857,
          0.15011492,  0.3138022 ],
        [-0.52241524, -0.38849385,  0.        , ...,  0.76458783,
          0.52241524,  0.65802385],
        ...,
        [-0.31525049, -0.45413857, -0.76458783, ...,  0.        ,
          0.31525049,  0.15162318],
        [-0.        , -0.15011492, -0.52241524, ..., -0.31525049,
          0.        , -0.167714  ],
        [-0.167714  , -0.3138022 , -0.65802385, ..., -0.15162318,
          0.167714  ,  0.        ]],

       ...,

       [[ 0.        , -0.03619285, -0.00394994, ...,  0.5954766 ,
          0.13663235, -0.11574619],
        [ 0.03619285,  0.        ,  0.03224521, ...,  0.6241628 ,
          0.17239626, -0.07972077],
        [ 0.00394994, -0.03224521,  0.        , ...,  0.59864522,
          0.14054418, -0.1118219 ],
        ...,
        [-0.5954766 , -0.6241628 , -0.59864522, ...,  0.        ,
         -0.48012541, -0.68446162],
        [-0.13663235, -0.17239626, -0.14054418, ...,  0.48012541,
          0.        , -0.25037473],
        [ 0.11574619,  0.07972077,  0.1118219 , ...,  0.68446162,
          0.25037473,  0.        ]],

       [[ 0.        ,  0.35276483,  0.510918  , ...,  0.22774106,
          0.        ,  0.19284807],
        [-0.35276483,  0.        ,  0.17482507, ...,  0.55659483,
          0.35276483,  0.52659321],
        [-0.510918  , -0.17482507,  0.        , ...,  0.69326488,
          0.510918  ,  0.66710525],
        ...,
        [-0.22774106, -0.55659483, -0.69326488, ...,  0.        ,
          0.22774106,  0.03568569],
        [-0.        , -0.35276483, -0.510918  , ..., -0.22774106,
          0.        , -0.19284807],
        [-0.19284807, -0.52659321, -0.66710525, ..., -0.03568569,
          0.19284807,  0.        ]],

       [[ 0.        ,  0.31155523,  0.37486708, ...,  0.77206735,
          0.60532365,  0.        ],
        [-0.31155523,  0.        ,  0.06737303, ...,  0.93164608,
          0.82318707,  0.31155523],
        [-0.37486708, -0.06737303,  0.        , ...,  0.95401039,
          0.85956907,  0.37486708],
        ...,
        [-0.77206735, -0.93164608, -0.95401039, ...,  0.        ,
          0.22984191,  0.77206735],
        [-0.60532365, -0.82318707, -0.85956907, ..., -0.22984191,
          0.        ,  0.60532365],
        [-0.        , -0.31155523, -0.37486708, ..., -0.77206735,
         -0.60532365,  0.        ]]]), 'num': array([8.74891273e-01, 4.60327515e-01, 9.04173956e-06, 3.42614677e-03,
       3.44482805e-03, 3.38878421e-03, 1.50250397e-01, 6.72526083e-05,
       3.40522373e-03, 3.26866357e-03, 3.13241477e-03, 5.63403685e-06,
       3.49640087e-03, 3.04092628e-03])}
{'img': array([[[ 0.        ,  0.36862683,  0.33091099, ...,  0.68088067,
          0.77349466,  0.46114664],
        [-0.36862683,  0.        , -0.04025172, ...,  0.90291154,
          0.95265993,  0.75576293],
        [-0.33091099,  0.04025172,  0.        , ...,  0.88487854,
          0.93964981,  0.72879179],
        ...,
        [-0.68088067, -0.90291154, -0.88487854, ...,  0.        ,
         -0.13495904,  0.26642053],
        [-0.77349466, -0.95265993, -0.93964981, ...,  0.13495904,
          0.        ,  0.3940643 ],
        [-0.46114664, -0.75576293, -0.72879179, ..., -0.26642053,
         -0.3940643 ,  0.        ]],

       [[ 0.        ,  0.67709989,  0.22618634, ..., -0.27094553,
          0.06384956,  0.17938512],
        [-0.67709989,  0.        , -0.49310369, ..., -0.85115916,
         -0.62873197, -0.53410869],
        [-0.22618634,  0.49310369,  0.        , ..., -0.48164949,
         -0.16352998, -0.04778117],
        ...,
        [ 0.27094553,  0.85115916,  0.48164949, ...,  0.        ,
          0.33185393,  0.43922567],
        [-0.06384956,  0.62873197,  0.16352998, ..., -0.33185393,
          0.        ,  0.11620524],
        [-0.17938512,  0.53410869,  0.04778117, ..., -0.43922567,
         -0.11620524,  0.        ]],

       [[ 0.        ,  0.50246418,  0.62931427, ...,  0.1977431 ,
          0.25798281,  0.        ],
        [-0.50246418,  0.        ,  0.15361338, ...,  0.66351076,
          0.70850695,  0.50246418],
        [-0.62931427, -0.15361338,  0.        , ...,  0.77056399,
          0.80850325,  0.62931427],
        ...,
        [-0.1977431 , -0.66351076, -0.77056399, ...,  0.        ,
         -0.06183925,  0.1977431 ],
        [-0.25798281, -0.70850695, -0.80850325, ...,  0.06183925,
          0.        ,  0.25798281],
        [-0.        , -0.50246418, -0.62931427, ..., -0.1977431 ,
         -0.25798281,  0.        ]],

       ...,

       [[ 0.        ,  0.03224521, -0.0093898 , ...,  0.17239626,
         -0.07972077,  0.30809125],
        [-0.03224521,  0.        , -0.04162871, ...,  0.14054418,
         -0.1118219 ,  0.27725434],
        [ 0.0093898 ,  0.04162871,  0.        , ...,  0.18163787,
         -0.07035734,  0.31701072],
        ...,
        [-0.17239626, -0.14054418, -0.18163787, ...,  0.        ,
         -0.25037473,  0.13946805],
        [ 0.07972077,  0.1118219 ,  0.07035734, ...,  0.25037473,
          0.        ,  0.38295356],
        [-0.30809125, -0.27725434, -0.31701072, ..., -0.13946805,
         -0.38295356,  0.        ]],

       [[ 0.        ,  0.38608125,  0.49254501, ...,  0.23218781,
          0.30126266,  0.        ],
        [-0.38608125,  0.        ,  0.11835394, ...,  0.58971511,
          0.64604857,  0.38608125],
        [-0.49254501, -0.11835394,  0.        , ...,  0.68115426,
          0.73184693,  0.49254501],
        ...,
        [-0.23218781, -0.58971511, -0.68115426, ...,  0.        ,
         -0.0716288 ,  0.23218781],
        [-0.30126266, -0.64604857, -0.73184693, ...,  0.0716288 ,
          0.        ,  0.30126266],
        [-0.        , -0.38608125, -0.49254501, ..., -0.23218781,
         -0.30126266,  0.        ]],

       [[ 0.        ,  0.21051006,  0.40623868, ...,  0.72352335,
          0.4602518 ,  0.        ],
        [-0.21051006,  0.        ,  0.20477841, ...,  0.85262549,
          0.63682673,  0.21051006],
        [-0.40623868, -0.20477841,  0.        , ...,  0.94155828,
          0.7812169 ,  0.40623868],
        ...,
        [-0.72352335, -0.85262549, -0.94155828, ...,  0.        ,
          0.32462388,  0.72352335],
        [-0.4602518 , -0.63682673, -0.7812169 , ..., -0.32462388,
          0.        ,  0.4602518 ],
        [-0.        , -0.21051006, -0.40623868, ..., -0.72352335,
         -0.4602518 ,  0.        ]]]), 'num': array([ 8.76075914e-01,  4.62144850e-01,  9.07743561e-06,  3.42091788e-03,
        3.45467694e-03,  3.37590581e-03,  1.37200038e-01, -1.87550323e-05,
        3.40891466e-03,  3.29544672e-03,  3.15284596e-03,  5.48224020e-06,
        3.52252950e-03,  3.06836394e-03])}
{'img': array([[[ 0.        , -0.16963333,  0.1251761 , ...,  0.8764509 ,
          0.61056938,  0.71342803],
        [ 0.16963333,  0.        ,  0.29166104, ...,  0.78207174,
          0.46737726,  0.58422158],
        [-0.1251761 , -0.29166104,  0.        , ...,  0.9298284 ,
          0.70490178,  0.79553105],
        ...,
        [-0.8764509 , -0.78207174, -0.9298284 , ...,  0.        ,
          0.40013267,  0.27064478],
        [-0.61056938, -0.46737726, -0.70490178, ..., -0.40013267,
          0.        , -0.13716507],
        [-0.71342803, -0.58422158, -0.79553105, ..., -0.27064478,
          0.13716507,  0.        ]],

       [[ 0.        , -0.49310369, -0.71079785, ..., -0.62873197,
         -0.53410869, -0.62567665],
        [ 0.49310369,  0.        , -0.27152586, ..., -0.16352998,
         -0.04778117, -0.1596587 ],
        [ 0.71079785,  0.27152586,  0.        , ...,  0.11048434,
          0.22522964,  0.11438229],
        ...,
        [ 0.62873197,  0.16352998, -0.11048434, ...,  0.        ,
          0.11620524,  0.00392283],
        [ 0.53410869,  0.04778117, -0.22522964, ..., -0.11620524,
          0.        , -0.1123081 ],
        [ 0.62567665,  0.1596587 , -0.11438229, ..., -0.00392283,
          0.1123081 ,  0.        ]],

       [[ 0.        ,  0.4228435 ,  0.45974995, ...,  0.2670186 ,
          0.        ,  0.27770757],
        [-0.4228435 ,  0.        ,  0.04112116, ...,  0.64946361,
          0.4228435 ,  0.65787058],
        [-0.45974995, -0.04112116,  0.        , ...,  0.6801825 ,
          0.45974995,  0.68828376],
        ...,
        [-0.2670186 , -0.64946361, -0.6801825 , ...,  0.        ,
          0.2670186 , -0.01110879],
        [-0.        , -0.4228435 , -0.45974995, ..., -0.2670186 ,
          0.        , -0.27770757],
        [-0.27770757, -0.65787058, -0.68828376, ...,  0.01110879,
          0.27770757,  0.        ]],

       ...,

       [[ 0.        , -0.04162871,  0.11330637, ..., -0.1118219 ,
          0.27725434,  0.17012697],
        [ 0.04162871,  0.        ,  0.15456877, ..., -0.07035734,
          0.31701072,  0.21100134],
        [-0.11330637, -0.15456877,  0.        , ..., -0.22369751,
          0.16660448,  0.05737676],
        ...,
        [ 0.1118219 ,  0.07035734,  0.22369751, ...,  0.        ,
          0.38295356,  0.27925175],
        [-0.27725434, -0.31701072, -0.16660448, ..., -0.38295356,
          0.        , -0.10975516],
        [-0.17012697, -0.21100134, -0.05737676, ..., -0.27925175,
          0.10975516,  0.        ]],

       [[ 0.        ,  0.32121873,  0.44180141, ...,  0.42458863,
          0.30431085,  0.        ],
        [-0.32121873,  0.        ,  0.1302187 , ...,  0.69291463,
          0.59416812,  0.32121873],
        [-0.44180141, -0.1302187 ,  0.        , ...,  0.78090491,
          0.69384918,  0.44180141],
        ...,
        [-0.42458863, -0.69291463, -0.78090491, ...,  0.        ,
          0.12893268,  0.42458863],
        [-0.30431085, -0.59416812, -0.69384918, ..., -0.12893268,
          0.        ,  0.30431085],
        [-0.        , -0.32121873, -0.44180141, ..., -0.42458863,
         -0.30431085,  0.        ]],

       [[ 0.        ,  0.34767323,  0.48998893, ...,  0.5676347 ,
          0.35998101,  0.        ],
        [-0.34767323,  0.        ,  0.15634462, ...,  0.81845585,
          0.66188896,  0.34767323],
        [-0.48998893, -0.15634462,  0.        , ...,  0.89822178,
          0.77094565,  0.48998893],
        ...,
        [-0.5676347 , -0.81845585, -0.89822178, ...,  0.        ,
          0.2332149 ,  0.5676347 ],
        [-0.35998101, -0.66188896, -0.77094565, ..., -0.2332149 ,
          0.        ,  0.35998101],
        [-0.        , -0.34767323, -0.48998893, ..., -0.5676347 ,
         -0.35998101,  0.        ]]]), 'num': array([9.72304298e-01, 1.57465938e-01, 1.75611716e-05, 3.80765589e-03,
       3.81175897e-03, 3.75021281e-03, 1.72395641e-01, 6.56492395e-05,
       3.74364788e-03, 3.62281225e-03, 3.45834723e-03, 6.23892601e-06,
       3.87505609e-03, 3.37056841e-03])}
{'img': array([[[ 0.        ,  0.28860979,  0.87208092, ...,  0.53638781,
          0.63434553,  0.        ],
        [-0.28860979,  0.        ,  0.69373651, ...,  0.75714127,
          0.83046179,  0.28860979],
        [-0.87208092, -0.69373651,  0.        , ...,  0.99849921,
          0.98458625,  0.87208092],
        ...,
        [-0.53638781, -0.75714127, -0.99849921, ...,  0.        ,
         -0.12071522,  0.53638781],
        [-0.63434553, -0.83046179, -0.98458625, ...,  0.12071522,
          0.        ,  0.63434553],
        [-0.        , -0.28860979, -0.87208092, ..., -0.53638781,
         -0.63434553,  0.        ]],

       [[ 0.        , -0.27152586,  0.73858066, ..., -0.04778117,
         -0.1596587 ,  0.00314092],
        [ 0.27152586,  0.        ,  0.8938863 , ...,  0.22522964,
          0.11438229,  0.27454744],
        [-0.73858066, -0.8938863 ,  0.        , ..., -0.76994947,
         -0.83674268, -0.73645952],
        ...,
        [ 0.04778117, -0.22522964,  0.76994947, ...,  0.        ,
         -0.1123081 ,  0.05091827],
        [ 0.1596587 , -0.11438229,  0.83674268, ...,  0.1123081 ,
          0.        ,  0.16275854],
        [-0.00314092, -0.27454744,  0.73645952, ..., -0.05091827,
         -0.16275854,  0.        ]],

       [[ 0.        ,  0.19348942,  0.50789782, ...,  0.17677122,
          0.33192129,  0.        ],
        [-0.19348942,  0.        ,  0.33162461, ...,  0.363873  ,
          0.5081687 ,  0.19348942],
        [-0.50789782, -0.33162461,  0.        , ...,  0.65217322,
          0.76502636,  0.50789782],
        ...,
        [-0.17677122, -0.363873  , -0.65217322, ...,  0.        ,
         -0.15994464,  0.17677122],
        [-0.33192129, -0.5081687 , -0.76502636, ...,  0.15994464,
          0.        ,  0.33192129],
        [-0.        , -0.19348942, -0.50789782, ..., -0.17677122,
         -0.33192129,  0.        ]],

       ...,

       [[ 0.        ,  0.15456877,  0.31157972, ...,  0.31701072,
          0.21100134,  0.34682764],
        [-0.15456877,  0.        ,  0.16096083, ...,  0.16660448,
          0.05737676,  0.19768497],
        [-0.31157972, -0.16096083,  0.        , ...,  0.00572088,
         -0.10406705,  0.03732294],
        ...,
        [-0.31701072, -0.16660448, -0.00572088, ...,  0.        ,
         -0.10975516,  0.03160544],
        [-0.21100134, -0.05737676,  0.10406705, ...,  0.10975516,
          0.        ,  0.14111483],
        [-0.34682764, -0.19768497, -0.03732294, ..., -0.03160544,
         -0.14111483,  0.        ]],

       [[ 0.        ,  0.31011025,  0.58142128, ...,  0.48047328,
          0.38269894,  0.        ],
        [-0.31011025,  0.        ,  0.30045103, ...,  0.72875583,
          0.65033463,  0.31011025],
        [-0.58142128, -0.30045103,  0.        , ...,  0.90082625,
          0.84852436,  0.58142128],
        ...,
        [-0.48047328, -0.72875583, -0.90082625, ...,  0.        ,
          0.10826579,  0.48047328],
        [-0.38269894, -0.65033463, -0.84852436, ..., -0.10826579,
          0.        ,  0.38269894],
        [-0.        , -0.31011025, -0.58142128, ..., -0.48047328,
         -0.38269894,  0.        ]],

       [[ 0.        ,  0.357493  ,  0.40824206, ...,  0.48200139,
          0.33162485,  0.        ],
        [-0.357493  ,  0.        ,  0.05491775, ...,  0.76337353,
          0.64697264,  0.357493  ],
        [-0.40824206, -0.05491775,  0.        , ...,  0.79769603,
          0.6878718 ,  0.40824206],
        ...,
        [-0.48200139, -0.76337353, -0.79769603, ...,  0.        ,
          0.16416569,  0.48200139],
        [-0.33162485, -0.64697264, -0.6878718 , ..., -0.16416569,
          0.        ,  0.33162485],
        [-0.        , -0.357493  , -0.40824206, ..., -0.48200139,
         -0.33162485,  0.        ]]]), 'num': array([ 9.84472662e-01,  4.09646294e-02,  2.08971879e-05,  3.85105319e-03,
        3.94914203e-03,  3.84252373e-03,  1.70349952e-01, -1.06618305e-04,
        3.88858284e-03,  3.78431013e-03,  3.60284578e-03,  5.66928474e-06,
        4.01234014e-03,  3.55628012e-03])}
{'img': array([[[ 0.        ,  0.85310508,  0.86180109, ...,  0.64031078,
          0.        ,  0.77030042],
        [-0.85310508,  0.        ,  0.01690089, ...,  0.9893588 ,
          0.85310508,  0.94590491],
        [-0.86180109, -0.01690089,  0.        , ...,  0.98675848,
          0.86180109,  0.94028641],
        ...,
        [-0.64031078, -0.9893588 , -0.98675848, ...,  0.        ,
          0.64031078, -0.18336591],
        [-0.        , -0.85310508, -0.86180109, ..., -0.64031078,
          0.        , -0.77030042],
        [-0.77030042, -0.94590491, -0.94028641, ...,  0.18336591,
          0.77030042,  0.        ]],

       [[ 0.        ,  0.8938863 ,  0.92503313, ...,  0.11438229,
          0.27454744,  0.21754758],
        [-0.8938863 ,  0.        ,  0.07511129, ..., -0.83674268,
         -0.73645952, -0.77495224],
        [-0.92503313, -0.07511129,  0.        , ..., -0.87550968,
         -0.78519055, -0.82023495],
        ...,
        [-0.11438229,  0.83674268,  0.87550968, ...,  0.        ,
          0.16275854,  0.10447697],
        [-0.27454744,  0.73645952,  0.78519055, ..., -0.16275854,
          0.        , -0.05878395],
        [-0.21754758,  0.77495224,  0.82023495, ..., -0.10447697,
          0.05878395,  0.        ]],

       [[ 0.        ,  0.47650218,  0.6627874 , ...,  0.33345421,
          0.        ,  0.137793  ],
        [-0.47650218,  0.        ,  0.22589651, ...,  0.74239423,
          0.47650218,  0.59310077],
        [-0.6627874 , -0.22589651,  0.        , ...,  0.87454668,
          0.6627874 ,  0.75964555],
        ...,
        [-0.33345421, -0.74239423, -0.87454668, ...,  0.        ,
          0.33345421,  0.20036682],
        [-0.        , -0.47650218, -0.6627874 , ..., -0.33345421,
          0.        , -0.137793  ],
        [-0.137793  , -0.59310077, -0.75964555, ..., -0.20036682,
          0.137793  ,  0.        ]],

       ...,

       [[ 0.        ,  0.16096083,  0.04660359, ...,  0.05737676,
          0.19768497, -0.22028444],
        [-0.16096083,  0.        , -0.11479003, ..., -0.10406705,
          0.03732294, -0.37441905],
        [-0.04660359,  0.11479003,  0.        , ...,  0.01078761,
          0.15178628, -0.26550389],
        ...,
        [-0.05737676,  0.10406705, -0.01078761, ...,  0.        ,
          0.14111483, -0.27588888],
        [-0.19768497, -0.03732294, -0.15178628, ..., -0.14111483,
          0.        , -0.40876623],
        [ 0.22028444,  0.37441905,  0.26550389, ...,  0.27588888,
          0.40876623,  0.        ]],

       [[ 0.        ,  0.51124127,  0.68176656, ...,  0.38731087,
          0.        ,  0.32052183],
        [-0.51124127,  0.        ,  0.2119269 , ...,  0.80420785,
          0.51124127,  0.75973715],
        [-0.68176656, -0.2119269 ,  0.        , ...,  0.91189905,
          0.68176656,  0.88028141],
        ...,
        [-0.38731087, -0.80420785, -0.91189905, ...,  0.        ,
          0.38731087,  0.07137195],
        [-0.        , -0.51124127, -0.68176656, ..., -0.38731087,
          0.        , -0.32052183],
        [-0.32052183, -0.75973715, -0.88028141, ..., -0.07137195,
          0.32052183,  0.        ]],

       [[ 0.        ,  0.19749356,  0.27083807, ...,  0.65316601,
          0.58617727,  0.        ],
        [-0.19749356,  0.        ,  0.07539146, ...,  0.78984641,
          0.73463792,  0.19749356],
        [-0.27083807, -0.07539146,  0.        , ...,  0.83383646,
          0.7836972 ,  0.27083807],
        ...,
        [-0.65316601, -0.78984641, -0.83383646, ...,  0.        ,
          0.08532181,  0.65316601],
        [-0.58617727, -0.73463792, -0.7836972 , ..., -0.08532181,
          0.        ,  0.58617727],
        [-0.        , -0.19749356, -0.27083807, ..., -0.65316601,
         -0.58617727,  0.        ]]]), 'num': array([9.95180030e-01, 1.80493247e-02, 2.16418761e-05, 3.89295102e-03,
       3.92744006e-03, 3.87570649e-03, 9.57720270e-02, 0.00000000e+00,
       3.93433787e-03, 3.83604409e-03, 3.65016251e-03, 5.54680510e-06,
       4.05845164e-03, 3.61363654e-03])}
{'img': array([[[ 0.        ,  0.0177126 , -0.39200894, ...,  0.83147942,
          0.95513266,  0.95513266],
        [-0.0177126 ,  0.        , -0.40824235, ...,  0.84118931,
          0.94973673,  0.94973673],
        [ 0.39200894,  0.40824235,  0.        , ...,  0.54714623,
          0.99478974,  0.99478974],
        ...,
        [-0.83147942, -0.84118931, -0.54714623, ...,  0.        ,
         -0.77689544, -0.77689544],
        [-0.95513266, -0.94973673, -0.99478974, ...,  0.77689544,
          0.        ,  0.        ],
        [-0.95513266, -0.94973673, -0.99478974, ...,  0.77689544,
          0.        ,  0.        ]],

       [[ 0.        ,  0.0723179 , -0.00948526, ..., -0.69856085,
         -0.73447841, -0.99493196],
        [-0.0723179 ,  0.        , -0.08177507, ..., -0.74847888,
         -0.78163252, -0.98505527],
        [ 0.00948526,  0.08177507,  0.        , ..., -0.69174224,
         -0.72800836, -0.99584095],
        ...,
        [ 0.69856085,  0.74847888,  0.69174224, ...,  0.        ,
         -0.05149072, -0.78216481],
        [ 0.73447841,  0.78163252,  0.72800836, ...,  0.05149072,
          0.        , -0.74904485],
        [ 0.99493196,  0.98505527,  0.99584095, ...,  0.78216481,
          0.74904485,  0.        ]],

       [[ 0.        ,  0.5077805 ,  0.58996006, ...,  0.08213004,
          0.16384264,  0.        ],
        [-0.5077805 ,  0.        ,  0.09824417, ...,  0.57681894,
          0.64206682,  0.5077805 ],
        [-0.58996006, -0.09824417,  0.        , ...,  0.6542814 ,
          0.71427949,  0.58996006],
        ...,
        [-0.08213004, -0.57681894, -0.6542814 , ...,  0.        ,
         -0.08226895,  0.08213004],
        [-0.16384264, -0.64206682, -0.71427949, ...,  0.08226895,
          0.        ,  0.16384264],
        [-0.        , -0.5077805 , -0.58996006, ..., -0.08213004,
         -0.16384264,  0.        ]],

       ...,

       [[ 0.        , -0.11479003, -0.50360524, ...,  0.03732294,
         -0.37441905, -0.45110849],
        [ 0.11479003,  0.        , -0.4011053 , ...,  0.15178628,
         -0.26550389, -0.34568001],
        [ 0.50360524,  0.4011053 ,  0.        , ...,  0.53549891,
          0.1434995 ,  0.05972421],
        ...,
        [-0.03732294, -0.15178628, -0.53549891, ...,  0.        ,
         -0.40876623, -0.48410376],
        [ 0.37441905,  0.26550389, -0.1434995 , ...,  0.40876623,
          0.        , -0.08413725],
        [ 0.45110849,  0.34568001, -0.05972421, ...,  0.48410376,
          0.08413725,  0.        ]],

       [[ 0.        ,  0.50611414,  0.5809289 , ...,  0.        ,
          0.33207535,  0.30540108],
        [-0.50611414,  0.        ,  0.08907793, ...,  0.50611414,
          0.76379748,  0.74533214],
        [-0.5809289 , -0.08907793,  0.        , ...,  0.5809289 ,
          0.818257  ,  0.80175685],
        ...,
        [-0.        , -0.50611414, -0.5809289 , ...,  0.        ,
         -0.33207535, -0.30540108],
        [-0.33207535, -0.76379748, -0.818257  , ...,  0.33207535,
          0.        ,  0.02813961],
        [-0.30540108, -0.74533214, -0.80175685, ...,  0.30540108,
         -0.02813961,  0.        ]],

       [[ 0.        ,  0.18508365,  0.41300484, ...,  0.66169761,
          0.35393112,  0.        ],
        [-0.18508365,  0.        ,  0.23730824, ...,  0.78903563,
          0.52091963,  0.18508365],
        [-0.41300484, -0.23730824,  0.        , ...,  0.91228606,
          0.70860693,  0.41300484],
        ...,
        [-0.66169761, -0.78903563, -0.91228606, ...,  0.        ,
          0.35349968,  0.66169761],
        [-0.35393112, -0.52091963, -0.70860693, ..., -0.35349968,
          0.        ,  0.35393112],
        [-0.        , -0.18508365, -0.41300484, ..., -0.66169761,
         -0.35393112,  0.        ]]]), 'num': array([ 9.89567527e-01,  1.41222795e-02,  2.16765611e-05,  3.87081448e-03,
        3.93532805e-03,  3.87081448e-03,  1.42962941e-01, -1.29027149e-05,
        3.91038280e-03,  3.83533201e-03,  3.64702405e-03,  4.81444586e-06,
        4.05042671e-03,  3.62023731e-03])}
{'img': array([[[ 0.        , -0.40824235, -0.40824235, ...,  0.94973673,
          0.94973673,  0.93073802],
        [ 0.40824235,  0.        ,  0.        , ...,  0.99478974,
          0.99478974,  0.99893494],
        [ 0.40824235,  0.        ,  0.        , ...,  0.99478974,
          0.99478974,  0.99893494],
        ...,
        [-0.94973673, -0.99478974, -0.99478974, ...,  0.        ,
          0.        , -0.05593876],
        [-0.94973673, -0.99478974, -0.99478974, ...,  0.        ,
          0.        , -0.05593876],
        [-0.93073802, -0.99893494, -0.99893494, ...,  0.05593876,
          0.05593876,  0.        ]],

       [[ 0.        , -0.08177507, -0.16196177, ..., -0.78163252,
         -0.98505527, -0.88389244],
        [ 0.08177507,  0.        , -0.08072393, ..., -0.72800836,
         -0.99584095, -0.84268671],
        [ 0.16196177,  0.08072393,  0.        , ..., -0.67029074,
         -0.99994568, -0.79647449],
        ...,
        [ 0.78163252,  0.72800836,  0.67029074, ...,  0.        ,
         -0.74904485, -0.18575647],
        [ 0.98505527,  0.99584095,  0.99994568, ...,  0.74904485,
          0.        ,  0.61294109],
        [ 0.88389244,  0.84268671,  0.79647449, ...,  0.18575647,
         -0.61294109,  0.        ]],

       [[ 0.        ,  0.14834639,  0.26577851, ...,  0.46587282,
          0.31090046,  0.61692119],
        [-0.14834639,  0.        ,  0.11982681, ...,  0.59198271,
          0.4484552 ,  0.72684755],
        [-0.26577851, -0.11982681,  0.        , ...,  0.68429186,
          0.55232583,  0.80390739],
        ...,
        [-0.46587282, -0.59198271, -0.68429186, ...,  0.        ,
          0.16768452, -0.17923023],
        [-0.31090046, -0.4484552 , -0.55232583, ..., -0.16768452,
          0.        , -0.34166169],
        [-0.61692119, -0.72684755, -0.80390739, ...,  0.17923023,
          0.34166169,  0.        ]],

       ...,

       [[ 0.        , -0.4011053 , -0.37477249, ..., -0.26550389,
         -0.34568001, -0.6236862 ],
        [ 0.4011053 ,  0.        ,  0.0285679 , ...,  0.1434995 ,
          0.05972421, -0.25778257],
        [ 0.37477249, -0.0285679 ,  0.        , ...,  0.1151687 ,
          0.03118294, -0.28527975],
        ...,
        [ 0.26550389, -0.1434995 , -0.1151687 , ...,  0.        ,
         -0.08413725, -0.39376426],
        [ 0.34568001, -0.05972421, -0.03118294, ...,  0.08413725,
          0.        , -0.31502812],
        [ 0.6236862 ,  0.25778257,  0.28527975, ...,  0.39376426,
          0.31502812,  0.        ]],

       [[ 0.        ,  0.31855188,  0.40966377, ...,  0.34374677,
          0.31619031,  0.296655  ],
        [-0.31855188,  0.        ,  0.09772782, ...,  0.62497952,
          0.60192734,  0.58541306],
        [-0.40966377, -0.09772782,  0.        , ...,  0.69827822,
          0.67708666,  0.66184218],
        ...,
        [-0.34374677, -0.62497952, -0.69827822, ...,  0.        ,
          0.02918869,  0.04969537],
        [-0.31619031, -0.60192734, -0.67708666, ..., -0.02918869,
          0.        ,  0.02052157],
        [-0.296655  , -0.58541306, -0.66184218, ..., -0.04969537,
         -0.02052157,  0.        ]],

       [[ 0.        ,  0.36942555,  0.53365303, ...,  0.46638998,
          0.31773357,  0.        ],
        [-0.36942555,  0.        ,  0.1834781 , ...,  0.76018387,
          0.64553914,  0.36942555],
        [-0.53365303, -0.1834781 ,  0.        , ...,  0.86648603,
          0.77470755,  0.53365303],
        ...,
        [-0.46638998, -0.76018387, -0.86648603, ...,  0.        ,
          0.16116115,  0.46638998],
        [-0.31773357, -0.64553914, -0.77470755, ..., -0.16116115,
          0.        ,  0.31773357],
        [-0.        , -0.36942555, -0.53365303, ..., -0.46638998,
         -0.31773357,  0.        ]]]), 'num': array([9.44346582e-01, 1.33309166e-02, 2.04618828e-05, 3.69450661e-03,
       3.78788425e-03, 3.66608733e-03, 3.28519750e-01, 4.05989737e-05,
       3.68963473e-03, 3.63198419e-03, 3.44847683e-03, 4.69788125e-06,
       3.82391732e-03, 3.44005107e-03])}
{'img': array([[[ 0.        ,  0.        ,  0.58136028, ...,  0.99478974,
          0.99893494,  0.97031633],
        [ 0.        ,  0.        ,  0.58136028, ...,  0.99478974,
          0.99893494,  0.97031633],
        [-0.58136028, -0.58136028,  0.        , ...,  0.86867541,
          0.8396042 ,  0.93008998],
        ...,
        [-0.99478974, -0.99478974, -0.86867541, ...,  0.        ,
         -0.05593876,  0.14165749],
        [-0.99893494, -0.99893494, -0.8396042 , ...,  0.05593876,
          0.        ,  0.19681035],
        [-0.97031633, -0.97031633, -0.93008998, ..., -0.14165749,
         -0.19681035,  0.        ]],

       [[ 0.        , -0.08072393, -0.12804595, ..., -0.99584095,
         -0.84268671,  0.02649024],
