state_0,state_1,state_2,state_3,state_4,state_5,state_6,state_7,state_8,state_9,state_10,state_11,state_12,state_13,state_14,state_15,state_16,state_17,state_18,state_19,state_20,state_21,state_22,state_23,state_24,state_25,state_26,state_27,state_28,state_29,state_30,state_31,state_32,state_33,state_34,state_35,state_36,state_37,state_38,state_39,state_40,state_41,state_42,state_43,state_44,state_45,state_46,state_47,state_48,state_49,state_50,state_51,state_52,state_53,state_54,state_55,state_56,state_57,state_58,state_59,state_60,state_61,state_62,state_63,state_64,state_65,state_66,state_67,state_68,state_69,state_70,state_71,state_72,state_73,state_74,state_75,state_76,state_77,state_78,state_79,state_80,state_81,state_82,state_83,state_84,state_85,state_86,state_87,state_88,state_89,state_90,state_91,state_92,state_93,state_94,state_95,state_96,state_97,state_98,state_99,state_100,state_101,state_102,state_103,state_104,state_105,state_106,state_107,state_108,state_109,state_110,state_111,state_112,state_113,state_114,state_115,state_116,state_117,state_118,state_119,state_120,state_121,state_122,state_123,state_124,state_125,state_126,state_127,state_128,state_129,state_130,state_131,state_132,state_133,state_134,state_135,state_136,state_137,state_138,state_139,state_140,state_141,state_142,state_143,state_144,state_145,state_146,state_147,state_148,state_149,state_150,state_151,state_152,state_153,state_154,state_155,state_156,state_157,state_158,state_159,state_160,state_161,state_162,state_163,state_164,state_165,state_166,state_167,state_168,state_169,state_170,state_171,state_172,state_173,state_174,state_175,state_176,state_177,state_178,state_179,state_180,state_181,state_182,state_183,state_184,state_185,state_186,state_187,state_188,state_189,state_190,state_191,state_192,state_193,state_194,state_195,state_196,state_197,state_198,state_199,state_200,state_201,state_202,state_203,state_204,state_205,state_206,state_207,state_208,state_209,state_210,state_211,state_212,state_213,state_214,state_215,state_216,state_217,state_218,state_219,state_220,state_221,state_222,state_223,state_224,state_225,state_226,state_227,state_228,state_229,state_230,state_231,state_232,state_233,state_234,state_235,state_236,state_237,state_238,state_239,state_240,state_241,state_242,state_243,state_244,state_245,state_246,state_247,state_248,state_249,state_250,state_251,state_252,state_253,state_254,state_255,state_256,state_257,state_258,state_259,state_260,state_261,state_262,state_263,state_264,state_265,state_266,state_267,state_268,state_269,state_270,state_271,state_272,state_273,state_274,state_275,state_276,state_277,state_278,state_279,state_280,state_281,state_282,state_283,state_284,state_285,state_286,state_287
{'img': array([[[ 0.        , -0.01289763, -0.32678698, ...,  0.20240385,
          0.10573557, -0.31542478],
        [ 0.01289763,  0.        , -0.31457027, ...,  0.21501769,
          0.11855211, -0.30315933],
        [ 0.32678698,  0.31457027,  0.        , ...,  0.51131467,
          0.42488558,  0.01199736],
        ...,
        [-0.20240385, -0.21501769, -0.51131467, ...,  0.        ,
         -0.09772216, -0.50096741],
        [-0.10573557, -0.11855211, -0.42488558, ...,  0.09772216,
          0.        , -0.41399443],
        [ 0.31542478,  0.30315933, -0.01199736, ...,  0.50096741,
          0.41399443,  0.        ]],

       [[ 0.        , -0.46960067, -0.05845879, ...,  0.2426816 ,
         -0.20719716,  0.27442512],
        [ 0.46960067,  0.        ,  0.41718554, ...,  0.6698209 ,
          0.27647996,  0.69385614],
        [ 0.05845879, -0.41718554,  0.        , ...,  0.29897779,
         -0.14965263,  0.33017027],
        ...,
        [-0.2426816 , -0.6698209 , -0.29897779, ...,  0.        ,
         -0.43841842,  0.03285677],
        [ 0.20719716, -0.27647996,  0.14965263, ...,  0.43841842,
          0.        ,  0.46771242],
        [-0.27442512, -0.69385614, -0.33017027, ..., -0.03285677,
         -0.46771242,  0.        ]],

       [[ 0.        , -0.18189976, -0.29789599, ...,  0.29423158,
          0.22714882, -0.02324984],
        [ 0.18189976,  0.        , -0.11928501, ...,  0.46317075,
          0.40050422,  0.15898862],
        [ 0.29789599,  0.11928501,  0.        , ...,  0.56558235,
          0.50694489,  0.2756212 ],
        ...,
        [-0.29423158, -0.46317075, -0.56558235, ...,  0.        ,
         -0.06944649, -0.31637271],
        [-0.22714882, -0.40050422, -0.50694489, ...,  0.06944649,
          0.        , -0.24972951],
        [ 0.02324984, -0.15898862, -0.2756212 , ...,  0.31637271,
          0.24972951,  0.        ]],

       ...,

       [[ 0.        , -0.05228498, -0.05707892, ...,  0.38871684,
          0.34926972,  0.23703332],
        [ 0.05228498,  0.        , -0.00480111, ...,  0.4363583 ,
          0.39778418,  0.28750404],
        [ 0.05707892,  0.00480111,  0.        , ...,  0.44067318,
          0.40218451,  0.29209913],
        ...,
        [-0.38871684, -0.4363583 , -0.44067318, ...,  0.        ,
         -0.04243412, -0.15924663],
        [-0.34926972, -0.39778418, -0.40218451, ...,  0.04243412,
          0.        , -0.11721058],
        [-0.23703332, -0.28750404, -0.29209913, ...,  0.15924663,
          0.11721058,  0.        ]],

       [[ 0.        ,  0.03177787,  0.13685971, ..., -0.33324113,
         -0.4841764 , -0.54120213],
        [-0.03177787,  0.        ,  0.10531173, ..., -0.36303433,
         -0.51173657, -0.56765058],
        [-0.13685971, -0.10531173,  0.        , ..., -0.45914251,
         -0.59936871, -0.65119397],
        ...,
        [ 0.33324113,  0.36303433,  0.45914251, ...,  0.        ,
         -0.16492554, -0.23004793],
        [ 0.4841764 ,  0.51173657,  0.59936871, ...,  0.16492554,
          0.        , -0.06639553],
        [ 0.54120213,  0.56765058,  0.65119397, ...,  0.23004793,
          0.06639553,  0.        ]],

       [[ 0.        , -0.43843828, -0.70182419, ..., -0.95544253,
         -0.80773722, -0.71669237],
        [ 0.43843828,  0.        , -0.31845082, ..., -0.72929781,
         -0.46748487, -0.33837314],
        [ 0.70182419,  0.31845082,  0.        , ..., -0.4734472 ,
         -0.16163645, -0.02109118],
        ...,
        [ 0.95544253,  0.72929781,  0.4734472 , ...,  0.        ,
          0.32484858,  0.45476431],
        [ 0.80773722,  0.46748487,  0.16163645, ..., -0.32484858,
          0.        ,  0.14078666],
        [ 0.71669237,  0.33837314,  0.02109118, ..., -0.45476431,
         -0.14078666,  0.        ]]]), 'num': array([9.99810939e-01, 8.72520851e-04, 1.36280817e-05, 5.27144269e-04,
       5.34335869e-04, 5.17795189e-04, 1.93658349e-02, 9.34907980e-06,
       5.38650829e-04, 5.50049514e-04, 5.08314263e-04, 3.36697629e-07,
       5.78669100e-04, 5.21429928e-04])}
{'img': array([[[ 0.        , -0.31457027, -0.34848773, ...,  0.11855211,
         -0.30315933, -0.14994387],
        [ 0.31457027,  0.        , -0.03594555, ...,  0.42488558,
          0.01199736,  0.16868205],
        [ 0.34848773,  0.03594555,  0.        , ...,  0.45715061,
          0.04793257,  0.20400352],
        ...,
        [-0.11855211, -0.42488558, -0.45715061, ...,  0.        ,
         -0.41399443, -0.26609826],
        [ 0.30315933, -0.01199736, -0.04793257, ...,  0.41399443,
          0.        ,  0.15684447],
        [ 0.14994387, -0.16868205, -0.20400352, ...,  0.26609826,
         -0.15684447,  0.        ]],

       [[ 0.        ,  0.41718554,  0.13368561, ...,  0.27647996,
          0.69385614,  0.22118126],
        [-0.41718554,  0.        , -0.29194446, ..., -0.14965263,
          0.33017027, -0.20583874],
        [-0.13368561,  0.29194446,  0.        , ...,  0.14552371,
          0.59135911,  0.0888213 ],
        ...,
        [-0.27647996,  0.14965263, -0.14552371, ...,  0.        ,
          0.46771242, -0.05707276],
        [-0.69385614, -0.33017027, -0.59135911, ..., -0.46771242,
          0.        , -0.51739557],
        [-0.22118126,  0.20583874, -0.0888213 , ...,  0.05707276,
          0.51739557,  0.        ]],

       [[ 0.        , -0.11928501, -0.19702243, ...,  0.40050422,
          0.15898862,  0.04543101],
        [ 0.11928501,  0.        , -0.0786688 , ...,  0.50694489,
          0.2756212 ,  0.16426849],
        [ 0.19702243,  0.0786688 ,  0.        , ...,  0.57318458,
          0.35038867,  0.24135952],
        ...,
        [-0.40050422, -0.50694489, -0.57318458, ...,  0.        ,
         -0.24972951, -0.35846249],
        [-0.15898862, -0.2756212 , -0.35038867, ...,  0.24972951,
          0.        , -0.11397131],
        [-0.04543101, -0.16426849, -0.24135952, ...,  0.35846249,
          0.11397131,  0.        ]],

       ...,

       [[ 0.        , -0.00480111, -0.20612098, ...,  0.39778418,
          0.28750404,  0.36486987],
        [ 0.00480111,  0.        , -0.20142059, ...,  0.40218451,
          0.29209913,  0.36933578],
        [ 0.20612098,  0.20142059,  0.        , ...,  0.57835404,
          0.47874876,  0.54894553],
        ...,
        [-0.39778418, -0.40218451, -0.57835404, ...,  0.        ,
         -0.11721058, -0.03559991],
        [-0.28750404, -0.29209913, -0.47874876, ...,  0.11721058,
          0.        ,  0.08178176],
        [-0.36486987, -0.36933578, -0.54894553, ...,  0.03559991,
         -0.08178176,  0.        ]],

       [[ 0.        ,  0.10531173,  0.18563786, ..., -0.51173657,
         -0.56765058, -0.5732494 ],
        [-0.10531173,  0.        ,  0.08112435, ..., -0.59936871,
         -0.65119397, -0.65635214],
        [-0.18563786, -0.08112435,  0.        , ..., -0.66233104,
         -0.71061381, -0.71539343],
        ...,
        [ 0.51173657,  0.59936871,  0.66233104, ...,  0.        ,
         -0.06639553, -0.07319568],
        [ 0.56765058,  0.65119397,  0.71061381, ...,  0.06639553,
          0.        , -0.00681673],
        [ 0.5732494 ,  0.65635214,  0.71539343, ...,  0.07319568,
          0.00681673,  0.        ]],

       [[ 0.        , -0.59510254, -0.77862461, ..., -0.73846265,
         -0.61581428, -0.5964065 ],
        [ 0.59510254,  0.        , -0.2523206 , ..., -0.19219104,
         -0.02602288, -0.00162353],
        [ 0.77862461,  0.2523206 ,  0.        , ...,  0.06164427,
          0.22705427,  0.25074926],
        ...,
        [ 0.73846265,  0.19219104, -0.06164427, ...,  0.        ,
          0.16658821,  0.19059753],
        [ 0.61581428,  0.02602288, -0.22705427, ..., -0.16658821,
          0.        ,  0.02439986],
        [ 0.5964065 ,  0.00162353, -0.25074926, ..., -0.19059753,
         -0.02439986,  0.        ]]]), 'num': array([ 9.35425916e-01,  3.38373538e-01,  8.25798586e-06,  2.50862344e-03,
        2.58495776e-03,  2.49821421e-03,  1.02121653e-01, -3.46974196e-05,
        2.56136351e-03,  2.64828055e-03,  2.45119921e-03,  1.36133417e-06,
        2.79969613e-03,  2.49686497e-03])}
{'img': array([[[ 0.        , -0.03594555, -0.11954772, ...,  0.01199736,
          0.16868205,  0.04803621],
        [ 0.03594555,  0.        , -0.08378269, ...,  0.04793257,
          0.20400352,  0.08390923],
        [ 0.11954772,  0.08378269,  0.        , ...,  0.13145044,
          0.28530701,  0.16710143],
        ...,
        [-0.01199736, -0.04793257, -0.13145044, ...,  0.        ,
          0.15684447,  0.03604924],
        [-0.16868205, -0.20400352, -0.28530701, ..., -0.15684447,
          0.        , -0.12113945],
        [-0.04803621, -0.08390923, -0.16710143, ..., -0.03604924,
          0.12113945,  0.        ]],

       [[ 0.        , -0.29194446, -0.45123435, ...,  0.33017027,
         -0.20583874, -0.13496646],
        [ 0.29194446,  0.        , -0.17104361, ...,  0.59135911,
          0.0888213 ,  0.16018653],
        [ 0.45123435,  0.17104361,  0.        , ...,  0.72057551,
          0.25787996,  0.32666082],
        ...,
        [-0.33017027, -0.59135911, -0.72057551, ...,  0.        ,
         -0.51739557, -0.45454699],
        [ 0.20583874, -0.0888213 , -0.25787996, ...,  0.51739557,
          0.        ,  0.07187908],
        [ 0.13496646, -0.16018653, -0.32666082, ...,  0.45454699,
         -0.07187908,  0.        ]],

       [[ 0.        , -0.0786688 , -0.14985622, ...,  0.2756212 ,
          0.16426849,  0.00570245],
        [ 0.0786688 ,  0.        , -0.07161133, ...,  0.35038867,
          0.24135952,  0.0843523 ],
        [ 0.14985622,  0.07161133,  0.        , ...,  0.41656057,
          0.31023406,  0.15549184],
        ...,
        [-0.2756212 , -0.35038867, -0.41656057, ...,  0.        ,
         -0.11397131, -0.27013515],
        [-0.16426849, -0.24135952, -0.31023406, ...,  0.11397131,
          0.        , -0.15864083],
        [-0.00570245, -0.0843523 , -0.15549184, ...,  0.27013515,
          0.15864083,  0.        ]],

       ...,

       [[ 0.        , -0.20142059, -0.16054834, ...,  0.29209913,
          0.36933578,  0.17474111],
        [ 0.20142059,  0.        ,  0.04154988, ...,  0.47874876,
          0.54894553,  0.36948138],
        [ 0.16054834, -0.04154988,  0.        , ...,  0.44185653,
          0.51374168,  0.33055258],
        ...,
        [-0.29209913, -0.47874876, -0.44185653, ...,  0.        ,
          0.08178176, -0.12048471],
        [-0.36933578, -0.54894553, -0.51374168, ..., -0.08178176,
          0.        , -0.20126711],
        [-0.17474111, -0.36948138, -0.33055258, ...,  0.12048471,
          0.20126711,  0.        ]],

       [[ 0.        ,  0.08112435,  0.31202056, ..., -0.65119397,
         -0.65635214, -0.63141442],
        [-0.08112435,  0.        ,  0.23391789, ..., -0.71061381,
         -0.71539343, -0.69224078],
        [-0.31202056, -0.23391789,  0.        , ..., -0.85547928,
         -0.85898936, -0.84184623],
        ...,
        [ 0.65119397,  0.71061381,  0.85547928, ...,  0.        ,
         -0.00681673,  0.02577792],
        [ 0.65635214,  0.71539343,  0.85898936, ...,  0.00681673,
          0.        ,  0.03259179],
        [ 0.63141442,  0.69224078,  0.84184623, ..., -0.02577792,
         -0.03259179,  0.        ]],

       [[ 0.        , -0.5937318 , -0.79507865, ..., -0.18612509,
         -0.04630219, -0.44275798],
        [ 0.5937318 ,  0.        , -0.27966828, ...,  0.43358899,
          0.55583735,  0.1760934 ],
        [ 0.79507865,  0.27966828,  0.        , ...,  0.66829945,
          0.76614334,  0.44436473],
        ...,
        [ 0.18612509, -0.43358899, -0.66829945, ...,  0.        ,
          0.14043236, -0.26813384],
        [ 0.04630219, -0.55583735, -0.76614334, ..., -0.14043236,
          0.        , -0.40076666],
        [ 0.44275798, -0.1760934 , -0.44436473, ...,  0.26813384,
          0.40076666,  0.        ]]]), 'num': array([9.71107671e-01, 2.26470557e-01, 1.01587601e-05, 2.61276180e-03,
       2.64127762e-03, 2.57711703e-03, 7.48675666e-02, 3.56447722e-05,
       2.61133601e-03, 2.71809210e-03, 2.51895664e-03, 1.33448408e-06,
       2.87879390e-03, 2.55739031e-03])}
{'img': array([[[ 0.        , -0.08378269, -0.15549521, ...,  0.20400352,
          0.08390923,  0.20400352],
        [ 0.08378269,  0.        , -0.07218488, ...,  0.28530701,
          0.16710143,  0.28530701],
        [ 0.15549521,  0.07218488,  0.        , ...,  0.35374732,
          0.23783545,  0.35374732],
        ...,
        [-0.20400352, -0.28530701, -0.35374732, ...,  0.        ,
         -0.12113945,  0.        ],
        [-0.08390923, -0.16710143, -0.23783545, ...,  0.12113945,
          0.        ,  0.12113945],
        [-0.20400352, -0.28530701, -0.35374732, ...,  0.        ,
         -0.12113945,  0.        ]],

       [[ 0.        , -0.17104361,  0.38598959, ...,  0.0888213 ,
          0.16018653, -0.11534218],
        [ 0.17104361,  0.        ,  0.5380897 , ...,  0.25787996,
          0.32666082,  0.0562596 ],
        [-0.38598959, -0.5380897 ,  0.        , ..., -0.30252606,
         -0.23323263, -0.48981695],
        ...,
        [-0.0888213 , -0.25787996,  0.30252606, ...,  0.        ,
          0.07187908, -0.2031148 ],
        [-0.16018653, -0.32666082,  0.23323263, ..., -0.07187908,
          0.        , -0.27297016],
        [ 0.11534218, -0.0562596 ,  0.48981695, ...,  0.2031148 ,
          0.27297016,  0.        ]],

       [[ 0.        , -0.07161133, -0.18717687, ...,  0.24135952,
          0.0843523 ,  0.00556482],
        [ 0.07161133,  0.        , -0.11635063, ...,  0.31023406,
          0.15549184,  0.07716075],
        [ 0.18717687,  0.11635063,  0.        , ...,  0.41873692,
          0.26937125,  0.19264044],
        ...,
        [-0.24135952, -0.31023406, -0.41873692, ...,  0.        ,
         -0.15864083, -0.23595549],
        [-0.0843523 , -0.15549184, -0.26937125, ...,  0.15864083,
          0.        , -0.07880601],
        [-0.00556482, -0.07716075, -0.19264044, ...,  0.23595549,
          0.07880601,  0.        ]],

       ...,

       [[ 0.        ,  0.04154988, -0.19270621, ...,  0.54894553,
          0.36948138,  0.32401829],
        [-0.04154988,  0.        , -0.23331088, ...,  0.51374168,
          0.33055258,  0.28443018],
        [ 0.19270621,  0.23331088,  0.        , ...,  0.69973142,
          0.54162596,  0.50025492],
        ...,
        [-0.54894553, -0.51374168, -0.69973142, ...,  0.        ,
         -0.20126711, -0.24849705],
        [-0.36948138, -0.33055258, -0.54162596, ...,  0.20126711,
          0.        , -0.04845801],
        [-0.32401829, -0.28443018, -0.50025492, ...,  0.24849705,
          0.04845801,  0.        ]],

       [[ 0.        ,  0.23391789, -0.00258996, ..., -0.71539343,
         -0.69224078, -0.68427314],
        [-0.23391789,  0.        , -0.23643522, ..., -0.85898936,
         -0.84184623, -0.83586787],
        [ 0.00258996,  0.23643522,  0.        , ..., -0.71358137,
         -0.69036937, -0.68238218],
        ...,
        [ 0.71539343,  0.85898936,  0.71358137, ...,  0.        ,
          0.03259179,  0.04356675],
        [ 0.69224078,  0.84184623,  0.69036937, ..., -0.03259179,
          0.        ,  0.01098276],
        [ 0.68427314,  0.83586787,  0.68238218, ..., -0.04356675,
         -0.01098276,  0.        ]],

       [[ 0.        , -0.28019445, -0.46842813, ...,  0.59241727,
          0.17675401,  0.09316587],
        [ 0.28019445,  0.        , -0.20211219, ...,  0.79442038,
          0.44545662,  0.36840972],
        [ 0.46842813,  0.20211219,  0.        , ...,  0.90078197,
          0.61721521,  0.54870295],
        ...,
        [-0.59241727, -0.79442038, -0.90078197, ...,  0.        ,
         -0.44069114, -0.51478327],
        [-0.17675401, -0.44545662, -0.61721521, ...,  0.44069114,
          0.        , -0.08428625],
        [-0.09316587, -0.36840972, -0.54870295, ...,  0.51478327,
          0.08428625,  0.        ]]]), 'num': array([9.98291788e-01, 3.61426589e-02, 1.29147534e-05, 2.68756740e-03,
       2.70560477e-03, 2.65149267e-03, 4.52711169e-02, 4.32896762e-05,
       2.63634128e-03, 2.74781220e-03, 2.55108467e-03, 1.43615040e-06,
       2.91278222e-03, 2.58284218e-03])}
{'img': array([[[ 0.        , -0.07218488, -0.24200444, ...,  0.16710143,
          0.28530701,  0.4257931 ],
        [ 0.07218488,  0.        , -0.17133392, ...,  0.23783545,
          0.35374732,  0.48999669],
        [ 0.24200444,  0.17133392,  0.        , ...,  0.40073615,
          0.5087721 ,  0.63210705],
        ...,
        [-0.16710143, -0.23783545, -0.40073615, ...,  0.        ,
          0.12113945,  0.26860952],
        [-0.28530701, -0.35374732, -0.5087721 , ..., -0.12113945,
          0.        ,  0.14994387],
        [-0.4257931 , -0.48999669, -0.63210705, ..., -0.26860952,
         -0.14994387,  0.        ]],

       [[ 0.        ,  0.49109711,  0.33214381, ...,  0.28810857,
          0.04639939, -0.49757781],
        [-0.49109711,  0.        , -0.17388485, ..., -0.21930072,
         -0.45014945, -0.85942957],
        [-0.33214381,  0.17388485,  0.        , ..., -0.04630787,
         -0.28802083, -0.75743766],
        ...,
        [-0.28810857,  0.21930072,  0.04630787, ...,  0.        ,
         -0.24336632, -0.72639034],
        [-0.04639939,  0.45014945,  0.28802083, ...,  0.24336632,
          0.        , -0.53728963],
        [ 0.49757781,  0.85942957,  0.75743766, ...,  0.72639034,
          0.53728963,  0.        ]],

       [[ 0.        , -0.11635063, -0.26412548, ...,  0.15549184,
          0.07716075,  0.0522349 ],
        [ 0.11635063,  0.        , -0.15011277, ...,  0.26937125,
          0.19264044,  0.16807192],
        [ 0.26412548,  0.15011277,  0.        , ...,  0.41088303,
          0.33775868,  0.31414485],
        ...,
        [-0.15549184, -0.26937125, -0.41088303, ...,  0.        ,
         -0.07880601, -0.10367999],
        [-0.07716075, -0.19264044, -0.33775868, ...,  0.07880601,
          0.        , -0.02497624],
        [-0.0522349 , -0.16807192, -0.31414485, ...,  0.10367999,
          0.02497624,  0.        ]],

       ...,

       [[ 0.        , -0.23331088, -0.24977573, ...,  0.33055258,
          0.28443018,  0.345118  ],
        [ 0.23331088,  0.        , -0.01696668, ...,  0.54162596,
          0.50025492,  0.5545696 ],
        [ 0.24977573,  0.01696668,  0.        , ...,  0.55581052,
          0.51487399,  0.56860838],
        ...,
        [-0.33055258, -0.54162596, -0.55581052, ...,  0.        ,
         -0.04845801,  0.01547488],
        [-0.28443018, -0.50025492, -0.51487399, ...,  0.04845801,
          0.        ,  0.06390891],
        [-0.345118  , -0.5545696 , -0.56860838, ..., -0.01547488,
         -0.06390891,  0.        ]],

       [[ 0.        , -0.23643522, -0.24496004, ..., -0.84184623,
         -0.83586787, -0.83751977],
        [ 0.23643522,  0.        , -0.00878297, ..., -0.69036937,
         -0.68238218, -0.68458393],
        [ 0.24496004,  0.00878297,  0.        , ..., -0.68398864,
         -0.67593555, -0.67815532],
        ...,
        [ 0.84184623,  0.69036937,  0.68398864, ...,  0.        ,
          0.01098276,  0.00796666],
        [ 0.83586787,  0.68238218,  0.67593555, ..., -0.01098276,
          0.        , -0.00301623],
        [ 0.83751977,  0.68458393,  0.67815532, ..., -0.00796666,
          0.00301623,  0.        ]],

       [[ 0.        , -0.20211219, -0.41829212, ...,  0.44545662,
          0.36840972,  0.31923582],
        [ 0.20211219,  0.        , -0.22607852, ...,  0.61721521,
          0.54870295,  0.50418428],
        [ 0.41829212,  0.22607852,  0.        , ...,  0.77911225,
          0.72350211,  0.68637101],
        ...,
        [-0.44545662, -0.61721521, -0.77911225, ...,  0.        ,
         -0.08428625, -0.13633529],
        [-0.36840972, -0.54870295, -0.72350211, ...,  0.08428625,
          0.        , -0.0523509 ],
        [-0.31923582, -0.50418428, -0.68637101, ...,  0.13633529,
          0.0523509 ,  0.        ]]]), 'num': array([9.98208968e-01, 3.61396605e-02, 1.29136820e-05, 2.68734444e-03,
       2.70898748e-03, 2.65848705e-03, 4.70630843e-02, 0.00000000e+00,
       2.65415844e-03, 2.74469850e-03, 2.55303733e-03, 1.52262610e-06,
       2.91173674e-03, 2.57766026e-03])}
{'img': array([[[ 0.        , -0.17133392, -0.28381717, ...,  0.35374732,
          0.48999669,  0.48999669],
        [ 0.17133392,  0.        , -0.11533198, ...,  0.5087721 ,
          0.63210705,  0.63210705],
        [ 0.28381717,  0.11533198,  0.        , ...,  0.60466651,
          0.71725757,  0.71725757],
        ...,
        [-0.35374732, -0.5087721 , -0.60466651, ...,  0.        ,
          0.14994387,  0.14994387],
        [-0.48999669, -0.63210705, -0.71725757, ..., -0.14994387,
          0.        ,  0.        ],
        [-0.48999669, -0.63210705, -0.71725757, ..., -0.14994387,
          0.        ,  0.        ]],

       [[ 0.        , -0.17388485, -0.17881014, ..., -0.45014945,
         -0.85942957, -0.7822358 ],
        [ 0.17388485,  0.        , -0.00500369, ..., -0.28802083,
         -0.75743766, -0.661992  ],
        [ 0.17881014,  0.00500369,  0.        , ..., -0.28322557,
         -0.75416123, -0.65823339],
        ...,
        [ 0.45014945,  0.28802083,  0.28322557, ...,  0.        ,
         -0.53728963, -0.41806477],
        [ 0.85942957,  0.75743766,  0.75416123, ...,  0.53728963,
          0.        ,  0.13548825],
        [ 0.7822358 ,  0.661992  ,  0.65823339, ...,  0.41806477,
         -0.13548825,  0.        ]],

       [[ 0.        , -0.15011277, -0.25370993, ...,  0.19264044,
          0.16807192,  0.23643072],
        [ 0.15011277,  0.        , -0.10563398, ...,  0.33775868,
          0.31414485,  0.37960852],
        [ 0.25370993,  0.10563398,  0.        , ...,  0.4352951 ,
          0.4126735 ,  0.47521162],
        ...,
        [-0.19264044, -0.33775868, -0.4352951 , ...,  0.        ,
         -0.02497624,  0.04482347],
        [-0.16807192, -0.31414485, -0.4126735 , ...,  0.02497624,
          0.        ,  0.06976063],
        [-0.23643072, -0.37960852, -0.47521162, ..., -0.04482347,
         -0.06976063,  0.        ]],

       ...,

       [[ 0.        , -0.01696668, -0.45269008, ...,  0.50025492,
          0.5545696 ,  0.60684966],
        [ 0.01696668,  0.        , -0.43749627, ...,  0.51487399,
          0.56860838,  0.6202477 ],
        [ 0.45269008,  0.43749627,  0.        , ...,  0.83803573,
          0.87119224,  0.90091398],
        ...,
        [-0.50025492, -0.51487399, -0.83803573, ...,  0.        ,
          0.06390891,  0.12784694],
        [-0.5545696 , -0.56860838, -0.87119224, ..., -0.06390891,
          0.        ,  0.06420112],
        [-0.60684966, -0.6202477 , -0.90091398, ..., -0.12784694,
         -0.06420112,  0.        ]],

       [[ 0.        , -0.06545504, -0.22715729, ..., -0.82080767,
         -0.82258324, -0.82450771],
        [ 0.06545504,  0.        , -0.16292623, ..., -0.78165923,
         -0.78359856, -0.78570178],
        [ 0.22715729,  0.16292623,  0.        , ..., -0.66959687,
         -0.67190755, -0.67441638],
        ...,
        [ 0.82080767,  0.78165923,  0.66959687, ...,  0.        ,
         -0.00311545, -0.00650805],
        [ 0.82258324,  0.78359856,  0.67190755, ...,  0.00311545,
          0.        , -0.00339263],
        [ 0.82450771,  0.78570178,  0.67441638, ...,  0.00650805,
          0.00339263,  0.        ]],

       [[ 0.        , -0.22607852, -0.42439335, ...,  0.54870295,
          0.50418428,  0.46495941],
        [ 0.22607852,  0.        , -0.2086963 , ...,  0.72350211,
          0.68637101,  0.65307573],
        [ 0.42439335,  0.2086963 ,  0.        , ...,  0.85163864,
          0.82303218,  0.7967395 ],
        ...,
        [-0.54870295, -0.72350211, -0.85163864, ...,  0.        ,
         -0.0523509 , -0.09707014],
        [-0.50418428, -0.68637101, -0.82303218, ...,  0.0523509 ,
          0.        , -0.04483335],
        [-0.46495941, -0.65307573, -0.7967395 , ...,  0.09707014,
          0.04483335,  0.        ]]]), 'num': array([9.95357565e-01, 3.49512450e-02, 1.24890289e-05, 2.68269922e-03,
       2.71758477e-03, 2.65827933e-03, 8.93643391e-02, 8.37253332e-05,
       2.59199677e-03, 2.65845376e-03, 2.47292074e-03, 1.55046913e-06,
       2.81861569e-03, 2.49829182e-03])}
{'img': array([[[ 0.        , -0.11533198, -0.16806097, ...,  0.63210705,
          0.63210705,  0.85288315],
        [ 0.11533198,  0.        , -0.05324793, ...,  0.71725757,
          0.71725757,  0.9074069 ],
        [ 0.16806097,  0.05324793,  0.        , ...,  0.75334361,
          0.75334361,  0.9284972 ],
        ...,
        [-0.63210705, -0.71725757, -0.75334361, ...,  0.        ,
          0.        ,  0.33085875],
        [-0.63210705, -0.71725757, -0.75334361, ...,  0.        ,
          0.        ,  0.33085875],
        [-0.85288315, -0.9074069 , -0.9284972 , ..., -0.33085875,
         -0.33085875,  0.        ]],

       [[ 0.        , -0.00500369,  0.05034898, ..., -0.75743766,
         -0.661992  , -0.1482133 ],
        [ 0.00500369,  0.        ,  0.05534569, ..., -0.75416123,
         -0.65823339, -0.14326302],
        [-0.05034898, -0.05534569,  0.        , ..., -0.78935021,
         -0.69888949, -0.19781821],
        ...,
        [ 0.75743766,  0.75416123,  0.78935021, ...,  0.        ,
          0.13548825,  0.6523025 ],
        [ 0.661992  ,  0.65823339,  0.69888949, ..., -0.13548825,
          0.        ,  0.54359309],
        [ 0.1482133 ,  0.14326302,  0.19781821, ..., -0.6523025 ,
         -0.54359309,  0.        ]],

       [[ 0.        , -0.10563398, -0.2149508 , ...,  0.31414485,
          0.37960852,  0.47312661],
        [ 0.10563398,  0.        , -0.1105834 , ...,  0.4126735 ,
          0.47521162,  0.56354245],
        [ 0.2149508 ,  0.1105834 ,  0.        , ...,  0.51087061,
          0.56959626,  0.65143768],
        ...,
        [-0.31414485, -0.4126735 , -0.51087061, ...,  0.        ,
          0.06976063,  0.17241473],
        [-0.37960852, -0.47521162, -0.56959626, ..., -0.06976063,
          0.        ,  0.10327876],
        [-0.47312661, -0.56354245, -0.65143768, ..., -0.17241473,
         -0.10327876,  0.        ]],

       ...,

       [[ 0.        , -0.43749627, -0.44125434, ...,  0.56860838,
          0.6202477 ,  0.6658504 ],
        [ 0.43749627,  0.        , -0.00418351, ...,  0.87119224,
          0.90091398,  0.92515567],
        [ 0.44125434,  0.00418351,  0.        , ...,  0.87323848,
          0.90272173,  0.92673559],
        ...,
        [-0.56860838, -0.87119224, -0.87323848, ...,  0.        ,
          0.06420112,  0.12350376],
        [-0.6202477 , -0.90091398, -0.90272173, ..., -0.06420112,
          0.        ,  0.05953937],
        [-0.6658504 , -0.92515567, -0.92673559, ..., -0.12350376,
         -0.05953937,  0.        ]],

       [[ 0.        , -0.21787445, -0.19946312, ..., -0.82141672,
         -0.82335169, -0.81675247],
        [ 0.21787445,  0.        ,  0.01882496, ..., -0.67742366,
         -0.67992154, -0.67142048],
        [ 0.19946312, -0.01882496,  0.        , ..., -0.69115112,
         -0.69360511, -0.68525223],
        ...,
        [ 0.82141672,  0.67742366,  0.69115112, ...,  0.        ,
         -0.00340107,  0.00813057],
        [ 0.82335169,  0.67992154,  0.69360511, ...,  0.00340107,
          0.        ,  0.01153147],
        [ 0.81675247,  0.67142048,  0.68525223, ..., -0.00813057,
         -0.01153147,  0.        ]],

       [[ 0.        , -0.2086963 , -0.40997636, ...,  0.68637101,
          0.65307573,  0.69052162],
        [ 0.2086963 ,  0.        , -0.21059779, ...,  0.82303218,
          0.7967395 ,  0.82626917],
        [ 0.40997636,  0.21059779,  0.        , ...,  0.92419231,
          0.90613992,  0.92636283],
        ...,
        [-0.68637101, -0.82303218, -0.92419231, ...,  0.        ,
         -0.04483335,  0.00572271],
        [-0.65307573, -0.7967395 , -0.90613992, ...,  0.04483335,
          0.        ,  0.05054957],
        [-0.69052162, -0.82626917, -0.92636283, ..., -0.00572271,
         -0.05054957,  0.        ]]]), 'num': array([ 9.97320896e-01,  1.63059349e-02,  1.28405100e-05,  2.68771222e-03,
        2.68771222e-03,  2.64197890e-03,  7.09142668e-02, -1.75897397e-05,
        2.64268249e-03,  2.68384248e-03,  2.49815346e-03,  1.46865788e-06,
        2.84352632e-03,  2.52415864e-03])}
{'img': array([[[ 0.        , -0.05324793, -0.14977988, ...,  0.71725757,
          0.9074069 ,  0.87259266],
        [ 0.05324793,  0.        , -0.09692013, ...,  0.75334361,
          0.9284972 ,  0.89736361],
        [ 0.14977988,  0.09692013,  0.        , ...,  0.81353429,
          0.96011625,  0.93590904],
        ...,
        [-0.71725757, -0.75334361, -0.81353429, ...,  0.        ,
          0.33085875,  0.25768619],
        [-0.9074069 , -0.9284972 , -0.96011625, ..., -0.33085875,
          0.        , -0.07651183],
        [-0.87259266, -0.89736361, -0.93590904, ..., -0.25768619,
          0.07651183,  0.        ]],

       [[ 0.        ,  0.05534569, -0.24648823, ..., -0.65823339,
         -0.14326302, -0.31174036],
        [-0.05534569,  0.        , -0.29974847, ..., -0.69888949,
         -0.19781821, -0.3638502 ],
        [ 0.24648823,  0.29974847,  0.        , ..., -0.45236434,
          0.10510287, -0.06791679],
        ...,
        [ 0.65823339,  0.69888949,  0.45236434, ...,  0.        ,
          0.54359309,  0.39074938],
        [ 0.14326302,  0.19781821, -0.10510287, ..., -0.54359309,
          0.        , -0.17240081],
        [ 0.31174036,  0.3638502 ,  0.06791679, ..., -0.39074938,
          0.17240081,  0.        ]],

       [[ 0.        , -0.1105834 , -0.22363201, ...,  0.47521162,
          0.56354245,  0.66135537],
        [ 0.1105834 ,  0.        , -0.11447771, ...,  0.56959626,
          0.65143768,  0.74024477],
        [ 0.22363201,  0.11447771,  0.        , ...,  0.65994368,
          0.73400949,  0.81234592],
        ...,
        [-0.47521162, -0.56959626, -0.65994368, ...,  0.        ,
          0.10327876,  0.2254645 ],
        [-0.56354245, -0.65143768, -0.73400949, ..., -0.10327876,
          0.        ,  0.12363934],
        [-0.66135537, -0.74024477, -0.81234592, ..., -0.2254645 ,
         -0.12363934,  0.        ]],

       ...,

       [[ 0.        , -0.00418351, -0.01251845, ...,  0.90091398,
          0.92515567,  0.89547265],
        [ 0.00418351,  0.        , -0.00833516, ...,  0.90272173,
          0.92673559,  0.89732697],
        [ 0.01251845,  0.00833516,  0.        , ...,  0.90627637,
          0.92983503,  0.90097465],
        ...,
        [-0.90091398, -0.90272173, -0.90627637, ...,  0.        ,
          0.05953937, -0.01237865],
        [-0.92515567, -0.92673559, -0.92983503, ..., -0.05953937,
          0.        , -0.07189149],
        [-0.89547265, -0.89732697, -0.90097465, ...,  0.01237865,
          0.07189149,  0.        ]],

       [[ 0.        ,  0.0890003 , -0.19538789, ..., -0.75700626,
         -0.74923522, -0.74577158],
        [-0.0890003 ,  0.        , -0.28189743, ..., -0.81215564,
         -0.80520721, -0.80210422],
        [ 0.19538789,  0.28189743,  0.        , ..., -0.61474782,
         -0.60538831, -0.60122987],
        ...,
        [ 0.75700626,  0.81215564,  0.61474782, ...,  0.        ,
          0.01181228,  0.01702605],
        [ 0.74923522,  0.80520721,  0.60538831, ..., -0.01181228,
          0.        ,  0.00521429],
        [ 0.74577158,  0.80210422,  0.60122987, ..., -0.01702605,
         -0.00521429,  0.        ]],

       [[ 0.        , -0.21059779, -0.39987025, ...,  0.7967395 ,
          0.82626917,  0.8524631 ],
        [ 0.21059779,  0.        , -0.19787429, ...,  0.90613992,
          0.92636283,  0.94344261],
        [ 0.39987025,  0.19787429,  0.        , ...,  0.97191967,
          0.98257209,  0.99039073],
        ...,
        [-0.7967395 , -0.90613992, -0.97191967, ...,  0.        ,
          0.05054957,  0.09863761],
        [-0.82626917, -0.92636283, -0.98257209, ..., -0.05054957,
          0.        ,  0.04820845],
        [-0.8524631 , -0.94344261, -0.99039073, ..., -0.09863761,
         -0.04820845,  0.        ]]]), 'num': array([ 9.98339500e-01,  2.91791393e-03,  1.32546150e-05,  2.69032861e-03,
        2.77630449e-03,  2.67958163e-03,  5.70209238e-02, -4.65702689e-05,
        2.70394146e-03,  2.72991334e-03,  2.54811017e-03,  1.61298555e-06,
        2.89331582e-03,  2.56651086e-03])}
{'img': array([[[ 0.        , -0.09692013, -0.24531387, ...,  0.9284972 ,
          0.89736361,  0.80258137],
        [ 0.09692013,  0.        , -0.15020037, ...,  0.96011625,
          0.93590904,  0.85661994],
        [ 0.24531387,  0.15020037,  0.        , ...,  0.99122047,
          0.97819853,  0.92439765],
        ...,
        [-0.9284972 , -0.96011625, -0.99122047, ...,  0.        ,
         -0.07651183, -0.2558581 ],
        [-0.89736361, -0.93590904, -0.97819853, ...,  0.07651183,
          0.        , -0.18114301],
        [-0.80258137, -0.85661994, -0.92439765, ...,  0.2558581 ,
          0.18114301,  0.        ]],

       [[ 0.        , -0.29974847,  0.78935021, ..., -0.19781821,
         -0.3638502 , -0.5266529 ],
        [ 0.29974847,  0.        ,  0.56902599, ...,  0.10510287,
         -0.06791679, -0.24762617],
        [-0.78935021, -0.56902599,  0.        , ..., -0.6523025 ,
         -0.5118628 , -0.34767621],
        ...,
        [ 0.19781821, -0.10510287,  0.6523025 , ...,  0.        ,
         -0.17240081, -0.34808417],
        [ 0.3638502 ,  0.06791679,  0.5118628 , ...,  0.17240081,
          0.        , -0.18125284],
        [ 0.5266529 ,  0.24762617,  0.34767621, ...,  0.34808417,
          0.18125284,  0.        ]],

       [[ 0.        , -0.11447771, -0.24555532, ...,  0.65143768,
          0.74024477,  0.77752608],
        [ 0.11447771,  0.        , -0.13296829, ...,  0.73400949,
          0.81234592,  0.84440387],
        [ 0.24555532,  0.13296829,  0.        , ...,  0.81779568,
          0.88267643,  0.90813787],
        ...,
        [-0.65143768, -0.73400949, -0.81779568, ...,  0.        ,
          0.12363934,  0.18025368],
        [-0.74024477, -0.81234592, -0.88267643, ..., -0.12363934,
          0.        ,  0.05725649],
        [-0.77752608, -0.84440387, -0.90813787, ..., -0.18025368,
         -0.05725649,  0.        ]],

       ...,

       [[ 0.        , -0.00833516, -0.38348155, ...,  0.92673559,
          0.89732697,  0.93245259],
        [ 0.00833516,  0.        , -0.37577031, ...,  0.92983503,
          0.90097465,  0.93543163],
        [ 0.38348155,  0.37577031,  0.        , ...,  0.99996476,
          0.99798089,  0.99971418],
        ...,
        [-0.92673559, -0.92983503, -0.99996476, ...,  0.        ,
         -0.07189149,  0.01551318],
        [-0.89732697, -0.90097465, -0.99798089, ...,  0.07189149,
          0.        ,  0.08735588],
        [-0.93245259, -0.93543163, -0.99971418, ..., -0.01551318,
         -0.08735588,  0.        ]],

       [[ 0.        , -0.28189743, -0.33880859, ..., -0.80520721,
         -0.80210422, -0.8079686 ],
        [ 0.28189743,  0.        , -0.05984336, ..., -0.60538831,
         -0.60122987, -0.6090999 ],
        [ 0.33880859,  0.05984336,  0.        , ..., -0.55667218,
         -0.55233293, -0.56054687],
        ...,
        [ 0.80520721,  0.60538831,  0.55667218, ...,  0.        ,
          0.00521429, -0.00467151],
        [ 0.80210422,  0.60122987,  0.55233293, ..., -0.00521429,
          0.        , -0.00988568],
        [ 0.8079686 ,  0.6090999 ,  0.56054687, ...,  0.00467151,
          0.00988568,  0.        ]],

       [[ 0.        , -0.19787429, -0.42915549, ...,  0.92636283,
          0.94344261,  0.93014167],
        [ 0.19787429,  0.        , -0.24194385, ...,  0.98257209,
          0.99039073,  0.98440997],
        [ 0.42915549,  0.24194385,  0.        , ...,  0.99835311,
          0.99442671,  0.99771871],
        ...,
        [-0.92636283, -0.98257209, -0.99835311, ...,  0.        ,
          0.04820845,  0.01016018],
        [-0.94344261, -0.99039073, -0.99442671, ..., -0.04820845,
          0.        , -0.03805759],
        [-0.93014167, -0.98440997, -0.99771871, ..., -0.01016018,
          0.03805759,  0.        ]]]), 'num': array([9.98186586e-01, 2.86796687e-03, 1.30277306e-05, 2.69005032e-03,
       2.69709234e-03, 2.64427721e-03, 5.96555629e-02, 4.57731076e-05,
       2.67103688e-03, 2.67966335e-03, 2.50965733e-03, 1.52259817e-06,
       2.83637749e-03, 2.52294921e-03])}
{'img': array([[[ 0.        , -0.15020037, -0.11887008, ...,  0.93590904,
          0.85661994,  0.93590904],
        [ 0.15020037,  0.        ,  0.03161386, ...,  0.97819853,
          0.92439765,  0.97819853],
        [ 0.11887008, -0.03161386,  0.        , ...,  0.97114428,
          0.91187712,  0.97114428],
        ...,
        [-0.93590904, -0.97819853, -0.97114428, ...,  0.        ,
         -0.18114301,  0.        ],
        [-0.85661994, -0.92439765, -0.91187712, ...,  0.18114301,
          0.        ,  0.18114301],
        [-0.93590904, -0.97819853, -0.97114428, ...,  0.        ,
         -0.18114301,  0.        ]],

       [[ 0.        ,  0.56902599,  0.75438202, ..., -0.06791679,
         -0.24762617, -0.19778565],
