state_0,state_1,state_2,state_3,state_4,state_5,state_6,state_7,state_8,state_9,state_10,state_11,state_12,state_13,state_14,state_15,state_16,state_17,state_18,state_19,state_20,state_21,state_22,state_23,state_24,state_25,state_26,state_27,state_28,state_29,state_30,state_31,state_32,state_33,state_34,state_35,state_36,state_37,state_38,state_39,state_40,state_41,state_42,state_43,state_44,state_45,state_46,state_47,state_48,state_49,state_50,state_51,state_52,state_53,state_54,state_55,state_56,state_57,state_58,state_59,state_60,state_61,state_62,state_63,state_64,state_65,state_66,state_67,state_68,state_69,state_70,state_71,state_72,state_73,state_74,state_75,state_76,state_77,state_78,state_79,state_80,state_81,state_82,state_83,state_84,state_85,state_86,state_87,state_88,state_89,state_90,state_91,state_92,state_93,state_94,state_95,state_96,state_97,state_98,state_99,state_100,state_101,state_102,state_103,state_104,state_105,state_106,state_107,state_108,state_109,state_110,state_111,state_112,state_113,state_114,state_115,state_116,state_117,state_118,state_119,state_120,state_121,state_122,state_123,state_124,state_125,state_126,state_127,state_128,state_129,state_130,state_131,state_132,state_133,state_134,state_135,state_136,state_137,state_138,state_139,state_140,state_141,state_142,state_143,state_144,state_145,state_146,state_147,state_148,state_149,state_150,state_151,state_152,state_153,state_154,state_155,state_156,state_157,state_158,state_159,state_160,state_161,state_162,state_163,state_164,state_165,state_166,state_167,state_168,state_169,state_170,state_171,state_172,state_173,state_174,state_175,state_176,state_177,state_178,state_179,state_180,state_181,state_182,state_183,state_184,state_185,state_186,state_187,state_188,state_189,state_190,state_191,state_192,state_193,state_194,state_195,state_196,state_197,state_198,state_199,state_200,state_201,state_202,state_203,state_204,state_205,state_206,state_207,state_208,state_209,state_210,state_211,state_212,state_213,state_214,state_215,state_216,state_217,state_218,state_219,state_220,state_221,state_222,state_223,state_224,state_225,state_226,state_227,state_228,state_229,state_230,state_231,state_232,state_233,state_234,state_235,state_236,state_237,state_238,state_239,state_240,state_241,state_242,state_243,state_244,state_245,state_246,state_247,state_248,state_249,state_250,state_251,state_252,state_253,state_254,state_255,state_256,state_257,state_258,state_259,state_260,state_261,state_262,state_263,state_264,state_265,state_266,state_267,state_268,state_269,state_270,state_271,state_272,state_273,state_274,state_275,state_276,state_277,state_278,state_279,state_280,state_281,state_282,state_283,state_284,state_285,state_286,state_287
{'img': array([[[ 0.        ,  0.38687861,  0.48124219, ...,  0.50960284,
          0.3517016 ,  0.45144047],
        [-0.38687861,  0.        ,  0.10463516, ...,  0.13704627,
         -0.03784695,  0.07107483],
        [-0.48124219, -0.10463516,  0.        , ...,  0.03264609,
         -0.14219939, -0.03368586],
        ...,
        [-0.50960284, -0.13704627, -0.03264609, ...,  0.        ,
         -0.17443793, -0.06629547],
        [-0.3517016 ,  0.03784695,  0.14219939, ...,  0.17443793,
          0.        ,  0.10877514],
        [-0.45144047, -0.07107483,  0.03368586, ...,  0.06629547,
         -0.10877514,  0.        ]],

       [[ 0.        ,  0.93922372,  0.52571783, ...,  0.26793723,
          0.54094184,  0.039667  ],
        [-0.93922372,  0.        , -0.61847719, ..., -0.81289791,
         -0.60423508, -0.9248666 ],
        [-0.52571783,  0.61847719,  0.        , ..., -0.27857246,
          0.01799681, -0.49156098],
        ...,
        [-0.26793723,  0.81289791,  0.27857246, ...,  0.        ,
          0.29581175, -0.22950972],
        [-0.54094184,  0.60423508, -0.01799681, ..., -0.29581175,
          0.        , -0.50715376],
        [-0.039667  ,  0.9248666 ,  0.49156098, ...,  0.22950972,
          0.50715376,  0.        ]],

       [[ 0.        ,  0.18106531,  0.41053303, ...,  0.86681919,
          0.7933119 ,  0.75745053],
        [-0.18106531,  0.        ,  0.23864373, ...,  0.76220835,
          0.66996396,  0.62671449],
        [-0.41053303, -0.23864373,  0.        , ...,  0.58570434,
          0.47343923,  0.42264407],
        ...,
        [-0.86681919, -0.76220835, -0.58570434, ...,  0.        ,
         -0.13216966, -0.18825786],
        [-0.7933119 , -0.66996396, -0.47343923, ...,  0.13216966,
          0.        , -0.05679987],
        [-0.75745053, -0.62671449, -0.42264407, ...,  0.18825786,
          0.05679987,  0.        ]],

       ...,

       [[ 0.        ,  0.24843092,  0.32228487, ..., -0.74999797,
         -0.78515737, -0.74665956],
        [-0.24843092,  0.        ,  0.07700579, ..., -0.89080743,
         -0.91439473, -0.88850932],
        [-0.32228487, -0.07700579,  0.        , ..., -0.92315227,
         -0.94285334, -0.92120579],
        ...,
        [ 0.74999797,  0.89080743,  0.92315227, ...,  0.        ,
         -0.05486362,  0.00503283],
        [ 0.78515737,  0.91439473,  0.94285334, ...,  0.05486362,
          0.        ,  0.05988817],
        [ 0.74665956,  0.88850932,  0.92120579, ..., -0.00503283,
         -0.05988817,  0.        ]],

       [[ 0.        ,  0.41386348,  0.57748279, ...,  0.98841034,
          0.99302228,  0.99629825],
        [-0.41386348,  0.        ,  0.18782575, ...,  0.96261531,
          0.95279249,  0.94254646],
        [-0.57748279, -0.18782575,  0.        , ...,  0.89460625,
          0.87880696,  0.86302346],
        ...,
        [-0.98841034, -0.96261531, -0.89460625, ...,  0.        ,
         -0.03418638, -0.06627614],
        [-0.99302228, -0.95279249, -0.87880696, ...,  0.03418638,
          0.        , -0.03212618],
        [-0.99629825, -0.94254646, -0.86302346, ...,  0.06627614,
          0.03212618,  0.        ]],

       [[ 0.        , -0.05505133, -0.17434937, ...,  0.942728  ,
          0.97038562,  0.98464773],
        [ 0.05505133,  0.        , -0.11987681, ...,  0.92293533,
          0.95561579,  0.97354515],
        [ 0.17434937,  0.11987681,  0.        , ...,  0.87013265,
          0.91340703,  0.93913348],
        ...,
        [-0.942728  , -0.92293533, -0.87013265, ...,  0.        ,
         -0.09595781, -0.16388527],
        [-0.97038562, -0.95561579, -0.91340703, ...,  0.09595781,
          0.        , -0.0684686 ],
        [-0.98464773, -0.97354515, -0.93913348, ...,  0.16388527,
          0.0684686 ,  0.        ]]]), 'num': array([ 9.99999737e-01,  1.01634342e-05,  5.95231889e-06,  2.02018096e-04,
        2.05625562e-04,  2.01416851e-04,  4.16349675e-04, -2.40497733e-06,
        2.04904069e-04,  2.14674289e-04,  2.18361921e-04,  3.87007846e-08,
        2.29280814e-04,  2.00067763e-04])}
{'img': array([[[ 0.        ,  0.10463516,  0.13704627, ..., -0.03784695,
          0.07107483, -0.07753281],
        [-0.10463516,  0.        ,  0.03264609, ..., -0.14219939,
         -0.03368586, -0.1814274 ],
        [-0.13704627, -0.03264609,  0.        , ..., -0.17443793,
         -0.06629547, -0.213435  ],
        ...,
        [ 0.03784695,  0.14219939,  0.17443793, ...,  0.        ,
          0.10877514, -0.03974424],
        [-0.07107483,  0.03368586,  0.06629547, ..., -0.10877514,
          0.        , -0.14819761],
        [ 0.07753281,  0.1814274 ,  0.213435  , ...,  0.03974424,
          0.14819761,  0.        ]],

       [[ 0.        , -0.61847719, -0.39245168, ..., -0.60423508,
         -0.9248666 , -0.91450127],
        [ 0.61847719,  0.        ,  0.26046878, ...,  0.01799681,
         -0.49156098, -0.46839224],
        [ 0.39245168, -0.26046878,  0.        , ..., -0.243051  ,
         -0.70142086, -0.68235394],
        ...,
        [ 0.60423508, -0.01799681,  0.243051  , ...,  0.        ,
         -0.50715376, -0.48421693],
        [ 0.9248666 ,  0.49156098,  0.70142086, ...,  0.50715376,
          0.        ,  0.02640809],
        [ 0.91450127,  0.46839224,  0.68235394, ...,  0.48421693,
         -0.02640809,  0.        ]],

       [[ 0.        ,  0.37313321,  0.49888765, ...,  0.78284066,
          0.74535599,  0.66143783],
        [-0.37313321,  0.        ,  0.13947476, ...,  0.49413039,
          0.44276925,  0.33381741],
        [-0.49888765, -0.13947476,  0.        , ...,  0.36804293,
          0.31338343,  0.19908038],
        ...,
        [-0.78284066, -0.49413039, -0.36804293, ...,  0.        ,
         -0.05811671, -0.17556918],
        [-0.74535599, -0.44276925, -0.31338343, ...,  0.05811671,
          0.        , -0.11805844],
        [-0.66143783, -0.33381741, -0.19908038, ...,  0.17556918,
          0.11805844,  0.        ]],

       ...,

       [[ 0.        ,  0.07700579,  0.91223938, ..., -0.91439473,
         -0.88850932, -0.87601162],
        [-0.07700579,  0.        ,  0.87798462, ..., -0.94285334,
         -0.92120579, -0.91054956],
        [-0.91223938, -0.87798462,  0.        , ..., -0.74388488,
         -0.78257341, -0.7988287 ],
        ...,
        [ 0.91439473,  0.94285334,  0.74388488, ...,  0.        ,
          0.05988817,  0.08637311],
        [ 0.88850932,  0.92120579,  0.78257341, ..., -0.05988817,
          0.        ,  0.02655371],
        [ 0.87601162,  0.91054956,  0.7988287 , ..., -0.08637311,
         -0.02655371,  0.        ]],

       [[ 0.        ,  0.43245598,  0.58574215, ...,  0.9970675 ,
          0.99907231,  0.99963592],
        [-0.43245598,  0.        ,  0.17763289, ...,  0.93210554,
          0.9194419 ,  0.91299527],
        [-0.58574215, -0.17763289,  0.        , ...,  0.85294582,
          0.83497   ,  0.82600683],
        ...,
        [-0.9970675 , -0.93210554, -0.85294582, ...,  0.        ,
         -0.03351834, -0.04959642],
        [-0.99907231, -0.9194419 , -0.83497   , ...,  0.03351834,
          0.        , -0.01609146],
        [-0.99963592, -0.91299527, -0.82600683, ...,  0.04959642,
          0.01609146,  0.        ]],

       [[ 0.        , -0.11987681, -0.11310042, ...,  0.95561579,
          0.97354515,  0.9894319 ],
        [ 0.11987681,  0.        ,  0.00682281, ...,  0.91340703,
          0.93913348,  0.96491495],
        [ 0.11310042, -0.00682281,  0.        , ...,  0.91616298,
          0.94145561,  0.96668391],
        ...,
        [-0.95561579, -0.91340703, -0.91616298, ...,  0.        ,
         -0.0684686 , -0.15293958],
        [-0.97354515, -0.93913348, -0.94145561, ...,  0.0684686 ,
          0.        , -0.08491757],
        [-0.9894319 , -0.96491495, -0.96668391, ...,  0.15293958,
          0.08491757,  0.        ]]]), 'num': array([ 7.07070851e-01,  7.07070851e-01,  0.00000000e+00,  2.25964101e-03,
        2.29356955e-03,  2.23928389e-03,  7.57890381e-03, -2.03571262e-05,
        2.29085527e-03,  2.40994446e-03,  2.46389084e-03,  4.00973698e-07,
        2.58328047e-03,  2.23660845e-03])}
{'img': array([[[ 0.        ,  0.03264609,  0.18295214, ..., -0.03368586,
         -0.1814274 , -0.31251945],
        [-0.03264609,  0.        ,  0.15075953, ..., -0.06629547,
         -0.213435  , -0.34336376],
        [-0.18295214, -0.15075953,  0.        , ..., -0.21596561,
         -0.35828116, -0.48103301],
        ...,
        [ 0.03368586,  0.06629547,  0.21596561, ...,  0.        ,
         -0.14819761, -0.28034351],
        [ 0.1814274 ,  0.213435  ,  0.35828116, ...,  0.14819761,
          0.        , -0.13499304],
        [ 0.31251945,  0.34336376,  0.48103301, ...,  0.28034351,
          0.13499304,  0.        ]],

       [[ 0.        ,  0.26046878, -0.03591576, ..., -0.49156098,
         -0.46839224, -0.02365189],
        [-0.26046878,  0.        , -0.29497676, ..., -0.70142086,
         -0.68235394, -0.2832314 ],
        [ 0.03591576,  0.29497676,  0.        , ..., -0.45996684,
         -0.43635773,  0.01226908],
        ...,
        [ 0.49156098,  0.70142086,  0.45996684, ...,  0.        ,
          0.02640809,  0.47082638],
        [ 0.46839224,  0.68235394,  0.43635773, ..., -0.02640809,
          0.        ,  0.44736427],
        [ 0.02365189,  0.2832314 , -0.01226908, ..., -0.47082638,
         -0.44736427,  0.        ]],

       [[ 0.        ,  0.16479364,  0.32206267, ...,  0.48620254,
          0.37394996,  0.22280705],
        [-0.16479364,  0.        ,  0.16164629, ...,  0.33555092,
          0.21599967,  0.0591097 ],
        [-0.32206267, -0.16164629,  0.        , ...,  0.17886364,
          0.05532862, -0.10303131],
        ...,
        [-0.48620254, -0.33555092, -0.17886364, ...,  0.        ,
         -0.12415327, -0.27928157],
        [-0.37394996, -0.21599967, -0.05532862, ...,  0.12415327,
          0.        , -0.15790766],
        [-0.22280705, -0.0591097 ,  0.10303131, ...,  0.27928157,
          0.15790766,  0.        ]],

       ...,

       [[ 0.        ,  0.87798462,  0.80361667, ..., -0.92120579,
         -0.91054956, -0.94721301],
        [-0.87798462,  0.        , -0.13784778, ..., -0.78257341,
         -0.7988287 , -0.73490649],
        [-0.80361667,  0.13784778,  0.        , ..., -0.8609208 ,
         -0.87412614, -0.82137467],
        ...,
        [ 0.92120579,  0.78257341,  0.8609208 , ...,  0.        ,
          0.02655371, -0.07319445],
        [ 0.91054956,  0.7988287 ,  0.87412614, ..., -0.02655371,
          0.        , -0.09965113],
        [ 0.94721301,  0.73490649,  0.82137467, ...,  0.07319445,
          0.09965113,  0.        ]],

       [[ 0.        ,  0.42726137,  0.60758838, ...,  0.99997936,
          0.99972763,  0.9991319 ],
        [-0.42726137,  0.        ,  0.20998453, ...,  0.90136463,
          0.89391041,  0.88554419],
        [-0.60758838, -0.20998453,  0.        , ...,  0.79033233,
          0.77985576,  0.76825133],
        ...,
        [-0.99997936, -0.90136463, -0.79033233, ...,  0.        ,
         -0.01691507, -0.03523895],
        [-0.99972763, -0.89391041, -0.77985576, ...,  0.01691507,
          0.        , -0.01832934],
        [-0.9991319 , -0.88554419, -0.76825133, ...,  0.03523895,
          0.01832934,  0.        ]],

       [[ 0.        ,  0.00682281,  0.10510834, ...,  0.93913348,
          0.96491495,  0.98411715],
        [-0.00682281,  0.        ,  0.09832087, ...,  0.94145561,
          0.96668391,  0.98530543],
        [-0.10510834, -0.09832087,  0.        , ...,  0.97004164,
          0.9871676 ,  0.99732476],
        ...,
        [-0.93913348, -0.94145561, -0.97004164, ...,  0.        ,
         -0.08491757, -0.17138067],
        [-0.96491495, -0.96668391, -0.9871676 , ...,  0.08491757,
          0.        , -0.08710043],
        [-0.98411715, -0.98530543, -0.99732476, ...,  0.17138067,
          0.08710043,  0.        ]]]), 'num': array([ 9.34832444e-01,  3.54871869e-01,  3.52559620e-06,  2.97415680e-03,
        3.01935675e-03,  2.96511681e-03,  8.76394512e-03, -3.61599611e-05,
        3.02839674e-03,  3.19563656e-03,  3.28061247e-03,  6.10492849e-07,
        3.44632317e-03,  2.94494995e-03])}
{'img': array([[[ 0.        ,  0.15075953, -0.17443793, ..., -0.213435  ,
         -0.34336376, -0.58629049],
        [-0.15075953,  0.        , -0.3208923 , ..., -0.35828116,
         -0.48103301, -0.7017199 ],
        [ 0.17443793,  0.3208923 ,  0.        , ..., -0.03974424,
         -0.17426683, -0.43598926],
        ...,
        [ 0.213435  ,  0.35828116,  0.03974424, ...,  0.        ,
         -0.13499304, -0.39987687],
        [ 0.34336376,  0.48103301,  0.17426683, ...,  0.13499304,
          0.        , -0.2724862 ],
        [ 0.58629049,  0.7017199 ,  0.43598926, ...,  0.39987687,
          0.2724862 ,  0.        ]],

       [[ 0.        , -0.29497676,  0.05586845, ..., -0.68235394,
         -0.2832314 , -0.41302751],
        [ 0.29497676,  0.        ,  0.3478986 , ..., -0.43635773,
          0.01226908, -0.12600881],
        [-0.05586845, -0.3478986 ,  0.        , ..., -0.72212926,
         -0.33636976, -0.46326285],
        ...,
        [ 0.68235394,  0.43635773,  0.72212926, ...,  0.        ,
          0.44736427,  0.31950021],
        [ 0.2832314 , -0.01226908,  0.33636976, ..., -0.44736427,
          0.        , -0.13817061],
        [ 0.41302751,  0.12600881,  0.46326285, ..., -0.31950021,
          0.13817061,  0.        ]],

       [[ 0.        ,  0.16164629,  0.22464264, ...,  0.21599967,
          0.0591097 , -0.1127819 ],
        [-0.16164629,  0.        ,  0.0641735 , ...,  0.05532862,
         -0.10303131, -0.27191363],
        [-0.22464264, -0.0641735 ,  0.        , ..., -0.00886062,
         -0.16665092, -0.3331087 ],
        ...,
        [-0.21599967, -0.05532862,  0.00886062, ...,  0.        ,
         -0.15790766, -0.32474105],
        [-0.0591097 ,  0.10303131,  0.16665092, ...,  0.15790766,
          0.        , -0.17131727],
        [ 0.1127819 ,  0.27191363,  0.3331087 , ...,  0.32474105,
          0.17131727,  0.        ]],

       ...,

       [[ 0.        , -0.13784778, -0.88045452, ..., -0.7988287 ,
         -0.73490649, -0.83144016],
        [ 0.13784778,  0.        , -0.80669134, ..., -0.87412614,
         -0.82137467, -0.90009296],
        [ 0.88045452,  0.80669134,  0.        , ..., -0.9083941 ,
         -0.94553815, -0.88340436],
        ...,
        [ 0.7988287 ,  0.87412614,  0.9083941 , ...,  0.        ,
         -0.09965113,  0.0563193 ],
        [ 0.73490649,  0.82137467,  0.94553815, ...,  0.09965113,
          0.        ,  0.15553193],
        [ 0.83144016,  0.90009296,  0.88340436, ..., -0.0563193 ,
         -0.15553193,  0.        ]],

       [[ 0.        ,  0.46636627,  0.55503904, ...,  0.99719385,
          0.99556223,  0.99693694],
        [-0.46636627,  0.        ,  0.10304815, ...,  0.847196  ,
          0.83677846,  0.84540784],
        [-0.55503904, -0.10304815,  0.        , ...,  0.78793837,
          0.77590061,  0.78586698],
        ...,
        [-0.99719385, -0.847196  , -0.78793837, ...,  0.        ,
         -0.019311  , -0.00335677],
        [-0.99556223, -0.83677846, -0.77590061, ...,  0.019311  ,
          0.        ,  0.01595475],
        [-0.99693694, -0.84540784, -0.78586698, ...,  0.00335677,
         -0.01595475,  0.        ]],

       [[ 0.        ,  0.10488849,  0.2443721 , ...,  0.96491729,
          0.98411887,  0.99726224],
        [-0.10488849,  0.        ,  0.14131571, ...,  0.98713369,
          0.99730929,  0.99951742],
        [-0.2443721 , -0.14131571,  0.        , ...,  0.99982336,
          0.99766056,  0.98509713],
        ...,
        [-0.96491729, -0.98713369, -0.99982336, ...,  0.        ,
         -0.08710126, -0.19048343],
        [-0.98411887, -0.99730929, -0.99766056, ...,  0.08710126,
          0.        , -0.10425302],
        [-0.99726224, -0.99951742, -0.98509713, ...,  0.19048343,
          0.10425302,  0.        ]]]), 'num': array([9.37529786e-01, 3.47380169e-01, 3.45116735e-06, 3.02640829e-03,
       3.03525744e-03, 2.92021852e-03, 1.70188743e-02, 1.15038912e-04,
       2.97331341e-03, 3.11445730e-03, 3.21135546e-03, 8.02597057e-07,
       3.35021525e-03, 2.87869935e-03])}
{'img': array([[[ 0.        , -0.3208923 ,  0.11073936, ..., -0.48103301,
         -0.7017199 , -0.15075953],
        [ 0.3208923 ,  0.        ,  0.42380163, ..., -0.17426683,
         -0.43598926,  0.17443793],
        [-0.11073936, -0.42380163,  0.        , ..., -0.57515987,
         -0.77630054, -0.25930594],
        ...,
        [ 0.48103301,  0.17426683,  0.57515987, ...,  0.        ,
         -0.2724862 ,  0.34336376],
        [ 0.7017199 ,  0.43598926,  0.77630054, ...,  0.2724862 ,
          0.        ,  0.58629049],
        [ 0.15075953, -0.17443793,  0.25930594, ..., -0.34336376,
         -0.58629049,  0.        ]],

       [[ 0.        ,  0.3478986 ,  0.0773079 , ...,  0.01226908,
         -0.12600881,  0.60656386],
        [-0.3478986 ,  0.        , -0.27437878, ..., -0.33636976,
         -0.46326285,  0.29208165],
        [-0.0773079 ,  0.27437878,  0.        , ..., -0.06506972,
         -0.20232339,  0.54328611],
        ...,
        [-0.01226908,  0.33636976,  0.06506972, ...,  0.        ,
         -0.13817061,  0.59676386],
        [ 0.12600881,  0.46326285,  0.20232339, ...,  0.13817061,
          0.        ,  0.7019104 ],
        [-0.60656386, -0.29208165, -0.54328611, ..., -0.59676386,
         -0.7019104 ,  0.        ]],

       [[ 0.        ,  0.0641735 ,  0.17117008, ..., -0.10303131,
         -0.27191363, -0.20007011],
        [-0.0641735 ,  0.        ,  0.10759087, ..., -0.16665092,
         -0.3331087 , -0.26253373],
        [-0.17117008, -0.10759087,  0.        , ..., -0.27176986,
         -0.43262127, -0.36482667],
        ...,
        [ 0.10303131,  0.16665092,  0.27176986, ...,  0.        ,
         -0.17131727, -0.09805718],
        [ 0.27191363,  0.3331087 ,  0.43262127, ...,  0.17131727,
          0.        ,  0.07388416],
        [ 0.20007011,  0.26253373,  0.36482667, ...,  0.09805718,
         -0.07388416,  0.        ]],

       ...,

       [[ 0.        , -0.87661039, -0.78372996, ..., -0.73632789,
         -0.83286051, -0.97649092],
        [ 0.87661039,  0.        ,  0.16733272, ..., -0.94745799,
         -0.88596206, -0.65884909],
        [ 0.78372996, -0.16733272,  0.        , ..., -0.98762572,
         -0.95107226, -0.77543988],
        ...,
        [ 0.73632789,  0.94745799,  0.98762572, ...,  0.        ,
          0.15598922,  0.50199629],
        [ 0.83286051,  0.88596206,  0.95107226, ..., -0.15598922,
          0.        ,  0.36094087],
        [ 0.97649092,  0.65884909,  0.77543988, ..., -0.50199629,
         -0.36094087,  0.        ]],

       [[ 0.        ,  0.12038886,  0.31980657, ...,  0.86936332,
          0.87729824,  0.83588422],
        [-0.12038886,  0.        ,  0.20341417, ...,  0.80354729,
          0.81313737,  0.76372253],
        [-0.31980657, -0.20341417,  0.        , ...,  0.66566692,
          0.67773527,  0.61644229],
        ...,
        [-0.86936332, -0.80354729, -0.66566692, ...,  0.        ,
          0.01629039, -0.06412676],
        [-0.87729824, -0.81313737, -0.67773527, ..., -0.01629039,
          0.        , -0.08037511],
        [-0.83588422, -0.76372253, -0.61644229, ...,  0.06412676,
          0.08037511,  0.        ]],

       [[ 0.        ,  0.22163829,  0.20130203, ...,  0.98452646,
          0.99744884,  0.99826358],
        [-0.22163829,  0.        , -0.02080574, ...,  0.99887926,
          0.98846287,  0.98649138],
        [-0.20130203,  0.02080574,  0.        , ...,  0.99964779,
          0.99140021,  0.9896861 ],
        ...,
        [-0.98452646, -0.99887926, -0.99964779, ...,  0.        ,
         -0.1045086 , -0.11693788],
        [-0.99744884, -0.98846287, -0.99140021, ...,  0.1045086 ,
          0.        , -0.01250594],
        [-0.99826358, -0.98649138, -0.9896861 , ...,  0.11693788,
          0.01250594,  0.        ]]]), 'num': array([9.38025575e-01, 3.46289138e-01, 3.44032812e-06, 3.03454583e-03,
       3.06983125e-03, 2.99926041e-03, 1.07873341e-02, 1.76427083e-05,
       2.97103208e-03, 3.09232570e-03, 3.20082836e-03, 6.73208607e-07,
       3.31447500e-03, 2.87017640e-03])}
{'img': array([[[ 0.        ,  0.42380163,  0.17443793, ..., -0.43598926,
          0.17443793,  0.23574857],
        [-0.42380163,  0.        , -0.25930594, ..., -0.77630054,
         -0.25930594, -0.19832594],
        [-0.17443793,  0.25930594,  0.        , ..., -0.58629049,
          0.        ,  0.06261287],
        ...,
        [ 0.43598926,  0.77630054,  0.58629049, ...,  0.        ,
          0.58629049,  0.63586287],
        [-0.17443793,  0.25930594,  0.        , ..., -0.58629049,
          0.        ,  0.06261287],
        [-0.23574857,  0.19832594, -0.06261287, ..., -0.63586287,
         -0.06261287,  0.        ]],

       [[ 0.        , -0.27437878,  0.17914843, ..., -0.46326285,
          0.29208165, -0.24808216],
        [ 0.27437878,  0.        ,  0.44221292, ..., -0.20232339,
          0.54328611,  0.02724024],
        [-0.17914843, -0.44221292,  0.        , ..., -0.6145333 ,
          0.11602   , -0.41761677],
        ...,
        [ 0.46326285,  0.20232339,  0.6145333 , ...,  0.        ,
          0.7019104 ,  0.22892519],
        [-0.29208165, -0.54328611, -0.11602   , ..., -0.7019104 ,
          0.        , -0.52021503],
        [ 0.24808216, -0.02724024,  0.41761677, ..., -0.22892519,
          0.52021503,  0.        ]],

       [[ 0.        ,  0.10759087,  0.11535633, ..., -0.3331087 ,
         -0.26253373, -0.21257745],
        [-0.10759087,  0.        ,  0.00781411, ..., -0.43262127,
         -0.36482667, -0.31647529],
        [-0.11535633, -0.00781411,  0.        , ..., -0.43965307,
         -0.37209106, -0.32387809],
        ...,
        [ 0.3331087 ,  0.43262127,  0.43965307, ...,  0.        ,
          0.07388416,  0.12505842],
        [ 0.26253373,  0.36482667,  0.37209106, ..., -0.07388416,
          0.        ,  0.05141248],
        [ 0.21257745,  0.31647529,  0.32387809, ..., -0.12505842,
         -0.05141248,  0.        ]],

       ...,

       [[ 0.        ,  0.17054091, -0.09717153, ..., -0.89045287,
         -0.66449026, -0.81360254],
        [-0.17054091,  0.        , -0.26548187, ..., -0.95501725,
         -0.78220057, -0.90083989],
        [ 0.09717153,  0.26548187,  0.        , ..., -0.84201856,
         -0.58872967, -0.75325467],
        ...,
        [ 0.89045287,  0.95501725,  0.84201856, ...,  0.        ,
          0.36303948,  0.14747785],
        [ 0.66449026,  0.78220057,  0.58872967, ..., -0.36303948,
          0.        , -0.22165378],
        [ 0.81360254,  0.90083989,  0.75325467, ..., -0.14747785,
          0.22165378,  0.        ]],

       [[ 0.        ,  0.20341417,  0.2750884 , ...,  0.81313737,
          0.76372253,  0.70365622],
        [-0.20341417,  0.        ,  0.07377083, ...,  0.67773527,
          0.61644229,  0.5444107 ],
        [-0.2750884 , -0.07377083,  0.        , ...,  0.62164446,
          0.55667546,  0.48104694],
        ...,
        [-0.81313737, -0.67773527, -0.62164446, ...,  0.        ,
         -0.08037511, -0.16818864],
        [-0.76372253, -0.61644229, -0.55667546, ...,  0.08037511,
          0.        , -0.08841435],
        [-0.70365622, -0.5444107 , -0.48104694, ...,  0.16818864,
          0.08841435,  0.        ]],

       [[ 0.        , -0.09419015,  0.236347  , ...,  0.99947164,
          0.9989815 ,  0.9990528 ],
        [ 0.09419015,  0.        ,  0.32681787, ...,  0.99808968,
          0.99879027,  0.99870986],
        [-0.236347  , -0.32681787,  0.        , ...,  0.96347334,
          0.96001472,  0.96046388],
        ...,
        [-0.99947164, -0.99808968, -0.96347334, ...,  0.        ,
         -0.01262787, -0.0110191 ],
        [-0.9989815 , -0.99879027, -0.96001472, ...,  0.01262787,
          0.        ,  0.00160888],
        [-0.9990528 , -0.99870986, -0.96046388, ...,  0.0110191 ,
         -0.00160888,  0.        ]]]), 'num': array([ 9.37228611e-01,  3.48551639e-01,  3.46280571e-06,  3.01885626e-03,
        3.07213020e-03,  3.00109829e-03,  6.20341222e-03, -3.55159560e-05,
        2.99754669e-03,  3.09787927e-03,  3.22218511e-03,  6.60232516e-07,
        3.30511571e-03,  2.89064283e-03])}
{'img': array([[[ 0.        , -0.25930594, -0.42380163, ..., -0.25930594,
         -0.19832594, -0.32276333],
        [ 0.25930594,  0.        , -0.17443793, ...,  0.        ,
          0.06261287, -0.06629547],
        [ 0.42380163,  0.17443793,  0.        , ...,  0.17443793,
          0.23574857,  0.10877514],
        ...,
        [ 0.25930594,  0.        , -0.17443793, ...,  0.        ,
          0.06261287, -0.06629547],
        [ 0.19832594, -0.06261287, -0.23574857, ..., -0.06261287,
          0.        , -0.12864052],
        [ 0.32276333,  0.06629547, -0.10877514, ...,  0.06629547,
          0.12864052,  0.        ]],

       [[ 0.        ,  0.44221292,  0.35975119, ...,  0.54328611,
          0.02724024, -0.49681092],
        [-0.44221292,  0.        , -0.08994153, ...,  0.11602   ,
         -0.41761677, -0.82937311],
        [-0.35975119,  0.08994153,  0.        , ...,  0.20488391,
         -0.33420123, -0.77576181],
        ...,
        [-0.54328611, -0.11602   , -0.20488391, ...,  0.        ,
         -0.52021503, -0.88859206],
        [-0.02724024,  0.41761677,  0.33420123, ...,  0.52021503,
          0.        , -0.52026724],
        [ 0.49681092,  0.82937311,  0.77576181, ...,  0.88859206,
          0.52026724,  0.        ]],

       [[ 0.        ,  0.00781411, -0.03186669, ..., -0.36482667,
         -0.31647529, -0.27176986],
        [-0.00781411,  0.        , -0.03967586, ..., -0.37209106,
         -0.32387809, -0.27928157],
        [ 0.03186669,  0.03967586,  0.        , ..., -0.33497109,
         -0.28608579, -0.24096454],
        ...,
        [ 0.36482667,  0.37209106,  0.33497109, ...,  0.        ,
          0.05141248,  0.09805718],
        [ 0.31647529,  0.32387809,  0.28608579, ..., -0.05141248,
          0.        ,  0.04676278],
        [ 0.27176986,  0.27928157,  0.24096454, ..., -0.09805718,
         -0.04676278,  0.        ]],

       ...,

       [[ 0.        , -0.26548187, -0.35394162, ..., -0.78220057,
         -0.90083989, -0.91425678],
        [ 0.26548187,  0.        , -0.09294415, ..., -0.58872967,
         -0.75325467, -0.7738934 ],
        [ 0.35394162,  0.09294415,  0.        , ..., -0.5110517 ,
         -0.68886202, -0.71168046],
        ...,
        [ 0.78220057,  0.58872967,  0.5110517 , ...,  0.        ,
         -0.22165378, -0.25270939],
        [ 0.90083989,  0.75325467,  0.68886202, ...,  0.22165378,
          0.        , -0.03196396],
        [ 0.91425678,  0.7738934 ,  0.71168046, ...,  0.25270939,
          0.03196396,  0.        ]],

       [[ 0.        ,  0.07377083,  0.09641891, ...,  0.61644229,
          0.5444107 ,  0.44790032],
        [-0.07377083,  0.        ,  0.02272906, ...,  0.55667546,
          0.48104694,  0.38072261],
        [-0.09641891, -0.02272906,  0.        , ...,  0.53764993,
          0.46099621,  0.35960693],
        ...,
        [-0.61644229, -0.55667546, -0.53764993, ...,  0.        ,
         -0.08841435, -0.19847412],
        [-0.5444107 , -0.48104694, -0.46099621, ...,  0.08841435,
          0.        , -0.11104141],
        [-0.44790032, -0.38072261, -0.35960693, ...,  0.19847412,
          0.11104141,  0.        ]],

       [[ 0.        ,  0.32681787,  0.49821702, ...,  0.99879027,
          0.99870986,  0.99842744],
        [-0.32681787,  0.        ,  0.18749039, ...,  0.96001472,
          0.96046388,  0.96192232],
        [-0.49821702, -0.18749039,  0.        , ...,  0.89050239,
          0.89123324,  0.89361858],
        ...,
        [-0.99879027, -0.96001472, -0.89050239, ...,  0.        ,
          0.00160888,  0.00689562],
        [-0.99870986, -0.96046388, -0.89123324, ..., -0.00160888,
          0.        ,  0.00528677],
        [-0.99842744, -0.96192232, -0.89361858, ..., -0.00689562,
         -0.00528677,  0.        ]]]), 'num': array([9.40746481e-01, 3.38600585e-01, 3.36394356e-06, 3.08792767e-03,
       3.09655317e-03, 2.92404324e-03, 1.65012990e-02, 1.55258933e-04,
       2.95509503e-03, 3.00555418e-03, 3.13119891e-03, 7.64532626e-07,
       3.19745742e-03, 2.81365094e-03])}
{'img': array([[[ 0.        , -0.17443793, -0.34336376, ...,  0.06261287,
         -0.06629547,  0.42916586],
        [ 0.17443793,  0.        , -0.17426683, ...,  0.23574857,
          0.10877514,  0.58014278],
        [ 0.34336376,  0.17426683,  0.        , ...,  0.40149621,
          0.28034351,  0.71320862],
        ...,
        [-0.06261287, -0.23574857, -0.40149621, ...,  0.        ,
         -0.12864052,  0.37177023],
        [ 0.06629547, -0.10877514, -0.28034351, ...,  0.12864052,
          0.        ,  0.48810148],
        [-0.42916586, -0.58014278, -0.71320862, ..., -0.37177023,
         -0.48810148,  0.        ]],

       [[ 0.        , -0.08994153, -0.45344927, ..., -0.41761677,
         -0.82937311,  0.1083852 ],
        [ 0.08994153,  0.        , -0.37144819, ..., -0.33420123,
         -0.77576181,  0.19735759],
        [ 0.45344927,  0.37144819,  0.        , ...,  0.0398002 ,
         -0.4858655 ,  0.54737977],
        ...,
        [ 0.41761677,  0.33420123, -0.0398002 , ...,  0.        ,
         -0.52026724,  0.51363789],
        [ 0.82937311,  0.77576181,  0.4858655 , ...,  0.52026724,
          0.        ,  0.88504153],
        [-0.1083852 , -0.19735759, -0.54737977, ..., -0.51363789,
         -0.88504153,  0.        ]],

       [[ 0.        , -0.03967586, -0.16023755, ..., -0.32387809,
         -0.27928157, -0.04780004],
        [ 0.03967586,  0.        , -0.1209482 , ..., -0.28608579,
         -0.24096454, -0.0081319 ],
        [ 0.16023755,  0.1209482 ,  0.        , ..., -0.16809254,
         -0.12181124,  0.11287199],
        ...,
        [ 0.32387809,  0.28608579,  0.16809254, ...,  0.        ,
          0.04676278,  0.27828431],
        [ 0.27928157,  0.24096454,  0.12181124, ..., -0.04676278,
          0.        ,  0.23306428],
        [ 0.04780004,  0.0081319 , -0.11287199, ..., -0.27828431,
         -0.23306428,  0.        ]],

       ...,

       [[ 0.        , -0.09294415, -0.28157618, ..., -0.75325467,
         -0.7738934 , -0.61359232],
        [ 0.09294415,  0.        , -0.1911738 , ..., -0.68886202,
         -0.71168046, -0.53754544],
        [ 0.28157618,  0.1911738 ,  0.        , ..., -0.53757633,
         -0.56425413, -0.36642666],
        ...,
        [ 0.75325467,  0.68886202,  0.53757633, ...,  0.        ,
         -0.03196396,  0.19120976],
        [ 0.7738934 ,  0.71168046,  0.56425413, ...,  0.03196396,
          0.        ,  0.22248625],
        [ 0.61359232,  0.53754544,  0.36642666, ..., -0.19120976,
         -0.22248625,  0.        ]],

       [[ 0.        ,  0.02272906, -0.14776933, ...,  0.48104694,
          0.38072261,  0.33343778],
        [-0.02272906,  0.        , -0.1702107 , ...,  0.46099621,
          0.35960693,  0.31192331],
        [ 0.14776933,  0.1702107 ,  0.        , ...,  0.60531455,
          0.5131837 ,  0.46909005],
        ...,
        [-0.48104694, -0.46099621, -0.60531455, ...,  0.        ,
         -0.11104141, -0.16119446],
        [-0.38072261, -0.35960693, -0.5131837 , ...,  0.11104141,
          0.        , -0.05060831],
        [-0.33343778, -0.31192331, -0.46909005, ...,  0.16119446,
          0.05060831,  0.        ]],

       [[ 0.        ,  0.39247661,  0.74050557, ...,  0.99971239,
          0.99956742,  0.99887332],
        [-0.39247661,  0.        ,  0.41732488, ...,  0.9289099 ,
          0.93090704,  0.93735116],
        [-0.74050557, -0.41732488,  0.        , ...,  0.68961588,
          0.69353813,  0.70643462],
        ...,
        [-0.99971239, -0.9289099 , -0.68961588, ...,  0.        ,
          0.0054302 ,  0.02348738],
        [-0.99956742, -0.93090704, -0.69353813, ..., -0.0054302 ,
          0.        ,  0.01805833],
        [-0.99887332, -0.93735116, -0.70643462, ..., -0.02348738,
         -0.01805833,  0.        ]]]), 'num': array([ 9.99829591e-01,  1.20395845e-02,  5.56501412e-06,  3.28169437e-03,
        3.36489226e-03,  3.27245016e-03,  1.05048054e-02, -2.77326285e-05,
        3.21513606e-03,  3.21467385e-03,  3.35780503e-03,  9.01310426e-07,
        3.40347990e-03,  3.02586780e-03])}
{'img': array([[[ 0.        , -0.17426683, -0.12633858, ...,  0.10877514,
          0.58014278,  0.51650067],
        [ 0.17426683,  0.        ,  0.04846505, ...,  0.28034351,
          0.71320862,  0.6578198 ],
        [ 0.12633858, -0.04846505,  0.        , ...,  0.23349248,
          0.67839885,  0.6205441 ],
        ...,
        [-0.10877514, -0.28034351, -0.23349248, ...,  0.        ,
          0.48810148,  0.42029324],
        [-0.58014278, -0.71320862, -0.67839885, ..., -0.48810148,
          0.        , -0.07607116],
        [-0.51650067, -0.6578198 , -0.6205441 , ..., -0.42029324,
          0.07607116,  0.        ]],

       [[ 0.        , -0.37144819, -0.67939011, ..., -0.77576181,
          0.19735759, -0.40389069],
        [ 0.37144819,  0.        , -0.35822201, ..., -0.4858655 ,
          0.54737977, -0.03519031],
        [ 0.67939011,  0.35822201,  0.        , ..., -0.14052367,
          0.81084408,  0.32514518],
        ...,
        [ 0.77576181,  0.4858655 ,  0.14052367, ...,  0.        ,
          0.88504153,  0.45480706],
        [-0.19735759, -0.54737977, -0.81084408, ..., -0.88504153,
          0.        , -0.57649096],
        [ 0.40389069,  0.03519031, -0.32514518, ..., -0.45480706,
          0.57649096,  0.        ]],

       [[ 0.        , -0.1209482 , -0.14922169, ..., -0.24096454,
         -0.0081319 ,  0.18468365],
        [ 0.1209482 ,  0.        , -0.0285322 , ..., -0.12181124,
          0.11287199,  0.3021955 ],
        [ 0.14922169,  0.0285322 ,  0.        , ..., -0.09344192,
          0.14117591,  0.32927067],
        ...,
        [ 0.24096454,  0.12181124,  0.09344192, ...,  0.        ,
          0.23306428,  0.41606121],
        [ 0.0081319 , -0.11287199, -0.14117591, ..., -0.23306428,
          0.        ,  0.19266955],
        [-0.18468365, -0.3021955 , -0.32927067, ..., -0.41606121,
         -0.19266955,  0.        ]],

       ...,

       [[ 0.        , -0.1911738 , -0.40620616, ..., -0.71168046,
         -0.53754544, -0.42141775],
        [ 0.1911738 ,  0.        , -0.2240231 , ..., -0.56425413,
         -0.36642666, -0.24027607],
        [ 0.40620616,  0.2240231 ,  0.        , ..., -0.36495922,
         -0.14867189, -0.01670891],
        ...,
        [ 0.71168046,  0.56425413,  0.36495922, ...,  0.        ,
          0.22248625,  0.34935188],
        [ 0.53754544,  0.36642666,  0.14867189, ..., -0.22248625,
          0.        ,  0.13212791],
        [ 0.42141775,  0.24027607,  0.01670891, ..., -0.34935188,
         -0.13212791,  0.        ]],

       [[ 0.        , -0.1702107 , -0.40856674, ...,  0.35960693,
          0.31192331,  0.22955099],
        [ 0.1702107 ,  0.        , -0.24724865, ...,  0.5131837 ,
          0.46909005,  0.39186681],
        [ 0.40856674,  0.24724865,  0.        , ...,  0.70945868,
          0.67288351,  0.60717435],
        ...,
        [-0.35960693, -0.5131837 , -0.70945868, ...,  0.        ,
         -0.05060831, -0.1358093 ],
        [-0.31192331, -0.46909005, -0.67288351, ...,  0.05060831,
          0.        , -0.08549584],
        [-0.22955099, -0.39186681, -0.60717435, ...,  0.1358093 ,
          0.08549584,  0.        ]],

       [[ 0.        ,  0.67047191,  0.87103505, ...,  0.99993777,
          0.99997079,  0.99917645],
        [-0.67047191,  0.        ,  0.31690152, ...,  0.7344089 ,
          0.74703824,  0.76852907],
        [-0.87103505, -0.31690152,  0.        , ...,  0.48147296,
          0.4978646 ,  0.52615958],
        ...,
        [-0.99993777, -0.7344089 , -0.48147296, ...,  0.        ,
          0.01879916,  0.05172053],
        [-0.99997079, -0.74703824, -0.4978646 , ..., -0.01879916,
          0.        ,  0.03293739],
        [-0.99917645, -0.76852907, -0.52615958, ..., -0.05172053,
         -0.03293739,  0.        ]]]), 'num': array([9.99809587e-01, 1.18416137e-02, 5.47350678e-06, 3.28228563e-03,
       3.32774665e-03, 3.24591681e-03, 1.25260930e-02, 5.45532237e-05,
       3.19681891e-03, 3.16499620e-03, 3.30622843e-03, 1.06272514e-06,
       3.35657219e-03, 2.97342020e-03])}
{'img': array([[[ 0.        ,  0.04846505, -0.05326025, ...,  0.71320862,
          0.6578198 ,  0.7634057 ],
        [-0.04846505,  0.        , -0.10159393, ...,  0.67839885,
          0.6205441 ,  0.73120409],
        [ 0.05326025,  0.10159393,  0.        , ...,  0.74952921,
          0.69700045,  0.79672399],
        ...,
        [-0.71320862, -0.67839885, -0.74952921, ...,  0.        ,
         -0.07607116,  0.0744354 ],
        [-0.6578198 , -0.6205441 , -0.69700045, ...,  0.07607116,
          0.        ,  0.15007984],
        [-0.7634057 , -0.73120409, -0.79672399, ..., -0.0744354 ,
         -0.15007984,  0.        ]],

       [[ 0.        , -0.35822201, -0.75389992, ...,  0.54737977,
         -0.03519031,  0.16673413],
