state_0,state_1,state_2,state_3,state_4,state_5,state_6,state_7,state_8,state_9,state_10,state_11,state_12,state_13,state_14,state_15,state_16,state_17,state_18,state_19,state_20,state_21,state_22,state_23,state_24,state_25,state_26,state_27,state_28,state_29,state_30,state_31,state_32,state_33,state_34,state_35,state_36,state_37,state_38,state_39,state_40,state_41,state_42,state_43,state_44,state_45,state_46,state_47,state_48,state_49,state_50,state_51,state_52,state_53,state_54,state_55,state_56,state_57,state_58,state_59,state_60,state_61,state_62,state_63,state_64,state_65,state_66,state_67,state_68,state_69,state_70,state_71,state_72,state_73,state_74,state_75,state_76,state_77,state_78,state_79,state_80,state_81,state_82,state_83,state_84,state_85,state_86,state_87,state_88,state_89,state_90,state_91,state_92,state_93,state_94,state_95,state_96,state_97,state_98,state_99,state_100,state_101,state_102,state_103,state_104,state_105,state_106,state_107,state_108,state_109,state_110,state_111,state_112,state_113,state_114,state_115,state_116,state_117,state_118,state_119,state_120,state_121,state_122,state_123,state_124,state_125,state_126,state_127,state_128,state_129,state_130,state_131,state_132,state_133,state_134,state_135,state_136,state_137,state_138,state_139,state_140,state_141,state_142,state_143,state_144,state_145,state_146,state_147,state_148,state_149,state_150,state_151,state_152,state_153,state_154,state_155,state_156,state_157,state_158,state_159,state_160,state_161,state_162,state_163,state_164,state_165,state_166,state_167,state_168,state_169,state_170,state_171,state_172,state_173,state_174,state_175,state_176,state_177,state_178,state_179,state_180,state_181,state_182,state_183,state_184,state_185,state_186,state_187,state_188,state_189,state_190,state_191,state_192,state_193,state_194,state_195,state_196,state_197,state_198,state_199,state_200,state_201,state_202,state_203,state_204,state_205,state_206,state_207,state_208,state_209,state_210,state_211,state_212,state_213,state_214,state_215,state_216,state_217,state_218,state_219,state_220,state_221,state_222,state_223,state_224,state_225,state_226,state_227,state_228,state_229,state_230,state_231,state_232,state_233,state_234,state_235,state_236,state_237,state_238,state_239,state_240,state_241,state_242,state_243,state_244,state_245,state_246,state_247,state_248,state_249,state_250,state_251,state_252,state_253,state_254,state_255,state_256,state_257,state_258,state_259,state_260,state_261,state_262,state_263,state_264,state_265,state_266,state_267,state_268,state_269,state_270,state_271,state_272,state_273,state_274,state_275,state_276,state_277,state_278,state_279,state_280,state_281,state_282,state_283,state_284,state_285,state_286,state_287
{'img': array([[[ 0.        , -0.81016139, -0.75547939, ..., -0.75547939,
         -0.74329344, -0.73064401],
        [ 0.81016139,  0.        ,  0.08792816, ..., -0.97366262,
         -0.97769377, -0.98145323],
        [ 0.75547939, -0.08792816,  0.        , ..., -0.98993851,
         -0.99237502, -0.99450786],
        ...,
        [ 0.75547939,  0.97366262,  0.98993851, ...,  0.        ,
         -0.0184043 , -0.03711227],
        [ 0.74329344,  0.97769377,  0.99237502, ...,  0.0184043 ,
          0.        , -0.01871436],
        [ 0.73064401,  0.98145323,  0.99450786, ...,  0.03711227,
          0.01871436,  0.        ]],

       [[ 0.        , -0.02388551, -0.11649392, ..., -0.21188634,
         -0.26684119, -0.18659377],
        [ 0.02388551,  0.        , -0.0927378 , ..., -0.18848272,
         -0.24374562, -0.16307452],
        [ 0.11649392,  0.0927378 ,  0.        , ..., -0.09659485,
         -0.15275446, -0.07087537],
        ...,
        [ 0.21188634,  0.18848272,  0.09659485, ...,  0.        ,
         -0.05657892,  0.02580799],
        [ 0.26684119,  0.24374562,  0.15275446, ...,  0.05657892,
          0.        ,  0.08232672],
        [ 0.18659377,  0.16307452,  0.07087537, ..., -0.02580799,
         -0.08232672,  0.        ]],

       [[ 0.        , -0.19769709, -0.31024114, ..., -0.08104398,
         -0.19769709, -0.4262503 ],
        [ 0.19769709,  0.        , -0.11617566, ..., -0.2764912 ,
         -0.38759036, -0.5966753 ],
        [ 0.31024114,  0.11617566,  0.        , ..., -0.38626571,
         -0.49206027, -0.68586398],
        ...,
        [ 0.08104398,  0.2764912 ,  0.38626571, ...,  0.        ,
          0.11760235,  0.35153535],
        [ 0.19769709,  0.38759036,  0.49206027, ..., -0.11760235,
          0.        ,  0.23899963],
        [ 0.4262503 ,  0.5966753 ,  0.68586398, ..., -0.35153535,
         -0.23899963,  0.        ]],

       ...,

       [[ 0.        , -0.40376517, -0.38107576, ..., -0.34035023,
         -0.6554641 , -0.77904829],
        [ 0.40376517,  0.        ,  0.0246666 , ...,  0.06828616,
         -0.29472555, -0.459576  ],
        [ 0.38107576, -0.0246666 ,  0.        , ...,  0.04365636,
         -0.31820683, -0.48134352],
        ...,
        [ 0.34035023, -0.06828616, -0.04365636, ...,  0.        ,
         -0.35929062, -0.51915081],
        [ 0.6554641 ,  0.29472555,  0.31820683, ...,  0.35929062,
          0.        , -0.17740544],
        [ 0.77904829,  0.459576  ,  0.48134352, ...,  0.51915081,
          0.17740544,  0.        ]],

       [[ 0.        , -0.06520867, -0.07288134, ..., -0.94149258,
         -0.94374382, -0.94530732],
        [ 0.06520867,  0.        , -0.00769096, ..., -0.91751123,
         -0.92017216, -0.92202554],
        [ 0.07288134,  0.00769096,  0.        , ..., -0.91442532,
         -0.91713383, -0.91902088],
        ...,
        [ 0.94149258,  0.91751123,  0.91442532, ...,  0.        ,
         -0.00674308, -0.01150341],
        [ 0.94374382,  0.92017216,  0.91713383, ...,  0.00674308,
          0.        , -0.00476052],
        [ 0.94530732,  0.92202554,  0.91902088, ...,  0.01150341,
          0.00476052,  0.        ]],

       [[ 0.        , -0.1259347 , -0.20492871, ..., -0.73820135,
         -0.71905719, -0.70026813],
        [ 0.1259347 ,  0.        , -0.08003519, ..., -0.81727727,
         -0.80085087, -0.78459522],
        [ 0.20492871,  0.08003519,  0.        , ..., -0.86077532,
         -0.84621196, -0.83170076],
        ...,
        [ 0.73820135,  0.81727727,  0.86077532, ...,  0.        ,
         -0.02795178, -0.05459994],
        [ 0.71905719,  0.80085087,  0.84621196, ...,  0.02795178,
          0.        , -0.02666852],
        [ 0.70026813,  0.78459522,  0.83170076, ...,  0.05459994,
          0.02666852,  0.        ]]]), 'num': array([ 7.34837617e-01,  6.07998883e-01,  3.27325767e-05,  8.45591563e-03,
        8.59775680e-03,  8.29225275e-03,  2.99596910e-01, -1.09108589e-04,
        8.55193119e-03,  8.71286636e-03,  8.77524010e-03,  6.07890709e-05,
        9.27957914e-03,  8.14615358e-03])}
{'img': array([[[ 0.        ,  0.39965263, -0.81821571, ..., -0.97312491,
         -0.9680748 , -0.88286294],
        [-0.39965263,  0.        , -0.9797959 , ..., -0.8       ,
         -0.78722438, -0.62160187],
        [ 0.81821571,  0.9797959 ,  0.        , ..., -0.74787754,
         -0.76165235, -0.89182716],
        ...,
        [ 0.97312491,  0.8       ,  0.74787754, ...,  0.        ,
         -0.02099871, -0.25370554],
        [ 0.9680748 ,  0.78722438,  0.76165235, ...,  0.02099871,
          0.        , -0.23333794],
        [ 0.88286294,  0.62160187,  0.89182716, ...,  0.25370554,
          0.23333794,  0.        ]],

       [[ 0.        , -0.0927378 ,  0.21340425, ..., -0.24374562,
         -0.16307452, -0.13695032],
        [ 0.0927378 ,  0.        ,  0.30308609, ..., -0.15275446,
         -0.07087537, -0.04449612],
        [-0.21340425, -0.30308609,  0.        , ..., -0.4450985 ,
         -0.3698655 , -0.34518906],
        ...,
        [ 0.24374562,  0.15275446,  0.4450985 , ...,  0.        ,
          0.08232672,  0.10862925],
        [ 0.16307452,  0.07087537,  0.3698655 , ..., -0.08232672,
          0.        ,  0.02642096],
        [ 0.13695032,  0.04449612,  0.34518906, ..., -0.10862925,
         -0.02642096,  0.        ]],

       [[ 0.        , -0.24270689, -0.6248674 , ..., -0.19866999,
         -0.42826227, -0.44868952],
        [ 0.24270689,  0.        , -0.41669489, ..., -0.43059857,
         -0.63478026, -0.65217771],
        [ 0.6248674 ,  0.41669489,  0.        , ..., -0.76751937,
         -0.89902181, -0.90874208],
        ...,
        [ 0.19866999,  0.43059857,  0.76751937, ...,  0.        ,
          0.24019646,  0.26219661],
        [ 0.42826227,  0.63478026,  0.89902181, ..., -0.24019646,
          0.        ,  0.02272757],
        [ 0.44868952,  0.65217771,  0.90874208, ..., -0.26219661,
         -0.02272757,  0.        ]],

       ...,

       [[ 0.        ,  0.0246666 , -0.2155578 , ..., -0.29472555,
         -0.459576  , -0.75556225],
        [-0.0246666 ,  0.        , -0.23957893, ..., -0.31820683,
         -0.48134352, -0.77149087],
        [ 0.2155578 ,  0.23957893,  0.        , ..., -0.08181373,
         -0.2573267 , -0.59659287],
        ...,
        [ 0.29472555,  0.31820683,  0.08181373, ...,  0.        ,
         -0.17740544, -0.52893375],
        [ 0.459576  ,  0.48134352,  0.2573267 , ...,  0.17740544,
          0.        , -0.36998627],
        [ 0.75556225,  0.77149087,  0.59659287, ...,  0.52893375,
          0.36998627,  0.        ]],

       [[ 0.        , -0.00769096,  0.051442  , ..., -0.92017216,
         -0.92202554, -0.92099188],
        [ 0.00769096,  0.        ,  0.05912126, ..., -0.91713383,
         -0.91902088, -0.91796838],
        [-0.051442  , -0.05912126,  0.        , ..., -0.9390941 ,
         -0.94071946, -0.93981333],
        ...,
        [ 0.92017216,  0.91713383,  0.9390941 , ...,  0.        ,
         -0.00476052, -0.00209888],
        [ 0.92202554,  0.91902088,  0.94071946, ...,  0.00476052,
          0.        ,  0.00266165],
        [ 0.92099188,  0.91796838,  0.93981333, ...,  0.00209888,
         -0.00266165,  0.        ]],

       [[ 0.        , -0.16264066, -0.5683077 , ..., -0.72023349,
         -0.70143197, -0.66649656],
        [ 0.16264066,  0.        , -0.42691754, ..., -0.82347283,
         -0.80801258, -0.77887234],
        [ 0.5683077 ,  0.42691754,  0.        , ..., -0.98687281,
         -0.98220312, -0.97208211],
        ...,
        [ 0.72023349,  0.82347283,  0.98687281, ...,  0.        ,
         -0.02673101, -0.07457009],
        [ 0.70143197,  0.80801258,  0.98220312, ...,  0.02673101,
          0.        , -0.04788685],
        [ 0.66649656,  0.77887234,  0.97208211, ...,  0.07457009,
          0.04788685,  0.        ]]]), 'num': array([9.92853866e-01, 1.19331147e-01, 2.20586545e-04, 4.09546964e-05,
       4.13683802e-05, 3.99204869e-05, 1.10232254e-03, 8.79078079e-07,
       4.05927231e-05, 4.13037421e-05, 4.15157551e-05, 3.51496041e-07,
       4.39826991e-05, 3.86247851e-05])}
{'img': array([[[ 0.        , -0.9797959 , -0.9998611 , ..., -0.78722438,
         -0.62160187, -0.8660254 ],
        [ 0.9797959 ,  0.        , -0.21630215, ..., -0.76165235,
         -0.89182716, -0.66310303],
        [ 0.9998611 ,  0.21630215,  0.        , ..., -0.60346061,
         -0.7728645 , -0.48549679],
        ...,
        [ 0.78722438,  0.76165235,  0.60346061, ...,  0.        ,
         -0.23333794,  0.14043681],
        [ 0.62160187,  0.89182716,  0.7728645 , ...,  0.23333794,
          0.        ,  0.36758563],
        [ 0.8660254 ,  0.66310303,  0.48549679, ..., -0.14043681,
         -0.36758563,  0.        ]],

       [[ 0.        ,  0.30308609,  0.07709079, ..., -0.07087537,
         -0.04449612, -0.08405631],
        [-0.30308609,  0.        , -0.22871944, ..., -0.3698655 ,
         -0.34518906, -0.38211603],
        [-0.07709079,  0.22871944,  0.        , ..., -0.14756138,
         -0.12137814, -0.16062413],
        ...,
        [ 0.07087537,  0.3698655 ,  0.14756138, ...,  0.        ,
          0.02642096, -0.01322037],
        [ 0.04449612,  0.34518906,  0.12137814, ..., -0.02642096,
          0.        , -0.0396344 ],
        [ 0.08405631,  0.38211603,  0.16062413, ...,  0.01322037,
          0.0396344 ,  0.        ]],

       [[ 0.        , -0.58951536, -0.88596941, ..., -0.43133416,
         -0.45188895, -0.48979415],
        [ 0.58951536,  0.        , -0.44226412, ..., -0.88026944,
         -0.89090798, -0.90959669],
        [ 0.88596941,  0.44226412,  0.        , ..., -0.99934322,
         -0.9999111 , -0.99956084],
        ...,
        [ 0.43133416,  0.88026944,  0.99934322, ...,  0.        ,
          0.02290863,  0.06583492],
        [ 0.45188895,  0.89090798,  0.9999111 , ..., -0.02290863,
          0.        ,  0.04295871],
        [ 0.48979415,  0.90959669,  0.99956084, ..., -0.06583492,
         -0.04295871,  0.        ]],

       ...,

       [[ 0.        , -0.23957893, -0.32846391, ..., -0.48134352,
         -0.77149087, -0.57546655],
        [ 0.23957893,  0.        , -0.09261177, ..., -0.2573267 ,
         -0.59659287, -0.36277346],
        [ 0.32846391,  0.09261177,  0.        , ..., -0.16672777,
         -0.51970386, -0.27491156],
        ...,
        [ 0.48134352,  0.2573267 ,  0.16672777, ...,  0.        ,
         -0.36998627, -0.11075995],
        [ 0.77149087,  0.59659287,  0.51970386, ...,  0.36998627,
          0.        ,  0.2648097 ],
        [ 0.57546655,  0.36277346,  0.27491156, ...,  0.11075995,
         -0.2648097 ,  0.        ]],

       [[ 0.        ,  0.05912126,  0.14375076, ..., -0.91902088,
         -0.91796838, -0.91750061],
        [-0.05912126,  0.        ,  0.08499209, ..., -0.94071946,
         -0.93981333, -0.93941028],
        [-0.14375076, -0.08499209,  0.        , ..., -0.96614368,
         -0.96545354, -0.965146  ],
        ...,
        [ 0.91902088,  0.94071946,  0.96614368, ...,  0.        ,
          0.00266165,  0.00383933],
        [ 0.91796838,  0.93981333,  0.96545354, ..., -0.00266165,
          0.        ,  0.00117768],
        [ 0.91750061,  0.93941028,  0.965146  , ..., -0.00383933,
         -0.00117768,  0.        ]],

       [[ 0.        , -0.55020062, -0.75370274, ..., -0.70338287,
         -0.66839945, -0.67462282],
        [ 0.55020062,  0.        , -0.26776592, ..., -0.97843631,
         -0.96737586, -0.96946951],
        [ 0.75370274,  0.26776592,  0.        , ..., -0.99801444,
         -0.99988845, -0.99972774],
        ...,
        [ 0.70338287,  0.97843631,  0.99801444, ...,  0.        ,
         -0.04807214, -0.03968149],
        [ 0.66839945,  0.96737586,  0.99988845, ...,  0.04807214,
          0.        ,  0.00839867],
        [ 0.67462282,  0.96946951,  0.99972774, ...,  0.03968149,
         -0.00839867,  0.        ]]]), 'num': array([ 9.99759835e-01,  2.18926735e-02,  2.53005723e-04,  4.12184757e-05,
        4.24982214e-05,  4.10051848e-05,  9.51661553e-04, -1.01313200e-06,
        4.17090449e-05,  4.25648749e-05,  4.27132898e-05,  3.00139957e-07,
        4.53692402e-05,  3.97605095e-05])}
{'img': array([[[ 0.        , -0.32807464, -0.72618708, ..., -0.99302753,
         -0.84042693, -0.99863217],
        [ 0.32807464,  0.        , -0.46044356, ..., -0.89939092,
         -0.61611901, -0.92620607],
        [ 0.72618708,  0.46044356,  0.        , ..., -0.59709869,
         -0.18425228, -0.64858757],
        ...,
        [ 0.99302753,  0.89939092,  0.59709869, ...,  0.        ,
          0.43907452, -0.06580032],
        [ 0.84042693,  0.61611901,  0.18425228, ..., -0.43907452,
          0.        , -0.4972413 ],
        [ 0.99863217,  0.92620607,  0.64858757, ...,  0.06580032,
          0.4972413 ,  0.        ]],

       [[ 0.        , -0.22871944, -0.19649279, ..., -0.34518906,
         -0.38211603, -0.40663555],
        [ 0.22871944,  0.        ,  0.03297638, ..., -0.12137814,
         -0.16062413, -0.18690072],
        [ 0.19649279, -0.03297638,  0.        , ..., -0.15404469,
         -0.19308497, -0.21919436],
        ...,
        [ 0.34518906,  0.12137814,  0.15404469, ...,  0.        ,
         -0.0396344 , -0.06627952],
        [ 0.38211603,  0.16062413,  0.19308497, ...,  0.0396344 ,
          0.        , -0.02668019],
        [ 0.40663555,  0.18690072,  0.21919436, ...,  0.06627952,
          0.02668019,  0.        ]],

       [[ 0.        , -0.78507321, -0.9754662 , ..., -0.47386591,
         -0.51330049, -0.41362407],
        [ 0.78507321,  0.        , -0.43137339, ..., -0.98484708,
         -0.99169671, -0.97096813],
        [ 0.9754662 ,  0.43137339,  0.        , ..., -0.96331385,
         -0.95015655, -0.97917005],
        ...,
        [ 0.47386591,  0.98484708,  0.96331385, ...,  0.        ,
          0.04533491, -0.06719403],
        [ 0.51330049,  0.99169671,  0.95015655, ..., -0.04533491,
          0.        , -0.11235739],
        [ 0.41362407,  0.97096813,  0.97917005, ...,  0.06719403,
          0.11235739,  0.        ]],

       ...,

       [[ 0.        , -0.09261177, -0.58669927, ..., -0.59659287,
         -0.36277346, -0.5854889 ],
        [ 0.09261177,  0.        , -0.50918034, ..., -0.51970386,
         -0.27491156, -0.5078941 ],
        [ 0.58669927,  0.50918034,  0.        , ..., -0.01227182,
          0.25295604,  0.00149383],
        ...,
        [ 0.59659287,  0.51970386,  0.01227182, ...,  0.        ,
          0.2648097 ,  0.01376552],
        [ 0.36277346,  0.27491156, -0.25295604, ..., -0.2648097 ,
          0.        , -0.25151051],
        [ 0.5854889 ,  0.5078941 , -0.00149383, ..., -0.01376552,
          0.25151051,  0.        ]],

       [[ 0.        ,  0.08499209,  0.21468337, ..., -0.93981333,
         -0.93941028, -0.93767258],
        [-0.08499209,  0.        ,  0.13089617, ..., -0.96545354,
         -0.965146  , -0.96381618],
        [-0.21468337, -0.13089617,  0.        , ..., -0.99125516,
         -0.99109907, -0.99041628],
        ...,
        [ 0.93981333,  0.96545354,  0.99125516, ...,  0.        ,
          0.00117768,  0.00621215],
        [ 0.93941028,  0.965146  ,  0.99109907, ..., -0.00117768,
          0.        ,  0.00503449],
        [ 0.93767258,  0.96381618,  0.99041628, ..., -0.00621215,
         -0.00503449,  0.        ]],

       [[ 0.        , -0.59164663, -0.83981839, ..., -0.69317364,
         -0.69950908, -0.67444675],
        [ 0.59164663,  0.        , -0.35587371, ..., -0.98527631,
         -0.98674712, -0.98056383],
        [ 0.83981839,  0.35587371,  0.        , ..., -0.98161784,
         -0.97989485, -0.98619284],
        ...,
        [ 0.69317364,  0.98527631,  0.98161784, ...,  0.        ,
          0.00882728, -0.02566498],
        [ 0.69950908,  0.98674712,  0.97989485, ..., -0.00882728,
          0.        , -0.03448835],
        [ 0.67444675,  0.98056383,  0.98619284, ...,  0.02566498,
          0.03448835,  0.        ]]]), 'num': array([9.99943695e-01, 1.05600043e-02, 2.53039307e-04, 4.12311923e-05,
       4.27075010e-05, 4.03875873e-05, 1.00784430e-03, 4.74527789e-07,
       4.11995571e-05, 4.20906148e-05, 4.21890354e-05, 3.14501848e-07,
       4.48601946e-05, 3.93210351e-05])}
{'img': array([[[ 0.00000000e+00, -4.60443556e-01, -4.19777059e-01, ...,
         -6.16119010e-01, -9.26206066e-01, -7.92525998e-01],
        [ 4.60443556e-01,  0.00000000e+00,  4.52796469e-02, ...,
         -1.84252276e-01, -6.48587565e-01, -4.22720561e-01],
        [ 4.19777059e-01, -4.52796469e-02,  0.00000000e+00, ...,
         -2.28567711e-01, -6.82386495e-01, -4.63322135e-01],
        ...,
        [ 6.16119010e-01,  1.84252276e-01,  2.28567711e-01, ...,
          0.00000000e+00, -4.97241302e-01, -2.48502675e-01],
        [ 9.26206066e-01,  6.48587565e-01,  6.82386495e-01, ...,
          4.97241302e-01,  0.00000000e+00,  2.66039469e-01],
        [ 7.92525998e-01,  4.22720561e-01,  4.63322135e-01, ...,
          2.48502675e-01, -2.66039469e-01,  0.00000000e+00]],

       [[ 0.00000000e+00,  3.29763751e-02, -1.07423464e-03, ...,
         -1.60624131e-01, -1.86900717e-01, -1.76835388e-01],
        [-3.29763751e-02,  0.00000000e+00, -3.40500064e-02, ...,
         -1.93084971e-01, -2.19194360e-01, -2.09195894e-01],
        [ 1.07423464e-03,  3.40500064e-02,  0.00000000e+00, ...,
         -1.59563752e-01, -1.85845304e-01, -1.75777980e-01],
        ...,
        [ 1.60624131e-01,  1.93084971e-01,  1.59563752e-01, ...,
          0.00000000e+00, -2.66801900e-02, -1.64465291e-02],
        [ 1.86900717e-01,  2.19194360e-01,  1.85845304e-01, ...,
          2.66801900e-02,  0.00000000e+00,  1.02359069e-02],
        [ 1.76835388e-01,  2.09195894e-01,  1.75777980e-01, ...,
          1.64465291e-02, -1.02359069e-02,  0.00000000e+00]],

       [[ 0.00000000e+00, -8.61997550e-01, -9.86907003e-01, ...,
         -5.65300875e-01, -4.57127991e-01, -4.19329518e-01],
        [ 8.61997550e-01,  0.00000000e+00, -3.61243576e-01, ...,
         -9.97606717e-01, -9.98385282e-01, -9.95114121e-01],
        [ 9.86907003e-01,  3.61243576e-01,  0.00000000e+00, ...,
         -9.05262139e-01, -9.51486319e-01, -9.63581625e-01],
        ...,
        [ 5.65300875e-01,  9.97606717e-01,  9.05262139e-01, ...,
          0.00000000e+00, -1.25701191e-01, -1.67300869e-01],
        [ 4.57127991e-01,  9.98385282e-01,  9.51486319e-01, ...,
          1.25701191e-01,  0.00000000e+00, -4.20443198e-02],
        [ 4.19329518e-01,  9.95114121e-01,  9.63581625e-01, ...,
          1.67300869e-01,  4.20443198e-02,  0.00000000e+00]],

       ...,

       [[ 0.00000000e+00, -5.09180344e-01, -7.05928498e-01, ...,
         -2.74911560e-01, -5.07894097e-01, -4.39445983e-01],
        [ 5.09180344e-01,  0.00000000e+00, -2.46920481e-01, ...,
          2.52956039e-01,  1.49383015e-03,  7.91674141e-02],
        [ 7.05928498e-01,  2.46920481e-01,  0.00000000e+00, ...,
          4.84013521e-01,  2.48367780e-01,  3.22861534e-01],
        ...,
        [ 2.74911560e-01, -2.52956039e-01, -4.84013521e-01, ...,
          0.00000000e+00, -2.51510509e-01, -1.75569381e-01],
        [ 5.07894097e-01, -1.49383015e-03, -2.48367780e-01, ...,
          2.51510509e-01,  0.00000000e+00,  7.76781842e-02],
        [ 4.39445983e-01, -7.91674141e-02, -3.22861534e-01, ...,
          1.75569381e-01, -7.76781842e-02,  0.00000000e+00]],

       [[ 0.00000000e+00,  1.30896174e-01,  2.28265141e-01, ...,
         -9.65145996e-01, -9.63816179e-01, -9.63881049e-01],
        [-1.30896174e-01,  0.00000000e+00,  9.88607822e-02, ...,
         -9.91099067e-01, -9.90416284e-01, -9.90449880e-01],
        [-2.28265141e-01, -9.88607822e-02,  0.00000000e+00, ...,
         -9.99404925e-01, -9.99218603e-01, -9.99228196e-01],
        ...,
        [ 9.65145996e-01,  9.91099067e-01,  9.99404925e-01, ...,
          0.00000000e+00,  5.03448512e-03,  4.79102807e-03],
        [ 9.63816179e-01,  9.90416284e-01,  9.99218603e-01, ...,
         -5.03448512e-03,  0.00000000e+00, -2.43459989e-04],
        [ 9.63881049e-01,  9.90449880e-01,  9.99228196e-01, ...,
         -4.79102807e-03,  2.43459989e-04,  0.00000000e+00]],

       [[ 0.00000000e+00, -7.05796047e-01, -8.79175422e-01, ...,
         -7.29478996e-01, -7.03953610e-01, -7.06290565e-01],
        [ 7.05796047e-01,  0.00000000e+00, -2.86510559e-01, ...,
         -9.99540692e-01, -9.99980147e-01, -9.99995483e-01],
        [ 8.79175422e-01,  2.86510559e-01,  0.00000000e+00, ...,
         -9.48954274e-01, -9.59863445e-01, -9.58933887e-01],
        ...,
        [ 7.29478996e-01,  9.99540692e-01,  9.48954274e-01, ...,
          0.00000000e+00, -3.66029743e-02, -3.33092558e-02],
        [ 7.03953610e-01,  9.99980147e-01,  9.59863445e-01, ...,
          3.66029743e-02,  0.00000000e+00,  3.29572826e-03],
        [ 7.06290565e-01,  9.99995483e-01,  9.58933887e-01, ...,
          3.33092558e-02, -3.29572826e-03,  0.00000000e+00]]]), 'num': array([9.99992435e-01, 3.71484077e-03, 2.54802443e-04, 4.12332403e-05,
       4.16023358e-05, 4.01786817e-05, 1.11822228e-03, 0.00000000e+00,
       4.11699668e-05, 4.20136137e-05, 4.21568579e-05, 4.51953675e-07,
       4.47866416e-05, 3.92405858e-05])}
{'img': array([[[ 0.00000000e+00,  4.52796469e-02, -6.22727207e-01, ...,
         -6.48587565e-01, -4.22720561e-01, -4.22720561e-01],
        [-4.52796469e-02,  0.00000000e+00, -6.57517070e-01, ...,
         -6.82386495e-01, -4.63322135e-01, -4.63322135e-01],
        [ 6.22727207e-01,  6.57517070e-01,  0.00000000e+00, ...,
         -3.34976062e-02,  2.33599743e-01,  2.33599743e-01],
        ...,
        [ 6.48587565e-01,  6.82386495e-01,  3.34976062e-02, ...,
          0.00000000e+00,  2.66039469e-01,  2.66039469e-01],
        [ 4.22720561e-01,  4.63322135e-01, -2.33599743e-01, ...,
         -2.66039469e-01,  0.00000000e+00,  0.00000000e+00],
        [ 4.22720561e-01,  4.63322135e-01, -2.33599743e-01, ...,
         -2.66039469e-01,  0.00000000e+00,  0.00000000e+00]],

       [[ 0.00000000e+00, -3.40500064e-02,  2.25825176e-02, ...,
         -2.19194360e-01, -2.09195894e-01, -1.93855662e-01],
        [ 3.40500064e-02,  0.00000000e+00,  5.66107457e-02, ...,
         -1.85845304e-01, -1.75777980e-01, -1.60339171e-01],
        [-2.25825176e-02, -5.66107457e-02,  0.00000000e+00, ...,
         -2.41171799e-01, -2.31225397e-01, -2.15960354e-01],
        ...,
        [ 2.19194360e-01,  1.85845304e-01,  2.41171799e-01, ...,
          0.00000000e+00,  1.02359069e-02,  2.58949290e-02],
        [ 2.09195894e-01,  1.75777980e-01,  2.31225397e-01, ...,
         -1.02359069e-02,  0.00000000e+00,  1.56610978e-02],
        [ 1.93855662e-01,  1.60339171e-01,  2.15960354e-01, ...,
         -2.58949290e-02, -1.56610978e-02,  0.00000000e+00]],

       [[ 0.00000000e+00, -8.40839577e-01, -9.92862331e-01, ...,
         -5.21565886e-01, -4.79254753e-01, -4.44004683e-01],
        [ 8.40839577e-01,  0.00000000e+00, -6.37704514e-01, ...,
         -9.99729064e-01, -9.97397706e-01, -9.93745642e-01],
        [ 9.92862331e-01,  6.37704514e-01,  0.00000000e+00, ...,
         -7.84915966e-01, -8.14252458e-01, -8.36674252e-01],
        ...,
        [ 5.21565886e-01,  9.99729064e-01,  7.84915966e-01, ...,
          0.00000000e+00, -4.88603466e-02, -8.85061106e-02],
        [ 4.79254753e-01,  9.97397706e-01,  8.14252458e-01, ...,
          4.88603466e-02,  0.00000000e+00, -3.97318000e-02],
        [ 4.44004683e-01,  9.93745642e-01,  8.36674252e-01, ...,
          8.85061106e-02,  3.97318000e-02,  0.00000000e+00]],

       ...,

       [[ 0.00000000e+00, -2.46920481e-01, -7.58701199e-01, ...,
          1.49383015e-03,  7.91674141e-02,  5.58567484e-01],
        [ 2.46920481e-01,  0.00000000e+00, -5.74355004e-01, ...,
          2.48367780e-01,  3.22861534e-01,  7.46082293e-01],
        [ 7.58701199e-01,  5.74355004e-01,  0.00000000e+00, ...,
          7.59673491e-01,  8.07892613e-01,  9.93184122e-01],
        ...,
        [-1.49383015e-03, -2.48367780e-01, -7.59673491e-01, ...,
          0.00000000e+00,  7.76781842e-02,  5.57327790e-01],
        [-7.91674141e-02, -3.22861534e-01, -8.07892613e-01, ...,
         -7.76781842e-02,  0.00000000e+00,  4.91148197e-01],
        [-5.58567484e-01, -7.46082293e-01, -9.93184122e-01, ...,
         -5.57327790e-01, -4.91148197e-01,  0.00000000e+00]],

       [[ 0.00000000e+00,  9.88607822e-02,  2.66000277e-01, ...,
         -9.90416284e-01, -9.90449880e-01, -9.93651756e-01],
        [-9.88607822e-02,  0.00000000e+00,  1.69398094e-01, ...,
         -9.99218603e-01, -9.99228196e-01, -9.99905939e-01],
        [-2.66000277e-01, -1.69398094e-01,  0.00000000e+00, ...,
         -9.91472975e-01, -9.91441219e-01, -9.87778374e-01],
        ...,
        [ 9.90416284e-01,  9.99218603e-01,  9.91472975e-01, ...,
          0.00000000e+00, -2.43459989e-04, -2.58160463e-02],
        [ 9.90449880e-01,  9.99228196e-01,  9.91441219e-01, ...,
          2.43459989e-04,  0.00000000e+00, -2.55726667e-02],
        [ 9.93651756e-01,  9.99905939e-01,  9.87778374e-01, ...,
          2.58160463e-02,  2.55726667e-02,  0.00000000e+00]],

       [[ 0.00000000e+00, -6.85045176e-01, -9.54374747e-01, ...,
         -7.50569086e-01, -7.52955484e-01, -7.18602082e-01],
        [ 6.85045176e-01,  0.00000000e+00, -4.90700181e-01, ...,
         -9.99462382e-01, -9.99337188e-01, -9.99897176e-01],
        [ 9.54374747e-01,  4.90700181e-01,  0.00000000e+00, ...,
         -8.54771761e-01, -8.52887962e-01, -8.78275570e-01],
        ...,
        [ 7.50569086e-01,  9.99462382e-01,  8.54771761e-01, ...,
          0.00000000e+00,  3.61885794e-03, -4.71153764e-02],
        [ 7.52955484e-01,  9.99337188e-01,  8.52887962e-01, ...,
         -3.61885794e-03,  0.00000000e+00, -5.07299069e-02],
        [ 7.18602082e-01,  9.99897176e-01,  8.78275570e-01, ...,
          4.71153764e-02,  5.07299069e-02,  0.00000000e+00]]]), 'num': array([9.99999591e-01, 4.11512607e-04, 2.53060263e-04, 4.12337281e-05,
       4.12859227e-05, 4.03464200e-05, 7.55234876e-04, 4.17556740e-07,
       4.09101216e-05, 4.15025303e-05, 4.17217476e-05, 5.21945925e-07,
       4.41776801e-05, 3.88273805e-05])}
{'img': array([[[ 0.        , -0.65751707, -0.95119977, ..., -0.46332213,
         -0.46332213, -0.2749705 ],
        [ 0.65751707,  0.        , -0.5137778 , ...,  0.23359974,
          0.23359974,  0.42499786],
        [ 0.95119977,  0.5137778 ,  0.        , ...,  0.69997369,
          0.69997369,  0.82968433],
        ...,
        [ 0.46332213, -0.23359974, -0.69997369, ...,  0.        ,
          0.        ,  0.20178621],
        [ 0.46332213, -0.23359974, -0.69997369, ...,  0.        ,
          0.        ,  0.20178621],
        [ 0.2749705 , -0.42499786, -0.82968433, ..., -0.20178621,
         -0.20178621,  0.        ]],

       [[ 0.        ,  0.05661075, -0.10658208, ..., -0.17577798,
         -0.16033917, -0.21641824],
        [-0.05661075,  0.        , -0.16269944, ..., -0.2312254 ,
         -0.21596035, -0.27134029],
        [ 0.10658208,  0.16269944,  0.        , ..., -0.06985415,
         -0.05422275, -0.11112934],
        ...,
        [ 0.17577798,  0.2312254 ,  0.06985415, ...,  0.        ,
          0.0156611 , -0.0414364 ],
        [ 0.16033917,  0.21596035,  0.05422275, ..., -0.0156611 ,
          0.        , -0.05707897],
        [ 0.21641824,  0.27134029,  0.11112934, ...,  0.0414364 ,
          0.05707897,  0.        ]],

       [[ 0.        , -0.67687074, -0.94206218, ..., -0.987748  ,
         -0.98055774, -0.99986562],
        [ 0.67687074,  0.        , -0.4664054 , ..., -0.83271381,
         -0.8546133 , -0.74709929],
        [ 0.94206218,  0.4664054 ,  0.        , ..., -0.4783442 ,
         -0.51377823, -0.35083695],
        ...,
        [ 0.987748  ,  0.83271381,  0.4783442 , ...,  0.        ,
         -0.04080337,  0.13984366],
        [ 0.98055774,  0.8546133 ,  0.51377823, ...,  0.04080337,
          0.        ,  0.18012961],
        [ 0.99986562,  0.74709929,  0.35083695, ..., -0.13984366,
         -0.18012961,  0.        ]],

       ...,

       [[ 0.        , -0.574355  , -0.28637677, ...,  0.32286153,
          0.74608229,  0.89212544],
        [ 0.574355  ,  0.        ,  0.3158695 , ...,  0.80789261,
          0.99318412,  0.98978611],
        [ 0.28637677, -0.3158695 ,  0.        , ...,  0.58037936,
          0.90551924,  0.98414215],
        ...,
        [-0.32286153, -0.80789261, -0.58037936, ...,  0.        ,
          0.4911482 ,  0.69848385],
        [-0.74608229, -0.99318412, -0.90551924, ..., -0.4911482 ,
          0.        ,  0.25695421],
        [-0.89212544, -0.98978611, -0.98414215, ..., -0.69848385,
         -0.25695421,  0.        ]],

       [[ 0.        ,  0.16939809,  0.35348996, ..., -0.9992282 ,
         -0.99990594, -0.99914303],
        [-0.16939809,  0.        ,  0.18991976, ..., -0.99144122,
         -0.98777837, -0.97769156],
        [-0.35348996, -0.18991976,  0.        , ..., -0.94860185,
         -0.94019859, -0.92000536],
        ...,
        [ 0.9992282 ,  0.99144122,  0.94860185, ...,  0.        ,
         -0.02557267, -0.0806066 ],
        [ 0.99990594,  0.98777837,  0.94019859, ...,  0.02557267,
          0.        , -0.05509079],
        [ 0.99914303,  0.97769156,  0.92000536, ...,  0.0806066 ,
          0.05509079,  0.        ]],

       [[ 0.        , -0.86452646, -0.99999468, ..., -0.79670834,
         -0.7619969 , -0.75457626],
        [ 0.86452646,  0.        , -0.49976565, ..., -0.92290415,
         -0.94282059, -0.9465534 ],
        [ 0.99999468,  0.49976565,  0.        , ..., -0.60695862,
         -0.65006189, -0.65866934],
        ...,
        [ 0.79670834,  0.92290415,  0.60695862, ...,  0.        ,
         -0.05540944, -0.06677115],
        [ 0.7619969 ,  0.94282059,  0.65006189, ...,  0.05540944,
          0.        , -0.01138279],
        [ 0.75457626,  0.9465534 ,  0.65866934, ...,  0.06677115,
          0.01138279,  0.        ]]]), 'num': array([ 9.99998998e-01,  8.19120156e-05,  2.54108530e-04,  4.12336934e-05,
        4.15480545e-05,  4.06049713e-05,  1.38526348e-03, -1.57180534e-07,
        4.10136407e-05,  4.15297167e-05,  4.18676549e-05,  5.28413191e-07,
        4.40231800e-05,  3.90362534e-05])}
