state_0,state_1,state_2,state_3,state_4,state_5,state_6,state_7,state_8,state_9,state_10,state_11,state_12,state_13,state_14,state_15,state_16,state_17,state_18,state_19,state_20,state_21,state_22,state_23,state_24,state_25,state_26,state_27,state_28,state_29,state_30,state_31,state_32,state_33,state_34,state_35,state_36,state_37,state_38,state_39,state_40,state_41,state_42,state_43,state_44,state_45,state_46,state_47,state_48,state_49,state_50,state_51,state_52,state_53,state_54,state_55,state_56,state_57,state_58,state_59,state_60,state_61,state_62,state_63,state_64,state_65,state_66,state_67,state_68,state_69,state_70,state_71,state_72,state_73,state_74,state_75,state_76,state_77,state_78,state_79,state_80,state_81,state_82,state_83,state_84,state_85,state_86,state_87,state_88,state_89,state_90,state_91,state_92,state_93,state_94,state_95,state_96,state_97,state_98,state_99,state_100,state_101,state_102,state_103,state_104,state_105,state_106,state_107,state_108,state_109,state_110,state_111,state_112,state_113,state_114,state_115,state_116,state_117,state_118,state_119,state_120,state_121,state_122,state_123,state_124,state_125,state_126,state_127,state_128,state_129,state_130,state_131,state_132,state_133,state_134,state_135,state_136,state_137,state_138,state_139,state_140,state_141,state_142,state_143,state_144,state_145,state_146,state_147,state_148,state_149,state_150,state_151,state_152,state_153,state_154,state_155,state_156,state_157,state_158,state_159,state_160,state_161,state_162,state_163,state_164,state_165,state_166,state_167,state_168,state_169,state_170,state_171,state_172,state_173,state_174,state_175,state_176,state_177,state_178,state_179,state_180,state_181,state_182,state_183,state_184,state_185,state_186,state_187,state_188,state_189,state_190,state_191,state_192,state_193,state_194,state_195,state_196,state_197,state_198,state_199,state_200,state_201,state_202,state_203,state_204,state_205,state_206,state_207,state_208,state_209,state_210,state_211,state_212,state_213,state_214,state_215,state_216,state_217,state_218,state_219,state_220,state_221,state_222,state_223,state_224,state_225,state_226,state_227,state_228,state_229,state_230,state_231,state_232,state_233,state_234,state_235,state_236,state_237,state_238,state_239,state_240,state_241,state_242,state_243,state_244,state_245,state_246,state_247,state_248,state_249,state_250,state_251,state_252,state_253,state_254,state_255,state_256,state_257,state_258,state_259,state_260,state_261,state_262,state_263,state_264,state_265,state_266,state_267,state_268,state_269,state_270,state_271,state_272,state_273,state_274,state_275,state_276,state_277,state_278,state_279,state_280,state_281,state_282,state_283,state_284,state_285,state_286,state_287
{'img': array([[[ 0.        ,  0.02994871,  0.02994871, ...,  0.77320391,
          0.75535275,  0.79635508],
        [-0.02994871,  0.        ,  0.        , ...,  0.75386489,
          0.73538799,  0.77788401],
        [-0.02994871,  0.        ,  0.        , ...,  0.75386489,
          0.73538799,  0.77788401],
        ...,
        [-0.77320391, -0.75386489, -0.75386489, ...,  0.        ,
         -0.02768216,  0.03735808],
        [-0.75535275, -0.73538799, -0.73538799, ...,  0.02768216,
          0.        ,  0.06500661],
        [-0.79635508, -0.77788401, -0.77788401, ..., -0.03735808,
         -0.06500661,  0.        ]],

       [[ 0.        , -0.17294602, -0.18456725, ...,  0.22155942,
          0.18063492,  0.1598429 ],
        [ 0.17294602,  0.        , -0.01181128, ...,  0.38686857,
          0.34801408,  0.32815663],
        [ 0.18456725,  0.01181128,  0.        , ...,  0.39773318,
          0.35906275,  0.33929095],
        ...,
        [-0.22155942, -0.38686857, -0.39773318, ...,  0.        ,
         -0.04176924, -0.06284041],
        [-0.18063492, -0.34801408, -0.35906275, ...,  0.04176924,
          0.        , -0.02109888],
        [-0.1598429 , -0.32815663, -0.33929095, ...,  0.06284041,
          0.02109888,  0.        ]],

       [[ 0.        ,  0.03228771,  0.06949265, ...,  0.99825567,
          0.96082746,  0.93165098],
        [-0.03228771,  0.        ,  0.03724676, ...,  0.99582896,
          0.95137805,  0.91943335],
        [-0.06949265, -0.03724676,  0.        , ...,  0.99173957,
          0.93924493,  0.90414822],
        ...,
        [-0.99825567, -0.99582896, -0.99173957, ...,  0.        ,
         -0.21993744, -0.30771681],
        [-0.96082746, -0.95137805, -0.93924493, ...,  0.21993744,
          0.        , -0.09091641],
        [-0.93165098, -0.91943335, -0.90414822, ...,  0.30771681,
          0.09091641,  0.        ]],

       ...,

       [[ 0.        ,  0.32350132,  0.28308273, ..., -0.22672822,
         -0.2511186 , -0.14403825],
        [-0.32350132,  0.        , -0.04240793, ..., -0.52961325,
         -0.55075052, -0.45642087],
        [-0.28308273,  0.04240793,  0.        , ..., -0.49316472,
         -0.51485843, -0.41827721],
        ...,
        [ 0.22672822,  0.52961325,  0.49316472, ...,  0.        ,
         -0.02511596,  0.08407671],
        [ 0.2511186 ,  0.55075052,  0.51485843, ...,  0.02511596,
          0.        ,  0.10907723],
        [ 0.14403825,  0.45642087,  0.41827721, ..., -0.08407671,
         -0.10907723,  0.        ]],

       [[ 0.        ,  0.11230159,  0.18915179, ...,  0.6330468 ,
          0.7208123 ,  0.7198195 ],
        [-0.11230159,  0.        ,  0.07768094, ...,  0.71597643,
          0.79409219,  0.79322146],
        [-0.18915179, -0.07768094,  0.        , ...,  0.76804391,
          0.83890693,  0.83812707],
        ...,
        [-0.6330468 , -0.71597643, -0.76804391, ...,  0.        ,
         -0.11920662, -0.11778544],
        [-0.7208123 , -0.79409219, -0.83890693, ...,  0.11920662,
          0.        ,  0.00143126],
        [-0.7198195 , -0.79322146, -0.83812707, ...,  0.11778544,
         -0.00143126,  0.        ]],

       [[ 0.        , -0.03670212, -0.06198397, ...,  0.30137628,
          0.71427659,  0.98401666],
        [ 0.03670212,  0.        , -0.02531066, ...,  0.33616889,
          0.73948182,  0.98988946],
        [ 0.06198397,  0.02531066,  0.        , ...,  0.35989882,
          0.75628345,  0.99316242],
        ...,
        [-0.30137628, -0.33616889, -0.35989882, ...,  0.        ,
          0.47014423,  0.88459707],
        [-0.71427659, -0.73948182, -0.75628345, ..., -0.47014423,
          0.        ,  0.56148154],
        [-0.98401666, -0.98988946, -0.99316242, ..., -0.88459707,
         -0.56148154,  0.        ]]]), 'num': array([ 9.79350338e-01,  2.68161737e-02,  1.78377184e-04,  2.19477918e-03,
        2.26054035e-03,  2.18244896e-03,  2.00289219e-01, -4.93208805e-05,
        2.23012581e-03,  2.19662871e-03,  1.89412731e-03,  2.41062730e-05,
        2.56739264e-03,  1.82586478e-03])}
{'img': array([[[ 0.        ,  0.        , -0.05019382, ...,  0.73538799,
          0.77788401,  0.70374587],
        [ 0.        ,  0.        , -0.05019382, ...,  0.73538799,
          0.77788401,  0.70374587],
        [ 0.05019382,  0.05019382,  0.        , ...,  0.76847469,
          0.80844568,  0.73851909],
        ...,
        [-0.73538799, -0.73538799, -0.76847469, ...,  0.        ,
          0.06500661, -0.04556694],
        [-0.77788401, -0.77788401, -0.80844568, ..., -0.06500661,
          0.        , -0.11040964],
        [-0.70374587, -0.70374587, -0.73851909, ...,  0.04556694,
          0.11040964,  0.        ]],

       [[ 0.        , -0.01181128,  0.04565209, ...,  0.34801408,
          0.32815663,  0.30469842],
        [ 0.01181128,  0.        ,  0.05744787, ...,  0.35906275,
          0.33929095,  0.31592681],
        [-0.04565209, -0.05744787,  0.        , ...,  0.30485289,
          0.28469047,  0.26089947],
        ...,
        [-0.34801408, -0.35906275, -0.30485289, ...,  0.        ,
         -0.02109888, -0.0458141 ],
        [-0.32815663, -0.33929095, -0.28469047, ...,  0.02109888,
          0.        , -0.02472718],
        [-0.30469842, -0.31592681, -0.26089947, ...,  0.0458141 ,
          0.02472718,  0.        ]],

       [[ 0.        ,  0.03724676,  0.06271884, ...,  0.95137805,
          0.91943335,  0.87607513],
        [-0.03724676,  0.        ,  0.02550188, ...,  0.93924493,
          0.90414822,  0.85750777],
        [-0.06271884, -0.02550188,  0.        , ...,  0.930186  ,
          0.89295928,  0.84410891],
        ...,
        [-0.95137805, -0.93924493, -0.930186  , ...,  0.        ,
         -0.09091641, -0.18887674],
        [-0.91943335, -0.90414822, -0.89295928, ...,  0.09091641,
          0.        , -0.09881452],
        [-0.87607513, -0.85750777, -0.84410891, ...,  0.18887674,
          0.09881452,  0.        ]],

       ...,

       [[ 0.        , -0.04240793, -0.13312187, ..., -0.55075052,
         -0.45642087, -0.63925498],
        [ 0.04240793,  0.        , -0.09097162, ..., -0.51485843,
         -0.41827721, -0.60606841],
        [ 0.13312187,  0.09097162,  0.        , ..., -0.43473584,
         -0.33391153, -0.53119538],
        ...,
        [ 0.55075052,  0.51485843,  0.43473584, ...,  0.        ,
          0.10907723, -0.11004259],
        [ 0.45642087,  0.41827721,  0.33391153, ..., -0.10907723,
          0.        , -0.21780078],
        [ 0.63925498,  0.60606841,  0.53119538, ...,  0.11004259,
          0.21780078,  0.        ]],

       [[ 0.        ,  0.07768094,  0.1213324 , ...,  0.79409219,
          0.79322146,  0.80175855],
        [-0.07768094,  0.        ,  0.04385873, ...,  0.83890693,
          0.83812707,  0.84576172],
        [-0.1213324 , -0.04385873,  0.        , ...,  0.86197089,
          0.86124442,  0.86834918],
        ...,
        [-0.79409219, -0.83890693, -0.86197089, ...,  0.        ,
          0.00143126, -0.01271903],
        [-0.79322146, -0.83812707, -0.86124442, ..., -0.00143126,
          0.        , -0.01415017],
        [-0.80175855, -0.84576172, -0.86834918, ...,  0.01271903,
          0.01415017,  0.        ]],

       [[ 0.        , -0.02349508, -0.01840718, ...,  0.65901675,
          0.83414248,  0.99773636],
        [ 0.02349508,  0.        ,  0.005089  , ...,  0.67650614,
          0.84687091,  0.99904091],
        [ 0.01840718, -0.005089  ,  0.        , ...,  0.67274965,
          0.84415362,  0.99880515],
        ...,
        [-0.65901675, -0.67650614, -0.67274965, ...,  0.        ,
          0.2639021 ,  0.70610886],
        [-0.83414248, -0.84687091, -0.84415362, ..., -0.2639021 ,
          0.        ,  0.49420698],
        [-0.99773636, -0.99904091, -0.99880515, ..., -0.70610886,
         -0.49420698,  0.        ]]]), 'num': array([ 9.89396119e-01,  1.45083152e-01,  1.62994781e-04,  5.38464903e-05,
        5.54057516e-05,  5.35346380e-05,  6.79325450e-03, -1.66321205e-06,
        5.56968137e-05,  5.57565854e-05,  4.80287131e-05,  5.22148946e-07,
        6.48026828e-05,  4.67104879e-05])}
{'img': array([[[ 0.        , -0.05019382, -0.10709765, ...,  0.77788401,
          0.70374587,  0.59579616],
        [ 0.05019382,  0.        , -0.05705751, ...,  0.80844568,
          0.73851909,  0.63535761],
        [ 0.10709765,  0.05705751,  0.        , ...,  0.84071102,
          0.77578599,  0.67838339],
        ...,
        [-0.77788401, -0.80844568, -0.84071102, ...,  0.        ,
         -0.11040964, -0.2503434 ],
        [-0.70374587, -0.73851909, -0.77578599, ...,  0.11040964,
          0.        , -0.14191897],
        [-0.59579616, -0.63535761, -0.67838339, ...,  0.2503434 ,
          0.14191897,  0.        ]],

       [[ 0.        ,  0.05744787,  0.16078913, ...,  0.33929095,
          0.31592681,  0.40263474],
        [-0.05744787,  0.        ,  0.10382319, ...,  0.28469047,
          0.26089947,  0.34938427],
        [-0.16078913, -0.10382319,  0.        , ...,  0.183625  ,
          0.15926213,  0.25021591],
        ...,
        [-0.33929095, -0.28469047, -0.183625  , ...,  0.        ,
         -0.02472718,  0.06817743],
        [-0.31592681, -0.26089947, -0.15926213, ...,  0.02472718,
          0.        ,  0.09282623],
        [-0.40263474, -0.34938427, -0.25021591, ..., -0.06817743,
         -0.09282623,  0.        ]],

       [[ 0.        ,  0.02550188,  0.02329876, ...,  0.90414822,
          0.85750777,  0.81687004],
        [-0.02550188,  0.        , -0.00220378, ...,  0.89295928,
          0.84410891,  0.80189434],
        [-0.02329876,  0.00220378,  0.        , ...,  0.89394912,
          0.84528846,  0.80320907],
        ...,
        [-0.90414822, -0.89295928, -0.89394912, ...,  0.        ,
         -0.09881452, -0.17255003],
        [-0.85750777, -0.84410891, -0.84528846, ...,  0.09881452,
          0.        , -0.07437318],
        [-0.81687004, -0.80189434, -0.80320907, ...,  0.17255003,
          0.07437318,  0.        ]],

       ...,

       [[ 0.        , -0.09097162, -0.32858081, ..., -0.41827721,
         -0.60606841, -0.77824048],
        [ 0.09097162,  0.        , -0.24129784, ..., -0.33391153,
         -0.53119538, -0.71788638],
        [ 0.32858081,  0.24129784,  0.        , ..., -0.0965964 ,
         -0.3110597 , -0.52869166],
        ...,
        [ 0.41827721,  0.33391153,  0.0965964 , ...,  0.        ,
         -0.21780078, -0.44422693],
        [ 0.60606841,  0.53119538,  0.3110597 , ...,  0.21780078,
          0.        , -0.23843164],
        [ 0.77824048,  0.71788638,  0.52869166, ...,  0.44422693,
          0.23843164,  0.        ]],

       [[ 0.        ,  0.04385873,  0.05784436, ...,  0.83812707,
          0.84576172,  0.85992424],
        [-0.04385873,  0.        ,  0.0140034 , ...,  0.86124442,
          0.86834918,  0.88148322],
        [-0.05784436, -0.0140034 ,  0.        , ...,  0.86827638,
          0.87520907,  0.88800941],
        ...,
        [-0.83812707, -0.86124442, -0.86827638, ...,  0.        ,
         -0.01415017, -0.04126897],
        [-0.84576172, -0.86834918, -0.87520907, ...,  0.01415017,
          0.        , -0.02712673],
        [-0.85992424, -0.88148322, -0.88800941, ...,  0.04126897,
          0.02712673,  0.        ]],

       [[ 0.        ,  0.00483273,  0.04568782, ...,  0.78193011,
          0.9046187 ,  0.99997016],
        [-0.00483273,  0.        ,  0.0408596 , ...,  0.77890842,
          0.90254832,  0.99999582],
        [-0.04568782, -0.0408596 ,  0.        , ...,  0.75263336,
          0.88420092,  0.99927889],
        ...,
        [-0.78193011, -0.77890842, -0.75263336, ...,  0.        ,
          0.23063298,  0.62938774],
        [-0.9046187 , -0.90254832, -0.88420092, ..., -0.23063298,
          0.        ,  0.43319705],
        [-0.99997016, -0.99999582, -0.99927889, ..., -0.62938774,
         -0.43319705,  0.        ]]]), 'num': array([9.90079160e-01, 1.40328540e-01, 1.57653176e-04, 5.41932793e-05,
       5.42938234e-05, 5.12774999e-05, 7.14921964e-03, 2.11142647e-06,
       5.38112117e-05, 5.42636602e-05, 4.66089014e-05, 5.53844715e-07,
       6.25022307e-05, 4.60250897e-05])}
{'img': array([[[ 0.00000000e+00, -5.70575148e-02, -1.60858419e-01, ...,
          7.38519086e-01,  6.35357610e-01,  7.68474689e-01],
        [ 5.70575148e-02,  0.00000000e+00, -1.04281881e-01, ...,
          7.75785994e-01,  6.78383387e-01,  8.03732735e-01],
        [ 1.60858419e-01,  1.04281881e-01,  0.00000000e+00, ...,
          8.37357700e-01,  7.51301434e-01,  8.61397336e-01],
        ...,
        [-7.38519086e-01, -7.75785994e-01, -8.37357700e-01, ...,
          0.00000000e+00, -1.41918969e-01,  4.55669354e-02],
        [-6.35357610e-01, -6.78383387e-01, -7.51301434e-01, ...,
          1.41918969e-01,  0.00000000e+00,  1.86877276e-01],
        [-7.68474689e-01, -8.03732735e-01, -8.61397336e-01, ...,
         -4.55669354e-02, -1.86877276e-01,  0.00000000e+00]],

       [[ 0.00000000e+00,  1.03823189e-01, -4.46748785e-02, ...,
          2.60899467e-01,  3.49384269e-01,  3.76647161e-01],
        [-1.03823189e-01,  0.00000000e+00, -1.48152975e-01, ...,
          1.59262132e-01,  2.50215914e-01,  2.78434356e-01],
        [ 4.46748785e-02,  1.48152975e-01,  0.00000000e+00, ...,
          3.03766587e-01,  3.90894883e-01,  4.17655986e-01],
        ...,
        [-2.60899467e-01, -1.59262132e-01, -3.03766587e-01, ...,
          0.00000000e+00,  9.28262273e-02,  1.21916360e-01],
        [-3.49384269e-01, -2.50215914e-01, -3.90894883e-01, ...,
         -9.28262273e-02,  0.00000000e+00,  2.92561856e-02],
        [-3.76647161e-01, -2.78434356e-01, -4.17655986e-01, ...,
         -1.21916360e-01, -2.92561856e-02,  0.00000000e+00]],

       [[ 0.00000000e+00, -2.20377585e-03, -4.00727938e-02, ...,
          8.44108908e-01,  8.01894335e-01,  7.98031657e-01],
        [ 2.20377585e-03,  0.00000000e+00, -3.78706908e-02, ...,
          8.45288461e-01,  8.03209069e-01,  7.99357749e-01],
        [ 4.00727938e-02,  3.78706908e-02,  0.00000000e+00, ...,
          8.64916789e-01,  8.25192351e-01,  8.21539136e-01],
        ...,
        [-8.44108908e-01, -8.45288461e-01, -8.64916789e-01, ...,
          0.00000000e+00, -7.43731763e-02, -8.07911010e-02],
        [-8.01894335e-01, -8.03209069e-01, -8.25192351e-01, ...,
          7.43731763e-02,  0.00000000e+00, -6.43729385e-03],
        [-7.98031657e-01, -7.99357749e-01, -8.21539136e-01, ...,
          8.07911010e-02,  6.43729385e-03,  0.00000000e+00]],

       ...,

       [[ 0.00000000e+00, -2.41297839e-01, -6.48451031e-01, ...,
         -5.31195376e-01, -7.17886376e-01, -6.14359766e-01],
        [ 2.41297839e-01,  0.00000000e+00, -4.45600504e-01, ...,
         -3.11059702e-01, -5.28691655e-01, -4.05815839e-01],
        [ 6.48451031e-01,  4.45600504e-01,  0.00000000e+00, ...,
          1.45023856e-01, -9.50697181e-02,  4.39594590e-02],
        ...,
        [ 5.31195376e-01,  3.11059702e-01, -1.45023856e-01, ...,
          0.00000000e+00, -2.38431643e-01, -1.01388937e-01],
        [ 7.17886376e-01,  5.28691655e-01,  9.50697181e-02, ...,
          2.38431643e-01,  0.00000000e+00,  1.38738165e-01],
        [ 6.14359766e-01,  4.05815839e-01, -4.39594590e-02, ...,
          1.01388937e-01, -1.38738165e-01,  0.00000000e+00]],

       [[ 0.00000000e+00,  1.40034050e-02,  1.30328315e-02, ...,
          8.68349182e-01,  8.81483223e-01,  8.97777528e-01],
        [-1.40034050e-02,  0.00000000e+00, -9.70662033e-04, ...,
          8.75209073e-01,  8.88009414e-01,  9.03857287e-01],
        [-1.30328315e-02,  9.70662033e-04,  0.00000000e+00, ...,
          8.74739108e-01,  8.87562661e-01,  9.03441579e-01],
        ...,
        [-8.68349182e-01, -8.75209073e-01, -8.74739108e-01, ...,
          0.00000000e+00, -2.71267295e-02, -6.27920340e-02],
        [-8.81483223e-01, -8.88009414e-01, -8.87562661e-01, ...,
          2.71267295e-02,  0.00000000e+00, -3.56957282e-02],
        [-8.97777528e-01, -9.03857287e-01, -9.03441579e-01, ...,
          6.27920340e-02,  3.56957282e-02,  0.00000000e+00]],

       [[ 0.00000000e+00,  3.78522682e-02,  6.64896714e-02, ...,
          8.06903634e-01,  8.88229166e-01,  9.96971411e-01],
        [-3.78522682e-02,  0.00000000e+00,  2.86735159e-02, ...,
          7.83966668e-01,  8.70203257e-01,  9.99200658e-01],
        [-6.64896714e-02, -2.86735159e-02,  0.00000000e+00, ...,
          7.65843722e-01,  8.55718218e-01,  9.99936056e-01],
        ...,
        [-8.06903634e-01, -7.83966668e-01, -7.65843722e-01, ...,
          0.00000000e+00,  1.53969911e-01,  6.51646196e-01],
        [-8.88229166e-01, -8.70203257e-01, -8.55718218e-01, ...,
         -1.53969911e-01,  0.00000000e+00,  5.27085936e-01],
        [-9.96971411e-01, -9.99200658e-01, -9.99936056e-01, ...,
         -6.51646196e-01, -5.27085936e-01,  0.00000000e+00]]]), 'num': array([ 9.89773353e-01,  1.42555143e-01,  1.60154671e-04,  5.40317736e-05,
        5.56660049e-05,  5.34189368e-05,  5.16639766e-03, -1.02139459e-06,
        5.44607593e-05,  5.53825679e-05,  4.74965505e-05,  5.08486482e-07,
        6.32694588e-05,  4.74956770e-05])}
{'img': array([[[ 0.00000000e+00, -1.04281881e-01, -1.04281881e-01, ...,
          6.78383387e-01,  8.03732735e-01,  7.46623335e-01],
        [ 1.04281881e-01,  0.00000000e+00,  0.00000000e+00, ...,
          7.51301434e-01,  8.61397336e-01,  8.11925792e-01],
        [ 1.04281881e-01,  0.00000000e+00,  0.00000000e+00, ...,
          7.51301434e-01,  8.61397336e-01,  8.11925792e-01],
        ...,
        [-6.78383387e-01, -7.51301434e-01, -7.51301434e-01, ...,
          0.00000000e+00,  1.86877276e-01,  9.72576807e-02],
        [-8.03732735e-01, -8.61397336e-01, -8.61397336e-01, ...,
         -1.86877276e-01,  0.00000000e+00, -9.04470163e-02],
        [-7.46623335e-01, -8.11925792e-01, -8.11925792e-01, ...,
         -9.72576807e-02,  9.04470163e-02,  0.00000000e+00]],

       [[ 0.00000000e+00, -1.48152975e-01, -1.89550419e-01, ...,
          2.50215914e-01,  2.78434356e-01,  1.70222692e-01],
        [ 1.48152975e-01,  0.00000000e+00, -4.19915194e-02, ...,
          3.90894883e-01,  4.17655986e-01,  3.14334966e-01],
        [ 1.89550419e-01,  4.19915194e-02,  0.00000000e+00, ...,
          4.29200579e-01,  4.55441314e-01,  3.53920771e-01],
        ...,
        [-2.50215914e-01, -3.90894883e-01, -4.29200579e-01, ...,
          0.00000000e+00,  2.92561856e-02, -8.17562490e-02],
        [-2.78434356e-01, -4.17655986e-01, -4.55441314e-01, ...,
         -2.92561856e-02,  0.00000000e+00, -1.10879499e-01],
        [-1.70222692e-01, -3.14334966e-01, -3.53920771e-01, ...,
          8.17562490e-02,  1.10879499e-01,  0.00000000e+00]],

       [[ 0.00000000e+00, -3.78706908e-02, -8.34571785e-02, ...,
          8.03209069e-01,  7.99357749e-01,  7.86365714e-01],
        [ 3.78706908e-02,  0.00000000e+00, -4.56587366e-02, ...,
          8.25192351e-01,  8.21539136e-01,  8.09196658e-01],
        [ 8.34571785e-02,  4.56587366e-02,  0.00000000e+00, ...,
          8.50122175e-01,  8.46714776e-01,  8.35178981e-01],
        ...,
        [-8.03209069e-01, -8.25192351e-01, -8.50122175e-01, ...,
          0.00000000e+00, -6.43729385e-03, -2.77555614e-02],
        [-7.99357749e-01, -8.21539136e-01, -8.46714776e-01, ...,
          6.43729385e-03,  0.00000000e+00, -2.13201725e-02],
        [-7.86365714e-01, -8.09196658e-01, -8.35178981e-01, ...,
          2.77555614e-02,  2.13201725e-02,  0.00000000e+00]],

       ...,

       [[ 0.00000000e+00, -4.45600504e-01, -3.51600095e-01, ...,
         -5.28691655e-01, -4.05815839e-01, -5.39642217e-01],
        [ 4.45600504e-01,  0.00000000e+00,  1.02385416e-01, ...,
         -9.50697181e-02,  4.39594590e-02, -1.07956343e-01],
        [ 3.51600095e-01, -1.02385416e-01,  0.00000000e+00, ...,
         -1.96491781e-01, -5.85579978e-02, -2.09176050e-01],
        ...,
        [ 5.28691655e-01,  9.50697181e-02,  1.96491781e-01, ...,
          0.00000000e+00,  1.38738165e-01, -1.29532717e-02],
        [ 4.05815839e-01, -4.39594590e-02,  5.85579978e-02, ...,
         -1.38738165e-01,  0.00000000e+00, -1.51554528e-01],
        [ 5.39642217e-01,  1.07956343e-01,  2.09176050e-01, ...,
          1.29532717e-02,  1.51554528e-01,  0.00000000e+00]],

       [[ 0.00000000e+00, -9.70662033e-04, -2.41131346e-04, ...,
          8.88009414e-01,  9.03857287e-01,  9.20942758e-01],
        [ 9.70662033e-04,  0.00000000e+00,  7.29530772e-04, ...,
          8.87562661e-01,  9.03441579e-01,  9.20564059e-01],
        [ 2.41131346e-04, -7.29530772e-04,  0.00000000e+00, ...,
          8.87898510e-01,  9.03754097e-01,  9.20848763e-01],
        ...,
        [-8.88009414e-01, -8.87562661e-01, -8.87898510e-01, ...,
          0.00000000e+00, -3.56957282e-02, -7.74173698e-02],
        [-9.03857287e-01, -9.03441579e-01, -9.03754097e-01, ...,
          3.56957282e-02,  0.00000000e+00, -4.17794349e-02],
        [-9.20942758e-01, -9.20564059e-01, -9.20848763e-01, ...,
          7.74173698e-02,  4.17794349e-02,  0.00000000e+00]],

       [[ 0.00000000e+00,  2.70192197e-02,  4.64829780e-02, ...,
          8.00205648e-01,  9.21146740e-01,  9.95152619e-01],
        [-2.70192197e-02,  0.00000000e+00,  1.94759936e-02, ...,
          7.83709383e-01,  9.10294144e-01,  9.97446443e-01],
        [-4.64829780e-02, -1.94759936e-02,  0.00000000e+00, ...,
          7.71463654e-01,  9.02059162e-01,  9.98648197e-01],
        ...,
        [-8.00205648e-01, -7.83709383e-01, -7.71463654e-01, ...,
          0.00000000e+00,  2.40982960e-01,  6.75512900e-01],
        [-9.21146740e-01, -9.10294144e-01, -9.02059162e-01, ...,
         -2.40982960e-01,  0.00000000e+00,  4.77916750e-01],
        [-9.95152619e-01, -9.97446443e-01, -9.98648197e-01, ...,
         -6.75512900e-01, -4.77916750e-01,  0.00000000e+00]]]), 'num': array([ 9.99858969e-01,  1.57445268e-02,  1.95260802e-04,  5.45427281e-05,
        5.73564402e-05,  5.40557394e-05,  5.83849602e-03, -2.70549246e-06,
        5.67936978e-05,  5.88147007e-05,  5.04457106e-05,  3.88607099e-07,
        6.68031527e-05,  5.08262486e-05])}
{'img': array([[[ 0.00000000e+00,  0.00000000e+00,  1.85764486e-01, ...,
          8.61397336e-01,  8.11925792e-01,  6.65259093e-01],
        [ 0.00000000e+00,  0.00000000e+00,  1.85764486e-01, ...,
          8.61397336e-01,  8.11925792e-01,  6.65259093e-01],
        [-1.85764486e-01, -1.85764486e-01,  0.00000000e+00, ...,
          7.52048437e-01,  6.89351655e-01,  5.14985691e-01],
        ...,
        [-8.61397336e-01, -8.61397336e-01, -7.52048437e-01, ...,
          0.00000000e+00, -9.04470163e-02, -3.05223890e-01],
        [-8.11925792e-01, -8.11925792e-01, -6.89351655e-01, ...,
          9.04470163e-02,  0.00000000e+00, -2.17841919e-01],
        [-6.65259093e-01, -6.65259093e-01, -5.14985691e-01, ...,
          3.05223890e-01,  2.17841919e-01,  0.00000000e+00]],

       [[ 0.00000000e+00, -4.19915194e-02,  1.17107989e-01, ...,
          4.17655986e-01,  3.14334966e-01,  3.32952946e-01],
        [ 4.19915194e-02,  0.00000000e+00,  1.58707280e-01, ...,
          4.55441314e-01,  3.53920771e-01,  3.72254898e-01],
        [-1.17107989e-01, -1.58707280e-01,  0.00000000e+00, ...,
          3.08377241e-01,  2.01000050e-01,  2.20235748e-01],
        ...,
        [-4.17655986e-01, -4.55441314e-01, -3.08377241e-01, ...,
          0.00000000e+00, -1.10879499e-01, -9.13031829e-02],
        [-3.14334966e-01, -3.53920771e-01, -2.01000050e-01, ...,
          1.10879499e-01,  0.00000000e+00,  1.96761767e-02],
        [-3.32952946e-01, -3.72254898e-01, -2.20235748e-01, ...,
          9.13031829e-02, -1.96761767e-02,  0.00000000e+00]],

       [[ 0.00000000e+00, -4.56587366e-02, -5.14547456e-02, ...,
          8.21539136e-01,  8.09196658e-01,  7.54717896e-01],
        [ 4.56587366e-02,  0.00000000e+00, -5.80282950e-03, ...,
          8.46714776e-01,  8.35178981e-01,  7.83885188e-01],
        [ 5.14547456e-02,  5.80282950e-03,  0.00000000e+00, ...,
          8.49787898e-01,  8.38356350e-01,  7.87475000e-01],
        ...,
        [-8.21539136e-01, -8.46714776e-01, -8.49787898e-01, ...,
          0.00000000e+00, -2.13201725e-02, -1.08666295e-01],
        [-8.09196658e-01, -8.35178981e-01, -8.38356350e-01, ...,
          2.13201725e-02,  0.00000000e+00, -8.74476744e-02],
        [-7.54717896e-01, -7.83885188e-01, -7.87475000e-01, ...,
          1.08666295e-01,  8.74476744e-02,  0.00000000e+00]],

       ...,

       [[ 0.00000000e+00,  1.02385416e-01,  3.62637819e-01, ...,
          4.39594590e-02, -1.07956343e-01, -5.16762255e-01],
        [-1.02385416e-01,  0.00000000e+00,  2.65316030e-01, ...,
         -5.85579978e-02, -2.09176050e-01, -6.01701687e-01],
        [-3.62637819e-01, -2.65316030e-01,  0.00000000e+00, ...,
         -3.21320117e-01, -4.61126203e-01, -7.92051062e-01],
        ...,
        [-4.39594590e-02,  5.85579978e-02,  3.21320117e-01, ...,
          0.00000000e+00, -1.51554528e-01, -5.53897675e-01],
        [ 1.07956343e-01,  2.09176050e-01,  4.61126203e-01, ...,
          1.51554528e-01,  0.00000000e+00, -4.21317558e-01],
        [ 5.16762255e-01,  6.01701687e-01,  7.92051062e-01, ...,
          5.53897675e-01,  4.21317558e-01,  0.00000000e+00]],

       [[ 0.00000000e+00,  7.29530772e-04,  2.20391381e-02, ...,
          9.03441579e-01,  9.20564059e-01,  9.34881745e-01],
        [-7.29530772e-04,  0.00000000e+00,  2.13097787e-02, ...,
          9.03754097e-01,  9.20848763e-01,  9.35140450e-01],
        [-2.20391381e-02, -2.13097787e-02,  0.00000000e+00, ...,
          9.12670567e-01,  9.28948765e-01,  9.42477668e-01],
        ...,
        [-9.03441579e-01, -9.03754097e-01, -9.12670567e-01, ...,
          0.00000000e+00, -4.17794349e-02, -8.01092815e-02],
        [-9.20564059e-01, -9.20848763e-01, -9.28948765e-01, ...,
          4.17794349e-02,  0.00000000e+00, -3.83941754e-02],
        [-9.34881745e-01, -9.35140450e-01, -9.42477668e-01, ...,
          8.01092815e-02,  3.83941754e-02,  0.00000000e+00]],

       [[ 0.00000000e+00,  1.87977173e-02,  5.88356682e-02, ...,
          8.65947092e-01,  9.60084252e-01,  9.94336514e-01],
        [-1.87977173e-02,  0.00000000e+00,  4.00601187e-02, ...,
          8.56392677e-01,  9.54656684e-01,  9.96158595e-01],
        [-5.88356682e-02, -4.00601187e-02,  0.00000000e+00, ...,
          8.35021182e-01,  9.41964098e-01,  9.98866911e-01],
        ...,
        [-8.65947092e-01, -8.56392677e-01, -8.35021182e-01, ...,
          0.00000000e+00,  2.37957424e-01,  5.89333758e-01],
        [-9.60084252e-01, -9.54656684e-01, -9.41964098e-01, ...,
         -2.37957424e-01,  0.00000000e+00,  3.80162146e-01],
        [-9.94336514e-01, -9.96158595e-01, -9.98866911e-01, ...,
         -5.89333758e-01, -3.80162146e-01,  0.00000000e+00]]]), 'num': array([9.99875210e-01, 1.55324514e-02, 1.92630681e-04, 5.45553833e-05,
       5.48756693e-05, 5.40215732e-05, 2.87146014e-03, 7.47334017e-07,
       5.55375937e-05, 5.82466795e-05, 4.99156846e-05, 3.47359625e-07,
       6.54346469e-05, 5.10587121e-05])}
{'img': array([[[ 0.        ,  0.18576449,  0.22463498, ...,  0.81192579,
          0.66525909,  0.70950081],
        [-0.18576449,  0.        ,  0.03970815, ...,  0.68935166,
          0.51498569,  0.56624236],
        [-0.22463498, -0.03970815,  0.        , ...,  0.66004232,
          0.48054175,  0.53306677],
        ...,
        [-0.81192579, -0.68935166, -0.66004232, ...,  0.        ,
         -0.21784192, -0.1579892 ],
        [-0.66525909, -0.51498569, -0.48054175, ...,  0.21784192,
          0.        ,  0.06091107],
        [-0.70950081, -0.56624236, -0.53306677, ...,  0.1579892 ,
         -0.06091107,  0.        ]],

       [[ 0.        ,  0.15870728,  0.10936385, ...,  0.35392077,
          0.3722549 ,  0.19397457],
        [-0.15870728,  0.        , -0.04977758, ...,  0.20100005,
          0.22023575,  0.0358232 ],
        [-0.10936385,  0.04977758,  0.        , ...,  0.24951256,
          0.2685181 ,  0.08552442],
        ...,
        [-0.35392077, -0.20100005, -0.24951256, ...,  0.        ,
          0.01967618, -0.16577895],
        [-0.3722549 , -0.22023575, -0.2685181 , ..., -0.01967618,
          0.        , -0.18515077],
        [-0.19397457, -0.0358232 , -0.08552442, ...,  0.16577895,
          0.18515077,  0.        ]],

       [[ 0.        , -0.00580283,  0.00923936, ...,  0.83517898,
          0.78388519,  0.75396117],
        [ 0.00580283,  0.        ,  0.01504179, ...,  0.83835635,
          0.787475  ,  0.75776046],
        [-0.00923936, -0.01504179,  0.        , ...,  0.83006188,
          0.77811495,  0.74785947],
        ...,
        [-0.83517898, -0.83835635, -0.83006188, ...,  0.        ,
         -0.08744767, -0.1339827 ],
        [-0.78388519, -0.787475  , -0.77811495, ...,  0.08744767,
          0.        , -0.04681021],
        [-0.75396117, -0.75776046, -0.74785947, ...,  0.1339827 ,
          0.04681021,  0.        ]],

       ...,

       [[ 0.        ,  0.26531603,  0.38918874, ..., -0.20917605,
         -0.60170169, -0.69663072],
        [-0.26531603,  0.        ,  0.13084281, ..., -0.4611262 ,
         -0.79205106, -0.86201017],
        [-0.38918874, -0.13084281,  0.        , ..., -0.57326331,
         -0.86511553, -0.92092262],
        ...,
        [ 0.20917605,  0.4611262 ,  0.57326331, ...,  0.        ,
         -0.42131756, -0.53115071],
        [ 0.60170169,  0.79205106,  0.86511553, ...,  0.42131756,
          0.        , -0.12473475],
        [ 0.69663072,  0.86201017,  0.92092262, ...,  0.53115071,
          0.12473475,  0.        ]],

       [[ 0.        ,  0.02130978,  0.05179556, ...,  0.92084876,
          0.93514045,  0.95836078],
        [-0.02130978,  0.        ,  0.03050262, ...,  0.92894876,
          0.94247767,  0.96422838],
        [-0.05179556, -0.03050262,  0.        , ...,  0.93980884,
          0.9522352 ,  0.97186513],
        ...,
        [-0.92084876, -0.92894876, -0.93980884, ...,  0.        ,
         -0.03839418, -0.11072625],
        [-0.93514045, -0.94247767, -0.9522352 , ...,  0.03839418,
          0.        , -0.07248652],
        [-0.95836078, -0.96422838, -0.97186513, ...,  0.11072625,
          0.07248652,  0.        ]],

       [[ 0.        ,  0.03768769,  0.06696868, ...,  0.87945173,
          0.93314902,  0.98917502],
        [-0.03768769,  0.        ,  0.02931802, ...,  0.86088804,
          0.91893775,  0.99400259],
        [-0.06696868, -0.02931802,  0.        , ...,  0.84560113,
          0.90697962,  0.99678142],
        ...,
        [-0.87945173, -0.86088804, -0.84560113, ...,  0.        ,
          0.12801391,  0.59988671],
        [-0.93314902, -0.91893775, -0.90697962, ..., -0.12801391,
          0.        ,  0.49252906],
        [-0.98917502, -0.99400259, -0.99678142, ..., -0.59988671,
         -0.49252906,  0.        ]]]), 'num': array([ 9.99875757e-01,  1.56227535e-02,  1.93750591e-04,  5.45504075e-05,
        5.49799383e-05,  5.36913460e-05,  2.08279469e-03, -3.22148076e-07,
        5.56457110e-05,  5.86524264e-05,  5.03508494e-05,  2.28848360e-07,
        6.57039952e-05,  5.16008576e-05])}
{'img': array([[[ 0.        ,  0.03970815, -0.02019955, ...,  0.51498569,
          0.56624236,  0.54450294],
        [-0.03970815,  0.        , -0.05988367, ...,  0.48054175,
          0.53306677,  0.51076793],
        [ 0.02019955,  0.05988367,  0.        , ...,  0.53219564,
          0.58277608,  0.5613344 ],
        ...,
        [-0.51498569, -0.48054175, -0.53219564, ...,  0.        ,
          0.06091107,  0.0347984 ],
        [-0.56624236, -0.53306677, -0.58277608, ..., -0.06091107,
          0.        , -0.02614039],
        [-0.54450294, -0.51076793, -0.5613344 , ..., -0.0347984 ,
          0.02614039,  0.        ]],

       [[ 0.        , -0.04977758, -0.1760848 , ...,  0.22023575,
          0.0358232 , -0.03653862],
        [ 0.04977758,  0.        , -0.1268667 , ...,  0.2685181 ,
          0.08552442,  0.01325101],
        [ 0.1760848 ,  0.1268667 ,  0.        , ...,  0.38855589,
          0.21123523,  0.13999951],
        ...,
        [-0.22023575, -0.2685181 , -0.38855589, ...,  0.        ,
         -0.18515077, -0.25573016],
        [-0.0358232 , -0.08552442, -0.21123523, ...,  0.18515077,
          0.        , -0.07231444],
        [ 0.03653862, -0.01325101, -0.13999951, ...,  0.25573016,
          0.07231444,  0.        ]],

       [[ 0.        ,  0.01504179,  0.02879699, ...,  0.787475  ,
          0.75776046,  0.74445286],
        [-0.01504179,  0.        ,  0.01375819, ...,  0.77811495,
          0.74785947,  0.73432561],
        [-0.02879699, -0.01375819,  0.        , ...,  0.76939949,
          0.73865522,  0.72491709],
        ...,
        [-0.787475  , -0.77811495, -0.76939949, ...,  0.        ,
         -0.04681021, -0.0669364 ],
        [-0.75776046, -0.74785947, -0.73865522, ...,  0.04681021,
          0.        , -0.0201578 ],
        [-0.74445286, -0.73432561, -0.72491709, ...,  0.0669364 ,
          0.0201578 ,  0.        ]],

       ...,

       [[ 0.        ,  0.13053019, -0.15851988, ..., -0.78965502,
         -0.85945051, -0.95986238],
        [-0.13053019,  0.        , -0.28604338, ..., -0.86298593,
         -0.91882685, -0.91504014],
        [ 0.15851988,  0.28604338,  0.        , ..., -0.6824104 ,
         -0.76754507, -0.99218597],
        ...,
        [ 0.78965502,  0.86298593,  0.6824104 , ...,  0.        ,
         -0.1236302 , -0.81040027],
        [ 0.85945051,  0.91882685,  0.76754507, ...,  0.1236302 ,
          0.        , -0.73175113],
        [ 0.95986238,  0.91504014,  0.99218597, ...,  0.81040027,
          0.73175113,  0.        ]],

       [[ 0.        ,  0.03050262,  0.02713125, ...,  0.94247767,
          0.96422838,  0.96838535],
        [-0.03050262,  0.        , -0.00337277, ...,  0.9522352 ,
          0.97186513,  0.9755439 ],
        [-0.02713125,  0.00337277,  0.        , ...,  0.95119986,
          0.97106519,  0.974797  ],
        ...,
        [-0.94247767, -0.9522352 , -0.95119986, ...,  0.        ,
         -0.07248652, -0.08859174],
        [-0.96422838, -0.97186513, -0.97106519, ...,  0.07248652,
          0.        , -0.01615718],
        [-0.96838535, -0.9755439 , -0.974797  , ...,  0.08859174,
          0.01615718,  0.        ]],

       [[ 0.        ,  0.0288669 ,  0.08315614, ...,  0.89986691,
          0.99071512,  0.99222506],
        [-0.0288669 ,  0.        ,  0.05435456, ...,  0.88690119,
          0.98637768,  0.99540424],
        [-0.08315614, -0.05435456,  0.        , ...,  0.86048049,
          0.97597838,  0.99913785],
        ...,
        [-0.89986691, -0.88690119, -0.86048049, ...,  0.        ,
          0.30977414,  0.54476772],
        [-0.99071512, -0.98637768, -0.97597838, ..., -0.30977414,
          0.        ,  0.25819813],
        [-0.99222506, -0.99540424, -0.99913785, ..., -0.54476772,
         -0.25819813,  0.        ]]]), 'num': array([9.99877863e-01, 1.54137117e-02, 1.91158092e-04, 5.45621112e-05,
       5.45621112e-05, 5.29729235e-05, 2.57195198e-03, 7.41620929e-07,
       5.43925979e-05, 5.78570271e-05, 4.98016112e-05, 2.39232558e-07,
       6.48336717e-05, 5.08803824e-05])}
{'img': array([[[ 0.        , -0.05988367, -0.22463498, ...,  0.53306677,
          0.51076793,  0.56230105],
        [ 0.05988367,  0.        , -0.16587862, ...,  0.58277608,
          0.5613344 ,  0.61081168],
        [ 0.22463498,  0.16587862,  0.        , ...,  0.70950081,
          0.69083711,  0.73368831],
        ...,
        [-0.53306677, -0.58277608, -0.70950081, ...,  0.        ,
         -0.02614039,  0.03493754],
        [-0.51076793, -0.5613344 , -0.69083711, ...,  0.02614039,
          0.        ,  0.06105003],
        [-0.56230105, -0.61081168, -0.73368831, ..., -0.03493754,
         -0.06105003,  0.        ]],

       [[ 0.        , -0.1268667 , -0.03264759, ...,  0.08552442,
          0.01325101,  0.0621378 ],
        [ 0.1268667 ,  0.        ,  0.09441528, ...,  0.21123523,
          0.13999951,  0.18825726],
        [ 0.03264759, -0.09441528,  0.        , ...,  0.1180068 ,
          0.04588867,  0.09468918],
        ...,
        [-0.08552442, -0.21123523, -0.1180068 , ...,  0.        ,
         -0.07231444, -0.02344902],
        [-0.01325101, -0.13999951, -0.04588867, ...,  0.07231444,
          0.        ,  0.04890694],
        [-0.0621378 , -0.18825726, -0.09468918, ...,  0.02344902,
         -0.04890694,  0.        ]],

       [[ 0.        ,  0.01375819,  0.01375819, ...,  0.74785947,
          0.73432561,  0.70093563],
        [-0.01375819,  0.        ,  0.        , ...,  0.73865522,
          0.72491709,  0.69105661],
        [-0.01375819,  0.        ,  0.        , ...,  0.73865522,
          0.72491709,  0.69105661],
        ...,
        [-0.74785947, -0.73865522, -0.73865522, ...,  0.        ,
         -0.0201578 , -0.06807065],
        [-0.73432561, -0.72491709, -0.72491709, ...,  0.0201578 ,
          0.        , -0.04794577],
        [-0.70093563, -0.69105661, -0.69105661, ...,  0.06807065,
          0.04794577,  0.        ]],

       ...,

       [[ 0.        , -0.28604338, -0.6513256 , ..., -0.91882685,
         -0.91504014, -0.98935671],
        [ 0.28604338,  0.        , -0.4070618 , ..., -0.76754507,
         -0.99218597, -0.9896404 ],
        [ 0.6513256 ,  0.4070618 ,  0.        , ..., -0.44015157,
         -0.95705148, -0.84549694],
