state_0,state_1,state_2,state_3,state_4,state_5,state_6,state_7,state_8,state_9,state_10,state_11,state_12,state_13,state_14,state_15,state_16,state_17,state_18,state_19,state_20,state_21,state_22,state_23,state_24,state_25,state_26,state_27,state_28,state_29,state_30,state_31,state_32,state_33,state_34,state_35,state_36,state_37,state_38,state_39,state_40,state_41,state_42,state_43,state_44,state_45,state_46,state_47,state_48,state_49,state_50,state_51,state_52,state_53,state_54,state_55,state_56,state_57,state_58,state_59,state_60,state_61,state_62,state_63,state_64,state_65,state_66,state_67,state_68,state_69,state_70,state_71,state_72,state_73,state_74,state_75,state_76,state_77,state_78,state_79,state_80,state_81,state_82,state_83,state_84,state_85,state_86,state_87,state_88,state_89,state_90,state_91,state_92,state_93,state_94,state_95,state_96,state_97,state_98,state_99,state_100,state_101,state_102,state_103,state_104,state_105,state_106,state_107,state_108,state_109,state_110,state_111,state_112,state_113,state_114,state_115,state_116,state_117,state_118,state_119,state_120,state_121,state_122,state_123,state_124,state_125,state_126,state_127,state_128,state_129,state_130,state_131,state_132,state_133,state_134,state_135,state_136,state_137,state_138,state_139,state_140,state_141,state_142,state_143,state_144,state_145,state_146,state_147,state_148,state_149,state_150,state_151,state_152,state_153,state_154,state_155,state_156,state_157,state_158,state_159,state_160,state_161,state_162,state_163,state_164,state_165,state_166,state_167,state_168,state_169,state_170,state_171,state_172,state_173,state_174,state_175,state_176,state_177,state_178,state_179,state_180,state_181,state_182,state_183,state_184,state_185,state_186,state_187,state_188,state_189,state_190,state_191,state_192,state_193,state_194,state_195,state_196,state_197,state_198,state_199,state_200,state_201,state_202,state_203,state_204,state_205,state_206,state_207,state_208,state_209,state_210,state_211,state_212,state_213,state_214,state_215,state_216,state_217,state_218,state_219,state_220,state_221,state_222,state_223,state_224,state_225,state_226,state_227,state_228,state_229,state_230,state_231,state_232,state_233,state_234,state_235,state_236,state_237,state_238,state_239,state_240,state_241,state_242,state_243,state_244,state_245,state_246,state_247,state_248,state_249,state_250,state_251,state_252,state_253,state_254,state_255,state_256,state_257,state_258,state_259,state_260,state_261,state_262,state_263,state_264,state_265,state_266,state_267,state_268,state_269,state_270,state_271,state_272,state_273,state_274,state_275,state_276,state_277,state_278,state_279,state_280,state_281,state_282,state_283,state_284,state_285,state_286,state_287
{'img': array([[[ 0.        ,  0.28201637,  0.08582807, ...,  0.98733142,
          0.99901914,  0.97601302],
        [-0.28201637,  0.        , -0.19863144, ...,  0.90250725,
          0.94598074,  0.87499785],
        [-0.08582807,  0.19863144,  0.        , ...,  0.97006965,
          0.99153222,  0.95372568],
        ...,
        [-0.98733142, -0.90250725, -0.97006965, ...,  0.        ,
          0.11479648, -0.06008854],
        [-0.99901914, -0.94598074, -0.99153222, ..., -0.11479648,
          0.        , -0.17428034],
        [-0.97601302, -0.87499785, -0.95372568, ...,  0.06008854,
          0.17428034,  0.        ]],

       [[ 0.        ,  0.54473693,  0.55128543, ...,  0.96384499,
          0.64357913,  0.61130426],
        [-0.54473693,  0.        ,  0.00782869, ...,  0.66313458,
          0.12277943,  0.08154158],
        [-0.55128543, -0.00782869,  0.        , ...,  0.65725449,
          0.11500621,  0.07373646],
        ...,
        [-0.96384499, -0.66313458, -0.65725449, ...,  0.        ,
         -0.56621687, -0.59989242],
        [-0.64357913, -0.12277943, -0.11500621, ...,  0.56621687,
          0.        , -0.04144593],
        [-0.61130426, -0.08154158, -0.07373646, ...,  0.59989242,
          0.04144593,  0.        ]],

       [[ 0.        , -0.06562171, -0.22178415, ...,  0.85656319,
          0.92742605,  0.95803087],
        [ 0.06562171,  0.        , -0.15731866, ...,  0.8885805 ,
          0.94997001,  0.97477736],
        [ 0.22178415,  0.15731866,  0.        , ...,  0.94968113,
          0.98727797,  0.99774963],
        ...,
        [-0.85656319, -0.8885805 , -0.94968113, ...,  0.        ,
          0.15823068,  0.2488376 ],
        [-0.92742605, -0.94997001, -0.98727797, ..., -0.15823068,
          0.        ,  0.09244922],
        [-0.95803087, -0.97477736, -0.99774963, ..., -0.2488376 ,
         -0.09244922,  0.        ]],

       ...,

       [[ 0.        ,  0.19793399, -0.10779727, ...,  0.47442641,
          0.56911022,  0.41454788],
        [-0.19793399,  0.        , -0.30244515, ...,  0.29079971,
          0.39509712,  0.22622082],
        [ 0.10779727,  0.30244515,  0.        , ...,  0.56655529,
          0.65443147,  0.51023075],
        ...,
        [-0.47442641, -0.29079971, -0.56655529, ...,  0.        ,
          0.11088252, -0.06681659],
        [-0.56911022, -0.39509712, -0.65443147, ..., -0.11088252,
          0.        , -0.1770393 ],
        [-0.41454788, -0.22622082, -0.51023075, ...,  0.06681659,
          0.1770393 ,  0.        ]],

       [[ 0.        , -0.05693973, -0.03419465, ...,  0.99035554,
          0.99572867,  0.99690456],
        [ 0.05693973,  0.        ,  0.02276725, ...,  0.99663776,
          0.99937034,  0.99976387],
        [ 0.03419465, -0.02276725,  0.        , ...,  0.99451402,
          0.99830348,  0.99900999],
        ...,
        [-0.99035554, -0.99663776, -0.99451402, ...,  0.        ,
          0.04652022,  0.06025744],
        [-0.99572867, -0.99937034, -0.99830348, ..., -0.04652022,
          0.        ,  0.01375652],
        [-0.99690456, -0.99976387, -0.99900999, ..., -0.06025744,
         -0.01375652,  0.        ]],

       [[ 0.        ,  0.03048214,  0.02668889, ...,  0.96350155,
          0.94467904,  0.94897222],
        [-0.03048214,  0.        , -0.00379479, ...,  0.95489367,
          0.93424203,  0.93891841],
        [-0.02668889,  0.00379479,  0.        , ...,  0.95601365,
          0.93558868,  0.94021759],
        ...,
        [-0.96350155, -0.95489367, -0.95601365, ...,  0.        ,
         -0.06313167, -0.04980706],
        [-0.94467904, -0.93424203, -0.93558868, ...,  0.06313167,
          0.        ,  0.01334561],
        [-0.94897222, -0.93891841, -0.94021759, ...,  0.04980706,
         -0.01334561,  0.        ]]]), 'num': array([ 9.99999887e-01,  1.78694293e-05,  9.04961113e-06,  1.67053463e-04,
        1.70681774e-04,  1.64936949e-04,  4.18858213e-05, -3.02359209e-06,
        1.70228235e-04,  1.65004979e-04,  1.66433627e-04,  7.28535199e-08,
        1.79751145e-04,  1.50258814e-04])}
{'img': array([[[ 0.        , -0.26938908,  0.246495  , ...,  0.94955397,
          0.88018942,  0.84132671],
        [ 0.26938908,  0.        ,  0.49845926, ...,  0.99893171,
          0.97550821,  0.95583612],
        [-0.246495  , -0.49845926,  0.        , ...,  0.84295285,
          0.73603826,  0.6821296 ],
        ...,
        [-0.94955397, -0.99893171, -0.84295285, ...,  0.        ,
         -0.17464911, -0.24941634],
        [-0.88018942, -0.97550821, -0.73603826, ...,  0.17464911,
          0.        , -0.07645343],
        [-0.84132671, -0.95583612, -0.6821296 , ...,  0.24941634,
          0.07645343,  0.        ]],

       [[ 0.        ,  0.0087002 ,  0.54597263, ...,  0.13390628,
          0.08946715, -0.49714343],
        [-0.0087002 ,  0.        ,  0.53866291, ...,  0.12527936,
          0.08079845, -0.5046735 ],
        [-0.54597263, -0.53866291,  0.        , ..., -0.42886851,
         -0.46882731, -0.89023145],
        ...,
        [-0.13390628, -0.12527936,  0.42886851, ...,  0.        ,
         -0.04470788, -0.6088524 ],
        [-0.08946715, -0.08079845,  0.46882731, ...,  0.04470788,
          0.        , -0.57277759],
        [ 0.49714343,  0.5046735 ,  0.89023145, ...,  0.6088524 ,
          0.57277759,  0.        ]],

       [[ 0.        , -0.15731866,  0.08621941, ...,  0.94997001,
          0.97477736,  0.98769813],
        [ 0.15731866,  0.        ,  0.24187863, ...,  0.98727797,
          0.99774963,  0.99999954],
        [-0.08621941, -0.24187863,  0.        , ...,  0.91950261,
          0.95190505,  0.97053775],
        ...,
        [-0.94997001, -0.98727797, -0.91950261, ...,  0.        ,
          0.09244922,  0.15994943],
        [-0.97477736, -0.99774963, -0.95190505, ..., -0.09244922,
          0.        ,  0.06800548],
        [-0.98769813, -0.99999954, -0.97053775, ..., -0.15994943,
         -0.06800548,  0.        ]],

       ...,

       [[ 0.        , -0.30244515,  0.19622782, ...,  0.39509712,
          0.22622082,  0.02101536],
        [ 0.30244515,  0.        ,  0.48360295, ...,  0.65443147,
          0.51023075,  0.3224095 ],
        [-0.19622782, -0.48360295,  0.        , ...,  0.20715318,
          0.03068189, -0.17557769],
        ...,
        [-0.39509712, -0.65443147, -0.20715318, ...,  0.        ,
         -0.1770393 , -0.37570433],
        [-0.22622082, -0.51023075, -0.03068189, ...,  0.1770393 ,
          0.        , -0.2057003 ],
        [-0.02101536, -0.3224095 ,  0.17557769, ...,  0.37570433,
          0.2057003 ,  0.        ]],

       [[ 0.        ,  0.02276725,  0.16882327, ...,  0.99937034,
          0.99976387,  0.99982548],
        [-0.02276725,  0.        ,  0.14633905, ...,  0.99830348,
          0.99900999,  0.99914099],
        [-0.16882327, -0.14633905,  0.        , ...,  0.97903562,
          0.98174503,  0.98232043],
        ...,
        [-0.99937034, -0.99830348, -0.97903562, ...,  0.        ,
          0.01375652,  0.01680535],
        [-0.99976387, -0.99900999, -0.98174503, ..., -0.01375652,
          0.        ,  0.00304919],
        [-0.99982548, -0.99914099, -0.98232043, ..., -0.01680535,
         -0.00304919,  0.        ]],

       [[ 0.        , -0.00379479, -0.01412077, ...,  0.93424203,
          0.93891841,  0.94082607],
        [ 0.00379479,  0.        , -0.01032625, ...,  0.93558868,
          0.94021759,  0.94210531],
        [ 0.01412077,  0.01032625,  0.        , ...,  0.93918491,
          0.94368431,  0.94551765],
        ...,
        [-0.93424203, -0.93558868, -0.93918491, ...,  0.        ,
          0.01334561,  0.01893075],
        [-0.93891841, -0.94021759, -0.94368431, ..., -0.01334561,
          0.        ,  0.00558585],
        [-0.94082607, -0.94210531, -0.94551765, ..., -0.01893075,
         -0.00558585,  0.        ]]]), 'num': array([ 7.07093963e-01,  7.07093963e-01,  0.00000000e+00,  2.07566292e-03,
        2.16500007e-03,  2.07566292e-03,  9.79097044e-04, -2.47102729e-05,
        2.14219058e-03,  2.07623316e-03,  2.09790217e-03,  8.83110502e-07,
        2.26108186e-03,  1.89138446e-03])}
{'img': array([[[ 0.        ,  0.49845926,  0.61875724, ...,  0.97550821,
          0.95583612,  0.93971475],
        [-0.49845926,  0.        ,  0.14482802, ...,  0.73603826,
          0.6821296 ,  0.64419825],
        [-0.61875724, -0.14482802,  0.        , ...,  0.63023822,
          0.56903502,  0.52663342],
        ...,
        [-0.97550821, -0.73603826, -0.63023822, ...,  0.        ,
         -0.07645343, -0.12688163],
        [-0.95583612, -0.6821296 , -0.56903502, ...,  0.07645343,
          0.        , -0.05067474],
        [-0.93971475, -0.64419825, -0.52663342, ...,  0.12688163,
          0.05067474,  0.        ]],

       [[ 0.        ,  0.53866291,  0.56068114, ...,  0.08079845,
         -0.5046735 ,  0.14848126],
        [-0.53866291,  0.        ,  0.02635583, ..., -0.46882731,
         -0.89023145, -0.40759331],
        [-0.56068114, -0.02635583,  0.        , ..., -0.49194429,
         -0.90192751, -0.43151891],
        ...,
        [-0.08079845,  0.46882731,  0.49194429, ...,  0.        ,
         -0.57277759,  0.06809298],
        [ 0.5046735 ,  0.89023145,  0.90192751, ...,  0.57277759,
          0.        ,  0.62726471],
        [-0.14848126,  0.40759331,  0.43151891, ..., -0.06809298,
         -0.62726471,  0.        ]],

       [[ 0.        ,  0.24187863,  0.40184247, ...,  0.99774963,
          0.99999954,  0.99998349],
        [-0.24187863,  0.        ,  0.16841998, ...,  0.95190505,
          0.97053775,  0.9716806 ],
        [-0.40184247, -0.16841998,  0.        , ...,  0.88670467,
          0.9160933 ,  0.91800313],
        ...,
        [-0.99774963, -0.95190505, -0.88670467, ...,  0.        ,
          0.06800548,  0.07278289],
        [-0.99999954, -0.97053775, -0.9160933 , ..., -0.06800548,
          0.        ,  0.00478929],
        [-0.99998349, -0.9716806 , -0.91800313, ..., -0.07278289,
         -0.00478929,  0.        ]],

       ...,

       [[ 0.        ,  0.48360295,  0.60708227, ...,  0.51023075,
          0.3224095 ,  0.27718895],
        [-0.48360295,  0.        ,  0.14708176, ...,  0.03068189,
         -0.17557769, -0.22203316],
        [-0.60708227, -0.14708176,  0.        , ..., -0.11666431,
         -0.3184651 , -0.36302887],
        ...,
        [-0.51023075, -0.03068189,  0.11666431, ...,  0.        ,
         -0.2057003 , -0.25184467],
        [-0.3224095 ,  0.17557769,  0.3184651 , ...,  0.2057003 ,
          0.        , -0.04738888],
        [-0.27718895,  0.22203316,  0.36302887, ...,  0.25184467,
          0.04738888,  0.        ]],

       [[ 0.        ,  0.16731365,  0.27539389, ...,  0.99976098,
          0.99982301,  0.99986371],
        [-0.16731365,  0.        ,  0.11066799, ...,  0.98201015,
          0.98258144,  0.98300704],
        [-0.27539389, -0.11066799,  0.        , ...,  0.95508086,
          0.95598015,  0.95665377],
        ...,
        [-0.99976098, -0.98201015, -0.95508086, ...,  0.        ,
          0.00304959,  0.00535388],
        [-0.99982301, -0.98258144, -0.95598015, ..., -0.00304959,
          0.        ,  0.00230431],
        [-0.99986371, -0.98300704, -0.95665377, ..., -0.00535388,
         -0.00230431,  0.        ]],

       [[ 0.        , -0.01032625,  0.01784321, ...,  0.94021759,
          0.94210531,  0.94792037],
        [ 0.01032625,  0.        ,  0.02816687, ...,  0.94368431,
          0.94551765,  0.95115882],
        [-0.01784321, -0.02816687,  0.        , ...,  0.93399096,
          0.93597219,  0.94208626],
        ...,
        [-0.94021759, -0.94368431, -0.93399096, ...,  0.        ,
          0.00558585,  0.0233711 ],
        [-0.94210531, -0.94551765, -0.93597219, ..., -0.00558585,
          0.        ,  0.01778641],
        [-0.94792037, -0.95115882, -0.94208626, ..., -0.0233711 ,
         -0.01778641,  0.        ]]]), 'num': array([ 7.07094429e-01,  7.07094429e-01,  0.00000000e+00,  2.04335084e-03,
        2.12888645e-03,  2.03764846e-03,  3.92076258e-04, -3.23134551e-05,
        2.11710155e-03,  2.07766012e-03,  2.10300401e-03,  7.36949887e-07,
        2.26102681e-03,  1.89429344e-03])}
{'img': array([[[ 0.00000000e+00,  4.08247490e-01,  4.49919118e-01, ...,
          9.22440768e-01,  8.99158186e-01,  8.63148306e-01],
        [-4.08247490e-01,  0.00000000e+00,  4.61249416e-02, ...,
          6.84429571e-01,  6.42156888e-01,  5.81798533e-01],
        [-4.49919118e-01, -4.61249416e-02,  0.00000000e+00, ...,
          6.50072393e-01,  6.06115280e-01,  5.43664378e-01],
        ...,
        [-9.22440768e-01, -6.84429571e-01, -6.50072393e-01, ...,
          0.00000000e+00, -5.64823042e-02, -1.32492032e-01],
        [-8.99158186e-01, -6.42156888e-01, -6.06115280e-01, ...,
          5.64823042e-02,  0.00000000e+00, -7.62961619e-02],
        [-8.63148306e-01, -5.81798533e-01, -5.43664378e-01, ...,
          1.32492032e-01,  7.62961619e-02,  0.00000000e+00]],

       [[ 0.00000000e+00,  2.49235123e-02, -4.17616760e-01, ...,
         -7.10669415e-01, -3.75921694e-01, -9.12462187e-01],
        [-2.49235123e-02,  0.00000000e+00, -4.40133115e-01, ...,
         -7.27982995e-01, -3.98900326e-01, -9.22376471e-01],
        [ 4.17616760e-01,  4.40133115e-01,  0.00000000e+00, ...,
         -3.51926473e-01,  4.54139719e-02, -6.58211866e-01],
        ...,
        [ 7.10669415e-01,  7.27982995e-01,  3.51926473e-01, ...,
          0.00000000e+00,  3.94072107e-01, -3.51162733e-01],
        [ 3.75921694e-01,  3.98900326e-01, -4.54139719e-02, ...,
         -3.94072107e-01,  0.00000000e+00, -6.91721883e-01],
        [ 9.12462187e-01,  9.22376471e-01,  6.58211866e-01, ...,
          3.51162733e-01,  6.91721883e-01,  0.00000000e+00]],

       [[ 0.00000000e+00,  3.28282801e-01,  4.70588235e-01, ...,
          9.99900615e-01,  9.99957340e-01,  9.97302002e-01],
        [-3.28282801e-01,  0.00000000e+00,  1.54846698e-01, ...,
          9.39857411e-01,  9.41506922e-01,  9.17932468e-01],
        [-4.70588235e-01, -1.54846698e-01,  0.00000000e+00, ...,
          8.75630801e-01,  8.77968593e-01,  8.45427472e-01],
        ...,
        [-9.99900615e-01, -9.39857411e-01, -8.75630801e-01, ...,
          0.00000000e+00,  4.86176528e-03, -5.93404156e-02],
        [-9.99957340e-01, -9.41506922e-01, -8.77968593e-01, ...,
         -4.86176528e-03,  0.00000000e+00, -6.41929122e-02],
        [-9.97302002e-01, -9.17932468e-01, -8.45427472e-01, ...,
          5.93404156e-02,  6.41929122e-02,  0.00000000e+00]],

       ...,

       [[ 0.00000000e+00,  1.47081757e-01,  1.84636240e-01, ...,
         -1.75577694e-01, -2.22033156e-01, -4.24247870e-01],
        [-1.47081757e-01,  0.00000000e+00,  3.80752279e-02, ...,
         -3.18465097e-01, -3.63028865e-01, -5.52823206e-01],
        [-1.84636240e-01, -3.80752279e-02,  0.00000000e+00, ...,
         -3.54326996e-01, -3.98243280e-01, -5.84150374e-01],
        ...,
        [ 1.75577694e-01,  3.18465097e-01,  3.54326996e-01, ...,
          0.00000000e+00, -4.73888797e-02, -2.58663729e-01],
        [ 2.22033156e-01,  3.63028865e-01,  3.98243280e-01, ...,
          4.73888797e-02,  0.00000000e+00, -2.12597010e-01],
        [ 4.24247870e-01,  5.52823206e-01,  5.84150374e-01, ...,
          2.58663729e-01,  2.12597010e-01,  0.00000000e+00]],

       [[ 0.00000000e+00,  2.21090317e-01,  3.25285708e-01, ...,
          9.99660761e-01,  9.99718521e-01,  9.99715576e-01],
        [-2.21090317e-01,  0.00000000e+00,  1.08169480e-01, ...,
          9.69164110e-01,  9.69733438e-01,  9.69703201e-01],
        [-3.25285708e-01, -1.08169480e-01,  0.00000000e+00, ...,
          9.36822800e-01,  9.37632181e-01,  9.37589135e-01],
        ...,
        [-9.99660761e-01, -9.69164110e-01, -9.36822800e-01, ...,
          0.00000000e+00,  2.32102605e-03,  2.19721838e-03],
        [-9.99718521e-01, -9.69733438e-01, -9.37632181e-01, ...,
         -2.32102605e-03,  0.00000000e+00, -1.23807992e-04],
        [-9.99715576e-01, -9.69703201e-01, -9.37589135e-01, ...,
         -2.19721838e-03,  1.23807992e-04,  0.00000000e+00]],

       [[ 0.00000000e+00,  2.81668701e-02,  3.21257153e-02, ...,
          9.45517652e-01,  9.51158818e-01,  9.58358312e-01],
        [-2.81668701e-02,  0.00000000e+00,  3.96063752e-03, ...,
          9.35972193e-01,  9.42086263e-01,  9.49934500e-01],
        [-3.21257153e-02, -3.96063752e-03,  0.00000000e+00, ...,
          9.34570414e-01,  9.40750593e-01,  9.48689551e-01],
        ...,
        [-9.45517652e-01, -9.35972193e-01, -9.34570414e-01, ...,
          0.00000000e+00,  1.77864140e-02,  4.20034971e-02],
        [-9.51158818e-01, -9.42086263e-01, -9.40750593e-01, ...,
         -1.77864140e-02,  0.00000000e+00,  2.42261357e-02],
        [-9.58358312e-01, -9.49934500e-01, -9.48689551e-01, ...,
         -4.20034971e-02, -2.42261357e-02,  0.00000000e+00]]]), 'num': array([9.69992971e-01, 2.43004170e-01, 6.24024722e-06, 2.86216064e-03,
       2.86216064e-03, 2.63859272e-03, 1.54143934e-03, 2.21111122e-04,
       2.73293347e-03, 2.69632729e-03, 2.72695528e-03, 1.24060581e-06,
       2.94450202e-03, 2.44815256e-03])}
{'img': array([[[ 0.00000000e+00,  5.62835745e-02, -6.72622094e-02, ...,
          6.85049064e-01,  6.25599308e-01,  8.75146906e-01],
        [-5.62835745e-02,  0.00000000e+00, -1.23311698e-01, ...,
          6.42960729e-01,  5.80698299e-01,  8.46526424e-01],
        [ 6.72622094e-02,  1.23311698e-01,  0.00000000e+00, ...,
          7.32497969e-01,  6.76656780e-01,  9.05710301e-01],
        ...,
        [-6.85049064e-01, -6.42960729e-01, -7.32497969e-01, ...,
          0.00000000e+00, -7.86901115e-02,  3.06075840e-01],
        [-6.25599308e-01, -5.80698299e-01, -6.76656780e-01, ...,
          7.86901115e-02,  0.00000000e+00,  3.80040285e-01],
        [-8.75146906e-01, -8.46526424e-01, -9.05710301e-01, ...,
         -3.06075840e-01, -3.80040285e-01,  0.00000000e+00]],

       [[ 0.00000000e+00, -4.40133115e-01, -5.30202525e-01, ...,
         -3.98900326e-01, -9.22376471e-01, -2.70158850e-01],
        [ 4.40133115e-01,  0.00000000e+00, -1.02909982e-01, ...,
          4.54139719e-02, -6.58211866e-01,  1.81182679e-01],
        [ 5.30202525e-01,  1.02909982e-01,  0.00000000e+00, ...,
          1.47976659e-01, -5.77243201e-01,  2.81427487e-01],
        ...,
        [ 3.98900326e-01, -4.54139719e-02, -1.47976659e-01, ...,
          0.00000000e+00, -6.91721883e-01,  1.36333399e-01],
        [ 9.22376471e-01,  6.58211866e-01,  5.77243201e-01, ...,
          6.91721883e-01,  0.00000000e+00,  7.83718357e-01],
        [ 2.70158850e-01, -1.81182679e-01, -2.81427487e-01, ...,
         -1.36333399e-01, -7.83718357e-01,  0.00000000e+00]],

       [[ 0.00000000e+00,  3.52000000e-01,  4.50056663e-01, ...,
          9.99277739e-01,  9.94577297e-01,  9.93820406e-01],
        [-3.52000000e-01,  0.00000000e+00,  1.06917037e-01, ...,
          9.21947964e-01,  8.94316350e-01,  8.91143900e-01],
        [-4.50056663e-01, -1.06917037e-01,  0.00000000e+00, ...,
          8.75252868e-01,  8.41351633e-01,  8.37525333e-01],
        ...,
        [-9.99277739e-01, -9.21947964e-01, -8.75252868e-01, ...,
          0.00000000e+00, -6.61309476e-02, -7.31546536e-02],
        [-9.94577297e-01, -8.94316350e-01, -8.41351633e-01, ...,
          6.61309476e-02,  0.00000000e+00, -7.04075773e-03],
        [-9.93820406e-01, -8.91143900e-01, -8.37525333e-01, ...,
          7.31546536e-02,  7.04075773e-03,  0.00000000e+00]],

       ...,

       [[ 0.00000000e+00,  3.80752279e-02,  8.64203483e-02, ...,
         -3.63028865e-01, -5.52823206e-01, -2.57996267e-01],
        [-3.80752279e-02,  0.00000000e+00,  4.84249033e-02, ...,
         -3.98243280e-01, -5.84150374e-01, -2.94595413e-01],
        [-8.64203483e-02, -4.84249033e-02,  0.00000000e+00, ...,
         -4.42195258e-01, -6.22768916e-01, -3.40525708e-01],
        ...,
        [ 3.63028865e-01,  3.98243280e-01,  4.42195258e-01, ...,
          0.00000000e+00, -2.12597010e-01,  1.10343636e-01],
        [ 5.52823206e-01,  5.84150374e-01,  6.22768916e-01, ...,
          2.12597010e-01,  0.00000000e+00,  3.19119962e-01],
        [ 2.57996267e-01,  2.94595413e-01,  3.40525708e-01, ...,
         -1.10343636e-01, -3.19119962e-01,  0.00000000e+00]],

       [[ 0.00000000e+00,  2.43140283e-01,  3.10694101e-01, ...,
          9.99331801e-01,  9.99327210e-01,  9.99999243e-01],
        [-2.43140283e-01,  0.00000000e+00,  7.02632644e-02, ...,
          9.60456049e-01,  9.60421124e-01,  9.70289604e-01],
        [-3.10694101e-01, -7.02632644e-02,  0.00000000e+00, ...,
          9.38518749e-01,  9.38475448e-01,  9.50891569e-01],
        ...,
        [-9.99331801e-01, -9.60456049e-01, -9.38518749e-01, ...,
          0.00000000e+00, -1.25407716e-04,  3.77803950e-02],
        [-9.99327210e-01, -9.60421124e-01, -9.38475448e-01, ...,
          1.25407716e-04,  0.00000000e+00,  3.79057129e-02],
        [-9.99999243e-01, -9.70289604e-01, -9.50891569e-01, ...,
         -3.77803950e-02, -3.79057129e-02,  0.00000000e+00]],

       [[ 0.00000000e+00,  3.96063752e-03, -9.27305292e-03, ...,
          9.42086263e-01,  9.49934500e-01,  9.49447542e-01],
        [-3.96063752e-03,  0.00000000e+00, -1.32334474e-02, ...,
          9.40750593e-01,  9.48689551e-01,  9.48196749e-01],
        [ 9.27305292e-03,  1.32334474e-02,  0.00000000e+00, ...,
          9.45155667e-01,  9.52791014e-01,  9.52317770e-01],
        ...,
        [-9.42086263e-01, -9.40750593e-01, -9.45155667e-01, ...,
          0.00000000e+00,  2.42261357e-02,  2.26717198e-02],
        [-9.49934500e-01, -9.48689551e-01, -9.52791014e-01, ...,
         -2.42261357e-02,  0.00000000e+00, -1.55484300e-03],
        [-9.49447542e-01, -9.48196749e-01, -9.52317770e-01, ...,
         -2.26717198e-02,  1.55484300e-03,  0.00000000e+00]]]), 'num': array([ 9.99929732e-01,  8.58044241e-03,  8.56087470e-06,  2.95044431e-03,
        3.00649766e-03,  2.93770492e-03,  7.58503690e-04, -1.78351556e-05,
        2.85107702e-03,  2.80750828e-03,  2.83595960e-03,  1.37110458e-06,
        3.07115606e-03,  2.54386050e-03])}
{'img': array([[[ 0.        , -0.1233117 , -0.04434156, ...,  0.5806983 ,
          0.84652642,  0.83093292],
        [ 0.1233117 ,  0.        ,  0.07918727, ...,  0.67665678,
          0.9057103 ,  0.89319848],
        [ 0.04434156, -0.07918727,  0.        , ...,  0.61622644,
          0.86929889,  0.85478607],
        ...,
        [-0.5806983 , -0.67665678, -0.61622644, ...,  0.        ,
          0.38004028,  0.35339351],
        [-0.84652642, -0.9057103 , -0.86929889, ..., -0.38004028,
          0.        , -0.02863972],
        [-0.83093292, -0.89319848, -0.85478607, ..., -0.35339351,
          0.02863972,  0.        ]],

       [[ 0.        , -0.10290998, -0.21320765, ..., -0.65821187,
          0.18118268, -0.30507003],
        [ 0.10290998,  0.        , -0.1115319 , ..., -0.5772432 ,
          0.28142749, -0.20544606],
        [ 0.21320765,  0.1115319 ,  0.        , ..., -0.48256784,
          0.38669567, -0.09501151],
        ...,
        [ 0.65821187,  0.5772432 ,  0.48256784, ...,  0.        ,
          0.78371836,  0.39716815],
        [-0.18118268, -0.28142749, -0.38669567, ..., -0.78371836,
          0.        , -0.47256664],
        [ 0.30507003,  0.20544606,  0.09501151, ..., -0.39716815,
          0.47256664,  0.        ]],

       [[ 0.        ,  0.29473667,  0.44681155, ...,  0.99008126,
          0.98902814,  0.99352241],
        [-0.29473667,  0.        ,  0.16328381, ...,  0.9046911 ,
          0.90155339,  0.91589586],
        [-0.44681155, -0.16328381,  0.        , ...,  0.82297934,
          0.81880611,  0.83805902],
        ...,
        [-0.99008126, -0.9046911 , -0.82297934, ...,  0.        ,
         -0.00730764,  0.02707656],
        [-0.98902814, -0.90155339, -0.81880611, ...,  0.00730764,
          0.        ,  0.03438079],
        [-0.99352241, -0.91589586, -0.83805902, ..., -0.02707656,
         -0.03438079,  0.        ]],

       ...,

       [[ 0.        ,  0.0484249 ,  0.21409039, ..., -0.58415037,
         -0.29459541, -0.20638309],
        [-0.0484249 ,  0.        ,  0.16653711, ..., -0.62276892,
         -0.34052571, -0.25352334],
        [-0.21409039, -0.16653711,  0.        , ..., -0.74437167,
         -0.49235438, -0.41107916],
        ...,
        [ 0.58415037,  0.62276892,  0.74437167, ...,  0.        ,
          0.31911996,  0.40406446],
        [ 0.29459541,  0.34052571,  0.49235438, ..., -0.31911996,
          0.        ,  0.09102891],
        [ 0.20638309,  0.25352334,  0.41107916, ..., -0.40406446,
         -0.09102891,  0.        ]],

       [[ 0.        ,  0.19790075,  0.28898231, ...,  0.99862262,
          0.99990222,  0.99988195],
        [-0.19790075,  0.        ,  0.09380964, ...,  0.96848854,
          0.97735884,  0.98314711],
        [-0.28898231, -0.09380964,  0.        , ...,  0.9408536 ,
          0.9531998 ,  0.96166166],
        ...,
        [-0.99862262, -0.96848854, -0.9408536 , ...,  0.        ,
          0.03849813,  0.0678054 ],
        [-0.99990222, -0.97735884, -0.9531998 , ..., -0.03849813,
          0.        ,  0.02934561],
        [-0.99988195, -0.98314711, -0.96166166, ..., -0.0678054 ,
         -0.02934561,  0.        ]],

       [[ 0.        , -0.01323345, -0.02696671, ...,  0.94868955,
          0.94819675,  0.95770197],
        [ 0.01323345,  0.        , -0.01373572, ...,  0.95279101,
          0.95231777,  0.96142619],
        [ 0.02696671,  0.01373572,  0.        , ...,  0.95687166,
          0.95641881,  0.96511368],
        ...,
        [-0.94868955, -0.95279101, -0.95687166, ...,  0.        ,
         -0.00155484,  0.02983725],
        [-0.94819675, -0.95231777, -0.95641881, ...,  0.00155484,
          0.        ,  0.03139137],
        [-0.95770197, -0.96142619, -0.96511368, ..., -0.02983725,
         -0.03139137,  0.        ]]]), 'num': array([ 9.99927578e-01,  8.74514082e-03,  8.72519751e-06,  2.94994773e-03,
        2.99928664e-03,  2.93956059e-03,  4.84612012e-04, -5.71292694e-05,
        2.92190245e-03,  2.86983691e-03,  2.89727627e-03,  1.49905314e-06,
        3.13853716e-03,  2.60113667e-03])}
{'img': array([[[ 0.        ,  0.07918727,  0.30061259, ...,  0.9057103 ,
          0.89319848,  0.84852301],
        [-0.07918727,  0.        ,  0.22414402, ...,  0.86929889,
          0.85478607,  0.80395582],
        [-0.30061259, -0.22414402,  0.        , ...,  0.73638904,
          0.71671053,  0.65020401],
        ...,
        [-0.9057103 , -0.86929889, -0.73638904, ...,  0.        ,
         -0.02863972, -0.11957775],
        [-0.89319848, -0.85478607, -0.71671053, ...,  0.02863972,
          0.        , -0.09109448],
        [-0.84852301, -0.80395582, -0.65020401, ...,  0.11957775,
          0.09109448,  0.        ]],

       [[ 0.        , -0.10555354,  0.33906027, ...,  0.27272028,
         -0.19234279, -0.59912389],
        [ 0.10555354,  0.        ,  0.43646719, ...,  0.37274912,
         -0.08768567, -0.51126485],
        [-0.33906027, -0.43646719,  0.        , ..., -0.06964204,
         -0.51367857, -0.83510533],
        ...,
        [-0.27272028, -0.37274912,  0.06964204, ...,  0.        ,
         -0.45267972, -0.79476834],
        [ 0.19234279,  0.08768567,  0.51367857, ...,  0.45267972,
          0.        , -0.43393645],
        [ 0.59912389,  0.51126485,  0.83510533, ...,  0.79476834,
          0.43393645,  0.        ]],

       [[ 0.        ,  0.34754021,  0.46186175, ...,  0.98478129,
          0.9903018 ,  0.99434685],
        [-0.34754021,  0.        ,  0.12482018, ...,  0.86299316,
          0.88028664,  0.89546227],
        [-0.46186175, -0.12482018,  0.        , ...,  0.79318292,
          0.81418229,  0.83289707],
        ...,
        [-0.98478129, -0.86299316, -0.79318292, ...,  0.        ,
          0.03529414,  0.06825096],
        [-0.9903018 , -0.88028664, -0.81418229, ..., -0.03529414,
          0.        ,  0.0329966 ],
        [-0.99434685, -0.89546227, -0.83289707, ..., -0.06825096,
         -0.0329966 ,  0.        ]],

       ...,

       [[ 0.        ,  0.16653711,  0.22626343, ..., -0.34052571,
         -0.25352334, -0.14671501],
        [-0.16653711,  0.        ,  0.06088554, ..., -0.49235438,
         -0.41107916, -0.30940114],
        [-0.22626343, -0.06088554,  0.        , ..., -0.54443541,
         -0.46581974, -0.36672511],
        ...,
        [ 0.34052571,  0.49235438,  0.54443541, ...,  0.        ,
          0.09102891,  0.1988942 ],
        [ 0.25352334,  0.41107916,  0.46581974, ..., -0.09102891,
          0.        ,  0.1088582 ],
        [ 0.14671501,  0.30940114,  0.36672511, ..., -0.1988942 ,
         -0.1088582 ,  0.        ]],

       [[ 0.        ,  0.21377111,  0.3655415 , ...,  0.99970929,
          0.9999847 ,  0.99980874],
        [-0.21377111,  0.        ,  0.15811447, ...,  0.97144553,
          0.97805116,  0.98087773],
        [-0.3655415 , -0.15811447,  0.        , ...,  0.92171085,
          0.93280255,  0.93776604],
        ...,
        [-0.99970929, -0.97144553, -0.92171085, ...,  0.        ,
          0.02963991,  0.04365812],
        [-0.9999847 , -0.97805116, -0.93280255, ..., -0.02963991,
          0.        ,  0.01402729],
        [-0.99980874, -0.98087773, -0.93776604, ..., -0.04365812,
         -0.01402729,  0.        ]],

       [[ 0.        , -0.01373572, -0.08601452, ...,  0.95231777,
          0.96142619,  0.97505043],
        [ 0.01373572,  0.        , -0.0723216 , ...,  0.95641881,
          0.96511368,  0.97800755],
        [ 0.08601452,  0.0723216 ,  0.        , ...,  0.97503208,
          0.98152245,  0.99053058],
        ...,
        [-0.95231777, -0.95641881, -0.97503208, ...,  0.        ,
          0.03139137,  0.08609685],
        [-0.96142619, -0.96511368, -0.98152245, ..., -0.03139137,
          0.        ,  0.05477962],
        [-0.97505043, -0.97800755, -0.99053058, ..., -0.08609685,
         -0.05477962,  0.        ]]]), 'num': array([9.99929052e-01, 8.60992203e-03, 8.59028709e-06, 2.95035455e-03,
       2.98614742e-03, 2.90433516e-03, 9.45263942e-04, 4.60193951e-05,
       2.90842577e-03, 2.82968147e-03, 2.86044629e-03, 1.74724672e-06,
       3.09931888e-03, 2.56004406e-03])}
{'img': array([[[ 0.        ,  0.22414402,  0.32915842, ...,  0.85478607,
          0.80395582,  0.84613899],
        [-0.22414402,  0.        ,  0.10912979, ...,  0.71671053,
          0.65020401,  0.70514954],
        [-0.32915842, -0.10912979,  0.        , ...,  0.63632606,
          0.56340825,  0.62355862],
        ...,
        [-0.85478607, -0.71671053, -0.63632606, ...,  0.        ,
         -0.09109448, -0.01643909],
        [-0.80395582, -0.65020401, -0.56340825, ...,  0.09109448,
          0.        ,  0.07471143],
        [-0.84613899, -0.70514954, -0.62355862, ...,  0.01643909,
         -0.07471143,  0.        ]],

       [[ 0.        ,  0.43646719,  0.41926582, ..., -0.08768567,
         -0.51126485,  0.04287923],
        [-0.43646719,  0.        , -0.01903073, ..., -0.51367857,
         -0.83510533, -0.39748645],
        [-0.41926582,  0.01903073,  0.        , ..., -0.49725751,
         -0.82448548, -0.37995172],
        ...,
        [ 0.08768567,  0.51367857,  0.49725751, ...,  0.        ,
         -0.43393645,  0.13031909],
        [ 0.51126485,  0.83510533,  0.82448548, ...,  0.43393645,
          0.        ,  0.54764602],
        [-0.04287923,  0.39748645,  0.37995172, ..., -0.13031909,
         -0.54764602,  0.        ]],

       [[ 0.        ,  0.31929492,  0.4320412 , ...,  0.9844665 ,
          0.98990011,  0.99724674],
        [-0.31929492,  0.        ,  0.12146881, ...,  0.87687558,
          0.89281882,  0.92136899],
        [-0.4320412 , -0.12146881,  0.        , ...,  0.81199036,
          0.83149622,  0.86733288],
        ...,
        [-0.9844665 , -0.87687558, -0.81199036, ...,  0.        ,
          0.03423476,  0.10208615],
        [-0.98990011, -0.89281882, -0.83149622, ..., -0.03423476,
          0.        ,  0.06797041],
        [-0.99724674, -0.92136899, -0.86733288, ..., -0.10208615,
         -0.06797041,  0.        ]],

       ...,

       [[ 0.        ,  0.06088554,  0.18954085, ..., -0.41107916,
         -0.30940114,  0.00212289],
        [-0.06088554,  0.        ,  0.12940734, ..., -0.46581974,
         -0.36672511, -0.05876645],
        [-0.18954085, -0.12940734,  0.        , ..., -0.57641283,
         -0.48403296, -0.18745601],
        ...,
        [ 0.41107916,  0.46581974,  0.57641283, ...,  0.        ,
          0.1088582 ,  0.41301346],
        [ 0.30940114,  0.36672511,  0.48403296, ..., -0.1088582 ,
          0.        ,  0.31141917],
        [-0.00212289,  0.05876645,  0.18745601, ..., -0.41301346,
         -0.31141917,  0.        ]],

       [[ 0.        ,  0.30179659,  0.44602184, ...,  0.99998141,
          0.99996725,  0.99971175],
        [-0.30179659,  0.        ,  0.15511028, ...,  0.95151433,
          0.95578349,  0.96034326],
        [-0.44602184, -0.15511028,  0.        , ...,  0.89228569,
          0.89860232,  0.90547247],
        ...,
        [-0.99998141, -0.95151433, -0.89228569, ...,  0.        ,
          0.0141902 ,  0.03010423],
        [-0.99996725, -0.95578349, -0.89860232, ..., -0.0141902 ,
          0.        ,  0.01591743],
        [-0.99971175, -0.96034326, -0.90547247, ..., -0.03010423,
         -0.01591743,  0.        ]],

       [[ 0.        , -0.0723216 , -0.16264485, ...,  0.96511368,
          0.97800755,  0.9767613 ],
        [ 0.0723216 ,  0.        , -0.09086033, ...,  0.98152245,
          0.99053058,  0.98970421],
        [ 0.16264485,  0.09086033,  0.        , ...,  0.99484838,
          0.99890782,  0.99861508],
        ...,
        [-0.96511368, -0.98152245, -0.99484838, ...,  0.        ,
          0.05477962,  0.04889372],
        [-0.97800755, -0.99053058, -0.99890782, ..., -0.05477962,
          0.        , -0.00589379],
        [-0.9767613 , -0.98970421, -0.99861508, ..., -0.04889372,
          0.00589379,  0.        ]]]), 'num': array([9.99930177e-01, 8.45735359e-03, 8.43806658e-06, 2.95081197e-03,
       2.95081197e-03, 2.83277950e-03, 1.68610652e-03, 5.27379161e-05,
       2.90711484e-03, 2.78594320e-03, 2.81821379e-03, 1.75068632e-06,
       3.06067976e-03, 2.51120664e-03])}
{'img': array([[[ 0.        ,  0.10912979, -0.14118295, ...,  0.65020401,
          0.70514954,  0.76329829],
        [-0.10912979,  0.        , -0.24837643, ...,  0.56340825,
          0.62355862,  0.6882366 ],
        [ 0.14118295,  0.24837643,  0.        , ...,  0.75095636,
          0.79819341,  0.84686344],
        ...,
        [-0.65020401, -0.56340825, -0.75095636, ...,  0.        ,
          0.07471143,  0.1598614 ],
        [-0.70514954, -0.62355862, -0.79819341, ..., -0.07471143,
          0.        ,  0.08566403],
        [-0.76329829, -0.6882366 , -0.84686344, ..., -0.1598614 ,
         -0.08566403,  0.        ]],

       [[ 0.        , -0.01903073, -0.10061194, ..., -0.83510533,
         -0.39748645, -0.02122758],
        [ 0.01903073,  0.        , -0.08165956, ..., -0.82448548,
         -0.37995172, -0.00219729],
        [ 0.10061194,  0.08165956,  0.        , ..., -0.77552217,
         -0.30314718,  0.07946941],
        ...,
        [ 0.83510533,  0.82448548,  0.77552217, ...,  0.        ,
          0.54764602,  0.82324008],
        [ 0.39748645,  0.37995172,  0.30314718, ..., -0.54764602,
          0.        ,  0.37791829],
        [ 0.02122758,  0.00219729, -0.07946941, ..., -0.82324008,
         -0.37791829,  0.        ]],

       [[ 0.        ,  0.30307243,  0.31681233, ...,  0.98501785,
          0.99467892,  0.99995987],
        [-0.30307243,  0.        ,  0.01445123, ...,  0.88642445,
          0.91667312,  0.95564438],
        [-0.31681233, -0.01445123,  0.        , ...,  0.8796428 ,
          0.91080214,  0.95128836],
        ...,
        [-0.98501785, -0.88642445, -0.8796428 , ...,  0.        ,
          0.07005477,  0.18126984],
        [-0.99467892, -0.91667312, -0.91080214, ..., -0.07005477,
          0.        ,  0.11193028],
        [-0.99995987, -0.95564438, -0.95128836, ..., -0.18126984,
         -0.11193028,  0.        ]],

       ...,

       [[ 0.        ,  0.12940734, -0.27520726, ..., -0.36672511,
         -0.05876645, -0.01396552],
        [-0.12940734,  0.        , -0.39730345, ..., -0.48403296,
         -0.18745601, -0.14324282],
        [ 0.27520726,  0.39730345,  0.        , ..., -0.0965306 ,
          0.21823445,  0.26175417],
        ...,
        [ 0.36672511,  0.48403296,  0.0965306 , ...,  0.        ,
          0.31141917,  0.35369681],
        [ 0.05876645,  0.18745601, -0.21823445, ..., -0.31141917,
          0.        ,  0.04481933],
        [ 0.01396552,  0.14324282, -0.26175417, ..., -0.35369681,
         -0.04481933,  0.        ]],

       [[ 0.        ,  0.34046582,  0.38610627, ...,  0.99987856,
          0.99999975,  0.9995582 ],
        [-0.34046582,  0.        ,  0.04897492, ...,  0.93483675,
          0.94049887,  0.94996087],
        [-0.38610627, -0.04897492,  0.        , ...,  0.91632505,
          0.92272875,  0.93352268],
        ...,
        [-0.99987856, -0.93483675, -0.91632505, ...,  0.        ,
          0.01629571,  0.04529605],
        [-0.99999975, -0.94049887, -0.92272875, ..., -0.01629571,
          0.        ,  0.02901105],
