state_0,state_1,state_2,state_3,state_4,state_5,state_6,state_7,state_8,state_9,state_10,state_11,state_12,state_13,state_14,state_15,state_16,state_17,state_18,state_19,state_20,state_21,state_22,state_23,state_24,state_25,state_26,state_27,state_28,state_29,state_30,state_31,state_32,state_33,state_34,state_35,state_36,state_37,state_38,state_39,state_40,state_41,state_42,state_43,state_44,state_45,state_46,state_47,state_48,state_49,state_50,state_51,state_52,state_53,state_54,state_55,state_56,state_57,state_58,state_59,state_60,state_61,state_62,state_63,state_64,state_65,state_66,state_67,state_68,state_69,state_70,state_71,state_72,state_73,state_74,state_75,state_76,state_77,state_78,state_79,state_80,state_81,state_82,state_83,state_84,state_85,state_86,state_87,state_88,state_89,state_90,state_91,state_92,state_93,state_94,state_95,state_96,state_97,state_98,state_99,state_100,state_101,state_102,state_103,state_104,state_105,state_106,state_107,state_108,state_109,state_110,state_111,state_112,state_113,state_114,state_115,state_116,state_117,state_118,state_119,state_120,state_121,state_122,state_123,state_124,state_125,state_126,state_127,state_128,state_129,state_130,state_131,state_132,state_133,state_134,state_135,state_136,state_137,state_138,state_139,state_140,state_141,state_142,state_143,state_144,state_145,state_146,state_147,state_148,state_149,state_150,state_151,state_152,state_153,state_154,state_155,state_156,state_157,state_158,state_159,state_160,state_161,state_162,state_163,state_164,state_165,state_166,state_167,state_168,state_169,state_170,state_171,state_172,state_173,state_174,state_175,state_176,state_177,state_178,state_179,state_180,state_181,state_182,state_183,state_184,state_185,state_186,state_187,state_188,state_189,state_190,state_191,state_192,state_193,state_194,state_195,state_196,state_197,state_198,state_199,state_200,state_201,state_202,state_203,state_204,state_205,state_206,state_207,state_208,state_209,state_210,state_211,state_212,state_213,state_214,state_215,state_216,state_217,state_218,state_219,state_220,state_221,state_222,state_223,state_224,state_225,state_226,state_227,state_228,state_229,state_230,state_231,state_232,state_233,state_234,state_235,state_236,state_237,state_238,state_239,state_240,state_241,state_242,state_243,state_244,state_245,state_246,state_247,state_248,state_249,state_250,state_251,state_252,state_253,state_254,state_255,state_256,state_257,state_258,state_259,state_260,state_261,state_262,state_263,state_264,state_265,state_266,state_267,state_268,state_269,state_270,state_271,state_272,state_273,state_274,state_275,state_276,state_277,state_278,state_279,state_280,state_281,state_282,state_283,state_284,state_285,state_286,state_287
{'img': array([[[ 0.        , -0.07737797, -0.1660381 , ..., -0.6541591 ,
         -0.99509557, -0.95170386],
        [ 0.07737797,  0.        , -0.08923637, ..., -0.59367245,
         -0.98445801, -0.97260688],
        [ 0.1660381 ,  0.08923637,  0.        , ..., -0.51949487,
         -0.9648588 , -0.98947018],
        ...,
        [ 0.6541591 ,  0.59367245,  0.51949487, ...,  0.        ,
         -0.68793923, -0.92066617],
        [ 0.99509557,  0.98445801,  0.9648588 , ...,  0.68793923,
          0.        , -0.39965263],
        [ 0.95170386,  0.97260688,  0.98947018, ...,  0.92066617,
          0.39965263,  0.        ]],

       [[ 0.        ,  0.23811208,  0.21967965, ...,  0.34510965,
          0.49129415,  0.97653028],
        [-0.23811208,  0.        , -0.01893434, ...,  0.11170046,
          0.68455752,  0.99972762],
        [-0.21967965,  0.01893434,  0.        , ...,  0.13049628,
          0.67063244,  0.9999903 ],
        ...,
        [-0.34510965, -0.11170046, -0.13049628, ...,  0.        ,
          0.76169854,  0.99086435],
        [-0.49129415, -0.68455752, -0.67063244, ..., -0.76169854,
          0.        , -0.74473674],
        [-0.97653028, -0.99972762, -0.9999903 , ..., -0.99086435,
          0.74473674,  0.        ]],

       [[ 0.        ,  0.10615064,  0.1311083 , ..., -0.67871145,
         -0.88654866, -0.98701501],
        [-0.10615064,  0.        ,  0.02513319, ..., -0.75283434,
         -0.93064875, -0.96438767],
        [-0.1311083 , -0.02513319,  0.        , ..., -0.76913944,
         -0.93955135, -0.95743549],
        ...,
        [ 0.67871145,  0.75283434,  0.76913944, ...,  0.        ,
         -0.33708989, -0.83388888],
        [ 0.88654866,  0.93064875,  0.93955135, ...,  0.33708989,
          0.        , -0.5990326 ],
        [ 0.98701501,  0.96438767,  0.95743549, ...,  0.83388888,
          0.5990326 ,  0.        ]],

       ...,

       [[ 0.        , -0.60488245, -0.76927816, ..., -0.60256832,
         -0.        , -0.31367405],
        [ 0.60488245,  0.        , -0.22611969, ..., -0.96257096,
         -0.60488245, -0.82413775],
        [ 0.76927816,  0.22611969,  0.        , ..., -0.99892509,
         -0.76927816, -0.93086399],
        ...,
        [ 0.60256832,  0.96257096,  0.99892509, ...,  0.        ,
         -0.60256832, -0.32182413],
        [ 0.        ,  0.60488245,  0.76927816, ...,  0.60256832,
          0.        ,  0.31367405],
        [ 0.31367405,  0.82413775,  0.93086399, ...,  0.32182413,
         -0.31367405,  0.        ]],

       [[ 0.        ,  0.14855783,  0.22134007, ..., -0.34246515,
         -0.16980739, -0.03796781],
        [-0.14855783,  0.        ,  0.07401092, ..., -0.47823967,
         -0.31432352, -0.18599722],
        [-0.22134007, -0.07401092,  0.        , ..., -0.54192663,
         -0.38372122, -0.25820656],
        ...,
        [ 0.34246515,  0.47823967,  0.54192663, ...,  0.        ,
          0.17795239,  0.3065463 ],
        [ 0.16980739,  0.31432352,  0.38372122, ..., -0.17795239,
          0.        ,  0.13226854],
        [ 0.03796781,  0.18599722,  0.25820656, ..., -0.3065463 ,
         -0.13226854,  0.        ]],

       [[ 0.        ,  0.41638618,  0.6123321 , ...,  0.93654968,
          0.98887272,  0.99932369],
        [-0.41638618,  0.        ,  0.22752971, ...,  0.99745747,
          0.96101437,  0.89326173],
        [-0.6123321 , -0.22752971,  0.        , ...,  0.95508055,
          0.87289644,  0.76754947],
        ...,
        [-0.93654968, -0.99745747, -0.95508055, ...,  0.        ,
         -0.20730942, -0.38473634],
        [-0.98887272, -0.96101437, -0.87289644, ...,  0.20730942,
          0.        , -0.18502601],
        [-0.99932369, -0.89326173, -0.76754947, ...,  0.38473634,
          0.18502601,  0.        ]]]), 'num': array([9.99999971e-01, 3.84590876e-06, 9.40730129e-06, 6.96812854e-05,
       7.05334554e-05, 6.89602185e-05, 1.06807055e-04, 5.89963847e-07,
       7.31030757e-05, 8.12839078e-05, 8.57916685e-05, 1.88230321e-08,
       9.28112162e-05, 6.97565993e-05])}
{'img': array([[[ 0.        , -0.08923637, -0.18094412, ..., -0.98445801,
         -0.97260688, -0.99888128],
        [ 0.08923637,  0.        , -0.09245886, ..., -0.9648588 ,
         -0.98947018, -0.99067637],
        [ 0.18094412,  0.09245886,  0.        , ..., -0.93643051,
         -0.998614  , -0.97383656],
        ...,
        [ 0.98445801,  0.9648588 ,  0.93643051, ...,  0.        ,
         -0.39965263, -0.12887016],
        [ 0.97260688,  0.98947018,  0.998614  , ...,  0.39965263,
          0.        ,  0.27818914],
        [ 0.99888128,  0.99067637,  0.97383656, ...,  0.12887016,
         -0.27818914,  0.        ]],

       [[ 0.        , -0.01893434, -0.00930596, ...,  0.68455752,
          0.99972762,  0.38155238],
        [ 0.01893434,  0.        ,  0.00962923, ...,  0.67063244,
          0.9999903 ,  0.39898588],
        [ 0.00930596, -0.00962923,  0.        , ...,  0.67774421,
          0.99990152,  0.39013779],
        ...,
        [-0.68455752, -0.67063244, -0.67774421, ...,  0.        ,
         -0.74473674, -0.91090482],
        [-0.99972762, -0.9999903 , -0.99990152, ...,  0.74473674,
          0.        , -0.91519065],
        [-0.38155238, -0.39898588, -0.39013779, ...,  0.91090482,
          0.91519065,  0.        ]],

       [[ 0.        ,  0.02410618, -0.06418105, ..., -0.88746526,
         -0.98802666, -0.95292578],
        [-0.02410618,  0.        , -0.08821888, ..., -0.8983173 ,
         -0.99145873, -0.94533978],
        [ 0.06418105,  0.08821888,  0.        , ..., -0.85605614,
         -0.97608756, -0.97042103],
        ...,
        [ 0.88746526,  0.8983173 ,  0.85605614, ...,  0.        ,
         -0.31843541, -0.70826202],
        [ 0.98802666,  0.99145873,  0.97608756, ...,  0.31843541,
          0.        , -0.44659376],
        [ 0.95292578,  0.94533978,  0.97042103, ...,  0.70826202,
          0.44659376,  0.        ]],

       ...,

       [[ 0.        , -0.55904672, -0.71587566, ..., -0.31237053,
         -0.44571638, -0.        ],
        [ 0.55904672,  0.        , -0.20321644, ..., -0.79006992,
         -0.87000378, -0.55904672],
        [ 0.71587566,  0.20321644,  0.        , ..., -0.89815927,
         -0.952045  , -0.71587566],
        ...,
        [ 0.31237053,  0.79006992,  0.89815927, ...,  0.        ,
          0.14378683, -0.31237053],
        [ 0.44571638,  0.87000378,  0.952045  , ..., -0.14378683,
          0.        , -0.44571638],
        [ 0.        ,  0.55904672,  0.71587566, ...,  0.31237053,
          0.44571638,  0.        ]],

       [[ 0.        ,  0.07401092,  0.0795255 , ..., -0.31432352,
         -0.18599722, -0.20897936],
        [-0.07401092,  0.        ,  0.00553088, ..., -0.38372122,
         -0.25820656, -0.28078299],
        [-0.0795255 , -0.00553088,  0.        , ..., -0.38882283,
         -0.26354594, -0.28608707],
        ...,
        [ 0.31432352,  0.38372122,  0.38882283, ...,  0.        ,
          0.13226854,  0.10899584],
        [ 0.18599722,  0.25820656,  0.26354594, ..., -0.13226854,
          0.        , -0.02344232],
        [ 0.20897936,  0.28078299,  0.28608707, ..., -0.10899584,
          0.02344232,  0.        ]],

       [[ 0.        ,  0.48272478,  0.68937401, ...,  0.99412106,
          0.99628765,  0.9755554 ],
        [-0.48272478,  0.        ,  0.25404599, ...,  0.92289019,
          0.83096479,  0.74828369],
        [-0.68937401, -0.25404599,  0.        , ...,  0.79478836,
          0.66237047,  0.55520536],
        ...,
        [-0.99412106, -0.92289019, -0.79478836, ...,  0.        ,
         -0.19345291, -0.3240893 ],
        [-0.99628765, -0.83096479, -0.66237047, ...,  0.19345291,
          0.        , -0.13495554],
        [-0.9755554 , -0.74828369, -0.55520536, ...,  0.3240893 ,
          0.13495554,  0.        ]]]), 'num': array([9.93679824e-01, 1.12123076e-01, 7.98511547e-06, 1.30989116e-03,
       1.33124808e-03, 1.27073680e-03, 3.62679673e-03, 4.86463201e-05,
       1.30206028e-03, 1.45832176e-03, 1.54827790e-03, 3.94755119e-07,
       1.67321429e-03, 1.24342922e-03])}
{'img': array([[[ 0.        , -0.09245886, -0.03095836, ..., -0.98947018,
         -0.99067637, -0.86292771],
        [ 0.09245886,  0.        ,  0.06158879, ..., -0.998614  ,
         -0.97383656, -0.81250937],
        [ 0.03095836, -0.06158879,  0.        , ..., -0.99347672,
         -0.98598386, -0.84686998],
        ...,
        [ 0.98947018,  0.998614  ,  0.99347672, ...,  0.        ,
          0.27818914,  0.62490381],
        [ 0.99067637,  0.97383656,  0.98598386, ..., -0.27818914,
          0.        ,  0.38305381],
        [ 0.86292771,  0.81250937,  0.84686998, ..., -0.62490381,
         -0.38305381,  0.        ]],

       [[ 0.        ,  0.00962923,  0.0977681 , ...,  0.9999903 ,
          0.39898588,  0.90555341],
        [-0.00962923,  0.        ,  0.08818048, ...,  0.99990152,
          0.39013779,  0.90142639],
        [-0.0977681 , -0.08818048,  0.        , ...,  0.9947689 ,
          0.30742527,  0.85973872],
        ...,
        [-0.9999903 , -0.99990152, -0.9947689 , ...,  0.        ,
         -0.91519065, -0.42023921],
        [-0.39898588, -0.39013779, -0.30742527, ...,  0.91519065,
          0.        ,  0.66109091],
        [-0.90555341, -0.90142639, -0.85973872, ...,  0.42023921,
         -0.66109091,  0.        ]],

       [[ 0.        , -0.08492279, -0.14853107, ..., -0.96332381,
         -0.99704153, -0.93343865],
        [ 0.08492279,  0.        , -0.0640137 , ..., -0.93705551,
         -0.98691219, -0.96053159],
        [ 0.14853107,  0.0640137 ,  0.        , ..., -0.9127813 ,
         -0.97456529, -0.97636831],
        ...,
        [ 0.96332381,  0.93705551,  0.9127813 , ...,  0.        ,
         -0.19350218, -0.59606043],
        [ 0.99704153,  0.98691219,  0.97456529, ...,  0.19350218,
          0.        , -0.42942424],
        [ 0.93343865,  0.96053159,  0.97636831, ...,  0.59606043,
          0.42942424,  0.        ]],

       ...,

       [[ 0.        , -0.51554388, -0.06770897, ..., -0.46486377,
         -0.        , -0.57384633],
        [ 0.51554388,  0.        ,  0.45634345, ..., -0.85477804,
         -0.51554388, -0.91391915],
        [ 0.06770897, -0.45634345,  0.        , ..., -0.52374528,
         -0.06770897, -0.62798056],
        ...,
        [ 0.46486377,  0.85477804,  0.52374528, ...,  0.        ,
         -0.46486377,  0.1273671 ],
        [ 0.        ,  0.51554388,  0.06770897, ...,  0.46486377,
          0.        ,  0.57384633],
        [ 0.57384633,  0.91391915,  0.62798056, ..., -0.1273671 ,
         -0.57384633,  0.        ]],

       [[ 0.        ,  0.00553088,  0.03144109, ..., -0.25820656,
         -0.28078299, -0.33314632],
        [-0.00553088,  0.        ,  0.02591247, ..., -0.26354594,
         -0.28608707, -0.33835615],
        [-0.03144109, -0.02591247,  0.        , ..., -0.28845382,
         -0.31082043, -0.36262664],
        ...,
        [ 0.25820656,  0.26354594,  0.28845382, ...,  0.        ,
         -0.02344232, -0.0783927 ],
        [ 0.28078299,  0.28608707,  0.31082043, ...,  0.02344232,
          0.        , -0.05500097],
        [ 0.33314632,  0.33835615,  0.36262664, ...,  0.0783927 ,
          0.05500097,  0.        ]],

       [[ 0.        ,  0.54473406,  0.71042745, ...,  0.98743662,
          0.95377079,  0.9230218 ],
        [-0.54473406,  0.        ,  0.21240302, ...,  0.74199664,
          0.63612899,  0.56446909],
        [-0.71042745, -0.21240302,  0.        , ...,  0.58267012,
          0.45772739,  0.37626015],
        ...,
        [-0.98743662, -0.74199664, -0.58267012, ...,  0.        ,
         -0.14604863, -0.23406213],
        [-0.95377079, -0.63612899, -0.45772739, ...,  0.14604863,
          0.        , -0.08956074],
        [-0.9230218 , -0.56446909, -0.37626015, ...,  0.23406213,
          0.08956074,  0.        ]]]), 'num': array([ 9.99684485e-01,  2.45685832e-02,  9.37611444e-06,  1.31594589e-03,
        1.40578450e-03,  1.29063923e-03,  3.19144715e-03, -8.09812853e-05,
        1.34985680e-03,  1.53832809e-03,  1.64535413e-03,  3.55942613e-07,
        1.78507751e-03,  1.29157866e-03])}
