state_0,state_1,state_2,state_3,state_4,state_5,state_6,state_7,state_8,state_9,state_10,state_11,state_12,state_13,state_14,state_15,state_16,state_17,state_18,state_19,state_20,state_21,state_22,state_23,state_24,state_25,state_26,state_27,state_28,state_29,state_30,state_31,state_32,state_33,state_34,state_35,state_36,state_37,state_38,state_39,state_40,state_41,state_42,state_43,state_44,state_45,state_46,state_47,state_48,state_49,state_50,state_51,state_52,state_53,state_54,state_55,state_56,state_57,state_58,state_59,state_60,state_61,state_62,state_63,state_64,state_65,state_66,state_67,state_68,state_69,state_70,state_71,state_72,state_73,state_74,state_75,state_76,state_77,state_78,state_79,state_80,state_81,state_82,state_83,state_84,state_85,state_86,state_87,state_88,state_89,state_90,state_91,state_92,state_93,state_94,state_95,state_96,state_97,state_98,state_99,state_100,state_101,state_102,state_103,state_104,state_105,state_106,state_107,state_108,state_109,state_110,state_111,state_112,state_113,state_114,state_115,state_116,state_117,state_118,state_119,state_120,state_121,state_122,state_123,state_124,state_125,state_126,state_127,state_128,state_129,state_130,state_131,state_132,state_133,state_134,state_135,state_136,state_137,state_138,state_139,state_140,state_141,state_142,state_143,state_144,state_145,state_146,state_147,state_148,state_149,state_150,state_151,state_152,state_153,state_154,state_155,state_156,state_157,state_158,state_159,state_160,state_161,state_162,state_163,state_164,state_165,state_166,state_167,state_168,state_169,state_170,state_171,state_172,state_173,state_174,state_175,state_176,state_177,state_178,state_179,state_180,state_181,state_182,state_183,state_184,state_185,state_186,state_187,state_188,state_189,state_190,state_191,state_192,state_193,state_194,state_195,state_196,state_197,state_198,state_199,state_200,state_201,state_202,state_203,state_204,state_205,state_206,state_207,state_208,state_209,state_210,state_211,state_212,state_213,state_214,state_215,state_216,state_217,state_218,state_219,state_220,state_221,state_222,state_223,state_224,state_225,state_226,state_227,state_228,state_229,state_230,state_231,state_232,state_233,state_234,state_235,state_236,state_237,state_238,state_239,state_240,state_241,state_242,state_243,state_244,state_245,state_246,state_247,state_248,state_249,state_250,state_251,state_252,state_253,state_254,state_255,state_256,state_257,state_258,state_259,state_260,state_261,state_262,state_263,state_264,state_265,state_266,state_267,state_268,state_269,state_270,state_271,state_272,state_273,state_274,state_275,state_276,state_277,state_278,state_279,state_280,state_281,state_282,state_283,state_284,state_285,state_286,state_287
{'img': array([[[ 0.00000000e+00,  2.06409578e-01,  2.06409578e-01, ...,
          9.99999094e-01,  9.97052984e-01,  9.90717703e-01],
        [-2.06409578e-01,  0.00000000e+00,  0.00000000e+00, ...,
          9.78186988e-01,  9.59747205e-01,  9.41324903e-01],
        [-2.06409578e-01,  0.00000000e+00,  0.00000000e+00, ...,
          9.78186988e-01,  9.59747205e-01,  9.41324903e-01],
        ...,
        [-9.99999094e-01, -9.78186988e-01, -9.78186988e-01, ...,
          0.00000000e+00, -7.53740180e-02, -1.34601872e-01],
        [-9.97052984e-01, -9.59747205e-01, -9.59747205e-01, ...,
          7.53740180e-02,  0.00000000e+00, -5.95308779e-02],
        [-9.90717703e-01, -9.41324903e-01, -9.41324903e-01, ...,
          1.34601872e-01,  5.95308779e-02,  0.00000000e+00]],

       [[ 0.00000000e+00, -3.13106573e-02, -5.22575308e-02, ...,
          2.00295962e-01,  1.45515938e-01,  1.34281082e-01],
        [ 3.13106573e-02,  0.00000000e+00, -2.09640333e-02, ...,
          2.30873918e-01,  1.76421975e-01,  1.65242329e-01],
        [ 5.22575308e-02,  2.09640333e-02,  0.00000000e+00, ...,
          2.51220841e-01,  1.97018408e-01,  1.85881855e-01],
        ...,
        [-2.00295962e-01, -2.30873918e-01, -2.51220841e-01, ...,
          0.00000000e+00, -5.55968723e-02, -6.69220038e-02],
        [-1.45515938e-01, -1.76421975e-01, -1.97018408e-01, ...,
          5.55968723e-02,  0.00000000e+00, -1.13462596e-02],
        [-1.34281082e-01, -1.65242329e-01, -1.85881855e-01, ...,
          6.69220038e-02,  1.13462596e-02,  0.00000000e+00]],

       [[ 0.00000000e+00,  1.59565712e-01,  2.16849699e-01, ...,
          9.87041743e-01,  9.87822875e-01,  9.92750273e-01],
        [-1.59565712e-01,  0.00000000e+00,  5.83024251e-02, ...,
          9.99999586e-01,  9.99991866e-01,  9.99209510e-01],
        [-2.16849699e-01, -5.83024251e-02,  0.00000000e+00, ...,
          9.98351592e-01,  9.98055688e-01,  9.95192085e-01],
        ...,
        [-9.87041743e-01, -9.99999586e-01, -9.98351592e-01, ...,
          0.00000000e+00, -4.94311879e-03, -4.06626592e-02],
        [-9.87822875e-01, -9.99991866e-01, -9.98055688e-01, ...,
          4.94311879e-03,  0.00000000e+00, -3.57231319e-02],
        [-9.92750273e-01, -9.99209510e-01, -9.95192085e-01, ...,
          4.06626592e-02,  3.57231319e-02,  0.00000000e+00]],

       ...,

       [[ 0.00000000e+00, -7.27072810e-02, -1.87458652e-01, ...,
         -8.01757753e-02, -2.54225182e-02, -1.16813809e-01],
        [ 7.27072810e-02,  0.00000000e+00, -1.15544147e-01, ...,
         -7.49035850e-03,  4.73285487e-02, -4.42951262e-02],
        [ 1.87458652e-01,  1.15544147e-01,  0.00000000e+00, ...,
          1.08100715e-01,  1.62426224e-01,  7.14322864e-02],
        ...,
        [ 8.01757753e-02,  7.49035850e-03, -1.08100715e-01, ...,
          0.00000000e+00,  5.48091856e-02, -3.68108770e-02],
        [ 2.54225182e-02, -4.73285487e-02, -1.62426224e-01, ...,
         -5.48091856e-02,  0.00000000e+00, -9.15275833e-02],
        [ 1.16813809e-01,  4.42951262e-02, -7.14322864e-02, ...,
          3.68108770e-02,  9.15275833e-02,  0.00000000e+00]],

       [[ 0.00000000e+00,  9.87762420e-02,  1.42549341e-01, ...,
          9.88163722e-01,  9.89961682e-01,  9.91453076e-01],
        [-9.87762420e-02,  0.00000000e+00,  4.40847186e-02, ...,
          9.98483839e-01,  9.99081082e-01,  9.99491265e-01],
        [-1.42549341e-01, -4.40847186e-02,  0.00000000e+00, ...,
          9.99939781e-01,  9.99999249e-01,  9.99925583e-01],
        ...,
        [-9.88163722e-01, -9.98483839e-01, -9.99939781e-01, ...,
          0.00000000e+00, -1.21999057e-02, -2.31722340e-02],
        [-9.89961682e-01, -9.99081082e-01, -9.99999249e-01, ...,
          1.21999057e-02,  0.00000000e+00, -1.09738797e-02],
        [-9.91453076e-01, -9.99491265e-01, -9.99925583e-01, ...,
          2.31722340e-02,  1.09738797e-02,  0.00000000e+00]],

       [[ 0.00000000e+00,  4.41999180e-03,  4.20592317e-03, ...,
          8.57919706e-01,  8.58012498e-01,  8.54287048e-01],
        [-4.41999180e-03,  0.00000000e+00, -2.14070622e-04, ...,
          8.55640406e-01,  8.55733882e-01,  8.51981185e-01],
        [-4.20592317e-03,  2.14070622e-04,  0.00000000e+00, ...,
          8.55751183e-01,  8.55844626e-01,  8.52093247e-01],
        ...,
        [-8.57919706e-01, -8.55640406e-01, -8.55751183e-01, ...,
          0.00000000e+00,  1.80632774e-04, -7.02914942e-03],
        [-8.58012498e-01, -8.55733882e-01, -8.55844626e-01, ...,
         -1.80632774e-04,  0.00000000e+00, -7.20977761e-03],
        [-8.54287048e-01, -8.51981185e-01, -8.52093247e-01, ...,
          7.02914942e-03,  7.20977761e-03,  0.00000000e+00]]]), 'num': array([9.82907879e-01, 1.07250918e-01, 1.75306699e-04, 9.14046932e-04,
       9.27771360e-04, 8.87513037e-04, 1.49608713e-01, 4.30032090e-05,
       9.04165343e-04, 8.84539411e-04, 9.39376127e-04, 9.96931845e-06,
       9.59570470e-04, 8.09508351e-04])}
{'img': array([[[ 0.00000000e+00,  0.00000000e+00,  8.77119548e-01, ...,
          9.96081917e-01,  9.88942522e-01,  9.99791732e-01],
        [ 0.00000000e+00,  0.00000000e+00,  8.77119548e-01, ...,
          9.96081917e-01,  9.88942522e-01,  9.99791732e-01],
        [-8.77119548e-01, -8.77119548e-01,  0.00000000e+00, ...,
          4.00821967e-01,  3.44885278e-01,  4.62271684e-01],
        ...,
        [-9.96081917e-01, -9.96081917e-01, -4.00821967e-01, ...,
          0.00000000e+00, -6.02607687e-02,  6.80887535e-02],
        [-9.88942522e-01, -9.88942522e-01, -3.44885278e-01, ...,
          6.02607687e-02,  0.00000000e+00,  1.28085933e-01],
        [-9.99791732e-01, -9.99791732e-01, -4.62271684e-01, ...,
         -6.80887535e-02, -1.28085933e-01,  0.00000000e+00]],

       [[ 0.00000000e+00, -2.09640333e-02,  6.45427334e-01, ...,
          1.76421975e-01,  1.65242329e-01,  2.72493382e-01],
        [ 2.09640333e-02,  0.00000000e+00,  6.61298272e-01, ...,
          1.97018408e-01,  1.85881855e-01,  2.92604201e-01],
        [-6.45427334e-01, -6.61298272e-01,  0.00000000e+00, ...,
         -5.00548637e-01, -5.10338969e-01, -4.12866499e-01],
        ...,
        [-1.76421975e-01, -1.97018408e-01,  5.00548637e-01, ...,
          0.00000000e+00, -1.13462596e-02,  9.84734677e-02],
        [-1.65242329e-01, -1.85881855e-01,  5.10338969e-01, ...,
          1.13462596e-02,  0.00000000e+00,  1.09758242e-01],
        [-2.72493382e-01, -2.92604201e-01,  4.12866499e-01, ...,
         -9.84734677e-02, -1.09758242e-01,  0.00000000e+00]],

       [[ 0.00000000e+00,  1.48270231e-01,  5.08228979e-01, ...,
          9.88665025e-01,  9.93420647e-01,  9.94696320e-01],
        [-1.48270231e-01,  0.00000000e+00,  3.74917883e-01, ...,
          9.99998216e-01,  9.99420540e-01,  9.98952218e-01],
        [-5.08228979e-01, -3.74917883e-01,  0.00000000e+00, ...,
          9.27764620e-01,  9.13759387e-01,  9.08928427e-01],
        ...,
        [-9.88665025e-01, -9.99998216e-01, -9.27764620e-01, ...,
          0.00000000e+00, -3.59258956e-02, -4.76523540e-02],
        [-9.93420647e-01, -9.99420540e-01, -9.13759387e-01, ...,
          3.59258956e-02,  0.00000000e+00, -1.17365093e-02],
        [-9.94696320e-01, -9.98952218e-01, -9.08928427e-01, ...,
          4.76523540e-02,  1.17365093e-02,  0.00000000e+00]],

       ...,

       [[ 0.00000000e+00, -1.15544147e-01,  7.77411942e-01, ...,
          4.73285487e-02, -4.42951262e-02,  8.71973618e-03],
        [ 1.15544147e-01,  0.00000000e+00,  8.44881425e-01, ...,
          1.62426224e-01,  7.14322864e-02,  1.24201089e-01],
        [-7.77411942e-01, -8.44881425e-01,  0.00000000e+00, ...,
         -7.46771487e-01, -8.04510174e-01, -7.71897744e-01],
        ...,
        [-4.73285487e-02, -1.62426224e-01,  7.46771487e-01, ...,
          0.00000000e+00, -9.15275833e-02, -3.86167848e-02],
        [ 4.42951262e-02, -7.14322864e-02,  8.04510174e-01, ...,
          9.15275833e-02,  0.00000000e+00,  5.30046199e-02],
        [-8.71973618e-03, -1.24201089e-01,  7.71897744e-01, ...,
          3.86167848e-02, -5.30046199e-02,  0.00000000e+00]],

       [[ 0.00000000e+00,  1.03157996e-01,  6.34466452e-01, ...,
          9.90259890e-01,  9.91731210e-01,  9.94420258e-01],
        [-1.03157996e-01,  0.00000000e+00,  5.51345548e-01, ...,
          9.99339656e-01,  9.99678821e-01,  9.99997249e-01],
        [-6.34466452e-01, -5.51345548e-01,  0.00000000e+00, ...,
          8.53759359e-01,  8.47981642e-01,  8.35568033e-01],
        ...,
        [-9.90259890e-01, -9.99339656e-01, -8.53759359e-01, ...,
          0.00000000e+00, -1.09975781e-02, -3.39909133e-02],
        [-9.91731210e-01, -9.99678821e-01, -8.47981642e-01, ...,
          1.09975781e-02,  0.00000000e+00, -2.29976347e-02],
        [-9.94420258e-01, -9.99997249e-01, -8.35568033e-01, ...,
          3.39909133e-02,  2.29976347e-02,  0.00000000e+00]],

       [[ 0.00000000e+00, -2.14070622e-04, -2.37772204e-01, ...,
          8.55733882e-01,  8.51981185e-01,  8.60589971e-01],
        [ 2.14070622e-04,  0.00000000e+00, -2.37564267e-01, ...,
          8.55844626e-01,  8.52093247e-01,  8.60698977e-01],
        [ 2.37772204e-01,  2.37564267e-01,  0.00000000e+00, ...,
          9.54219433e-01,  9.52038134e-01,  9.57006077e-01],
        ...,
        [-8.55733882e-01, -8.55844626e-01, -9.54219433e-01, ...,
          0.00000000e+00, -7.20977761e-03,  9.45925923e-03],
        [-8.51981185e-01, -8.52093247e-01, -9.52038134e-01, ...,
          7.20977761e-03,  0.00000000e+00,  1.66684684e-02],
        [-8.60589971e-01, -8.60698977e-01, -9.57006077e-01, ...,
         -9.45925923e-03, -1.66684684e-02,  0.00000000e+00]]]), 'num': array([ 9.34557325e-01,  3.55712726e-01,  1.17175020e-04,  8.92314782e-05,
        9.06765224e-05,  8.85089561e-05,  8.42529397e-03, -9.93467875e-07,
        8.87799019e-05,  8.70864907e-05,  9.32505073e-05,  1.00350290e-06,
        9.39497078e-05,  8.02232736e-05])}
{'img': array([[[ 0.        ,  0.87711955,  0.95708846, ...,  0.98894252,
          0.99979173,  0.99873213],
        [-0.87711955,  0.        ,  0.20547723, ...,  0.34488528,
          0.46227168,  0.43550887],
        [-0.95708846, -0.20547723,  0.        , ...,  0.14465594,
          0.27020315,  0.24124853],
        ...,
        [-0.98894252, -0.34488528, -0.14465594, ...,  0.        ,
          0.12808593,  0.09832779],
        [-0.99979173, -0.46227168, -0.27020315, ..., -0.12808593,
          0.        , -0.02994736],
        [-0.99873213, -0.43550887, -0.24124853, ..., -0.09832779,
          0.02994736,  0.        ]],

       [[ 0.        ,  0.66129827,  0.        , ...,  0.18588185,
          0.2926042 ,  0.21659482],
        [-0.66129827,  0.        ,  0.66129827, ..., -0.51033897,
         -0.4128665 , -0.48312733],
        [-0.        , -0.66129827,  0.        , ..., -0.18588185,
         -0.2926042 , -0.21659482],
        ...,
        [-0.18588185,  0.51033897,  0.18588185, ...,  0.        ,
          0.10975824,  0.03135071],
        [-0.2926042 ,  0.4128665 ,  0.2926042 , ..., -0.10975824,
          0.        , -0.07854299],
        [-0.21659482,  0.48312733,  0.21659482, ..., -0.03135071,
          0.07854299,  0.        ]],

       [[ 0.        ,  0.49027944,  0.70812996, ...,  0.99397558,
          0.99519924,  0.9966475 ],
        [-0.49027944,  0.        ,  0.27100395, ...,  0.9200501 ,
          0.91536463,  0.90875577],
        [-0.70812996, -0.27100395,  0.        , ...,  0.77944066,
          0.77199687,  0.7616509 ],
        ...,
        [-0.99397558, -0.9200501 , -0.77944066, ...,  0.        ,
         -0.01179545, -0.0279118 ],
        [-0.99519924, -0.91536463, -0.77199687, ...,  0.01179545,
          0.        , -0.01611901],
        [-0.9966475 , -0.90875577, -0.7616509 , ...,  0.0279118 ,
          0.01611901,  0.        ]],

       ...,

       [[ 0.        ,  0.84488143,  0.91974054, ...,  0.07143229,
          0.12420109,  0.14986053],
        [-0.84488143,  0.        ,  0.16037988, ..., -0.80451017,
         -0.77189774, -0.75517187],
        [-0.91974054, -0.16037988,  0.        , ..., -0.88935193,
         -0.86386679, -0.85052976],
        ...,
        [-0.07143229,  0.80451017,  0.88935193, ...,  0.        ,
          0.05300462,  0.07885209],
        [-0.12420109,  0.77189774,  0.86386679, ..., -0.05300462,
          0.        ,  0.02590167],
        [-0.14986053,  0.75517187,  0.85052976, ..., -0.07885209,
         -0.02590167,  0.        ]],

       [[ 0.        ,  0.62864498,  0.80886053, ...,  0.99203011,
          0.99467115,  0.9968074 ],
        [-0.62864498,  0.        ,  0.2594011 , ...,  0.85070419,
          0.83836056,  0.82540288],
        [-0.80886053, -0.2594011 ,  0.        , ...,  0.68523149,
          0.66825949,  0.6507057 ],
        ...,
        [-0.99203011, -0.85070419, -0.68523149, ...,  0.        ,
         -0.02305275, -0.0463914 ],
        [-0.99467115, -0.83836056, -0.66825949, ...,  0.02305275,
          0.        , -0.02335114],
        [-0.9968074 , -0.82540288, -0.6507057 , ...,  0.0463914 ,
          0.02335114,  0.        ]],

       [[ 0.        , -0.23756427, -0.412405  , ...,  0.85209325,
          0.86069898,  0.86879256],
        [ 0.23756427,  0.        , -0.18417741, ...,  0.95203813,
          0.95700608,  0.96155679],
        [ 0.412405  ,  0.18417741,  0.        , ...,  0.99210613,
          0.99405854,  0.9956837 ],
        ...,
        [-0.85209325, -0.95203813, -0.99210613, ...,  0.        ,
          0.01666847,  0.03278104],
        [-0.86069898, -0.95700608, -0.99405854, ..., -0.01666847,
          0.        ,  0.01611697],
        [-0.86879256, -0.96155679, -0.9956837 , ..., -0.03278104,
         -0.01611697,  0.        ]]]), 'num': array([9.34469045e-01, 3.55233732e-01, 1.17017235e-04, 8.92917086e-05,
       9.36210035e-05, 8.79388039e-05, 2.40108651e-02, 1.80387290e-07,
       8.84438883e-05, 8.68970673e-05, 9.36525713e-05, 9.88050986e-07,
       9.36200885e-05, 8.01740461e-05])}
{'img': array([[[ 0.        ,  0.66968302,  0.67774815, ...,  0.92552911,
          0.90793193,  0.9112902 ],
        [-0.66968302,  0.        ,  0.01091369, ...,  0.43374827,
          0.39359701,  0.40101515],
        [-0.67774815, -0.01091369,  0.        , ...,  0.42388883,
          0.3835408 ,  0.39099355],
        ...,
        [-0.92552911, -0.43374827, -0.42388883, ...,  0.        ,
         -0.04409312, -0.03601606],
        [-0.90793193, -0.39359701, -0.3835408 , ...,  0.04409312,
          0.        ,  0.00808348],
        [-0.9112902 , -0.40101515, -0.39099355, ...,  0.03601606,
         -0.00808348,  0.        ]],

       [[ 0.        ,  0.64342686,  0.23589086, ..., -0.45104145,
         -0.55309152, -0.35448772],
        [-0.64342686,  0.        , -0.80584531, ..., -0.22898474,
         -0.11265634, -0.33028011],
        [-0.23589086,  0.80584531,  0.        , ..., -0.64884616,
         -0.73400854, -0.56505618],
        ...,
        [ 0.45104145,  0.22898474,  0.64884616, ...,  0.        ,
         -0.11786396,  0.10536977],
        [ 0.55309152,  0.11265634,  0.73400854, ...,  0.11786396,
          0.        ,  0.22184314],
        [ 0.35448772,  0.33028011,  0.56505618, ..., -0.10536977,
         -0.22184314,  0.        ]],

       [[ 0.        ,  0.56780851,  0.76473763, ...,  0.99935317,
          0.99982316,  0.99994073],
        [-0.56780851,  0.        ,  0.26363918, ...,  0.8430476 ,
          0.83369313,  0.8292939 ],
        [-0.76473763, -0.26363918,  0.        , ...,  0.67142631,
          0.65860926,  0.65262969],
        ...,
        [-0.99935317, -0.8430476 , -0.67142631, ...,  0.        ,
         -0.01716186, -0.02507914],
        [-0.99982316, -0.83369313, -0.65860926, ...,  0.01716186,
          0.        , -0.00791899],
        [-0.99994073, -0.8292939 , -0.65262969, ...,  0.02507914,
          0.00791899,  0.        ]],

       ...,

       [[ 0.        ,  0.16037988,  0.22433423, ..., -0.77189774,
         -0.75517187, -0.76736926],
        [-0.16037988,  0.        ,  0.06513814, ..., -0.86386679,
         -0.85052976, -0.8602724 ],
        [-0.22433423, -0.06513814,  0.        , ..., -0.89484356,
         -0.88298136, -0.89165508],
        ...,
        [ 0.77189774,  0.86386679,  0.89484356, ...,  0.        ,
          0.02590167,  0.00709256],
        [ 0.75517187,  0.85052976,  0.88298136, ..., -0.02590167,
          0.        , -0.01881083],
        [ 0.76736926,  0.8602724 ,  0.89165508, ..., -0.00709256,
          0.01881083,  0.        ]],

       [[ 0.        ,  0.61748022,  0.77449044, ...,  0.99995893,
          0.99937939,  0.99911144],
        [-0.61748022,  0.        ,  0.21859456, ...,  0.78095811,
          0.76434715,  0.75986283],
        [-0.77449044, -0.21859456,  0.        , ...,  0.6255407 ,
          0.60491115,  0.59938143],
        ...,
        [-0.99995893, -0.78095811, -0.6255407 , ...,  0.        ,
         -0.0261671 , -0.03309022],
        [-0.99937939, -0.76434715, -0.60491115, ...,  0.0261671 ,
          0.        , -0.00692612],
        [-0.99911144, -0.75986283, -0.59938143, ...,  0.03309022,
          0.00692612,  0.        ]],

       [[ 0.        , -0.18417741, -0.2883101 , ...,  0.95700608,
          0.96155679,  0.96238067],
        [ 0.18417741,  0.        , -0.10702129, ...,  0.99405854,
          0.9956837 ,  0.99595911],
        [ 0.2883101 ,  0.10702129,  0.        , ...,  0.99999831,
          0.99989802,  0.9998504 ],
        ...,
        [-0.95700608, -0.99405854, -0.99999831, ...,  0.        ,
          0.01611697,  0.01913266],
        [-0.96155679, -0.9956837 , -0.99989802, ..., -0.01611697,
          0.        ,  0.00301615],
        [-0.96238067, -0.99595911, -0.9998504 , ..., -0.01913266,
         -0.00301615,  0.        ]]]), 'num': array([ 9.34111063e-01,  3.56885260e-01,  1.17561263e-04,  8.89819336e-05,
        9.20627745e-05,  8.88913206e-05,  8.32802032e-03, -7.24903736e-07,
        8.90000562e-05,  8.73463695e-05,  9.43175271e-05,  1.00783810e-06,
        9.41329057e-05,  8.05598333e-05])}
{'img': array([[[ 0.00000000e+00,  2.00715270e-02,  3.01979802e-01, ...,
          5.37859430e-01,  5.46064348e-01,  5.12595712e-01],
        [-2.00715270e-02,  0.00000000e+00,  2.82784493e-01, ...,
          5.20830086e-01,  5.29139555e-01,  4.95258431e-01],
        [-3.01979802e-01, -2.82784493e-01,  0.00000000e+00, ...,
          2.58169696e-01,  2.67589428e-01,  2.29375890e-01],
        ...,
        [-5.37859430e-01, -5.20830086e-01, -2.58169696e-01, ...,
          0.00000000e+00,  9.76300599e-03, -2.96864026e-02],
        [-5.46064348e-01, -5.29139555e-01, -2.67589428e-01, ...,
         -9.76300599e-03,  0.00000000e+00, -3.94436908e-02],
        [-5.12595712e-01, -4.95258431e-01, -2.29375890e-01, ...,
          2.96864026e-02,  3.94436908e-02,  0.00000000e+00]],

       [[ 0.00000000e+00, -8.05845307e-01, -6.30702247e-01, ...,
         -1.12656344e-01, -3.30280106e-01, -1.09097653e-01],
        [ 8.05845307e-01,  0.00000000e+00, -2.51900765e-01, ...,
         -7.34008541e-01, -5.65056180e-01, -7.36435676e-01],
        [ 6.30702247e-01,  2.51900765e-01,  0.00000000e+00, ...,
         -5.39263073e-01, -3.39003514e-01, -5.42275111e-01],
        ...,
        [ 1.12656344e-01,  7.34008541e-01,  5.39263073e-01, ...,
          0.00000000e+00,  2.21843143e-01, -3.58076355e-03],
        [ 3.30280106e-01,  5.65056180e-01,  3.39003514e-01, ...,
         -2.21843143e-01,  0.00000000e+00, -2.25333260e-01],
        [ 1.09097653e-01,  7.36435676e-01,  5.42275111e-01, ...,
          3.58076355e-03,  2.25333260e-01,  0.00000000e+00]],

       [[ 0.00000000e+00,  5.94850424e-01,  8.10341935e-01, ...,
          9.97079833e-01,  9.96376473e-01,  9.96853845e-01],
        [-5.94850424e-01,  0.00000000e+00,  3.02825408e-01, ...,
          7.56062566e-01,  7.50330183e-01,  7.54158576e-01],
        [-8.10341935e-01, -3.02825408e-01,  0.00000000e+00, ...,
          5.22363410e-01,  5.14912470e-01,  5.19884723e-01],
        ...,
        [-9.97079833e-01, -7.56062566e-01, -5.22363410e-01, ...,
          0.00000000e+00, -8.71455843e-03, -2.90420637e-03],
        [-9.96376473e-01, -7.50330183e-01, -5.14912470e-01, ...,
          8.71455843e-03,  0.00000000e+00,  5.81042559e-03],
        [-9.96853845e-01, -7.54158576e-01, -5.19884723e-01, ...,
          2.90420637e-03, -5.81042559e-03,  0.00000000e+00]],

       ...,

       [[ 0.00000000e+00,  6.51381396e-02,  3.32872620e-01, ...,
         -8.50529764e-01, -8.60272396e-01, -8.49811903e-01],
        [-6.51381396e-02,  0.00000000e+00,  2.70742255e-01, ...,
         -8.82981358e-01, -8.91655081e-01, -8.82340527e-01],
        [-3.32872620e-01, -2.70742255e-01,  0.00000000e+00, ...,
         -9.77092254e-01, -9.80922618e-01, -9.76801184e-01],
        ...,
        [ 8.50529764e-01,  8.82981358e-01,  9.77092254e-01, ...,
          0.00000000e+00, -1.88108348e-02,  1.36344117e-03],
        [ 8.60272396e-01,  8.91655081e-01,  9.80922618e-01, ...,
          1.88108348e-02,  0.00000000e+00,  2.01740172e-02],
        [ 8.49811903e-01,  8.82340527e-01,  9.76801184e-01, ...,
         -1.36344117e-03, -2.01740172e-02,  0.00000000e+00]],

       [[ 0.00000000e+00,  5.61313439e-01,  7.57665273e-01, ...,
          9.87296831e-01,  9.86018758e-01,  9.86511947e-01],
        [-5.61313439e-01,  0.00000000e+00,  2.60708801e-01, ...,
          7.27904905e-01,  7.22498276e-01,  7.24559552e-01],
        [-7.57665273e-01, -2.60708801e-01,  0.00000000e+00, ...,
          5.23969810e-01,  5.17265516e-01,  5.19818776e-01],
        ...,
        [-9.87296831e-01, -7.27904905e-01, -5.23969810e-01, ...,
          0.00000000e+00, -7.85235400e-03, -4.86632694e-03],
        [-9.86018758e-01, -7.22498276e-01, -5.17265516e-01, ...,
          7.85235400e-03,  0.00000000e+00,  2.98608411e-03],
        [-9.86511947e-01, -7.24559552e-01, -5.19818776e-01, ...,
          4.86632694e-03, -2.98608411e-03,  0.00000000e+00]],

       [[ 0.00000000e+00, -1.07021286e-01, -2.12583248e-01, ...,
          9.95683704e-01,  9.95959108e-01,  9.96018813e-01],
        [ 1.07021286e-01,  0.00000000e+00, -1.06787229e-01, ...,
          9.99898022e-01,  9.99850400e-01,  9.99838636e-01],
        [ 2.12583248e-01,  1.06787229e-01,  0.00000000e+00, ...,
          9.92655477e-01,  9.92286081e-01,  9.92203138e-01],
        ...,
        [-9.95683704e-01, -9.99898022e-01, -9.92655477e-01, ...,
          0.00000000e+00,  3.01615132e-03,  3.68342631e-03],
        [-9.95959108e-01, -9.99850400e-01, -9.92286081e-01, ...,
         -3.01615132e-03,  0.00000000e+00,  6.67278689e-04],
        [-9.96018813e-01, -9.99838636e-01, -9.92203138e-01, ...,
         -3.68342631e-03, -6.67278689e-04,  0.00000000e+00]]]), 'num': array([9.36741567e-01, 3.49532187e-01, 1.15139094e-04, 9.05209465e-05,
       9.05209465e-05, 8.65273753e-05, 1.85043806e-02, 3.37234899e-06,
       8.83732926e-05, 8.59549634e-05, 9.25517513e-05, 1.15913177e-06,
       9.27685490e-05, 7.91413778e-05])}
{'img': array([[[ 0.00000000e+00,  2.82784493e-01,  4.95258431e-01, ...,
          5.29139555e-01,  4.95258431e-01,  6.42301379e-01],
        [-2.82784493e-01,  0.00000000e+00,  2.29375890e-01, ...,
          2.67589428e-01,  2.29375890e-01,  3.99344076e-01],
        [-4.95258431e-01, -2.29375890e-01,  0.00000000e+00, ...,
          3.94436908e-02,  0.00000000e+00,  1.78404657e-01],
        ...,
        [-5.29139555e-01, -2.67589428e-01, -3.94436908e-02, ...,
          0.00000000e+00, -3.94436908e-02,  1.39454918e-01],
        [-4.95258431e-01, -2.29375890e-01,  0.00000000e+00, ...,
          3.94436908e-02,  0.00000000e+00,  1.78404657e-01],
        [-6.42301379e-01, -3.99344076e-01, -1.78404657e-01, ...,
         -1.39454918e-01, -1.78404657e-01,  0.00000000e+00]],

       [[ 0.00000000e+00, -2.66510721e-01, -4.56306621e-01, ...,
         -5.92386142e-01, -7.66060441e-01, -6.37557480e-01],
        [ 2.66510721e-01,  0.00000000e+00, -2.02655638e-01, ...,
         -3.56245216e-01, -5.67048823e-01, -4.09177668e-01],
        [ 4.56306621e-01,  2.02655638e-01,  0.00000000e+00, ...,
         -1.59493242e-01, -3.88358354e-01, -2.15773162e-01],
        ...,
        [ 5.92386142e-01,  3.56245216e-01,  1.59493242e-01, ...,
          0.00000000e+00, -2.36412619e-01, -5.72749118e-02],
        [ 7.66060441e-01,  5.67048823e-01,  3.88358354e-01, ...,
          2.36412619e-01,  0.00000000e+00,  1.80373209e-01],
        [ 6.37557480e-01,  4.09177668e-01,  2.15773162e-01, ...,
          5.72749118e-02, -1.80373209e-01,  0.00000000e+00]],

       [[ 0.00000000e+00,  6.51758035e-01,  8.75539764e-01, ...,
          9.79168420e-01,  9.80477920e-01,  9.89858827e-01],
        [-6.51758035e-01,  0.00000000e+00,  3.49138635e-01, ...,
          6.10288422e-01,  6.15466225e-01,  6.58150417e-01],
        [-8.75539764e-01, -3.49138635e-01,  0.00000000e+00, ...,
          2.95303233e-01,  3.01557356e-01,  3.53871971e-01],
        ...,
        [-9.79168420e-01, -6.10288422e-01, -2.95303233e-01, ...,
          0.00000000e+00,  6.55268932e-03,  6.18952431e-02],
        [-9.80477920e-01, -6.15466225e-01, -3.01557356e-01, ...,
         -6.55268932e-03,  0.00000000e+00,  5.53537887e-02],
        [-9.89858827e-01, -6.58150417e-01, -3.53871971e-01, ...,
         -6.18952431e-02, -5.53537887e-02,  0.00000000e+00]],

       ...,

       [[ 0.00000000e+00,  2.70742255e-01,  5.17114932e-01, ...,
         -8.91655081e-01, -8.82340527e-01, -7.49300491e-01],
        [-2.70742255e-01,  0.00000000e+00,  2.66069040e-01, ...,
         -9.80922618e-01, -9.76801184e-01, -9.00609207e-01],
        [-5.17114932e-01, -2.66069040e-01,  0.00000000e+00, ...,
         -9.97287707e-01, -9.98569587e-01, -9.83787356e-01],
        ...,
        [ 8.91655081e-01,  9.80922618e-01,  9.97287707e-01, ...,
          0.00000000e+00,  2.01740172e-02,  2.51261022e-01],
        [ 8.82340527e-01,  9.76801184e-01,  9.98569587e-01, ...,
         -2.01740172e-02,  0.00000000e+00,  2.31683065e-01],
        [ 7.49300491e-01,  9.00609207e-01,  9.83787356e-01, ...,
         -2.51261022e-01, -2.31683065e-01,  0.00000000e+00]],

       [[ 0.00000000e+00,  5.88446471e-01,  7.93100480e-01, ...,
          9.60961460e-01,  9.61883554e-01,  9.68487903e-01],
        [-5.88446471e-01,  0.00000000e+00,  2.82833086e-01, ...,
          6.14159408e-01,  6.16801450e-01,  6.36498678e-01],
        [-7.93100480e-01, -2.82833086e-01,  0.00000000e+00, ...,
          3.65875974e-01,  3.68993685e-01,  3.92367014e-01],
        ...,
        [-9.60961460e-01, -6.14159408e-01, -3.65875974e-01, ...,
          0.00000000e+00,  3.35219550e-03,  2.86257846e-02],
        [-9.61883554e-01, -6.16801450e-01, -3.68993685e-01, ...,
         -3.35219550e-03,  0.00000000e+00,  2.52748020e-02],
        [-9.68487903e-01, -6.36498678e-01, -3.92367014e-01, ...,
         -2.86257846e-02, -2.52748020e-02,  0.00000000e+00]],

       [[ 0.00000000e+00, -1.06787229e-01, -2.27232419e-01, ...,
          9.99850400e-01,  9.99838636e-01,  9.99530547e-01],
        [ 1.06787229e-01,  0.00000000e+00, -1.21939347e-01, ...,
          9.92286081e-01,  9.92203138e-01,  9.90543383e-01],
        [ 2.27232419e-01,  1.21939347e-01,  0.00000000e+00, ...,
          9.69764490e-01,  9.69601429e-01,  9.66421442e-01],
        ...,
        [-9.99850400e-01, -9.92286081e-01, -9.69764490e-01, ...,
          0.00000000e+00,  6.67278689e-04,  1.33447743e-02],
        [-9.99838636e-01, -9.92203138e-01, -9.69601429e-01, ...,
         -6.67278689e-04,  0.00000000e+00,  1.26775520e-02],
        [-9.99530547e-01, -9.90543383e-01, -9.66421442e-01, ...,
         -1.33447743e-02, -1.26775520e-02,  0.00000000e+00]]]), 'num': array([9.27859026e-01, 5.72961877e-02, 1.46313082e-04, 9.05892652e-05,
       1.00942324e-04, 8.78487496e-05, 3.68503321e-01, 1.29413236e-05,
       7.87136976e-05, 7.47056936e-05, 7.97553473e-05, 1.13256294e-06,
       8.39694144e-05, 6.54419728e-05])}
{'img': array([[[ 0.        ,  0.22937589,  0.17435592, ...,  0.22937589,
          0.39934408,  0.89867981],
        [-0.22937589,  0.        , -0.05615525, ...,  0.        ,
          0.17840466,  0.77411365],
        [-0.17435592,  0.05615525,  0.        , ...,  0.05615525,
          0.2333775 ,  0.80844103],
        ...,
        [-0.22937589,  0.        , -0.05615525, ...,  0.        ,
          0.17840466,  0.77411365],
        [-0.39934408, -0.17840466, -0.2333775 , ..., -0.17840466,
          0.        ,  0.64875624],
        [-0.89867981, -0.77411365, -0.80844103, ..., -0.77411365,
         -0.64875624,  0.        ]],

       [[ 0.        , -0.20265564, -0.25755041, ..., -0.56704882,
         -0.40917767,  0.98362339],
        [ 0.20265564,  0.        , -0.05638723, ..., -0.38835835,
         -0.21577316,  0.99973912],
        [ 0.25755041,  0.05638723,  0.        , ..., -0.33577916,
         -0.16037091,  0.99686058],
        ...,
        [ 0.56704882,  0.38835835,  0.33577916, ...,  0.        ,
          0.18037321,  0.91239766],
        [ 0.40917767,  0.21577316,  0.16037091, ..., -0.18037321,
          0.        ,  0.97126038],
        [-0.98362339, -0.99973912, -0.99686058, ..., -0.91239766,
         -0.97126038,  0.        ]],

       [[ 0.        ,  0.72675104,  0.8297114 , ...,  0.93255716,
          0.9542687 ,  0.99220697],
        [-0.72675104,  0.        ,  0.1642625 , ...,  0.37820103,
          0.43822568,  0.59099428],
        [-0.8297114 , -0.1642625 ,  0.        , ...,  0.22100214,
          0.2846233 ,  0.45046003],
        ...,
        [-0.93255716, -0.37820103, -0.22100214, ...,  0.        ,
          0.06572414,  0.24201169],
        [-0.9542687 , -0.43822568, -0.2846233 , ..., -0.06572414,
          0.        ,  0.17771803],
        [-0.99220697, -0.59099428, -0.45046003, ..., -0.24201169,
         -0.17771803,  0.        ]],

       ...,

       [[ 0.        ,  0.26606904, -0.10701013, ..., -0.97680118,
         -0.90060921, -0.77880047],
        [-0.26606904,  0.        , -0.3676941 , ..., -0.99856959,
         -0.98378736, -0.9176254 ],
        [ 0.10701013,  0.3676941 ,  0.        , ..., -0.9482763 ,
         -0.84892805, -0.70720411],
        ...,
        [ 0.97680118,  0.99856959,  0.9482763 , ...,  0.        ,
          0.23168306,  0.44594106],
        [ 0.90060921,  0.98378736,  0.84892805, ..., -0.23168306,
          0.        ,  0.22643681],
        [ 0.77880047,  0.9176254 ,  0.70720411, ..., -0.44594106,
         -0.22643681,  0.        ]],

       [[ 0.        ,  0.62647687,  0.79548864, ...,  0.91285838,
          0.9244536 ,  0.99001023],
        [-0.62647687,  0.        ,  0.24041044, ...,  0.45574265,
          0.4816839 ,  0.68332312],
        [-0.79548864, -0.24041044,  0.        , ...,  0.22838421,
          0.25687426,  0.48775463],
        ...,
        [-0.91285838, -0.45574265, -0.22838421, ...,  0.        ,
          0.02936461,  0.27548878],
        [-0.9244536 , -0.4816839 , -0.25687426, ..., -0.02936461,
          0.        ,  0.24714166],
        [-0.99001023, -0.68332312, -0.48775463, ..., -0.27548878,
         -0.24714166,  0.        ]],

       [[ 0.        , -0.12193935, -0.19084937, ...,  0.99220314,
          0.99054338,  0.99999076],
        [ 0.12193935,  0.        , -0.06972714, ...,  0.96960143,
          0.96642144,  0.99305271],
        [ 0.19084937,  0.06972714,  0.        , ...,  0.95018   ,
          0.94615203,  0.98243089],
        ...,
        [-0.99220314, -0.96960143, -0.95018   , ...,  0.        ,
          0.01267755, -0.12889641],
        [-0.99054338, -0.96642144, -0.94615203, ..., -0.01267755,
          0.        , -0.14145785],
        [-0.99999076, -0.99305271, -0.98243089, ...,  0.12889641,
          0.14145785,  0.        ]]]), 'num': array([9.91042410e-01, 9.92310394e-03, 1.63519884e-04, 9.67668710e-05,
       1.01121380e-04, 9.59604805e-05, 1.33178019e-01, 8.06390592e-07,
       8.67998833e-05, 8.00947456e-05, 8.48336343e-05, 1.33301302e-06,
       9.25164984e-05, 6.76729927e-05])}
{'img': array([[[ 0.        , -0.05615525,  0.36114246, ...,  0.17840466,
          0.77411365,  0.80008137],
        [ 0.05615525,  0.        ,  0.41293796, ...,  0.2333775 ,
          0.80844103,  0.83250593],
        [-0.36114246, -0.41293796,  0.        , ..., -0.18898448,
          0.49324921,  0.52943811],
        ...,
        [-0.17840466, -0.2333775 ,  0.18898448, ...,  0.        ,
          0.64875624,  0.68022239],
        [-0.77411365, -0.80844103, -0.49324921, ..., -0.64875624,
          0.        ,  0.04210462],
        [-0.80008137, -0.83250593, -0.52943811, ..., -0.68022239,
         -0.04210462,  0.        ]],

       [[ 0.        , -0.05638723,  0.86676624, ..., -0.21577316,
          0.99973912,  0.50933643],
        [ 0.05638723,  0.        ,  0.83726605, ..., -0.16037091,
          0.99686058,  0.55705108],
        [-0.86676624, -0.83726605,  0.        , ..., -0.73873904,
         -0.478787  , -0.99992438],
        ...,
        [ 0.21577316,  0.16037091,  0.73873904, ...,  0.        ,
          0.97126038,  0.68302562],
        [-0.99973912, -0.99686058,  0.478787  , ..., -0.97126038,
          0.        , -0.87197657],
        [-0.50933643, -0.55705108,  0.99992438, ..., -0.68302562,
          0.87197657,  0.        ]],

       [[ 0.        ,  0.53095088,  0.74243923, ...,  0.84163724,
          0.94280904,  0.99458816],
        [-0.53095088,  0.        ,  0.27345381, ...,  0.42646912,
          0.6219552 ,  0.78765286],
        [-0.74243923, -0.27345381,  0.        , ...,  0.16287476,
          0.38412069,  0.58915141],
        ...,
        [-0.84163724, -0.42646912, -0.16287476, ...,  0.        ,
          0.22861195,  0.44967783],
        [-0.94280904, -0.6219552 , -0.38412069, ..., -0.22861195,
          0.        ,  0.2335752 ],
        [-0.99458816, -0.78765286, -0.58915141, ..., -0.44967783,
         -0.2335752 ,  0.        ]],

       ...,

       [[ 0.        , -0.3676941 , -0.32342096, ..., -0.98378736,
         -0.9176254 , -0.80302904],
        [ 0.3676941 ,  0.        ,  0.04716816, ..., -0.84892805,
         -0.70720411, -0.52765071],
        [ 0.32342096, -0.04716816,  0.        , ..., -0.87291194,
         -0.7397653 , -0.56713095],
        ...,
        [ 0.98378736,  0.84892805,  0.87291194, ...,  0.        ,
          0.22643681,  0.4422638 ],
        [ 0.9176254 ,  0.70720411,  0.7397653 , ..., -0.22643681,
          0.        ,  0.22768859],
        [ 0.80302904,  0.52765071,  0.56713095, ..., -0.4422638 ,
         -0.22768859,  0.        ]],

       [[ 0.        ,  0.59323839,  0.84522304, ...,  0.83350973,
          0.95929058,  0.99715798],
        [-0.59323839,  0.        ,  0.36339252, ...,  0.34323066,
          0.60471172,  0.75804496],
        [-0.84522304, -0.36339252,  0.        , ..., -0.02155075,
          0.27394934,  0.46921664],
        ...,
        [-0.83350973, -0.34323066,  0.02155075, ...,  0.        ,
          0.29461203,  0.48813877],
        [-0.95929058, -0.60471172, -0.27394934, ..., -0.29461203,
          0.        ,  0.20934632],
        [-0.99715798, -0.75804496, -0.46921664, ..., -0.48813877,
         -0.20934632,  0.        ]],

       [[ 0.        , -0.06972714, -0.22784884, ...,  0.96642144,
          0.99305271,  0.99940717],
        [ 0.06972714,  0.        , -0.1594012 , ...,  0.94615203,
          0.98243089,  0.99457413],
        [ 0.22784884,  0.1594012 ,  0.        , ...,  0.88245264,
          0.94012089,  0.96527483],
        ...,
        [-0.96642144, -0.94615203, -0.88245264, ...,  0.        ,
         -0.14145785, -0.22353766],
        [-0.99305271, -0.98243089, -0.94012089, ...,  0.14145785,
          0.        , -0.08341153],
        [-0.99940717, -0.99457413, -0.96527483, ...,  0.22353766,
          0.08341153,  0.        ]]]), 'num': array([9.90170648e-01, 2.72864181e-03, 1.57235988e-04, 9.66942819e-05,
       1.00081661e-04, 9.33069026e-05, 1.39837608e-01, 4.31121002e-06,
       8.69632650e-05, 7.76710677e-05, 8.13420117e-05, 1.24495206e-06,
       9.22885704e-05, 6.30535649e-05])}
{'img': array([[[ 0.        ,  0.41293796,  0.51534409, ...,  0.80844103,
          0.83250593,  0.9435189 ],
        [-0.41293796,  0.        ,  0.11547339, ...,  0.49324921,
          0.52943811,  0.72250441],
        [-0.51534409, -0.11547339,  0.        , ...,  0.38950073,
          0.42793478,  0.63783686],
        ...,
        [-0.80844103, -0.49324921, -0.38950073, ...,  0.        ,
          0.04210462,  0.28748206],
        [-0.83250593, -0.52943811, -0.42793478, ..., -0.04210462,
          0.        ,  0.24689991],
        [-0.9435189 , -0.72250441, -0.63783686, ..., -0.28748206,
         -0.24689991,  0.        ]],

       [[ 0.        ,  0.83726605,  0.37503007, ...,  0.99686058,
          0.55705108,  0.60529713],
        [-0.83726605,  0.        , -0.98122106, ..., -0.478787  ,
         -0.99992438, -0.99743733],
        [-0.37503007,  0.98122106,  0.        , ...,  0.95379607,
          0.20493909,  0.2625943 ],
        ...,
        [-0.99686058,  0.478787  , -0.95379607, ...,  0.        ,
         -0.87197657, -0.84142617],
        [-0.55705108,  0.99992438, -0.20493909, ...,  0.87197657,
          0.        ,  0.05927364],
        [-0.60529713,  0.99743733, -0.2625943 , ...,  0.84142617,
         -0.05927364,  0.        ]],

       [[ 0.        ,  0.31013816,  0.55079983, ...,  0.66896307,
          0.82866134,  0.9560506 ],
