state_0,state_1,state_2,state_3,state_4,state_5,state_6,state_7,state_8,state_9,state_10,state_11,state_12,state_13,state_14,state_15,state_16,state_17,state_18,state_19,state_20,state_21,state_22,state_23,state_24,state_25,state_26,state_27,state_28,state_29,state_30,state_31,state_32,state_33,state_34,state_35,state_36,state_37,state_38,state_39,state_40,state_41,state_42,state_43,state_44,state_45,state_46,state_47,state_48,state_49,state_50,state_51,state_52,state_53,state_54,state_55,state_56,state_57,state_58,state_59,state_60,state_61,state_62,state_63,state_64,state_65,state_66,state_67,state_68,state_69,state_70,state_71,state_72,state_73,state_74,state_75,state_76,state_77,state_78,state_79,state_80,state_81,state_82,state_83,state_84,state_85,state_86,state_87,state_88,state_89,state_90,state_91,state_92,state_93,state_94,state_95,state_96,state_97,state_98,state_99,state_100,state_101,state_102,state_103,state_104,state_105,state_106,state_107,state_108,state_109,state_110,state_111,state_112,state_113,state_114,state_115,state_116,state_117,state_118,state_119,state_120,state_121,state_122,state_123,state_124,state_125,state_126,state_127,state_128,state_129,state_130,state_131,state_132,state_133,state_134,state_135,state_136,state_137,state_138,state_139,state_140,state_141,state_142,state_143,state_144,state_145,state_146,state_147,state_148,state_149,state_150,state_151,state_152,state_153,state_154,state_155,state_156,state_157,state_158,state_159,state_160,state_161,state_162,state_163,state_164,state_165,state_166,state_167,state_168,state_169,state_170,state_171,state_172,state_173,state_174,state_175,state_176,state_177,state_178,state_179,state_180,state_181,state_182,state_183,state_184,state_185,state_186,state_187,state_188,state_189,state_190,state_191,state_192,state_193,state_194,state_195,state_196,state_197,state_198,state_199,state_200,state_201,state_202,state_203,state_204,state_205,state_206,state_207,state_208,state_209,state_210,state_211,state_212,state_213,state_214,state_215,state_216,state_217,state_218,state_219,state_220,state_221,state_222,state_223,state_224,state_225,state_226,state_227,state_228,state_229,state_230,state_231,state_232,state_233,state_234,state_235,state_236,state_237,state_238,state_239,state_240,state_241,state_242,state_243,state_244,state_245,state_246,state_247,state_248,state_249,state_250,state_251,state_252,state_253,state_254,state_255,state_256,state_257,state_258,state_259,state_260,state_261,state_262,state_263,state_264,state_265,state_266,state_267,state_268,state_269,state_270,state_271,state_272,state_273,state_274,state_275,state_276,state_277,state_278,state_279,state_280,state_281,state_282,state_283,state_284,state_285,state_286,state_287
{'img': array([[[ 0.00000000e+00, -9.86061470e-02,  4.99257491e-02, ...,
         -5.22007040e-01, -6.97773424e-01, -7.23252426e-01],
        [ 9.86061470e-02,  0.00000000e+00,  1.48165616e-01, ...,
         -4.35357815e-01, -6.23739441e-01, -6.51631879e-01],
        [-4.99257491e-02, -1.48165616e-01,  0.00000000e+00, ...,
         -5.63939789e-01, -7.32665993e-01, -7.56828392e-01],
        ...,
        [ 5.22007040e-01,  4.35357815e-01,  5.63939789e-01, ...,
          0.00000000e+00, -2.21236365e-01, -2.56402191e-01],
        [ 6.97773424e-01,  6.23739441e-01,  7.32665993e-01, ...,
          2.21236365e-01,  0.00000000e+00, -3.62081267e-02],
        [ 7.23252426e-01,  6.51631879e-01,  7.56828392e-01, ...,
          2.56402191e-01,  3.62081267e-02,  0.00000000e+00]],

       [[ 0.00000000e+00, -5.48774407e-01,  1.56123676e-01, ...,
          5.05684724e-01,  1.10554034e-01,  5.81027774e-01],
        [ 5.48774407e-01,  0.00000000e+00,  6.72559854e-01, ...,
          8.96175257e-01,  6.37830393e-01,  9.32360630e-01],
        [-1.56123676e-01, -6.72559854e-01,  0.00000000e+00, ...,
          3.64793012e-01, -4.59682886e-02,  4.46836409e-01],
        ...,
        [-5.05684724e-01, -8.96175257e-01, -3.64793012e-01, ...,
          0.00000000e+00, -4.07207940e-01,  8.96947555e-02],
        [-1.10554034e-01, -6.37830393e-01,  4.59682886e-02, ...,
          4.07207940e-01,  0.00000000e+00,  4.87488010e-01],
        [-5.81027774e-01, -9.32360630e-01, -4.46836409e-01, ...,
         -8.96947555e-02, -4.87488010e-01,  0.00000000e+00]],

       [[ 0.00000000e+00,  5.87296968e-02,  1.87518514e-01, ...,
         -7.13311395e-01, -6.16294546e-01, -5.77689895e-01],
        [-5.87296968e-02,  0.00000000e+00,  1.29506948e-01, ...,
         -7.53240710e-01, -6.61481333e-01, -6.24631243e-01],
        [-1.87518514e-01, -1.29506948e-01,  0.00000000e+00, ...,
         -8.32079846e-01, -7.53035919e-01, -7.20505466e-01],
        ...,
        [ 7.13311395e-01,  7.53240710e-01,  8.32079846e-01, ...,
          0.00000000e+00,  1.29815616e-01,  1.77372569e-01],
        [ 6.16294546e-01,  6.61481333e-01,  7.53035919e-01, ...,
         -1.29815616e-01,  0.00000000e+00,  4.81144381e-02],
        [ 5.77689895e-01,  6.24631243e-01,  7.20505466e-01, ...,
         -1.77372569e-01, -4.81144381e-02,  0.00000000e+00]],

       ...,

       [[ 0.00000000e+00, -3.98427999e-01,  2.00199282e-01, ...,
         -8.94344638e-01, -9.82530841e-01, -9.78657678e-01],
        [ 3.98427999e-01,  0.00000000e+00,  5.73984607e-01, ...,
         -6.42044369e-01, -8.27029525e-01, -8.15748555e-01],
        [-2.00199282e-01, -5.73984607e-01,  0.00000000e+00, ...,
         -9.65803694e-01, -9.99896751e-01, -9.99985363e-01],
        ...,
        [ 8.94344638e-01,  6.42044369e-01,  9.65803694e-01, ...,
          0.00000000e+00, -2.73125952e-01, -2.54045135e-01],
        [ 9.82530841e-01,  8.27029525e-01,  9.99896751e-01, ...,
          2.73125952e-01,  0.00000000e+00,  1.97794334e-02],
        [ 9.78657678e-01,  8.15748555e-01,  9.99985363e-01, ...,
          2.54045135e-01, -1.97794334e-02,  0.00000000e+00]],

       [[ 0.00000000e+00,  1.23589854e-01,  2.32371005e-01, ...,
         -8.31327266e-01, -8.28366929e-01, -8.27879521e-01],
        [-1.23589854e-01,  0.00000000e+00,  1.10382650e-01, ...,
         -8.93642967e-01, -8.91249452e-01, -8.90854774e-01],
        [-2.32371005e-01, -1.10382650e-01,  0.00000000e+00, ...,
         -9.37719434e-01, -9.35863185e-01, -9.35556442e-01],
        ...,
        [ 8.31327266e-01,  8.93642967e-01,  9.37719434e-01, ...,
          0.00000000e+00,  5.30537337e-03,  6.17488379e-03],
        [ 8.28366929e-01,  8.91249452e-01,  9.35863185e-01, ...,
         -5.30537337e-03,  0.00000000e+00,  8.69524669e-04],
        [ 8.27879521e-01,  8.90854774e-01,  9.35556442e-01, ...,
         -6.17488379e-03, -8.69524669e-04,  0.00000000e+00]],

       [[ 0.00000000e+00,  2.35174572e-01,  4.68721338e-01, ...,
          9.98681742e-01,  9.99294053e-01,  9.99321347e-01],
        [-2.35174572e-01,  0.00000000e+00,  2.47834642e-01, ...,
          9.58600331e-01,  9.62431835e-01,  9.62630780e-01],
        [-4.68721338e-01, -2.47834642e-01,  0.00000000e+00, ...,
          8.58122101e-01,  8.65113316e-01,  8.65481064e-01],
        ...,
        [-9.98681742e-01, -9.58600331e-01, -8.58122101e-01, ...,
          0.00000000e+00,  1.37748373e-02,  1.45084142e-02],
        [-9.99294053e-01, -9.62431835e-01, -8.65113316e-01, ...,
         -1.37748373e-02,  0.00000000e+00,  7.33650246e-04],
        [-9.99321347e-01, -9.62630780e-01, -8.65481064e-01, ...,
         -1.45084142e-02, -7.33650246e-04,  0.00000000e+00]]]), 'num': array([ 9.99921401e-01,  5.13974123e-03,  1.00584597e-05,  2.60414047e-03,
        2.65943567e-03,  2.60150737e-03,  8.64827415e-03, -2.10648370e-05,
        2.64416366e-03,  2.63481614e-03,  2.74193961e-03,  1.06920006e-06,
        2.74019659e-03,  2.52943569e-03])}
{'img': array([[[ 0.00000000e+00,  1.48165616e-01,  6.03568302e-01, ...,
         -6.23739441e-01, -6.51631879e-01, -7.25417747e-01],
        [-1.48165616e-01,  0.00000000e+00,  4.78772334e-01, ...,
         -7.32665993e-01, -7.56828392e-01, -8.19394701e-01],
        [-6.03568302e-01, -4.78772334e-01,  0.00000000e+00, ...,
         -9.69083005e-01, -9.77381359e-01, -9.93825177e-01],
        ...,
        [ 6.23739441e-01,  7.32665993e-01,  9.69083005e-01, ...,
          0.00000000e+00, -3.62081267e-02, -1.37684583e-01],
        [ 6.51631879e-01,  7.56828392e-01,  9.77381359e-01, ...,
          3.62081267e-02,  0.00000000e+00, -1.01731014e-01],
        [ 7.25417747e-01,  8.19394701e-01,  9.93825177e-01, ...,
          1.37684583e-01,  1.01731014e-01,  0.00000000e+00]],

       [[ 0.00000000e+00,  6.72559854e-01,  9.85530434e-01, ...,
          6.37830393e-01,  9.32360630e-01,  8.57054222e-01],
        [-6.72559854e-01,  0.00000000e+00,  6.15336705e-01, ...,
         -4.59682886e-02,  4.46836409e-01,  2.87736274e-01],
        [-9.85530434e-01, -6.15336705e-01,  0.00000000e+00, ...,
         -6.50921397e-01, -1.98264640e-01, -3.62501663e-01],
        ...,
        [-6.37830393e-01,  4.59682886e-02,  6.50921397e-01, ...,
          0.00000000e+00,  4.87488010e-01,  3.31456383e-01],
        [-9.32360630e-01, -4.46836409e-01,  1.98264640e-01, ...,
         -4.87488010e-01,  0.00000000e+00, -1.70526171e-01],
        [-8.57054222e-01, -2.87736274e-01,  3.62501663e-01, ...,
         -3.31456383e-01,  1.70526171e-01,  0.00000000e+00]],

       [[ 0.00000000e+00,  1.29506948e-01,  2.59443371e-01, ...,
         -6.61481333e-01, -6.24631243e-01, -6.61481333e-01],
        [-1.29506948e-01,  0.00000000e+00,  1.32186060e-01, ...,
         -7.53035919e-01, -7.20505466e-01, -7.53035919e-01],
        [-2.59443371e-01, -1.32186060e-01,  0.00000000e+00, ...,
         -8.33403676e-01, -8.05847300e-01, -8.33403676e-01],
        ...,
        [ 6.61481333e-01,  7.53035919e-01,  8.33403676e-01, ...,
          0.00000000e+00,  4.81144381e-02,  0.00000000e+00],
        [ 6.24631243e-01,  7.20505466e-01,  8.05847300e-01, ...,
         -4.81144381e-02,  0.00000000e+00, -4.81144381e-02],
        [ 6.61481333e-01,  7.53035919e-01,  8.33403676e-01, ...,
          0.00000000e+00,  4.81144381e-02,  0.00000000e+00]],

       ...,

       [[ 0.00000000e+00,  5.73984607e-01,  8.60915628e-01, ...,
         -8.27029525e-01, -8.15748555e-01, -8.57987066e-01],
        [-5.73984607e-01,  0.00000000e+00,  4.12961230e-01, ...,
         -9.99896751e-01, -9.99985363e-01, -9.97415926e-01],
        [-8.60915628e-01, -4.12961230e-01,  0.00000000e+00, ...,
         -9.04720444e-01, -9.12969605e-01, -8.78726638e-01],
        ...,
        [ 8.27029525e-01,  9.99896751e-01,  9.04720444e-01, ...,
          0.00000000e+00,  1.97794334e-02, -5.75033883e-02],
        [ 8.15748555e-01,  9.99985363e-01,  9.12969605e-01, ...,
         -1.97794334e-02,  0.00000000e+00, -7.72388434e-02],
        [ 8.57987066e-01,  9.97415926e-01,  8.78726638e-01, ...,
          5.75033883e-02,  7.72388434e-02,  0.00000000e+00]],

       [[ 0.00000000e+00,  1.10382650e-01,  2.46524982e-01, ...,
         -8.91249452e-01, -8.90854774e-01, -8.90995058e-01],
        [-1.10382650e-01,  0.00000000e+00,  1.38042660e-01, ...,
         -9.35863185e-01, -9.35556442e-01, -9.35665492e-01],
        [-2.46524982e-01, -1.38042660e-01,  0.00000000e+00, ...,
         -9.75544704e-01, -9.75353212e-01, -9.75421323e-01],
        ...,
        [ 8.91249452e-01,  9.35863185e-01,  9.75544704e-01, ...,
          0.00000000e+00,  8.69524669e-04,  5.60630000e-04],
        [ 8.90854774e-01,  9.35556442e-01,  9.75353212e-01, ...,
         -8.69524669e-04,  0.00000000e+00, -3.08894745e-04],
        [ 8.90995058e-01,  9.35665492e-01,  9.75421323e-01, ...,
         -5.60630000e-04,  3.08894745e-04,  0.00000000e+00]],

       [[ 0.00000000e+00,  4.14316889e-01,  6.50783590e-01, ...,
          9.98630070e-01,  9.98668753e-01,  9.98728437e-01],
        [-4.14316889e-01,  0.00000000e+00,  2.77723823e-01, ...,
          8.87206431e-01,  8.87549711e-01,  8.88088283e-01],
        [-6.50783590e-01, -2.77723823e-01,  0.00000000e+00, ...,
          7.24170396e-01,  7.24683670e-01,  7.25489619e-01],
        ...,
        [-9.98630070e-01, -8.87206431e-01, -7.24170396e-01, ...,
          0.00000000e+00,  7.44575348e-04,  1.91489266e-03],
        [-9.98668753e-01, -8.87549711e-01, -7.24683670e-01, ...,
         -7.44575348e-04,  0.00000000e+00,  1.17031815e-03],
        [-9.98728437e-01, -8.88088283e-01, -7.25489619e-01, ...,
         -1.91489266e-03, -1.17031815e-03,  0.00000000e+00]]]), 'num': array([9.68138341e-01, 2.49198418e-01, 7.24007979e-06, 5.99116602e-03,
       6.06356682e-03, 5.96099902e-03, 1.77530980e-02, 2.41335993e-05,
       6.03219314e-03, 6.02917644e-03, 6.27554027e-03, 2.89440127e-06,
       6.26526978e-03, 5.79308310e-03])}
{'img': array([[[ 0.00000000e+00,  4.78772334e-01,  2.58514512e-01, ...,
         -7.56828392e-01, -8.19394701e-01, -7.88474945e-01],
        [-4.78772334e-01,  0.00000000e+00, -2.35537609e-01, ...,
         -9.77381359e-01, -9.93825177e-01, -9.86709982e-01],
        [-2.58514512e-01,  2.35537609e-01,  0.00000000e+00, ...,
         -9.00070418e-01, -9.39729528e-01, -9.20676325e-01],
        ...,
        [ 7.56828392e-01,  9.77381359e-01,  9.00070418e-01, ...,
          0.00000000e+00, -1.01731014e-01, -4.98579015e-02],
        [ 8.19394701e-01,  9.93825177e-01,  9.39729528e-01, ...,
          1.01731014e-01,  0.00000000e+00,  5.20052575e-02],
        [ 7.88474945e-01,  9.86709982e-01,  9.20676325e-01, ...,
          4.98579015e-02, -5.20052575e-02,  0.00000000e+00]],

       [[ 0.00000000e+00,  6.64265576e-01,  1.20991553e-01, ...,
          4.92810247e-01,  3.24543019e-01,  2.09543799e-01],
        [-6.64265576e-01,  0.00000000e+00, -5.68944793e-01, ...,
         -2.09627916e-01, -3.85714682e-01, -4.92885101e-01],
        [-1.20991553e-01,  5.68944793e-01,  0.00000000e+00, ...,
          3.83910632e-01,  2.07716382e-01,  8.96989426e-02],
        ...,
        [-4.92810247e-01,  2.09627916e-01, -3.83910632e-01, ...,
          0.00000000e+00, -1.83738064e-01, -2.99537724e-01],
        [-3.24543019e-01,  3.85714682e-01, -2.07716382e-01, ...,
          1.83738064e-01,  0.00000000e+00, -1.19136535e-01],
        [-2.09543799e-01,  4.92885101e-01, -8.96989426e-02, ...,
          2.99537724e-01,  1.19136535e-01,  0.00000000e+00]],

       [[ 0.00000000e+00,  1.32186060e-01,  2.17807727e-01, ...,
         -7.20505466e-01, -7.53035919e-01, -7.96959056e-01],
        [-1.32186060e-01,  0.00000000e+00,  8.68839494e-02, ...,
         -8.05847300e-01, -8.33403676e-01, -8.69810464e-01],
        [-2.17807727e-01, -8.68839494e-02,  0.00000000e+00, ...,
         -8.54245960e-01, -8.78269805e-01, -9.09388548e-01],
        ...,
        [ 7.20505466e-01,  8.05847300e-01,  8.54245960e-01, ...,
          0.00000000e+00, -4.81144381e-02, -1.17441350e-01],
        [ 7.53035919e-01,  8.33403676e-01,  8.78269805e-01, ...,
          4.81144381e-02,  0.00000000e+00, -6.95238551e-02],
        [ 7.96959056e-01,  8.69810464e-01,  9.09388548e-01, ...,
          1.17441350e-01,  6.95238551e-02,  0.00000000e+00]],

       ...,

       [[ 0.00000000e+00,  4.12961230e-01, -6.64702677e-02, ...,
         -9.99985363e-01, -9.97415926e-01, -9.81430440e-01],
        [-4.12961230e-01,  0.00000000e+00, -4.72585631e-01, ...,
         -9.12969605e-01, -8.78726638e-01, -9.73049960e-01],
        [ 6.64702677e-02,  4.72585631e-01,  0.00000000e+00, ...,
         -9.97414164e-01, -9.99985496e-01, -9.66509695e-01],
        ...,
        [ 9.99985363e-01,  9.12969605e-01,  9.97414164e-01, ...,
          0.00000000e+00, -7.72388434e-02,  1.86505539e-01],
        [ 9.97415926e-01,  8.78726638e-01,  9.99985496e-01, ...,
          7.72388434e-02,  0.00000000e+00,  2.61831979e-01],
        [ 9.81430440e-01,  9.73049960e-01,  9.66509695e-01, ...,
         -1.86505539e-01, -2.61831979e-01,  0.00000000e+00]],

       [[ 0.00000000e+00,  1.38042660e-01,  2.19083584e-01, ...,
         -9.35556442e-01, -9.35665492e-01, -9.58294835e-01],
        [-1.38042660e-01,  0.00000000e+00,  8.22970752e-02, ...,
         -9.75353212e-01, -9.75421323e-01, -9.88570417e-01],
        [-2.19083584e-01, -8.22970752e-02,  0.00000000e+00, ...,
         -9.90203452e-01, -9.90246536e-01, -9.97624125e-01],
        ...,
        [ 9.35556442e-01,  9.75353212e-01,  9.90203452e-01, ...,
          0.00000000e+00, -3.08894745e-04, -7.10832668e-02],
        [ 9.35665492e-01,  9.75421323e-01,  9.90246536e-01, ...,
          3.08894745e-04,  0.00000000e+00, -7.07751501e-02],
        [ 9.58294835e-01,  9.88570417e-01,  9.97624125e-01, ...,
          7.10832668e-02,  7.07751501e-02,  0.00000000e+00]],

       [[ 0.00000000e+00,  5.39426755e-01,  7.24775603e-01, ...,
          9.94880670e-01,  9.95004218e-01,  9.94480473e-01],
        [-5.39426755e-01,  0.00000000e+00,  2.38627692e-01, ...,
          7.83209207e-01,  7.83973380e-01,  7.80787267e-01],
        [-7.24775603e-01, -2.38627692e-01,  0.00000000e+00, ...,
          6.12214438e-01,  6.13186529e-01,  6.09137348e-01],
        ...,
        [-9.94880670e-01, -7.83209207e-01, -6.12214438e-01, ...,
          0.00000000e+00,  1.23000496e-03, -3.88579716e-03],
        [-9.95004218e-01, -7.83973380e-01, -6.13186529e-01, ...,
         -1.23000496e-03,  0.00000000e+00, -5.11578990e-03],
        [-9.94480473e-01, -7.80787267e-01, -6.09137348e-01, ...,
          3.88579716e-03,  5.11578990e-03,  0.00000000e+00]]]), 'num': array([ 9.82968967e-01,  1.81505154e-01,  8.15324326e-06,  6.07169555e-03,
        6.16434604e-03,  6.05934215e-03,  2.28836214e-02, -6.17669944e-05,
        6.12975652e-03,  6.15940468e-03,  6.41460531e-03,  2.88516882e-06,
        6.39335731e-03,  5.92545205e-03])}
{'img': array([[[ 0.        , -0.23553761, -0.06326664, ..., -0.99382518,
         -0.98670998, -0.99960675],
        [ 0.23553761,  0.        ,  0.1735791 , ..., -0.93972953,
         -0.92067632, -0.96487818],
        [ 0.06326664, -0.1735791 ,  0.        , ..., -0.98481431,
         -0.97445299, -0.9958301 ],
        ...,
        [ 0.99382518,  0.93972953,  0.98481431, ...,  0.        ,
          0.05200526, -0.08304511],
        [ 0.98670998,  0.92067632,  0.97445299, ..., -0.05200526,
          0.        , -0.13475835],
        [ 0.99960675,  0.96487818,  0.9958301 , ...,  0.08304511,
          0.13475835,  0.        ]],

       [[ 0.        , -0.56894479, -0.88556173, ..., -0.38571468,
         -0.4928851 , -0.25868438],
        [ 0.56894479,  0.        , -0.46397725, ...,  0.20771638,
          0.08969894,  0.33684324],
        [ 0.88556173,  0.46397725,  0.        , ...,  0.63786244,
          0.54156647,  0.73525438],
        ...,
        [ 0.38571468, -0.20771638, -0.63786244, ...,  0.        ,
         -0.11913653,  0.1339188 ],
        [ 0.4928851 , -0.08969894, -0.54156647, ...,  0.11913653,
          0.        ,  0.2510284 ],
        [ 0.25868438, -0.33684324, -0.73525438, ..., -0.1339188 ,
         -0.2510284 ,  0.        ]],

       [[ 0.        ,  0.08688395,  0.20213493, ..., -0.83340368,
         -0.86981046, -0.92615443],
        [-0.08688395,  0.        ,  0.11628008, ..., -0.87826981,
         -0.90938855, -0.95541993],
        [-0.20213493, -0.11628008,  0.        , ..., -0.92791314,
         -0.95158611, -0.98327053],
        ...,
        [ 0.83340368,  0.87826981,  0.92791314, ...,  0.        ,
         -0.06952386, -0.19753929],
        [ 0.86981046,  0.90938855,  0.95158611, ...,  0.06952386,
          0.        , -0.12890742],
        [ 0.92615443,  0.95541993,  0.98327053, ...,  0.19753929,
          0.12890742,  0.        ]],

       ...,

       [[ 0.        , -0.47258563, -0.60765365, ..., -0.87872664,
         -0.97304996, -0.96204922],
        [ 0.47258563,  0.        , -0.16018738, ..., -0.9999855 ,
         -0.96650969, -0.97679658],
        [ 0.60765365,  0.16018738,  0.        , ..., -0.98793507,
         -0.91291989, -0.92987563],
        ...,
        [ 0.87872664,  0.9999855 ,  0.98793507, ...,  0.        ,
          0.26183198,  0.2194271 ],
        [ 0.97304996,  0.96650969,  0.91291989, ..., -0.26183198,
          0.        , -0.0436788 ],
        [ 0.96204922,  0.97679658,  0.92987563, ..., -0.2194271 ,
          0.0436788 ,  0.        ]],

       [[ 0.        ,  0.08229708,  0.1808796 , ..., -0.97542132,
         -0.98857042, -0.99993624],
        [-0.08229708,  0.        ,  0.09932643, ..., -0.99024654,
         -0.99762412, -0.99747359],
        [-0.1808796 , -0.09932643,  0.        , ..., -0.99918845,
         -0.99953357, -0.98548501],
        ...,
        [ 0.97542132,  0.99024654,  0.99918845, ...,  0.        ,
         -0.07077515, -0.20931963],
        [ 0.98857042,  0.99762412,  0.99953357, ...,  0.07077515,
          0.        , -0.13958743],
        [ 0.99993624,  0.99747359,  0.98548501, ...,  0.20931963,
          0.13958743,  0.        ]],

       [[ 0.        ,  0.55202502,  0.73727556, ...,  0.98097157,
          0.97986182,  0.97773566],
        [-0.55202502,  0.        ,  0.24181691, ...,  0.71078467,
          0.7068092 ,  0.69942581],
        [-0.73727556, -0.24181691,  0.        , ...,  0.51959357,
          0.51477014,  0.50584037],
        ...,
        [-0.98097157, -0.71078467, -0.51959357, ...,  0.        ,
         -0.00563566, -0.01601862],
        [-0.97986182, -0.7068092 , -0.51477014, ...,  0.00563566,
          0.        , -0.01038343],
        [-0.97773566, -0.69942581, -0.50584037, ...,  0.01601862,
          0.01038343,  0.        ]]]), 'num': array([9.81902999e-01, 1.73811580e-01, 7.80764656e-06, 6.12190469e-03,
       6.12190469e-03, 5.82024562e-03, 7.32796132e-02, 3.07573955e-04,
       5.91133483e-03, 5.90275824e-03, 6.13383304e-03, 3.53127388e-06,
       6.14040043e-03, 5.66511606e-03])}
{'img': array([[[ 0.        ,  0.1735791 ,  0.1735791 , ..., -0.92067632,
         -0.96487818, -0.6490423 ],
        [-0.1735791 ,  0.        ,  0.        , ..., -0.97445299,
         -0.9958301 , -0.7712405 ],
        [-0.1735791 ,  0.        ,  0.        , ..., -0.97445299,
         -0.9958301 , -0.7712405 ],
        ...,
        [ 0.92067632,  0.97445299,  0.97445299, ...,  0.        ,
         -0.13475835,  0.44706796],
        [ 0.96487818,  0.9958301 ,  0.9958301 , ...,  0.13475835,
          0.        ,  0.56353137],
        [ 0.6490423 ,  0.7712405 ,  0.7712405 , ..., -0.44706796,
         -0.56353137,  0.        ]],

       [[ 0.        , -0.38559373, -0.02584108, ...,  0.07250638,
          0.27115027,  0.57700216],
        [ 0.38559373,  0.        ,  0.36162221, ...,  0.4514782 ,
          0.62133011,  0.21745098],
        [ 0.02584108, -0.36162221,  0.        , ...,  0.09825524,
          0.29593273,  0.55570396],
        ...,
        [-0.07250638, -0.4514782 , -0.09825524, ...,  0.        ,
          0.20064651,  0.63470251],
        [-0.27115027, -0.62133011, -0.29593273, ..., -0.20064651,
          0.        ,  0.77684593],
        [-0.57700216, -0.21745098, -0.55570396, ..., -0.63470251,
         -0.77684593,  0.        ]],

       [[ 0.        ,  0.11628008,  0.26670252, ..., -0.90938855,
         -0.95541993, -0.91209489],
        [-0.11628008,  0.        ,  0.15282505, ..., -0.95158611,
         -0.98327053, -0.95358007],
        [-0.26670252, -0.15282505,  0.        , ..., -0.98738379,
         -0.99955757, -0.98840028],
        ...,
        [ 0.90938855,  0.95158611,  0.98738379, ...,  0.        ,
         -0.12890742, -0.0065534 ],
        [ 0.95541993,  0.98327053,  0.99955757, ...,  0.12890742,
          0.        ,  0.12240593],
        [ 0.91209489,  0.95358007,  0.98840028, ...,  0.0065534 ,
         -0.12240593,  0.        ]],

       ...,

       [[ 0.        , -0.16192873, -0.18999559, ..., -0.96789033,
         -0.97795859, -0.79585604],
        [ 0.16192873,  0.        , -0.02850892, ..., -0.91441207,
         -0.93124139, -0.68730714],
        [ 0.18999559,  0.02850892,  0.        , ..., -0.90250042,
         -0.92047415, -0.66631983],
        ...,
        [ 0.96789033,  0.91441207,  0.90250042, ...,  0.        ,
         -0.04373777,  0.38598734],
        [ 0.97795859,  0.93124139,  0.92047415, ...,  0.04373777,
          0.        ,  0.42596624],
        [ 0.79585604,  0.68730714,  0.66631983, ..., -0.38598734,
         -0.42596624,  0.        ]],

       [[ 0.        ,  0.09932643,  0.18162886, ..., -0.99762412,
         -0.99747359, -0.99829776],
        [-0.09932643,  0.        ,  0.08305635, ..., -0.99953357,
         -0.98548501, -0.9991541 ],
        [-0.18162886, -0.08305635,  0.        , ..., -0.99354357,
         -0.96798016, -0.99228637],
        ...,
        [ 0.99762412,  0.99953357,  0.99354357, ...,  0.        ,
         -0.13958743, -0.01059025],
        [ 0.99747359,  0.98548501,  0.96798016, ...,  0.13958743,
          0.        ,  0.12909303],
        [ 0.99829776,  0.9991541 ,  0.99228637, ...,  0.01059025,
         -0.12909303,  0.        ]],

       [[ 0.        ,  0.56157465,  0.75487712, ...,  0.95126144,
          0.94759634,  0.94050016],
        [-0.56157465,  0.        ,  0.25628716, ...,  0.61391699,
          0.6046596 ,  0.58737508],
        [-0.75487712, -0.25628716,  0.        , ...,  0.39110703,
          0.38033575,  0.36034015],
        ...,
        [-0.95126144, -0.61391699, -0.39110703, ...,  0.        ,
         -0.01167456, -0.03319551],
        [-0.94759634, -0.6046596 , -0.38033575, ...,  0.01167456,
          0.        , -0.02152513],
        [-0.94050016, -0.58737508, -0.36034015, ...,  0.03319551,
          0.02152513,  0.        ]]]), 'num': array([9.84385343e-01, 1.72197142e-01, 7.73512573e-06, 6.15294092e-03,
       6.18224064e-03, 6.03574204e-03, 3.23456588e-02, 8.78991560e-05,
       5.91854317e-03, 5.85525578e-03, 6.07148770e-03, 3.76710668e-06,
       6.11754571e-03, 5.59296585e-03])}
{'img': array([[[ 0.        ,  0.        ,  0.06326664, ..., -0.9958301 ,
         -0.7712405 , -0.66824968],
        [ 0.        ,  0.        ,  0.06326664, ..., -0.9958301 ,
         -0.7712405 , -0.66824968],
        [-0.06326664, -0.06326664,  0.        , ..., -0.99960675,
         -0.80996743, -0.71397734],
        ...,
        [ 0.9958301 ,  0.9958301 ,  0.99960675, ...,  0.        ,
          0.56353137,  0.67987234],
        [ 0.7712405 ,  0.7712405 ,  0.80996743, ..., -0.56353137,
          0.        ,  0.14838417],
        [ 0.66824968,  0.66824968,  0.71397734, ..., -0.67987234,
         -0.14838417,  0.        ]],

       [[ 0.        ,  0.36162221,  0.57382924, ...,  0.62133011,
          0.21745098,  0.87153092],
        [-0.36162221,  0.        ,  0.23883564, ...,  0.29593273,
          0.55570396,  0.63523178],
        [-0.57382924, -0.23883564,  0.        , ...,  0.05923053,
          0.73818512,  0.43239027],
        ...,
        [-0.62133011, -0.29593273, -0.05923053, ...,  0.        ,
          0.77684593,  0.37822376],
        [-0.21745098, -0.55570396, -0.73818512, ..., -0.77684593,
          0.        , -0.9573013 ],
        [-0.87153092, -0.63523178, -0.43239027, ..., -0.37822376,
          0.9573013 ,  0.        ]],

       [[ 0.        ,  0.15282505,  0.28929819, ..., -0.98327053,
         -0.95358007, -0.89247391],
        [-0.15282505,  0.        ,  0.13960978, ..., -0.99955757,
         -0.98840028, -0.95092948],
        [-0.28929819, -0.13960978,  0.        , ..., -0.99392094,
         -0.9999232 , -0.98481299],
        ...,
        [ 0.98327053,  0.99955757,  0.99392094, ...,  0.        ,
          0.12240593,  0.28098718],
        [ 0.95358007,  0.98840028,  0.9999232 , ..., -0.12240593,
          0.        ,  0.16139981],
        [ 0.89247391,  0.95092948,  0.98481299, ..., -0.28098718,
         -0.16139981,  0.        ]],

       ...,

       [[ 0.        , -0.02850892, -0.02850892, ..., -0.93124139,
         -0.68730714, -0.56390845],
        [ 0.02850892,  0.        ,  0.        , ..., -0.92047415,
         -0.66631983, -0.54013551],
        [ 0.02850892,  0.        ,  0.        , ..., -0.92047415,
         -0.66631983, -0.54013551],
        ...,
        [ 0.93124139,  0.92047415,  0.92047415, ...,  0.        ,
          0.42596624,  0.56356402],
        [ 0.68730714,  0.66631983,  0.66631983, ..., -0.42596624,
          0.        ,  0.15799943],
        [ 0.56390845,  0.54013551,  0.54013551, ..., -0.56356402,
         -0.15799943,  0.        ]],

       [[ 0.        ,  0.08305635,  0.22754171, ..., -0.98548501,
         -0.9991541 , -0.99172504],
        [-0.08305635,  0.        ,  0.14587788, ..., -0.96798016,
         -0.99228637, -0.99896126],
        [-0.22754171, -0.14587788,  0.        , ..., -0.92100606,
         -0.96358749, -0.99492227],
        ...,
        [ 0.98548501,  0.96798016,  0.92100606, ...,  0.        ,
          0.12909303,  0.29487436],
        [ 0.9991541 ,  0.99228637,  0.96358749, ..., -0.12909303,
          0.        ,  0.16905395],
        [ 0.99172504,  0.99896126,  0.99492227, ..., -0.29487436,
         -0.16905395,  0.        ]],

       [[ 0.        ,  0.58332503,  0.66748379, ...,  0.89598963,
          0.88461752,  0.85771083],
        [-0.58332503,  0.        ,  0.10779824, ...,  0.46871751,
          0.44650613,  0.39675974],
        [-0.66748379, -0.10779824,  0.        , ...,  0.37076282,
          0.34744847,  0.2954973 ],
        ...,
        [-0.89598963, -0.46871751, -0.37076282, ...,  0.        ,
         -0.02497897, -0.07976938],
        [-0.88461752, -0.44650613, -0.34744847, ...,  0.02497897,
          0.        , -0.05484512],
        [-0.85771083, -0.39675974, -0.2954973 , ...,  0.07976938,
          0.05484512,  0.        ]]]), 'num': array([ 9.83616675e-01,  1.74114927e-01,  7.82127294e-06,  6.13258901e-03,
        6.31034521e-03,  6.13258901e-03,  4.34472304e-02, -8.88781015e-05,
        6.03897074e-03,  5.92491051e-03,  6.13071269e-03,  3.68618854e-06,
        6.20098890e-03,  5.64883211e-03])}
{'img': array([[[ 0.        ,  0.06326664,  0.20078886, ..., -0.7712405 ,
         -0.66824968, -0.7712405 ],
        [-0.06326664,  0.        ,  0.13840843, ..., -0.80996743,
         -0.71397734, -0.80996743],
        [-0.20078886, -0.13840843,  0.        , ..., -0.88334475,
         -0.80401474, -0.88334475],
        ...,
        [ 0.7712405 ,  0.80996743,  0.88334475, ...,  0.        ,
          0.14838417,  0.        ],
        [ 0.66824968,  0.71397734,  0.80401474, ..., -0.14838417,
          0.        , -0.14838417],
        [ 0.7712405 ,  0.80996743,  0.88334475, ...,  0.        ,
          0.14838417,  0.        ]],

       [[ 0.        ,  0.23883564, -0.00331092, ...,  0.55570396,
          0.63523178,  0.85869312],
        [-0.23883564,  0.        , -0.24204943, ...,  0.73818512,
          0.43239027,  0.71144164],
        [ 0.00331092,  0.24204943,  0.        , ...,  0.55294828,
          0.63778539,  0.86038522],
        ...,
        [-0.55570396, -0.73818512, -0.55294828, ...,  0.        ,
         -0.9573013 , -0.99869329],
        [-0.63523178, -0.43239027, -0.63778539, ...,  0.9573013 ,
          0.        ,  0.33763719],
        [-0.85869312, -0.71144164, -0.86038522, ...,  0.99869329,
         -0.33763719,  0.        ]],

       [[ 0.        ,  0.13960978,  0.17296357, ..., -0.98840028,
         -0.95092948, -0.90416874],
        [-0.13960978,  0.        ,  0.03376406, ..., -0.9999232 ,
         -0.98481299, -0.95495173],
        [-0.17296357, -0.03376406,  0.        , ..., -0.99977153,
         -0.99011354, -0.96442711],
        ...,
        [ 0.98840028,  0.9999232 ,  0.99977153, ...,  0.        ,
          0.16139981,  0.28490311],
        [ 0.95092948,  0.98481299,  0.99011354, ..., -0.16139981,
          0.        ,  0.12645697],
        [ 0.90416874,  0.95495173,  0.96442711, ..., -0.28490311,
         -0.12645697,  0.        ]],

       ...,

       [[ 0.        ,  0.        ,  0.02850892, ..., -0.66631983,
         -0.54013551, -0.5997255 ],
        [ 0.        ,  0.        ,  0.02850892, ..., -0.66631983,
         -0.54013551, -0.5997255 ],
        [-0.02850892, -0.02850892,  0.        , ..., -0.68730714,
         -0.56390845, -0.62229474],
        ...,
        [ 0.66631983,  0.66631983,  0.68730714, ...,  0.        ,
          0.15799943,  0.08599804],
        [ 0.54013551,  0.54013551,  0.56390845, ..., -0.15799943,
          0.        , -0.07249626],
        [ 0.5997255 ,  0.5997255 ,  0.62229474, ..., -0.08599804,
          0.07249626,  0.        ]],

       [[ 0.        ,  0.14587788,  0.25358479, ..., -0.99228637,
         -0.99896126, -0.99429978],
        [-0.14587788,  0.        ,  0.10976249, ..., -0.96358749,
         -0.99492227, -0.99921694],
        [-0.25358479, -0.10976249,  0.        , ..., -0.92841559,
         -0.9778636 , -0.98883662],
        ...,
        [ 0.99228637,  0.96358749,  0.92841559, ...,  0.        ,
          0.16905395,  0.22905821],
        [ 0.99896126,  0.99492227,  0.9778636 , ..., -0.16905395,
          0.        ,  0.06120206],
        [ 0.99429978,  0.99921694,  0.98883662, ..., -0.22905821,
         -0.06120206,  0.        ]],

       [[ 0.        ,  0.37904035,  0.66797771, ...,  0.78599056,
          0.74145049,  0.72554759],
        [-0.37904035,  0.        ,  0.33605858, ...,  0.49300272,
          0.43178462,  0.41056238],
        [-0.66797771, -0.33605858,  0.        , ...,  0.17194992,
          0.10355547,  0.08025538],
        ...,
        [-0.78599056, -0.49300272, -0.17194992, ...,  0.        ,
         -0.06901238, -0.09233524],
        [-0.74145049, -0.43178462, -0.10355547, ...,  0.06901238,
          0.        , -0.02339753],
        [-0.72554759, -0.41056238, -0.08025538, ...,  0.09233524,
          0.02339753,  0.        ]]]), 'num': array([9.98141752e-01, 3.20382720e-02, 8.90417954e-06, 6.23292568e-03,
       6.26164884e-03, 6.03186356e-03, 4.90038936e-02, 2.87231598e-04,
       5.96063012e-03, 5.76301478e-03, 5.94052391e-03, 4.40977972e-06,
       6.10263090e-03, 5.42339867e-03])}
{'img': array([[[ 0.        ,  0.13840843,  0.13840843, ..., -0.71397734,
         -0.80996743, -0.433841  ],
        [-0.13840843,  0.        ,  0.        , ..., -0.80401474,
         -0.88334475, -0.55436991],
        [-0.13840843,  0.        ,  0.        , ..., -0.80401474,
         -0.88334475, -0.55436991],
        ...,
        [ 0.71397734,  0.80401474,  0.80401474, ...,  0.        ,
         -0.14838417,  0.33952412],
        [ 0.80996743,  0.88334475,  0.88334475, ...,  0.14838417,
          0.        ,  0.47533528],
        [ 0.433841  ,  0.55436991,  0.55436991, ..., -0.33952412,
         -0.47533528,  0.        ]],

       [[ 0.        , -0.24204943, -0.2327957 , ...,  0.43239027,
          0.71144164,  0.85206932],
        [ 0.24204943,  0.        ,  0.00952601, ...,  0.63778539,
          0.86038522,  0.9534278 ],
        [ 0.2327957 , -0.00952601,  0.        , ...,  0.63041938,
          0.85549131,  0.95051129],
        ...,
        [-0.43239027, -0.63778539, -0.63041938, ...,  0.        ,
          0.33763719,  0.54197388],
        [-0.71144164, -0.86038522, -0.85549131, ..., -0.33763719,
          0.        ,  0.22639846],
        [-0.85206932, -0.9534278 , -0.95051129, ..., -0.54197388,
         -0.22639846,  0.        ]],

       [[ 0.        ,  0.03376406,  0.1430386 , ..., -0.98481299,
         -0.95495173, -0.8609528 ],
        [-0.03376406,  0.        ,  0.10954018, ..., -0.99011354,
         -0.96442711, -0.87763718],
        [-0.1430386 , -0.10954018,  0.        , ..., -0.99952041,
         -0.98758037, -0.92486129],
        ...,
        [ 0.98481299,  0.99011354,  0.99952041, ...,  0.        ,
          0.12645697,  0.35148212],
        [ 0.95495173,  0.96442711,  0.98758037, ..., -0.12645697,
          0.        ,  0.23027212],
        [ 0.8609528 ,  0.87763718,  0.92486129, ..., -0.35148212,
         -0.23027212,  0.        ]],

       ...,

       [[ 0.        ,  0.02850892, -0.05820276, ..., -0.54013551,
         -0.5997255 , -0.06613795],
        [-0.02850892,  0.        , -0.0866397 , ..., -0.56390845,
         -0.62229474, -0.09455757],
        [ 0.05820276,  0.0866397 ,  0.        , ..., -0.49023769,
         -0.55213465, -0.00795051],
        ...,
        [ 0.54013551,  0.56390845,  0.49023769, ...,  0.        ,
         -0.07249626,  0.48329263],
        [ 0.5997255 ,  0.62229474,  0.55213465, ...,  0.07249626,
          0.        ,  0.54548842],
        [ 0.06613795,  0.09455757,  0.00795051, ..., -0.48329263,
         -0.54548842,  0.        ]],

       [[ 0.        ,  0.10976249,  0.20182777, ..., -0.99492227,
         -0.99921694, -0.96689106],
        [-0.10976249,  0.        ,  0.0931046 , ..., -0.9778636 ,
         -0.98883662, -0.98905919],
        [-0.20182777, -0.0931046 ,  0.        , ..., -0.95413456,
         -0.9706685 , -0.99849776],
        ...,
        [ 0.99492227,  0.9778636 ,  0.95413456, ...,  0.        ,
          0.06120206,  0.35120776],
        [ 0.99921694,  0.98883662,  0.9706685 , ..., -0.06120206,
          0.        ,  0.29324604],
        [ 0.96689106,  0.98905919,  0.99849776, ..., -0.35120776,
         -0.29324604,  0.        ]],

       [[ 0.        ,  0.58396532,  0.78696793, ...,  0.6772326 ,
          0.65733485,  0.42297302],
        [-0.58396532,  0.        ,  0.27854069, ...,  0.12009936,
          0.0935349 , -0.18579521],
        [-0.78696793, -0.27854069,  0.        , ..., -0.16117822,
         -0.18748637, -0.45213314],
        ...,
        [-0.6772326 , -0.12009936,  0.16117822, ...,  0.        ,
         -0.02671496, -0.30245865],
        [-0.65733485, -0.0935349 ,  0.18748637, ...,  0.02671496,
          0.        , -0.276887  ],
        [-0.42297302,  0.18579521,  0.45213314, ...,  0.30245865,
          0.276887  ,  0.        ]]]), 'num': array([ 9.99442036e-01,  7.24494017e-03,  9.31640466e-06,  6.24023331e-03,
        6.32812392e-03,  6.18163957e-03,  2.76857765e-02, -1.17187480e-04,
        6.17578020e-03,  5.89745993e-03,  6.05331928e-03,  4.12664083e-06,
        6.27772382e-03,  5.51719604e-03])}
{'img': array([[[ 0.        ,  0.        ,  0.1653268 , ..., -0.88334475,
         -0.55436991, -0.70811371],
        [ 0.        ,  0.        ,  0.1653268 , ..., -0.88334475,
         -0.55436991, -0.70811371],
        [-0.1653268 , -0.1653268 ,  0.        , ..., -0.94868152,
         -0.68433774, -0.81510623],
        ...,
        [ 0.88334475,  0.88334475,  0.94868152, ...,  0.        ,
          0.47533528,  0.29181855],
        [ 0.55436991,  0.55436991,  0.68433774, ..., -0.47533528,
          0.        , -0.19790235],
        [ 0.70811371,  0.70811371,  0.81510623, ..., -0.29181855,
          0.19790235,  0.        ]],

       [[ 0.        ,  0.00952601, -0.15238013, ...,  0.86038522,
          0.9534278 ,  0.506622  ],
        [-0.00952601,  0.        , -0.16178799, ...,  0.85549131,
          0.95051129,  0.49838598],
        [ 0.15238013,  0.16178799,  0.        , ...,  0.92799727,
          0.98825473,  0.63208296],
        ...,
        [-0.86038522, -0.85549131, -0.92799727, ...,  0.        ,
          0.22639846, -0.48359986],
        [-0.9534278 , -0.95051129, -0.98825473, ..., -0.22639846,
          0.        , -0.66920721],
        [-0.506622  , -0.49838598, -0.63208296, ...,  0.48359986,
          0.66920721,  0.        ]],

       [[ 0.        ,  0.10954018,  0.21370499, ..., -0.96442711,
         -0.87763718, -0.7678881 ],
        [-0.10954018,  0.        ,  0.10540938, ..., -0.98758037,
         -0.92486129, -0.83343692],
        [-0.21370499, -0.10540938,  0.        , ..., -0.99863983,
         -0.95979648, -0.88704453],
        ...,
        [ 0.96442711,  0.98758037,  0.99863983, ...,  0.        ,
          0.23027212,  0.41480619],
        [ 0.87763718,  0.92486129,  0.95979648, ..., -0.23027212,
          0.        ,  0.19413195],
        [ 0.7678881 ,  0.83343692,  0.88704453, ..., -0.41480619,
         -0.19413195,  0.        ]],

       ...,

       [[ 0.        , -0.0866397 , -0.0866397 , ..., -0.62229474,
         -0.09455757, -0.36265695],
        [ 0.0866397 ,  0.        ,  0.        , ..., -0.55213465,
         -0.00795051, -0.28055175],
        [ 0.0866397 ,  0.        ,  0.        , ..., -0.55213465,
         -0.00795051, -0.28055175],
        ...,
