state_0,state_1,state_2,state_3,state_4,state_5,state_6,state_7,state_8,state_9,state_10,state_11,state_12,state_13,state_14,state_15,state_16,state_17,state_18,state_19,state_20,state_21,state_22,state_23,state_24,state_25,state_26,state_27,state_28,state_29,state_30,state_31,state_32,state_33,state_34,state_35,state_36,state_37,state_38,state_39,state_40,state_41,state_42,state_43,state_44,state_45,state_46,state_47,state_48,state_49,state_50,state_51,state_52,state_53,state_54,state_55,state_56,state_57,state_58,state_59,state_60,state_61,state_62,state_63,state_64,state_65,state_66,state_67,state_68,state_69,state_70,state_71,state_72,state_73,state_74,state_75,state_76,state_77,state_78,state_79,state_80,state_81,state_82,state_83,state_84,state_85,state_86,state_87,state_88,state_89,state_90,state_91,state_92,state_93,state_94,state_95,state_96,state_97,state_98,state_99,state_100,state_101,state_102,state_103,state_104,state_105,state_106,state_107,state_108,state_109,state_110,state_111,state_112,state_113,state_114,state_115,state_116,state_117,state_118,state_119,state_120,state_121,state_122,state_123,state_124,state_125,state_126,state_127,state_128,state_129,state_130,state_131,state_132,state_133,state_134,state_135,state_136,state_137,state_138,state_139,state_140,state_141,state_142,state_143,state_144,state_145,state_146,state_147,state_148,state_149,state_150,state_151,state_152,state_153,state_154,state_155,state_156,state_157,state_158,state_159,state_160,state_161,state_162,state_163,state_164,state_165,state_166,state_167,state_168,state_169,state_170,state_171,state_172,state_173,state_174,state_175,state_176,state_177,state_178,state_179,state_180,state_181,state_182,state_183,state_184,state_185,state_186,state_187,state_188,state_189,state_190,state_191,state_192,state_193,state_194,state_195,state_196,state_197,state_198,state_199,state_200,state_201,state_202,state_203,state_204,state_205,state_206,state_207,state_208,state_209,state_210,state_211,state_212,state_213,state_214,state_215,state_216,state_217,state_218,state_219,state_220,state_221,state_222,state_223,state_224,state_225,state_226,state_227,state_228,state_229,state_230,state_231,state_232,state_233,state_234,state_235,state_236,state_237,state_238,state_239,state_240,state_241,state_242,state_243,state_244,state_245,state_246,state_247,state_248,state_249,state_250,state_251,state_252,state_253,state_254,state_255,state_256,state_257,state_258,state_259,state_260,state_261,state_262,state_263,state_264,state_265,state_266,state_267,state_268,state_269,state_270,state_271,state_272,state_273,state_274,state_275,state_276,state_277,state_278,state_279,state_280,state_281,state_282,state_283,state_284,state_285,state_286,state_287
{'img': array([[[ 0.        , -0.01465959,  0.03662488, ..., -0.90127535,
         -0.99967121, -0.95617692],
        [ 0.01465959,  0.        ,  0.05127069, ..., -0.89482728,
         -0.99918791, -0.95178199],
        [-0.03662488, -0.05127069,  0.        , ..., -0.91653828,
         -0.99993962, -0.96625878],
        ...,
        [ 0.90127535,  0.89482728,  0.91653828, ...,  0.        ,
         -0.40999468, -0.15037657],
        [ 0.99967121,  0.99918791,  0.99993962, ...,  0.40999468,
          0.        ,  0.2681759 ],
        [ 0.95617692,  0.95178199,  0.96625878, ...,  0.15037657,
         -0.2681759 ,  0.        ]],

       [[ 0.        , -0.29767393,  0.01062472, ...,  0.13060899,
         -0.39256185, -0.5384104 ],
        [ 0.29767393,  0.        ,  0.30780021, ...,  0.41981222,
         -0.10098775, -0.26315827],
        [-0.01062472, -0.30780021,  0.        , ...,  0.12006791,
         -0.40231153, -0.54733328],
        ...,
        [-0.13060899, -0.41981222, -0.12006791, ...,  0.        ,
         -0.50932359, -0.6438603 ],
        [ 0.39256185,  0.10098775,  0.40231153, ...,  0.50932359,
          0.        , -0.16438472],
        [ 0.5384104 ,  0.26315827,  0.54733328, ...,  0.6438603 ,
          0.16438472,  0.        ]],

       [[ 0.        , -0.03526496, -0.0656187 , ..., -0.93177442,
         -0.98050044, -0.99476013],
        [ 0.03526496,  0.        , -0.03038892, ..., -0.91839234,
         -0.97296041, -0.99774675],
        [ 0.0656187 ,  0.03038892,  0.        , ..., -0.90594417,
         -0.96549206, -0.99932481],
        ...,
        [ 0.93177442,  0.91839234,  0.90594417, ...,  0.        ,
         -0.17284931, -0.45639679],
        [ 0.98050044,  0.97296041,  0.96549206, ...,  0.17284931,
          0.        , -0.29573001],
        [ 0.99476013,  0.99774675,  0.99932481, ...,  0.45639679,
          0.29573001,  0.        ]],

       ...,

       [[ 0.        ,  0.09519161, -0.16422195, ...,  0.29526688,
          0.43880026,  0.51438377],
        [-0.09519161,  0.        , -0.25737545, ...,  0.20297859,
          0.35126994,  0.4304154 ],
        [ 0.16422195,  0.25737545,  0.        , ...,  0.44815824,
          0.58041017,  0.64823038],
        ...,
        [-0.29526688, -0.20297859, -0.44815824, ...,  0.        ,
          0.15391399,  0.23824077],
        [-0.43880026, -0.35126994, -0.58041017, ..., -0.15391399,
          0.        ,  0.08591974],
        [-0.51438377, -0.4304154 , -0.64823038, ..., -0.23824077,
         -0.08591974,  0.        ]],

       [[ 0.        , -0.06011372, -0.19446118, ..., -0.45377488,
         -0.7185537 , -0.93206046],
        [ 0.06011372,  0.        , -0.13514334, ..., -0.39938593,
         -0.67544684, -0.90859549],
        [ 0.19446118,  0.13514334,  0.        , ..., -0.27182488,
         -0.56959445, -0.8438138 ],
        ...,
        [ 0.45377488,  0.39938593,  0.27182488, ...,  0.        ,
         -0.32472746, -0.66617042],
        [ 0.7185537 ,  0.67544684,  0.56959445, ...,  0.32472746,
          0.        , -0.38788747],
        [ 0.93206046,  0.90859549,  0.8438138 , ...,  0.66617042,
          0.38788747,  0.        ]],

       [[ 0.        , -0.08032683, -0.11177797, ..., -0.83272074,
         -0.91840402, -0.97895924],
        [ 0.08032683,  0.        , -0.03159333, ..., -0.87450629,
         -0.94721709, -0.99218697],
        [ 0.11177797,  0.03159333,  0.        , ..., -0.88939295,
         -0.95687284, -0.99563326],
        ...,
        [ 0.83272074,  0.87450629,  0.88939295, ...,  0.        ,
          0.17905324,  0.3721215 ],
        [ 0.91840402,  0.94721709,  0.95687284, ..., -0.17905324,
          0.        ,  0.19991343],
        [ 0.97895924,  0.99218697,  0.99563326, ..., -0.3721215 ,
         -0.19991343,  0.        ]]]), 'num': array([9.99997214e-01, 1.11803028e-03, 2.37828377e-05, 5.52783168e-04,
       5.54099318e-04, 5.47518566e-04, 1.30033027e-03, 7.89690239e-06,
       5.46202416e-04, 5.79928770e-04, 6.30644432e-04, 5.21921710e-07,
       6.60267732e-04, 4.99589808e-04])}
{'img': array([[[ 0.        ,  0.05127069, -0.11759116, ..., -0.99918791,
         -0.95178199, -0.85527352],
        [-0.05127069,  0.        , -0.16835149, ..., -0.99993962,
         -0.96625878, -0.88071594],
        [ 0.11759116,  0.16835149,  0.        , ..., -0.98751753,
         -0.90910456, -0.7884067 ],
        ...,
        [ 0.99918791,  0.99993962,  0.98751753, ...,  0.        ,
          0.2681759 ,  0.48329443],
        [ 0.95178199,  0.96625878,  0.90910456, ..., -0.2681759 ,
          0.        ,  0.23081464],
        [ 0.85527352,  0.88071594,  0.7884067 , ..., -0.48329443,
         -0.23081464,  0.        ]],

       [[ 0.        ,  0.30780021,  0.45681017, ..., -0.10098775,
         -0.26315827,  0.41802035],
        [-0.30780021,  0.        ,  0.16082445, ..., -0.40231153,
         -0.54733328,  0.11810858],
        [-0.45681017, -0.16082445,  0.        , ..., -0.54430989,
         -0.67480501, -0.04312762],
        ...,
        [ 0.10098775,  0.40231153,  0.54430989, ...,  0.        ,
         -0.16438472,  0.50762437],
        [ 0.26315827,  0.54733328,  0.67480501, ...,  0.16438472,
          0.        ,  0.64234914],
        [-0.41802035, -0.11810858,  0.04312762, ..., -0.50762437,
         -0.64234914,  0.        ]],

       [[ 0.        , -0.03038892, -0.06868641, ..., -0.97296041,
         -0.99774675, -0.9974506 ],
        [ 0.03038892,  0.        , -0.03833753, ..., -0.96549206,
         -0.99932481, -0.99482136],
        [ 0.06868641,  0.03833753,  0.        , ..., -0.95479793,
         -0.99999872, -0.99019343],
        ...,
        [ 0.97296041,  0.96549206,  0.95479793, ...,  0.        ,
         -0.29573001, -0.16095229],
        [ 0.99774675,  0.99932481,  0.99999872, ...,  0.29573001,
          0.        ,  0.13812119],
        [ 0.9974506 ,  0.99482136,  0.99019343, ...,  0.16095229,
         -0.13812119,  0.        ]],

       ...,

       [[ 0.        , -0.25737545, -0.67644757, ...,  0.35126994,
          0.4304154 ,  0.61874935],
        [ 0.25737545,  0.        , -0.46410441, ...,  0.58041017,
          0.64823038,  0.80009579],
        [ 0.67644757,  0.46410441,  0.        , ...,  0.8920475 ,
          0.92757948,  0.98711261],
        ...,
        [-0.35126994, -0.58041017, -0.8920475 , ...,  0.        ,
          0.08591974,  0.30336546],
        [-0.4304154 , -0.64823038, -0.92757948, ..., -0.08591974,
          0.        ,  0.22037292],
        [-0.61874935, -0.80009579, -0.98711261, ..., -0.30336546,
         -0.22037292,  0.        ]],

       [[ 0.        , -0.13514334, -0.2012041 , ..., -0.67544684,
         -0.90859549, -0.99312397],
        [ 0.13514334,  0.        , -0.06697869, ..., -0.56959445,
         -0.8438138 , -0.96819222],
        [ 0.2012041 ,  0.06697869,  0.        , ..., -0.51326385,
         -0.80597575, -0.94925947],
        ...,
        [ 0.67544684,  0.56959445,  0.51326385, ...,  0.        ,
         -0.38788747, -0.6532654 ],
        [ 0.90859549,  0.8438138 ,  0.80597575, ...,  0.38788747,
          0.        , -0.30843827],
        [ 0.99312397,  0.96819222,  0.94925947, ...,  0.6532654 ,
          0.30843827,  0.        ]],

       [[ 0.        , -0.03159333, -0.10706374, ..., -0.94721709,
         -0.99218697, -0.99708437],
        [ 0.03159333,  0.        , -0.07559855, ..., -0.95687284,
         -0.99563326, -0.99899743],
        [ 0.10706374,  0.07559855,  0.        , ..., -0.97609651,
         -0.99984129, -0.999523  ],
        ...,
        [ 0.94721709,  0.95687284,  0.97609651, ...,  0.        ,
          0.19991343,  0.24737888],
        [ 0.99218697,  0.99563326,  0.99984129, ..., -0.19991343,
          0.        ,  0.0486853 ],
        [ 0.99708437,  0.99899743,  0.999523  , ..., -0.24737888,
         -0.0486853 ,  0.        ]]]), 'num': array([9.97682289e-01, 6.80025970e-02, 2.15953477e-05, 6.12840950e-04,
       6.12840950e-04, 5.93622941e-04, 1.61372909e-03, 1.49473402e-05,
       5.96042986e-04, 6.21453465e-04, 6.81005566e-04, 6.87443812e-07,
       6.94890065e-04, 5.48016865e-04])}
{'img': array([[[ 0.        , -0.16835149, -0.21221673, ..., -0.96625878,
         -0.88071594, -0.72917582],
        [ 0.16835149,  0.        , -0.04467088, ..., -0.90910456,
         -0.7884067 , -0.60356095],
        [ 0.21221673,  0.04467088,  0.        , ..., -0.8895886 ,
         -0.76014019, -0.5673416 ],
        ...,
        [ 0.96625878,  0.90910456,  0.8895886 , ...,  0.        ,
          0.23081464,  0.47342023],
        [ 0.88071594,  0.7884067 ,  0.76014019, ..., -0.23081464,
          0.        ,  0.25732681],
        [ 0.72917582,  0.60356095,  0.5673416 , ..., -0.47342023,
         -0.25732681,  0.        ]],

       [[ 0.        ,  0.16082445, -0.00164849, ..., -0.54733328,
          0.11810858,  0.23107355],
        [-0.16082445,  0.        , -0.16245126, ..., -0.67480501,
         -0.04312762,  0.07159373],
        [ 0.00164849,  0.16245126,  0.        , ..., -0.54595289,
          0.11974537,  0.23267711],
        ...,
        [ 0.54733328,  0.67480501,  0.54595289, ...,  0.        ,
          0.64234914,  0.72590927],
        [-0.11810858,  0.04312762, -0.11974537, ..., -0.64234914,
          0.        ,  0.11454407],
        [-0.23107355, -0.07159373, -0.23267711, ..., -0.72590927,
         -0.11454407,  0.        ]],

       [[ 0.        , -0.03833753, -0.08299637, ..., -0.99932481,
         -0.99482136, -0.94406327],
        [ 0.03833753,  0.        , -0.04473009, ..., -0.99999872,
         -0.99019343, -0.93072688],
        [ 0.08299637,  0.04473009,  0.        , ..., -0.99892638,
         -0.98295342, -0.91343686],
        ...,
        [ 0.99932481,  0.99999872,  0.99892638, ...,  0.        ,
          0.13812119,  0.36422776],
        [ 0.99482136,  0.99019343,  0.98295342, ..., -0.13812119,
          0.        ,  0.23210313],
        [ 0.94406327,  0.93072688,  0.91343686, ..., -0.36422776,
         -0.23210313,  0.        ]],

       ...,

       [[ 0.        , -0.46410441, -0.27953122, ...,  0.64823038,
          0.80009579,  0.91737107],
        [ 0.46410441,  0.        ,  0.19800033, ...,  0.92757948,
          0.98711261,  0.99731831],
        [ 0.27953122, -0.19800033,  0.        , ...,  0.83523716,
          0.93588428,  0.99206421],
        ...,
        [-0.64823038, -0.92757948, -0.83523716, ...,  0.        ,
          0.22037292,  0.44050981],
        [-0.80009579, -0.98711261, -0.93588428, ..., -0.22037292,
          0.        ,  0.23184088],
        [-0.91737107, -0.99731831, -0.99206421, ..., -0.44050981,
         -0.23184088,  0.        ]],

       [[ 0.        , -0.06451684, -0.17462678, ..., -0.81059962,
         -0.93748449, -0.90518287],
        [ 0.06451684,  0.        , -0.11073744, ..., -0.77112971,
         -0.91307775, -0.93071812],
        [ 0.17462678,  0.11073744,  0.        , ..., -0.69588293,
         -0.86230492, -0.96549474],
        ...,
        [ 0.81059962,  0.77112971,  0.69588293, ...,  0.        ,
         -0.26688105, -0.87459872],
        [ 0.93748449,  0.91307775,  0.86230492, ...,  0.26688105,
          0.        , -0.71347996],
        [ 0.90518287,  0.93071812,  0.96549474, ...,  0.87459872,
          0.71347996,  0.        ]],

       [[ 0.        , -0.07559855, -0.12784088, ..., -0.99563326,
         -0.99899743, -0.99083251],
        [ 0.07559855,  0.        , -0.0524968 , ..., -0.99984129,
         -0.999523  , -0.97778402],
        [ 0.12784088,  0.0524968 ,  0.        , ..., -0.99939786,
         -0.99652348, -0.96543163],
        ...,
        [ 0.99563326,  0.99984129,  0.99939786, ...,  0.        ,
          0.0486853 ,  0.22700134],
        [ 0.99899743,  0.999523  ,  0.99652348, ..., -0.0486853 ,
          0.        ,  0.17931782],
        [ 0.99083251,  0.97778402,  0.96543163, ..., -0.22700134,
         -0.17931782,  0.        ]]]), 'num': array([9.97833277e-01, 6.57362561e-02, 2.08756338e-05, 6.14434442e-04,
       6.17874724e-04, 5.86224126e-04, 2.13143386e-03, 2.20178075e-05,
       5.84159956e-04, 5.96992210e-04, 6.57529713e-04, 8.31401587e-07,
       6.55707703e-04, 5.38276717e-04])}
{'img': array([[[ 0.        , -0.04467088, -0.05963273, ..., -0.7884067 ,
         -0.60356095, -0.34354524],
        [ 0.04467088,  0.        , -0.01498182, ..., -0.76014019,
         -0.5673416 , -0.30125026],
        [ 0.05963273,  0.01498182,  0.        , ..., -0.7503203 ,
         -0.55494066, -0.28693061],
        ...,
        [ 0.7884067 ,  0.76014019,  0.7503203 , ...,  0.        ,
          0.25732681,  0.52908786],
        [ 0.60356095,  0.5673416 ,  0.55494066, ..., -0.25732681,
          0.        ,  0.29291148],
        [ 0.34354524,  0.30125026,  0.28693061, ..., -0.52908786,
         -0.29291148,  0.        ]],

       [[ 0.        , -0.16245126, -0.10263461, ..., -0.04312762,
          0.07159373,  0.34669855],
        [ 0.16245126,  0.        ,  0.0603221 , ...,  0.11974537,
          0.23267711,  0.49446868],
        [ 0.10263461, -0.0603221 ,  0.        , ...,  0.05963925,
          0.17358689,  0.44113654],
        ...,
        [ 0.04312762, -0.11974537, -0.05963925, ...,  0.        ,
          0.11454407,  0.38682867],
        [-0.07159373, -0.23267711, -0.17358689, ..., -0.11454407,
          0.        ,  0.27865563],
        [-0.34669855, -0.49446868, -0.44113654, ..., -0.38682867,
         -0.27865563,  0.        ]],

       [[ 0.        , -0.04473009, -0.08626805, ..., -0.99019343,
         -0.93072688, -0.83778702],
        [ 0.04473009,  0.        , -0.04161837, ..., -0.98295342,
         -0.91343686, -0.81252598],
        [ 0.08626805,  0.04161837,  0.        , ..., -0.97445004,
         -0.89570758, -0.78756161],
        ...,
        [ 0.99019343,  0.98295342,  0.97445004, ...,  0.        ,
          0.23210313,  0.42360133],
        [ 0.93072688,  0.91343686,  0.89570758, ..., -0.23210313,
          0.        ,  0.20178296],
        [ 0.83778702,  0.81252598,  0.78756161, ..., -0.42360133,
         -0.20178296,  0.        ]],

       ...,

       [[ 0.        ,  0.19800033,  0.29110282, ...,  0.98711261,
          0.99731831,  0.91622265],
        [-0.19800033,  0.        ,  0.09591427, ...,  0.93588428,
          0.99206421,  0.97741593],
        [-0.29110282, -0.09591427,  0.        , ...,  0.89777815,
          0.97543088,  0.9931787 ],
        ...,
        [-0.98711261, -0.93588428, -0.89777815, ...,  0.        ,
          0.23184088,  0.54212643],
        [-0.99731831, -0.99206421, -0.97543088, ..., -0.23184088,
          0.        ,  0.33254033],
        [-0.91622265, -0.97741593, -0.9931787 , ..., -0.54212643,
         -0.33254033,  0.        ]],

       [[ 0.        , -0.10128193, -0.19357975, ..., -0.83313252,
         -0.97235951, -0.89891967],
        [ 0.10128193,  0.        , -0.09321818, ..., -0.77283202,
         -0.94371122, -0.93867019],
        [ 0.19357975,  0.09321818,  0.        , ..., -0.71030963,
         -0.9087682 , -0.96672609],
        ...,
        [ 0.83313252,  0.77283202,  0.71030963, ...,  0.        ,
         -0.34325915, -0.86217516],
        [ 0.97235951,  0.94371122,  0.9087682 , ...,  0.34325915,
          0.        , -0.63589141],
        [ 0.89891967,  0.93867019,  0.96672609, ...,  0.86217516,
          0.63589141,  0.        ]],

       [[ 0.        , -0.0524968 , -0.09901307, ..., -0.999523  ,
         -0.97778402, -0.93123761],
        [ 0.0524968 ,  0.        , -0.04663771, ..., -0.99652348,
         -0.96543163, -0.91082303],
        [ 0.09901307,  0.04663771,  0.        , ..., -0.99155363,
         -0.9522247 , -0.89058002],
        ...,
        [ 0.999523  ,  0.99652348,  0.99155363, ...,  0.        ,
          0.17931782,  0.33547912],
        [ 0.97778402,  0.96543163,  0.9522247 , ..., -0.17931782,
          0.        ,  0.16111548],
        [ 0.93123761,  0.91082303,  0.89058002, ..., -0.33547912,
         -0.16111548,  0.        ]]]), 'num': array([ 9.99611430e-01,  2.77654543e-02,  2.23412868e-05,  6.15092390e-04,
        6.33474461e-04,  6.03780346e-04,  1.72743395e-03, -1.62610632e-05,
        6.06891158e-04,  6.08906116e-04,  6.74834122e-04,  8.40290150e-07,
        6.52034152e-04,  5.65778079e-04])}
{'img': array([[[ 0.        , -0.01498182,  0.11822732, ..., -0.5673416 ,
         -0.30125026, -0.49011895],
        [ 0.01498182,  0.        ,  0.1330908 , ..., -0.55494066,
         -0.28693061, -0.47700496],
        [-0.11822732, -0.1330908 ,  0.        , ..., -0.66072072,
         -0.41187255, -0.58973503],
        ...,
        [ 0.5673416 ,  0.55494066,  0.66072072, ...,  0.        ,
          0.29291148,  0.09092206],
        [ 0.30125026,  0.28693061,  0.41187255, ..., -0.29291148,
          0.        , -0.20476406],
        [ 0.49011895,  0.47700496,  0.58973503, ..., -0.09092206,
          0.20476406,  0.        ]],

       [[ 0.        ,  0.0603221 ,  0.26012121, ...,  0.23267711,
          0.49446868,  0.29473303],
        [-0.0603221 ,  0.        ,  0.20140195, ...,  0.17358689,
          0.44113654,  0.23655374],
        [-0.26012121, -0.20140195,  0.        , ..., -0.02831451,
          0.25135091,  0.0360206 ],
        ...,
        [-0.23267711, -0.17358689,  0.02831451, ...,  0.        ,
          0.27865563,  0.0643023 ],
        [-0.49446868, -0.44113654, -0.25135091, ..., -0.27865563,
          0.        , -0.2163236 ],
        [-0.29473303, -0.23655374, -0.0360206 , ..., -0.0643023 ,
          0.2163236 ,  0.        ]],

       [[ 0.        , -0.04161837, -0.05123406, ..., -0.91343686,
         -0.81252598, -0.73284515],
        [ 0.04161837,  0.        , -0.00962596, ..., -0.89570758,
         -0.78756161, -0.70389326],
        [ 0.05123406,  0.00962596,  0.        , ..., -0.89138596,
         -0.78159325, -0.69702327],
        ...,
        [ 0.91343686,  0.89570758,  0.89138596, ...,  0.        ,
          0.20178296,  0.32324463],
        [ 0.81252598,  0.78756161,  0.78159325, ..., -0.20178296,
          0.        ,  0.12564524],
        [ 0.73284515,  0.70389326,  0.69702327, ..., -0.32324463,
         -0.12564524,  0.        ]],

       ...,

       [[ 0.        ,  0.09851855,  0.7374801 , ...,  0.99293124,
          0.97584611,  0.98177594],
        [-0.09851855,  0.        ,  0.66735606, ...,  0.97640758,
          0.9926211 ,  0.99572249],
        [-0.7374801 , -0.66735606,  0.        , ...,  0.58306262,
          0.82016532,  0.80321316],
        ...,
        [-0.99293124, -0.97640758, -0.58306262, ...,  0.        ,
          0.33273899,  0.30522667],
        [-0.97584611, -0.9926211 , -0.82016532, ..., -0.33273899,
          0.        , -0.02902606],
        [-0.98177594, -0.99572249, -0.80321316, ..., -0.30522667,
          0.02902606,  0.        ]],

       [[ 0.        , -0.08401805, -0.17866173, ..., -0.8497013 ,
         -0.95673567, -0.90255732],
        [ 0.08401805,  0.        , -0.09536378, ..., -0.80239724,
         -0.92890711, -0.93554171],
        [ 0.17866173,  0.09536378,  0.        , ..., -0.74182812,
         -0.88935918, -0.96496201],
        ...,
        [ 0.8497013 ,  0.80239724,  0.74182812, ...,  0.        ,
         -0.25722479, -0.84174195],
        [ 0.95673567,  0.92890711,  0.88935918, ...,  0.25722479,
          0.        , -0.67454814],
        [ 0.90255732,  0.93554171,  0.96496201, ...,  0.84174195,
          0.67454814,  0.        ]],

       [[ 0.        , -0.04663771, -0.05650142, ..., -0.96543163,
         -0.91082303, -0.81328314],
        [ 0.04663771,  0.        , -0.00987674, ..., -0.9522247 ,
         -0.89058002, -0.78526119],
        [ 0.05650142,  0.00987674,  0.        , ..., -0.94916191,
         -0.88604438, -0.77910756],
        ...,
        [ 0.96543163,  0.9522247 ,  0.94916191, ...,  0.        ,
          0.16111548,  0.34976644],
        [ 0.91082303,  0.89058002,  0.88604438, ..., -0.16111548,
          0.        ,  0.194258  ],
        [ 0.81328314,  0.78526119,  0.77910756, ..., -0.34976644,
         -0.194258  ,  0.        ]]]), 'num': array([ 9.99610074e-01,  2.78588132e-02,  2.24164074e-05,  6.15032444e-04,
        6.20707484e-04,  6.13613684e-04,  7.04570385e-04, -2.12813994e-06,
        6.14464940e-04,  6.08612555e-04,  6.76334697e-04,  6.57109877e-07,
        6.45161736e-04,  5.72063373e-04])}
{'img': array([[[ 0.        ,  0.1330908 ,  0.07441951, ..., -0.28693061,
         -0.47700496, -0.50271279],
        [-0.1330908 ,  0.        , -0.05896428, ..., -0.41187255,
         -0.58973503, -0.61329139],
        [-0.07441951,  0.05896428,  0.        , ..., -0.35742523,
         -0.54108959, -0.56565099],
        ...,
        [ 0.28693061,  0.41187255,  0.35742523, ...,  0.        ,
         -0.20476406, -0.23353623],
        [ 0.47700496,  0.58973503,  0.54108959, ...,  0.20476406,
          0.        , -0.02948597],
        [ 0.50271279,  0.61329139,  0.56565099, ...,  0.23353623,
          0.02948597,  0.        ]],

       [[ 0.        ,  0.20011392, -0.26405552, ...,  0.43902123,
          0.23510272, -0.65429987],
        [-0.20011392,  0.        , -0.45172575, ...,  0.25034329,
          0.03584238, -0.7923983 ],
        [ 0.26405552,  0.45172575,  0.        , ...,  0.66068699,
          0.48341252, -0.43138904],
        ...,
        [-0.43902123, -0.25034329, -0.66068699, ...,  0.        ,
         -0.21548138, -0.91987649],
        [-0.23510272, -0.03584238, -0.48341252, ...,  0.21548138,
          0.        , -0.81375314],
        [ 0.65429987,  0.7923983 ,  0.43138904, ...,  0.91987649,
          0.81375314,  0.        ]],

       [[ 0.        , -0.00962596, -0.04338146, ..., -0.78756161,
         -0.70389326, -0.63593211],
        [ 0.00962596,  0.        , -0.03376256, ..., -0.78159325,
         -0.69702327, -0.62847386],
        [ 0.04338146,  0.03376256,  0.        , ..., -0.76008696,
         -0.67241649, -0.601854  ],
        ...,
        [ 0.78756161,  0.78159325,  0.76008696, ...,  0.        ,
          0.12564524,  0.21591253],
        [ 0.70389326,  0.69702327,  0.67241649, ..., -0.12564524,
          0.        ,  0.09151986],
        [ 0.63593211,  0.62847386,  0.601854  , ..., -0.21591253,
         -0.09151986,  0.        ]],

       ...,

       [[ 0.        ,  0.66735606,  0.59427143, ...,  0.9926211 ,
          0.99572249,  0.96348063],
        [-0.66735606,  0.        , -0.09415382, ...,  0.82016532,
          0.80321316,  0.53883811],
        [-0.59427143,  0.09415382,  0.        , ...,  0.87038977,
          0.85573167,  0.61576047],
        ...,
        [-0.9926211 , -0.82016532, -0.87038977, ...,  0.        ,
         -0.02902606, -0.38263129],
        [-0.99572249, -0.80321316, -0.85573167, ...,  0.02902606,
          0.        , -0.35565286],
        [-0.96348063, -0.53883811, -0.61576047, ...,  0.38263129,
          0.35565286,  0.        ]],

       [[ 0.        , -0.09163729, -0.15158965, ..., -0.89237362,
         -0.99811433, -0.9222488 ],
        [ 0.09163729,  0.        , -0.06037354, ..., -0.84726325,
         -0.9882898 , -0.95379508],
        [ 0.15158965,  0.06037354,  0.        , ..., -0.81364891,
         -0.9772747 , -0.97019493],
        ...,
        [ 0.89237362,  0.84726325,  0.81364891, ...,  0.        ,
         -0.39567038, -0.76119733],
        [ 0.99811433,  0.9882898 ,  0.9772747 , ...,  0.39567038,
          0.        , -0.4424777 ],
        [ 0.9222488 ,  0.95379508,  0.97019493, ...,  0.76119733,
          0.4424777 ,  0.        ]],

       [[ 0.        , -0.00987674, -0.03756353, ..., -0.89058002,
         -0.78526119, -0.74595228],
        [ 0.00987674,  0.        , -0.02769193, ..., -0.88604438,
         -0.77910756, -0.739338  ],
        [ 0.03756353,  0.02769193,  0.        , ..., -0.8728666 ,
         -0.76144898, -0.72040853],
        ...,
        [ 0.89058002,  0.88604438,  0.8728666 , ...,  0.        ,
          0.194258  ,  0.25384683],
        [ 0.78526119,  0.77910756,  0.76144898, ..., -0.194258  ,
          0.        ,  0.06111619],
        [ 0.74595228,  0.739338  ,  0.72040853, ..., -0.25384683,
         -0.06111619,  0.        ]]]), 'num': array([9.99638043e-01, 2.67786646e-02, 2.15472731e-05, 6.15733784e-04,
       6.19143163e-04, 5.91186258e-04, 1.94011374e-03, 2.45475263e-05,
       5.99232391e-04, 5.84435688e-04, 6.49804841e-04, 8.01446356e-07,
       6.17048743e-04, 5.51822633e-04])}
{'img': array([[[ 0.        , -0.05896428, -0.16287625, ..., -0.58973503,
         -0.61329139, -0.33575474],
        [ 0.05896428,  0.        , -0.10441596, ..., -0.54108959,
         -0.56565099, -0.27962918],
        [ 0.16287625,  0.10441596,  0.        , ..., -0.45032167,
         -0.4764529 , -0.17785004],
        ...,
        [ 0.58973503,  0.54108959,  0.45032167, ...,  0.        ,
         -0.02948597,  0.28434614],
        [ 0.61329139,  0.56565099,  0.4764529 , ...,  0.02948597,
          0.        ,  0.31249134],
        [ 0.33575474,  0.27962918,  0.17785004, ..., -0.28434614,
         -0.31249134,  0.        ]],

       [[ 0.        , -0.45172575, -0.60906865, ...,  0.03584238,
         -0.7923983 ,  0.17143294],
        [ 0.45172575,  0.        , -0.18511317, ...,  0.48341252,
         -0.43138904,  0.59798338],
        [ 0.60906865,  0.18511317,  0.        , ...,  0.63710452,
         -0.25693062,  0.73601834],
        ...,
        [-0.03584238, -0.48341252, -0.63710452, ...,  0.        ,
         -0.81375314,  0.13601103],
        [ 0.7923983 ,  0.43138904,  0.25693062, ...,  0.81375314,
          0.        ,  0.88524226],
        [-0.17143294, -0.59798338, -0.73601834, ..., -0.13601103,
         -0.88524226,  0.        ]],

       [[ 0.        , -0.03376256, -0.05310589, ..., -0.69702327,
         -0.62847386, -0.519872  ],
        [ 0.03376256,  0.        , -0.0193607 , ..., -0.67241649,
         -0.601854  , -0.49073415],
        [ 0.05310589,  0.0193607 ,  0.        , ..., -0.65796019,
         -0.58627962, -0.47377301],
        ...,
        [ 0.69702327,  0.67241649,  0.65796019, ...,  0.        ,
          0.09151986,  0.22265462],
        [ 0.62847386,  0.601854  ,  0.58627962, ..., -0.09151986,
          0.        ,  0.13249772],
        [ 0.519872  ,  0.49073415,  0.47377301, ..., -0.22265462,
         -0.13249772,  0.        ]],

       ...,

       [[ 0.        , -0.09415382, -0.08776855, ...,  0.80321316,
          0.53883811,  0.79168241],
        [ 0.09415382,  0.        ,  0.00641182, ...,  0.85573167,
          0.61576047,  0.84568715],
        [ 0.08776855, -0.00641182,  0.        , ...,  0.85239648,
          0.61069573,  0.84224792],
        ...,
        [-0.80321316, -0.85573167, -0.85239648, ...,  0.        ,
         -0.35565286, -0.01911066],
        [-0.53883811, -0.61576047, -0.61069573, ...,  0.35565286,
          0.        ,  0.33772674],
        [-0.79168241, -0.84568715, -0.84224792, ...,  0.01911066,
         -0.33772674,  0.        ]],

       [[ 0.        , -0.05952136, -0.15417734, ..., -0.97761172,
         -0.99879443, -0.94973152],
        [ 0.05952136,  0.        , -0.09509431, ..., -0.96335413,
         -0.99994542, -0.96668176],
        [ 0.15417734,  0.09509431,  0.        , ..., -0.93348106,
         -0.99442039, -0.98664337],
        ...,
        [ 0.97761172,  0.96335413,  0.93348106, ...,  0.        ,
         -0.25815298, -0.50589626],
        [ 0.99879443,  0.99994542,  0.99442039, ...,  0.25815298,
          0.        , -0.26606714],
        [ 0.94973152,  0.96668176,  0.98664337, ...,  0.50589626,
          0.26606714,  0.        ]],

       [[ 0.        , -0.02769193, -0.04199265, ..., -0.77910756,
         -0.739338  , -0.72061757],
        [ 0.02769193,  0.        , -0.01430904, ..., -0.76144898,
         -0.72040853, -0.7011415 ],
        [ 0.04199265,  0.01430904,  0.        , ..., -0.75209554,
         -0.71041074, -0.69086705],
        ...,
        [ 0.77910756,  0.76144898,  0.75209554, ...,  0.        ,
          0.06111619,  0.08843265],
        [ 0.739338  ,  0.72040853,  0.71041074, ..., -0.06111619,
          0.        ,  0.02739059],
        [ 0.72061757,  0.7011415 ,  0.69086705, ..., -0.08843265,
         -0.02739059,  0.        ]]]), 'num': array([9.99645564e-01, 2.65216121e-02, 2.13404375e-05, 6.15901235e-04,
       6.30083172e-04, 6.05095950e-04, 1.55669037e-03, 6.07797272e-06,
       6.00368638e-04, 5.79635998e-04, 6.43162068e-04, 7.98982329e-07,
       6.14685836e-04, 5.44586160e-04])}
{'img': array([[[ 0.00000000e+00, -1.04415962e-01, -3.73117890e-01, ...,
         -5.65650987e-01, -2.79629185e-01, -2.10487606e-01],
        [ 1.04415962e-01,  0.00000000e+00, -2.74202868e-01, ...,
         -4.76452902e-01, -1.77850043e-01, -1.07260338e-01],
        [ 3.73117890e-01,  2.74202868e-01,  0.00000000e+00, ...,
         -2.17112193e-01,  9.87980332e-02,  1.69471733e-01],
        ...,
        [ 5.65650987e-01,  4.76452902e-01,  2.17112193e-01, ...,
          0.00000000e+00,  3.12491343e-01,  3.79400941e-01],
        [ 2.79629185e-01,  1.77850043e-01, -9.87980332e-02, ...,
         -3.12491343e-01,  0.00000000e+00,  7.12736693e-02],
        [ 2.10487606e-01,  1.07260338e-01, -1.69471733e-01, ...,
         -3.79400941e-01, -7.12736693e-02,  0.00000000e+00]],

       [[ 0.00000000e+00, -1.85113174e-01,  2.67401909e-01, ...,
         -4.31389040e-01,  5.97983375e-01,  4.39080579e-01],
        [ 1.85113174e-01,  0.00000000e+00,  4.41152752e-01, ...,
         -2.56930621e-01,  7.36018337e-01,  5.97806544e-01],
        [-2.67401909e-01, -4.41152752e-01,  0.00000000e+00, ...,
         -6.56920957e-01,  3.61882958e-01,  1.82844871e-01],
        ...,
        [ 4.31389040e-01,  2.56930621e-01,  6.56920957e-01, ...,
          0.00000000e+00,  8.85242256e-01,  7.83704056e-01],
        [-5.97983375e-01, -7.36018337e-01, -3.61882958e-01, ...,
         -8.85242256e-01,  0.00000000e+00, -1.85329961e-01],
        [-4.39080579e-01, -5.97806544e-01, -1.82844871e-01, ...,
         -7.83704056e-01,  1.85329961e-01,  0.00000000e+00]],

       [[ 0.00000000e+00, -1.93607002e-02, -8.58886276e-02, ...,
         -6.01854000e-01, -4.90734148e-01, -4.02742214e-01],
        [ 1.93607002e-02,  0.00000000e+00, -6.65833715e-02, ...,
         -5.86279616e-01, -4.73773007e-01, -3.84945617e-01],
        [ 8.58886276e-02,  6.65833715e-02,  0.00000000e+00, ...,
         -5.31038810e-01, -4.14085195e-01, -3.22638963e-01],
        ...,
        [ 6.01854000e-01,  5.86279616e-01,  5.31038810e-01, ...,
          0.00000000e+00,  1.32497719e-01,  2.29252655e-01],
        [ 4.90734148e-01,  4.73773007e-01,  4.14085195e-01, ...,
         -1.32497719e-01,  0.00000000e+00,  9.82625050e-02],
        [ 4.02742214e-01,  3.84945617e-01,  3.22638963e-01, ...,
         -2.29252655e-01, -9.82625050e-02,  0.00000000e+00]],

       ...,

       [[ 0.00000000e+00,  6.41181918e-03, -1.73565683e-01, ...,
          6.15760473e-01,  8.45687154e-01,  8.51621645e-01],
        [-6.41181918e-03,  0.00000000e+00, -1.79876618e-01, ...,
          6.10695729e-01,  8.42247917e-01,  8.48243340e-01],
        [ 1.73565683e-01,  1.79876618e-01,  0.00000000e+00, ...,
          7.43172841e-01,  9.25479918e-01,  9.29671653e-01],
        ...,
        [-6.15760473e-01, -6.10695729e-01, -7.43172841e-01, ...,
          0.00000000e+00,  3.37726742e-01,  3.48265968e-01],
        [-8.45687154e-01, -8.42247917e-01, -9.25479918e-01, ...,
         -3.37726742e-01,  0.00000000e+00,  1.12197062e-02],
        [-8.51621645e-01, -8.48243340e-01, -9.29671653e-01, ...,
         -3.48265968e-01, -1.12197062e-02,  0.00000000e+00]],

       [[ 0.00000000e+00, -9.50943115e-02, -1.89214487e-01, ...,
         -9.99945418e-01, -9.66681761e-01, -9.99508656e-01],
        [ 9.50943115e-02,  0.00000000e+00, -9.49805109e-02, ...,
         -9.94420385e-01, -9.86643374e-01, -9.91998515e-01],
        [ 1.89214487e-01,  9.49805109e-02,  0.00000000e+00, ...,
         -9.79905267e-01, -9.97654761e-01, -9.75522575e-01],
        ...,
        [ 9.99945418e-01,  9.94420385e-01,  9.79905267e-01, ...,
          0.00000000e+00, -2.66067139e-01,  2.08993953e-02],
        [ 9.66681761e-01,  9.86643374e-01,  9.97654761e-01, ...,
          2.66067139e-01,  0.00000000e+00,  2.86155091e-01],
        [ 9.99508656e-01,  9.91998515e-01,  9.75522575e-01, ...,
         -2.08993953e-02, -2.86155091e-01,  0.00000000e+00]],

       [[ 0.00000000e+00, -1.43090449e-02, -6.02941163e-02, ...,
         -7.20408534e-01, -7.01141499e-01, -7.20594219e-01],
        [ 1.43090449e-02,  0.00000000e+00, -4.60049317e-02, ...,
         -7.10410742e-01, -6.90867051e-01, -7.10599167e-01],
        [ 6.02941163e-02,  4.60049317e-02,  0.00000000e+00, ...,
         -6.77280881e-01, -6.56874840e-01, -6.77477859e-01],
        ...,
        [ 7.20408534e-01,  7.10410742e-01,  6.77280881e-01, ...,
          0.00000000e+00,  2.73905904e-02, -2.67767526e-04],
        [ 7.01141499e-01,  6.90867051e-01,  6.56874840e-01, ...,
         -2.73905904e-02,  0.00000000e+00, -2.76582565e-02],
        [ 7.20594219e-01,  7.10599167e-01,  6.77477859e-01, ...,
          2.67767526e-04,  2.76582565e-02,  0.00000000e+00]]]), 'num': array([ 9.99644561e-01,  2.65783250e-02,  2.13860711e-05,  6.15864707e-04,
        6.25339548e-04,  6.12480835e-04,  1.18224367e-03, -1.35354881e-06,
        6.03953477e-04,  5.82262858e-04,  6.44198995e-04,  8.27898784e-07,
        6.20478205e-04,  5.44047510e-04])}
{'img': array([[[ 0.        , -0.27420287, -0.09175347, ..., -0.17785004,
         -0.10726034, -0.12283115],
        [ 0.27420287,  0.        ,  0.18480948, ...,  0.09879803,
          0.16947173,  0.15400323],
        [ 0.09175347, -0.18480948,  0.        , ..., -0.08680912,
         -0.01558374, -0.03125434],
        ...,
        [ 0.17785004, -0.09879803,  0.08680912, ...,  0.        ,
          0.07127367,  0.05563036],
        [ 0.10726034, -0.16947173,  0.01558374, ..., -0.07127367,
          0.        , -0.01567442],
        [ 0.12283115, -0.15400323,  0.03125434, ..., -0.05563036,
          0.01567442,  0.        ]],

       [[ 0.        ,  0.44115275,  0.22784514, ...,  0.73601834,
          0.59780654,  0.40093124],
        [-0.44115275,  0.        , -0.22507375, ...,  0.36188296,
          0.18284487, -0.04433509],
        [-0.22784514,  0.22507375,  0.        , ...,  0.56241671,
          0.39943279,  0.18165491],
        ...,
        [-0.73601834, -0.36188296, -0.56241671, ...,  0.        ,
         -0.18532996, -0.40285734],
        [-0.59780654, -0.18284487, -0.39943279, ...,  0.18532996,
          0.        , -0.22625277],
        [-0.40093124,  0.04433509, -0.18165491, ...,  0.40285734,
          0.22625277,  0.        ]],

       [[ 0.        , -0.06658337, -0.09275329, ..., -0.47377301,
         -0.38494562, -0.35570695],
        [ 0.06658337,  0.        , -0.02625112, ..., -0.41408519,
         -0.32263896, -0.29268893],
        [ 0.09275329,  0.02625112,  0.        , ..., -0.39004772,
         -0.29768051, -0.26748654],
        ...,
        [ 0.47377301,  0.41408519,  0.39004772, ...,  0.        ,
          0.09826251,  0.12953483],
        [ 0.38494562,  0.32263896,  0.29768051, ..., -0.09826251,
          0.        ,  0.03147332],
        [ 0.35570695,  0.29268893,  0.26748654, ..., -0.12953483,
         -0.03147332,  0.        ]],

       ...,

       [[ 0.        , -0.17987662,  0.23915022, ...,  0.84224792,
          0.84824334,  0.87804518],
        [ 0.17987662,  0.        ,  0.40990654, ...,  0.92547992,
          0.92967165,  0.94980849],
        [-0.23915022, -0.40990654,  0.        , ...,  0.68888447,
          0.69697395,  0.7381146 ],
        ...,
        [-0.84224792, -0.92547992, -0.68888447, ...,  0.        ,
          0.01121971,  0.07026461],
        [-0.84824334, -0.92967165, -0.69697395, ..., -0.01121971,
          0.        ,  0.05906821],
        [-0.87804518, -0.94980849, -0.7381146 , ..., -0.07026461,
         -0.05906821,  0.        ]],

       [[ 0.        , -0.09498051, -0.19746598, ..., -0.98664337,
         -0.99199851, -0.96265726],
        [ 0.09498051,  0.        , -0.10346294, ..., -0.99765476,
         -0.97552257, -0.93259179],
        [ 0.19746598,  0.10346294,  0.        , ..., -0.99938237,
         -0.94753582, -0.89024368],
        ...,
        [ 0.98664337,  0.99765476,  0.99938237, ...,  0.        ,
          0.28615509,  0.42391944],
        [ 0.99199851,  0.97552257,  0.94753582, ..., -0.28615509,
          0.        ,  0.14702189],
        [ 0.96265726,  0.93259179,  0.89024368, ..., -0.42391944,
         -0.14702189,  0.        ]],

       [[ 0.        , -0.04600493, -0.04719783, ..., -0.69086705,
         -0.71059917, -0.72770747],
        [ 0.04600493,  0.        , -0.00119419, ..., -0.65687484,
         -0.67747786, -0.69538277],
        [ 0.04719783,  0.00119419,  0.        , ..., -0.65597395,
         -0.676599  , -0.69452408],
        ...,
        [ 0.69086705,  0.65687484,  0.65597395, ...,  0.        ,
         -0.02765826, -0.05226211],
        [ 0.71059917,  0.67747786,  0.676599  , ...,  0.02765826,
          0.        , -0.02462166],
        [ 0.72770747,  0.69538277,  0.69452408, ...,  0.05226211,
          0.02462166,  0.        ]]]), 'num': array([ 9.99987967e-01,  4.50918163e-03,  2.23954732e-05,  6.16014100e-04,
        6.24329251e-04,  6.11856524e-04,  8.32914812e-04, -1.45515142e-05,
