state_0,state_1,state_2,state_3,state_4,state_5,state_6,state_7,state_8,state_9,state_10,state_11,state_12,state_13,state_14,state_15,state_16,state_17,state_18,state_19,state_20,state_21,state_22,state_23,state_24,state_25,state_26,state_27,state_28,state_29,state_30,state_31,state_32,state_33,state_34,state_35,state_36,state_37,state_38,state_39,state_40,state_41,state_42,state_43,state_44,state_45,state_46,state_47,state_48,state_49,state_50,state_51,state_52,state_53,state_54,state_55,state_56,state_57,state_58,state_59,state_60,state_61,state_62,state_63,state_64,state_65,state_66,state_67,state_68,state_69,state_70,state_71,state_72,state_73,state_74,state_75,state_76,state_77,state_78,state_79,state_80,state_81,state_82,state_83,state_84,state_85,state_86,state_87,state_88,state_89,state_90,state_91,state_92,state_93,state_94,state_95,state_96,state_97,state_98,state_99,state_100,state_101,state_102,state_103,state_104,state_105,state_106,state_107,state_108,state_109,state_110,state_111,state_112,state_113,state_114,state_115,state_116,state_117,state_118,state_119,state_120,state_121,state_122,state_123,state_124,state_125,state_126,state_127,state_128,state_129,state_130,state_131,state_132,state_133,state_134,state_135,state_136,state_137,state_138,state_139,state_140,state_141,state_142,state_143,state_144,state_145,state_146,state_147,state_148,state_149,state_150,state_151,state_152,state_153,state_154,state_155,state_156,state_157,state_158,state_159,state_160,state_161,state_162,state_163,state_164,state_165,state_166,state_167,state_168,state_169,state_170,state_171,state_172,state_173,state_174,state_175,state_176,state_177,state_178,state_179,state_180,state_181,state_182,state_183,state_184,state_185,state_186,state_187,state_188,state_189,state_190,state_191,state_192,state_193,state_194,state_195,state_196,state_197,state_198,state_199,state_200,state_201,state_202,state_203,state_204,state_205,state_206,state_207,state_208,state_209,state_210,state_211,state_212,state_213,state_214,state_215,state_216,state_217,state_218,state_219,state_220,state_221,state_222,state_223,state_224,state_225,state_226,state_227,state_228,state_229,state_230,state_231,state_232,state_233,state_234,state_235,state_236,state_237,state_238,state_239,state_240,state_241,state_242,state_243,state_244,state_245,state_246,state_247,state_248,state_249,state_250,state_251,state_252,state_253,state_254,state_255,state_256,state_257,state_258,state_259,state_260,state_261,state_262,state_263,state_264,state_265,state_266,state_267,state_268,state_269,state_270,state_271,state_272,state_273,state_274,state_275,state_276,state_277,state_278,state_279,state_280,state_281,state_282,state_283,state_284,state_285,state_286,state_287
{'img': array([[[ 0.00000000e+00,  4.65968252e-02, -1.19142844e-01, ...,
          9.99998401e-01,  9.98210762e-01,  8.82347167e-01],
        [-4.65968252e-02,  0.00000000e+00, -1.65278351e-01, ...,
          9.98995509e-01,  9.94340292e-01,  9.03317164e-01],
        [ 1.19142844e-01,  1.65278351e-01,  0.00000000e+00, ...,
          9.92662476e-01,  9.98224609e-01,  8.19993806e-01],
        ...,
        [-9.99998401e-01, -9.98995509e-01, -9.92662476e-01, ...,
          0.00000000e+00, -6.15785729e-02,  4.69020429e-01],
        [-9.98210762e-01, -9.94340292e-01, -9.98224609e-01, ...,
          6.15785729e-02,  0.00000000e+00,  5.22515755e-01],
        [-8.82347167e-01, -9.03317164e-01, -8.19993806e-01, ...,
         -4.69020429e-01, -5.22515755e-01,  0.00000000e+00]],

       [[ 0.00000000e+00, -1.76340697e-01, -9.86856499e-02, ...,
          4.64061332e-01,  4.26316785e-01,  6.67436344e-01],
        [ 1.76340697e-01,  0.00000000e+00,  7.83407518e-02, ...,
          6.12992247e-01,  5.79149255e-01,  7.88292150e-01],
        [ 9.86856499e-02, -7.83407518e-02,  0.00000000e+00, ...,
          5.49212142e-01,  5.13504254e-01,  7.37666291e-01],
        ...,
        [-4.64061332e-01, -6.12992247e-01, -5.49212142e-01, ...,
          0.00000000e+00, -4.21450666e-02,  2.45646069e-01],
        [-4.26316785e-01, -5.79149255e-01, -5.13504254e-01, ...,
          4.21450666e-02,  0.00000000e+00,  2.86281537e-01],
        [-6.67436344e-01, -7.88292150e-01, -7.37666291e-01, ...,
         -2.45646069e-01, -2.86281537e-01,  0.00000000e+00]],

       [[ 0.00000000e+00, -1.81655899e-01, -3.35111902e-01, ...,
          6.58466067e-01,  5.05750229e-01,  7.85171051e-01],
        [ 1.81655899e-01,  0.00000000e+00, -1.58384111e-01, ...,
          5.10794491e-01,  3.40624734e-01,  6.59611825e-01],
        [ 3.35111902e-01,  1.58384111e-01,  0.00000000e+00, ...,
          3.68183754e-01,  1.87412587e-01,  5.32243405e-01],
        ...,
        [-6.58466067e-01, -5.10794491e-01, -3.68183754e-01, ...,
          0.00000000e+00,  1.87412587e-01, -1.83153735e-01],
        [-5.05750229e-01, -3.40624734e-01, -1.87412587e-01, ...,
         -1.87412587e-01,  0.00000000e+00, -3.64150856e-01],
        [-7.85171051e-01, -6.59611825e-01, -5.32243405e-01, ...,
          1.83153735e-01,  3.64150856e-01,  0.00000000e+00]],

       ...,

       [[ 0.00000000e+00,  1.48365740e-02, -3.08067728e-01, ...,
          9.38120802e-01,  8.98762224e-01,  9.52266388e-01],
        [-1.48365740e-02,  0.00000000e+00, -3.22148808e-01, ...,
          9.32879518e-01,  8.92158405e-01,  9.47632439e-01],
        [ 3.08067728e-01,  3.22148808e-01,  0.00000000e+00, ...,
          9.99181137e-01,  9.90118510e-01,  9.99995675e-01],
        ...,
        [-9.38120802e-01, -9.32879518e-01, -9.99181137e-01, ...,
          0.00000000e+00, -1.00057579e-01,  4.33991174e-02],
        [-8.98762224e-01, -8.92158405e-01, -9.90118510e-01, ...,
          1.00057579e-01,  0.00000000e+00,  1.43144631e-01],
        [-9.52266388e-01, -9.47632439e-01, -9.99995675e-01, ...,
         -4.33991174e-02, -1.43144631e-01,  0.00000000e+00]],

       [[ 0.00000000e+00, -5.09073197e-02, -7.31455833e-02, ...,
         -1.54387087e-01, -1.53471162e-01,  2.96583220e-01],
        [ 5.09073197e-02,  0.00000000e+00, -2.22797885e-02, ...,
         -1.03889942e-01, -1.02967941e-01,  3.44815512e-01],
        [ 7.31455833e-02,  2.22797885e-02,  0.00000000e+00, ...,
         -8.17049260e-02, -8.07810180e-02,  3.65643300e-01],
        ...,
        [ 1.54387087e-01,  1.03889942e-01,  8.17049260e-02, ...,
          0.00000000e+00,  9.26972195e-04,  4.40468067e-01],
        [ 1.53471162e-01,  1.02967941e-01,  8.07810180e-02, ...,
         -9.26972195e-04,  0.00000000e+00,  4.39635672e-01],
        [-2.96583220e-01, -3.44815512e-01, -3.65643300e-01, ...,
         -4.40468067e-01, -4.39635672e-01,  0.00000000e+00]],

       [[ 0.00000000e+00, -2.98654205e-01, -5.70436989e-01, ...,
          4.64046801e-01,  7.69485613e-01,  9.75546472e-01],
        [ 2.98654205e-01,  0.00000000e+00, -2.99105985e-01, ...,
          7.07419437e-01,  9.25107093e-01,  9.96666073e-01],
        [ 5.70436989e-01,  2.99105985e-01,  0.00000000e+00, ...,
          8.86440013e-01,  9.96328018e-01,  9.26634884e-01],
        ...,
        [-4.64046801e-01, -7.07419437e-01, -8.86440013e-01, ...,
          0.00000000e+00,  3.85248522e-01,  7.62155124e-01],
        [-7.69485613e-01, -9.25107093e-01, -9.96328018e-01, ...,
         -3.85248522e-01,  0.00000000e+00,  4.53918797e-01],
        [-9.75546472e-01, -9.96666073e-01, -9.26634884e-01, ...,
         -7.62155124e-01, -4.53918797e-01,  0.00000000e+00]]]), 'num': array([9.99992187e-01, 1.44923815e-03, 1.30018613e-05, 9.01212048e-04,
       9.08252767e-04, 8.64834999e-04, 2.81597082e-03, 2.22956106e-05,
       8.57794280e-04, 7.99356311e-04, 7.27814782e-04, 7.56292080e-07,
       9.18107454e-04, 6.80605167e-04])}
{'img': array([[[ 0.        , -0.16527835, -0.10012107, ...,  0.99434029,
          0.90331716,  0.74635707],
        [ 0.16527835,  0.        ,  0.06570377, ...,  0.99822461,
          0.81999381,  0.62609209],
        [ 0.10012107, -0.06570377,  0.        , ...,  0.99998106,
          0.85582897,  0.67597167],
        ...,
        [-0.99434029, -0.99822461, -0.99998106, ...,  0.        ,
          0.52251575,  0.74107348],
        [-0.90331716, -0.81999381, -0.85582897, ..., -0.52251575,
          0.        ,  0.28103163],
        [-0.74635707, -0.62609209, -0.67597167, ..., -0.74107348,
         -0.28103163,  0.        ]],

       [[ 0.        ,  0.07834075, -0.01605971, ...,  0.57914925,
          0.78829215,  0.54593999],
        [-0.07834075,  0.        , -0.094341  , ...,  0.51350425,
          0.73766629,  0.47862634],
        [ 0.01605971,  0.094341  ,  0.        , ...,  0.59216679,
          0.79807205,  0.5593248 ],
        ...,
        [-0.57914925, -0.51350425, -0.59216679, ...,  0.        ,
          0.28628154, -0.04016327],
        [-0.78829215, -0.73766629, -0.79807205, ..., -0.28628154,
          0.        , -0.32453281],
        [-0.54593999, -0.47862634, -0.5593248 , ...,  0.04016327,
          0.32453281,  0.        ]],

       [[ 0.        , -0.15750559, -0.22889786, ...,  0.52724028,
          0.69808265,  0.33881136],
        [ 0.15750559,  0.        , -0.07271689, ...,  0.38682426,
          0.57659254,  0.18639253],
        [ 0.22889786,  0.07271689,  0.        , ...,  0.31874405,
          0.51565406,  0.11445652],
        ...,
        [-0.52724028, -0.38682426, -0.31874405, ...,  0.        ,
         -0.21565906,  0.20816279],
        [-0.69808265, -0.57659254, -0.51565406, ...,  0.21565906,
          0.        ,  0.41419933],
        [-0.33881136, -0.18639253, -0.11445652, ..., -0.20816279,
         -0.41419933,  0.        ]],

       ...,

       [[ 0.        , -0.32214881, -0.6999391 , ...,  0.8921584 ,
          0.94763244,  0.9500625 ],
        [ 0.32214881,  0.        , -0.43254518, ...,  0.99011851,
          0.99999567,  0.99994341],
        [ 0.6999391 ,  0.43254518,  0.        , ...,  0.95336016,
          0.90033618,  0.89695982],
        ...,
        [-0.8921584 , -0.99011851, -0.95336016, ...,  0.        ,
          0.14314463,  0.15075811],
        [-0.94763244, -0.99999567, -0.90033618, ..., -0.14314463,
          0.        ,  0.00769699],
        [-0.9500625 , -0.99994341, -0.89695982, ..., -0.15075811,
         -0.00769699,  0.        ]],

       [[ 0.        , -0.01322591, -0.05778947, ..., -0.06517328,
          0.11297269,  0.55915828],
        [ 0.01322591,  0.        , -0.04458061, ..., -0.05196979,
          0.12610405,  0.57007445],
        [ 0.05778947,  0.04458061,  0.        , ..., -0.00739776,
          0.17020339,  0.6061348 ],
        ...,
        [ 0.06517328,  0.05196979,  0.00739776, ...,  0.        ,
          0.17748855,  0.61200211],
        [-0.11297269, -0.12610405, -0.17020339, ..., -0.17748855,
          0.        ,  0.46191735],
        [-0.55915828, -0.57007445, -0.6061348 , ..., -0.61200211,
         -0.46191735,  0.        ]],

       [[ 0.        , -0.28624504, -0.53711045, ...,  0.86175925,
          0.9425682 ,  0.99125047],
        [ 0.28624504,  0.        , -0.27318473, ...,  0.97091729,
          0.99873758,  0.9119903 ],
        [ 0.53711045,  0.27318473,  0.        , ...,  0.99938971,
          0.97446979,  0.76523604],
        ...,
        [-0.86175925, -0.97091729, -0.99938971, ...,  0.        ,
          0.19034186,  0.61662601],
        [-0.9425682 , -0.99873758, -0.97446979, ..., -0.19034186,
          0.        ,  0.45550496],
        [-0.99125047, -0.9119903 , -0.76523604, ..., -0.61662601,
         -0.45550496,  0.        ]]]), 'num': array([9.81957872e-01, 1.88937260e-01, 9.83896540e-06, 1.37438581e-03,
       1.39825851e-03, 1.32493520e-03, 6.99054229e-03, 6.47973458e-05,
       1.26798175e-03, 1.17871488e-03, 1.06489322e-03, 1.13267672e-06,
       1.36387367e-03, 9.93556085e-04])}
{'img': array([[[ 0.00000000e+00,  6.23503442e-02,  5.43196818e-01, ...,
          9.23735762e-01,  8.35989961e-01,  2.11590125e-01],
        [-6.23503442e-02,  0.00000000e+00,  4.89790248e-01, ...,
          9.45820546e-01,  8.68577819e-01,  2.72117077e-01],
        [-5.43196818e-01, -4.89790248e-01,  0.00000000e+00, ...,
          9.83634390e-01,  9.99978075e-01,  7.08550232e-01],
        ...,
        [-9.23735762e-01, -9.45820546e-01, -9.83634390e-01, ...,
          0.00000000e+00,  1.86685618e-01,  8.21775553e-01],
        [-8.35989961e-01, -8.68577819e-01, -9.99978075e-01, ...,
         -1.86685618e-01,  0.00000000e+00,  7.00952919e-01],
        [-2.11590125e-01, -2.72117077e-01, -7.08550232e-01, ...,
         -8.21775553e-01, -7.00952919e-01,  0.00000000e+00]],

       [[ 0.00000000e+00, -9.43410044e-02,  4.78204965e-01, ...,
          7.37666291e-01,  4.78626338e-01,  8.30666884e-01],
        [ 9.43410044e-02,  0.00000000e+00,  5.58926966e-01, ...,
          7.98072047e-01,  5.59324802e-01,  8.79488276e-01],
        [-4.78204965e-01, -5.58926966e-01,  0.00000000e+00, ...,
          3.24986648e-01,  4.79851260e-04,  4.63281700e-01],
        ...,
        [-7.37666291e-01, -7.98072047e-01, -3.24986648e-01, ...,
          0.00000000e+00, -3.24532806e-01,  1.50127357e-01],
        [-4.78626338e-01, -5.59324802e-01, -4.79851260e-04, ...,
          3.24532806e-01,  0.00000000e+00,  4.62856397e-01],
        [-8.30666884e-01, -8.79488276e-01, -4.63281700e-01, ...,
         -1.50127357e-01, -4.62856397e-01,  0.00000000e+00]],

       [[ 0.00000000e+00, -7.03216125e-02,  1.46054158e-01, ...,
          7.48880308e-01,  6.40448516e-01,  1.80327869e-01],
        [ 7.03216125e-02,  0.00000000e+00,  2.15260108e-01, ...,
          7.00423855e-01,  5.84855927e-01,  1.10712645e-01],
        [-1.46054158e-01, -2.15260108e-01,  0.00000000e+00, ...,
          8.37640623e-01,  7.45750483e-01,  3.22053968e-01],
        ...,
        [-7.48880308e-01, -7.00423855e-01, -8.37640623e-01, ...,
          0.00000000e+00,  1.50712293e-01,  6.17099352e-01],
        [-6.40448516e-01, -5.84855927e-01, -7.45750483e-01, ...,
         -1.50712293e-01,  0.00000000e+00,  4.91457358e-01],
        [-1.80327869e-01, -1.10712645e-01, -3.22053968e-01, ...,
         -6.17099352e-01, -4.91457358e-01,  0.00000000e+00]],

       ...,

       [[ 0.00000000e+00, -4.32545183e-01,  4.31089513e-01, ...,
          9.99995675e-01,  9.99943415e-01,  9.97765990e-01],
        [ 4.32545183e-01,  0.00000000e+00,  7.78965073e-01, ...,
          9.00336177e-01,  8.96959815e-01,  8.70701473e-01],
        [-4.31089513e-01, -7.78965073e-01,  0.00000000e+00, ...,
          9.03573165e-01,  9.06844049e-01,  9.29092726e-01],
        ...,
        [-9.99995675e-01, -9.00336177e-01, -9.03573165e-01, ...,
          0.00000000e+00,  7.69698816e-03,  6.38710368e-02],
        [-9.99943415e-01, -8.96959815e-01, -9.06844049e-01, ...,
         -7.69698816e-03,  0.00000000e+00,  5.61878727e-02],
        [-9.97765990e-01, -8.70701473e-01, -9.29092726e-01, ...,
         -6.38710368e-02, -5.61878727e-02,  0.00000000e+00]],

       [[ 0.00000000e+00, -3.21214507e-02, -1.02896311e-01, ...,
          8.44217880e-02,  2.50765008e-01,  7.39340035e-01],
        [ 3.21214507e-02,  0.00000000e+00, -7.08922613e-02, ...,
          1.16385005e-01,  2.81730712e-01,  7.60586924e-01],
        [ 1.02896311e-01,  7.08922613e-02,  0.00000000e+00, ...,
          1.86502667e-01,  3.49042536e-01,  8.04699087e-01],
        ...,
        [-8.44217880e-02, -1.16385005e-01, -1.86502667e-01, ...,
          0.00000000e+00,  1.68145462e-01,  6.79856759e-01],
        [-2.50765008e-01, -2.81730712e-01, -3.49042536e-01, ...,
         -1.68145462e-01,  0.00000000e+00,  5.46868469e-01],
        [-7.39340035e-01, -7.60586924e-01, -8.04699087e-01, ...,
         -6.79856759e-01, -5.46868469e-01,  0.00000000e+00]],

       [[ 0.00000000e+00, -2.68479373e-01, -3.93222417e-01, ...,
          9.90943883e-01,  9.93927093e-01,  9.04668007e-01],
        [ 2.68479373e-01,  0.00000000e+00, -1.31933845e-01, ...,
          9.90612320e-01,  9.27891859e-01,  7.57049857e-01],
        [ 3.93222417e-01,  1.31933845e-01,  0.00000000e+00, ...,
          9.63917385e-01,  8.70589255e-01,  6.64232208e-01],
        ...,
        [-9.90943883e-01, -9.90612320e-01, -9.63917385e-01, ...,
          0.00000000e+00,  2.42505267e-01,  5.43733944e-01],
        [-9.93927093e-01, -9.27891859e-01, -8.70589255e-01, ...,
         -2.42505267e-01,  0.00000000e+00,  3.23979135e-01],
        [-9.04668007e-01, -7.57049857e-01, -6.64232208e-01, ...,
         -5.43733944e-01, -3.23979135e-01,  0.00000000e+00]]]), 'num': array([ 9.81764468e-01,  1.90042554e-01,  9.89652392e-06,  1.37213503e-03,
        1.39957773e-03,  1.34469233e-03,  3.06895152e-03, -1.02910127e-05,
        1.30935986e-03,  1.20259060e-03,  1.07844096e-03,  1.09186184e-06,
        1.39181119e-03,  1.01337001e-03])}
{'img': array([[[ 0.00000000e+00,  4.89790248e-01,  4.51355843e-01, ...,
          8.68577819e-01,  2.72117077e-01,  5.46083316e-01],
        [-4.89790248e-01,  0.00000000e+00, -4.35511992e-02, ...,
          9.99978075e-01,  7.08550232e-01,  8.86409855e-01],
        [-4.51355843e-01,  4.35511992e-02,  0.00000000e+00, ...,
          9.98740898e-01,  6.77145602e-01,  8.65408921e-01],
        ...,
        [-8.68577819e-01, -9.99978075e-01, -9.98740898e-01, ...,
          0.00000000e+00,  7.00952919e-01,  4.57021339e-01],
        [-2.72117077e-01, -7.08550232e-01, -6.77145602e-01, ...,
         -7.00952919e-01,  0.00000000e+00, -2.97515522e-01],
        [-5.46083316e-01, -8.86409855e-01, -8.65408921e-01, ...,
         -4.57021339e-01,  2.97515522e-01,  0.00000000e+00]],

       [[ 0.00000000e+00,  5.58926966e-01, -2.49833877e-02, ...,
          5.59324802e-01,  8.79488276e-01,  3.85775175e-01],
        [-5.58926966e-01,  0.00000000e+00, -5.79469153e-01, ...,
          4.79851260e-04,  4.63281700e-01, -1.95770716e-01],
        [ 2.49833877e-02,  5.79469153e-01,  0.00000000e+00, ...,
          5.79860162e-01,  8.91103866e-01,  4.08704256e-01],
        ...,
        [-5.59324802e-01, -4.79851260e-04, -5.79860162e-01, ...,
          0.00000000e+00,  4.62856397e-01, -1.96241260e-01],
        [-8.79488276e-01, -4.63281700e-01, -8.91103866e-01, ...,
         -4.62856397e-01,  0.00000000e+00, -6.27811235e-01],
        [-3.85775175e-01,  1.95770716e-01, -4.08704256e-01, ...,
          1.96241260e-01,  6.27811235e-01,  0.00000000e+00]],

       [[ 0.00000000e+00,  2.05134964e-01,  3.39503859e-01, ...,
          7.85221747e-01,  6.61160381e-01,  1.05506581e-01],
        [-2.05134964e-01,  0.00000000e+00,  1.39332963e-01, ...,
          8.95545561e-01,  8.01001341e-01,  3.07252871e-01],
        [-3.39503859e-01, -1.39332963e-01,  0.00000000e+00, ...,
          9.48809006e-01,  8.76601472e-01,  4.36848936e-01],
        ...,
        [-7.85221747e-01, -8.95545561e-01, -9.48809006e-01, ...,
          0.00000000e+00,  1.79708162e-01,  7.15507891e-01],
        [-6.61160381e-01, -8.01001341e-01, -8.76601472e-01, ...,
         -1.79708162e-01,  0.00000000e+00,  5.78314442e-01],
        [-1.05506581e-01, -3.07252871e-01, -4.36848936e-01, ...,
         -7.15507891e-01, -5.78314442e-01,  0.00000000e+00]],

       ...,

       [[ 0.00000000e+00,  7.78965073e-01,  7.78965073e-01, ...,
          8.96959815e-01,  8.70701473e-01,  9.06499254e-01],
        [-7.78965073e-01,  0.00000000e+00,  0.00000000e+00, ...,
          9.06844049e-01,  9.29092726e-01,  8.97320883e-01],
        [-7.78965073e-01,  0.00000000e+00,  0.00000000e+00, ...,
          9.06844049e-01,  9.29092726e-01,  8.97320883e-01],
        ...,
        [-8.96959815e-01, -9.06844049e-01, -9.06844049e-01, ...,
          0.00000000e+00,  5.61878727e-02, -2.20711825e-02],
        [-8.70701473e-01, -9.29092726e-01, -9.29092726e-01, ...,
         -5.61878727e-02,  0.00000000e+00, -7.82105001e-02],
        [-9.06499254e-01, -8.97320883e-01, -8.97320883e-01, ...,
          2.20711825e-02,  7.82105001e-02,  0.00000000e+00]],

       [[ 0.00000000e+00, -6.24869426e-02, -1.15031623e-01, ...,
          2.35125941e-01,  4.91059298e-01,  8.25589222e-01],
        [ 6.24869426e-02,  0.00000000e+00, -5.27346822e-02, ...,
          2.95401569e-01,  5.44533670e-01,  8.59235447e-01],
        [ 1.15031623e-01,  5.27346822e-02,  0.00000000e+00, ...,
          3.45371836e-01,  5.88006617e-01,  8.85017898e-01],
        ...,
        [-2.35125941e-01, -2.95401569e-01, -3.45371836e-01, ...,
          0.00000000e+00,  2.72468053e-01,  6.69768866e-01],
        [-4.91059298e-01, -5.44533670e-01, -5.88006617e-01, ...,
         -2.72468053e-01,  0.00000000e+00,  4.42101544e-01],
        [-8.25589222e-01, -8.59235447e-01, -8.85017898e-01, ...,
         -6.69768866e-01, -4.42101544e-01,  0.00000000e+00]],

       [[ 0.00000000e+00, -1.25986717e-01, -2.74041653e-01, ...,
          9.95023909e-01,  9.82461073e-01,  7.33371997e-01],
        [ 1.25986717e-01,  0.00000000e+00, -1.50694398e-01, ...,
          9.74542618e-01,  9.51140288e-01,  6.41879194e-01],
        [ 2.74041653e-01,  1.50694398e-01,  0.00000000e+00, ...,
          9.29627691e-01,  8.93750382e-01,  5.18995853e-01],
        ...,
        [-9.95023909e-01, -9.74542618e-01, -9.29627691e-01, ...,
          0.00000000e+00,  8.76509861e-02,  6.03374098e-01],
        [-9.82461073e-01, -9.51140288e-01, -8.93750382e-01, ...,
         -8.76509861e-02,  0.00000000e+00,  5.31153855e-01],
        [-7.33371997e-01, -6.41879194e-01, -5.18995853e-01, ...,
         -6.03374098e-01, -5.31153855e-01,  0.00000000e+00]]]), 'num': array([ 9.80830124e-01,  1.94770064e-01,  1.01427104e-05,  1.36232246e-03,
        1.41681536e-03,  1.34474411e-03,  4.83402986e-03, -4.39458858e-05,
        1.37040850e-03,  1.24683267e-03,  1.11197740e-03,  1.10244494e-06,
        1.43457114e-03,  1.05909420e-03])}
{'img': array([[[ 0.        , -0.0435512 ,  0.02108179, ...,  0.70855023,
          0.88640985,  0.9963716 ],
        [ 0.0435512 ,  0.        ,  0.06460331, ...,  0.6771456 ,
          0.86540892,  0.99171962],
        [-0.02108179, -0.06460331,  0.        , ...,  0.72326935,
          0.89597164,  0.99794443],
        ...,
        [-0.70855023, -0.6771456 , -0.72326935, ...,  0.        ,
         -0.29751552, -0.6427956 ],
        [-0.88640985, -0.86540892, -0.89597164, ...,  0.29751552,
          0.        , -0.38577976],
        [-0.9963716 , -0.99171962, -0.99794443, ...,  0.6427956 ,
          0.38577976,  0.        ]],

       [[ 0.        , -0.57946915, -0.30709906, ...,  0.4632817 ,
         -0.19577072,  0.10479714],
        [ 0.57946915,  0.        ,  0.30118384, ...,  0.89110387,
          0.40870426,  0.66168744],
        [ 0.30709906, -0.30118384,  0.        , ...,  0.71304938,
          0.114846  ,  0.40514114],
        ...,
        [-0.4632817 , -0.89110387, -0.71304938, ...,  0.        ,
         -0.62781124, -0.36785831],
        [ 0.19577072, -0.40870426, -0.114846  , ...,  0.62781124,
          0.        ,  0.29746201],
        [-0.10479714, -0.66168744, -0.40514114, ...,  0.36785831,
         -0.29746201,  0.        ]],

       [[ 0.        ,  0.13421656,  0.24878881, ...,  0.89673837,
          0.74255436,  0.29655009],
        [-0.13421656,  0.        ,  0.11654128, ...,  0.94802373,
          0.82573209,  0.42204605],
        [-0.24878881, -0.11654128,  0.        , ...,  0.97864714,
          0.885842  ,  0.5248235 ],
        ...,
        [-0.89673837, -0.94802373, -0.97864714, ...,  0.        ,
          0.27199698,  0.72515914],
        [-0.74255436, -0.82573209, -0.885842  , ..., -0.27199698,
          0.        ,  0.51052722],
        [-0.29655009, -0.42204605, -0.5248235 , ..., -0.72515914,
         -0.51052722,  0.        ]],

       ...,

       [[ 0.        ,  0.        ,  0.29431476, ...,  0.92689027,
          0.95709504,  0.96544635],
        [ 0.        ,  0.        ,  0.29431476, ...,  0.92689027,
          0.95709504,  0.96544635],
        [-0.29431476, -0.29431476,  0.        , ...,  0.99630282,
          0.99998873,  0.99938431],
        ...,
        [-0.92689027, -0.92689027, -0.99630282, ...,  0.        ,
         -0.0906399 , -0.12081395],
        [-0.95709504, -0.95709504, -0.99998873, ...,  0.0906399 ,
          0.        , -0.03034067],
        [-0.96544635, -0.96544635, -0.99938431, ...,  0.12081395,
          0.03034067,  0.        ]],

       [[ 0.        , -0.05074074, -0.10772631, ...,  0.5064026 ,
          0.70637532,  0.87659745],
        [ 0.05074074,  0.        , -0.05714208, ...,  0.54950387,
          0.74138161,  0.89988595],
        [ 0.10772631,  0.05714208,  0.        , ...,  0.59634772,
          0.77851735,  0.9233367 ],
        ...,
        [-0.5064026 , -0.54950387, -0.59634772, ...,  0.        ,
          0.2506547 ,  0.51219423],
        [-0.70637532, -0.74138161, -0.77851735, ..., -0.2506547 ,
          0.        ,  0.28056351],
        [-0.87659745, -0.89988595, -0.9233367 , ..., -0.51219423,
         -0.28056351,  0.        ]],

       [[ 0.        , -0.14241961, -0.2662832 , ...,  0.9977079 ,
          0.96318842,  0.61341799],
        [ 0.14241961,  0.        , -0.12629128, ...,  0.97790039,
          0.91508377,  0.49468795],
        [ 0.2662832 ,  0.12629128,  0.        , ...,  0.94366666,
          0.85682817,  0.38097104],
        ...,
        [-0.9977079 , -0.97790039, -0.94366666, ...,  0.        ,
          0.20303406,  0.74643948],
        [-0.96318842, -0.91508377, -0.85682817, ..., -0.20303406,
          0.        ,  0.59578271],
        [-0.61341799, -0.49468795, -0.38097104, ..., -0.74643948,
         -0.59578271,  0.        ]]]), 'num': array([9.91671810e-01, 1.28701010e-01, 1.10637282e-05, 1.37854760e-03,
       1.41036024e-03, 1.36440865e-03, 3.04091695e-03, 8.83684361e-06,
       1.38879834e-03, 1.26649643e-03, 1.12389923e-03, 1.11918948e-06,
       1.45235573e-03, 1.08063712e-03])}
{'img': array([[[ 0.        ,  0.06460331, -0.04571855, ...,  0.86540892,
          0.99171962,  0.98205434],
        [-0.06460331,  0.        , -0.1101588 , ...,  0.89597164,
          0.99794443,  0.99218692],
        [ 0.04571855,  0.1101588 ,  0.        , ...,  0.84159599,
          0.98481138,  0.97240502],
        ...,
        [-0.86540892, -0.89597164, -0.84159599, ...,  0.        ,
         -0.38577976, -0.32885973],
        [-0.99171962, -0.99794443, -0.98481138, ...,  0.38577976,
          0.        ,  0.06091923],
        [-0.98205434, -0.99218692, -0.97240502, ...,  0.32885973,
         -0.06091923,  0.        ]],

       [[ 0.        ,  0.30118384, -0.03335047, ...,  0.40870426,
          0.66168744,  0.38667219],
        [-0.30118384,  0.        , -0.33281818, ...,  0.114846  ,
          0.40514114,  0.09096056],
        [ 0.03335047,  0.33281818,  0.        , ...,  0.43891477,
          0.68632486,  0.41721347],
        ...,
        [-0.40870426, -0.114846  , -0.43891477, ...,  0.        ,
          0.29746201, -0.0240112 ],
        [-0.66168744, -0.40514114, -0.68632486, ..., -0.29746201,
          0.        , -0.32030056],
        [-0.38667219, -0.09096056, -0.41721347, ...,  0.0240112 ,
          0.32030056,  0.        ]],

       [[ 0.        ,  0.11492071,  0.19896381, ...,  0.86956777,
          0.68493729,  0.41676488],
        [-0.11492071,  0.        ,  0.08502252, ...,  0.920556  ,
          0.76413081,  0.51846824],
        [-0.19896381, -0.08502252,  0.        , ...,  0.9504334 ,
          0.81620866,  0.58929338],
        ...,
        [-0.86956777, -0.920556  , -0.9504334 , ...,  0.        ,
          0.29533747,  0.58464538],
        [-0.68493729, -0.76413081, -0.81620866, ..., -0.29533747,
          0.        ,  0.31896207],
        [-0.41676488, -0.51846824, -0.58929338, ..., -0.58464538,
         -0.31896207,  0.        ]],

       ...,

       [[ 0.        ,  0.29431476,  0.2833625 , ...,  0.95709504,
          0.96544635,  0.96016203],
        [-0.29431476,  0.        , -0.01143968, ...,  0.99998873,
          0.99938431,  0.99987951],
        [-0.2833625 ,  0.01143968,  0.        , ...,  0.99997761,
          0.99972028,  0.99999166],
        ...,
        [-0.95709504, -0.99998873, -0.99997761, ...,  0.        ,
         -0.03034067, -0.01077584],
        [-0.96544635, -0.99938431, -0.99972028, ...,  0.03034067,
          0.        ,  0.01956803],
        [-0.96016203, -0.99987951, -0.99999166, ...,  0.01077584,
         -0.01956803,  0.        ]],

       [[ 0.        , -0.05490295, -0.11556643, ...,  0.67196621,
          0.7489874 ,  0.91577001],
        [ 0.05490295,  0.        , -0.06085703, ...,  0.71161281,
          0.78423553,  0.93644343],
        [ 0.11556643,  0.06085703,  0.        , ...,  0.75305026,
          0.82054149,  0.9560575 ],
        ...,
        [-0.67196621, -0.71161281, -0.75305026, ...,  0.        ,
          0.10945222,  0.40827177],
        [-0.7489874 , -0.78423553, -0.82054149, ..., -0.10945222,
          0.        ,  0.3059043 ],
        [-0.91577001, -0.93644343, -0.9560575 , ..., -0.40827177,
         -0.3059043 ,  0.        ]],

       [[ 0.        , -0.12157895, -0.32643198, ...,  0.97020694,
          0.85963034,  0.47820271],
        [ 0.12157895,  0.        , -0.20909149, ...,  0.93355384,
          0.7911367 ,  0.36787864],
        [ 0.32643198,  0.20909149,  0.        , ...,  0.83797247,
          0.64576089,  0.16531838],
        ...,
        [-0.97020694, -0.93355384, -0.83797247, ...,  0.        ,
          0.28742545,  0.73622587],
        [-0.85963034, -0.7911367 , -0.64576089, ..., -0.28742545,
          0.        ,  0.51064824],
        [-0.47820271, -0.36787864, -0.16531838, ..., -0.73622587,
         -0.51064824,  0.        ]]]), 'num': array([9.91908544e-01, 1.26891348e-01, 1.09081614e-05, 1.38181661e-03,
       1.38704416e-03, 1.32605604e-03, 1.56507720e-03, 2.26527313e-05,
       1.37798307e-03, 1.26210563e-03, 1.11439821e-03, 1.12313943e-06,
       1.44306625e-03, 1.08114502e-03])}
{'img': array([[[ 0.        , -0.1101588 , -0.04260619, ...,  0.99794443,
          0.99218692,  0.95061259],
        [ 0.1101588 ,  0.        ,  0.06771188, ...,  0.98481138,
          0.97240502,  0.91063608],
        [ 0.04260619, -0.06771188,  0.        , ...,  0.99430781,
          0.98597039,  0.93652527],
        ...,
        [-0.99794443, -0.98481138, -0.99430781, ...,  0.        ,
          0.06091923,  0.24882165],
        [-0.99218692, -0.97240502, -0.98597039, ..., -0.06091923,
          0.        ,  0.18935624],
        [-0.95061259, -0.91063608, -0.93652527, ..., -0.24882165,
         -0.18935624,  0.        ]],

       [[ 0.        , -0.33281818, -0.38970145, ...,  0.40514114,
          0.09096056, -0.25127728],
        [ 0.33281818,  0.        , -0.06097898, ...,  0.68632486,
          0.41721347,  0.08518753],
        [ 0.38970145,  0.06097898,  0.        , ...,  0.72939736,
          0.47185528,  0.14578632],
        ...,
        [-0.40514114, -0.68632486, -0.72939736, ...,  0.        ,
         -0.32030056, -0.62187355],
        [-0.09096056, -0.41721347, -0.47185528, ...,  0.32030056,
          0.        , -0.33827772],
        [ 0.25127728, -0.08518753, -0.14578632, ...,  0.62187355,
          0.33827772,  0.        ]],

       [[ 0.        ,  0.08406384,  0.16882541, ...,  0.82632602,
          0.73624547,  0.51350632],
        [-0.08406384,  0.        ,  0.08537064, ...,  0.87074522,
          0.79052666,  0.58382269],
        [-0.16882541, -0.08537064,  0.        , ...,  0.90954604,
          0.83992399,  0.65100212],
        ...,
        [-0.82632602, -0.87074522, -0.90954604, ...,  0.        ,
          0.14453925,  0.41985594],
        [-0.73624547, -0.79052666, -0.83992399, ..., -0.14453925,
          0.        ,  0.28426457],
        [-0.51350632, -0.58382269, -0.65100212, ..., -0.41985594,
         -0.28426457,  0.        ]],

       ...,

       [[ 0.        , -0.08207038,  0.2456576 , ...,  0.98633726,
          0.98286519,  0.97533146],
        [ 0.08207038,  0.        ,  0.32438436, ...,  0.96948972,
          0.96442183,  0.95392456],
        [-0.2456576 , -0.32438436,  0.        , ...,  0.99658189,
          0.99802797,  0.99967184],
        ...,
        [-0.98633726, -0.96948972, -0.99658189, ...,  0.        ,
          0.0198916 ,  0.05705466],
        [-0.98286519, -0.96442183, -0.99802797, ..., -0.0198916 ,
          0.        ,  0.03718417],
        [-0.97533146, -0.95392456, -0.99967184, ..., -0.05705466,
         -0.03718417,  0.        ]],

       [[ 0.        , -0.05856637, -0.14695727, ...,  0.71773858,
          0.79805645,  0.94901186],
        [ 0.05856637,  0.        , -0.08877451, ...,  0.7572871 ,
          0.83197768,  0.96584538],
        [ 0.14695727,  0.08877451,  0.        , ...,  0.81227419,
          0.87794573,  0.98503515],
        ...,
        [-0.71773858, -0.7572871 , -0.81227419, ...,  0.        ,
          0.12319996,  0.43454879],
        [-0.79805645, -0.83197768, -0.87794573, ..., -0.12319996,
          0.        ,  0.32027851],
        [-0.94901186, -0.96584538, -0.98503515, ..., -0.43454879,
         -0.32027851,  0.        ]],

       [[ 0.        , -0.20204289, -0.35595635, ...,  0.8939422 ,
          0.77302673,  0.35595635],
        [ 0.20204289,  0.        , -0.15980574, ...,  0.7849541 ,
          0.6289137 ,  0.15980574],
        [ 0.35595635,  0.15980574,  0.        , ...,  0.67585797,
          0.49658622,  0.        ],
        ...,
        [-0.8939422 , -0.7849541 , -0.67585797, ...,  0.        ,
          0.22063633,  0.67585797],
        [-0.77302673, -0.6289137 , -0.49658622, ..., -0.22063633,
          0.        ,  0.49658622],
        [-0.35595635, -0.15980574, -0.        , ..., -0.67585797,
         -0.49658622,  0.        ]]]), 'num': array([ 9.91637884e-01,  1.28984414e-01,  1.10880909e-05,  1.37804069e-03,
        1.40283834e-03,  1.36387060e-03,  1.81196409e-03, -2.65689079e-05,
        1.39079376e-03,  1.29381725e-03,  1.13856626e-03,  1.14710205e-06,
        1.47314187e-03,  1.11449263e-03])}
{'img': array([[[ 0.        ,  0.06771188, -0.01182448, ...,  0.97240502,
          0.91063608,  0.97792329],
        [-0.06771188,  0.        , -0.07950449, ...,  0.98597039,
          0.93652527,  0.98982824],
        [ 0.01182448,  0.07950449,  0.        , ...,  0.9695784 ,
          0.90568643,  0.97538403],
        ...,
        [-0.97240502, -0.98597039, -0.9695784 , ...,  0.        ,
          0.18935624, -0.0249508 ],
        [-0.91063608, -0.93652527, -0.90568643, ..., -0.18935624,
          0.        , -0.21379669],
        [-0.97792329, -0.98982824, -0.97538403, ...,  0.0249508 ,
          0.21379669,  0.        ]],

       [[ 0.        , -0.06097898,  0.0026858 , ...,  0.41721347,
          0.08518753,  0.14770245],
        [ 0.06097898,  0.        ,  0.06365956, ...,  0.47185528,
          0.14578632,  0.20773774],
        [-0.0026858 , -0.06365956,  0.        , ...,  0.41477109,
          0.08251119,  0.14504558],
        ...,
        [-0.41721347, -0.47185528, -0.41477109, ...,  0.        ,
         -0.33827772, -0.27840417],
        [-0.08518753, -0.14578632, -0.08251119, ...,  0.33827772,
          0.        ,  0.06291236],
        [-0.14770245, -0.20773774, -0.14504558, ...,  0.27840417,
         -0.06291236,  0.        ]],

       [[ 0.        ,  0.08537064,  0.06230715, ...,  0.79052666,
          0.58382269,  0.80078273],
        [-0.08537064,  0.        , -0.02312508, ...,  0.83992399,
          0.65100212,  0.84899244],
        [-0.06230715,  0.02312508,  0.        , ...,  0.8271493 ,
          0.63327434,  0.836546  ],
        ...,
        [-0.79052666, -0.83992399, -0.8271493 , ...,  0.        ,
          0.28426457, -0.01693162],
        [-0.58382269, -0.65100212, -0.63327434, ..., -0.28426457,
          0.        , -0.30045694],
        [-0.80078273, -0.84899244, -0.836546  , ...,  0.01693162,
          0.30045694,  0.        ]],

       ...,

       [[ 0.        ,  0.32438436,  0.82560294, ...,  0.96442183,
          0.95392456,  0.95082154],
        [-0.32438436,  0.        ,  0.59792439, ...,  0.99802797,
          0.99967184,  0.99988077],
        [-0.82560294, -0.59792439,  0.        , ...,  0.76243963,
          0.78597271,  0.79222413],
        ...,
        [-0.96442183, -0.99802797, -0.76243963, ...,  0.        ,
          0.03718417,  0.04735234],
        [-0.95392456, -0.99967184, -0.78597271, ..., -0.03718417,
          0.        ,  0.01017713],
        [-0.95082154, -0.99988077, -0.79222413, ..., -0.04735234,
         -0.01017713,  0.        ]],

       [[ 0.        , -0.08716898, -0.20088722, ...,  0.79735986,
          0.88519308,  0.97052481],
        [ 0.08716898,  0.        , -0.11473057, ...,  0.84693159,
          0.92237672,  0.98783838],
        [ 0.20088722,  0.11473057,  0.        , ...,  0.90234146,
          0.96060539,  0.99915412],
        ...,
        [-0.79735986, -0.84693159, -0.90234146, ...,  0.        ,
          0.16326689,  0.39355103],
        [-0.88519308, -0.92237672, -0.96060539, ..., -0.16326689,
          0.        ,  0.23817864],
        [-0.97052481, -0.98783838, -0.99915412, ..., -0.39355103,
         -0.23817864,  0.        ]],

       [[ 0.        , -0.15494389,  0.00820527, ...,  0.76442408,
          0.606551  ,  0.15494389],
        [ 0.15494389,  0.        ,  0.16304485, ...,  0.65529788,
          0.47603854,  0.        ],
        [-0.00820527, -0.16304485,  0.        , ...,  0.7696884 ,
          0.61305413,  0.16304485],
        ...,
        [-0.76442408, -0.65529788, -0.7696884 , ...,  0.        ,
          0.21669945,  0.65529788],
        [-0.606551  , -0.47603854, -0.61305413, ..., -0.21669945,
          0.        ,  0.47603854],
        [-0.15494389, -0.        , -0.16304485, ..., -0.65529788,
         -0.47603854,  0.        ]]]), 'num': array([ 9.99451910e-01,  3.28052692e-02,  1.24407547e-05,  1.38886012e-03,
        1.39779744e-03,  1.32451139e-03,  2.35010504e-03, -1.78746476e-06,
        1.39529499e-03,  1.31521657e-03,  1.15508952e-03,  1.10280602e-06,
        1.49250784e-03,  1.13792529e-03])}
{'img': array([[[ 0.        , -0.07950449, -0.10358119, ...,  0.93652527,
          0.98982824,  0.9914877 ],
        [ 0.07950449,  0.        , -0.02417647, ...,  0.90568643,
          0.97538403,  0.97799764],
        [ 0.10358119,  0.02417647,  0.        , ...,  0.89517213,
          0.96976771,  0.97266818],
        ...,
        [-0.93652527, -0.90568643, -0.89517213, ...,  0.        ,
         -0.21379669, -0.22567974],
        [-0.98982824, -0.97538403, -0.96976771, ...,  0.21379669,
          0.        , -0.01218055],
        [-0.9914877 , -0.97799764, -0.97266818, ...,  0.22567974,
          0.01218055,  0.        ]],

       [[ 0.        ,  0.06365956, -0.22052031, ...,  0.14578632,
          0.20773774,  0.3316175 ],
        [-0.06365956,  0.        , -0.28216543, ...,  0.08251119,
          0.14504558,  0.27088755],
        [ 0.22052031,  0.28216543,  0.        , ...,  0.3603617 ,
          0.41833329,  0.5314958 ],
        ...,
        [-0.14578632, -0.08251119, -0.3603617 , ...,  0.        ,
          0.06291236,  0.19053769],
        [-0.20773774, -0.14504558, -0.41833329, ..., -0.06291236,
          0.        ,  0.12840045],
        [-0.3316175 , -0.27088755, -0.5314958 , ..., -0.19053769,
         -0.12840045,  0.        ]],

       [[ 0.        , -0.02312508, -0.04156456, ...,  0.65100212,
          0.84899244,  0.90101399],
        [ 0.02312508,  0.        , -0.01844835, ...,  0.63327434,
          0.836546  ,  0.89074161],
        [ 0.04156456,  0.01844835,  0.        , ...,  0.61888888,
          0.82629584,  0.88220506],
        ...,
        [-0.65100212, -0.63327434, -0.61888888, ...,  0.        ,
         -0.30045694, -0.40153978],
        [-0.84899244, -0.836546  , -0.82629584, ...,  0.30045694,
          0.        , -0.10781582],
        [-0.90101399, -0.89074161, -0.88220506, ...,  0.40153978,
          0.10781582,  0.        ]],

       ...,

       [[ 0.        ,  0.64352204,  0.80897723, ...,  0.99891723,
          0.99838677,  0.99901122],
        [-0.64352204,  0.        ,  0.24092549, ...,  0.79453719,
          0.80073135,  0.73606059],
        [-0.80897723, -0.24092549,  0.        , ...,  0.62483931,
          0.63282463,  0.55129266],
        ...,
