state_0,state_1,state_2,state_3,state_4,state_5,state_6,state_7,state_8,state_9,state_10,state_11,state_12,state_13,state_14,state_15,state_16,state_17,state_18,state_19,state_20,state_21,state_22,state_23,state_24,state_25,state_26,state_27,state_28,state_29,state_30,state_31,state_32,state_33,state_34,state_35,state_36,state_37,state_38,state_39,state_40,state_41,state_42,state_43,state_44,state_45,state_46,state_47,state_48,state_49,state_50,state_51,state_52,state_53,state_54,state_55,state_56,state_57,state_58,state_59,state_60,state_61,state_62,state_63,state_64,state_65,state_66,state_67,state_68,state_69,state_70,state_71,state_72,state_73,state_74,state_75,state_76,state_77,state_78,state_79,state_80,state_81,state_82,state_83,state_84,state_85,state_86,state_87,state_88,state_89,state_90,state_91,state_92,state_93,state_94,state_95,state_96,state_97,state_98,state_99,state_100,state_101,state_102,state_103,state_104,state_105,state_106,state_107,state_108,state_109,state_110,state_111,state_112,state_113,state_114,state_115,state_116,state_117,state_118,state_119,state_120,state_121,state_122,state_123,state_124,state_125,state_126,state_127,state_128,state_129,state_130,state_131,state_132,state_133,state_134,state_135,state_136,state_137,state_138,state_139,state_140,state_141,state_142,state_143,state_144,state_145,state_146,state_147,state_148,state_149,state_150,state_151,state_152,state_153,state_154,state_155,state_156,state_157,state_158,state_159,state_160,state_161,state_162,state_163,state_164,state_165,state_166,state_167,state_168,state_169,state_170,state_171,state_172,state_173,state_174,state_175,state_176,state_177,state_178,state_179,state_180,state_181,state_182,state_183,state_184,state_185,state_186,state_187,state_188,state_189,state_190,state_191,state_192,state_193,state_194,state_195,state_196,state_197,state_198,state_199,state_200,state_201,state_202,state_203,state_204,state_205,state_206,state_207,state_208,state_209,state_210,state_211,state_212,state_213,state_214,state_215,state_216,state_217,state_218,state_219,state_220,state_221,state_222,state_223,state_224,state_225,state_226,state_227,state_228,state_229,state_230,state_231,state_232,state_233,state_234,state_235,state_236,state_237,state_238,state_239,state_240,state_241,state_242,state_243,state_244,state_245,state_246,state_247,state_248,state_249,state_250,state_251,state_252,state_253,state_254,state_255,state_256,state_257,state_258,state_259,state_260,state_261,state_262,state_263,state_264,state_265,state_266,state_267,state_268,state_269,state_270,state_271,state_272,state_273,state_274,state_275,state_276,state_277,state_278,state_279,state_280,state_281,state_282,state_283,state_284,state_285,state_286,state_287
{'img': array([[[ 0.00000000e+00,  4.37426694e-02,  7.79699950e-02, ...,
          2.32207553e-01,  3.08382956e-01,  3.08382956e-01],
        [-4.37426694e-02,  0.00000000e+00,  3.42858607e-02, ...,
          1.89438273e-01,  2.66477029e-01,  2.66477029e-01],
        [-7.79699950e-02, -3.42858607e-02,  0.00000000e+00, ...,
          1.55661861e-01,  2.33274231e-01,  2.33274231e-01],
        ...,
        [-2.32207553e-01, -1.89438273e-01, -1.55661861e-01, ...,
          0.00000000e+00,  7.90634068e-02,  7.90634068e-02],
        [-3.08382956e-01, -2.66477029e-01, -2.33274231e-01, ...,
         -7.90634068e-02,  0.00000000e+00,  0.00000000e+00],
        [-3.08382956e-01, -2.66477029e-01, -2.33274231e-01, ...,
         -7.90634068e-02,  0.00000000e+00,  0.00000000e+00]],

       [[ 0.00000000e+00, -1.13362650e-01, -1.83350036e-01, ...,
          1.00759982e-02,  5.28438676e-02, -4.64600416e-02],
        [ 1.13362650e-01,  0.00000000e+00, -7.07272110e-02, ...,
          1.23367940e-01,  1.65707477e-01,  6.70796897e-02],
        [ 1.83350036e-01,  7.07272110e-02,  0.00000000e+00, ...,
          1.93245915e-01,  2.35041899e-01,  1.37479608e-01],
        ...,
        [-1.00759982e-02, -1.23367940e-01, -1.93245915e-01, ...,
          0.00000000e+00,  4.27792652e-02, -5.65228007e-02],
        [-5.28438676e-02, -1.65707477e-01, -2.35041899e-01, ...,
         -4.27792652e-02,  0.00000000e+00, -9.91819312e-02],
        [ 4.64600416e-02, -6.70796897e-02, -1.37479608e-01, ...,
          5.65228007e-02,  9.91819312e-02,  0.00000000e+00]],

       [[ 0.00000000e+00,  3.43820679e-02,  1.23464883e-02, ...,
          1.29556034e-01,  2.00432678e-01,  2.55882900e-01],
        [-3.43820679e-02,  0.00000000e+00, -2.20402587e-02, ...,
          9.53871364e-02,  1.66629805e-01,  2.22494200e-01],
        [-1.23464883e-02,  2.20402587e-02,  0.00000000e+00, ...,
          1.17303726e-01,  1.88321454e-01,  2.43927950e-01],
        ...,
        [-1.29556034e-01, -9.53871364e-02, -1.17303726e-01, ...,
          0.00000000e+00,  7.18164360e-02,  1.28483519e-01],
        [-2.00432678e-01, -1.66629805e-01, -1.88321454e-01, ...,
         -7.18164360e-02,  0.00000000e+00,  5.69305611e-02],
        [-2.55882900e-01, -2.22494200e-01, -2.43927950e-01, ...,
         -1.28483519e-01, -5.69305611e-02,  0.00000000e+00]],

       ...,

       [[ 0.00000000e+00, -2.81136240e-01, -2.57696411e-01, ...,
         -2.63360293e-01, -1.67624997e-01, -1.67624997e-01],
        [ 2.81136240e-01,  0.00000000e+00,  2.43381618e-02, ...,
          1.84730300e-02,  1.16294072e-01,  1.16294072e-01],
        [ 2.57696411e-01, -2.43381618e-02,  0.00000000e+00, ...,
         -5.86645073e-03,  9.20866007e-02,  9.20866007e-02],
        ...,
        [ 2.63360293e-01, -1.84730300e-02,  5.86645073e-03, ...,
          0.00000000e+00,  9.79265403e-02,  9.79265403e-02],
        [ 1.67624997e-01, -1.16294072e-01, -9.20866007e-02, ...,
         -9.79265403e-02,  0.00000000e+00,  0.00000000e+00],
        [ 1.67624997e-01, -1.16294072e-01, -9.20866007e-02, ...,
         -9.79265403e-02,  0.00000000e+00,  0.00000000e+00]],

       [[ 0.00000000e+00, -8.19196378e-02, -1.93683303e-01, ...,
         -1.82798815e-01, -1.82015161e-01, -2.18023101e-01],
        [ 8.19196378e-02,  0.00000000e+00, -1.12663906e-01, ...,
         -1.01645097e-01, -1.00852167e-01, -1.37341365e-01],
        [ 1.93683303e-01,  1.12663906e-01,  0.00000000e+00, ...,
          1.10824500e-02,  1.18794234e-02, -2.48706563e-02],
        ...,
        [ 1.82798815e-01,  1.01645097e-01, -1.10824500e-02, ...,
          0.00000000e+00,  7.97025929e-04, -3.59481509e-02],
        [ 1.82015161e-01,  1.00852167e-01, -1.18794234e-02, ...,
         -7.97025929e-04,  0.00000000e+00, -3.67446502e-02],
        [ 2.18023101e-01,  1.37341365e-01,  2.48706563e-02, ...,
          3.59481509e-02,  3.67446502e-02,  0.00000000e+00]],

       [[ 0.00000000e+00,  1.91989673e-01,  3.93463028e-01, ...,
          9.76429036e-01,  9.76804717e-01,  9.76696332e-01],
        [-1.91989673e-01,  0.00000000e+00,  2.09639543e-01, ...,
          9.16825676e-01,  9.17522020e-01,  9.17320841e-01],
        [-3.93463028e-01, -2.09639543e-01,  0.00000000e+00, ...,
          8.12746159e-01,  8.13763025e-01,  8.13469080e-01],
        ...,
        [-9.76429036e-01, -9.16825676e-01, -8.12746159e-01, ...,
          0.00000000e+00,  1.74747038e-03,  1.24189177e-03],
        [-9.76804717e-01, -9.17522020e-01, -8.13763025e-01, ...,
         -1.74747038e-03,  0.00000000e+00, -5.05579159e-04],
        [-9.76696332e-01, -9.17320841e-01, -8.13469080e-01, ...,
         -1.24189177e-03,  5.05579159e-04,  0.00000000e+00]]]), 'num': array([7.30249976e-01, 6.83071403e-01, 1.20047259e-05, 9.82886931e-04,
       9.86638407e-04, 9.65380039e-04, 1.18674218e-02, 8.75344595e-06,
       9.68881417e-04, 9.73945911e-04, 9.67339143e-04, 1.10183236e-05,
       1.01813821e-03, 9.29753613e-04])}
{'img': array([[[ 0.00000000e+00,  3.42858607e-02,  3.42858607e-02, ...,
          2.66477029e-01,  2.66477029e-01,  3.18658772e-01],
        [-3.42858607e-02,  0.00000000e+00,  0.00000000e+00, ...,
          2.33274231e-01,  2.33274231e-01,  2.85972900e-01],
        [-3.42858607e-02,  0.00000000e+00,  0.00000000e+00, ...,
          2.33274231e-01,  2.33274231e-01,  2.85972900e-01],
        ...,
        [-2.66477029e-01, -2.33274231e-01, -2.33274231e-01, ...,
          0.00000000e+00,  0.00000000e+00,  5.45510268e-02],
        [-2.66477029e-01, -2.33274231e-01, -2.33274231e-01, ...,
          0.00000000e+00,  0.00000000e+00,  5.45510268e-02],
        [-3.18658772e-01, -2.85972900e-01, -2.85972900e-01, ...,
         -5.45510268e-02, -5.45510268e-02,  0.00000000e+00]],

       [[ 0.00000000e+00, -7.07272110e-02,  7.09373296e-03, ...,
          1.65707477e-01,  6.70796897e-02,  2.59369970e-02],
        [ 7.07272110e-02,  0.00000000e+00,  7.78013995e-02, ...,
          2.35041899e-01,  1.37479608e-01,  9.65754597e-02],
        [-7.09373296e-03, -7.78013995e-02,  0.00000000e+00, ...,
          1.58707646e-01,  6.00002468e-02,  1.88449979e-02],
        ...,
        [-1.65707477e-01, -2.35041899e-01, -1.58707646e-01, ...,
          0.00000000e+00, -9.91819312e-02, -1.40073313e-01],
        [-6.70796897e-02, -1.37479608e-01, -6.00002468e-02, ...,
          9.91819312e-02,  0.00000000e+00, -4.11785457e-02],
        [-2.59369970e-02, -9.65754597e-02, -1.88449979e-02, ...,
          1.40073313e-01,  4.11785457e-02,  0.00000000e+00]],

       [[ 0.00000000e+00, -2.20402587e-02, -6.42948649e-02, ...,
          1.66629805e-01,  2.22494200e-01,  2.53182464e-01],
        [ 2.20402587e-02,  0.00000000e+00, -4.22845904e-02, ...,
          1.88321454e-01,  2.43927950e-01,  2.74443117e-01],
        [ 6.42948649e-02,  4.22845904e-02,  0.00000000e+00, ...,
          2.29681031e-01,  2.84717098e-01,  3.14858660e-01],
        ...,
        [-1.66629805e-01, -1.88321454e-01, -2.29681031e-01, ...,
          0.00000000e+00,  5.69305611e-02,  8.84420901e-02],
        [-2.22494200e-01, -2.43927950e-01, -2.84717098e-01, ...,
         -5.69305611e-02,  0.00000000e+00,  3.15911810e-02],
        [-2.53182464e-01, -2.74443117e-01, -3.14858660e-01, ...,
         -8.84420901e-02, -3.15911810e-02,  0.00000000e+00]],

       ...,

       [[ 0.00000000e+00,  2.43381618e-02, -6.20037606e-03, ...,
          1.16294072e-01,  1.16294072e-01, -4.65385772e-02],
        [-2.43381618e-02,  0.00000000e+00, -3.05362334e-02, ...,
          9.20866007e-02,  9.20866007e-02, -7.08365829e-02],
        [ 6.20037606e-03,  3.05362334e-02,  0.00000000e+00, ...,
          1.22450142e-01,  1.22450142e-01, -4.03440247e-02],
        ...,
        [-1.16294072e-01, -9.20866007e-02, -1.22450142e-01, ...,
          0.00000000e+00,  0.00000000e+00, -1.62390872e-01],
        [-1.16294072e-01, -9.20866007e-02, -1.22450142e-01, ...,
          0.00000000e+00,  0.00000000e+00, -1.62390872e-01],
        [ 4.65385772e-02,  7.08365829e-02,  4.03440247e-02, ...,
          1.62390872e-01,  1.62390872e-01,  0.00000000e+00]],

       [[ 0.00000000e+00, -1.12663906e-01, -1.58035393e-01, ...,
         -1.00852167e-01, -1.37341365e-01, -1.49905655e-01],
        [ 1.12663906e-01,  0.00000000e+00, -4.57810974e-02, ...,
          1.18794234e-02, -2.48706563e-02, -3.75603912e-02],
        [ 1.58035393e-01,  4.57810974e-02,  0.00000000e+00, ...,
          5.76448348e-02,  2.09223570e-02,  8.22778342e-03],
        ...,
        [ 1.00852167e-01, -1.18794234e-02, -5.76448348e-02, ...,
          0.00000000e+00, -3.67446502e-02, -4.94287817e-02],
        [ 1.37341365e-01,  2.48706563e-02, -2.09223570e-02, ...,
          3.67446502e-02,  0.00000000e+00, -1.26956664e-02],
        [ 1.49905655e-01,  3.75603912e-02, -8.22778342e-03, ...,
          4.94287817e-02,  1.26956664e-02,  0.00000000e+00]],

       [[ 0.00000000e+00,  2.09639543e-01,  3.13811158e-01, ...,
          9.17522020e-01,  9.17320841e-01,  9.17771454e-01],
        [-2.09639543e-01,  0.00000000e+00,  1.07788190e-01, ...,
          8.13763025e-01,  8.13469080e-01,  8.14127666e-01],
        [-3.13811158e-01, -1.07788190e-01,  0.00000000e+00, ...,
          7.46375793e-01,  7.46039222e-01,  7.46793377e-01],
        ...,
        [-9.17522020e-01, -8.13763025e-01, -7.46375793e-01, ...,
          0.00000000e+00, -5.05579159e-04,  6.27671384e-04],
        [-9.17320841e-01, -8.13469080e-01, -7.46039222e-01, ...,
          5.05579159e-04,  0.00000000e+00,  1.13325036e-03],
        [-9.17771454e-01, -8.14127666e-01, -7.46793377e-01, ...,
         -6.27671384e-04, -1.13325036e-03,  0.00000000e+00]]]), 'num': array([7.07106650e-01, 7.07106650e-01, 0.00000000e+00, 4.81174473e-05,
       4.86059493e-05, 4.70793806e-05, 5.95056503e-04, 1.22125501e-07,
       4.76411579e-05, 4.75556700e-05, 4.72788522e-05, 5.47459141e-07,
       4.97102767e-05, 4.54010633e-05])}
{'img': array([[[ 0.00000000e+00,  0.00000000e+00, -2.34404094e-01, ...,
          2.33274231e-01,  2.85972900e-01,  3.00790496e-01],
        [ 0.00000000e+00,  0.00000000e+00, -2.34404094e-01, ...,
          2.33274231e-01,  2.85972900e-01,  3.00790496e-01],
        [ 2.34404094e-01,  2.34404094e-01,  0.00000000e+00, ...,
          4.54712154e-01,  5.02620322e-01,  5.15959145e-01],
        ...,
        [-2.33274231e-01, -2.33274231e-01, -4.54712154e-01, ...,
          0.00000000e+00,  5.45510268e-02,  7.00206259e-02],
        [-2.85972900e-01, -2.85972900e-01, -5.02620322e-01, ...,
         -5.45510268e-02,  0.00000000e+00,  1.54992303e-02],
        [-3.00790496e-01, -3.00790496e-01, -5.15959145e-01, ...,
         -7.00206259e-02, -1.54992303e-02,  0.00000000e+00]],

       [[ 0.00000000e+00,  7.78013995e-02,  2.60614756e-01, ...,
          1.37479608e-01,  9.65754597e-02,  1.00565538e-01],
        [-7.78013995e-02,  0.00000000e+00,  1.84711994e-01, ...,
          6.00002468e-02,  1.88449979e-02,  2.28537308e-02],
        [-2.60614756e-01, -1.84711994e-01,  0.00000000e+00, ...,
         -1.25411405e-01, -1.66158466e-01, -1.62203271e-01],
        ...,
        [-1.37479608e-01, -6.00002468e-02,  1.25411405e-01, ...,
          0.00000000e+00, -4.11785457e-02, -3.71720192e-02],
        [-9.65754597e-02, -1.88449979e-02,  1.66158466e-01, ...,
          4.11785457e-02,  0.00000000e+00,  4.00959640e-03],
        [-1.00565538e-01, -2.28537308e-02,  1.62203271e-01, ...,
          3.71720192e-02, -4.00959640e-03,  0.00000000e+00]],

       [[ 0.00000000e+00, -4.22845904e-02, -1.11324876e-01, ...,
          2.43927950e-01,  2.74443117e-01,  3.32062824e-01],
        [ 4.22845904e-02,  0.00000000e+00, -6.92035555e-02, ...,
          2.84717098e-01,  3.14858660e-01,  3.71651076e-01],
        [ 1.11324876e-01,  6.92035555e-02,  0.00000000e+00, ...,
          3.50373836e-01,  3.79787569e-01,  4.35006742e-01],
        ...,
        [-2.43927950e-01, -2.84717098e-01, -3.50373836e-01, ...,
          0.00000000e+00,  3.15911810e-02,  9.19455073e-02],
        [-2.74443117e-01, -3.14858660e-01, -3.79787569e-01, ...,
         -3.15911810e-02,  0.00000000e+00,  6.04422528e-02],
        [-3.32062824e-01, -3.71651076e-01, -4.35006742e-01, ...,
         -9.19455073e-02, -6.04422528e-02,  0.00000000e+00]],

       ...,

       [[ 0.00000000e+00, -3.05362334e-02, -3.60768844e-01, ...,
          9.20866007e-02, -7.08365829e-02, -4.86161725e-02],
        [ 3.05362334e-02,  0.00000000e+00, -3.32120824e-01, ...,
          1.22450142e-01, -4.03440247e-02, -1.80933755e-02],
        [ 3.60768844e-01,  3.32120824e-01,  0.00000000e+00, ...,
          4.45120990e-01,  2.93796456e-01,  3.15000118e-01],
        ...,
        [-9.20866007e-02, -1.22450142e-01, -4.45120990e-01, ...,
          0.00000000e+00, -1.62390872e-01, -1.40387314e-01],
        [ 7.08365829e-02,  4.03440247e-02, -2.93796456e-01, ...,
          1.62390872e-01,  0.00000000e+00,  2.22587757e-02],
        [ 4.86161725e-02,  1.80933755e-02, -3.15000118e-01, ...,
          1.40387314e-01, -2.22587757e-02,  0.00000000e+00]],

       [[ 0.00000000e+00, -4.57810974e-02, -7.69984464e-02, ...,
         -2.48706563e-02, -3.75603912e-02, -3.96570421e-02],
        [ 4.57810974e-02,  0.00000000e+00, -3.12725301e-02, ...,
          2.09223570e-02,  8.22778342e-03,  6.12962221e-03],
        [ 7.69984464e-02,  3.12725301e-02,  0.00000000e+00, ...,
          5.21778084e-02,  3.94952307e-02,  3.73985668e-02],
        ...,
        [ 2.48706563e-02, -2.09223570e-02, -5.21778084e-02, ...,
          0.00000000e+00, -1.26956664e-02, -1.47936834e-02],
        [ 3.75603912e-02, -8.22778342e-03, -3.94952307e-02, ...,
          1.26956664e-02,  0.00000000e+00, -2.09821412e-03],
        [ 3.96570421e-02, -6.12962221e-03, -3.73985668e-02, ...,
          1.47936834e-02,  2.09821412e-03,  0.00000000e+00]],

       [[ 0.00000000e+00,  1.07788190e-01,  1.55589209e-01, ...,
          8.13469080e-01,  8.14127666e-01,  8.14210934e-01],
        [-1.07788190e-01,  0.00000000e+00,  4.82071993e-02, ...,
          7.46039222e-01,  7.46793377e-01,  7.46888746e-01],
        [-1.55589209e-01, -4.82071993e-02,  0.00000000e+00, ...,
          7.13070574e-01,  7.13864629e-01,  7.13965051e-01],
        ...,
        [-8.13469080e-01, -7.46039222e-01, -7.13070574e-01, ...,
          0.00000000e+00,  1.13325036e-03,  1.27666163e-03],
        [-8.14127666e-01, -7.46793377e-01, -7.13864629e-01, ...,
         -1.13325036e-03,  0.00000000e+00,  1.43411368e-04],
        [-8.14210934e-01, -7.46888746e-01, -7.13965051e-01, ...,
         -1.27666163e-03, -1.43411368e-04,  0.00000000e+00]]]), 'num': array([ 7.07106737e-01,  7.07106737e-01,  0.00000000e+00,  4.76289512e-05,
        4.82395787e-05,  4.71404491e-05,  3.28676401e-04, -4.88502063e-07,
        4.77755018e-05,  4.75465164e-05,  4.73093894e-05,  4.80079614e-07,
        4.96982402e-05,  4.53947927e-05])}
{'img': array([[[ 0.00000000e+00, -2.34404094e-01, -6.37178781e-01, ...,
          2.85972900e-01,  3.00790496e-01,  2.40883239e-01],
        [ 2.34404094e-01,  0.00000000e+00, -4.38767508e-01, ...,
          5.02620322e-01,  5.15959145e-01,  4.61673907e-01],
        [ 6.37178781e-01,  4.38767508e-01,  0.00000000e+00, ...,
          8.30972632e-01,  8.39495243e-01,  8.04069053e-01],
        ...,
        [-2.85972900e-01, -5.02620322e-01, -8.30972632e-01, ...,
          0.00000000e+00,  1.54992303e-02, -4.67287691e-02],
        [-3.00790496e-01, -5.15959145e-01, -8.39495243e-01, ...,
         -1.54992303e-02,  0.00000000e+00, -6.22054553e-02],
        [-2.40883239e-01, -4.61673907e-01, -8.04069053e-01, ...,
          4.67287691e-02,  6.22054553e-02,  0.00000000e+00]],

       [[ 0.00000000e+00,  1.84711994e-01,  1.11119868e-01, ...,
          1.88449979e-02,  2.28537308e-02, -6.28894674e-02],
        [-1.84711994e-01,  0.00000000e+00, -7.43602795e-02, ...,
         -1.66158466e-01, -1.62203271e-01, -2.46153665e-01],
        [-1.11119868e-01,  7.43602795e-02,  0.00000000e+00, ...,
         -9.23718444e-02, -8.83786481e-02, -1.73399900e-01],
        ...,
        [-1.88449979e-02,  1.66158466e-01,  9.23718444e-02, ...,
          0.00000000e+00,  4.00959640e-03, -8.16859935e-02],
        [-2.28537308e-02,  1.62203271e-01,  8.83786481e-02, ...,
         -4.00959640e-03,  0.00000000e+00, -8.56815337e-02],
        [ 6.28894674e-02,  2.46153665e-01,  1.73399900e-01, ...,
          8.16859935e-02,  8.56815337e-02,  0.00000000e+00]],

       [[ 0.00000000e+00, -6.92035555e-02, -2.13608164e-01, ...,
          3.14858660e-01,  3.71651076e-01,  3.94292019e-01],
        [ 6.92035555e-02,  0.00000000e+00, -1.45489754e-01, ...,
          3.79787569e-01,  4.35006742e-01,  4.56943771e-01],
        [ 2.13608164e-01,  1.45489754e-01,  0.00000000e+00, ...,
          5.10335287e-01,  5.61381096e-01,  5.81494273e-01],
        ...,
        [-3.14858660e-01, -3.79787569e-01, -5.10335287e-01, ...,
          0.00000000e+00,  6.04422528e-02,  8.48873133e-02],
        [-3.71651076e-01, -4.35006742e-01, -5.61381096e-01, ...,
         -6.04422528e-02,  0.00000000e+00,  2.45080234e-02],
        [-3.94292019e-01, -4.56943771e-01, -5.81494273e-01, ...,
         -8.48873133e-02, -2.45080234e-02,  0.00000000e+00]],

       ...,

       [[ 0.00000000e+00, -3.32120824e-01, -4.53964518e-01, ...,
         -4.03440247e-02, -1.80933755e-02, -1.76744434e-01],
        [ 3.32120824e-01,  0.00000000e+00, -1.32269845e-01, ...,
          2.93796456e-01,  3.15000118e-01,  1.60180308e-01],
        [ 4.53964518e-01,  1.32269845e-01,  0.00000000e+00, ...,
          4.17647599e-01,  4.37768650e-01,  2.89334870e-01],
        ...,
        [ 4.03440247e-02, -2.93796456e-01, -4.17647599e-01, ...,
          0.00000000e+00,  2.22587757e-02, -1.36891658e-01],
        [ 1.80933755e-02, -3.15000118e-01, -4.37768650e-01, ...,
         -2.22587757e-02,  0.00000000e+00, -1.58906974e-01],
        [ 1.76744434e-01, -1.60180308e-01, -2.89334870e-01, ...,
          1.36891658e-01,  1.58906974e-01,  0.00000000e+00]],

       [[ 0.00000000e+00, -3.12725301e-02,  2.46095424e-02, ...,
          8.22778342e-03,  6.12962221e-03,  2.17110557e-03],
        [ 3.12725301e-02,  0.00000000e+00,  5.58605646e-02, ...,
          3.94952307e-02,  3.73985668e-02,  3.34425001e-02],
        [-2.46095424e-02, -5.58605646e-02,  0.00000000e+00, ...,
         -1.63834179e-02, -1.84813143e-02, -2.24390364e-02],
        ...,
        [-8.22778342e-03, -3.94952307e-02,  1.63834179e-02, ...,
          0.00000000e+00, -2.09821412e-03, -6.05673195e-03],
        [-6.12962221e-03, -3.73985668e-02,  1.84813143e-02, ...,
          2.09821412e-03,  0.00000000e+00, -3.95854298e-03],
        [-2.17110557e-03, -3.34425001e-02,  2.24390364e-02, ...,
          6.05673195e-03,  3.95854298e-03,  0.00000000e+00]],

       [[ 0.00000000e+00,  4.82071993e-02, -2.03922356e-02, ...,
          7.46793377e-01,  7.46888746e-01,  7.44846898e-01],
        [-4.82071993e-02,  0.00000000e+00, -6.85657017e-02, ...,
          7.13864629e-01,  7.13965051e-01,  7.11815357e-01],
        [ 2.03922356e-02,  6.85657017e-02,  0.00000000e+00, ...,
          7.60200067e-01,  7.60293232e-01,  7.58298434e-01],
        ...,
        [-7.46793377e-01, -7.13864629e-01, -7.60200067e-01, ...,
          0.00000000e+00,  1.43411368e-04, -2.92199448e-03],
        [-7.46888746e-01, -7.13965051e-01, -7.60293232e-01, ...,
         -1.43411368e-04,  0.00000000e+00, -3.06540521e-03],
        [-7.44846898e-01, -7.11815357e-01, -7.58298434e-01, ...,
          2.92199448e-03,  3.06540521e-03,  0.00000000e+00]]]), 'num': array([ 9.51167242e-01,  3.08674869e-01,  1.65590818e-04,  6.39677791e-05,
        6.47921061e-05,  6.36380482e-05,  8.01608596e-04, -3.29730820e-07,
        6.44458887e-05,  6.41697392e-05,  6.39018329e-05,  6.80965824e-07,
        6.70755242e-05,  6.12639542e-05])}
{'img': array([[[ 0.00000000e+00, -4.38767508e-01, -7.74818370e-01, ...,
          5.15959145e-01,  4.61673907e-01,  4.33587625e-01],
        [ 4.38767508e-01,  0.00000000e+00, -4.18870509e-01, ...,
          8.39495243e-01,  8.04069053e-01,  7.85000516e-01],
        [ 7.74818370e-01,  4.18870509e-01,  0.00000000e+00, ...,
          9.89900706e-01,  9.79165232e-01,  9.72304792e-01],
        ...,
        [-5.15959145e-01, -8.39495243e-01, -9.89900706e-01, ...,
          0.00000000e+00, -6.22054553e-02, -9.35197921e-02],
        [-4.61673907e-01, -8.04069053e-01, -9.79165232e-01, ...,
          6.22054553e-02,  0.00000000e+00, -3.14058435e-02],
        [-4.33587625e-01, -7.85000516e-01, -9.72304792e-01, ...,
          9.35197921e-02,  3.14058435e-02,  0.00000000e+00]],

       [[ 0.00000000e+00, -7.43602795e-02, -1.44964230e-01, ...,
         -1.62203271e-01, -2.46153665e-01, -1.62520296e-01],
        [ 7.43602795e-02,  0.00000000e+00, -7.09880841e-02, ...,
         -8.83786481e-02, -1.73399900e-01, -8.86986742e-02],
        [ 1.44964230e-01,  7.09880841e-02,  0.00000000e+00, ...,
         -1.74453790e-02, -1.03049719e-01, -1.77666170e-02],
        ...,
        [ 1.62203271e-01,  8.83786481e-02,  1.74453790e-02, ...,
          0.00000000e+00, -8.56815337e-02, -3.21287791e-04],
        [ 2.46153665e-01,  1.73399900e-01,  1.03049719e-01, ...,
          8.56815337e-02,  0.00000000e+00,  8.53614230e-02],
        [ 1.62520296e-01,  8.86986742e-02,  1.77666170e-02, ...,
          3.21287791e-04, -8.53614230e-02,  0.00000000e+00]],

       [[ 0.00000000e+00, -1.45489754e-01, -3.65649993e-01, ...,
          4.35006742e-01,  4.56943771e-01,  4.50992788e-01],
        [ 1.45489754e-01,  0.00000000e+00, -2.26344447e-01, ...,
          5.61381096e-01,  5.81494273e-01,  5.76047736e-01],
        [ 3.65649993e-01,  2.26344447e-01,  0.00000000e+00, ...,
          7.34124779e-01,  7.50545578e-01,  7.46115341e-01],
        ...,
        [-4.35006742e-01, -5.61381096e-01, -7.34124779e-01, ...,
          0.00000000e+00,  2.45080234e-02,  1.78306511e-02],
        [-4.56943771e-01, -5.81494273e-01, -7.50545578e-01, ...,
         -2.45080234e-02,  0.00000000e+00, -6.67883187e-03],
        [-4.50992788e-01, -5.76047736e-01, -7.46115341e-01, ...,
         -1.78306511e-02,  6.67883187e-03,  0.00000000e+00]],

       ...,

       [[ 0.00000000e+00, -1.32269845e-01, -1.62653690e-02, ...,
          3.15000118e-01,  1.60180308e-01,  2.16999840e-01],
        [ 1.32269845e-01,  0.00000000e+00,  1.16129890e-01, ...,
          4.37768650e-01,  2.89334870e-01,  3.44211295e-01],
        [ 1.62653690e-02, -1.16129890e-01,  0.00000000e+00, ...,
          3.30395772e-01,  1.76214465e-01,  2.32848925e-01],
        ...,
        [-3.15000118e-01, -4.37768650e-01, -3.30395772e-01, ...,
          0.00000000e+00, -1.58906974e-01, -1.01541449e-01],
        [-1.60180308e-01, -2.89334870e-01, -1.76214465e-01, ...,
          1.58906974e-01,  0.00000000e+00,  5.78344140e-02],
        [-2.16999840e-01, -3.44211295e-01, -2.32848925e-01, ...,
          1.01541449e-01, -5.78344140e-02,  0.00000000e+00]],

       [[ 0.00000000e+00,  5.58605646e-02,  1.50306857e-01, ...,
          3.73985668e-02,  3.34425001e-02,  2.96684778e-02],
        [-5.58605646e-02,  0.00000000e+00,  9.48462097e-02, ...,
         -1.84813143e-02, -2.24390364e-02, -2.62138217e-02],
        [-1.50306857e-01, -9.48462097e-02,  0.00000000e+00, ...,
         -1.13228010e-01, -1.17160208e-01, -1.20909265e-01],
        ...,
        [-3.73985668e-02,  1.84813143e-02,  1.13228010e-01, ...,
          0.00000000e+00, -3.95854298e-03, -7.73438114e-03],
        [-3.34425001e-02,  2.24390364e-02,  1.17160208e-01, ...,
          3.95854298e-03,  0.00000000e+00, -3.77589597e-03],
        [-2.96684778e-02,  2.62138217e-02,  1.20909265e-01, ...,
          7.73438114e-03,  3.77589597e-03,  0.00000000e+00]],

       [[ 0.00000000e+00, -6.85657017e-02, -1.91203985e-01, ...,
          7.13965051e-01,  7.11815357e-01,  7.07385665e-01],
        [ 6.85657017e-02,  0.00000000e+00, -1.23453320e-01, ...,
          7.60293232e-01,  7.58298434e-01,  7.54185049e-01],
        [ 1.91203985e-01,  1.23453320e-01,  0.00000000e+00, ...,
          8.34670088e-01,  8.32977894e-01,  8.29482917e-01],
        ...,
        [-7.13965051e-01, -7.60293232e-01, -8.34670088e-01, ...,
          0.00000000e+00, -3.06540521e-03, -9.35209592e-03],
        [-7.11815357e-01, -7.58298434e-01, -8.32977894e-01, ...,
          3.06540521e-03,  0.00000000e+00, -6.28678083e-03],
        [-7.07385665e-01, -7.54185049e-01, -8.29482917e-01, ...,
          9.35209592e-03,  6.28678083e-03,  0.00000000e+00]]]), 'num': array([9.93103470e-01, 1.17172521e-01, 2.19256804e-04, 6.70235621e-05,
       6.76107523e-05, 6.50942230e-05, 4.00181835e-03, 1.92933908e-06,
       6.59162892e-05, 6.53794297e-05, 6.51319710e-05, 9.32047867e-07,
       6.84305131e-05, 6.23283462e-05])}
{'img': array([[[ 0.        , -0.41887051,  0.15629763, ...,  0.80406905,
          0.78500052,  0.88247211],
        [ 0.41887051,  0.        ,  0.55564803, ...,  0.97916523,
          0.97230479,  0.99834716],
        [-0.15629763, -0.55564803,  0.        , ...,  0.70126249,
          0.67852724,  0.79810963],
        ...,
        [-0.80406905, -0.97916523, -0.70126249, ...,  0.        ,
         -0.03140584,  0.14645564],
        [-0.78500052, -0.97230479, -0.67852724, ...,  0.03140584,
          0.        ,  0.17745059],
        [-0.88247211, -0.99834716, -0.79810963, ..., -0.14645564,
         -0.17745059,  0.        ]],

       [[ 0.        , -0.07098808, -0.15733386, ..., -0.1733999 ,
         -0.08869867,  0.24222396],
        [ 0.07098808,  0.        , -0.08683298, ..., -0.10304972,
         -0.01776662,  0.31048695],
        [ 0.15733386,  0.08683298,  0.        , ..., -0.01628979,
          0.06911976,  0.39185569],
        ...,
        [ 0.1733999 ,  0.10304972,  0.01628979, ...,  0.        ,
          0.08536142,  0.40679074],
        [ 0.08869867,  0.01776662, -0.06911976, ..., -0.08536142,
          0.        ,  0.32732649],
        [-0.24222396, -0.31048695, -0.39185569, ..., -0.40679074,
         -0.32732649,  0.        ]],

       [[ 0.        , -0.22634445, -0.44519003, ...,  0.58149427,
          0.57604774,  0.61181016],
        [ 0.22634445,  0.        , -0.23095917, ...,  0.75054558,
          0.74611534,  0.77497156],
        [ 0.44519003,  0.23095917,  0.        , ...,  0.88287554,
          0.87971943,  0.89998429],
        ...,
        [-0.58149427, -0.75054558, -0.88287554, ...,  0.        ,
         -0.00667883,  0.0377738 ],
        [-0.57604774, -0.74611534, -0.87971943, ...,  0.00667883,
          0.        ,  0.04444702],
        [-0.61181016, -0.77497156, -0.89998429, ..., -0.0377738 ,
         -0.04444702,  0.        ]],

       ...,

       [[ 0.        ,  0.11612989, -0.04401394, ...,  0.28933487,
          0.3442113 ,  0.69540079],
        [-0.11612989,  0.        , -0.1597335 , ...,  0.17621446,
          0.23284892,  0.60724223],
        [ 0.04401394,  0.1597335 ,  0.        , ...,  0.33118586,
          0.38520207,  0.72635628],
        ...,
        [-0.28933487, -0.17621446, -0.33118586, ...,  0.        ,
          0.05783441,  0.45773463],
        [-0.3442113 , -0.23284892, -0.38520207, ..., -0.05783441,
          0.        ,  0.40554854],
        [-0.69540079, -0.60724223, -0.72635628, ..., -0.45773463,
         -0.40554854,  0.        ]],

       [[ 0.        ,  0.09484621,  0.10735788, ..., -0.02243904,
         -0.02621382,  0.01487864],
        [-0.09484621,  0.        ,  0.01257586, ..., -0.11716021,
         -0.12090926, -0.08002415],
        [-0.10735788, -0.01257586,  0.        , ..., -0.12964019,
         -0.1333833 , -0.09255335],
        ...,
        [ 0.02243904,  0.11716021,  0.12964019, ...,  0.        ,
         -0.0037759 ,  0.03731144],
        [ 0.02621382,  0.12090926,  0.1333833 , ...,  0.0037759 ,
          0.        ,  0.04108444],
        [-0.01487864,  0.08002415,  0.09255335, ..., -0.03731144,
         -0.04108444,  0.        ]],

       [[ 0.        , -0.12345332, -0.23685657, ...,  0.75829843,
          0.75418505,  0.75086309],
        [ 0.12345332,  0.        , -0.1151043 , ...,  0.83297789,
          0.82948292,  0.82665499],
        [ 0.23685657,  0.1151043 ,  0.        , ...,  0.89112936,
          0.88825913,  0.88593079],
        ...,
        [-0.75829843, -0.83297789, -0.89112936, ...,  0.        ,
         -0.00628678, -0.01133084],
        [-0.75418505, -0.82948292, -0.88825913, ...,  0.00628678,
          0.        , -0.00504424],
        [-0.75086309, -0.82665499, -0.88593079, ...,  0.01133084,
          0.00504424,  0.        ]]]), 'num': array([ 9.96604385e-01,  8.23290207e-02,  2.32344429e-04,  6.71767325e-05,
        6.97374720e-05,  6.68353006e-05,  1.24204401e-03, -1.02429579e-06,
        6.70913746e-05,  6.65578872e-05,  6.64170465e-05,  9.22789004e-07,
        6.96754407e-05,  6.34403336e-05])}
{'img': array([[[ 0.00000000e+00,  5.55648030e-01,  7.62057311e-01, ...,
          9.72304792e-01,  9.98347161e-01,  9.88773019e-01],
        [-5.55648030e-01,  0.00000000e+00,  2.73800458e-01, ...,
          6.78527242e-01,  7.98109630e-01,  7.39055448e-01],
        [-7.62057311e-01, -2.73800458e-01,  0.00000000e+00, ...,
          4.51471318e-01,  6.02642952e-01,  5.26369368e-01],
        ...,
        [-9.72304792e-01, -6.78527242e-01, -4.51471318e-01, ...,
          0.00000000e+00,  1.77450594e-01,  8.58056217e-02],
        [-9.98347161e-01, -7.98109630e-01, -6.02642952e-01, ...,
         -1.77450594e-01,  0.00000000e+00, -9.23522758e-02],
        [-9.88773019e-01, -7.39055448e-01, -5.26369368e-01, ...,
         -8.58056217e-02,  9.23522758e-02,  0.00000000e+00]],

       [[ 0.00000000e+00, -8.68329764e-02, -5.37369281e-02, ...,
         -1.77666170e-02,  3.10486950e-01,  4.73701136e-02],
        [ 8.68329764e-02,  0.00000000e+00,  3.31735563e-02, ...,
          6.91197603e-02,  3.91855691e-01,  1.33926689e-01],
        [ 5.37369281e-02, -3.31735563e-02,  0.00000000e+00, ...,
          3.59874998e-02,  3.61119458e-01,  1.00978273e-01],
        ...,
        [ 1.77666170e-02, -6.91197603e-02, -3.59874998e-02, ...,
          0.00000000e+00,  3.27326492e-01,  6.51093091e-02],
        [-3.10486950e-01, -3.91855691e-01, -3.61119458e-01, ...,
         -3.27326492e-01,  0.00000000e+00, -2.65109428e-01],
        [-4.73701136e-02, -1.33926689e-01, -1.00978273e-01, ...,
         -6.51093091e-02,  2.65109428e-01,  0.00000000e+00]],

       [[ 0.00000000e+00, -2.30959168e-01, -4.31986467e-01, ...,
          7.46115341e-01,  7.74971556e-01,  7.76372562e-01],
        [ 2.30959168e-01,  0.00000000e+00, -2.12009567e-01, ...,
          8.79719426e-01,  8.99984290e-01,  9.00949741e-01],
        [ 4.31986467e-01,  2.12009567e-01,  0.00000000e+00, ...,
          9.60530380e-01,  9.71945183e-01,  9.72464906e-01],
        ...,
        [-7.46115341e-01, -8.79719426e-01, -9.60530380e-01, ...,
          0.00000000e+00,  4.44470188e-02,  4.66645329e-02],
        [-7.74971556e-01, -8.99984290e-01, -9.71945183e-01, ...,
         -4.44470188e-02,  0.00000000e+00,  2.21981736e-03],
        [-7.76372562e-01, -9.00949741e-01, -9.72464906e-01, ...,
         -4.66645329e-02, -2.21981736e-03,  0.00000000e+00]],

       ...,

       [[ 0.00000000e+00, -1.59733497e-01,  1.05912848e-01, ...,
          2.32848925e-01,  6.07242226e-01,  5.70424423e-01],
        [ 1.59733497e-01,  0.00000000e+00,  2.63388008e-01, ...,
          3.85202075e-01,  7.26356282e-01,  6.94297396e-01],
        [-1.05912848e-01, -2.63388008e-01,  0.00000000e+00, ...,
          1.28537634e-01,  5.19677209e-01,  4.80224496e-01],
        ...,
        [-2.32848925e-01, -3.85202075e-01, -1.28537634e-01, ...,
          0.00000000e+00,  4.05548537e-01,  3.63494634e-01],
        [-6.07242226e-01, -7.26356282e-01, -5.19677209e-01, ...,
         -4.05548537e-01,  0.00000000e+00, -4.55466966e-02],
        [-5.70424423e-01, -6.94297396e-01, -4.80224496e-01, ...,
         -3.63494634e-01,  4.55466966e-02,  0.00000000e+00]],

       [[ 0.00000000e+00,  1.25758596e-02, -1.72163649e-02, ...,
         -1.20909265e-01, -8.00241468e-02, -7.03163159e-02],
        [-1.25758596e-02,  0.00000000e+00, -2.97889991e-02, ...,
         -1.33383301e-01, -9.25533464e-02, -8.28554864e-02],
        [ 1.72163649e-02,  2.97889991e-02,  0.00000000e+00, ...,
         -1.03801286e-01, -6.28511355e-02, -5.31321441e-02],
        ...,
        [ 1.20909265e-01,  1.33383301e-01,  1.03801286e-01, ...,
          0.00000000e+00,  4.10844450e-02,  5.08095387e-02],
        [ 8.00241468e-02,  9.25533464e-02,  6.28511355e-02, ...,
         -4.10844450e-02,  0.00000000e+00,  9.73526036e-03],
        [ 7.03163159e-02,  8.28554864e-02,  5.31321441e-02, ...,
         -5.08095387e-02, -9.73526036e-03,  0.00000000e+00]],

       [[ 0.00000000e+00, -1.15104302e-01, -1.59630052e-01, ...,
          8.29482917e-01,  8.26654993e-01,  8.29928575e-01],
        [ 1.15104302e-01,  0.00000000e+00, -4.49407478e-02, ...,
          8.88259131e-01,  8.85930795e-01,  8.88625579e-01],
        [ 1.59630052e-01,  4.49407478e-02,  0.00000000e+00, ...,
          9.08004887e-01,  9.05880002e-01,  9.08339087e-01],
        ...,
        [-8.29482917e-01, -8.88259131e-01, -9.08004887e-01, ...,
          0.00000000e+00, -5.04424214e-03,  7.98382029e-04],
        [-8.26654993e-01, -8.85930795e-01, -9.05880002e-01, ...,
          5.04424214e-03,  0.00000000e+00,  5.84261241e-03],
        [-8.29928575e-01, -8.88625579e-01, -9.08339087e-01, ...,
         -7.98382029e-04, -5.84261241e-03,  0.00000000e+00]]]), 'num': array([9.96612474e-01, 8.22338334e-02, 2.32075797e-04, 6.71843233e-05,
       6.76958791e-05, 6.59906932e-05, 1.04105008e-03, 8.52592936e-08,
       6.70138047e-05, 6.64169897e-05, 6.64994070e-05, 1.19069013e-06,
       6.94158876e-05, 6.34180918e-05])}
{'img': array([[[ 0.        ,  0.60111414,  0.52779404, ...,  0.98794399,
          0.96688034,  0.96905066],
        [-0.60111414,  0.        , -0.08877619, ...,  0.69646895,
          0.61927273,  0.62603742],
        [-0.52779404,  0.08877619,  0.        , ...,  0.75742364,
          0.68653252,  0.69279262],
        ...,
        [-0.98794399, -0.69646895, -0.75742364, ...,  0.        ,
         -0.10246867, -0.09386536],
        [-0.96688034, -0.61927273, -0.68653252, ...,  0.10246867,
          0.        ,  0.00864498],
        [-0.96905066, -0.62603742, -0.69279262, ...,  0.09386536,
         -0.00864498,  0.        ]],

       [[ 0.        ,  0.03317356, -0.13498546, ...,  0.39185569,
          0.13392669,  0.10471622],
        [-0.03317356,  0.        , -0.16778111, ...,  0.36111946,
          0.10097827,  0.07166741],
        [ 0.13498546,  0.16778111,  0.        , ...,  0.51245949,
          0.26647035,  0.23800115],
        ...,
        [-0.39185569, -0.36111946, -0.51245949, ...,  0.        ,
         -0.26510943, -0.2933596 ],
        [-0.13392669, -0.10097827, -0.26647035, ...,  0.26510943,
          0.        , -0.02941752],
        [-0.10471622, -0.07166741, -0.23800115, ...,  0.2933596 ,
          0.02941752,  0.        ]],

       [[ 0.        , -0.21200957, -0.3915017 , ...,  0.89998429,
          0.90094974,  0.90094974],
        [ 0.21200957,  0.        , -0.18751552, ...,  0.97194518,
          0.97246491,  0.97246491],
        [ 0.3915017 ,  0.18751552,  0.        , ...,  0.99880952,
          0.99891535,  0.99891535],
        ...,
        [-0.89998429, -0.97194518, -0.99880952, ...,  0.        ,
          0.00221982,  0.00221982],
        [-0.90094974, -0.97246491, -0.99891535, ..., -0.00221982,
          0.        ,  0.        ],
        [-0.90094974, -0.97246491, -0.99891535, ..., -0.00221982,
          0.        ,  0.        ]],

       ...,

       [[ 0.        ,  0.26338801,  0.40516806, ...,  0.72635628,
          0.6942974 ,  0.96696093],
        [-0.26338801,  0.        ,  0.15006113, ...,  0.51967721,
          0.4802245 ,  0.86567343],
        [-0.40516806, -0.15006113,  0.        , ...,  0.38558613,
          0.34316131,  0.7807492 ],
        ...,
        [-0.72635628, -0.51967721, -0.38558613, ...,  0.        ,
         -0.0455467 ,  0.47944392],
        [-0.6942974 , -0.4802245 , -0.34316131, ...,  0.0455467 ,
          0.        ,  0.51891689],
        [-0.96696093, -0.86567343, -0.7807492 , ..., -0.47944392,
         -0.51891689,  0.        ]],

       [[ 0.        , -0.029789  , -0.07409824, ..., -0.09255335,
         -0.08285549, -0.12395118],
        [ 0.029789  ,  0.        , -0.04435825, ..., -0.06285114,
         -0.05313214, -0.09433689],
        [ 0.07409824,  0.04435825,  0.        , ..., -0.01851872,
         -0.00878426, -0.05008361],
        ...,
        [ 0.09255335,  0.06285114,  0.01851872, ...,  0.        ,
          0.00973526, -0.03157954],
        [ 0.08285549,  0.05313214,  0.00878426, ..., -0.00973526,
          0.        , -0.04130845],
        [ 0.12395118,  0.09433689,  0.05008361, ...,  0.03157954,
          0.04130845,  0.        ]],

       [[ 0.        , -0.04494075, -0.09559491, ...,  0.88593079,
          0.88862558,  0.89670911],
        [ 0.04494075,  0.        , -0.05076339, ...,  0.90588   ,
          0.90833909,  0.91569481],
        [ 0.09559491,  0.05076339,  0.        , ...,  0.9262121 ,
          0.92839898,  0.93491472],
        ...,
        [-0.88593079, -0.90588   , -0.9262121 , ...,  0.        ,
          0.00584261,  0.02377833],
        [-0.88862558, -0.90833909, -0.92839898, ..., -0.00584261,
          0.        ,  0.01793696],
