state_0,state_1,state_2,state_3,state_4,state_5,state_6,state_7,state_8,state_9,state_10,state_11,state_12,state_13,state_14,state_15,state_16,state_17,state_18,state_19,state_20,state_21,state_22,state_23,state_24,state_25,state_26,state_27,state_28,state_29,state_30,state_31,state_32,state_33,state_34,state_35,state_36,state_37,state_38,state_39,state_40,state_41,state_42,state_43,state_44,state_45,state_46,state_47,state_48,state_49,state_50,state_51,state_52,state_53,state_54,state_55,state_56,state_57,state_58,state_59,state_60,state_61,state_62,state_63,state_64,state_65,state_66,state_67,state_68,state_69,state_70,state_71,state_72,state_73,state_74,state_75,state_76,state_77,state_78,state_79,state_80,state_81,state_82,state_83,state_84,state_85,state_86,state_87,state_88,state_89,state_90,state_91,state_92,state_93,state_94,state_95,state_96,state_97,state_98,state_99,state_100,state_101,state_102,state_103,state_104,state_105,state_106,state_107,state_108,state_109,state_110,state_111,state_112,state_113,state_114,state_115,state_116,state_117,state_118,state_119,state_120,state_121,state_122,state_123,state_124,state_125,state_126,state_127,state_128,state_129,state_130,state_131,state_132,state_133,state_134,state_135,state_136,state_137,state_138,state_139,state_140,state_141,state_142,state_143,state_144,state_145,state_146,state_147,state_148,state_149,state_150,state_151,state_152,state_153,state_154,state_155,state_156,state_157,state_158,state_159,state_160,state_161,state_162,state_163,state_164,state_165,state_166,state_167,state_168,state_169,state_170,state_171,state_172,state_173,state_174,state_175,state_176,state_177,state_178,state_179,state_180,state_181,state_182,state_183,state_184,state_185,state_186,state_187,state_188,state_189,state_190,state_191,state_192,state_193,state_194,state_195,state_196,state_197,state_198,state_199,state_200,state_201,state_202,state_203,state_204,state_205,state_206,state_207,state_208,state_209,state_210,state_211,state_212,state_213,state_214,state_215,state_216,state_217,state_218,state_219,state_220,state_221,state_222,state_223,state_224,state_225,state_226,state_227,state_228,state_229,state_230,state_231,state_232,state_233,state_234,state_235,state_236,state_237,state_238,state_239,state_240,state_241,state_242,state_243,state_244,state_245,state_246,state_247,state_248,state_249,state_250,state_251,state_252,state_253,state_254,state_255,state_256,state_257,state_258,state_259,state_260,state_261,state_262,state_263,state_264,state_265,state_266,state_267,state_268,state_269,state_270,state_271,state_272,state_273,state_274,state_275,state_276,state_277,state_278,state_279,state_280,state_281,state_282,state_283,state_284,state_285,state_286,state_287
{'img': array([[[ 0.        ,  0.        , -0.24624315, ...,  0.1999898 ,
          0.49666686,  0.2702893 ],
        [ 0.        ,  0.        , -0.24624315, ...,  0.1999898 ,
          0.49666686,  0.2702893 ],
        [ 0.24624315,  0.24624315,  0.        , ...,  0.43510027,
          0.69509813,  0.49904434],
        ...,
        [-0.1999898 , -0.1999898 , -0.43510027, ...,  0.        ,
          0.31305379,  0.0722829 ],
        [-0.49666686, -0.49666686, -0.69509813, ..., -0.31305379,
          0.        , -0.24358526],
        [-0.2702893 , -0.2702893 , -0.49904434, ..., -0.0722829 ,
          0.24358526,  0.        ]],

       [[ 0.        , -0.77082149, -0.76299171, ..., -0.91902402,
         -0.15559022, -0.89945142],
        [ 0.77082149,  0.        ,  0.0122006 , ..., -0.28160633,
          0.66231525, -0.23613161],
        [ 0.76299171, -0.0122006 ,  0.        , ..., -0.29329221,
          0.65312496, -0.24796962],
        ...,
        [ 0.91902402,  0.28160633,  0.29329221, ...,  0.        ,
          0.84649795,  0.04706744],
        [ 0.15559022, -0.66231525, -0.65312496, ..., -0.84649795,
          0.        , -0.82050146],
        [ 0.89945142,  0.23613161,  0.24796962, ..., -0.04706744,
          0.82050146,  0.        ]],

       [[ 0.        ,  0.06626373,  0.06626373, ...,  0.63706651,
          0.60075498,  0.58272338],
        [-0.06626373,  0.        ,  0.        , ...,  0.58458966,
          0.54646119,  0.52759206],
        [-0.06626373,  0.        ,  0.        , ...,  0.58458966,
          0.54646119,  0.52759206],
        ...,
        [-0.63706651, -0.58458966, -0.58458966, ...,  0.        ,
         -0.04622487, -0.06855687],
        [-0.60075498, -0.54646119, -0.54646119, ...,  0.04622487,
          0.        , -0.02236748],
        [-0.58272338, -0.52759206, -0.52759206, ...,  0.06855687,
          0.02236748,  0.        ]],

       ...,

       [[ 0.        ,  0.11614543, -0.29806252, ...,  0.        ,
         -0.30362121, -0.30362121],
        [-0.11614543,  0.        , -0.40691149, ..., -0.11614543,
         -0.4122289 , -0.4122289 ],
        [ 0.29806252,  0.40691149,  0.        , ...,  0.29806252,
         -0.00582869, -0.00582869],
        ...,
        [ 0.        ,  0.11614543, -0.29806252, ...,  0.        ,
         -0.30362121, -0.30362121],
        [ 0.30362121,  0.4122289 ,  0.00582869, ...,  0.30362121,
          0.        ,  0.        ],
        [ 0.30362121,  0.4122289 ,  0.00582869, ...,  0.30362121,
          0.        ,  0.        ]],

       [[ 0.        , -0.11566399, -0.39665863, ...,  0.74454795,
          0.76670004,  0.75277632],
        [ 0.11566399,  0.        , -0.28782078, ...,  0.81676454,
          0.83581117,  0.82386286],
        [ 0.39665863,  0.28782078,  0.        , ...,  0.94826685,
          0.95846174,  0.95213423],
        ...,
        [-0.74454795, -0.81676454, -0.94826685, ...,  0.        ,
          0.03382129,  0.01241178],
        [-0.76670004, -0.83581117, -0.95846174, ..., -0.03382129,
          0.        , -0.02141401],
        [-0.75277632, -0.82386286, -0.95213423, ..., -0.01241178,
          0.02141401,  0.        ]],

       [[ 0.        ,  0.43238239,  0.69969257, ...,  0.67192992,
          0.67712049,  0.42917226],
        [-0.43238239,  0.        ,  0.32199301, ...,  0.92610149,
          0.92873117,  0.77751805],
        [-0.69969257, -0.32199301,  0.        , ...,  0.99825896,
          0.99864899,  0.93859775],
        ...,
        [-0.67192992, -0.92610149, -0.99825896, ...,  0.        ,
         -0.00703088,  0.28905104],
        [-0.67712049, -0.92873117, -0.99864899, ...,  0.00703088,
          0.        ,  0.29577465],
        [-0.42917226, -0.77751805, -0.93859775, ..., -0.28905104,
         -0.29577465,  0.        ]]]), 'num': array([ 9.94770635e-01,  2.24768146e-02,  7.22895033e-06,  2.70081617e-02,
        2.74097700e-02,  2.69077596e-02,  6.37663701e-02, -1.00402088e-04,
        2.71085638e-02,  2.71336643e-02,  2.66617745e-02,  9.51177676e-06,
        2.77745883e-02,  2.64927403e-02])}
{'img': array([[[ 0.        , -0.24624315, -0.18663512, ...,  0.49666686,
          0.2702893 ,  0.1999898 ],
        [ 0.24624315,  0.        ,  0.06102822, ...,  0.69509813,
          0.49904434,  0.43510027],
        [ 0.18663512, -0.06102822,  0.        , ...,  0.6499284 ,
          0.44522853,  0.37934055],
        ...,
        [-0.49666686, -0.69509813, -0.6499284 , ...,  0.        ,
         -0.24358526, -0.31305379],
        [-0.2702893 , -0.49904434, -0.44522853, ...,  0.24358526,
          0.        , -0.0722829 ],
        [-0.1999898 , -0.43510027, -0.37934055, ...,  0.31305379,
          0.0722829 ,  0.        ]],

       [[ 0.        ,  0.0122006 , -0.51391571, ...,  0.66231525,
         -0.23613161, -0.01499102],
        [-0.0122006 ,  0.        , -0.52434362, ...,  0.65312496,
         -0.24796962, -0.02718913],
        [ 0.51391571,  0.52434362,  0.        , ...,  0.9531996 ,
          0.29681942,  0.50099805],
        ...,
        [-0.66231525, -0.65312496, -0.9531996 , ...,  0.        ,
         -0.82050146, -0.67347247],
        [ 0.23613161,  0.24796962, -0.29681942, ...,  0.82050146,
          0.        ,  0.22153799],
        [ 0.01499102,  0.02718913, -0.50099805, ...,  0.67347247,
         -0.22153799,  0.        ]],

       [[ 0.        ,  0.        ,  0.03343584, ...,  0.54646119,
          0.52759206,  0.56545747],
        [ 0.        ,  0.        ,  0.03343584, ...,  0.54646119,
          0.52759206,  0.56545747],
        [-0.03343584, -0.03343584,  0.        , ...,  0.51815365,
          0.49889339,  0.53756417],
        ...,
        [-0.54646119, -0.54646119, -0.51815365, ...,  0.        ,
         -0.02236748,  0.02285295],
        [-0.52759206, -0.52759206, -0.49889339, ...,  0.02236748,
          0.        ,  0.04520887],
        [-0.56545747, -0.56545747, -0.53756417, ..., -0.02285295,
         -0.04520887,  0.        ]],

       ...,

       [[ 0.        , -0.40691149, -0.35748271, ..., -0.4122289 ,
         -0.4122289 , -0.46358845],
        [ 0.40691149,  0.        ,  0.05347382, ..., -0.00582869,
         -0.00582869, -0.06292884],
        [ 0.35748271, -0.05347382,  0.        , ..., -0.05929326,
         -0.05929326, -0.11620664],
        ...,
        [ 0.4122289 ,  0.00582869,  0.05929326, ...,  0.        ,
          0.        , -0.05711063],
        [ 0.4122289 ,  0.00582869,  0.05929326, ...,  0.        ,
          0.        , -0.05711063],
        [ 0.46358845,  0.06292884,  0.11620664, ...,  0.05711063,
          0.05711063,  0.        ]],

       [[ 0.        , -0.28782078, -0.9582191 , ...,  0.83581117,
          0.82386286,  0.8110524 ],
        [ 0.28782078,  0.        , -0.83534449, ...,  0.95846174,
          0.95213423,  0.94509968],
        [ 0.9582191 ,  0.83534449,  0.        , ...,  0.76515004,
          0.77876204,  0.79252235],
        ...,
        [-0.83581117, -0.95846174, -0.76515004, ...,  0.        ,
         -0.02141401, -0.04364582],
        [-0.82386286, -0.95213423, -0.77876204, ...,  0.02141401,
          0.        , -0.02224221],
        [-0.8110524 , -0.94509968, -0.79252235, ...,  0.04364582,
          0.02224221,  0.        ]],

       [[ 0.        ,  0.32199301,  0.65155575, ...,  0.92873117,
          0.77751805,  0.86249795],
        [-0.32199301,  0.        ,  0.37259109, ...,  0.99864899,
          0.93859775,  0.97951104],
        [-0.65155575, -0.37259109,  0.        , ...,  0.94610297,
          0.99956353,  0.98401826],
        ...,
        [-0.92873117, -0.99864899, -0.94610297, ...,  0.        ,
          0.29577465,  0.15021978],
        [-0.77751805, -0.93859775, -0.99956353, ..., -0.29577465,
          0.        , -0.14891978],
        [-0.86249795, -0.97951104, -0.98401826, ..., -0.15021978,
          0.14891978,  0.        ]]]), 'num': array([ 7.03338208e-01,  7.03338208e-01,  0.00000000e+00,  3.24990758e-02,
        3.27416062e-02,  3.22565454e-02,  4.61397140e-02, -1.21265208e-04,
        3.27173532e-02,  3.27840491e-02,  3.22060182e-02,  1.17987770e-05,
        3.35326592e-02,  3.20354389e-02])}
{'img': array([[[ 0.        ,  0.06102822,  0.49904434, ...,  0.49904434,
          0.43510027,  0.3716884 ],
        [-0.06102822,  0.        ,  0.44522853, ...,  0.44522853,
          0.37934055,  0.31433959],
        [-0.49904434, -0.44522853,  0.        , ...,  0.        ,
         -0.0722829 , -0.14119516],
        ...,
        [-0.49904434, -0.44522853,  0.        , ...,  0.        ,
         -0.0722829 , -0.14119516],
        [-0.43510027, -0.37934055,  0.0722829 , ...,  0.0722829 ,
          0.        , -0.06926707],
        [-0.3716884 , -0.31433959,  0.14119516, ...,  0.14119516,
          0.06926707,  0.        ]],

       [[ 0.        , -0.52434362,  0.60100884, ..., -0.24796962,
         -0.02718913, -0.42664176],
        [ 0.52434362,  0.        ,  0.93084073, ...,  0.29681942,
          0.50099805,  0.11093889],
        [-0.60100884, -0.93084073,  0.        , ..., -0.78042584,
         -0.62251736, -0.88455501],
        ...,
        [ 0.24796962, -0.29681942,  0.78042584, ...,  0.        ,
          0.22153799, -0.18904794],
        [ 0.02718913, -0.50099805,  0.62251736, ..., -0.22153799,
          0.        , -0.40189362],
        [ 0.42664176, -0.11093889,  0.88455501, ...,  0.18904794,
          0.40189362,  0.        ]],

       [[ 0.        ,  0.03343584,  0.15213402, ...,  0.52759206,
          0.56545747,  0.54646119],
        [-0.03343584,  0.        ,  0.11900232, ...,  0.49889339,
          0.53756417,  0.51815365],
        [-0.15213402, -0.11900232,  0.        , ...,  0.39221329,
          0.43339876,  0.41269043],
        ...,
        [-0.52759206, -0.49889339, -0.39221329, ...,  0.        ,
          0.04520887,  0.02236748],
        [-0.56545747, -0.53756417, -0.43339876, ..., -0.04520887,
          0.        , -0.02285295],
        [-0.54646119, -0.51815365, -0.41269043, ..., -0.02236748,
          0.02285295,  0.        ]],

       ...,

       [[ 0.        ,  0.05347382,  0.54826684, ..., -0.00582869,
         -0.06292884, -0.00582869],
        [-0.05347382,  0.        ,  0.50276206, ..., -0.05929326,
         -0.11620664, -0.05929326],
        [-0.54826684, -0.50276206,  0.        , ..., -0.55313207,
         -0.59980778, -0.55313207],
        ...,
        [ 0.00582869,  0.05929326,  0.55313207, ...,  0.        ,
         -0.05711063,  0.        ],
        [ 0.06292884,  0.11620664,  0.59980778, ...,  0.05711063,
          0.        ,  0.05711063],
        [ 0.00582869,  0.05929326,  0.55313207, ...,  0.        ,
         -0.05711063,  0.        ]],

       [[ 0.        , -0.83534449, -0.41694402, ...,  0.95213423,
          0.94509968,  0.93500878],
        [ 0.83534449,  0.        ,  0.53006617, ...,  0.77876204,
          0.79252235,  0.81023308],
        [ 0.41694402, -0.53006617,  0.        , ...,  0.99287698,
          0.99528138,  0.99771815],
        ...,
        [-0.95213423, -0.77876204, -0.99287698, ...,  0.        ,
         -0.02224221, -0.05183645],
        [-0.94509968, -0.79252235, -0.99528138, ...,  0.02224221,
          0.        , -0.02961132],
        [-0.93500878, -0.81023308, -0.99771815, ...,  0.05183645,
          0.02961132,  0.        ]],

       [[ 0.        ,  0.36985337,  0.45424007, ...,  0.98566985,
          0.99308552,  0.93643403],
        [-0.36985337,  0.        ,  0.09253525, ...,  0.9781652 ,
          0.96608422,  0.99979235],
        [-0.45424007, -0.09253525,  0.        , ...,  0.9547368 ,
          0.93804403,  0.99361698],
        ...,
        [-0.98566985, -0.9781652 , -0.9547368 , ...,  0.        ,
         -0.05180865,  0.18785282],
        [-0.99308552, -0.96608422, -0.93804403, ...,  0.05180865,
          0.        ,  0.23848685],
        [-0.93643403, -0.99979235, -0.99361698, ..., -0.18785282,
         -0.23848685,  0.        ]]]), 'num': array([ 9.39241344e-01,  2.03758044e-01,  5.57184318e-06,  4.32637235e-02,
        4.40831122e-02,  4.21165793e-02,  2.46968016e-01, -6.55510963e-04,
        4.40503367e-02,  4.43043472e-02,  4.35286592e-02,  1.06038538e-05,
        4.53160185e-02,  4.32926759e-02])}
{'img': array([[[ 0.        ,  0.44522853,  0.31433959, ...,  0.37934055,
          0.31433959,  0.06160508],
        [-0.44522853,  0.        , -0.14119516, ..., -0.0722829 ,
         -0.14119516, -0.38922063],
        [-0.31433959,  0.14119516,  0.        , ...,  0.06926707,
          0.        , -0.25526017],
        ...,
        [-0.37934055,  0.0722829 , -0.06926707, ...,  0.        ,
         -0.06926707, -0.32161949],
        [-0.31433959,  0.14119516,  0.        , ...,  0.06926707,
          0.        , -0.25526017],
        [-0.06160508,  0.38922063,  0.25526017, ...,  0.32161949,
          0.25526017,  0.        ]],

       [[ 0.        ,  0.93084073,  0.66768087, ...,  0.50099805,
          0.11093889,  0.97934156],
        [-0.93084073,  0.        , -0.4489748 , ..., -0.62251736,
         -0.88455501,  0.16964791],
        [-0.66768087,  0.4489748 ,  0.        , ..., -0.20487654,
         -0.58097124,  0.59405473],
        ...,
        [-0.50099805,  0.62251736,  0.20487654, ...,  0.        ,
         -0.40189362,  0.74626127],
        [-0.11093889,  0.88455501,  0.58097124, ...,  0.40189362,
          0.        ,  0.95086302],
        [-0.97934156, -0.16964791, -0.59405473, ..., -0.74626127,
         -0.95086302,  0.        ]],

       [[ 0.        ,  0.11900232,  0.15359854, ...,  0.53756417,
          0.51815365,  0.42318835],
        [-0.11900232,  0.        ,  0.03491691, ...,  0.43339876,
          0.41269043,  0.3123601 ],
        [-0.15359854, -0.03491691,  0.        , ...,  0.40166728,
          0.38063397,  0.27899983],
        ...,
        [-0.53756417, -0.43339876, -0.40166728, ...,  0.        ,
         -0.02285295, -0.13021349],
        [-0.51815365, -0.41269043, -0.38063397, ...,  0.02285295,
          0.        , -0.1075211 ],
        [-0.42318835, -0.3123601 , -0.27899983, ...,  0.13021349,
          0.1075211 ,  0.        ]],

       ...,

       [[ 0.        ,  0.50276206,  0.24659283, ..., -0.11620664,
         -0.05929326, -0.88924637],
        [-0.50276206,  0.        , -0.27407539, ..., -0.59980778,
         -0.55313207, -0.99866438],
        [-0.24659283,  0.27407539,  0.        , ..., -0.35754026,
         -0.30362121, -0.97458431],
        ...,
        [ 0.11620664,  0.59980778,  0.35754026, ...,  0.        ,
          0.05711063, -0.83006554],
        [ 0.05929326,  0.55313207,  0.30362121, ..., -0.05711063,
          0.        , -0.86055941],
        [ 0.88924637,  0.99866438,  0.97458431, ...,  0.83006554,
          0.86055941,  0.        ]],

       [[ 0.        ,  0.53006617,  0.35130814, ...,  0.79252235,
          0.81023308,  0.81023308],
        [-0.53006617,  0.        , -0.19838576, ...,  0.99528138,
          0.99771815,  0.99771815],
        [-0.35130814,  0.19838576,  0.        , ...,  0.95624966,
          0.96449318,  0.96449318],
        ...,
        [-0.79252235, -0.99528138, -0.95624966, ...,  0.        ,
         -0.02961132, -0.02961132],
        [-0.81023308, -0.99771815, -0.96449318, ...,  0.02961132,
          0.        ,  0.        ],
        [-0.81023308, -0.99771815, -0.96449318, ...,  0.02961132,
          0.        ,  0.        ]],

       [[ 0.        ,  0.09253525,  0.28025795, ...,  0.96608422,
          0.99979235,  0.99979235],
        [-0.09253525,  0.        ,  0.1902286 , ...,  0.93804403,
          0.99361698,  0.99361698],
        [-0.28025795, -0.1902286 ,  0.        , ...,  0.85499791,
          0.95401435,  0.95401435],
        ...,
        [-0.96608422, -0.93804403, -0.85499791, ...,  0.        ,
          0.23848685,  0.23848685],
        [-0.99979235, -0.99361698, -0.95401435, ..., -0.23848685,
          0.        ,  0.        ],
        [-0.99979235, -0.99361698, -0.95401435, ..., -0.23848685,
          0.        ,  0.        ]]]), 'num': array([ 9.47958435e-01,  2.07495503e-01,  5.67404545e-06,  4.35566430e-02,
        4.42241778e-02,  4.30559920e-02,  2.06324981e-01, -5.00651069e-04,
        4.44578150e-02,  4.50919730e-02,  4.43215266e-02,  1.11255793e-05,
        4.62414128e-02,  4.39425332e-02])}
{'img': array([[[ 0.        , -0.14119516,  0.15698059, ..., -0.14119516,
         -0.38922063, -0.55071679],
        [ 0.14119516,  0.        ,  0.29485251, ...,  0.        ,
         -0.25526017, -0.42734509],
        [-0.15698059, -0.29485251,  0.        , ..., -0.29485251,
         -0.52899677, -0.6749193 ],
        ...,
        [ 0.14119516,  0.        ,  0.29485251, ...,  0.        ,
         -0.25526017, -0.42734509],
        [ 0.38922063,  0.25526017,  0.52899677, ...,  0.25526017,
          0.        , -0.18241036],
        [ 0.55071679,  0.42734509,  0.6749193 , ...,  0.42734509,
          0.18241036,  0.        ]],

       [[ 0.        , -0.4489748 , -0.33584604, ..., -0.88455501,
          0.16964791, -0.06729048],
        [ 0.4489748 ,  0.        ,  0.12280359, ..., -0.58097124,
          0.59405473,  0.38783013],
        [ 0.33584604, -0.12280359,  0.        , ..., -0.67652666,
          0.49077209,  0.27170278],
        ...,
        [ 0.88455501,  0.58097124,  0.67652666, ...,  0.        ,
          0.95086302,  0.85116341],
        [-0.16964791, -0.59405473, -0.49077209, ..., -0.95086302,
          0.        , -0.23557847],
        [ 0.06729048, -0.38783013, -0.27170278, ..., -0.85116341,
          0.23557847,  0.        ]],

       [[ 0.        ,  0.03491691,  0.14235566, ...,  0.41269043,
          0.3123601 ,  0.08811307],
        [-0.03491691,  0.        ,  0.10770755, ...,  0.38063397,
          0.27899983,  0.05327824],
        [-0.14235566, -0.10770755,  0.        , ...,  0.27881973,
          0.17394617, -0.05458627],
        ...,
        [-0.41269043, -0.38063397, -0.27881973, ...,  0.        ,
         -0.1075211 , -0.3308256 ],
        [-0.3123601 , -0.27899983, -0.17394617, ...,  0.1075211 ,
          0.        , -0.22744094],
        [-0.08811307, -0.05327824,  0.05458627, ...,  0.3308256 ,
          0.22744094,  0.        ]],

       ...,

       [[ 0.        , -0.27407539, -0.05986008, ..., -0.55313207,
         -0.99866438, -0.99681708],
        [ 0.27407539,  0.        ,  0.21601599, ..., -0.30362121,
         -0.97458431, -0.93679716],
        [ 0.05986008, -0.21601599,  0.        , ..., -0.50227114,
         -0.99996633, -0.99025737],
        ...,
        [ 0.55313207,  0.30362121,  0.50227114, ...,  0.        ,
         -0.86055941, -0.78634476],
        [ 0.99866438,  0.97458431,  0.99996633, ...,  0.86055941,
          0.        ,  0.13111844],
        [ 0.99681708,  0.93679716,  0.99025737, ...,  0.78634476,
         -0.13111844,  0.        ]],

       [[ 0.        , -0.41725489,  0.4160257 , ...,  0.98400296,
          0.98400296,  0.94203364],
        [ 0.41725489,  0.        ,  0.75751171, ...,  0.81991672,
          0.81991672,  0.71611357],
        [-0.4160257 , -0.75751171,  0.        , ...,  0.96892176,
          0.96892176,  0.99622527],
        ...,
        [-0.98400296, -0.81991672, -0.96892176, ...,  0.        ,
          0.        ,  0.16232585],
        [-0.98400296, -0.81991672, -0.96892176, ...,  0.        ,
          0.        ,  0.16232585],
        [-0.94203364, -0.71611357, -0.99622527, ..., -0.16232585,
         -0.16232585,  0.        ]],

       [[ 0.        ,  0.1902286 ,  0.14620985, ...,  0.99361698,
          0.99361698,  0.86942815],
        [-0.1902286 ,  0.        , -0.0446443 , ...,  0.95401435,
          0.95401435,  0.75956801],
        [-0.14620985,  0.0446443 ,  0.        , ...,  0.96644576,
          0.96644576,  0.78784858],
        ...,
        [-0.99361698, -0.95401435, -0.96644576, ...,  0.        ,
          0.        , -0.39282871],
        [-0.99361698, -0.95401435, -0.96644576, ...,  0.        ,
          0.        , -0.39282871],
        [-0.86942815, -0.75956801, -0.78784858, ...,  0.39282871,
          0.39282871,  0.        ]]]), 'num': array([9.16727657e-01, 3.65632705e-01, 4.15920719e-06, 4.23919194e-02,
       4.27118584e-02, 4.19120109e-02, 1.06534573e-01, 6.39878029e-04,
       4.24559072e-02, 4.31517746e-02, 4.24719042e-02, 1.24420728e-05,
       4.42732738e-02, 4.20302754e-02])}
{'img': array([[[ 0.        ,  0.29485251,  0.29485251, ..., -0.25526017,
         -0.42734509, -0.19438966],
        [-0.29485251,  0.        ,  0.        , ..., -0.52899677,
         -0.6749193 , -0.47497566],
        [-0.29485251,  0.        ,  0.        , ..., -0.52899677,
         -0.6749193 , -0.47497566],
        ...,
        [ 0.25526017,  0.52899677,  0.52899677, ...,  0.        ,
         -0.18241036,  0.06244093],
        [ 0.42734509,  0.6749193 ,  0.6749193 , ...,  0.18241036,
          0.        ,  0.24344774],
        [ 0.19438966,  0.47497566,  0.47497566, ..., -0.06244093,
         -0.24344774,  0.        ]],

       [[ 0.        ,  0.12280359,  0.50458376, ...,  0.59405473,
          0.38783013, -0.16787249],
        [-0.12280359,  0.        ,  0.39474051, ...,  0.49077209,
          0.27170278, -0.28766271],
        [-0.50458376, -0.39474051,  0.        , ...,  0.10698512,
         -0.13025234, -0.64235792],
        ...,
        [-0.59405473, -0.49077209, -0.10698512, ...,  0.        ,
         -0.23557847, -0.7206651 ],
        [-0.38783013, -0.27170278,  0.13025234, ...,  0.23557847,
          0.        , -0.53705958],
        [ 0.16787249,  0.28766271,  0.64235792, ...,  0.7206651 ,
          0.53705958,  0.        ]],

       [[ 0.        ,  0.10770755,  0.29889869, ...,  0.27899983,
          0.05327824, -0.03491691],
        [-0.10770755,  0.        ,  0.1943762 , ...,  0.17394617,
         -0.05458627, -0.14235566],
        [-0.29889869, -0.1943762 ,  0.        , ..., -0.02078446,
         -0.24763155, -0.3320371 ],
        ...,
        [-0.27899983, -0.17394617,  0.02078446, ...,  0.        ,
         -0.22744094, -0.3123601 ],
        [-0.05327824,  0.05458627,  0.24763155, ...,  0.22744094,
          0.        , -0.08811307],
        [ 0.03491691,  0.14235566,  0.3320371 , ...,  0.3123601 ,
          0.08811307,  0.        ]],

       ...,

       [[ 0.        ,  0.21601599,  0.09918081, ..., -0.97458431,
         -0.93679716, -0.71133946],
        [-0.21601599,  0.        , -0.11811177, ..., -0.99996633,
         -0.99025737, -0.84637114],
        [-0.09918081,  0.11811177,  0.        , ..., -0.99199764,
         -0.9668789 , -0.77754124],
        ...,
        [ 0.97458431,  0.99996633,  0.99199764, ...,  0.        ,
          0.13111844,  0.52563025],
        [ 0.93679716,  0.99025737,  0.9668789 , ..., -0.13111844,
          0.        ,  0.40954815],
        [ 0.71133946,  0.84637114,  0.77754124, ..., -0.52563025,
         -0.40954815,  0.        ]],

       [[ 0.        ,  0.75751171,  0.92094346, ...,  0.81991672,
          0.71611357,  0.78040705],
        [-0.75751171,  0.        ,  0.3060123 , ...,  0.96892176,
          0.99622527,  0.98311728],
        [-0.92094346, -0.3060123 ,  0.        , ...,  0.84674276,
          0.92187035,  0.87996166],
        ...,
        [-0.81991672, -0.96892176, -0.84674276, ...,  0.        ,
          0.16232585,  0.06590118],
        [-0.71611357, -0.99622527, -0.92187035, ..., -0.16232585,
          0.        , -0.09694583],
        [-0.78040705, -0.98311728, -0.87996166, ..., -0.06590118,
          0.09694583,  0.        ]],

       [[ 0.        , -0.0446443 , -0.0333953 , ...,  0.95401435,
          0.75956801,  0.67674871],
        [ 0.0446443 ,  0.        ,  0.01125739, ...,  0.96644576,
          0.78784858,  0.70894172],
        [ 0.0333953 , -0.01125739,  0.        , ...,  0.96349283,
          0.78086557,  0.70095732],
        ...,
        [-0.95401435, -0.96644576, -0.96349283, ...,  0.        ,
         -0.39282871, -0.49949597],
        [-0.75956801, -0.78784858, -0.78086557, ...,  0.39282871,
          0.        , -0.11902844],
        [-0.67674871, -0.70894172, -0.70095732, ...,  0.49949597,
          0.11902844,  0.        ]]]), 'num': array([9.57998787e-01, 2.47794721e-01, 5.31988065e-06, 4.43877541e-02,
       4.45540004e-02, 4.35565228e-02, 7.11873179e-02, 3.32492540e-04,
       4.40552616e-02, 4.48116821e-02, 4.41356140e-02, 1.47774462e-05,
       4.59894522e-02, 4.36339121e-02])}
{'img': array([[[ 0.        ,  0.        , -0.62889272, ..., -0.6749193 ,
         -0.47497566, -0.35811606],
        [ 0.        ,  0.        , -0.62889272, ..., -0.6749193 ,
         -0.47497566, -0.35811606],
        [ 0.62889272,  0.62889272,  0.        , ..., -0.06068979,
          0.18413511,  0.30875031],
        ...,
        [ 0.6749193 ,  0.6749193 ,  0.06068979, ...,  0.        ,
          0.24344774,  0.36590586],
        [ 0.47497566,  0.47497566, -0.18413511, ..., -0.24344774,
          0.        ,  0.12833213],
        [ 0.35811606,  0.35811606, -0.30875031, ..., -0.36590586,
         -0.12833213,  0.        ]],

       [[ 0.        ,  0.39474051,  0.89541018, ...,  0.27170278,
         -0.28766271, -0.59730549],
        [-0.39474051,  0.        ,  0.99845142, ..., -0.13025234,
         -0.64235792, -0.86538724],
        [-0.89541018, -0.99845142,  0.        , ..., -0.98269948,
         -0.72948322, -0.45218573],
        ...,
        [-0.27170278,  0.13025234,  0.98269948, ...,  0.        ,
         -0.53705958, -0.79274497],
        [ 0.28766271,  0.64235792,  0.72948322, ...,  0.53705958,
          0.        , -0.34134898],
        [ 0.59730549,  0.86538724,  0.45218573, ...,  0.79274497,
          0.34134898,  0.        ]],

       [[ 0.        ,  0.1943762 ,  0.17394617, ..., -0.05458627,
         -0.14235566, -0.17641826],
        [-0.1943762 ,  0.        , -0.02078446, ..., -0.24763155,
         -0.3320371 , -0.36438091],
        [-0.17394617,  0.02078446,  0.        , ..., -0.22744094,
         -0.3123601 , -0.34494667],
        ...,
        [ 0.05458627,  0.24763155,  0.22744094, ...,  0.        ,
         -0.08811307, -0.12242513],
        [ 0.14235566,  0.3320371 ,  0.3123601 , ...,  0.08811307,
          0.        , -0.03449869],
        [ 0.17641826,  0.36438091,  0.34494667, ...,  0.12242513,
          0.03449869,  0.        ]],

       ...,

       [[ 0.        , -0.11811177, -0.63478455, ..., -0.99025737,
         -0.84637114, -0.65839457],
        [ 0.11811177,  0.        , -0.53907757, ..., -0.9668789 ,
         -0.77754124, -0.56488647],
        [ 0.63478455,  0.53907757,  0.        , ..., -0.67676789,
         -0.31589967, -0.03094919],
        ...,
        [ 0.99025737,  0.9668789 ,  0.67676789, ...,  0.        ,
          0.40954815,  0.65365901],
        [ 0.84637114,  0.77754124,  0.31589967, ..., -0.40954815,
          0.        ,  0.28638398],
        [ 0.65839457,  0.56488647,  0.03094919, ..., -0.65365901,
         -0.28638398,  0.        ]],

       [[ 0.        ,  0.38252873,  0.38076615, ...,  0.99487544,
          0.99999928,  0.99925111],
        [-0.38252873,  0.        , -0.00190692, ...,  0.95788557,
          0.92348392,  0.90845016],
        [-0.38076615,  0.00190692,  0.        , ...,  0.9584314 ,
          0.9242138 ,  0.90924559],
        ...,
        [-0.99487544, -0.95788557, -0.9584314 , ...,  0.        ,
         -0.10230187, -0.13952799],
        [-0.99999928, -0.92348392, -0.9242138 , ...,  0.10230187,
          0.        , -0.03749478],
        [-0.99925111, -0.90845016, -0.90924559, ...,  0.13952799,
          0.03749478,  0.        ]],

       [[ 0.        ,  0.01125739,  0.00226291, ...,  0.78784858,
          0.70894172,  0.67360378],
        [-0.01125739,  0.        , -0.0089946 , ...,  0.78086557,
          0.70095732,  0.66524084],
        [-0.00226291,  0.0089946 ,  0.        , ...,  0.7864529 ,
          0.70734395,  0.67192956],
        ...,
        [-0.78784858, -0.78086557, -0.7864529 , ...,  0.        ,
         -0.11902844, -0.16744141],
        [-0.70894172, -0.70095732, -0.70734395, ...,  0.11902844,
          0.        , -0.04890305],
        [-0.67360378, -0.66524084, -0.67192956, ...,  0.16744141,
          0.04890305,  0.        ]]]), 'num': array([9.55461209e-01, 2.43754362e-01, 5.23313858e-06, 4.44816780e-02,
       4.44816780e-02, 4.38275356e-02, 1.10409412e-01, 8.17677904e-04,
       4.34677574e-02, 4.40891926e-02, 4.34159711e-02, 1.67524253e-05,
       4.52566121e-02, 4.29217730e-02])}
{'img': array([[[ 0.00000000e+00, -6.28892720e-01, -6.28892720e-01, ...,
         -4.74975656e-01, -3.58116063e-01,  0.00000000e+00],
        [ 6.28892720e-01,  0.00000000e+00,  0.00000000e+00, ...,
          1.84135109e-01,  3.08750312e-01,  6.28892720e-01],
        [ 6.28892720e-01,  0.00000000e+00,  0.00000000e+00, ...,
          1.84135109e-01,  3.08750312e-01,  6.28892720e-01],
        ...,
        [ 4.74975656e-01, -1.84135109e-01, -1.84135109e-01, ...,
          0.00000000e+00,  1.28332129e-01,  4.74975656e-01],
        [ 3.58116063e-01, -3.08750312e-01, -3.08750312e-01, ...,
         -1.28332129e-01,  0.00000000e+00,  3.58116063e-01],
        [ 0.00000000e+00, -6.28892720e-01, -6.28892720e-01, ...,
         -4.74975656e-01, -3.58116063e-01,  0.00000000e+00]],

       [[ 0.00000000e+00,  9.98451421e-01,  1.60158056e-02, ...,
         -6.42357921e-01, -8.65387236e-01, -6.33935586e-01],
        [-9.98451421e-01,  0.00000000e+00, -9.99214327e-01, ...,
         -7.29483215e-01, -4.52185732e-01, -7.36922004e-01],
        [-1.60158056e-02,  9.99214327e-01,  0.00000000e+00, ...,
         -6.54550121e-01, -8.73301820e-01, -6.46240674e-01],
        ...,
        [ 6.42357921e-01,  7.29483215e-01,  6.54550121e-01, ...,
          0.00000000e+00, -3.41348982e-01,  1.09392575e-02],
        [ 8.65387236e-01,  4.52185732e-01,  8.73301820e-01, ...,
          3.41348982e-01,  0.00000000e+00,  3.51610766e-01],
        [ 6.33935586e-01,  7.36922004e-01,  6.46240674e-01, ...,
         -1.09392575e-02, -3.51610766e-01,  0.00000000e+00]],

       [[ 0.00000000e+00, -2.07844602e-02, -1.76155410e-01, ...,
         -3.32037105e-01, -3.64380914e-01, -2.98898692e-01],
        [ 2.07844602e-02,  0.00000000e+00, -1.55657917e-01, ...,
         -3.12360096e-01, -3.44946672e-01, -2.78999829e-01],
        [ 1.76155410e-01,  1.55657917e-01,  0.00000000e+00, ...,
         -1.60683364e-01, -1.94638135e-01, -1.26122186e-01],
        ...,
        [ 3.32037105e-01,  3.12360096e-01,  1.60683364e-01, ...,
          0.00000000e+00, -3.44986948e-02,  3.49169067e-02],
        [ 3.64380914e-01,  3.44946672e-01,  1.94638135e-01, ...,
          3.44986948e-02,  0.00000000e+00,  6.93737802e-02],
        [ 2.98898692e-01,  2.78999829e-01,  1.26122186e-01, ...,
         -3.49169067e-02, -6.93737802e-02,  0.00000000e+00]],

       ...,

       [[ 0.00000000e+00, -5.39077570e-01, -2.74036801e-02, ...,
         -7.77541239e-01, -5.64886471e-01, -2.91346672e-01],
        [ 5.39077570e-01,  0.00000000e+00,  5.15794201e-01, ...,
         -3.15899668e-01, -3.09491853e-02,  2.70302541e-01],
        [ 2.74036801e-02, -5.15794201e-01,  0.00000000e+00, ...,
         -7.60016923e-01, -5.42061669e-01, -2.65022415e-01],
        ...,
        [ 7.77541239e-01,  3.15899668e-01,  7.60016923e-01, ...,
          0.00000000e+00,  2.86383981e-01,  5.60601491e-01],
        [ 5.64886471e-01,  3.09491853e-02,  5.42061669e-01, ...,
         -2.86383981e-01,  0.00000000e+00,  2.99970170e-01],
        [ 2.91346672e-01, -2.70302541e-01,  2.65022415e-01, ...,
         -5.60601491e-01, -2.99970170e-01,  0.00000000e+00]],

       [[ 0.00000000e+00, -1.90691592e-03, -4.23734568e-03, ...,
          9.23483920e-01,  9.08450159e-01,  9.20919015e-01],
        [ 1.90691592e-03,  0.00000000e+00, -2.33043918e-03, ...,
          9.24213805e-01,  9.09245585e-01,  9.21660569e-01],
        [ 4.23734568e-03,  2.33043918e-03,  0.00000000e+00, ...,
          9.25101233e-01,  9.10213185e-01,  9.22562270e-01],
        ...,
        [-9.23483920e-01, -9.24213805e-01, -9.25101233e-01, ...,
          0.00000000e+00, -3.74947771e-02, -6.63280584e-03],
        [-9.08450159e-01, -9.09245585e-01, -9.10213185e-01, ...,
          3.74947771e-02,  0.00000000e+00,  3.08658105e-02],
        [-9.20919015e-01, -9.21660569e-01, -9.22562270e-01, ...,
          6.63280584e-03, -3.08658105e-02,  0.00000000e+00]],

       [[ 0.00000000e+00, -8.99459969e-03, -1.78248330e-02, ...,
          7.00957324e-01,  6.65240840e-01,  6.64710188e-01],
        [ 8.99459969e-03,  0.00000000e+00, -8.83094123e-03, ...,
          7.07343947e-01,  6.71929557e-01,  6.71403176e-01],
        [ 1.78248330e-02,  8.83094123e-03,  0.00000000e+00, ...,
          7.13558688e-01,  6.78443685e-01,  6.77921538e-01],
        ...,
        [-7.00957324e-01, -7.07343947e-01, -7.13558688e-01, ...,
          0.00000000e+00, -4.89030461e-02, -4.96126900e-02],
        [-6.65240840e-01, -6.71929557e-01, -6.78443685e-01, ...,
          4.89030461e-02,  0.00000000e+00, -7.10506347e-04],
        [-6.64710188e-01, -6.71403176e-01, -6.77921538e-01, ...,
          4.96126900e-02,  7.10506347e-04,  0.00000000e+00]]]), 'num': array([9.12241136e-01, 2.27738812e-01, 4.88930231e-06, 4.27813952e-02,
       4.27813952e-02, 4.14062790e-02, 3.19568161e-01, 1.22232558e-03,
       4.11006976e-02, 4.12764069e-02, 4.05837557e-02, 1.69767441e-05,
       4.25666517e-02, 3.99861620e-02])}
{'img': array([[[ 0.00000000e+00,  0.00000000e+00, -2.22222222e-01, ...,
          2.77777778e-01,  5.55555556e-01,  1.00000000e+00],
        [ 0.00000000e+00,  0.00000000e+00, -2.22222222e-01, ...,
          2.77777778e-01,  5.55555556e-01,  1.00000000e+00],
        [ 2.22222222e-01,  2.22222222e-01,  0.00000000e+00, ...,
          4.84308981e-01,  7.26437673e-01,  9.74996043e-01],
        ...,
        [-2.77777778e-01, -2.77777778e-01, -4.84308981e-01, ...,
          0.00000000e+00,  3.02725361e-01,  9.60645359e-01],
        [-5.55555556e-01, -5.55555556e-01, -7.26437673e-01, ...,
         -3.02725361e-01,  0.00000000e+00,  8.31479419e-01],
        [-1.00000000e+00, -1.00000000e+00, -9.74996043e-01, ...,
         -9.60645359e-01, -8.31479419e-01,  0.00000000e+00]],

       [[ 0.00000000e+00, -9.99214327e-01, -7.83364362e-01, ...,
         -4.52185732e-01, -7.36922004e-01, -8.26682582e-01],
        [ 9.99214327e-01,  0.00000000e+00, -5.90027792e-01, ...,
         -8.73301820e-01, -6.46240674e-01,  5.94989926e-01],
        [ 7.83364362e-01,  5.90027792e-01,  0.00000000e+00, ...,
         -4.17639502e-01, -7.14936204e-02,  9.54609613e-01],
        ...,
        [ 4.52185732e-01,  8.73301820e-01,  4.17639502e-01, ...,
          0.00000000e+00,  3.51610766e-01,  9.91768564e-01],
        [ 7.36922004e-01,  6.46240674e-01,  7.14936204e-02, ...,
         -3.51610766e-01,  0.00000000e+00,  9.73461900e-01],
        [ 8.26682582e-01, -5.94989926e-01, -9.54609613e-01, ...,
         -9.91768564e-01, -9.73461900e-01,  0.00000000e+00]],

       [[ 0.00000000e+00, -1.55657917e-01, -3.28748382e-01, ...,
         -3.44946672e-01, -2.78999829e-01,  2.07844602e-02],
        [ 1.55657917e-01,  0.00000000e+00, -1.77735207e-01, ...,
         -1.94638135e-01, -1.26122186e-01,  1.76155410e-01],
        [ 3.28748382e-01,  1.77735207e-01,  0.00000000e+00, ...,
         -1.72031323e-02,  5.22018285e-02,  3.48306574e-01],
        ...,
        [ 3.44946672e-01,  1.94638135e-01,  1.72031323e-02, ...,
          0.00000000e+00,  6.93737802e-02,  3.64380914e-01],
        [ 2.78999829e-01,  1.26122186e-01, -5.22018285e-02, ...,
         -6.93737802e-02,  0.00000000e+00,  2.98898692e-01],
        [-2.07844602e-02, -1.76155410e-01, -3.48306574e-01, ...,
         -3.64380914e-01, -2.98898692e-01,  0.00000000e+00]],

       ...,

       [[ 0.00000000e+00,  5.15794201e-01, -1.70474907e-02, ...,
         -3.09491853e-02,  2.70302541e-01,  4.43048449e-01],
        [-5.15794201e-01,  0.00000000e+00, -5.30324045e-01, ...,
         -5.42061669e-01, -2.65022415e-01, -8.28431463e-02],
        [ 1.70474907e-02,  5.30324045e-01,  0.00000000e+00, ...,
         -1.39053636e-02,  2.86676166e-01,  4.58267101e-01],
        ...,
        [ 3.09491853e-02,  5.42061669e-01,  1.39053636e-02, ...,
          0.00000000e+00,  2.99970170e-01,  4.70582083e-01],
        [-2.70302541e-01,  2.65022415e-01, -2.86676166e-01, ...,
         -2.99970170e-01,  0.00000000e+00,  1.84230565e-01],
        [-4.43048449e-01,  8.28431463e-02, -4.58267101e-01, ...,
         -4.70582083e-01, -1.84230565e-01,  0.00000000e+00]],

       [[ 0.00000000e+00, -2.30322951e-03,  2.25383478e-02, ...,
          8.99405590e-01,  9.11965655e-01,  8.48662735e-01],
        [ 2.30322951e-03,  0.00000000e+00,  2.48409325e-02, ...,
          9.00409980e-01,  9.12908174e-01,  8.47442226e-01],
        [-2.25383478e-02, -2.48409325e-02,  0.00000000e+00, ...,
          8.89325270e-01,  9.02487266e-01,  8.60368463e-01],
        ...,
        [-8.99405590e-01, -9.00409980e-01, -8.89325270e-01, ...,
          0.00000000e+00,  2.96379013e-02,  8.46689796e-01],
        [-9.11965655e-01, -9.12908174e-01, -9.02487266e-01, ...,
         -2.96379013e-02,  0.00000000e+00,  8.30547909e-01],
        [-8.48662735e-01, -8.47442226e-01, -8.60368463e-01, ...,
         -8.46689796e-01, -8.30547909e-01,  0.00000000e+00]],

       [[ 0.00000000e+00, -8.83094123e-03, -2.69306762e-02, ...,
