state_0,state_1,state_2,state_3,state_4,state_5,state_6,state_7,state_8,state_9,state_10,state_11,state_12,state_13,state_14,state_15,state_16,state_17,state_18,state_19,state_20,state_21,state_22,state_23,state_24,state_25,state_26,state_27,state_28,state_29,state_30,state_31,state_32,state_33,state_34,state_35,state_36,state_37,state_38,state_39,state_40,state_41,state_42,state_43,state_44,state_45,state_46,state_47,state_48,state_49,state_50,state_51,state_52,state_53,state_54,state_55,state_56,state_57,state_58,state_59,state_60,state_61,state_62,state_63,state_64,state_65,state_66,state_67,state_68,state_69,state_70,state_71,state_72,state_73,state_74,state_75,state_76,state_77,state_78,state_79,state_80,state_81,state_82,state_83,state_84,state_85,state_86,state_87,state_88,state_89,state_90,state_91,state_92,state_93,state_94,state_95,state_96,state_97,state_98,state_99,state_100,state_101,state_102,state_103,state_104,state_105,state_106,state_107,state_108,state_109,state_110,state_111,state_112,state_113,state_114,state_115,state_116,state_117,state_118,state_119,state_120,state_121,state_122,state_123,state_124,state_125,state_126,state_127,state_128,state_129,state_130,state_131,state_132,state_133,state_134,state_135,state_136,state_137,state_138,state_139,state_140,state_141,state_142,state_143,state_144,state_145,state_146,state_147,state_148,state_149,state_150,state_151,state_152,state_153,state_154,state_155,state_156,state_157,state_158,state_159,state_160,state_161,state_162,state_163,state_164,state_165,state_166,state_167,state_168,state_169,state_170,state_171,state_172,state_173,state_174,state_175,state_176,state_177,state_178,state_179,state_180,state_181,state_182,state_183,state_184,state_185,state_186,state_187,state_188,state_189,state_190,state_191,state_192,state_193,state_194,state_195,state_196,state_197,state_198,state_199,state_200,state_201,state_202,state_203,state_204,state_205,state_206,state_207,state_208,state_209,state_210,state_211,state_212,state_213,state_214,state_215,state_216,state_217,state_218,state_219,state_220,state_221,state_222,state_223,state_224,state_225,state_226,state_227,state_228,state_229,state_230,state_231,state_232,state_233,state_234,state_235,state_236,state_237,state_238,state_239,state_240,state_241,state_242,state_243,state_244,state_245,state_246,state_247,state_248,state_249,state_250,state_251,state_252,state_253,state_254,state_255,state_256,state_257,state_258,state_259,state_260,state_261,state_262,state_263,state_264,state_265,state_266,state_267,state_268,state_269,state_270,state_271,state_272,state_273,state_274,state_275,state_276,state_277,state_278,state_279,state_280,state_281,state_282,state_283,state_284,state_285,state_286,state_287
{'img': array([[[ 0.        ,  0.2900974 ,  0.15759993, ...,  0.87596452,
          0.91576196,  0.94793479],
        [-0.2900974 ,  0.        , -0.13564939, ...,  0.97823142,
          0.99291988,  0.99955659],
        [-0.15759993,  0.13564939,  0.        , ...,  0.94103998,
          0.96762898,  0.98627847],
        ...,
        [-0.87596452, -0.97823142, -0.94103998, ...,  0.        ,
         -0.08984752, -0.17829696],
        [-0.91576196, -0.99291988, -0.96762898, ...,  0.08984752,
          0.        , -0.08916797],
        [-0.94793479, -0.99955659, -0.98627847, ...,  0.17829696,
          0.08916797,  0.        ]],

       [[ 0.        , -0.00692396, -0.03224498, ...,  0.02389393,
         -0.1176637 , -0.14940948],
        [ 0.00692396,  0.        , -0.02532384, ...,  0.03081534,
         -0.11078502, -0.14255966],
        [ 0.03224498,  0.02532384,  0.        , ...,  0.05611728,
         -0.08558153, -0.11744875],
        ...,
        [-0.02389393, -0.03081534, -0.05611728, ...,  0.        ,
         -0.14135806, -0.17299256],
        [ 0.1176637 ,  0.11078502,  0.08558153, ...,  0.14135806,
          0.        , -0.03202864],
        [ 0.14940948,  0.14255966,  0.11744875, ...,  0.17299256,
          0.03202864,  0.        ]],

       [[ 0.        ,  0.16683005,  0.16683005, ...,  0.53777094,
          0.64323768,  0.73820728],
        [-0.16683005,  0.        ,  0.        , ...,  0.67088735,
          0.76195932,  0.84040101],
        [-0.16683005,  0.        ,  0.        , ...,  0.67088735,
          0.76195932,  0.84040101],
        ...,
        [-0.53777094, -0.67088735, -0.67088735, ...,  0.        ,
         -0.13055466, -0.25960965],
        [-0.64323768, -0.76195932, -0.76195932, ...,  0.13055466,
          0.        , -0.13130926],
        [-0.73820728, -0.84040101, -0.84040101, ...,  0.25960965,
          0.13130926,  0.        ]],

       ...,

       [[ 0.        ,  0.53067828,  0.50719331, ...,  0.7943691 ,
          0.83512037,  0.69219166],
        [-0.53067828,  0.        , -0.02747218, ...,  0.35093331,
          0.41591702,  0.20368539],
        [-0.50719331,  0.02747218,  0.        , ...,  0.37652581,
          0.44074331,  0.23050477],
        ...,
        [-0.7943691 , -0.35093331, -0.37652581, ...,  0.        ,
          0.07032523, -0.15284539],
        [-0.83512037, -0.41591702, -0.44074331, ..., -0.07032523,
          0.        , -0.22196588],
        [-0.69219166, -0.20368539, -0.23050477, ...,  0.15284539,
          0.22196588,  0.        ]],

       [[ 0.        , -0.03843409, -0.09457956, ...,  0.56660675,
          0.62695436,  0.73600288],
        [ 0.03843409,  0.        , -0.05624788, ...,  0.53451886,
          0.59654882,  0.70944003],
        [ 0.09457956,  0.05624788,  0.        , ...,  0.48613437,
          0.55046114,  0.66867528],
        ...,
        [-0.56660675, -0.53451886, -0.48613437, ...,  0.        ,
         -0.07518471, -0.22287727],
        [-0.62695436, -0.59654882, -0.55046114, ...,  0.07518471,
          0.        , -0.14895289],
        [-0.73600288, -0.70944003, -0.66867528, ...,  0.22287727,
          0.14895289,  0.        ]],

       [[ 0.        ,  0.02854757,  0.0525022 , ...,  0.93805395,
          0.82643624,  0.30470634],
        [-0.02854757,  0.        ,  0.0239726 , ...,  0.94756306,
          0.84217256,  0.33177218],
        [-0.0525022 , -0.0239726 ,  0.        , ...,  0.95495164,
          0.85485675,  0.35429162],
        ...,
        [-0.93805395, -0.94756306, -0.95495164, ...,  0.        ,
          0.24180156,  0.78786859],
        [-0.82643624, -0.84217256, -0.85485675, ..., -0.24180156,
          0.        ,  0.61557727],
        [-0.30470634, -0.33177218, -0.35429162, ..., -0.78786859,
         -0.61557727,  0.        ]]]), 'num': array([ 9.99791296e-01,  2.03597091e-03,  8.78305744e-06,  7.68686691e-04,
        7.79513264e-04,  7.61243422e-04,  2.02150525e-02, -2.70664328e-06,
        7.76265292e-04,  7.64153063e-04,  6.57409819e-04,  3.85045487e-07,
        8.22716249e-04,  7.05589877e-04])}
{'img': array([[[ 0.        , -0.13564939,  0.03284497, ...,  0.99291988,
          0.99955659,  0.99999967],
        [ 0.13564939,  0.        ,  0.16811758, ...,  0.96762898,
          0.98627847,  0.99086679],
        [-0.03284497, -0.16811758,  0.        , ...,  0.99628568,
          0.99999529,  0.99943344],
        ...,
        [-0.99291988, -0.96762898, -0.99628568, ...,  0.        ,
         -0.08916797, -0.11959268],
        [-0.99955659, -0.98627847, -0.99999529, ...,  0.08916797,
          0.        , -0.03058828],
        [-0.99999967, -0.99086679, -0.99943344, ...,  0.11959268,
          0.03058828,  0.        ]],

       [[ 0.        , -0.02532384,  0.2133971 , ..., -0.11078502,
         -0.14255966, -0.04504261],
        [ 0.02532384,  0.        ,  0.23806919, ..., -0.08558153,
         -0.11744875, -0.01973002],
        [-0.2133971 , -0.23806919,  0.        , ..., -0.32031666,
         -0.35049339, -0.25718559],
        ...,
        [ 0.11078502,  0.08558153,  0.32031666, ...,  0.        ,
         -0.03202864,  0.06590724],
        [ 0.14255966,  0.11744875,  0.35049339, ...,  0.03202864,
          0.        ,  0.09783242],
        [ 0.04504261,  0.01973002,  0.25718559, ..., -0.06590724,
         -0.09783242,  0.        ]],

       [[ 0.        ,  0.        ,  0.00851381, ...,  0.76195932,
          0.84040101,  0.89661709],
        [ 0.        ,  0.        ,  0.00851381, ...,  0.76195932,
          0.84040101,  0.89661709],
        [-0.00851381, -0.00851381,  0.        , ...,  0.76744546,
          0.84498473,  0.90035457],
        ...,
        [-0.76195932, -0.76195932, -0.76744546, ...,  0.        ,
         -0.13130926, -0.24327084],
        [-0.84040101, -0.84040101, -0.84498473, ...,  0.13130926,
          0.        , -0.11379995],
        [-0.89661709, -0.89661709, -0.90035457, ...,  0.24327084,
          0.11379995,  0.        ]],

       ...,

       [[ 0.        , -0.02747218,  0.31070033, ...,  0.41591702,
          0.20368539,  0.16436239],
        [ 0.02747218,  0.        ,  0.33669558, ...,  0.44074331,
          0.23050477,  0.1913989 ],
        [-0.31070033, -0.33669558,  0.        , ...,  0.11278074,
         -0.11058235, -0.15024706],
        ...,
        [-0.41591702, -0.44074331, -0.11278074, ...,  0.        ,
         -0.22196588, -0.26078898],
        [-0.20368539, -0.23050477,  0.11058235, ...,  0.22196588,
          0.        , -0.03999852],
        [-0.16436239, -0.1913989 ,  0.15024706, ...,  0.26078898,
          0.03999852,  0.        ]],

       [[ 0.        , -0.05624788, -0.03819239, ...,  0.59654882,
          0.70944003,  0.82631676],
        [ 0.05624788,  0.        ,  0.01807492, ...,  0.55046114,
          0.66867528,  0.79332944],
        [ 0.03819239, -0.01807492,  0.        , ...,  0.56546126,
          0.68200574,  0.80420371],
        ...,
        [-0.59654882, -0.55046114, -0.56546126, ...,  0.        ,
         -0.14895289, -0.32720297],
        [-0.70944003, -0.66867528, -0.68200574, ...,  0.14895289,
          0.        , -0.18279916],
        [-0.82631676, -0.79332944, -0.80420371, ...,  0.32720297,
          0.18279916,  0.        ]],

       [[ 0.        ,  0.02246958,  0.01425528, ...,  0.95614185,
          0.85179841,  0.3120785 ],
        [-0.02246958,  0.        , -0.00821561, ...,  0.96248188,
          0.86335448,  0.33334707],
        [-0.01425528,  0.00821561,  0.        , ...,  0.96022013,
          0.85917976,  0.32559011],
        ...,
        [-0.95614185, -0.96248188, -0.96022013, ...,  0.        ,
          0.25139859,  0.81697957],
        [-0.85179841, -0.86335448, -0.85917976, ..., -0.25139859,
          0.        ,  0.64576799],
        [-0.3120785 , -0.33334707, -0.32559011, ..., -0.81697957,
         -0.64576799,  0.        ]]]), 'num': array([ 9.53318614e-01,  2.52003167e-01,  6.17899073e-06,  5.61052358e-03,
        5.63029635e-03,  5.49683015e-03,  1.65634421e-01, -4.94319258e-06,
        5.65797823e-03,  5.60706335e-03,  4.82323778e-03,  3.00122407e-06,
        5.97758654e-03,  5.23654015e-03])}
{'img': array([[[ 0.        ,  0.16811758,  0.15204687, ...,  0.98627847,
          0.99086679,  0.99185232],
        [-0.16811758,  0.        , -0.01628014, ...,  0.99999529,
          0.99943344,  0.99915224],
        [-0.15204687,  0.01628014,  0.        , ...,  0.99991274,
          0.99984893,  0.99969004],
        ...,
        [-0.98627847, -0.99999529, -0.99991274, ...,  0.        ,
         -0.03058828, -0.03810008],
        [-0.99086679, -0.99943344, -0.99984893, ...,  0.03058828,
          0.        , -0.00751618],
        [-0.99185232, -0.99915224, -0.99969004, ...,  0.03810008,
          0.00751618,  0.        ]],

       [[ 0.        ,  0.23806919, -0.09963139, ..., -0.11744875,
         -0.01973002,  0.06284561],
        [-0.23806919,  0.        , -0.33365146, ..., -0.35049339,
         -0.25718559, -0.1765599 ],
        [ 0.09963139,  0.33365146,  0.        , ..., -0.01792254,
          0.07998014,  0.16196736],
        ...,
        [ 0.11744875,  0.35049339,  0.01792254, ...,  0.        ,
          0.09783242,  0.17962724],
        [ 0.01973002,  0.25718559, -0.07998014, ..., -0.09783242,
          0.        ,  0.0825244 ],
        [-0.06284561,  0.1765599 , -0.16196736, ..., -0.17962724,
         -0.0825244 ,  0.        ]],

       [[ 0.        ,  0.00851381,  0.04379962, ...,  0.84040101,
          0.89661709,  0.90760787],
        [-0.00851381,  0.        ,  0.0352924 , ...,  0.84498473,
          0.90035457,  0.91114923],
        [-0.04379962, -0.0352924 ,  0.        , ...,  0.86333237,
          0.91515141,  0.92512478],
        ...,
        [-0.84040101, -0.84498473, -0.86333237, ...,  0.        ,
         -0.11379995, -0.1390755 ],
        [-0.89661709, -0.90035457, -0.91515141, ...,  0.11379995,
          0.        , -0.02547801],
        [-0.90760787, -0.91114923, -0.92512478, ...,  0.1390755 ,
          0.02547801,  0.        ]],

       ...,

       [[ 0.        ,  0.33669558,  0.25796095, ...,  0.23050477,
          0.1913989 ,  0.34030922],
        [-0.33669558,  0.        , -0.08240071, ..., -0.11058235,
         -0.15024706,  0.00384035],
        [-0.25796095,  0.08240071,  0.        , ..., -0.02831095,
         -0.06827078,  0.08622739],
        ...,
        [-0.23050477,  0.11058235,  0.02831095, ...,  0.        ,
         -0.03999852,  0.11439833],
        [-0.1913989 ,  0.15024706,  0.06827078, ...,  0.03999852,
          0.        ,  0.15404271],
        [-0.34030922, -0.00384035, -0.08622739, ..., -0.11439833,
         -0.15404271,  0.        ]],

       [[ 0.        ,  0.01807492,  0.04560255, ...,  0.66867528,
          0.79332944,  0.83289715],
        [-0.01807492,  0.        ,  0.02753898, ...,  0.68200574,
          0.80420371,  0.84276425],
        [-0.04560255, -0.02753898,  0.        , ...,  0.70188762,
          0.8202666 ,  0.85726838],
        ...,
        [-0.66867528, -0.68200574, -0.70188762, ...,  0.        ,
         -0.18279916, -0.24924097],
        [-0.79332944, -0.80420371, -0.8202666 , ...,  0.18279916,
          0.        , -0.06801104],
        [-0.83289715, -0.84276425, -0.85726838, ...,  0.24924097,
          0.06801104,  0.        ]],

       [[ 0.        , -0.00795533, -0.01724429, ...,  0.92611323,
          0.73607388,  0.32335598],
        [ 0.00795533,  0.        , -0.0092896 , ...,  0.92308281,
          0.73066561,  0.3158178 ],
        [ 0.01724429,  0.0092896 ,  0.        , ...,  0.91947019,
          0.72429174,  0.30699002],
        ...,
        [-0.92611323, -0.92308281, -0.91947019, ...,  0.        ,
          0.34920649,  0.75437537],
        [-0.73607388, -0.73066561, -0.72429174, ..., -0.34920649,
          0.        ,  0.47765001],
        [-0.32335598, -0.3158178 , -0.30699002, ..., -0.75437537,
         -0.47765001,  0.        ]]]), 'num': array([ 9.50995624e-01,  2.52206446e-01,  6.18397502e-06,  5.59031342e-03,
        5.63978522e-03,  5.48147546e-03,  1.78201728e-01, -2.47359001e-05,
        5.63186973e-03,  5.62098594e-03,  4.84864868e-03,  3.03070488e-06,
        5.97943772e-03,  5.26253415e-03])}
{'img': array([[[ 0.        , -0.01628014, -0.13924572, ...,  0.99943344,
          0.99915224,  0.99695639],
        [ 0.01628014,  0.        , -0.12310573, ...,  0.99984893,
          0.99969004,  0.99809348],
        [ 0.13924572,  0.12310573,  0.        , ...,  0.99438341,
          0.99515082,  0.99809968],
        ...,
        [-0.99943344, -0.99984893, -0.99438341, ...,  0.        ,
         -0.00751618, -0.04436259],
        [-0.99915224, -0.99969004, -0.99515082, ...,  0.00751618,
          0.        , -0.03685255],
        [-0.99695639, -0.99809348, -0.99809968, ...,  0.04436259,
          0.03685255,  0.        ]],

       [[ 0.        , -0.33365146, -0.38066925, ..., -0.25718559,
         -0.1765599 , -0.12480495],
        [ 0.33365146,  0.        , -0.05032431, ...,  0.07998014,
          0.16196736,  0.21338955],
        [ 0.38066925,  0.05032431,  0.        , ...,  0.1300419 ,
          0.21142197,  0.26228437],
        ...,
        [ 0.25718559, -0.07998014, -0.1300419 , ...,  0.        ,
          0.0825244 ,  0.13456797],
        [ 0.1765599 , -0.16196736, -0.21142197, ..., -0.0825244 ,
          0.        ,  0.05233518],
        [ 0.12480495, -0.21338955, -0.26228437, ..., -0.13456797,
         -0.05233518,  0.        ]],

       [[ 0.        ,  0.0352924 ,  0.07812234, ...,  0.90035457,
          0.91114923,  0.93344654],
        [-0.0352924 ,  0.        ,  0.04288913, ...,  0.91515141,
          0.92512478,  0.945525  ],
        [-0.07812234, -0.04288913,  0.        , ...,  0.93159837,
          0.94055694,  0.9586175 ],
        ...,
        [-0.90035457, -0.91515141, -0.93159837, ...,  0.        ,
         -0.02547801, -0.08322376],
        [-0.91114923, -0.92512478, -0.94055694, ...,  0.02547801,
          0.        , -0.05780712],
        [-0.93344654, -0.945525  , -0.9586175 , ...,  0.08322376,
          0.05780712,  0.        ]],

       ...,

       [[ 0.        , -0.08240071,  0.09739186, ..., -0.15024706,
          0.00384035,  0.02554321],
        [ 0.08240071,  0.        ,  0.17906965, ..., -0.06827078,
          0.08622739,  0.10783017],
        [-0.09739186, -0.17906965,  0.        , ..., -0.24581912,
         -0.09356905, -0.07193831],
        ...,
        [ 0.15024706,  0.06827078,  0.24581912, ...,  0.        ,
          0.15404271,  0.17545129],
        [-0.00384035, -0.08622739,  0.09356905, ..., -0.15404271,
          0.        ,  0.02170393],
        [-0.02554321, -0.10783017,  0.07193831, ..., -0.17545129,
         -0.02170393,  0.        ]],

       [[ 0.        ,  0.02753898, -0.03576716, ...,  0.80420371,
          0.84276425,  0.8459211 ],
        [-0.02753898,  0.        , -0.06327496, ...,  0.8202666 ,
          0.85726838,  0.86028702],
        [ 0.03576716,  0.06327496,  0.        , ...,  0.78243079,
          0.82297216,  0.82630492],
        ...,
        [-0.80420371, -0.8202666 , -0.78243079, ...,  0.        ,
         -0.06801104, -0.07388805],
        [-0.84276425, -0.85726838, -0.82297216, ...,  0.06801104,
          0.        , -0.00589183],
        [-0.8459211 , -0.86028702, -0.82630492, ...,  0.07388805,
          0.00589183,  0.        ]],

       [[ 0.        , -0.00921382,  0.01839218, ...,  0.76810379,
          0.54065042,  0.31337002],
        [ 0.00921382,  0.        ,  0.02760367, ...,  0.76217134,
          0.53287637,  0.30460698],
        [-0.01839218, -0.02760367,  0.        , ...,  0.77975084,
          0.55603135,  0.3307828 ],
        ...,
        [-0.76810379, -0.76217134, -0.77975084, ...,  0.        ,
          0.2999731 ,  0.52875648],
        [-0.54065042, -0.53287637, -0.55603135, ..., -0.2999731 ,
          0.        ,  0.24979676],
        [-0.31337002, -0.30460698, -0.3307828 , ..., -0.52875648,
         -0.24979676,  0.        ]]]), 'num': array([9.73200766e-01, 1.64977903e-01, 7.07106616e-06, 5.73207704e-03,
       5.77721150e-03, 5.65685293e-03, 1.59403446e-01, 6.51942270e-05,
       5.70098441e-03, 5.70800532e-03, 4.93637314e-03, 3.03656950e-06,
       6.06341710e-03, 5.35259355e-03])}
{'img': array([[[ 0.00000000e+00, -1.23105729e-01, -4.52792831e-01, ...,
          9.99690042e-01,  9.98093480e-01,  9.99324580e-01],
        [ 1.23105729e-01,  0.00000000e+00, -3.39585683e-01, ...,
          9.95150822e-01,  9.98099675e-01,  9.87199441e-01],
        [ 4.52792831e-01,  3.39585683e-01,  0.00000000e+00, ...,
          9.02612197e-01,  9.17862417e-01,  8.74374500e-01],
        ...,
        [-9.99690042e-01, -9.95150822e-01, -9.02612197e-01, ...,
          0.00000000e+00, -3.68525482e-02,  6.16155375e-02],
        [-9.98093480e-01, -9.98099675e-01, -9.17862417e-01, ...,
          3.68525482e-02,  0.00000000e+00,  9.83562098e-02],
        [-9.99324580e-01, -9.87199441e-01, -8.74374500e-01, ...,
         -6.16155375e-02, -9.83562098e-02,  0.00000000e+00]],

       [[ 0.00000000e+00, -5.03243119e-02,  4.81461168e-01, ...,
          1.61967360e-01,  2.13389549e-01,  1.24379745e-01],
        [ 5.03243119e-02,  0.00000000e+00,  4.36743503e-01, ...,
          2.11421972e-01,  2.62284371e-01,  1.74155675e-01],
        [-4.81461168e-01, -4.36743503e-01,  0.00000000e+00, ...,
         -6.17063126e-01, -6.57400755e-01, -5.86737267e-01],
        ...,
        [-1.61967360e-01, -2.11421972e-01,  6.17063126e-01, ...,
          0.00000000e+00,  5.23351803e-02, -3.79721845e-02],
        [-2.13389549e-01, -2.62284371e-01,  6.57400755e-01, ...,
         -5.23351803e-02,  0.00000000e+00, -9.02175824e-02],
        [-1.24379745e-01, -1.74155675e-01,  5.86737267e-01, ...,
          3.79721845e-02,  9.02175824e-02,  0.00000000e+00]],

       [[ 0.00000000e+00,  4.28891339e-02, -6.12769732e-02, ...,
          9.25124784e-01,  9.45524999e-01,  9.50097667e-01],
        [-4.28891339e-02,  0.00000000e+00, -1.04029125e-01, ...,
          9.40556945e-01,  9.58617499e-01,  9.62602800e-01],
        [ 6.12769732e-02,  1.04029125e-01,  0.00000000e+00, ...,
          9.00121680e-01,  9.23799481e-01,  9.29196733e-01],
        ...,
        [-9.25124784e-01, -9.40556945e-01, -9.00121680e-01, ...,
          0.00000000e+00, -5.78071210e-02, -7.21220264e-02],
        [-9.45524999e-01, -9.58617499e-01, -9.23799481e-01, ...,
          5.78071210e-02,  0.00000000e+00, -1.43448412e-02],
        [-9.50097667e-01, -9.62602800e-01, -9.29196733e-01, ...,
          7.21220264e-02,  1.43448412e-02,  0.00000000e+00]],

       ...,

       [[ 0.00000000e+00,  1.79069650e-01,  1.07386801e-01, ...,
          8.62273928e-02,  1.07830170e-01,  7.97299915e-02],
        [-1.79069650e-01,  0.00000000e+00, -7.23831041e-02, ...,
         -9.35690547e-02, -7.19383083e-02, -1.00058314e-01],
        [-1.07386801e-01,  7.23831041e-02,  0.00000000e+00, ...,
         -2.12580696e-02,  4.45958404e-04, -2.77759963e-02],
        ...,
        [-8.62273928e-02,  9.35690547e-02,  2.12580696e-02, ...,
          0.00000000e+00,  2.17039251e-02, -6.51985189e-03],
        [-1.07830170e-01,  7.19383083e-02, -4.45958404e-04, ...,
         -2.17039251e-02,  0.00000000e+00, -2.82217799e-02],
        [-7.97299915e-02,  1.00058314e-01,  2.77759963e-02, ...,
          6.51985189e-03,  2.82217799e-02,  0.00000000e+00]],

       [[ 0.00000000e+00, -6.32749608e-02, -1.57195355e-01, ...,
          8.57268379e-01,  8.60287024e-01,  8.58207457e-01],
        [ 6.32749608e-02,  0.00000000e+00, -9.43920596e-02, ...,
          8.22972159e-01,  8.26304915e-01,  8.24008496e-01],
        [ 1.57195355e-01,  9.43920596e-02,  0.00000000e+00, ...,
          7.65675269e-01,  7.69451765e-01,  7.66848970e-01],
        ...,
        [-8.57268379e-01, -8.22972159e-01, -7.65675269e-01, ...,
          0.00000000e+00, -5.89182988e-03, -1.82669224e-03],
        [-8.60287024e-01, -8.26304915e-01, -7.69451765e-01, ...,
          5.89182988e-03,  0.00000000e+00,  4.06515952e-03],
        [-8.58207457e-01, -8.24008496e-01, -7.66848970e-01, ...,
          1.82669224e-03, -4.06515952e-03,  0.00000000e+00]],

       [[ 0.00000000e+00,  2.74225284e-02,  2.63399296e-02, ...,
          6.02142656e-01,  5.08843215e-01,  3.02705916e-01],
        [-2.74225284e-02,  0.00000000e+00, -1.08299001e-03, ...,
          6.23810041e-01,  5.32258791e-01,  3.28728051e-01],
        [-2.63399296e-02,  1.08299001e-03,  0.00000000e+00, ...,
          6.22963236e-01,  5.31341640e-01,  3.27705056e-01],
        ...,
        [-6.02142656e-01, -6.23810041e-01, -6.22963236e-01, ...,
          0.00000000e+00,  1.12105473e-01,  3.32215610e-01],
        [-5.08843215e-01, -5.32258791e-01, -5.31341640e-01, ...,
         -1.12105473e-01,  0.00000000e+00,  2.24383155e-01],
        [-3.02705916e-01, -3.28728051e-01, -3.27705056e-01, ...,
         -3.32215610e-01, -2.24383155e-01,  0.00000000e+00]]]), 'num': array([9.63051691e-01, 1.61034345e-01, 6.90204256e-06, 5.68806628e-03,
       5.74680707e-03, 5.60485017e-03, 2.15299721e-01, 9.30062473e-05,
       5.58624892e-03, 5.59016497e-03, 4.84089359e-03, 2.55631206e-06,
       5.91974505e-03, 5.26058488e-03])}
{'img': array([[[ 0.00000000e+00, -3.39585683e-01, -3.21140650e-01, ...,
          9.98099675e-01,  9.87199441e-01,  9.47493836e-01],
        [ 3.39585683e-01,  0.00000000e+00,  1.95414357e-02, ...,
          9.17862417e-01,  8.74374500e-01,  7.82598450e-01],
        [ 3.21140650e-01, -1.95414357e-02,  0.00000000e+00, ...,
          9.25443120e-01,  8.83690052e-01,  7.94614079e-01],
        ...,
        [-9.98099675e-01, -9.17862417e-01, -9.25443120e-01, ...,
          0.00000000e+00,  9.83562098e-02,  2.60781677e-01],
        [-9.87199441e-01, -8.74374500e-01, -8.83690052e-01, ...,
         -9.83562098e-02,  0.00000000e+00,  1.64564349e-01],
        [-9.47493836e-01, -7.82598450e-01, -7.94614079e-01, ...,
         -2.60781677e-01, -1.64564349e-01,  0.00000000e+00]],

       [[ 0.00000000e+00,  4.36743503e-01,  3.99525242e-01, ...,
          2.62284371e-01,  1.74155675e-01,  4.02371789e-01],
        [-4.36743503e-01,  0.00000000e+00, -7.59779808e-01, ...,
         -6.57400755e-01, -5.86737267e-01, -7.61796406e-01],
        [-3.99525242e-01,  7.59779808e-01,  0.00000000e+00, ...,
         -1.45096209e-01, -2.33767378e-01,  3.10723981e-03],
        ...,
        [-2.62284371e-01,  6.57400755e-01,  1.45096209e-01, ...,
          0.00000000e+00, -9.02175824e-02,  1.48169866e-01],
        [-1.74155675e-01,  5.86737267e-01,  2.33767378e-01, ...,
          9.02175824e-02,  0.00000000e+00,  2.36787395e-01],
        [-4.02371789e-01,  7.61796406e-01, -3.10723981e-03, ...,
         -1.48169866e-01, -2.36787395e-01,  0.00000000e+00]],

       [[ 0.00000000e+00, -1.04029125e-01, -1.77808223e-01, ...,
          9.58617499e-01,  9.62602800e-01,  9.50999805e-01],
        [ 1.04029125e-01,  0.00000000e+00, -7.44720430e-02, ...,
          9.23799481e-01,  9.29196733e-01,  9.13675000e-01],
        [ 1.77808223e-01,  7.44720430e-02,  0.00000000e+00, ...,
          8.92720578e-01,  8.99092662e-01,  8.80868987e-01],
        ...,
        [-9.58617499e-01, -9.23799481e-01, -8.92720578e-01, ...,
          0.00000000e+00, -1.43448412e-02,  2.56493865e-02],
        [-9.62602800e-01, -9.29196733e-01, -8.99092662e-01, ...,
          1.43448412e-02,  0.00000000e+00,  3.99868691e-02],
        [-9.50999805e-01, -9.13675000e-01, -8.80868987e-01, ...,
         -2.56493865e-02, -3.99868691e-02,  0.00000000e+00]],

       ...,

       [[ 0.00000000e+00, -7.23831041e-02, -5.59407578e-02, ...,
         -7.19383083e-02, -1.00058314e-01, -4.37124430e-01],
        [ 7.23831041e-02,  0.00000000e+00,  1.64757388e-02, ...,
          4.45958404e-04, -2.77759963e-02, -3.70876371e-01],
        [ 5.59407578e-02, -1.64757388e-02,  0.00000000e+00, ...,
         -1.60298393e-02, -4.42416082e-02, -3.86126757e-01],
        ...,
        [ 7.19383083e-02, -4.45958404e-04,  1.60298393e-02, ...,
          0.00000000e+00, -2.82217799e-02, -3.71290488e-01],
        [ 1.00058314e-01,  2.77759963e-02,  4.42416082e-02, ...,
          2.82217799e-02,  0.00000000e+00, -3.44938202e-01],
        [ 4.37124430e-01,  3.70876371e-01,  3.86126757e-01, ...,
          3.71290488e-01,  3.44938202e-01,  0.00000000e+00]],

       [[ 0.00000000e+00, -9.43920596e-02, -1.39207152e-01, ...,
          8.26304915e-01,  8.24008496e-01,  8.22564434e-01],
        [ 9.43920596e-02,  0.00000000e+00, -4.51126159e-02, ...,
          7.69451765e-01,  7.66848970e-01,  7.65213654e-01],
        [ 1.39207152e-01,  4.51126159e-02,  0.00000000e+00, ...,
          7.39854743e-01,  7.37113726e-01,  7.35392158e-01],
        ...,
        [-8.26304915e-01, -7.69451765e-01, -7.39854743e-01, ...,
          0.00000000e+00,  4.06515952e-03,  6.60916420e-03],
        [-8.24008496e-01, -7.66848970e-01, -7.37113726e-01, ...,
         -4.06515952e-03,  0.00000000e+00,  2.54403886e-03],
        [-8.22564434e-01, -7.65213654e-01, -7.35392158e-01, ...,
         -6.60916420e-03, -2.54403886e-03,  0.00000000e+00]],

       [[ 0.00000000e+00, -1.06873652e-03, -1.50690856e-02, ...,
          6.61129976e-01,  6.05995137e-01,  3.24637105e-01],
        [ 1.06873652e-03,  0.00000000e+00, -1.40004618e-02, ...,
          6.60327756e-01,  6.05144645e-01,  3.23626067e-01],
        [ 1.50690856e-02,  1.40004618e-02,  0.00000000e+00, ...,
          6.49749005e-01,  5.93939348e-01,  3.10347321e-01],
        ...,
        [-6.61129976e-01, -6.60327756e-01, -6.49749005e-01, ...,
          0.00000000e+00,  7.12471588e-02,  3.81756352e-01],
        [-6.05995137e-01, -6.05144645e-01, -5.93939348e-01, ...,
         -7.12471588e-02,  0.00000000e+00,  3.14935079e-01],
        [-3.24637105e-01, -3.23626067e-01, -3.10347321e-01, ...,
         -3.81756352e-01, -3.14935079e-01,  0.00000000e+00]]]), 'num': array([ 9.77121230e-01,  1.64566371e-01,  7.05342760e-06,  5.76280042e-03,
        5.77780771e-03,  5.66275180e-03,  1.33780911e-01, -5.00243092e-05,
        5.72478194e-03,  5.72503207e-03,  4.97041536e-03,  2.55558971e-06,
        6.05018969e-03,  5.39987444e-03])}
{'img': array([[[ 0.        ,  0.01954144, -0.27729678, ...,  0.8743745 ,
          0.78259845,  0.83593855],
        [-0.01954144,  0.        , -0.29601893, ...,  0.88369005,
          0.79461408,  0.84650372],
        [ 0.27729678,  0.29601893,  0.        , ...,  0.70552657,
          0.57928363,  0.65096979],
        ...,
        [-0.8743745 , -0.88369005, -0.70552657, ...,  0.        ,
          0.16456435,  0.07423626],
        [-0.78259845, -0.79461408, -0.57928363, ..., -0.16456435,
          0.        , -0.09088612],
        [-0.83593855, -0.84650372, -0.65096979, ..., -0.07423626,
          0.09088612,  0.        ]],

       [[ 0.        , -0.75977981, -0.85563928, ..., -0.58673727,
         -0.76179641, -0.48097522],
        [ 0.75977981,  0.        ,  0.16307872, ..., -0.23376738,
          0.00310724, -0.35340423],
        [ 0.85563928, -0.16307872,  0.        , ..., -0.38919817,
         -0.16001229, -0.5012286 ],
        ...,
        [ 0.58673727,  0.23376738,  0.38919817, ...,  0.        ,
          0.2367874 , -0.12492977],
        [ 0.76179641, -0.00310724,  0.16001229, ..., -0.2367874 ,
          0.        , -0.35630926],
        [ 0.48097522,  0.35340423,  0.5012286 , ...,  0.12492977,
          0.35630926,  0.        ]],

       [[ 0.        , -0.07447204, -0.41451357, ...,  0.92919673,
          0.913675  ,  0.90095971],
        [ 0.07447204,  0.        , -0.34558974, ...,  0.89909266,
          0.88086899,  0.86614421],
        [ 0.41451357,  0.34558974,  0.        , ...,  0.6924109 ,
          0.66300646,  0.64005361],
        ...,
        [-0.92919673, -0.89909266, -0.6924109 , ...,  0.        ,
          0.03998687,  0.0701994 ],
        [-0.913675  , -0.88086899, -0.66300646, ..., -0.03998687,
          0.        ,  0.03025503],
        [-0.90095971, -0.86614421, -0.64005361, ..., -0.0701994 ,
         -0.03025503,  0.        ]],

       ...,

       [[ 0.        ,  0.01647574, -0.4894942 , ..., -0.027776  ,
         -0.37087637, -0.41977782],
        [-0.01647574,  0.        , -0.50379472, ..., -0.04424161,
         -0.38612676, -0.43467466],
        [ 0.4894942 ,  0.50379472,  0.        , ...,  0.46508449,
          0.13117795,  0.0782291 ],
        ...,
        [ 0.027776  ,  0.04424161, -0.46508449, ...,  0.        ,
         -0.3449382 , -0.39440561],
        [ 0.37087637,  0.38612676, -0.13117795, ...,  0.3449382 ,
          0.        , -0.05322284],
        [ 0.41977782,  0.43467466, -0.0782291 , ...,  0.39440561,
          0.05322284,  0.        ]],

       [[ 0.        , -0.04511262, -0.06981047, ...,  0.76684897,
          0.76521365,  0.7644452 ],
        [ 0.04511262,  0.        , -0.02473685, ...,  0.73711373,
          0.73539216,  0.73458333],
        [ 0.06981047,  0.02473685,  0.        , ...,  0.72017178,
          0.71840441,  0.71757414],
        ...,
        [-0.76684897, -0.73711373, -0.72017178, ...,  0.        ,
          0.00254404,  0.00373685],
        [-0.76521365, -0.73539216, -0.71840441, ..., -0.00254404,
          0.        ,  0.00119282],
        [-0.7644452 , -0.73458333, -0.71757414, ..., -0.00373685,
         -0.00119282,  0.        ]],

       [[ 0.        , -0.01388295, -0.03895511, ...,  0.67151245,
          0.55038531,  0.32105112],
        [ 0.01388295,  0.        , -0.02507894, ...,  0.66116056,
          0.53874124,  0.30787216],
        [ 0.03895511,  0.02507894,  0.        , ...,  0.64213727,
          0.5174435 ,  0.28391453],
        ...,
        [-0.67151245, -0.66116056, -0.64213727, ...,  0.        ,
          0.15282117,  0.39806711],
        [-0.55038531, -0.53874124, -0.5174435 , ..., -0.15282117,
          0.        ,  0.2531999 ],
        [-0.32105112, -0.30787216, -0.28391453, ..., -0.39806711,
         -0.2531999 ,  0.        ]]]), 'num': array([9.84648206e-01, 8.86533444e-02, 7.61900393e-06, 5.81814845e-03,
       5.88246472e-03, 5.70435813e-03, 1.49511029e-01, 1.18737724e-04,
       5.70237917e-03, 5.68011585e-03, 4.94303494e-03, 2.18177494e-06,
       5.99407773e-03, 5.36615397e-03])}
{'img': array([[[ 0.        , -0.29601893,  0.47111373, ...,  0.79461408,
          0.84650372,  0.69333787],
        [ 0.29601893,  0.        ,  0.71110954, ...,  0.57928363,
          0.65096979,  0.44894892],
        [-0.47111373, -0.71110954,  0.        , ...,  0.98692736,
          0.99749048,  0.95106477],
        ...,
        [-0.79461408, -0.57928363, -0.98692736, ...,  0.        ,
         -0.09088612,  0.15167323],
        [-0.84650372, -0.65096979, -0.99749048, ...,  0.09088612,
          0.        ,  0.24088012],
        [-0.69333787, -0.44894892, -0.95106477, ..., -0.15167323,
         -0.24088012,  0.        ]],

       [[ 0.        ,  0.22917655,  0.90643495, ...,  0.00430221,
         -0.46653893, -0.35982597],
        [-0.22917655,  0.        ,  0.97910174, ..., -0.22498672,
         -0.65682875, -0.56407533],
        [-0.90643495, -0.97910174,  0.        , ..., -0.90824359,
         -0.60470173, -0.69375057],
        ...,
        [-0.00430221,  0.22498672,  0.90824359, ...,  0.        ,
         -0.47033992, -0.36383669],
        [ 0.46653893,  0.65682875,  0.60470173, ...,  0.47033992,
          0.        ,  0.11702358],
        [ 0.35982597,  0.56407533,  0.69375057, ...,  0.36383669,
         -0.11702358,  0.        ]],

       [[ 0.        , -0.34558974, -0.23945232, ...,  0.88086899,
          0.86614421,  0.8216227 ],
        [ 0.34558974,  0.        ,  0.11083725, ...,  0.66300646,
          0.64005361,  0.57400189],
        [ 0.23945232, -0.11083725,  0.        , ...,  0.74189567,
          0.72126958,  0.66122474],
        ...,
        [-0.88086899, -0.66300646, -0.74189567, ...,  0.        ,
          0.03025503,  0.11319981],
        [-0.86614421, -0.64005361, -0.72126958, ..., -0.03025503,
          0.        ,  0.08308743],
        [-0.8216227 , -0.57400189, -0.66122474, ..., -0.11319981,
         -0.08308743,  0.        ]],

       ...,

       [[ 0.        , -0.50379472, -0.03086344, ..., -0.38612676,
         -0.43467466, -0.7516039 ],
        [ 0.50379472,  0.        ,  0.47689415, ...,  0.13117795,
          0.0782291 , -0.31694263],
        [ 0.03086344, -0.47689415,  0.        , ..., -0.35747297,
         -0.40667236, -0.73088786],
        ...,
        [ 0.38612676, -0.13117795,  0.35747297, ...,  0.        ,
         -0.05322284, -0.43861891],
        [ 0.43467466, -0.0782291 ,  0.40667236, ...,  0.05322284,
          0.        , -0.39016731],
        [ 0.7516039 ,  0.31694263,  0.73088786, ...,  0.43861891,
          0.39016731,  0.        ]],

       [[ 0.        , -0.02473685,  0.10941063, ...,  0.73539216,
          0.73458333,  0.72007781],
        [ 0.02473685,  0.        ,  0.13396549, ...,  0.71840441,
          0.71757414,  0.70269273],
        [-0.10941063, -0.13396549,  0.        , ...,  0.80511855,
          0.80441049,  0.79167423],
        ...,
        [-0.73539216, -0.71840441, -0.80511855, ...,  0.        ,
          0.00119282,  0.02232891],
        [-0.73458333, -0.71757414, -0.80441049, ..., -0.00119282,
          0.        ,  0.02113637],
        [-0.72007781, -0.70269273, -0.79167423, ..., -0.02232891,
         -0.02113637,  0.        ]],

       [[ 0.        , -0.02485506, -0.00823743, ...,  0.62704788,
          0.54357023,  0.30525009],
        [ 0.02485506,  0.        ,  0.01661934, ...,  0.60749255,
          0.52253986,  0.281487  ],
        [ 0.00823743, -0.01661934,  0.        , ...,  0.62060981,
          0.53663759,  0.29739546],
        ...,
        [-0.62704788, -0.60749255, -0.62060981, ...,  0.        ,
          0.1028905 ,  0.35933635],
        [-0.54357023, -0.52253986, -0.53663759, ..., -0.1028905 ,
          0.        ,  0.26141099],
        [-0.30525009, -0.281487  , -0.29739546, ..., -0.35933635,
         -0.26141099,  0.        ]]]), 'num': array([9.90988019e-01, 8.90175133e-02, 7.65030115e-06, 5.85695134e-03,
       5.88178998e-03, 5.82217724e-03, 9.87878420e-02, 1.49031841e-05,
       5.77448705e-03, 5.72630009e-03, 4.99091075e-03, 2.34147690e-06,
       6.01540479e-03, 5.43719539e-03])}
{'img': array([[[ 0.        ,  0.71110954,  0.78973715, ...,  0.65096979,
          0.44894892,  0.41380807],
        [-0.71110954,  0.        ,  0.11902251, ...,  0.99749048,
          0.95106477,  0.93830932],
        [-0.78973715, -0.11902251,  0.        , ...,  0.99882675,
          0.98108113,  0.97279704],
        ...,
        [-0.65096979, -0.99749048, -0.99882675, ...,  0.        ,
          0.24088012,  0.27849634],
        [-0.44894892, -0.95106477, -0.98108113, ..., -0.24088012,
          0.        ,  0.03894572],
        [-0.41380807, -0.93830932, -0.97279704, ..., -0.27849634,
         -0.03894572,  0.        ]],

       [[ 0.        ,  0.97910174,  0.00186824, ..., -0.65682875,
         -0.56407533, -0.86157698],
        [-0.97910174,  0.        , -0.97947998, ..., -0.60470173,
         -0.69375057, -0.32179861],
        [-0.00186824,  0.97947998,  0.        , ..., -0.65823633,
         -0.56561699, -0.86252385],
        ...,
        [ 0.65682875,  0.60470173,  0.65823633, ...,  0.        ,
          0.11702358, -0.31623936],
        [ 0.56407533,  0.69375057,  0.56561699, ..., -0.11702358,
          0.        , -0.42508439],
        [ 0.86157698,  0.32179861,  0.86252385, ...,  0.31623936,
          0.42508439,  0.        ]],

       [[ 0.        ,  0.11083725,  0.31008584, ...,  0.64005361,
          0.57400189,  0.47638649],
        [-0.11083725,  0.        ,  0.20280134, ...,  0.72126958,
          0.66122474,  0.57090336],
        [-0.31008584, -0.20280134,  0.        , ...,  0.84675278,
          0.79962353,  0.72554334],
        ...,
        [-0.64005361, -0.72126958, -0.84675278, ...,  0.        ,
          0.08308743,  0.19673601],
        [-0.57400189, -0.66122474, -0.79962353, ..., -0.08308743,
          0.        ,  0.11459215],
        [-0.47638649, -0.57090336, -0.72554334, ..., -0.19673601,
         -0.11459215,  0.        ]],

       ...,

       [[ 0.        ,  0.47689415,  0.5645801 , ...,  0.0782291 ,
         -0.31694263, -0.12655294],
        [-0.47689415,  0.        ,  0.10262566, ..., -0.40667236,
         -0.73088786, -0.58429492],
        [-0.5645801 , -0.10262566,  0.        , ..., -0.4982813 ,
         -0.79707058, -0.66449484],
        ...,
        [-0.0782291 ,  0.40667236,  0.4982813 , ...,  0.        ,
         -0.39016731, -0.20376523],
        [ 0.31694263,  0.73088786,  0.79707058, ...,  0.39016731,
          0.        ,  0.1943659 ],
        [ 0.12655294,  0.58429492,  0.66449484, ...,  0.20376523,
         -0.1943659 ,  0.        ]],

       [[ 0.        ,  0.13396549,  0.25916072, ...,  0.71757414,
          0.70269273,  0.70745221],
        [-0.13396549,  0.        ,  0.12743619, ...,  0.80441049,
          0.79167423,  0.79575684],
        [-0.25916072, -0.12743619,  0.        , ...,  0.87355846,
          0.86307583,  0.86644628],
        ...,
        [-0.71757414, -0.80441049, -0.87355846, ...,  0.        ,
          0.02113637,  0.01442573],
        [-0.70269273, -0.79167423, -0.86307583, ..., -0.02113637,
          0.        , -0.00671166],
