state_0,state_1,state_2,state_3,state_4,state_5,state_6,state_7,state_8,state_9,state_10,state_11,state_12,state_13,state_14,state_15,state_16,state_17,state_18,state_19,state_20,state_21,state_22,state_23,state_24,state_25,state_26,state_27,state_28,state_29,state_30,state_31,state_32,state_33,state_34,state_35,state_36,state_37,state_38,state_39,state_40,state_41,state_42,state_43,state_44,state_45,state_46,state_47,state_48,state_49,state_50,state_51,state_52,state_53,state_54,state_55,state_56,state_57,state_58,state_59,state_60,state_61,state_62,state_63,state_64,state_65,state_66,state_67,state_68,state_69,state_70,state_71,state_72,state_73,state_74,state_75,state_76,state_77,state_78,state_79,state_80,state_81,state_82,state_83,state_84,state_85,state_86,state_87,state_88,state_89,state_90,state_91,state_92,state_93,state_94,state_95,state_96,state_97,state_98,state_99,state_100,state_101,state_102,state_103,state_104,state_105,state_106,state_107,state_108,state_109,state_110,state_111,state_112,state_113,state_114,state_115,state_116,state_117,state_118,state_119,state_120,state_121,state_122,state_123,state_124,state_125,state_126,state_127,state_128,state_129,state_130,state_131,state_132,state_133,state_134,state_135,state_136,state_137,state_138,state_139,state_140,state_141,state_142,state_143,state_144,state_145,state_146,state_147,state_148,state_149,state_150,state_151,state_152,state_153,state_154,state_155,state_156,state_157,state_158,state_159,state_160,state_161,state_162,state_163,state_164,state_165,state_166,state_167,state_168,state_169,state_170,state_171,state_172,state_173,state_174,state_175,state_176,state_177,state_178,state_179,state_180,state_181,state_182,state_183,state_184,state_185,state_186,state_187,state_188,state_189,state_190,state_191,state_192,state_193,state_194,state_195,state_196,state_197,state_198,state_199,state_200,state_201,state_202,state_203,state_204,state_205,state_206,state_207,state_208,state_209,state_210,state_211,state_212,state_213,state_214,state_215,state_216,state_217,state_218,state_219,state_220,state_221,state_222,state_223,state_224,state_225,state_226,state_227,state_228,state_229,state_230,state_231,state_232,state_233,state_234,state_235,state_236,state_237,state_238,state_239,state_240,state_241,state_242,state_243,state_244,state_245,state_246,state_247,state_248,state_249,state_250,state_251,state_252,state_253,state_254,state_255,state_256,state_257,state_258,state_259,state_260,state_261,state_262,state_263,state_264,state_265,state_266,state_267,state_268,state_269,state_270,state_271,state_272,state_273,state_274,state_275,state_276,state_277,state_278,state_279,state_280,state_281,state_282,state_283,state_284,state_285,state_286,state_287
{'img': array([[[ 0.        , -0.21502415, -0.60091066, ...,  0.92155668,
          0.97386359,  0.89425768],
        [ 0.21502415,  0.        , -0.41498231, ...,  0.9834821 ,
          0.99992291,  0.77710528],
        [ 0.60091066,  0.41498231,  0.        , ...,  0.96991505,
          0.91491198,  0.44585561],
        ...,
        [-0.92155668, -0.9834821 , -0.96991505, ...,  0.        ,
          0.16878001,  0.759635  ],
        [-0.97386359, -0.99992291, -0.91491198, ..., -0.16878001,
          0.        ,  0.63897107],
        [-0.89425768, -0.77710528, -0.44585561, ..., -0.759635  ,
         -0.63897107,  0.        ]],

       [[ 0.        , -0.30681319, -0.02350397, ..., -0.23307401,
         -0.33331401, -0.11631206],
        [ 0.30681319,  0.        ,  0.28435806, ...,  0.07653046,
         -0.02796985,  0.19402846],
        [ 0.02350397, -0.28435806,  0.        , ..., -0.21015297,
         -0.31106201, -0.09293548],
        ...,
        [ 0.23307401, -0.07653046,  0.21015297, ...,  0.        ,
         -0.10438833,  0.11838336],
        [ 0.33331401,  0.02796985,  0.31106201, ...,  0.10438833,
          0.        ,  0.22139086],
        [ 0.11631206, -0.19402846,  0.09293548, ..., -0.11838336,
         -0.22139086,  0.        ]],

       [[ 0.        ,  0.01314009, -0.0266352 , ...,  0.96905189,
          0.99418128,  0.82957577],
        [-0.01314009,  0.        , -0.03976832, ...,  0.9657245 ,
          0.99268   ,  0.8368415 ],
        [ 0.0266352 ,  0.03976832,  0.        , ...,  0.97528318,
          0.99669771,  0.81440851],
        ...,
        [-0.96905189, -0.9657245 , -0.97528318, ...,  0.        ,
          0.14103455,  0.7458996 ],
        [-0.99418128, -0.99268   , -0.99669771, ..., -0.14103455,
          0.        ,  0.64450684],
        [-0.82957577, -0.8368415 , -0.81440851, ..., -0.7458996 ,
         -0.64450684,  0.        ]],

       ...,

       [[ 0.        ,  0.1001363 , -0.05154318, ...,  0.23590155,
          0.34124416,  0.66195834],
        [-0.1001363 ,  0.        , -0.15128731, ...,  0.13740569,
          0.24540338,  0.58357493],
        [ 0.05154318,  0.15128731,  0.        , ...,  0.28567645,
          0.38923984,  0.69971214],
        ...,
        [-0.23590155, -0.13740569, -0.28567645, ...,  0.        ,
          0.10987172,  0.46645806],
        [-0.34124416, -0.24540338, -0.38923984, ..., -0.10987172,
          0.        ,  0.36644772],
        [-0.66195834, -0.58357493, -0.69971214, ..., -0.46645806,
         -0.36644772,  0.        ]],

       [[ 0.        , -0.06909687, -0.16600047, ...,  0.98399663,
          0.94396721,  0.54797376],
        [ 0.06909687,  0.        , -0.09746552, ...,  0.96933266,
          0.9189064 ,  0.48886486],
        [ 0.16600047,  0.09746552,  0.        , ...,  0.9407652 ,
          0.87608363,  0.40151235],
        ...,
        [-0.98399663, -0.96933266, -0.9407652 , ...,  0.        ,
          0.15655477,  0.72546693],
        [-0.94396721, -0.9189064 , -0.87608363, ..., -0.15655477,
          0.        ,  0.60877148],
        [-0.54797376, -0.48886486, -0.40151235, ..., -0.72546693,
         -0.60877148,  0.        ]],

       [[ 0.        ,  0.0126574 , -0.04618225, ...,  0.82431088,
          0.77588977,  0.87889448],
        [-0.0126574 ,  0.        , -0.05882244, ...,  0.83141067,
          0.78381277,  0.88486186],
        [ 0.04618225,  0.05882244,  0.        , ...,  0.79728586,
          0.745927  ,  0.85592704],
        ...,
        [-0.82431088, -0.83141067, -0.79728586, ...,  0.        ,
          0.08077153, -0.10436537],
        [-0.77588977, -0.78381277, -0.745927  , ..., -0.08077153,
          0.        , -0.18435482],
        [-0.87889448, -0.88486186, -0.85592704, ...,  0.10436537,
          0.18435482,  0.        ]]]), 'num': array([9.99981900e-01, 1.91954024e-03, 1.18816948e-05, 2.04940936e-03,
       2.09820482e-03, 2.03477072e-03, 1.68044248e-03, 2.43977305e-06,
       1.98060776e-03, 1.84434644e-03, 1.65880170e-03, 1.64975130e-06,
       2.03051551e-03, 1.65817737e-03])}
{'img': array([[[ 0.        , -0.41421563, -0.35969501, ...,  0.99979302,
          0.84497332,  0.77605761],
        [ 0.41421563,  0.        ,  0.05910539, ...,  0.91841758,
          0.54755077,  0.4451211 ],
        [ 0.35969501, -0.05910539,  0.        , ...,  0.94019478,
          0.59605127,  0.49727004],
        ...,
        [-0.99979302, -0.91841758, -0.94019478, ...,  0.        ,
          0.55188869,  0.64632033],
        [-0.84497332, -0.54755077, -0.59605127, ..., -0.55188869,
          0.        ,  0.11785041],
        [-0.77605761, -0.4451211 , -0.49727004, ..., -0.64632033,
         -0.11785041,  0.        ]],

       [[ 0.        ,  0.28435806, -0.25222608, ..., -0.02796985,
          0.19402846, -0.07178194],
        [-0.28435806,  0.        , -0.51697801, ..., -0.31106201,
         -0.09293548, -0.35244317],
        [ 0.25222608,  0.51697801,  0.        , ...,  0.22506186,
          0.43518795,  0.18211431],
        ...,
        [ 0.02796985,  0.31106201, -0.22506186, ...,  0.        ,
          0.22139086, -0.04385616],
        [-0.19402846,  0.09293548, -0.43518795, ..., -0.22139086,
          0.        , -0.26394573],
        [ 0.07178194,  0.35244317, -0.18211431, ...,  0.04385616,
          0.26394573,  0.        ]],

       [[ 0.        , -0.03743931, -0.20892209, ...,  0.95730986,
          0.99987399,  0.80833481],
        [ 0.03743931,  0.        , -0.17216251, ...,  0.96746104,
          0.99857864,  0.78572671],
        [ 0.20892209,  0.17216251,  0.        , ...,  0.99657602,
          0.97449247,  0.66749946],
        ...,
        [-0.95730986, -0.96746104, -0.99657602, ...,  0.        ,
          0.30422431,  0.79725064],
        [-0.99987399, -0.99857864, -0.97449247, ..., -0.30422431,
          0.        ,  0.57581677],
        [-0.80833481, -0.78572671, -0.66749946, ..., -0.79725064,
         -0.57581677,  0.        ]],

       ...,

       [[ 0.        , -0.15128731, -0.25406433, ...,  0.24540338,
          0.58357493,  0.53966348],
        [ 0.15128731,  0.        , -0.10481684, ...,  0.38923984,
          0.69971214,  0.66081775],
        [ 0.25406433,  0.10481684,  0.        , ...,  0.48364635,
          0.77074157,  0.73584757],
        ...,
        [-0.24540338, -0.38923984, -0.48364635, ...,  0.        ,
          0.36644772,  0.31656074],
        [-0.58357493, -0.69971214, -0.77074157, ..., -0.36644772,
          0.        , -0.05306179],
        [-0.53966348, -0.66081775, -0.73584757, ..., -0.31656074,
          0.05306179,  0.        ]],

       [[ 0.        , -0.09343219, -0.14978481, ...,  0.97512818,
          0.86933463,  0.47081593],
        [ 0.09343219,  0.        , -0.05675145, ...,  0.95015416,
          0.81935542,  0.38632759],
        [ 0.14978481,  0.05675145,  0.        , ...,  0.93092883,
          0.78550009,  0.3333596 ],
        ...,
        [-0.97512818, -0.95015416, -0.93092883, ...,  0.        ,
          0.28925091,  0.75593633],
        [-0.86933463, -0.81935542, -0.78550009, ..., -0.28925091,
          0.        ,  0.53426586],
        [-0.47081593, -0.38632759, -0.3333596 , ..., -0.75593633,
         -0.53426586,  0.        ]],

       [[ 0.        , -0.05882244, -0.11800969, ...,  0.78381277,
          0.88486186,  0.91105304],
        [ 0.05882244,  0.        , -0.05939394, ...,  0.745927  ,
          0.85592704,  0.88522366],
        [ 0.11800969,  0.05939394,  0.        , ...,  0.70505214,
          0.8237036 ,  0.85603289],
        ...,
        [-0.78381277, -0.745927  , -0.70505214, ...,  0.        ,
         -0.18435482, -0.24260389],
        [-0.88486186, -0.85592704, -0.8237036 , ...,  0.18435482,
          0.        , -0.0595983 ],
        [-0.91105304, -0.88522366, -0.85603289, ...,  0.24260389,
          0.0595983 ,  0.        ]]]), 'num': array([ 9.00828048e-01,  4.34155849e-01,  5.60904085e-06,  1.50055369e-03,
        1.53301759e-03,  1.46267914e-03,  1.17310113e-03, -1.44284009e-05,
        1.48107535e-03,  1.37259181e-03,  1.23302709e-03,  1.20425133e-06,
        1.52066525e-03,  1.22451837e-03])}
{'img': array([[[ 0.        ,  0.05910539,  0.11247861, ...,  0.54755077,
          0.4451211 ,  0.71511884],
        [-0.05910539,  0.        ,  0.05355166, ...,  0.59605127,
          0.49727004,  0.75518347],
        [-0.11247861, -0.05355166,  0.        , ...,  0.6381951 ,
          0.54301769,  0.78920368],
        ...,
        [-0.54755077, -0.59605127, -0.6381951 , ...,  0.        ,
          0.11785041, -0.21565219],
        [-0.4451211 , -0.49727004, -0.54301769, ..., -0.11785041,
          0.        , -0.32922681],
        [-0.71511884, -0.75518347, -0.78920368, ...,  0.21565219,
          0.32922681,  0.        ]],

       [[ 0.        , -0.51697801, -0.4230938 , ..., -0.09293548,
         -0.35244317, -0.37465232],
        [ 0.51697801,  0.        ,  0.10625875, ...,  0.43518795,
          0.18211431,  0.15862222],
        [ 0.4230938 , -0.10625875,  0.        , ...,  0.33705517,
          0.07660145,  0.05281073],
        ...,
        [ 0.09293548, -0.43518795, -0.33705517, ...,  0.        ,
         -0.26394573, -0.28686432],
        [ 0.35244317, -0.18211431, -0.07660145, ...,  0.26394573,
          0.        , -0.02383899],
        [ 0.37465232, -0.15862222, -0.05281073, ...,  0.28686432,
          0.02383899,  0.        ]],

       [[ 0.        , -0.16834545, -0.3048516 , ...,  0.99926396,
          0.95666962,  0.77424901],
        [ 0.16834545,  0.        , -0.14016859, ...,  0.99146036,
          0.893998  ,  0.65665632],
        [ 0.3048516 ,  0.14016859,  0.        , ...,  0.96339315,
          0.82236666,  0.54445984],
        ...,
        [-0.99926396, -0.99146036, -0.96339315, ...,  0.        ,
          0.32765972,  0.66211592],
        [-0.95666962, -0.893998  , -0.82236666, ..., -0.32765972,
          0.        ,  0.38001567],
        [-0.77424901, -0.65665632, -0.54445984, ..., -0.66211592,
         -0.38001567,  0.        ]],

       ...,

       [[ 0.        , -0.10481684, -0.37633042, ...,  0.69971214,
          0.66081775,  0.61963533],
        [ 0.10481684,  0.        , -0.27714613, ...,  0.77074157,
          0.73584757,  0.69849177],
        [ 0.37633042,  0.27714613,  0.        , ...,  0.91713298,
          0.89469151,  0.86946108],
        ...,
        [-0.69971214, -0.77074157, -0.91713298, ...,  0.        ,
         -0.05306179, -0.10651405],
        [-0.66081775, -0.73584757, -0.89469151, ...,  0.05306179,
          0.        , -0.05360406],
        [-0.61963533, -0.69849177, -0.86946108, ...,  0.10651405,
          0.05360406,  0.        ]],

       [[ 0.        , -0.0551533 , -0.14884117, ...,  0.8976641 ,
          0.75386574,  0.37619638],
        [ 0.0551533 ,  0.        , -0.09407567, ...,  0.87199279,
          0.71648099,  0.32452204],
        [ 0.14884117,  0.09407567,  0.        , ...,  0.82207375,
          0.64767562,  0.23409868],
        ...,
        [-0.8976641 , -0.87199279, -0.82207375, ...,  0.        ,
          0.25757709,  0.66593931],
        [-0.75386574, -0.71648099, -0.64767562, ..., -0.25757709,
          0.        ,  0.45131498],
        [-0.37619638, -0.32452204, -0.23409868, ..., -0.66593931,
         -0.45131498,  0.        ]],

       [[ 0.        , -0.05939394, -0.09917654, ...,  0.85592704,
          0.88522366,  0.89290043],
        [ 0.05939394,  0.        , -0.03990034, ...,  0.8237036 ,
          0.85603289,  0.86458175],
        [ 0.09917654,  0.03990034,  0.        , ...,  0.80042334,
          0.83472586,  0.84384364],
        ...,
        [-0.85592704, -0.8237036 , -0.80042334, ...,  0.        ,
         -0.0595983 , -0.07633105],
        [-0.88522366, -0.85603289, -0.83472586, ...,  0.0595983 ,
          0.        , -0.01677094],
        [-0.89290043, -0.86458175, -0.84384364, ...,  0.07633105,
          0.01677094,  0.        ]]]), 'num': array([ 9.00083846e-01,  4.35696195e-01,  5.62894122e-06,  1.49320788e-03,
        1.51492727e-03,  1.46967854e-03,  1.26164301e-03, -1.26696426e-05,
        1.49936171e-03,  1.38723537e-03,  1.24515438e-03,  1.08210471e-06,
        1.53924727e-03,  1.23522347e-03])}
{'img': array([[[ 0.00000000e+00,  5.35516562e-02,  2.32474861e-01, ...,
          4.97270043e-01,  7.55183475e-01,  8.31475800e-01],
        [-5.35516562e-02,  0.00000000e+00,  1.80056808e-01, ...,
          5.43017693e-01,  7.89203680e-01,  8.60033909e-01],
        [-2.32474861e-01, -1.80056808e-01,  0.00000000e+00, ...,
          6.85340257e-01,  8.86883668e-01,  9.37849323e-01],
        ...,
        [-4.97270043e-01, -5.43017693e-01, -6.85340257e-01, ...,
          0.00000000e+00, -3.29226810e-01, -4.45121099e-01],
        [-7.55183475e-01, -7.89203680e-01, -8.86883668e-01, ...,
          3.29226810e-01,  0.00000000e+00, -1.25493128e-01],
        [-8.31475800e-01, -8.60033909e-01, -9.37849323e-01, ...,
          4.45121099e-01,  1.25493128e-01,  0.00000000e+00]],

       [[ 0.00000000e+00,  1.06258749e-01,  2.42574014e-02, ...,
          1.82114310e-01,  1.58622216e-01,  1.87064704e-01],
        [-1.06258749e-01,  0.00000000e+00, -8.21074139e-02, ...,
          7.66014489e-02,  5.28107338e-02,  8.16226132e-02],
        [-2.42574014e-02,  8.21074139e-02,  0.00000000e+00, ...,
          1.58208968e-01,  1.34625254e-01,  1.63180460e-01],
        ...,
        [-1.82114310e-01, -7.66014489e-02, -1.58208968e-01, ...,
          0.00000000e+00, -2.38389896e-02,  5.03693566e-03],
        [-1.58622216e-01, -5.28107338e-02, -1.34625254e-01, ...,
          2.38389896e-02,  0.00000000e+00,  2.88741914e-02],
        [-1.87064704e-01, -8.16226132e-02, -1.63180460e-01, ...,
         -5.03693566e-03, -2.88741914e-02,  0.00000000e+00]],

       [[ 0.00000000e+00, -1.37994562e-01, -2.64101430e-01, ...,
          9.38747158e-01,  8.63248996e-01,  6.48687261e-01],
        [ 1.37994562e-01,  0.00000000e+00, -1.28479715e-01, ...,
          8.82212302e-01,  7.85333616e-01,  5.37459799e-01],
        [ 2.64101430e-01,  1.28479715e-01,  0.00000000e+00, ...,
          8.14405737e-01,  6.99286584e-01,  4.24659828e-01],
        ...,
        [-9.38747158e-01, -8.82212302e-01, -8.14405737e-01, ...,
          0.00000000e+00,  1.76377847e-01,  4.90896322e-01],
        [-8.63248996e-01, -7.85333616e-01, -6.99286584e-01, ...,
         -1.76377847e-01,  0.00000000e+00,  3.29536758e-01],
        [-6.48687261e-01, -5.37459799e-01, -4.24659828e-01, ...,
         -4.90896322e-01, -3.29536758e-01,  0.00000000e+00]],

       ...,

       [[ 0.00000000e+00, -2.77146128e-01, -1.79932215e-01, ...,
          7.35847566e-01,  6.98491773e-01,  3.77760005e-01],
        [ 2.77146128e-01,  0.00000000e+00,  9.97389587e-02, ...,
          8.94691514e-01,  8.69461081e-01,  6.19572890e-01],
        [ 1.79932215e-01, -9.97389587e-02,  0.00000000e+00, ...,
          8.45678406e-01,  8.15854444e-01,  5.38194464e-01],
        ...,
        [-7.35847566e-01, -8.94691514e-01, -8.45678406e-01, ...,
          0.00000000e+00, -5.36040619e-02, -4.25524733e-01],
        [-6.98491773e-01, -8.69461081e-01, -8.15854444e-01, ...,
          5.36040619e-02,  0.00000000e+00, -3.76404119e-01],
        [-3.77760005e-01, -6.19572890e-01, -5.38194464e-01, ...,
          4.25524733e-01,  3.76404119e-01,  0.00000000e+00]],

       [[ 0.00000000e+00, -9.23990798e-02, -2.21111218e-01, ...,
          7.97036341e-01,  6.43927094e-01,  3.18989535e-01],
        [ 9.23990798e-02,  0.00000000e+00, -1.30053243e-01, ...,
          7.37823962e-01,  5.70479087e-01,  2.30052926e-01],
        [ 2.21111218e-01,  1.30053243e-01,  0.00000000e+00, ...,
          6.43772579e-01,  4.58819709e-01,  1.01534118e-01],
        ...,
        [-7.97036341e-01, -7.37823962e-01, -6.43772579e-01, ...,
          0.00000000e+00,  2.20914272e-01,  5.62749978e-01],
        [-6.43927094e-01, -5.70479087e-01, -4.58819709e-01, ...,
         -2.20914272e-01,  0.00000000e+00,  3.66232507e-01],
        [-3.18989535e-01, -2.30052926e-01, -1.01534118e-01, ...,
         -5.62749978e-01, -3.66232507e-01,  0.00000000e+00]],

       [[ 0.00000000e+00, -3.99003383e-02, -4.07473842e-02, ...,
          8.56032888e-01,  8.64581749e-01,  8.15737019e-01],
        [ 3.99003383e-02,  0.00000000e+00, -8.47735327e-04, ...,
          8.34725862e-01,  8.43843644e-01,  7.92008147e-01],
        [ 4.07473842e-02,  8.47735327e-04,  0.00000000e+00, ...,
          8.34258743e-01,  8.43388455e-01,  7.91490311e-01],
        ...,
        [-8.56032888e-01, -8.34725862e-01, -8.34258743e-01, ...,
          0.00000000e+00, -1.67709353e-02,  7.34771839e-02],
        [-8.64581749e-01, -8.43843644e-01, -8.43388455e-01, ...,
          1.67709353e-02,  0.00000000e+00,  9.01924516e-02],
        [-8.15737019e-01, -7.92008147e-01, -7.91490311e-01, ...,
         -7.34771839e-02, -9.01924516e-02,  0.00000000e+00]]]), 'num': array([9.60433896e-01, 2.78471358e-01, 8.26621258e-06, 1.59337042e-03,
       1.62234079e-03, 1.58178227e-03, 1.29681038e-03, 0.00000000e+00,
       1.60727619e-03, 1.48927021e-03, 1.33682168e-03, 1.18852805e-06,
       1.65558650e-03, 1.32295393e-03])}
{'img': array([[[ 0.00000000e+00,  1.80056808e-01, -2.57462512e-01, ...,
          7.89203680e-01,  8.60033909e-01,  8.60033909e-01],
        [-1.80056808e-01,  0.00000000e+00, -4.27241384e-01, ...,
          8.86883668e-01,  9.37849323e-01,  9.37849323e-01],
        [ 2.57462512e-01,  4.27241384e-01,  0.00000000e+00, ...,
          6.04482423e-01,  6.99673825e-01,  6.99673825e-01],
        ...,
        [-7.89203680e-01, -8.86883668e-01, -6.04482423e-01, ...,
          0.00000000e+00, -1.25493128e-01, -1.25493128e-01],
        [-8.60033909e-01, -9.37849323e-01, -6.99673825e-01, ...,
          1.25493128e-01,  0.00000000e+00,  0.00000000e+00],
        [-8.60033909e-01, -9.37849323e-01, -6.99673825e-01, ...,
          1.25493128e-01,  0.00000000e+00,  0.00000000e+00]],

       [[ 0.00000000e+00, -8.21074139e-02,  7.92493704e-01, ...,
          5.28107338e-02,  8.16226132e-02,  6.59713031e-02],
        [ 8.21074139e-02,  0.00000000e+00,  8.39893515e-01, ...,
          1.34625254e-01,  1.63180460e-01,  1.47677095e-01],
        [-7.92493704e-01, -8.39893515e-01,  0.00000000e+00, ...,
         -7.59179595e-01, -7.40069389e-01, -7.50532688e-01],
        ...,
        [-5.28107338e-02, -1.34625254e-01,  7.59179595e-01, ...,
          0.00000000e+00,  2.88741914e-02,  1.31835560e-02],
        [-8.16226132e-02, -1.63180460e-01,  7.40069389e-01, ...,
         -2.88741914e-02,  0.00000000e+00, -1.56936229e-02],
        [-6.59713031e-02, -1.47677095e-01,  7.50532688e-01, ...,
         -1.31835560e-02,  1.56936229e-02,  0.00000000e+00]],

       [[ 0.00000000e+00, -1.27487098e-01, -3.41567672e-01, ...,
          8.28385336e-01,  7.20697152e-01,  5.33871299e-01],
        [ 1.27487098e-01,  0.00000000e+00, -2.18960893e-01, ...,
          7.50212898e-01,  6.26435993e-01,  4.21716308e-01],
        [ 3.41567672e-01,  2.18960893e-01,  0.00000000e+00, ...,
          5.87231816e-01,  4.40560595e-01,  2.12944851e-01],
        ...,
        [-8.28385336e-01, -7.50212898e-01, -5.87231816e-01, ...,
          0.00000000e+00,  1.70573407e-01,  4.01401630e-01],
        [-7.20697152e-01, -6.26435993e-01, -4.40560595e-01, ...,
         -1.70573407e-01,  0.00000000e+00,  2.39290530e-01],
        [-5.33871299e-01, -4.21716308e-01, -2.12944851e-01, ...,
         -4.01401630e-01, -2.39290530e-01,  0.00000000e+00]],

       ...,

       [[ 0.00000000e+00,  9.97389587e-02, -4.18073270e-03, ...,
          8.69461081e-01,  6.19572890e-01,  6.88071954e-01],
        [-9.97389587e-02,  0.00000000e+00, -1.03897973e-01, ...,
          8.15854444e-01,  5.38194464e-01,  6.12266154e-01],
        [ 4.18073270e-03,  1.03897973e-01,  0.00000000e+00, ...,
          8.71518771e-01,  6.22849096e-01,  6.91099658e-01],
        ...,
        [-8.69461081e-01, -8.15854444e-01, -8.71518771e-01, ...,
          0.00000000e+00, -3.76404119e-01, -2.91009342e-01],
        [-6.19572890e-01, -5.38194464e-01, -6.22849096e-01, ...,
          3.76404119e-01,  0.00000000e+00,  9.05061999e-02],
        [-6.88071954e-01, -6.12266154e-01, -6.91099658e-01, ...,
          2.91009342e-01, -9.05061999e-02,  0.00000000e+00]],

       [[ 0.00000000e+00, -1.27998415e-01, -2.26472104e-01, ...,
          6.77126413e-01,  5.51502482e-01,  2.26472104e-01],
        [ 1.27998415e-01,  0.00000000e+00, -9.99365129e-02, ...,
          5.77366850e-01,  4.40193175e-01,  9.99365129e-02],
        [ 2.26472104e-01,  9.99365129e-02,  0.00000000e+00, ...,
          4.92879796e-01,  3.48256182e-01,  0.00000000e+00],
        ...,
        [-6.77126413e-01, -5.77366850e-01, -4.92879796e-01, ...,
          0.00000000e+00,  1.59008422e-01,  4.92879796e-01],
        [-5.51502482e-01, -4.40193175e-01, -3.48256182e-01, ...,
         -1.59008422e-01,  0.00000000e+00,  3.48256182e-01],
        [-2.26472104e-01, -9.99365129e-02, -0.00000000e+00, ...,
         -4.92879796e-01, -3.48256182e-01,  0.00000000e+00]],

       [[ 0.00000000e+00, -8.47735327e-04, -1.14770634e-01, ...,
          8.43843644e-01,  7.92008147e-01,  7.43053372e-01],
        [ 8.47735327e-04,  0.00000000e+00, -1.13928459e-01, ...,
          8.43388455e-01,  7.91490311e-01,  7.42485773e-01],
        [ 1.14770634e-01,  1.13928459e-01,  0.00000000e+00, ...,
          7.76682864e-01,  7.16705892e-01,  6.61335089e-01],
        ...,
        [-8.43843644e-01, -8.43388455e-01, -7.76682864e-01, ...,
          0.00000000e+00,  9.01924516e-02,  1.66012936e-01],
        [-7.92008147e-01, -7.91490311e-01, -7.16705892e-01, ...,
         -9.01924516e-02,  0.00000000e+00,  7.63954237e-02],
        [-7.43053372e-01, -7.42485773e-01, -6.61335089e-01, ...,
         -1.66012936e-01, -7.63954237e-02,  0.00000000e+00]]]), 'num': array([9.60879320e-01, 2.76932067e-01, 8.22051987e-06, 1.59800760e-03,
       1.61337306e-03, 1.57688010e-03, 9.28131266e-04, 1.34447755e-05,
       1.59570278e-03, 1.49054543e-03, 1.33762712e-03, 1.15386992e-06,
       1.65983796e-03, 1.32125290e-03])}
{'img': array([[[ 0.        , -0.42724138, -0.68534026, ...,  0.93784932,
          0.93784932,  0.88688367],
        [ 0.42724138,  0.        , -0.30851489, ...,  0.69967382,
          0.69967382,  0.60448242],
        [ 0.68534026,  0.30851489,  0.        , ...,  0.4451211 ,
          0.4451211 ,  0.32922681],
        ...,
        [-0.93784932, -0.69967382, -0.4451211 , ...,  0.        ,
          0.        ,  0.12549313],
        [-0.93784932, -0.69967382, -0.4451211 , ...,  0.        ,
          0.        ,  0.12549313],
        [-0.88688367, -0.60448242, -0.32922681, ..., -0.12549313,
         -0.12549313,  0.        ]],

       [[ 0.        ,  0.83989352,  0.48414354, ...,  0.16318046,
          0.14767709,  0.01685946],
        [-0.83989352,  0.        , -0.47212775, ..., -0.74006939,
         -0.75053269, -0.83062365],
        [-0.48414354,  0.47212775,  0.        , ..., -0.33487315,
         -0.34961943, -0.46932288],
        ...,
        [-0.16318046,  0.74006939,  0.33487315, ...,  0.        ,
         -0.01569362, -0.14652378],
        [-0.14767709,  0.75053269,  0.34961943, ...,  0.01569362,
          0.        , -0.13098149],
        [-0.01685946,  0.83062365,  0.46932288, ...,  0.14652378,
          0.13098149,  0.        ]],

       [[ 0.        , -0.21896089, -0.42171631, ...,  0.62643599,
          0.42171631,  0.54951076],
        [ 0.21896089,  0.        , -0.21294485, ...,  0.44056059,
          0.21294485,  0.35323723],
        [ 0.42171631,  0.21294485,  0.        , ...,  0.23929053,
          0.        ,  0.14591835],
        ...,
        [-0.62643599, -0.44056059, -0.23929053, ...,  0.        ,
          0.23929053,  0.09505018],
        [-0.42171631, -0.21294485, -0.        , ..., -0.23929053,
          0.        , -0.14591835],
        [-0.54951076, -0.35323723, -0.14591835, ..., -0.09505018,
          0.14591835,  0.        ]],

       ...,

       [[ 0.        , -0.10389797, -0.30011427, ...,  0.53819446,
          0.61226615,  0.55061255],
        [ 0.10389797,  0.        , -0.19938142, ...,  0.6228491 ,
          0.69109966,  0.63436258],
        [ 0.30011427,  0.19938142,  0.        , ...,  0.76632797,
          0.82132855,  0.77575477],
        ...,
        [-0.53819446, -0.6228491 , -0.76632797, ...,  0.        ,
          0.0905062 ,  0.01480393],
        [-0.61226615, -0.69109966, -0.82132855, ..., -0.0905062 ,
          0.        , -0.0757531 ],
        [-0.55061255, -0.63436258, -0.77575477, ..., -0.01480393,
          0.0757531 ,  0.        ]],

       [[ 0.        , -0.09836777,  0.00858712, ...,  0.56459085,
          0.4383844 ,  0.09836777],
        [ 0.09836777,  0.        ,  0.10690962, ...,  0.48066276,
          0.34784656,  0.        ],
        [-0.00858712, -0.10690962,  0.        , ...,  0.57165759,
          0.44608623,  0.10690962],
        ...,
        [-0.56459085, -0.48066276, -0.57165759, ...,  0.        ,
          0.14561751,  0.48066276],
        [-0.4383844 , -0.34784656, -0.44608623, ..., -0.14561751,
          0.        ,  0.34784656],
        [-0.09836777, -0.        , -0.10690962, ..., -0.48066276,
         -0.34784656,  0.        ]],

       [[ 0.        , -0.11392846, -0.18325177, ...,  0.79149031,
          0.74248577,  0.66273247],
        [ 0.11392846,  0.        , -0.07005941, ...,  0.71670589,
          0.66133509,  0.57310135],
        [ 0.18325177,  0.07005941,  0.        , ...,  0.66608709,
          0.60715916,  0.51428053],
        ...,
        [-0.79149031, -0.71670589, -0.66608709, ...,  0.        ,
          0.07639542,  0.1876625 ],
        [-0.74248577, -0.66133509, -0.60715916, ..., -0.07639542,
          0.        ,  0.11207592],
        [-0.66273247, -0.57310135, -0.51428053, ..., -0.1876625 ,
         -0.11207592,  0.        ]]]), 'num': array([ 9.97922463e-01,  6.42537634e-02,  1.13585000e-05,  1.65838135e-03,
        1.68662629e-03,  1.64425888e-03,  1.27291865e-03, -2.01749556e-05,
        1.66887233e-03,  1.57596666e-03,  1.41278489e-03,  1.36224059e-06,
        1.75020762e-03,  1.40172569e-03])}
{'img': array([[[ 0.        , -0.30851489,  0.59408256, ...,  0.69967382,
          0.60448242,  0.73107133],
        [ 0.30851489,  0.        ,  0.81327356, ...,  0.4451211 ,
          0.32922681,  0.48490928],
        [-0.59408256, -0.81327356,  0.        , ...,  0.98727013,
          0.95950527,  0.9934199 ],
        ...,
        [-0.69967382, -0.4451211 , -0.98727013, ...,  0.        ,
          0.12549313, -0.0449348 ],
        [-0.60448242, -0.32922681, -0.95950527, ..., -0.12549313,
          0.        , -0.16994594],
        [-0.73107133, -0.48490928, -0.9934199 , ...,  0.0449348 ,
          0.16994594,  0.        ]],

       [[ 0.        , -0.47212775,  0.28024772, ..., -0.75053269,
         -0.83062365, -0.76725947],
        [ 0.47212775,  0.        ,  0.70025533, ..., -0.34961943,
         -0.46932288, -0.37356945],
        [-0.28024772, -0.70025533,  0.        , ..., -0.90565416,
         -0.95339018, -0.91624681],
        ...,
        [ 0.75053269,  0.34961943,  0.90565416, ...,  0.        ,
         -0.13098149, -0.02568639],
        [ 0.83062365,  0.46932288,  0.95339018, ...,  0.13098149,
          0.        ,  0.10547318],
        [ 0.76725947,  0.37356945,  0.91624681, ...,  0.02568639,
         -0.10547318,  0.        ]],

       [[ 0.        , -0.21294485,  0.14091155, ...,  0.21294485,
          0.35323723,  0.47236938],
        [ 0.21294485,  0.        ,  0.34849976, ...,  0.        ,
          0.14591835,  0.27384548],
        [-0.14091155, -0.34849976,  0.        , ...,  0.34849976,
          0.48154021,  0.59185571],
        ...,
        [-0.21294485, -0.        , -0.34849976, ...,  0.        ,
         -0.14591835, -0.27384548],
        [-0.35323723, -0.14591835, -0.48154021, ...,  0.14591835,
          0.        , -0.13057398],
        [-0.47236938, -0.27384548, -0.59185571, ...,  0.27384548,
          0.13057398,  0.        ]],

       ...,

       [[ 0.        , -0.19938142,  0.52323241, ...,  0.69109966,
          0.63436258,  0.89374303],
        [ 0.19938142,  0.        ,  0.68263779, ...,  0.82132855,
          0.77575477,  0.9652368 ],
        [-0.52323241, -0.68263779,  0.        , ...,  0.21077706,
          0.13612016,  0.52692767],
        ...,
        [-0.69109966, -0.82132855, -0.21077706, ...,  0.        ,
         -0.0757531 ,  0.33594824],
        [-0.63436258, -0.77575477, -0.13612016, ...,  0.0757531 ,
          0.        ,  0.4063333 ],
        [-0.89374303, -0.9652368 , -0.52692767, ..., -0.33594824,
         -0.4063333 ,  0.        ]],

       [[ 0.        ,  0.10612577,  0.12229872, ...,  0.41643935,
          0.24030651,  0.        ],
        [-0.10612577,  0.        ,  0.01627894, ...,  0.51057327,
          0.3419654 ,  0.10612577],
        [-0.12229872, -0.01627894,  0.        , ...,  0.52450281,
          0.35721761,  0.12229872],
        ...,
        [-0.41643935, -0.51057327, -0.52450281, ...,  0.        ,
          0.18575855,  0.41643935],
        [-0.24030651, -0.3419654 , -0.35721761, ..., -0.18575855,
          0.        ,  0.24030651],
        [-0.        , -0.10612577, -0.12229872, ..., -0.41643935,
         -0.24030651,  0.        ]],

       [[ 0.        , -0.06921157,  0.16089345, ...,  0.73434402,
          0.67653682,  0.32347259],
        [ 0.06921157,  0.        ,  0.2288175 , ...,  0.68560381,
          0.62394647,  0.25720632],
        [-0.16089345, -0.2288175 ,  0.        , ...,  0.83398767,
          0.7862061 ,  0.47150175],
        ...,
        [-0.73434402, -0.68560381, -0.83398767, ...,  0.        ,
          0.08155945,  0.47529796],
        [-0.67653682, -0.62394647, -0.7862061 , ..., -0.08155945,
          0.        ,  0.40195647],
        [-0.32347259, -0.25720632, -0.47150175, ..., -0.47529796,
         -0.40195647,  0.        ]]]), 'num': array([9.97990518e-01, 6.31794684e-02, 1.11685908e-05, 1.66041039e-03,
       1.70206943e-03, 1.63263770e-03, 1.71544000e-03, 2.97564586e-05,
       1.64295327e-03, 1.56032950e-03, 1.39832212e-03, 1.42996315e-06,
       1.73123499e-03, 1.38942401e-03])}
{'img': array([[[ 0.        ,  0.81327356,  0.80824221, ...,  0.32922681,
          0.48490928,  0.20340794],
        [-0.81327356,  0.        , -0.00859506, ...,  0.95950527,
          0.9934199 ,  0.91463065],
        [-0.80824221,  0.00859506,  0.        , ...,  0.95704868,
          0.99239882,  0.91112196],
        ...,
        [-0.32922681, -0.95950527, -0.95704868, ...,  0.        ,
         -0.16994594,  0.1302759 ],
        [-0.48490928, -0.9934199 , -0.99239882, ...,  0.16994594,
          0.        ,  0.29687845],
        [-0.20340794, -0.91463065, -0.91112196, ..., -0.1302759 ,
         -0.29687845,  0.        ]],

       [[ 0.        ,  0.70025533, -0.15680505, ..., -0.46932288,
         -0.37356945, -0.24443675],
        [-0.70025533,  0.        , -0.80353482, ..., -0.95339018,
         -0.91624681, -0.85351481],
        [ 0.15680505,  0.80353482,  0.        , ..., -0.32505413,
         -0.22349552, -0.08936456],
        ...,
        [ 0.46932288,  0.95339018,  0.32505413, ...,  0.        ,
          0.10547318,  0.23924192],
        [ 0.37356945,  0.91624681,  0.22349552, ..., -0.10547318,
          0.        ,  0.13549723],
        [ 0.24443675,  0.85351481,  0.08936456, ..., -0.23924192,
         -0.13549723,  0.        ]],

       [[ 0.        ,  0.34849976,  0.47075684, ...,  0.14591835,
          0.27384548,  0.24541165],
        [-0.34849976,  0.        ,  0.13377612, ...,  0.48154021,
          0.59185571,  0.5678688 ],
        [-0.47075684, -0.13377612,  0.        , ...,  0.59445652,
          0.69436529,  0.67287823],
        ...,
        [-0.14591835, -0.48154021, -0.59445652, ...,  0.        ,
         -0.13057398, -0.1013289 ],
        [-0.27384548, -0.59185571, -0.69436529, ...,  0.13057398,
          0.        ,  0.02944053],
        [-0.24541165, -0.5678688 , -0.67287823, ...,  0.1013289 ,
         -0.02944053,  0.        ]],

       ...,

       [[ 0.        ,  0.68263779,  0.49327484, ...,  0.77575477,
          0.9652368 ,  0.99613975],
        [-0.68263779,  0.        , -0.23334454, ...,  0.13612016,
          0.52692767,  0.78785901],
        [-0.49327484,  0.23334454,  0.        , ...,  0.36353509,
          0.71070326,  0.90981602],
        ...,
        [-0.77575477, -0.13612016, -0.36353509, ...,  0.        ,
          0.4063333 ,  0.69669551],
        [-0.9652368 , -0.52692767, -0.71070326, ..., -0.4063333 ,
          0.        ,  0.34509797],
        [-0.99613975, -0.78785901, -0.90981602, ..., -0.69669551,
         -0.34509797,  0.        ]],

       [[ 0.        ,  0.06035188,  0.1545384 , ...,  0.37646247,
          0.29609357,  0.        ],
        [-0.06035188,  0.        ,  0.09462984, ...,  0.43168815,
          0.35319949,  0.06035188],
        [-0.1545384 , -0.09462984,  0.        , ...,  0.51510924,
          0.44014527,  0.1545384 ],
        ...,
        [-0.37646247, -0.43168815, -0.51510924, ...,  0.        ,
          0.08527097,  0.37646247],
        [-0.29609357, -0.35319949, -0.44014527, ..., -0.08527097,
          0.        ,  0.29609357],
        [-0.        , -0.06035188, -0.1545384 , ..., -0.37646247,
         -0.29609357,  0.        ]],

       [[ 0.        ,  0.22490779,  0.31573241, ...,  0.72214787,
          0.58316444,  0.25296296],
        [-0.22490779,  0.        ,  0.09424   , ...,  0.85922391,
          0.75092857,  0.46407494],
        [-0.31573241, -0.09424   ,  0.        , ...,  0.9036131 ,
          0.8098211 ,  0.54548699],
        ...,
        [-0.72214787, -0.85922391, -0.9036131 , ...,  0.        ,
          0.18324239,  0.52367644],
        [-0.58316444, -0.75092857, -0.8098211 , ..., -0.18324239,
          0.        ,  0.35870207],
        [-0.25296296, -0.46407494, -0.54548699, ..., -0.52367644,
         -0.35870207,  0.        ]]]), 'num': array([ 9.98700846e-01,  5.07361131e-02,  1.15184050e-05,  1.66018342e-03,
        1.72070043e-03,  1.65614895e-03,  1.21112700e-03, -2.82412733e-05,
        1.66986614e-03,  1.59653969e-03,  1.43099204e-03,  1.31596368e-06,
        1.76330272e-03,  1.42977667e-03])}
{'img': array([[[ 0.        , -0.00906423,  0.20085019, ...,  0.988551  ,
          0.89773272,  0.98622167],
        [ 0.00906423,  0.        ,  0.20972146, ...,  0.98714272,
          0.89370268,  0.98468166],
        [-0.20085019, -0.20972146,  0.        , ...,  0.99871198,
          0.96792134,  0.9993509 ],
        ...,
        [-0.988551  , -0.98714272, -0.99871198, ...,  0.        ,
          0.30004052,  0.01472711],
        [-0.89773272, -0.89370268, -0.96792134, ..., -0.30004052,
          0.        , -0.2859594 ],
        [-0.98622167, -0.98468166, -0.9993509 , ..., -0.01472711,
          0.2859594 ,  0.        ]],

       [[ 0.        , -0.80353482, -0.66808329, ..., -0.91624681,
         -0.85351481, -0.92413643],
        [ 0.80353482,  0.        ,  0.20021765, ..., -0.22349552,
         -0.08936456, -0.24309874],
        [ 0.66808329, -0.20021765,  0.        , ..., -0.41412319,
         -0.28697163, -0.43238777],
        ...,
        [ 0.91624681,  0.22349552,  0.41412319, ...,  0.        ,
          0.13549723, -0.02015854],
        [ 0.85351481,  0.08936456,  0.28697163, ..., -0.13549723,
          0.        , -0.15544233],
        [ 0.92413643,  0.24309874,  0.43238777, ...,  0.02015854,
          0.15544233,  0.        ]],

       [[ 0.        ,  0.33230254,  0.48925834, ...,  0.27815328,
          0.24928813,  0.26124585],
        [-0.33230254,  0.        ,  0.17164121, ...,  0.5815354 ,
          0.55693333,  0.56716242],
        [-0.48925834, -0.17164121,  0.        , ...,  0.71253889,
          0.69122602,  0.70011019],
        ...,
        [-0.27815328, -0.5815354 , -0.71253889, ...,  0.        ,
          0.0299214 ,  0.01755743],
        [-0.24928813, -0.55693333, -0.69122602, ..., -0.0299214 ,
          0.        , -0.01236722],
        [-0.26124585, -0.56716242, -0.70011019, ..., -0.01755743,
          0.01236722,  0.        ]],

       ...,

       [[ 0.        , -0.23334454, -0.07018835, ...,  0.52692767,
          0.78785901,  0.40381537],
        [ 0.23334454,  0.        ,  0.16451831, ...,  0.71070326,
          0.90981602,  0.60614073],
        [ 0.07018835, -0.16451831,  0.        , ...,  0.58528193,
          0.82914185,  0.46703061],
        ...,
        [-0.52692767, -0.71070326, -0.58528193, ...,  0.        ,
          0.34509797, -0.138848  ],
        [-0.78785901, -0.90981602, -0.82914185, ..., -0.34509797,
          0.        , -0.47207335],
        [-0.40381537, -0.60614073, -0.46703061, ...,  0.138848  ,
          0.47207335,  0.        ]],

       [[ 0.        ,  0.14202919,  0.33600006, ...,  0.3322103 ,
          0.15564001,  0.        ],
        [-0.14202919,  0.        ,  0.19882196, ...,  0.4628052 ,
          0.29436061,  0.14202919],
        [-0.33600006, -0.19882196,  0.        , ...,  0.62981329,
          0.47849692,  0.33600006],
        ...,
        [-0.3322103 , -0.4628052 , -0.62981329, ...,  0.        ,
          0.18136144,  0.3322103 ],
        [-0.15564001, -0.29436061, -0.47849692, ..., -0.18136144,
          0.        ,  0.15564001],
