state_0,state_1,state_2,state_3,state_4,state_5,state_6,state_7,state_8,state_9,state_10,state_11,state_12,state_13,state_14,state_15,state_16,state_17,state_18,state_19,state_20,state_21,state_22,state_23,state_24,state_25,state_26,state_27,state_28,state_29,state_30,state_31,state_32,state_33,state_34,state_35,state_36,state_37,state_38,state_39,state_40,state_41,state_42,state_43,state_44,state_45,state_46,state_47,state_48,state_49,state_50,state_51,state_52,state_53,state_54,state_55,state_56,state_57,state_58,state_59,state_60,state_61,state_62,state_63,state_64,state_65,state_66,state_67,state_68,state_69,state_70,state_71,state_72,state_73,state_74,state_75,state_76,state_77,state_78,state_79,state_80,state_81,state_82,state_83,state_84,state_85,state_86,state_87,state_88,state_89,state_90,state_91,state_92,state_93,state_94,state_95,state_96,state_97,state_98,state_99,state_100,state_101,state_102,state_103,state_104,state_105,state_106,state_107,state_108,state_109,state_110,state_111,state_112,state_113,state_114,state_115,state_116,state_117,state_118,state_119,state_120,state_121,state_122,state_123,state_124,state_125,state_126,state_127,state_128,state_129,state_130,state_131,state_132,state_133,state_134,state_135,state_136,state_137,state_138,state_139,state_140,state_141,state_142,state_143,state_144,state_145,state_146,state_147,state_148,state_149,state_150,state_151,state_152,state_153,state_154,state_155,state_156,state_157,state_158,state_159,state_160,state_161,state_162,state_163,state_164,state_165,state_166,state_167,state_168,state_169,state_170,state_171,state_172,state_173,state_174,state_175,state_176,state_177,state_178,state_179,state_180,state_181,state_182,state_183,state_184,state_185,state_186,state_187,state_188,state_189,state_190,state_191,state_192,state_193,state_194,state_195,state_196,state_197,state_198,state_199,state_200,state_201,state_202,state_203,state_204,state_205,state_206,state_207,state_208,state_209,state_210,state_211,state_212,state_213,state_214,state_215,state_216,state_217,state_218,state_219,state_220,state_221,state_222,state_223,state_224,state_225,state_226,state_227,state_228,state_229,state_230,state_231,state_232,state_233,state_234,state_235,state_236,state_237,state_238,state_239,state_240,state_241,state_242,state_243,state_244,state_245,state_246,state_247,state_248,state_249,state_250,state_251,state_252,state_253,state_254,state_255,state_256,state_257,state_258,state_259,state_260,state_261,state_262,state_263,state_264,state_265,state_266,state_267,state_268,state_269,state_270,state_271,state_272,state_273,state_274,state_275,state_276,state_277,state_278,state_279,state_280,state_281,state_282,state_283,state_284,state_285,state_286,state_287
{'img': array([[[ 0.00000000e+00, -2.15031907e-01, -1.63458856e-01, ...,
         -9.96910470e-01, -9.99138694e-01, -9.92432627e-01],
        [ 2.15031907e-01,  0.00000000e+00,  5.25046935e-02, ...,
         -9.90479719e-01, -9.84688707e-01, -9.42812820e-01],
        [ 1.63458856e-01, -5.25046935e-02,  0.00000000e+00, ...,
         -9.96341258e-01, -9.92483226e-01, -9.59013381e-01],
        ...,
        [ 9.96910470e-01,  9.90479719e-01,  9.96341258e-01, ...,
          0.00000000e+00,  3.71113805e-02,  2.00362905e-01],
        [ 9.99138694e-01,  9.84688707e-01,  9.92483226e-01, ...,
         -3.71113805e-02,  0.00000000e+00,  1.63866056e-01],
        [ 9.92432627e-01,  9.42812820e-01,  9.59013381e-01, ...,
         -2.00362905e-01, -1.63866056e-01,  0.00000000e+00]],

       [[ 0.00000000e+00,  3.89021191e-02, -4.94263795e-02, ...,
         -7.49475315e-02, -4.95864002e-02,  7.51324840e-02],
        [-3.89021191e-02,  0.00000000e+00, -8.82435368e-02, ...,
         -1.13683504e-01, -8.84031278e-02,  3.62834460e-02],
        [ 4.94263795e-02,  8.82435368e-02,  0.00000000e+00, ...,
         -2.55685616e-02, -1.60217171e-04,  1.24327334e-01],
        ...,
        [ 7.49475315e-02,  1.13683504e-01,  2.55685616e-02, ...,
          0.00000000e+00,  2.54083965e-02,  1.49656869e-01],
        [ 4.95864002e-02,  8.84031278e-02,  1.60217171e-04, ...,
         -2.54083965e-02,  0.00000000e+00,  1.24486306e-01],
        [-7.51324840e-02, -3.62834460e-02, -1.24327334e-01, ...,
         -1.49656869e-01, -1.24486306e-01,  0.00000000e+00]],

       [[ 0.00000000e+00,  5.62179637e-02,  6.16267305e-02, ...,
         -9.52509289e-01, -9.60986364e-01, -9.84218552e-01],
        [-5.62179637e-02,  0.00000000e+00,  5.41816072e-03, ...,
         -9.33884009e-01, -9.43916933e-01, -9.72713857e-01],
        [-6.16267305e-02, -5.41816072e-03,  0.00000000e+00, ...,
         -9.31932896e-01, -9.42114094e-01, -9.71442522e-01],
        ...,
        [ 9.52509289e-01,  9.33884009e-01,  9.31932896e-01, ...,
          0.00000000e+00,  2.91694870e-02,  1.31150574e-01],
        [ 9.60986364e-01,  9.43916933e-01,  9.42114094e-01, ...,
         -2.91694870e-02,  0.00000000e+00,  1.02177232e-01],
        [ 9.84218552e-01,  9.72713857e-01,  9.71442522e-01, ...,
         -1.31150574e-01, -1.02177232e-01,  0.00000000e+00]],

       ...,

       [[ 0.00000000e+00,  1.68806458e-01,  2.47400339e-01, ...,
         -3.20090372e-01, -3.38958629e-01, -1.60735460e-01],
        [-1.68806458e-01,  0.00000000e+00,  8.02911203e-02, ...,
         -4.75421871e-01, -4.92907639e-01, -3.25040336e-01],
        [-2.47400339e-01, -8.02911203e-02,  0.00000000e+00, ...,
         -5.44523701e-01, -5.61176095e-01, -3.99922254e-01],
        ...,
        [ 3.20090372e-01,  4.75421871e-01,  5.44523701e-01, ...,
          0.00000000e+00, -1.99835719e-02,  1.63649717e-01],
        [ 3.38958629e-01,  4.92907639e-01,  5.61176095e-01, ...,
          1.99835719e-02,  0.00000000e+00,  1.83331201e-01],
        [ 1.60735460e-01,  3.25040336e-01,  3.99922254e-01, ...,
         -1.63649717e-01, -1.83331201e-01,  0.00000000e+00]],

       [[ 0.00000000e+00,  6.07548947e-02,  1.35598884e-01, ...,
         -6.27622435e-01, -5.32119131e-01, -7.28523634e-01],
        [-6.07548947e-02,  0.00000000e+00,  7.51546425e-02, ...,
         -5.79164266e-01, -4.79696839e-01, -6.85559484e-01],
        [-1.35598884e-01, -7.51546425e-02,  0.00000000e+00, ...,
         -5.16259445e-01, -4.12396944e-01, -6.28906819e-01],
        ...,
        [ 6.27622435e-01,  5.79164266e-01,  5.16259445e-01, ...,
          0.00000000e+00, -1.17124514e-01,  1.37234331e-01],
        [ 5.32119131e-01,  4.79696839e-01,  4.12396944e-01, ...,
          1.17124514e-01,  0.00000000e+00,  2.52306133e-01],
        [ 7.28523634e-01,  6.85559484e-01,  6.28906819e-01, ...,
         -1.37234331e-01, -2.52306133e-01,  0.00000000e+00]],

       [[ 0.00000000e+00,  2.59992222e-02,  3.24208886e-02, ...,
         -9.35323956e-01, -9.33881008e-01, -9.42837634e-01],
        [-2.59992222e-02,  0.00000000e+00,  6.42437458e-03, ...,
         -9.44206111e-01, -9.42862225e-01, -9.51183224e-01],
        [-3.24208886e-02, -6.42437458e-03,  0.00000000e+00, ...,
         -9.46302527e-01, -9.44983260e-01, -9.53146329e-01],
        ...,
        [ 9.35323956e-01,  9.44206111e-01,  9.46302527e-01, ...,
          0.00000000e+00,  4.05676301e-03, -2.18698335e-02],
        [ 9.33881008e-01,  9.42862225e-01,  9.44983260e-01, ...,
         -4.05676301e-03,  0.00000000e+00, -2.59254462e-02],
        [ 9.42837634e-01,  9.51183224e-01,  9.53146329e-01, ...,
          2.18698335e-02,  2.59254462e-02,  0.00000000e+00]]]), 'num': array([ 9.93636450e-01,  1.00715399e-01,  2.39389022e-04,  2.04329760e-03,
        2.04603660e-03,  1.98851750e-03,  5.01029719e-02, -2.73900483e-06,
        2.01755095e-03,  1.97372688e-03,  2.13573901e-03,  2.92384564e-05,
        2.05742398e-03,  1.89002977e-03])}
{'img': array([[[ 0.00000000e+00,  5.25046935e-02, -4.93168138e-02, ...,
         -9.84688707e-01, -9.42812820e-01, -9.46545761e-01],
        [-5.25046935e-02,  0.00000000e+00, -1.01689595e-01, ...,
         -9.92483226e-01, -9.59013381e-01, -9.62176585e-01],
        [ 4.93168138e-02,  1.01689595e-01,  0.00000000e+00, ...,
         -9.74893520e-01, -9.25227181e-01, -9.29485887e-01],
        ...,
        [ 9.84688707e-01,  9.92483226e-01,  9.74893520e-01, ...,
          0.00000000e+00,  1.63866056e-01,  1.52626884e-01],
        [ 9.42812820e-01,  9.59013381e-01,  9.25227181e-01, ...,
         -1.63866056e-01,  0.00000000e+00, -1.13824166e-02],
        [ 9.46545761e-01,  9.62176585e-01,  9.29485887e-01, ...,
         -1.52626884e-01,  1.13824166e-02,  0.00000000e+00]],

       [[ 0.00000000e+00, -8.82435368e-02, -3.23171874e-02, ...,
         -8.84031278e-02,  3.62834460e-02,  3.47139646e-02],
        [ 8.82435368e-02,  0.00000000e+00,  5.60063282e-02, ...,
         -1.60217171e-04,  1.24327334e-01,  1.22768894e-01],
        [ 3.23171874e-02, -5.60063282e-02,  0.00000000e+00, ...,
         -5.61662932e-02,  6.85604016e-02,  6.69935416e-02],
        ...,
        [ 8.84031278e-02,  1.60217171e-04,  5.61662932e-02, ...,
          0.00000000e+00,  1.24486306e-01,  1.22927898e-01],
        [-3.62834460e-02, -1.24327334e-01, -6.85604016e-02, ...,
         -1.24486306e-01,  0.00000000e+00, -1.57047078e-03],
        [-3.47139646e-02, -1.22768894e-01, -6.69935416e-02, ...,
         -1.22927898e-01,  1.57047078e-03,  0.00000000e+00]],

       [[ 0.00000000e+00,  5.41816072e-03, -3.64391682e-02, ...,
         -9.43916933e-01, -9.72713857e-01, -9.89771584e-01],
        [-5.41816072e-03,  0.00000000e+00, -4.18531957e-02, ...,
         -9.42114094e-01, -9.71442522e-01, -9.88984094e-01],
        [ 3.64391682e-02,  4.18531957e-02,  0.00000000e+00, ...,
         -9.55321647e-01, -9.80522033e-01, -9.94312704e-01],
        ...,
        [ 9.43916933e-01,  9.42114094e-01,  9.55321647e-01, ...,
          0.00000000e+00,  1.02177232e-01,  1.92145462e-01],
        [ 9.72713857e-01,  9.71442522e-01,  9.80522033e-01, ...,
         -1.02177232e-01,  0.00000000e+00,  9.08665046e-02],
        [ 9.89771584e-01,  9.88984094e-01,  9.94312704e-01, ...,
         -1.92145462e-01, -9.08665046e-02,  0.00000000e+00]],

       ...,

       [[ 0.00000000e+00,  8.02911203e-02,  5.38763884e-01, ...,
         -4.92907639e-01, -3.25040336e-01, -5.06660174e-01],
        [-8.02911203e-02,  0.00000000e+00,  4.69382660e-01, ...,
         -5.61176095e-01, -3.99922254e-01, -5.74247055e-01],
        [-5.38763884e-01, -4.69382660e-01,  0.00000000e+00, ...,
         -8.84021961e-01, -7.83341532e-01, -8.91332361e-01],
        ...,
        [ 4.92907639e-01,  5.61176095e-01,  8.84021961e-01, ...,
          0.00000000e+00,  1.83331201e-01, -1.58774387e-02],
        [ 3.25040336e-01,  3.99922254e-01,  7.83341532e-01, ...,
         -1.83331201e-01,  0.00000000e+00, -1.98916427e-01],
        [ 5.06660174e-01,  5.74247055e-01,  8.91332361e-01, ...,
          1.58774387e-02,  1.98916427e-01,  0.00000000e+00]],

       [[ 0.00000000e+00,  7.51546425e-02,  1.16717441e-01, ...,
         -4.79696839e-01, -6.85559484e-01, -7.79295627e-01],
        [-7.51546425e-02,  0.00000000e+00,  4.17463785e-02, ...,
         -4.12396944e-01, -6.28906819e-01, -7.29995551e-01],
        [-1.16717441e-01, -4.17463785e-02,  0.00000000e+00, ...,
         -3.74006304e-01, -5.95901560e-01, -7.00827528e-01],
        ...,
        [ 4.79696839e-01,  4.12396944e-01,  3.74006304e-01, ...,
          0.00000000e+00,  2.52306133e-01,  3.83175583e-01],
        [ 6.85559484e-01,  6.28906819e-01,  5.95901560e-01, ...,
         -2.52306133e-01,  0.00000000e+00,  1.37729881e-01],
        [ 7.79295627e-01,  7.29995551e-01,  7.00827528e-01, ...,
         -3.83175583e-01, -1.37729881e-01,  0.00000000e+00]],

       [[ 0.00000000e+00,  6.42437458e-03,  4.50358224e-02, ...,
         -9.42862225e-01, -9.51183224e-01, -9.58725726e-01],
        [-6.42437458e-03,  0.00000000e+00,  3.86170368e-02, ...,
         -9.44983260e-01, -9.53146329e-01, -9.60532600e-01],
        [-4.50358224e-02, -3.86170368e-02,  0.00000000e+00, ...,
         -9.56910736e-01, -9.64117387e-01, -9.70558125e-01],
        ...,
        [ 9.42862225e-01,  9.44983260e-01,  9.56910736e-01, ...,
          0.00000000e+00, -2.59254462e-02, -5.13445934e-02],
        [ 9.51183224e-01,  9.53146329e-01,  9.64117387e-01, ...,
          2.59254462e-02,  0.00000000e+00, -2.54360849e-02],
        [ 9.58725726e-01,  9.60532600e-01,  9.70558125e-01, ...,
          5.13445934e-02,  2.54360849e-02,  0.00000000e+00]]]), 'num': array([ 7.65309170e-01,  6.43662664e-01,  3.30112635e-05,  3.53212851e-05,
        3.60401715e-05,  3.53212851e-05,  4.86772360e-04, -4.31331840e-07,
        3.53979664e-05,  3.45688507e-05,  3.72790524e-05,  5.75109120e-07,
        3.60725591e-05,  3.30651423e-05])}
{'img': array([[[ 0.        , -0.1016896 ,  0.03720988, ..., -0.95901338,
         -0.96217658, -0.98541055],
        [ 0.1016896 ,  0.        ,  0.13863616, ..., -0.92522718,
         -0.92948589, -0.96299538],
        [-0.03720988, -0.13863616,  0.        , ..., -0.96889306,
         -0.97164721, -0.99106103],
        ...,
        [ 0.95901338,  0.92522718,  0.96889306, ...,  0.        ,
         -0.01138242, -0.11600825],
        [ 0.96217658,  0.92948589,  0.97164721, ...,  0.01138242,
          0.        , -0.10469517],
        [ 0.98541055,  0.96299538,  0.99106103, ...,  0.11600825,
          0.10469517,  0.        ]],

       [[ 0.        ,  0.05600633, -0.09332701, ...,  0.12432733,
          0.12276889,  0.03498304],
        [-0.05600633,  0.        , -0.14894241, ...,  0.0685604 ,
          0.06699354, -0.02104392],
        [ 0.09332701,  0.14894241,  0.        , ...,  0.21638762,
          0.21485409,  0.12810024],
        ...,
        [-0.12432733, -0.0685604 , -0.21638762, ...,  0.        ,
         -0.00157047, -0.08953962],
        [-0.12276889, -0.06699354, -0.21485409, ...,  0.00157047,
          0.        , -0.08797535],
        [-0.03498304,  0.02104392, -0.12810024, ...,  0.08953962,
          0.08797535,  0.        ]],

       [[ 0.        , -0.0418532 , -0.0418532 , ..., -0.97144252,
         -0.98898409, -0.99297917],
        [ 0.0418532 ,  0.        ,  0.        , ..., -0.98052203,
         -0.9943127 , -0.99705988],
        [ 0.0418532 ,  0.        ,  0.        , ..., -0.98052203,
         -0.9943127 , -0.99705988],
        ...,
        [ 0.97144252,  0.98052203,  0.98052203, ...,  0.        ,
          0.0908665 ,  0.12069788],
        [ 0.98898409,  0.9943127 ,  0.9943127 , ..., -0.0908665 ,
          0.        ,  0.02999636],
        [ 0.99297917,  0.99705988,  0.99705988, ..., -0.12069788,
         -0.02999636,  0.        ]],

       ...,

       [[ 0.        ,  0.46938266,  0.60370559, ..., -0.39992225,
         -0.57424706, -0.34501025],
        [-0.46938266,  0.        ,  0.15887362, ..., -0.78334153,
         -0.89133236, -0.74520433],
        [-0.60370559, -0.15887362,  0.        , ..., -0.87214676,
         -0.95203691, -0.84168212],
        ...,
        [ 0.39992225,  0.78334153,  0.87214676, ...,  0.        ,
         -0.19891643,  0.05914777],
        [ 0.57424706,  0.89133236,  0.95203691, ...,  0.19891643,
          0.        ,  0.25653396],
        [ 0.34501025,  0.74520433,  0.84168212, ..., -0.05914777,
         -0.25653396,  0.        ]],

       [[ 0.        ,  0.04174638,  0.12966824, ..., -0.62890682,
         -0.72999555, -0.76450168],
        [-0.04174638,  0.        ,  0.08816127, ..., -0.59590156,
         -0.70082753, -0.7369246 ],
        [-0.12966824, -0.08816127,  0.        , ..., -0.52278268,
         -0.63521051, -0.67446036],
        ...,
        [ 0.62890682,  0.59590156,  0.52278268, ...,  0.        ,
          0.13772988,  0.18897828],
        [ 0.72999555,  0.70082753,  0.63521051, ..., -0.13772988,
          0.        ,  0.05192913],
        [ 0.76450168,  0.7369246 ,  0.67446036, ..., -0.18897828,
         -0.05192913,  0.        ]],

       [[ 0.        ,  0.03861704,  0.06657289, ..., -0.95314633,
         -0.9605326 , -0.96126747],
        [-0.03861704,  0.        ,  0.02799187, ..., -0.96411739,
         -0.97055813, -0.97119397],
        [-0.06657289, -0.02799187,  0.        , ..., -0.97117078,
         -0.97692013, -0.9774836 ],
        ...,
        [ 0.95314633,  0.96411739,  0.97117078, ...,  0.        ,
         -0.02543608, -0.02808913],
        [ 0.9605326 ,  0.97055813,  0.97692013, ...,  0.02543608,
          0.        , -0.00265399],
        [ 0.96126747,  0.97119397,  0.9774836 , ...,  0.02808913,
          0.00265399,  0.        ]]]), 'num': array([8.31158832e-01, 5.56034882e-01, 7.35625533e-05, 3.87443951e-05,
       3.89515844e-05, 3.81746246e-05, 4.35418628e-04, 5.69770516e-07,
       3.84439706e-05, 3.74701810e-05, 4.01990365e-05, 6.50786836e-07,
       3.91586147e-05, 3.57817473e-05])}
{'img': array([[[ 0.        ,  0.13863616,  0.1578195 , ..., -0.92948589,
         -0.96299538, -0.9208666 ],
        [-0.13863616,  0.        ,  0.01939673, ..., -0.97164721,
         -0.99106103, -0.96602531],
        [-0.1578195 , -0.01939673,  0.        , ..., -0.97605048,
         -0.99346228, -0.9708566 ],
        ...,
        [ 0.92948589,  0.97164721,  0.97605048, ...,  0.        ,
         -0.10469517,  0.0227172 ],
        [ 0.96299538,  0.99106103,  0.99346228, ...,  0.10469517,
          0.        ,  0.1272605 ],
        [ 0.9208666 ,  0.96602531,  0.9708566 , ..., -0.0227172 ,
         -0.1272605 ,  0.        ]],

       [[ 0.        , -0.14894241, -0.07978465, ...,  0.06699354,
         -0.02104392, -0.04634033],
        [ 0.14894241,  0.        ,  0.06957288, ...,  0.21485409,
          0.12810024,  0.10295896],
        [ 0.07978465, -0.06957288,  0.        , ...,  0.14638538,
          0.05879015,  0.03350634],
        ...,
        [-0.06699354, -0.21485409, -0.14638538, ...,  0.        ,
         -0.08797535, -0.11315779],
        [ 0.02104392, -0.12810024, -0.05879015, ...,  0.08797535,
          0.        , -0.02530876],
        [ 0.04634033, -0.10295896, -0.03350634, ...,  0.11315779,
          0.02530876,  0.        ]],

       [[ 0.        ,  0.        , -0.0246445 , ..., -0.9943127 ,
         -0.99705988, -0.99970846],
        [ 0.        ,  0.        , -0.0246445 , ..., -0.9943127 ,
         -0.99705988, -0.99970846],
        [ 0.0246445 ,  0.0246445 ,  0.        , ..., -0.99663535,
         -0.99864547, -0.99999988],
        ...,
        [ 0.9943127 ,  0.9943127 ,  0.99663535, ...,  0.        ,
          0.02999636,  0.08246107],
        [ 0.99705988,  0.99705988,  0.99864547, ..., -0.02999636,
          0.        ,  0.05252977],
        [ 0.99970846,  0.99970846,  0.99999988, ..., -0.08246107,
         -0.05252977,  0.        ]],

       ...,

       [[ 0.        ,  0.15887362, -0.70638123, ..., -0.89133236,
         -0.74520433, -0.65734828],
        [-0.15887362,  0.        , -0.8098652 , ..., -0.95203691,
         -0.84168212, -0.76872433],
        [ 0.70638123,  0.8098652 ,  0.        , ..., -0.31067496,
         -0.05643861,  0.06702777],
        ...,
        [ 0.89133236,  0.95203691,  0.31067496, ...,  0.        ,
          0.25653396,  0.37368727],
        [ 0.74520433,  0.84168212,  0.05643861, ..., -0.25653396,
          0.        ,  0.12323262],
        [ 0.65734828,  0.76872433, -0.06702777, ..., -0.37368727,
         -0.12323262,  0.        ]],

       [[ 0.        ,  0.08816127,  0.21075068, ..., -0.70082753,
         -0.7369246 , -0.79928054],
        [-0.08816127,  0.        ,  0.12374891, ..., -0.63521051,
         -0.67446036, -0.74318709],
        [-0.21075068, -0.12374891,  0.        , ..., -0.53475189,
         -0.57791097, -0.65467625],
        ...,
        [ 0.70082753,  0.63521051,  0.53475189, ...,  0.        ,
          0.05192913,  0.14898343],
        [ 0.7369246 ,  0.67446036,  0.57791097, ..., -0.05192913,
          0.        ,  0.09743283],
        [ 0.79928054,  0.74318709,  0.65467625, ..., -0.14898343,
         -0.09743283,  0.        ]],

       [[ 0.        ,  0.02799187,  0.03532158, ..., -0.97055813,
         -0.97119397, -0.9663697 ],
        [-0.02799187,  0.        ,  0.00733334, ..., -0.97692013,
         -0.9774836 , -0.97318932],
        [-0.03532158, -0.00733334,  0.        , ..., -0.9784603 ,
         -0.97900473, -0.97484986],
        ...,
        [ 0.97055813,  0.97692013,  0.9784603 , ...,  0.        ,
         -0.00265399,  0.016819  ],
        [ 0.97119397,  0.9774836 ,  0.97900473, ...,  0.00265399,
          0.        ,  0.01947256],
        [ 0.9663697 ,  0.97318932,  0.97484986, ..., -0.016819  ,
         -0.01947256,  0.        ]]]), 'num': array([9.72457650e-01, 2.32338031e-01, 1.93748591e-04, 4.55654509e-05,
       4.89053268e-05, 4.37165909e-05, 1.85770105e-02, 9.54250280e-07,
       4.46350568e-05, 4.32901604e-05, 4.62026117e-05, 9.12621912e-07,
       4.54848307e-05, 4.10954901e-05])}
{'img': array([[[ 0.        ,  0.01939673, -0.12264106, ..., -0.99106103,
         -0.96602531, -0.90560581],
        [-0.01939673,  0.        , -0.14186829, ..., -0.99346228,
         -0.9708566 , -0.91366199],
        [ 0.12264106,  0.14186829,  0.        , ..., -0.96721815,
         -0.9270366 , -0.84675491],
        ...,
        [ 0.99106103,  0.99346228,  0.96721815, ...,  0.        ,
          0.1272605 ,  0.29951298],
        [ 0.96602531,  0.9708566 ,  0.9270366 , ..., -0.1272605 ,
          0.        ,  0.17565949],
        [ 0.90560581,  0.91366199,  0.84675491, ..., -0.29951298,
         -0.17565949,  0.        ]],

       [[ 0.        ,  0.06957288,  0.00692007, ...,  0.12810024,
          0.10295896,  0.95048139],
        [-0.06957288,  0.        , -0.06266791, ...,  0.05879015,
          0.03350634,  0.92655629],
        [-0.00692007,  0.06266791,  0.        , ...,  0.12123411,
          0.0960732 ,  0.94830801],
        ...,
        [-0.12810024, -0.05879015, -0.12123411, ...,  0.        ,
         -0.02530876,  0.90283941],
        [-0.10295896, -0.03350634, -0.0960732 , ...,  0.02530876,
          0.        ,  0.91343242],
        [-0.95048139, -0.92655629, -0.94830801, ..., -0.90283941,
         -0.91343242,  0.        ]],

       [[ 0.        , -0.0246445 , -0.03421716, ..., -0.99705988,
         -0.99970846, -0.99803055],
        [ 0.0246445 ,  0.        , -0.0095767 , ..., -0.99864547,
         -0.99999988, -0.99618148],
        [ 0.03421716,  0.0095767 ,  0.        , ..., -0.99909796,
         -0.99994923, -0.99529968],
        ...,
        [ 0.99705988,  0.99864547,  0.99909796, ...,  0.        ,
          0.05252977,  0.13902077],
        [ 0.99970846,  0.99999988,  0.99994923, ..., -0.05252977,
          0.        ,  0.08680916],
        [ 0.99803055,  0.99618148,  0.99529968, ..., -0.13902077,
         -0.08680916,  0.        ]],

       ...,

       [[ 0.        , -0.5371949 , -0.74364238, ..., -0.57857441,
         -0.48703575,  0.46729731],
        [ 0.5371949 ,  0.        , -0.26807475, ..., -0.04985123,
          0.0583821 ,  0.86907986],
        [ 0.74364238,  0.26807475,  0.        , ...,  0.21971486,
          0.3238627 ,  0.96987892],
        ...,
        [ 0.57857441,  0.04985123, -0.21971486, ...,  0.        ,
          0.10807572,  0.89265929],
        [ 0.48703575, -0.0583821 , -0.3238627 , ..., -0.10807572,
          0.        ,  0.83871749],
        [-0.46729731, -0.86907986, -0.96987892, ..., -0.89265929,
         -0.83871749,  0.        ]],

       [[ 0.        ,  0.12374891,  0.29078694, ..., -0.67446036,
         -0.74318709, -0.83978866],
        [-0.12374891,  0.        ,  0.17015037, ..., -0.57791097,
         -0.65467625, -0.76614873],
        [-0.29078694, -0.17015037,  0.        , ..., -0.43062425,
         -0.51651157, -0.64562744],
        ...,
        [ 0.67446036,  0.57791097,  0.43062425, ...,  0.        ,
          0.09743283,  0.25385166],
        [ 0.74318709,  0.65467625,  0.51651157, ..., -0.09743283,
          0.        ,  0.15840262],
        [ 0.83978866,  0.76614873,  0.64562744, ..., -0.25385166,
         -0.15840262,  0.        ]],

       [[ 0.        ,  0.00733334,  0.03246666, ..., -0.9774836 ,
         -0.97318932, -0.98149059],
        [-0.00733334,  0.        ,  0.02513631, ..., -0.97900473,
         -0.97484986, -0.98286861],
        [-0.03246666, -0.02513631,  0.        , ..., -0.98381912,
         -0.98014379, -0.98719087],
        ...,
        [ 0.9774836 ,  0.97900473,  0.98381912, ...,  0.        ,
          0.01947256, -0.01990749],
        [ 0.97318932,  0.97484986,  0.98014379, ..., -0.01947256,
          0.        , -0.03937242],
        [ 0.98149059,  0.98286861,  0.98719087, ...,  0.01990749,
          0.03937242,  0.        ]]]), 'num': array([ 9.99910618e-01,  1.33228177e-02,  2.62041916e-04,  4.68443005e-05,
        4.74041926e-05,  4.58489369e-05,  1.08249527e-03, -6.84312491e-07,
        4.66327857e-05,  4.52579397e-05,  4.80864314e-05,  8.46750304e-07,
        4.76542854e-05,  4.28615941e-05])}
{'img': array([[[ 0.        , -0.14186829, -0.1578195 , ..., -0.9708566 ,
         -0.91366199, -0.95590376],
        [ 0.14186829,  0.        , -0.01613285, ..., -0.9270366 ,
         -0.84675491, -0.90457141],
        [ 0.1578195 ,  0.01613285,  0.        , ..., -0.9208666 ,
         -0.8380623 , -0.8975759 ],
        ...,
        [ 0.9708566 ,  0.9270366 ,  0.9208666 , ...,  0.        ,
          0.17565949,  0.0560283 ],
        [ 0.91366199,  0.84675491,  0.8380623 , ..., -0.17565949,
          0.        , -0.12022645],
        [ 0.95590376,  0.90457141,  0.8975759 , ..., -0.0560283 ,
          0.12022645,  0.        ]],

       [[ 0.        , -0.06266791, -0.0369816 , ...,  0.03350634,
          0.92655629,  0.13825487],
        [ 0.06266791,  0.        ,  0.02571613, ...,  0.0960732 ,
          0.94830801,  0.20004921],
        [ 0.0369816 , -0.02571613,  0.        , ...,  0.07044426,
          0.93983334,  0.17478676],
        ...,
        [-0.03350634, -0.0960732 , -0.07044426, ...,  0.        ,
          0.91343242,  0.10499268],
        [-0.92655629, -0.94830801, -0.93983334, ..., -0.91343242,
          0.        , -0.86565286],
        [-0.13825487, -0.20004921, -0.17478676, ..., -0.10499268,
          0.86565286,  0.        ]],

       [[ 0.        , -0.0095767 , -0.03743737, ..., -0.99999988,
         -0.99618148, -0.99461728],
        [ 0.0095767 ,  0.        , -0.02786567, ..., -0.99994923,
         -0.99529968, -0.99357936],
        [ 0.03743737,  0.02786567,  0.        , ..., -0.99928015,
         -0.9922146 , -0.99004089],
        ...,
        [ 0.99999988,  0.99994923,  0.99928015, ...,  0.        ,
          0.08680916,  0.10312011],
        [ 0.99618148,  0.99529968,  0.9922146 , ..., -0.08680916,
          0.        ,  0.01638446],
        [ 0.99461728,  0.99357936,  0.99004089, ..., -0.10312011,
         -0.01638446,  0.        ]],

       ...,

       [[ 0.        , -0.26807475, -0.23357739, ...,  0.0583821 ,
          0.86907986,  0.28069329],
        [ 0.26807475,  0.        ,  0.03563131, ...,  0.3238627 ,
          0.96987892,  0.52771687],
        [ 0.23357739, -0.03563131,  0.        , ...,  0.28994613,
          0.96058371,  0.49711581],
        ...,
        [-0.0583821 , -0.3238627 , -0.28994613, ...,  0.        ,
          0.83871749,  0.22417952],
        [-0.86907986, -0.96987892, -0.96058371, ..., -0.83871749,
          0.        , -0.69528963],
        [-0.28069329, -0.52771687, -0.49711581, ..., -0.22417952,
          0.69528963,  0.        ]],

       [[ 0.        ,  0.17015037,  0.0286247 , ..., -0.65467625,
         -0.76614873, -0.80916365],
        [-0.17015037,  0.        , -0.14187335, ..., -0.51651157,
         -0.64562744, -0.69738699],
        [-0.0286247 ,  0.14187335,  0.        , ..., -0.6327703 ,
         -0.74743874, -0.79201268],
        ...,
        [ 0.65467625,  0.51651157,  0.6327703 , ...,  0.        ,
          0.15840262,  0.22697755],
        [ 0.76614873,  0.64562744,  0.74743874, ..., -0.15840262,
          0.        ,  0.06984355],
        [ 0.80916365,  0.69738699,  0.79201268, ..., -0.22697755,
         -0.06984355,  0.        ]],

       [[ 0.        ,  0.02513631,  0.10169583, ..., -0.97484986,
         -0.98286861, -0.98317468],
        [-0.02513631,  0.        ,  0.07665771, ..., -0.98014379,
         -0.98719087, -0.98745562],
        [-0.10169583, -0.07665771,  0.        , ..., -0.99245999,
         -0.99651628, -0.99665401],
        ...,
        [ 0.97484986,  0.98014379,  0.99245999, ...,  0.        ,
         -0.03937242, -0.04103911],
        [ 0.98286861,  0.98719087,  0.99651628, ...,  0.03937242,
          0.        , -0.00166804],
        [ 0.98317468,  0.98745562,  0.99665401, ...,  0.04103911,
          0.00166804,  0.        ]]]), 'num': array([ 9.99910164e-01,  1.33753895e-02,  2.63075933e-04,  4.68417810e-05,
        4.77786166e-05,  4.68417810e-05,  8.21842171e-04, -1.87367124e-07,
        4.68667633e-05,  4.55427023e-05,  4.81648011e-05,  8.02350702e-07,
        4.79992370e-05,  4.30861676e-05])}
{'img': array([[[ 0.        , -0.01613285,  0.37846692, ..., -0.84675491,
         -0.90457141, -0.91834905],
        [ 0.01613285,  0.        ,  0.39335047, ..., -0.8380623 ,
         -0.8975759 , -0.91184461],
        [-0.37846692, -0.39335047,  0.        , ..., -0.98510693,
         -0.99863353, -0.99982388],
        ...,
        [ 0.84675491,  0.8380623 ,  0.98510693, ...,  0.        ,
         -0.12022645, -0.15342487],
        [ 0.90457141,  0.8975759 ,  0.99863353, ...,  0.12022645,
          0.        , -0.033509  ],
        [ 0.91834905,  0.91184461,  0.99982388, ...,  0.15342487,
          0.033509  ,  0.        ]],

       [[ 0.        ,  0.02571613,  0.12995487, ...,  0.94830801,
          0.20004921,  0.15753622],
        [-0.02571613,  0.        ,  0.10441384, ...,  0.93983334,
          0.17478676,  0.13208911],
        [-0.12995487, -0.10441384,  0.        , ...,  0.89902491,
          0.07102483,  0.02786815],
        ...,
        [-0.94830801, -0.93983334, -0.89902491, ...,  0.        ,
         -0.86565286, -0.88647234],
        [-0.20004921, -0.17478676, -0.07102483, ...,  0.86565286,
          0.        , -0.04319948],
        [-0.15753622, -0.13208911, -0.02786815, ...,  0.88647234,
          0.04319948,  0.        ]],

       [[ 0.        , -0.02786567,  0.06526284, ..., -0.99529968,
         -0.99357936, -0.9922928 ],
        [ 0.02786567,  0.        ,  0.09304376, ..., -0.9922146 ,
         -0.99004089, -0.98845449],
        [-0.06526284, -0.09304376,  0.        , ..., -0.99949805,
         -0.99884482, -0.9982644 ],
        ...,
        [ 0.99529968,  0.9922146 ,  0.99949805, ...,  0.        ,
          0.01638446,  0.02723637],
        [ 0.99357936,  0.99004089,  0.99884482, ..., -0.01638446,
          0.        ,  0.01085434],
        [ 0.9922928 ,  0.98845449,  0.9982644 , ..., -0.02723637,
         -0.01085434,  0.        ]],

       ...,

       [[ 0.        ,  0.03563131, -0.02644756, ...,  0.96987892,
          0.52771687,  0.37736657],
        [-0.03563131,  0.        , -0.06204961, ...,  0.96058371,
          0.49711581,  0.34413008],
        [ 0.02644756,  0.06204961,  0.        , ...,  0.97598195,
          0.54999737,  0.40172671],
        ...,
        [-0.96987892, -0.96058371, -0.97598195, ...,  0.        ,
         -0.69528963, -0.80624813],
        [-0.52771687, -0.49711581, -0.54999737, ...,  0.69528963,
          0.        , -0.16815673],
        [-0.37736657, -0.34413008, -0.40172671, ...,  0.80624813,
          0.16815673,  0.        ]],

       [[ 0.        , -0.14187335, -0.10524839, ..., -0.64562744,
         -0.69738699, -0.73162456],
        [ 0.14187335,  0.        ,  0.0369016 , ..., -0.74743874,
         -0.79201268, -0.82094021],
        [ 0.10524839, -0.0369016 ,  0.        , ..., -0.7224148 ,
         -0.76894465, -0.79930974],
        ...,
        [ 0.64562744,  0.74743874,  0.7224148 , ...,  0.        ,
          0.06984355,  0.11857771],
        [ 0.69738699,  0.79201268,  0.76894465, ..., -0.06984355,
          0.        ,  0.04893735],
        [ 0.73162456,  0.82094021,  0.79930974, ..., -0.11857771,
         -0.04893735,  0.        ]],

       [[ 0.        ,  0.07665771,  0.17146374, ..., -0.98719087,
         -0.98745562, -0.98404666],
        [-0.07665771,  0.        ,  0.09543676, ..., -0.99651628,
         -0.99665401, -0.99478929],
        [-0.17146374, -0.09543676,  0.        , ..., -0.99992696,
         -0.9999054 , -0.99997857],
        ...,
        [ 0.98719087,  0.99651628,  0.99992696, ...,  0.        ,
         -0.00166804,  0.01863325],
        [ 0.98745562,  0.99665401,  0.9999054 , ...,  0.00166804,
          0.        ,  0.02030098],
        [ 0.98404666,  0.99478929,  0.99997857, ..., -0.01863325,
         -0.02030098,  0.        ]]]), 'num': array([9.99984475e-01, 5.38301671e-03, 2.63820009e-04, 4.68466598e-05,
       4.85863235e-05, 4.66602672e-05, 1.40923948e-03, 2.48523394e-07,
       4.68342336e-05, 4.53648390e-05, 4.78159010e-05, 6.89087592e-07,
       4.78960211e-05, 4.28336569e-05])}
{'img': array([[[ 0.        ,  0.39335047,  0.668941  , ..., -0.8975759 ,
         -0.91184461, -0.89262745],
        [-0.39335047,  0.        ,  0.32263322, ..., -0.99863353,
         -0.99982388, -0.99799198],
        [-0.668941  , -0.32263322,  0.        , ..., -0.96209139,
         -0.95241227, -0.96505916],
        ...,
        [ 0.8975759 ,  0.99863353,  0.96209139, ...,  0.        ,
         -0.033509  ,  0.01109914],
        [ 0.91184461,  0.99982388,  0.95241227, ...,  0.033509  ,
          0.        ,  0.04459984],
        [ 0.89262745,  0.99799198,  0.96505916, ..., -0.01109914,
         -0.04459984,  0.        ]],

       [[ 0.        ,  0.10441384,  0.14503326, ...,  0.17478676,
          0.13208911,  0.21939524],
        [-0.10441384,  0.        ,  0.04093065, ...,  0.07102483,
          0.02786815,  0.1163261 ],
        [-0.14503326, -0.04093065,  0.        , ...,  0.03013804,
         -0.01306995,  0.07557585],
        ...,
        [-0.17478676, -0.07102483, -0.03013804, ...,  0.        ,
         -0.04319948,  0.04548968],
        [-0.13208911, -0.02786815,  0.01306995, ...,  0.04319948,
          0.        ,  0.08860197],
        [-0.21939524, -0.1163261 , -0.07557585, ..., -0.04548968,
         -0.08860197,  0.        ]],

       [[ 0.        ,  0.09304376,  0.18601619, ..., -0.99004089,
         -0.98845449, -0.98052649],
        [-0.09304376,  0.        ,  0.09378941, ..., -0.99884482,
         -0.9982644 , -0.99454556],
        [-0.18601619, -0.09378941,  0.        , ..., -0.99894877,
         -0.99938749, -0.99994418],
        ...,
        [ 0.99004089,  0.99884482,  0.99894877, ...,  0.        ,
          0.01085434,  0.05639239],
        [ 0.98845449,  0.9982644 ,  0.99938749, ..., -0.01085434,
          0.        ,  0.045552  ],
        [ 0.98052649,  0.99454556,  0.99994418, ..., -0.05639239,
         -0.045552  ,  0.        ]],

       ...,

       [[ 0.        , -0.06204961,  0.11239551, ...,  0.49711581,
          0.34413008,  0.02247609],
        [ 0.06204961,  0.        ,  0.17383537, ...,  0.54999737,
          0.40172671,  0.08446672],
        [-0.11239551, -0.17383537,  0.        , ...,  0.39644205,
          0.2364189 , -0.09003345],
        ...,
        [-0.49711581, -0.54999737, -0.39644205, ...,  0.        ,
         -0.16815673, -0.47748808],
        [-0.34413008, -0.40172671, -0.2364189 , ...,  0.16815673,
          0.        , -0.32293985],
        [-0.02247609, -0.08446672,  0.09003345, ...,  0.47748808,
          0.32293985,  0.        ]],

       [[ 0.        ,  0.09553416, -0.28227083, ..., -0.76339687,
         -0.79414104, -0.82013472],
        [-0.09553416,  0.        , -0.37262901, ..., -0.69819685,
         -0.73244945, -0.76172173],
        [ 0.28227083,  0.37262901,  0.        , ..., -0.91468027,
         -0.93339254, -0.94829078],
        ...,
        [ 0.76339687,  0.69819685,  0.91468027, ...,  0.        ,
          0.04901745,  0.09295626],
        [ 0.79414104,  0.73244945,  0.93339254, ..., -0.04901745,
          0.        ,  0.0440393 ],
        [ 0.82013472,  0.76172173,  0.94829078, ..., -0.09295626,
         -0.0440393 ,  0.        ]],

       [[ 0.        ,  0.09543676,  0.32493773, ..., -0.99665401,
         -0.99478929, -0.99579355],
        [-0.09543676,  0.        ,  0.23319663, ..., -0.9999054 ,
         -0.99997857, -0.99999267],
        [-0.32493773, -0.23319663,  0.        , ..., -0.96913013,
         -0.9739356 , -0.97152977],
        ...,
        [ 0.99665401,  0.9999054 ,  0.96913013, ...,  0.        ,
          0.02030098,  0.00992655],
        [ 0.99478929,  0.99997857,  0.9739356 , ..., -0.02030098,
          0.        , -0.01037548],
        [ 0.99579355,  0.99999267,  0.97152977, ..., -0.00992655,
          0.01037548,  0.        ]]]), 'num': array([9.99985141e-01, 5.23792178e-03, 2.56708950e-04, 4.68535247e-05,
       4.81231041e-05, 4.58257700e-05, 1.48288081e-03, 1.26957938e-06,
       4.58983174e-05, 4.43445940e-05, 4.64535064e-05, 8.69720210e-07,
       4.69929603e-05, 4.16962277e-05])}
{'img': array([[[ 0.        ,  0.32263322,  0.32263322, ..., -0.99982388,
         -0.99799198, -0.95793786],
        [-0.32263322,  0.        ,  0.        , ..., -0.95241227,
         -0.96505916, -0.99929913],
        [-0.32263322,  0.        ,  0.        , ..., -0.95241227,
         -0.96505916, -0.99929913],
        ...,
        [ 0.99982388,  0.95241227,  0.95241227, ...,  0.        ,
          0.04459984,  0.2689474 ],
        [ 0.99799198,  0.96505916,  0.96505916, ..., -0.04459984,
          0.        ,  0.22572323],
        [ 0.95793786,  0.99929913,  0.99929913, ..., -0.2689474 ,
         -0.22572323,  0.        ]],

       [[ 0.        ,  0.04093065,  0.01988862, ...,  0.02786815,
          0.1163261 ,  0.13063739],
        [-0.04093065,  0.        , -0.02105059, ..., -0.01306995,
          0.07557585,  0.08994804],
        [-0.01988862,  0.02105059,  0.        , ...,  0.00798174,
          0.09654949,  0.11089337],
        ...,
        [-0.02786815,  0.01306995, -0.00798174, ...,  0.        ,
          0.08860197,  0.10295733],
        [-0.1163261 , -0.07557585, -0.09654949, ..., -0.08860197,
          0.        ,  0.01442129],
        [-0.13063739, -0.08994804, -0.11089337, ..., -0.10295733,
         -0.01442129,  0.        ]],

       [[ 0.        ,  0.09378941,  0.20672987, ..., -0.9982644 ,
         -0.99454556, -0.98468177],
        [-0.09378941,  0.        ,  0.11405524, ..., -0.99938749,
         -0.99994418, -0.99669458],
        [-0.20672987, -0.11405524,  0.        , ..., -0.98887454,
         -0.994624  , -0.99945639],
        ...,
        [ 0.9982644 ,  0.99938749,  0.98887454, ...,  0.        ,
          0.045552  ,  0.1160694 ],
        [ 0.99454556,  0.99994418,  0.994624  , ..., -0.045552  ,
          0.        ,  0.0707048 ],
        [ 0.98468177,  0.99669458,  0.99945639, ..., -0.1160694 ,
         -0.0707048 ,  0.        ]],

       ...,

       [[ 0.        ,  0.17383537,  0.5900135 , ...,  0.40172671,
          0.08446672,  0.71167096],
        [-0.17383537,  0.        ,  0.44067685, ...,  0.2364189 ,
         -0.09003345,  0.57871397],
        [-0.5900135 , -0.44067685,  0.        , ..., -0.21595904,
         -0.5197071 ,  0.1601063 ],
        ...,
        [-0.40172671, -0.2364189 ,  0.21595904, ...,  0.        ,
         -0.32293985,  0.3695013 ],
        [-0.08446672,  0.09003345,  0.5197071 , ...,  0.32293985,
          0.        ,  0.64978869],
        [-0.71167096, -0.57871397, -0.1601063 , ..., -0.3695013 ,
         -0.64978869,  0.        ]],

       [[ 0.        , -0.37262901, -0.60890549, ..., -0.73244945,
         -0.76172173, -0.829644  ],
        [ 0.37262901,  0.        , -0.26946709, ..., -0.93339254,
         -0.94829078, -0.97792946],
        [ 0.60890549,  0.26946709,  0.        , ..., -0.99556613,
         -0.99874276, -0.99805665],
        ...,
        [ 0.73244945,  0.93339254,  0.99556613, ...,  0.        ,
          0.0440393 ,  0.15591817],
        [ 0.76172173,  0.94829078,  0.99874276, ..., -0.0440393 ,
          0.        ,  0.11226619],
