state_0,state_1,state_2,state_3,state_4,state_5,state_6,state_7,state_8,state_9,state_10,state_11,state_12,state_13,state_14,state_15,state_16,state_17,state_18,state_19,state_20,state_21,state_22,state_23,state_24,state_25,state_26,state_27,state_28,state_29,state_30,state_31,state_32,state_33,state_34,state_35,state_36,state_37,state_38,state_39,state_40,state_41,state_42,state_43,state_44,state_45,state_46,state_47,state_48,state_49,state_50,state_51,state_52,state_53,state_54,state_55,state_56,state_57,state_58,state_59,state_60,state_61,state_62,state_63,state_64,state_65,state_66,state_67,state_68,state_69,state_70,state_71,state_72,state_73,state_74,state_75,state_76,state_77,state_78,state_79,state_80,state_81,state_82,state_83,state_84,state_85,state_86,state_87,state_88,state_89,state_90,state_91,state_92,state_93,state_94,state_95,state_96,state_97,state_98,state_99,state_100,state_101,state_102,state_103,state_104,state_105,state_106,state_107,state_108,state_109,state_110,state_111,state_112,state_113,state_114,state_115,state_116,state_117,state_118,state_119,state_120,state_121,state_122,state_123,state_124,state_125,state_126,state_127,state_128,state_129,state_130,state_131,state_132,state_133,state_134,state_135,state_136,state_137,state_138,state_139,state_140,state_141,state_142,state_143,state_144,state_145,state_146,state_147,state_148,state_149,state_150,state_151,state_152,state_153,state_154,state_155,state_156,state_157,state_158,state_159,state_160,state_161,state_162,state_163,state_164,state_165,state_166,state_167,state_168,state_169,state_170,state_171,state_172,state_173,state_174,state_175,state_176,state_177,state_178,state_179,state_180,state_181,state_182,state_183,state_184,state_185,state_186,state_187,state_188,state_189,state_190,state_191,state_192,state_193,state_194,state_195,state_196,state_197,state_198,state_199,state_200,state_201,state_202,state_203,state_204,state_205,state_206,state_207,state_208,state_209,state_210,state_211,state_212,state_213,state_214,state_215,state_216,state_217,state_218,state_219,state_220,state_221,state_222,state_223,state_224,state_225,state_226,state_227,state_228,state_229,state_230,state_231,state_232,state_233,state_234,state_235,state_236,state_237,state_238,state_239,state_240,state_241,state_242,state_243,state_244,state_245,state_246,state_247,state_248,state_249,state_250,state_251,state_252,state_253,state_254,state_255,state_256,state_257,state_258,state_259,state_260,state_261,state_262,state_263,state_264,state_265,state_266,state_267,state_268,state_269,state_270,state_271,state_272,state_273,state_274,state_275,state_276,state_277,state_278,state_279,state_280,state_281,state_282,state_283,state_284,state_285,state_286,state_287
{'img': array([[[ 0.        ,  0.828663  ,  0.45371233, ..., -0.72093573,
         -0.48548893, -0.70643304],
        [-0.828663  ,  0.        , -0.48449704, ..., -0.97780727,
         -0.99620405, -0.98193536],
        [-0.45371233,  0.48449704,  0.        , ..., -0.9568841 ,
         -0.82929733, -0.950665  ],
        ...,
        [ 0.72093573,  0.97780727,  0.9568841 , ...,  0.        ,
          0.29382812,  0.02070435],
        [ 0.48548893,  0.99620405,  0.82929733, ..., -0.29382812,
          0.        , -0.27397471],
        [ 0.70643304,  0.98193536,  0.950665  , ..., -0.02070435,
          0.27397471,  0.        ]],

       [[ 0.        , -0.44152575, -0.69106627, ..., -0.56239107,
         -0.93956599, -0.9212793 ],
        [ 0.44152575,  0.        , -0.30092722, ..., -0.13951958,
         -0.69186002, -0.65490648],
        [ 0.69106627,  0.30092722,  0.        , ...,  0.1649315 ,
         -0.44251133, -0.39713598],
        ...,
        [ 0.56239107,  0.13951958, -0.1649315 , ...,  0.        ,
         -0.5843556 , -0.54306471],
        [ 0.93956599,  0.69186002,  0.44251133, ...,  0.5843556 ,
          0.        ,  0.04998228],
        [ 0.9212793 ,  0.65490648,  0.39713598, ...,  0.54306471,
         -0.04998228,  0.        ]],

       [[ 0.        , -0.29531842, -0.46425242, ..., -0.99224108,
         -0.90849496, -0.44826312],
        [ 0.29531842,  0.        , -0.18198186, ..., -0.9847026 ,
         -0.9913874 , -0.69225571],
        [ 0.46425242,  0.18198186,  0.        , ..., -0.93655077,
         -0.99866579, -0.81202397],
        ...,
        [ 0.99224108,  0.9847026 ,  0.93655077, ...,  0.        ,
         -0.30170134, -0.83123395],
        [ 0.90849496,  0.9913874 ,  0.99866579, ...,  0.30170134,
          0.        , -0.62477787],
        [ 0.44826312,  0.69225571,  0.81202397, ...,  0.83123395,
          0.62477787,  0.        ]],

       ...,

       [[ 0.        ,  0.68314676,  0.81156518, ...,  0.66148975,
          0.66148975, -0.50020383],
        [-0.68314676,  0.        ,  0.1935341 , ..., -0.02925531,
         -0.02925531, -0.95683144],
        [-0.81156518, -0.1935341 ,  0.        , ..., -0.22215346,
         -0.22215346, -0.99499057],
        ...,
        [-0.66148975,  0.02925531,  0.22215346, ...,  0.        ,
          0.        , -0.94791903],
        [-0.66148975,  0.02925531,  0.22215346, ...,  0.        ,
          0.        , -0.94791903],
        [ 0.50020383,  0.95683144,  0.99499057, ...,  0.94791903,
          0.94791903,  0.        ]],

       [[ 0.        , -0.54389982, -0.59554947, ..., -0.93605019,
         -0.94189139, -0.95332827],
        [ 0.54389982,  0.        , -0.06283057, ..., -0.97686679,
         -0.97309381, -0.96420838],
        [ 0.59554947,  0.06283057,  0.        , ..., -0.96150047,
         -0.95669444, -0.94564405],
        ...,
        [ 0.93605019,  0.97686679,  0.96150047, ...,  0.        ,
          0.01698432,  0.05281725],
        [ 0.94189139,  0.97309381,  0.95669444, ..., -0.01698432,
          0.        ,  0.03584902],
        [ 0.95332827,  0.96420838,  0.94564405, ..., -0.05281725,
         -0.03584902,  0.        ]],

       [[ 0.        , -0.14962838, -0.58344065, ..., -0.66328293,
         -0.50680474, -0.        ],
        [ 0.14962838,  0.        , -0.45535091, ..., -0.76779309,
         -0.63008806, -0.14962838],
        [ 0.58344065,  0.45535091,  0.        , ..., -0.9753178 ,
         -0.91456576, -0.58344065],
        ...,
        [ 0.66328293,  0.76779309,  0.9753178 , ...,  0.        ,
         -0.19251344, -0.66328293],
        [ 0.50680474,  0.63008806,  0.91456576, ...,  0.19251344,
          0.        , -0.50680474],
        [ 0.        ,  0.14962838,  0.58344065, ...,  0.66328293,
          0.50680474,  0.        ]]]), 'num': array([ 9.97982966e-01,  8.12552663e-05,  3.17297851e-05,  4.61777760e-04,
        4.76460678e-04,  4.61043615e-04,  6.34669997e-02, -1.02780424e-05,
        4.71468486e-04,  5.11662973e-04,  5.13938825e-04,  2.93658353e-07,
        5.69156440e-04,  4.54169507e-04])}
{'img': array([[[ 0.        , -0.48449704,  0.09929554, ..., -0.99620405,
         -0.98193536, -0.85928898],
        [ 0.48449704,  0.        ,  0.56896568, ..., -0.82929733,
         -0.950665  , -0.99951549],
        [-0.09929554, -0.56896568,  0.        , ..., -0.99992435,
         -0.95829425, -0.80425364],
        ...,
        [ 0.99620405,  0.82929733,  0.99992435, ...,  0.        ,
         -0.27397471, -0.58434892],
        [ 0.98193536,  0.950665  ,  0.95829425, ...,  0.27397471,
          0.        , -0.33965874],
        [ 0.85928898,  0.99951549,  0.80425364, ...,  0.58434892,
          0.33965874,  0.        ]],

       [[ 0.        , -0.30092722, -0.56114201, ..., -0.69186002,
         -0.65490648, -0.5138499 ],
        [ 0.30092722,  0.        , -0.28604811, ..., -0.44251133,
         -0.39713598, -0.231872  ],
        [ 0.56114201,  0.28604811,  0.        , ..., -0.16750377,
         -0.1180183 ,  0.05606896],
        ...,
        [ 0.69186002,  0.44251133,  0.16750377, ...,  0.        ,
          0.04998228,  0.22251705],
        [ 0.65490648,  0.39713598,  0.1180183 , ..., -0.04998228,
          0.        ,  0.17350976],
        [ 0.5138499 ,  0.231872  , -0.05606896, ..., -0.22251705,
         -0.17350976,  0.        ]],

       [[ 0.        , -0.17329191, -0.15524558, ..., -0.99983979,
         -0.92628059, -0.54284063],
        [ 0.17329191,  0.        ,  0.01829412, ..., -0.98161082,
         -0.97756881, -0.68016446],
        [ 0.15524558, -0.01829412,  0.        , ..., -0.98493877,
         -0.97355217, -0.66663996],
        ...,
        [ 0.99983979,  0.98161082,  0.98493877, ...,  0.        ,
         -0.39335443, -0.84941793],
        [ 0.92628059,  0.97756881,  0.97355217, ...,  0.39335443,
          0.        , -0.57336243],
        [ 0.54284063,  0.68016446,  0.66663996, ...,  0.84941793,
          0.57336243,  0.        ]],

       ...,

       [[ 0.        ,  0.182129  ,  0.15637267, ..., -0.02727373,
         -0.77861885, -0.97403032],
        [-0.182129  ,  0.        , -0.0261312 , ..., -0.20887882,
         -0.8798816 , -0.99897653],
        [-0.15637267,  0.0261312 ,  0.        , ..., -0.18325271,
         -0.86716378, -0.99745345],
        ...,
        [ 0.02727373,  0.20887882,  0.18325271, ...,  0.        ,
         -0.76121502, -0.96749273],
        [ 0.77861885,  0.8798816 ,  0.86716378, ...,  0.76121502,
          0.        , -0.43490823],
        [ 0.97403032,  0.99897653,  0.99745345, ...,  0.96749273,
          0.43490823,  0.        ]],

       [[ 0.        , -0.27642776, -0.54652524, ..., -0.96062802,
         -0.97055393, -0.98253079],
        [ 0.27642776,  0.        , -0.29373733, ..., -0.99999892,
         -0.99932301, -0.99568942],
        [ 0.54652524,  0.29373733,  0.        , ..., -0.95631619,
         -0.94443238, -0.92452158],
        ...,
        [ 0.96062802,  0.99999892,  0.95631619, ...,  0.        ,
          0.03825666,  0.09421114],
        [ 0.97055393,  0.99932301,  0.94443238, ..., -0.03825666,
          0.        ,  0.05605567],
        [ 0.98253079,  0.99568942,  0.92452158, ..., -0.09421114,
         -0.05605567,  0.        ]],

       [[ 0.        , -0.54208712, -0.56477603, ..., -0.73911264,
         -0.60224306, -0.        ],
        [ 0.54208712,  0.        , -0.02723961, ..., -0.98623287,
         -0.93883334, -0.54208712],
        [ 0.56477603,  0.02723961,  0.        , ..., -0.99037132,
         -0.94786553, -0.56477603],
        ...,
        [ 0.73911264,  0.98623287,  0.99037132, ...,  0.        ,
         -0.18438308, -0.73911264],
        [ 0.60224306,  0.93883334,  0.94786553, ...,  0.18438308,
          0.        , -0.60224306],
        [ 0.        ,  0.54208712,  0.56477603, ...,  0.73911264,
          0.60224306,  0.        ]]]), 'num': array([8.90694727e-01, 4.52040331e-01, 1.39476763e-05, 3.54611494e-04,
       3.62504278e-04, 3.52920183e-04, 4.81799869e-02, 0.00000000e+00,
       3.60925721e-04, 3.91735766e-04, 3.93605604e-04, 2.01770409e-07,
       4.38579986e-04, 3.44891545e-04])}
{'img': array([[[ 0.        ,  0.56896568,  0.6       , ..., -0.950665  ,
         -0.99951549, -0.99951549],
        [-0.56896568,  0.        ,  0.03824421, ..., -0.95829425,
         -0.80425364, -0.80425364],
        [-0.6       , -0.03824421,  0.        , ..., -0.94666363,
         -0.78093726, -0.78093726],
        ...,
        [ 0.950665  ,  0.95829425,  0.94666363, ...,  0.        ,
         -0.33965874, -0.33965874],
        [ 0.99951549,  0.80425364,  0.78093726, ...,  0.33965874,
          0.        ,  0.        ],
        [ 0.99951549,  0.80425364,  0.78093726, ...,  0.33965874,
          0.        ,  0.        ]],

       [[ 0.        , -0.28604811, -0.44144556, ..., -0.39713598,
         -0.231872  , -0.24205812],
        [ 0.28604811,  0.        , -0.16633232, ..., -0.1180183 ,
          0.05606896,  0.04559776],
        [ 0.44144556,  0.16633232,  0.        , ...,  0.04879562,
          0.22135857,  0.21112189],
        ...,
        [ 0.39713598,  0.1180183 , -0.04879562, ...,  0.        ,
          0.17350976,  0.16317464],
        [ 0.231872  , -0.05606896, -0.22135857, ..., -0.17350976,
          0.        , -0.01048461],
        [ 0.24205812, -0.04559776, -0.21112189, ..., -0.16317464,
          0.01048461,  0.        ]],

       [[ 0.        ,  0.0180819 ,  0.05538974, ..., -0.98739724,
         -0.85456438, -0.6743295 ],
        [-0.0180819 ,  0.        ,  0.03732654, ..., -0.98437414,
         -0.84503391, -0.66086702],
        [-0.05538974, -0.03732654,  0.        , ..., -0.97711534,
         -0.82448605, -0.6323928 ],
        ...,
        [ 0.98739724,  0.98437414,  0.97711534, ...,  0.        ,
         -0.3775557 , -0.62240396],
        [ 0.85456438,  0.84503391,  0.82448605, ...,  0.3775557 ,
          0.        , -0.2808265 ],
        [ 0.6743295 ,  0.66086702,  0.6323928 , ...,  0.62240396,
          0.2808265 ,  0.        ]],

       ...,

       [[ 0.        , -0.02500025, -0.04197744, ..., -0.82021601,
         -0.9158571 , -0.99999874],
        [ 0.02500025,  0.        , -0.01698611, ..., -0.80565816,
         -0.90553314, -0.99964643],
        [ 0.04197744,  0.01698611,  0.        , ..., -0.79547968,
         -0.8981957 , -0.99905054],
        ...,
        [ 0.82021601,  0.80565816,  0.79547968, ...,  0.        ,
         -0.19459933, -0.57074889],
        [ 0.9158571 ,  0.90553314,  0.8981957 , ...,  0.19459933,
          0.        , -0.40004747],
        [ 0.99999874,  0.99964643,  0.99905054, ...,  0.57074889,
          0.40004747,  0.        ]],

       [[ 0.        , -0.48601191, -0.64833963, ..., -0.97417357,
         -0.98545646, -0.99215278],
        [ 0.48601191,  0.        , -0.19659206, ..., -0.96112284,
         -0.94382892, -0.92786085],
        [ 0.64833963,  0.19659206,  0.        , ..., -0.88808366,
         -0.86044964, -0.83643959],
        ...,
        [ 0.97417357,  0.96112284,  0.88808366, ...,  0.        ,
          0.05697705,  0.10222625],
        [ 0.98545646,  0.94382892,  0.86044964, ..., -0.05697705,
          0.        ,  0.04538163],
        [ 0.99215278,  0.92786085,  0.83643959, ..., -0.10222625,
         -0.04538163,  0.        ]],

       [[ 0.        , -0.1733344 , -0.22604363, ..., -0.7641511 ,
         -0.53077545, -0.        ],
        [ 0.1733344 ,  0.        , -0.05377401, ..., -0.86439132,
         -0.66964418, -0.1733344 ],
        [ 0.22604363,  0.05377401,  0.        , ..., -0.89017929,
         -0.70861228, -0.22604363],
        ...,
        [ 0.7641511 ,  0.86439132,  0.89017929, ...,  0.        ,
         -0.30525766, -0.7641511 ],
        [ 0.53077545,  0.66964418,  0.70861228, ...,  0.30525766,
          0.        , -0.53077545],
        [ 0.        ,  0.1733344 ,  0.22604363, ...,  0.7641511 ,
          0.53077545,  0.        ]]]), 'num': array([ 9.54256026e-01,  2.93504229e-01,  2.15228598e-05,  3.77141436e-04,
        3.83283805e-04,  3.74070252e-04,  5.70034416e-02, -9.21355300e-06,
        3.89794716e-04,  4.24959776e-04,  4.27764791e-04,  2.18681188e-07,
        4.80201872e-04,  3.69717681e-04])}
{'img': array([[[ 0.        ,  0.03721292, -0.50942668, ..., -0.88945936,
         -0.88945936, -0.40928017],
        [-0.03721292,  0.        , -0.54109607, ..., -0.87183645,
         -0.87183645, -0.37504329],
        [ 0.50942668,  0.54109607,  0.        , ..., -0.99820755,
         -0.99820755, -0.81699671],
        ...,
        [ 0.88945936,  0.87183645,  0.99820755, ...,  0.        ,
          0.        , -0.62450364],
        [ 0.88945936,  0.87183645,  0.99820755, ...,  0.        ,
          0.        , -0.62450364],
        [ 0.40928017,  0.37504329,  0.81699671, ...,  0.62450364,
          0.62450364,  0.        ]],

       [[ 0.        , -0.16633232, -0.0377414 , ...,  0.05606896,
          0.04559776,  0.12193267],
        [ 0.16633232,  0.        ,  0.12899817, ...,  0.22135857,
          0.21112189,  0.28532534],
        [ 0.0377414 , -0.12899817,  0.        , ...,  0.09371104,
          0.08326741,  0.15930558],
        ...,
        [-0.05606896, -0.22135857, -0.09371104, ...,  0.        ,
         -0.01048461,  0.06609027],
        [-0.04559776, -0.21112189, -0.08326741, ...,  0.01048461,
          0.        ,  0.07654833],
        [-0.12193267, -0.28532534, -0.15930558, ..., -0.06609027,
         -0.07654833,  0.        ]],

       [[ 0.        ,  0.03618831,  0.26736411, ..., -0.94783938,
         -0.91984652, -0.64544172],
        [-0.03618831,  0.        ,  0.23231809, ..., -0.93568357,
         -0.90504811, -0.61737797],
        [-0.26736411, -0.23231809,  0.        , ..., -0.82811197,
         -0.78147886, -0.41772953],
        ...,
        [ 0.94783938,  0.93568357,  0.82811197, ...,  0.        ,
         -0.07861742, -0.51823528],
        [ 0.91984652,  0.90504811,  0.78147886, ...,  0.07861742,
          0.        , -0.44939465],
        [ 0.64544172,  0.61737797,  0.41772953, ...,  0.51823528,
          0.44939465,  0.        ]],

       ...,

       [[ 0.        , -0.01695349, -0.23991399, ..., -0.90258757,
         -0.99386279, -0.99969526],
        [ 0.01695349,  0.        , -0.22342115, ..., -0.89515926,
         -0.99184456, -0.99913307],
        [ 0.23991399,  0.22342115,  0.        , ..., -0.77294225,
         -0.93829694, -0.9645758 ],
        ...,
        [ 0.90258757,  0.89515926,  0.77294225, ...,  0.        ,
         -0.32802011, -0.40809388],
        [ 0.99386279,  0.99184456,  0.93829694, ...,  0.32802011,
          0.        , -0.08605167],
        [ 0.99969526,  0.99913307,  0.9645758 , ...,  0.40809388,
          0.08605167,  0.        ]],

       [[ 0.        , -0.47529744, -0.65649049, ..., -0.99346985,
         -0.99780781, -0.99999653],
        [ 0.47529744,  0.        , -0.21906369, ..., -0.92830881,
         -0.90935083, -0.87857057],
        [ 0.65649049,  0.21906369,  0.        , ..., -0.82431062,
         -0.79612611, -0.75260301],
        ...,
        [ 0.99346985,  0.92830881,  0.82431062, ...,  0.        ,
          0.04809862,  0.11671054],
        [ 0.99780781,  0.90935083,  0.79612611, ..., -0.04809862,
          0.        ,  0.06880554],
        [ 0.99999653,  0.87857057,  0.75260301, ..., -0.11671054,
         -0.06880554,  0.        ]],

       [[ 0.        , -0.13933715, -0.351599  , ..., -0.74825064,
         -0.59753462, -0.        ],
        [ 0.13933715,  0.        , -0.21772858, ..., -0.83338997,
         -0.7034322 , -0.13933715],
        [ 0.351599  ,  0.21772858,  0.        , ..., -0.93373181,
         -0.84130969, -0.351599  ],
        ...,
        [ 0.74825064,  0.83338997,  0.93373181, ...,  0.        ,
         -0.2035655 , -0.74825064],
        [ 0.59753462,  0.7034322 ,  0.84130969, ...,  0.2035655 ,
          0.        , -0.59753462],
        [ 0.        ,  0.13933715,  0.351599  , ...,  0.74825064,
          0.59753462,  0.        ]]]), 'num': array([9.57017449e-01, 2.85031843e-01, 2.09015741e-05, 3.83553428e-04,
       3.84746440e-04, 3.62675714e-04, 5.36022060e-02, 1.72986772e-05,
       3.76753259e-04, 4.11261137e-04, 4.14402736e-04, 3.70245171e-07,
       4.66393890e-04, 3.56128384e-04])}
{'img': array([[[ 0.        , -0.54109607, -0.51029891, ..., -0.87183645,
         -0.37504329, -0.97362775],
        [ 0.54109607,  0.        ,  0.03619969, ..., -0.99820755,
         -0.81699671, -0.94222978],
        [ 0.51029891, -0.03619969,  0.        , ..., -0.99971975,
         -0.79558695, -0.95373793],
        ...,
        [ 0.87183645,  0.99820755,  0.99971975, ...,  0.        ,
         -0.62450364,  0.27797708],
        [ 0.37504329,  0.81699671,  0.79558695, ...,  0.62450364,
          0.        ,  0.81699671],
        [ 0.97362775,  0.94222978,  0.95373793, ..., -0.27797708,
         -0.81699671,  0.        ]],

       [[ 0.        ,  0.12899817,  0.01222071, ...,  0.21112189,
          0.28532534,  0.25605884],
        [-0.12899817,  0.        , -0.11686993, ...,  0.08326741,
          0.15930558,  0.1292219 ],
        [-0.01222071,  0.11686993,  0.        , ...,  0.19916087,
          0.27359132,  0.24422643],
        ...,
        [-0.21112189, -0.08326741, -0.19916087, ...,  0.        ,
          0.07654833,  0.04620387],
        [-0.28532534, -0.15930558, -0.27359132, ..., -0.07654833,
          0.        , -0.03039827],
        [-0.25605884, -0.1292219 , -0.24422643, ..., -0.04620387,
          0.03039827,  0.        ]],

       [[ 0.        ,  0.22887582,  0.09035454, ..., -0.94178266,
         -0.83637877, -0.60975157],
        [-0.22887582,  0.        , -0.13998351, ..., -0.83983049,
         -0.68871889, -0.41216082],
        [-0.09035454,  0.13998351,  0.        , ..., -0.90755125,
         -0.78342968, -0.53564315],
        ...,
        [ 0.94178266,  0.83983049,  0.90755125, ...,  0.        ,
         -0.23503084, -0.54143791],
        [ 0.83637877,  0.68871889,  0.78342968, ...,  0.23503084,
          0.        , -0.3286711 ],
        [ 0.60975157,  0.41216082,  0.53564315, ...,  0.54143791,
          0.3286711 ,  0.        ]],

       ...,

       [[ 0.        , -0.22342115, -0.05819769, ..., -0.99184456,
         -0.99913307, -0.43904415],
        [ 0.22342115,  0.        ,  0.1663159 , ..., -0.93829694,
         -0.9645758 , -0.2272098 ],
        [ 0.05819769, -0.1663159 ,  0.        , ..., -0.98274597,
         -0.9950168 , -0.38601139],
        ...,
        [ 0.99184456,  0.93829694,  0.98274597, ...,  0.        ,
         -0.08605167,  0.83518045],
        [ 0.99913307,  0.9645758 ,  0.9950168 , ...,  0.08605167,
          0.        ,  0.87940885],
        [ 0.43904415,  0.2272098 ,  0.38601139, ..., -0.83518045,
         -0.87940885,  0.        ]],

       [[ 0.        , -0.49920024, -0.70516085, ..., -0.999979  ,
         -0.99777105, -0.99765499],
        [ 0.49920024,  0.        , -0.25705586, ..., -0.86970343,
         -0.83124353, -0.83028766],
        [ 0.70516085,  0.25705586,  0.        , ..., -0.71360214,
         -0.66041136, -0.65912088],
        ...,
        [ 0.999979  ,  0.86970343,  0.71360214, ...,  0.        ,
          0.07319473,  0.0749073 ],
        [ 0.99777105,  0.83124353,  0.66041136, ..., -0.07319473,
          0.        ,  0.00171728],
        [ 0.99765499,  0.83028766,  0.65912088, ..., -0.0749073 ,
         -0.00171728,  0.        ]],

       [[ 0.        , -0.31766772, -0.37175115, ..., -0.69808898,
         -0.42379994, -0.        ],
        [ 0.31766772,  0.        , -0.05759398, ..., -0.88938302,
         -0.68957738, -0.31766772],
        [ 0.37175115,  0.05759398,  0.        , ..., -0.91423655,
         -0.73014299, -0.37175115],
        ...,
        [ 0.69808898,  0.88938302,  0.91423655, ...,  0.        ,
         -0.32885273, -0.69808898],
        [ 0.42379994,  0.68957738,  0.73014299, ...,  0.32885273,
          0.        , -0.42379994],
        [ 0.        ,  0.31766772,  0.37175115, ...,  0.69808898,
          0.42379994,  0.        ]]]), 'num': array([ 9.56599120e-01,  2.86471407e-01,  2.10071383e-05,  3.82492986e-04,
        3.95682400e-04,  3.78296355e-04,  5.33945820e-02, -2.99759394e-06,
        3.78056547e-04,  4.11269888e-04,  4.15416560e-04,  3.29735333e-07,
        4.68027570e-04,  3.54512206e-04])}
{'img': array([[[ 0.        ,  0.03619969,  0.07337682, ..., -0.81699671,
         -0.94222978, -0.96913984],
        [-0.03619969,  0.        ,  0.03722663, ..., -0.79558695,
         -0.95373793, -0.97742829],
        [-0.07337682, -0.03722663,  0.        , ..., -0.77248213,
         -0.96426863, -0.98461556],
        ...,
        [ 0.81699671,  0.79558695,  0.77248213, ...,  0.        ,
          0.81699671,  0.76024622],
        [ 0.94222978,  0.95373793,  0.96426863, ..., -0.81699671,
          0.        , -0.09235953],
        [ 0.96913984,  0.97742829,  0.98461556, ..., -0.76024622,
          0.09235953,  0.        ]],

       [[ 0.        , -0.11686993, -0.85831726, ...,  0.15930558,
          0.1292219 ,  0.12097761],
        [ 0.11686993,  0.        , -0.79246718, ...,  0.27359132,
          0.24422643,  0.23616013],
        [ 0.85831726,  0.79246718,  0.        , ...,  0.92909874,
          0.91742713,  0.91408908],
        ...,
        [-0.15930558, -0.27359132, -0.92909874, ...,  0.        ,
         -0.03039827, -0.03870288],
        [-0.1292219 , -0.24422643, -0.91742713, ...,  0.03039827,
          0.        , -0.0083095 ],
        [-0.12097761, -0.23616013, -0.91408908, ...,  0.03870288,
          0.0083095 ,  0.        ]],

       [[ 0.        , -0.13930324, -0.08946064, ..., -0.72315189,
         -0.57671419, -0.41035334],
        [ 0.13930324,  0.        ,  0.05015631, ..., -0.81231621,
         -0.68489432, -0.53338664],
        [ 0.08946064, -0.05015631,  0.        , ..., -0.78204179,
         -0.64748628, -0.49028951],
        ...,
        [ 0.72315189,  0.81231621,  0.78204179, ...,  0.        ,
         -0.19244587, -0.37603489],
        [ 0.57671419,  0.68489432,  0.64748628, ...,  0.19244587,
          0.        , -0.19068449],
        [ 0.41035334,  0.53338664,  0.49028951, ...,  0.37603489,
          0.19068449,  0.        ]],

       ...,

       [[ 0.        ,  0.1663159 ,  0.1105694 , ..., -0.9645758 ,
         -0.2272098 , -0.38637026],
        [-0.1663159 ,  0.        , -0.05626667, ..., -0.9950168 ,
         -0.38601139, -0.53438953],
        [-0.1105694 ,  0.05626667,  0.        , ..., -0.98783027,
         -0.3334942 , -0.48598419],
        ...,
        [ 0.9645758 ,  0.9950168 ,  0.98783027, ...,  0.        ,
          0.87940885,  0.78774374],
        [ 0.2272098 ,  0.38601139,  0.3334942 , ..., -0.87940885,
          0.        , -0.16669952],
        [ 0.38637026,  0.53438953,  0.48598419, ..., -0.78774374,
          0.16669952,  0.        ]],

       [[ 0.        , -0.55582582, -0.75339765, ..., -0.98971756,
         -0.98945049, -0.99273679],
        [ 0.55582582,  0.        , -0.26080683, ..., -0.74324816,
         -0.7420057 , -0.75839137],
        [ 0.75339765,  0.26080683,  0.        , ..., -0.54304119,
         -0.54148241, -0.56215046],
        ...,
        [ 0.98971756,  0.74324816,  0.54304119, ...,  0.        ,
          0.00185523, -0.02292709],
        [ 0.98945049,  0.7420057 ,  0.54148241, ..., -0.00185523,
          0.        , -0.02478179],
        [ 0.99273679,  0.75839137,  0.56215046, ...,  0.02292709,
          0.02478179,  0.        ]],

       [[ 0.        , -0.19556818, -0.19408777, ..., -0.59769089,
         -0.44942973, -0.        ],
        [ 0.19556818,  0.        ,  0.00150933, ..., -0.74294177,
         -0.61545542, -0.19556818],
        [ 0.19408777, -0.00150933,  0.        , ..., -0.74193064,
         -0.6142651 , -0.19408777],
        ...,
        [ 0.59769089,  0.74294177,  0.74193064, ...,  0.        ,
         -0.17360686, -0.59769089],
        [ 0.44942973,  0.61545542,  0.6142651 , ...,  0.17360686,
          0.        , -0.44942973],
        [ 0.        ,  0.19556818,  0.19408777, ...,  0.59769089,
          0.44942973,  0.        ]]]), 'num': array([9.58431268e-01, 2.82674756e-01, 2.07287274e-05, 3.85705772e-04,
       3.86888918e-04, 3.79790039e-04, 3.87716529e-02, 8.28202577e-06,
       3.75767341e-04, 4.03098026e-04, 4.09220809e-04, 3.54372393e-07,
       4.57434473e-04, 3.48761578e-04])}
{'img': array([[[ 0.        ,  0.03722663, -0.03619969, ..., -0.95373793,
         -0.97742829, -0.89671023],
        [-0.03722663,  0.        , -0.07337682, ..., -0.96426863,
         -0.98461556, -0.91256585],
        [ 0.03619969,  0.07337682,  0.        , ..., -0.94222978,
         -0.96913984, -0.88009986],
        ...,
        [ 0.95373793,  0.96426863,  0.94222978, ...,  0.        ,
         -0.09235953,  0.15255535],
        [ 0.97742829,  0.98461556,  0.96913984, ...,  0.09235953,
          0.        ,  0.24318174],
        [ 0.89671023,  0.91256585,  0.88009986, ..., -0.15255535,
         -0.24318174,  0.        ]],

       [[ 0.        , -0.79246718, -0.12425551, ...,  0.24422643,
          0.23616013, -0.02541046],
        [ 0.79246718,  0.        ,  0.71054052, ...,  0.91742713,
          0.91408908,  0.77671309],
        [ 0.12425551, -0.71054052,  0.        , ...,  0.36282657,
          0.35507078,  0.09900185],
        ...,
        [-0.24422643, -0.91742713, -0.36282657, ...,  0.        ,
         -0.0083095 , -0.26878855],
        [-0.23616013, -0.91408908, -0.35507078, ...,  0.0083095 ,
          0.        , -0.26077557],
        [ 0.02541046, -0.77671309, -0.09900185, ...,  0.26878855,
          0.26077557,  0.        ]],

       [[ 0.        ,  0.05015631, -0.10183619, ..., -0.68489432,
         -0.53338664, -0.8284907 ],
        [-0.05015631,  0.        , -0.15160357, ..., -0.64748628,
         -0.49028951, -0.79936027],
        [ 0.10183619,  0.15160357,  0.        , ..., -0.75553584,
         -0.61675399, -0.88121208],
        ...,
        [ 0.68489432,  0.64748628,  0.75553584, ...,  0.        ,
         -0.19068449,  0.22013071],
        [ 0.53338664,  0.49028951,  0.61675399, ...,  0.19068449,
          0.        ,  0.40209869],
        [ 0.8284907 ,  0.79936027,  0.88121208, ..., -0.22013071,
         -0.40209869,  0.        ]],

       ...,

       [[ 0.        , -0.05626667,  0.02818947, ..., -0.38601139,
         -0.53438953, -0.43111964],
        [ 0.05626667,  0.        ,  0.08438913, ..., -0.3334942 ,
         -0.48598419, -0.37966753],
        [-0.02818947, -0.08438913,  0.        , ..., -0.41186261,
         -0.55800399, -0.45638353],
        ...,
        [ 0.38601139,  0.3334942 ,  0.41186261, ...,  0.        ,
         -0.16669952, -0.04940922],
        [ 0.53438953,  0.48598419,  0.55800399, ...,  0.16669952,
          0.        ,  0.11777804],
        [ 0.43111964,  0.37966753,  0.45638353, ...,  0.04940922,
         -0.11777804,  0.        ]],

       [[ 0.        , -0.58606797, -0.59467326, ..., -0.96815844,
         -0.97470154, -0.99830749],
        [ 0.58606797,  0.        , -0.01066149, ..., -0.63774668,
         -0.6587712 , -0.774807  ],
        [ 0.59467326,  0.01066149,  0.        , ..., -0.62949846,
         -0.65071266, -0.7680228 ],
        ...,
        [ 0.96815844,  0.63774668,  0.62949846, ...,  0.        ,
         -0.02761154, -0.19361007],
        [ 0.97470154,  0.6587712 ,  0.65071266, ...,  0.02761154,
          0.        , -0.16644716],
        [ 0.99830749,  0.774807  ,  0.7680228 , ...,  0.19361007,
          0.16644716,  0.        ]],

       [[ 0.        ,  0.02416322, -0.31790447, ..., -0.52926948,
         -0.27836203, -0.02416322],
        [-0.02416322,  0.        , -0.34072135, ..., -0.50861357,
         -0.25507256, -0.        ],
        [ 0.31790447,  0.34072135,  0.        , ..., -0.77153968,
         -0.56926106, -0.34072135],
        ...,
        [ 0.52926948,  0.50861357,  0.77153968, ...,  0.        ,
         -0.27217343, -0.50861357],
        [ 0.27836203,  0.25507256,  0.56926106, ...,  0.27217343,
          0.        , -0.25507256],
        [ 0.02416322,  0.        ,  0.34072135, ...,  0.50861357,
          0.25507256,  0.        ]]]), 'num': array([9.70982135e-01, 2.38032742e-01, 2.24486790e-05, 3.90906330e-04,
       3.91504962e-04, 3.85518647e-04, 2.30832403e-02, 5.98631440e-07,
       3.83124122e-04, 4.05123827e-04, 4.13394918e-04, 3.86808007e-07,
       4.57574157e-04, 3.52673498e-04])}
{'img': array([[[ 0.        , -0.07337682, -0.17613061, ..., -0.98461556,
         -0.91256585, -0.9058052 ],
        [ 0.07337682,  0.        , -0.10342611, ..., -0.96913984,
         -0.88009986, -0.87227406],
        [ 0.17613061,  0.10342611,  0.        , ..., -0.93844675,
         -0.82627447, -0.81701902],
        ...,
        [ 0.98461556,  0.96913984,  0.93844675, ...,  0.        ,
          0.24318174,  0.25890052],
        [ 0.91256585,  0.88009986,  0.82627447, ..., -0.24318174,
          0.        ,  0.0162383 ],
        [ 0.9058052 ,  0.87227406,  0.81701902, ..., -0.25890052,
         -0.0162383 ,  0.        ]],

       [[ 0.        ,  0.71054052,  0.69792237, ...,  0.91408908,
          0.77671309,  0.46144321],
        [-0.71054052,  0.        , -0.01777277, ...,  0.35507078,
          0.09900185, -0.30567264],
        [-0.69792237,  0.01777277,  0.        , ...,  0.37162939,
          0.11667167, -0.28870225],
        ...,
        [-0.91408908, -0.35507078, -0.37162939, ...,  0.        ,
         -0.26077557, -0.62383074],
        [-0.77671309, -0.09900185, -0.11667167, ...,  0.26077557,
          0.        , -0.39843424],
        [-0.46144321,  0.30567264,  0.28870225, ...,  0.62383074,
          0.39843424,  0.        ]],

       [[ 0.        , -0.15160357, -0.30944411, ..., -0.49028951,
         -0.79936027, -0.89504721],
        [ 0.15160357,  0.        , -0.16170485, ..., -0.61675399,
         -0.88121208, -0.95231255],
        [ 0.30944411,  0.16170485,  0.        , ..., -0.73592394,
         -0.9460559 , -0.9891194 ],
        ...,
        [ 0.49028951,  0.61675399,  0.73592394, ...,  0.        ,
          0.40209869,  0.56143191],
        [ 0.79936027,  0.88121208,  0.9460559 , ..., -0.40209869,
          0.        ,  0.18129911],
        [ 0.89504721,  0.95231255,  0.9891194 , ..., -0.56143191,
         -0.18129911,  0.        ]],

       ...,

       [[ 0.        ,  0.08438913, -0.12317969, ..., -0.48598419,
         -0.37966753, -0.27973702],
        [-0.08438913,  0.        , -0.20648675, ..., -0.55800399,
         -0.45638353, -0.35975919],
        [ 0.12317969,  0.20648675,  0.        , ..., -0.37462806,
         -0.26281976, -0.1593447 ],
        ...,
        [ 0.48598419,  0.55800399,  0.37462806, ...,  0.        ,
          0.11777804,  0.22210099],
        [ 0.37966753,  0.45638353,  0.26281976, ..., -0.11777804,
          0.        ,  0.10571878],
        [ 0.27973702,  0.35975919,  0.1593447 , ..., -0.22210099,
         -0.10571878,  0.        ]],

       [[ 0.        , -0.11772817, -0.45234495, ..., -0.93609411,
         -0.98560503, -0.99876821],
        [ 0.11772817,  0.        , -0.34420422, ..., -0.88817354,
         -0.95884737, -0.99766421],
        [ 0.45234495,  0.34420422,  0.        , ..., -0.67573687,
         -0.80252964, -0.91318948],
        ...,
        [ 0.93609411,  0.88817354,  0.67573687, ...,  0.        ,
         -0.18842615, -0.39776458],
        [ 0.98560503,  0.95884737,  0.80252964, ...,  0.18842615,
          0.        , -0.21776092],
        [ 0.99876821,  0.99766421,  0.91318948, ...,  0.39776458,
          0.21776092,  0.        ]],

       [[ 0.        , -0.34008399, -0.46200073, ..., -0.28226282,
         -0.12395656, -0.        ],
        [ 0.34008399,  0.        , -0.13284967, ..., -0.59169376,
         -0.45402929, -0.34008399],
        [ 0.46200073,  0.13284967,  0.        , ..., -0.69354757,
         -0.56837216, -0.46200073],
        ...,
        [ 0.28226282,  0.59169376,  0.69354757, ...,  0.        ,
         -0.16116978, -0.28226282],
        [ 0.12395656,  0.45402929,  0.56837216, ...,  0.16116978,
          0.        , -0.12395656],
        [ 0.        ,  0.34008399,  0.46200073, ...,  0.28226282,
          0.12395656,  0.        ]]]), 'num': array([ 9.67290593e-01,  2.45352831e-01,  2.31390308e-05,  3.85033473e-04,
        3.99842453e-04,  3.83182350e-04,  6.44172724e-02, -1.78941838e-05,
        3.96140208e-04,  4.13664167e-04,  4.25058854e-04,  3.58281768e-07,
        4.65176396e-04,  3.62151938e-04])}
{'img': array([[[ 0.        , -0.10342611,  0.32396042, ..., -0.88009986,
         -0.87227406, -0.99772474],
        [ 0.10342611,  0.        ,  0.42007147, ..., -0.82627447,
         -0.81701902, -0.99934699],
        [-0.32396042, -0.42007147,  0.        , ..., -0.98644936,
         -0.98365514, -0.92207691],
        ...,
        [ 0.88009986,  0.82627447,  0.98644936, ...,  0.        ,
          0.0162383 , -0.53304399],
        [ 0.87227406,  0.81701902,  0.98365514, ..., -0.0162383 ,
          0.        , -0.54671273],
        [ 0.99772474,  0.99934699,  0.92207691, ...,  0.53304399,
          0.54671273,  0.        ]],

       [[ 0.        , -0.01877803, -0.04102535, ...,  0.10383621,
         -0.33375372,  0.51044777],
        [ 0.01877803,  0.        , -0.02225589, ...,  0.12249443,
         -0.31599357,  0.52650516],
        [ 0.04102535,  0.02225589,  0.        , ...,  0.14455238,
         -0.29479977,  0.54529608],
        ...,
        [-0.10383621, -0.12249443, -0.14455238, ...,  0.        ,
         -0.42983186,  0.41839883],
        [ 0.33375372,  0.31599357,  0.29479977, ...,  0.42983186,
          0.        ,  0.7681766 ],
        [-0.51044777, -0.52650516, -0.54529608, ..., -0.41839883,
         -0.7681766 ,  0.        ]],

       [[ 0.        , -0.16170485, -0.07928328, ..., -0.88121208,
         -0.95231255, -0.96951698],
        [ 0.16170485,  0.        ,  0.08295598, ..., -0.9460559 ,
         -0.9891194 , -0.99637892],
        [ 0.07928328, -0.08295598,  0.        , ..., -0.91591702,
         -0.97350604, -0.98589138],
        ...,
        [ 0.88121208,  0.9460559 ,  0.91591702, ...,  0.        ,
          0.18129911,  0.24239292],
        [ 0.95231255,  0.9891194 ,  0.97350604, ..., -0.18129911,
          0.        ,  0.06248356],
        [ 0.96951698,  0.99637892,  0.98589138, ..., -0.24239292,
         -0.06248356,  0.        ]],

       ...,

       [[ 0.        , -0.20648675,  0.077578  , ..., -0.45638353,
         -0.35975919, -0.49435256],
        [ 0.20648675,  0.        ,  0.2817706 , ..., -0.26281976,
         -0.1593447 , -0.30420799],
        [-0.077578  , -0.2817706 ,  0.        , ..., -0.52403571,
         -0.43105876, -0.56029829],
        ...,
        [ 0.45638353,  0.26281976,  0.52403571, ...,  0.        ,
          0.10571878, -0.04314996],
        [ 0.35975919,  0.1593447 ,  0.43105876, ..., -0.10571878,
          0.        , -0.14852847],
        [ 0.49435256,  0.30420799,  0.56029829, ...,  0.04314996,
          0.14852847,  0.        ]],

       [[ 0.        , -0.43908795, -0.65942936, ..., -0.98489663,
         -0.99892744, -0.9522594 ],
        [ 0.43908795,  0.        , -0.26236879, ..., -0.80884939,
         -0.91781158, -0.98960102],
        [ 0.65942936,  0.26236879,  0.        , ..., -0.6262365 ,
         -0.78149384, -0.91719399],
        ...,
        [ 0.98489663,  0.80884939,  0.6262365 , ...,  0.        ,
         -0.21856143, -0.46555657],
        [ 0.99892744,  0.91781158,  0.78149384, ...,  0.21856143,
          0.        , -0.26087007],
        [ 0.9522594 ,  0.98960102,  0.91719399, ...,  0.46555657,
          0.26087007,  0.        ]],

       [[ 0.        , -0.32421563, -0.27428064, ..., -0.30984865,
         -0.28485543, -0.        ],
        [ 0.32421563,  0.        ,  0.05231699, ..., -0.60137127,
         -0.58025199, -0.32421563],
        [ 0.27428064, -0.05231699,  0.        , ..., -0.55874802,
         -0.53684846, -0.27428064],
        ...,
        [ 0.30984865,  0.60137127,  0.55874802, ...,  0.        ,
         -0.02617524, -0.30984865],
        [ 0.28485543,  0.58025199,  0.53684846, ...,  0.02617524,
          0.        , -0.28485543],
        [ 0.        ,  0.32421563,  0.27428064, ...,  0.30984865,
          0.28485543,  0.        ]]]), 'num': array([9.93312793e-01, 1.06278689e-01, 2.83850905e-05, 3.95467712e-04,
       3.96100461e-04, 3.84710991e-04, 4.50908489e-02, 6.32748340e-07,
       4.03946540e-04, 4.20651096e-04, 4.34856297e-04, 3.73234044e-07,
       4.71148378e-04, 3.70153814e-04])}
{'img': array([[[ 0.        ,  0.42007147, -0.04952172, ..., -0.81701902,
         -0.99934699, -0.99797904],
        [-0.42007147,  0.        , -0.46449658, ..., -0.98365514,
         -0.92207691, -0.93235006],
        [ 0.04952172,  0.46449658,  0.        , ..., -0.78746182,
         -0.99633146, -0.99360775],
        ...,
        [ 0.81701902,  0.98365514,  0.78746182, ...,  0.        ,
         -0.54671273, -0.52352872],
        [ 0.99934699,  0.92207691,  0.99633146, ...,  0.54671273,
          0.        ,  0.02744244],
        [ 0.99797904,  0.93235006,  0.99360775, ...,  0.52352872,
         -0.02744244,  0.        ]],

       [[ 0.        , -0.02225589,  0.24936142, ..., -0.31599357,
          0.52650516,  0.19277196],
