state_0,state_1,state_2,state_3,state_4,state_5,state_6,state_7,state_8,state_9,state_10,state_11,state_12,state_13,state_14,state_15,state_16,state_17,state_18,state_19,state_20,state_21,state_22,state_23,state_24,state_25,state_26,state_27,state_28,state_29,state_30,state_31,state_32,state_33,state_34,state_35,state_36,state_37,state_38,state_39,state_40,state_41,state_42,state_43,state_44,state_45,state_46,state_47,state_48,state_49,state_50,state_51,state_52,state_53,state_54,state_55,state_56,state_57,state_58,state_59,state_60,state_61,state_62,state_63,state_64,state_65,state_66,state_67,state_68,state_69,state_70,state_71,state_72,state_73,state_74,state_75,state_76,state_77,state_78,state_79,state_80,state_81,state_82,state_83,state_84,state_85,state_86,state_87,state_88,state_89,state_90,state_91,state_92,state_93,state_94,state_95,state_96,state_97,state_98,state_99,state_100,state_101,state_102,state_103,state_104,state_105,state_106,state_107,state_108,state_109,state_110,state_111,state_112,state_113,state_114,state_115,state_116,state_117,state_118,state_119,state_120,state_121,state_122,state_123,state_124,state_125,state_126,state_127,state_128,state_129,state_130,state_131,state_132,state_133,state_134,state_135,state_136,state_137,state_138,state_139,state_140,state_141,state_142,state_143,state_144,state_145,state_146,state_147,state_148,state_149,state_150,state_151,state_152,state_153,state_154,state_155,state_156,state_157,state_158,state_159,state_160,state_161,state_162,state_163,state_164,state_165,state_166,state_167,state_168,state_169,state_170,state_171,state_172,state_173,state_174,state_175,state_176,state_177,state_178,state_179,state_180,state_181,state_182,state_183,state_184,state_185,state_186,state_187,state_188,state_189,state_190,state_191,state_192,state_193,state_194,state_195,state_196,state_197,state_198,state_199,state_200,state_201,state_202,state_203,state_204,state_205,state_206,state_207,state_208,state_209,state_210,state_211,state_212,state_213,state_214,state_215,state_216,state_217,state_218,state_219,state_220,state_221,state_222,state_223,state_224,state_225,state_226,state_227,state_228,state_229,state_230,state_231,state_232,state_233,state_234,state_235,state_236,state_237,state_238,state_239,state_240,state_241,state_242,state_243,state_244,state_245,state_246,state_247,state_248,state_249,state_250,state_251,state_252,state_253,state_254,state_255,state_256,state_257,state_258,state_259,state_260,state_261,state_262,state_263,state_264,state_265,state_266,state_267,state_268,state_269,state_270,state_271,state_272,state_273,state_274,state_275,state_276,state_277,state_278,state_279,state_280,state_281,state_282,state_283,state_284,state_285,state_286,state_287
{'img': array([[[ 0.00000000e+00, -3.48739410e-01, -3.48739410e-01, ...,
          9.30321008e-01,  9.11105151e-01,  8.61930152e-01],
        [ 3.48739410e-01,  0.00000000e+00,  0.00000000e+00, ...,
          7.44016328e-01,  7.10164409e-01,  6.30997636e-01],
        [ 3.48739410e-01,  0.00000000e+00,  0.00000000e+00, ...,
          7.44016328e-01,  7.10164409e-01,  6.30997636e-01],
        ...,
        [-9.30321008e-01, -7.44016328e-01, -7.44016328e-01, ...,
          0.00000000e+00,  4.93097159e-02,  1.55588238e-01],
        [-9.11105151e-01, -7.10164409e-01, -7.10164409e-01, ...,
         -4.93097159e-02,  0.00000000e+00,  1.06689748e-01],
        [-8.61930152e-01, -6.30997636e-01, -6.30997636e-01, ...,
         -1.55588238e-01, -1.06689748e-01,  0.00000000e+00]],

       [[ 0.00000000e+00,  2.31078526e-02, -1.10542799e-01, ...,
         -1.75759297e-01, -2.67196931e-02,  2.04738043e-01],
        [-2.31078526e-02,  0.00000000e+00, -1.33479515e-01, ...,
         -1.98460502e-01, -4.98121606e-02,  1.82065019e-01],
        [ 1.10542799e-01,  1.33479515e-01,  0.00000000e+00, ...,
         -6.58601340e-02,  8.39473938e-02,  3.11684427e-01],
        ...,
        [ 1.75759297e-01,  1.98460502e-01,  6.58601340e-02, ...,
          0.00000000e+00,  1.49392793e-01,  3.73587074e-01],
        [ 2.67196931e-02,  4.98121606e-02, -8.39473938e-02, ...,
         -1.49392793e-01,  0.00000000e+00,  2.30818629e-01],
        [-2.04738043e-01, -1.82065019e-01, -3.11684427e-01, ...,
         -3.73587074e-01, -2.30818629e-01,  0.00000000e+00]],

       [[ 0.00000000e+00, -2.66841394e-01, -5.56618571e-02, ...,
          8.26247720e-01,  7.67597488e-01,  6.90008504e-01],
        [ 2.66841394e-01,  0.00000000e+00,  2.12784120e-01, ...,
          6.45974748e-01,  5.68737511e-01,  4.71848974e-01],
        [ 5.56618571e-02, -2.12784120e-01,  0.00000000e+00, ...,
          7.93612059e-01,  7.30731987e-01,  6.48650646e-01],
        ...,
        [-8.26247720e-01, -6.45974748e-01, -7.93612059e-01, ...,
          0.00000000e+00,  9.71757862e-02,  2.09352565e-01],
        [-7.67597488e-01, -5.68737511e-01, -7.30731987e-01, ...,
         -9.71757862e-02,  0.00000000e+00,  1.13339355e-01],
        [-6.90008504e-01, -4.71848974e-01, -6.48650646e-01, ...,
         -2.09352565e-01, -1.13339355e-01,  0.00000000e+00]],

       ...,

       [[ 0.00000000e+00, -1.40858033e-01, -3.24855381e-01, ...,
         -2.16587840e-01, -3.51566703e-01, -3.51566703e-01],
        [ 1.40858033e-01,  0.00000000e+00, -1.88398095e-01, ...,
         -7.69139122e-02, -2.16195459e-01, -2.16195459e-01],
        [ 3.24855381e-01,  1.88398095e-01,  0.00000000e+00, ...,
          1.12303415e-01, -2.83814923e-02, -2.83814923e-02],
        ...,
        [ 2.16587840e-01,  7.69139122e-02, -1.12303415e-01, ...,
          0.00000000e+00, -1.40460125e-01, -1.40460125e-01],
        [ 3.51566703e-01,  2.16195459e-01,  2.83814923e-02, ...,
          1.40460125e-01,  0.00000000e+00,  0.00000000e+00],
        [ 3.51566703e-01,  2.16195459e-01,  2.83814923e-02, ...,
          1.40460125e-01,  0.00000000e+00,  0.00000000e+00]],

       [[ 0.00000000e+00,  1.81362933e-01,  2.54827888e-01, ...,
          7.17027269e-01,  7.11806675e-01,  7.04920448e-01],
        [-1.81362933e-01,  0.00000000e+00,  7.52263867e-02, ...,
          8.31554403e-01,  8.27387109e-01,  8.21868469e-01],
        [-2.54827888e-01, -7.52263867e-02,  0.00000000e+00, ...,
          8.70982171e-01,  8.67292242e-01,  8.62394453e-01],
        ...,
        [-7.17027269e-01, -8.31554403e-01, -8.70982171e-01, ...,
          0.00000000e+00,  7.46097591e-03,  1.72163170e-02],
        [-7.11806675e-01, -8.27387109e-01, -8.67292242e-01, ...,
         -7.46097591e-03,  0.00000000e+00,  9.75596772e-03],
        [-7.04920448e-01, -8.21868469e-01, -8.62394453e-01, ...,
         -1.72163170e-02, -9.75596772e-03,  0.00000000e+00]],

       [[ 0.00000000e+00, -1.40127023e-02, -1.41653099e-02, ...,
          1.45533113e-01,  8.71276630e-02,  1.30251981e-01],
        [ 1.40127023e-02,  0.00000000e+00, -1.52622738e-04, ...,
          1.31655310e-01,  7.31596944e-02,  1.16345865e-01],
        [ 1.41653099e-02,  1.52622738e-04,  0.00000000e+00, ...,
          1.31504014e-01,  7.30074798e-02,  1.16194278e-01],
        ...,
        [-1.45533113e-01, -1.31655310e-01, -1.31504014e-01, ...,
          0.00000000e+00,  5.87796252e-02,  1.54280679e-02],
        [-8.71276630e-02, -7.31596944e-02, -7.30074798e-02, ...,
         -5.87796252e-02,  0.00000000e+00, -4.33712368e-02],
        [-1.30251981e-01, -1.16345865e-01, -1.16194278e-01, ...,
         -1.54280679e-02,  4.33712368e-02,  0.00000000e+00]]]), 'num': array([9.99437285e-01, 2.35271639e-03, 2.03694498e-06, 7.33150418e-03,
       7.34648172e-03, 6.97953207e-03, 2.71764856e-02, 4.26859794e-04,
       6.94059048e-03, 6.80129938e-03, 6.09273709e-03, 9.64141022e-07,
       7.20899663e-03, 6.39360214e-03])}
{'img': array([[[ 0.00000000e+00,  0.00000000e+00,  3.26786928e-01, ...,
          8.71612187e-01,  8.33220292e-01,  0.00000000e+00],
        [ 0.00000000e+00,  0.00000000e+00,  3.26786928e-01, ...,
          8.71612187e-01,  8.33220292e-01,  0.00000000e+00],
        [-3.26786928e-01, -3.26786928e-01,  0.00000000e+00, ...,
          9.83948640e-01,  9.68168813e-01,  3.26786928e-01],
        ...,
        [-8.71612187e-01, -8.71612187e-01, -9.83948640e-01, ...,
          0.00000000e+00,  7.35089484e-02,  8.71612187e-01],
        [-8.33220292e-01, -8.33220292e-01, -9.68168813e-01, ...,
         -7.35089484e-02,  0.00000000e+00,  8.33220292e-01],
        [-0.00000000e+00, -0.00000000e+00, -3.26786928e-01, ...,
         -8.71612187e-01, -8.33220292e-01,  0.00000000e+00]],

       [[ 0.00000000e+00, -1.33479515e-01, -8.99163214e-02, ...,
         -4.98121606e-02,  1.82065019e-01,  8.39296197e-01],
        [ 1.33479515e-01,  0.00000000e+00,  4.38271208e-02, ...,
          8.39473938e-02,  3.11684427e-01,  9.04355216e-01],
        [ 8.99163214e-02, -4.38271208e-02,  0.00000000e+00, ...,
          4.01943119e-02,  2.69741037e-01,  8.84781685e-01],
        ...,
        [ 4.98121606e-02, -8.39473938e-02, -4.01943119e-02, ...,
          0.00000000e+00,  2.30818629e-01,  8.65335896e-01],
        [-1.82065019e-01, -3.11684427e-01, -2.69741037e-01, ...,
         -2.30818629e-01,  0.00000000e+00,  7.26284519e-01],
        [-8.39296197e-01, -9.04355216e-01, -8.84781685e-01, ...,
         -8.65335896e-01, -7.26284519e-01,  0.00000000e+00]],

       [[ 0.00000000e+00,  2.12784120e-01,  3.44104662e-01, ...,
          5.68737511e-01,  4.71848974e-01,  1.62908257e-01],
        [-2.12784120e-01,  0.00000000e+00,  1.36434732e-01, ...,
          7.30731987e-01,  6.48650646e-01,  3.69119118e-01],
        [-3.44104662e-01, -1.36434732e-01,  0.00000000e+00, ...,
          8.17038100e-01,  7.46423758e-01,  4.92467505e-01],
        ...,
        [-5.68737511e-01, -7.30731987e-01, -8.17038100e-01, ...,
          0.00000000e+00,  1.13339355e-01,  4.27144722e-01],
        [-4.71848974e-01, -6.48650646e-01, -7.46423758e-01, ...,
         -1.13339355e-01,  0.00000000e+00,  3.21912795e-01],
        [-1.62908257e-01, -3.69119118e-01, -4.92467505e-01, ...,
         -4.27144722e-01, -3.21912795e-01,  0.00000000e+00]],

       ...,

       [[ 0.00000000e+00, -1.88398095e-01, -4.19800064e-02, ...,
         -2.16195459e-01, -2.16195459e-01,  1.36957382e-02],
        [ 1.88398095e-01,  0.00000000e+00,  1.47003753e-01, ...,
         -2.83814923e-02, -2.83814923e-02,  2.01830910e-01],
        [ 4.19800064e-02, -1.47003753e-01,  0.00000000e+00, ...,
         -1.75017688e-01, -1.75017688e-01,  5.56597338e-02],
        ...,
        [ 2.16195459e-01,  2.83814923e-02,  1.75017688e-01, ...,
          0.00000000e+00,  0.00000000e+00,  2.29547017e-01],
        [ 2.16195459e-01,  2.83814923e-02,  1.75017688e-01, ...,
          0.00000000e+00,  0.00000000e+00,  2.29547017e-01],
        [-1.36957382e-02, -2.01830910e-01, -5.56597338e-02, ...,
         -2.29547017e-01, -2.29547017e-01,  0.00000000e+00]],

       [[ 0.00000000e+00,  1.81272967e-01,  2.79811707e-01, ...,
          7.14253650e-01,  7.07357817e-01,  5.56748439e-01],
        [-1.81272967e-01,  0.00000000e+00,  1.01144017e-01, ...,
          8.29291062e-01,  8.23772714e-01,  6.98104724e-01],
        [-2.79811707e-01, -1.01144017e-01,  0.00000000e+00, ...,
          8.81559274e-01,  8.76888825e-01,  7.66943378e-01],
        ...,
        [-7.14253650e-01, -8.29291062e-01, -8.81559274e-01, ...,
          0.00000000e+00,  9.80373755e-03,  2.03656085e-01],
        [-7.07357817e-01, -8.23772714e-01, -8.76888825e-01, ...,
         -9.80373755e-03,  0.00000000e+00,  1.94048022e-01],
        [-5.56748439e-01, -6.98104724e-01, -7.66943378e-01, ...,
         -2.03656085e-01, -1.94048022e-01,  0.00000000e+00]],

       [[ 0.00000000e+00, -1.52622738e-04, -7.31596944e-02, ...,
          7.31596944e-02,  1.16345865e-01,  4.32116555e-01],
        [ 1.52622738e-04,  0.00000000e+00, -7.30074798e-02, ...,
          7.30074798e-02,  1.16194278e-01,  4.31978912e-01],
        [ 7.31596944e-02,  7.30074798e-02,  0.00000000e+00, ...,
          0.00000000e+00,  4.33712368e-02,  3.64981874e-01],
        ...,
        [-7.31596944e-02, -7.30074798e-02, -0.00000000e+00, ...,
          0.00000000e+00, -4.33712368e-02, -3.64981874e-01],
        [-1.16345865e-01, -1.16194278e-01, -4.33712368e-02, ...,
          4.33712368e-02,  0.00000000e+00, -3.24259179e-01],
        [-4.32116555e-01, -4.31978912e-01, -3.64981874e-01, ...,
          3.64981874e-01,  3.24259179e-01,  0.00000000e+00]]]), 'num': array([9.04765330e-01, 4.25081144e-01, 9.55546188e-07, 7.86367519e-03,
       7.91066926e-03, 7.70702827e-03, 1.64878398e-02, 1.95808645e-04,
       7.40783266e-03, 7.15288980e-03, 6.40881695e-03, 1.02375544e-06,
       7.68938834e-03, 6.61639127e-03])}
{'img': array([[[ 0.        ,  0.3122499 ,  0.3122499 , ...,  0.91014688,
          0.57031141,  0.        ],
        [-0.3122499 ,  0.        ,  0.        , ...,  0.99400021,
          0.79828683,  0.3122499 ],
        [-0.3122499 ,  0.        ,  0.        , ...,  0.99400021,
          0.79828683,  0.3122499 ],
        ...,
        [-0.91014688, -0.99400021, -0.99400021, ...,  0.        ,
          0.51134878,  0.91014688],
        [-0.57031141, -0.79828683, -0.79828683, ..., -0.51134878,
          0.        ,  0.57031141],
        [-0.        , -0.3122499 , -0.3122499 , ..., -0.91014688,
         -0.57031141,  0.        ]],

       [[ 0.        ,  0.04382712, -0.03224115, ...,  0.31168443,
          0.90435522,  0.55222422],
        [-0.04382712,  0.        , -0.07601451, ...,  0.26974104,
          0.88478169,  0.51515513],
        [ 0.03224115,  0.07601451,  0.        , ...,  0.34215747,
          0.91764496,  0.57881644],
        ...,
        [-0.31168443, -0.26974104, -0.34215747, ...,  0.        ,
          0.72628452,  0.2648656 ],
        [-0.90435522, -0.88478169, -0.91764496, ..., -0.72628452,
          0.        , -0.51827843],
        [-0.55222422, -0.51515513, -0.57881644, ..., -0.2648656 ,
          0.51827843,  0.        ]],

       [[ 0.        ,  0.26440108,  0.35215137, ...,  0.68012508,
          0.55633089,  0.        ],
        [-0.26440108,  0.        ,  0.09215494, ...,  0.84975274,
          0.75623958,  0.26440108],
        [-0.35215137, -0.09215494,  0.        , ...,  0.89471914,
          0.81331804,  0.35215137],
        ...,
        [-0.68012508, -0.84975274, -0.89471914, ...,  0.        ,
          0.15731332,  0.68012508],
        [-0.55633089, -0.75623958, -0.81331804, ..., -0.15731332,
          0.        ,  0.55633089],
        [-0.        , -0.26440108, -0.35215137, ..., -0.68012508,
         -0.55633089,  0.        ]],

       ...,

       [[ 0.        ,  0.14700375,  0.53269096, ..., -0.02838149,
          0.20183091,  0.23710363],
        [-0.14700375,  0.        ,  0.40249305, ..., -0.17501769,
          0.05565973,  0.09171587],
        [-0.53269096, -0.40249305,  0.        , ..., -0.55649591,
         -0.3509169 , -0.31683781],
        ...,
        [ 0.02838149,  0.17501769,  0.55649591, ...,  0.        ,
          0.22954702,  0.26458029],
        [-0.20183091, -0.05565973,  0.3509169 , ..., -0.22954702,
          0.        ,  0.03614855],
        [-0.23710363, -0.09171587,  0.31683781, ..., -0.26458029,
         -0.03614855,  0.        ]],

       [[ 0.        ,  0.21584876,  0.30994289, ...,  0.70979621,
          0.55885281,  0.07536838],
        [-0.21584876,  0.        ,  0.09741721, ...,  0.84510944,
          0.72467509,  0.28882654],
        [-0.30994289, -0.09741721,  0.        , ...,  0.89316838,
          0.78835757,  0.38071821],
        ...,
        [-0.70979621, -0.84510944, -0.89316838, ...,  0.        ,
          0.1949506 ,  0.65468736],
        [-0.55885281, -0.72467509, -0.78835757, ..., -0.1949506 ,
          0.        ,  0.4947628 ],
        [-0.07536838, -0.28882654, -0.38071821, ..., -0.65468736,
         -0.4947628 ,  0.        ]],

       [[ 0.        , -0.07300748,  0.01146984, ...,  0.11619428,
          0.43197891,  0.59350792],
        [ 0.07300748,  0.        ,  0.08444191, ...,  0.04337124,
          0.36498187,  0.53316561],
        [-0.01146984, -0.08444191,  0.        , ...,  0.12757879,
          0.44229496,  0.60270013],
        ...,
        [-0.11619428, -0.04337124, -0.12757879, ...,  0.        ,
         -0.32425918, -0.49597137],
        [-0.43197891, -0.36498187, -0.44229496, ...,  0.32425918,
          0.        , -0.18760634],
        [-0.59350792, -0.53316561, -0.60270013, ...,  0.49597137,
          0.18760634,  0.        ]]]), 'num': array([9.35252745e-01, 3.52905417e-01, 1.13297145e-06, 8.20207504e-03,
       8.28186176e-03, 7.97069355e-03, 1.71708686e-02, 1.91488133e-04,
       7.73452485e-03, 7.34755925e-03, 6.56897381e-03, 1.04933510e-06,
       8.00543742e-03, 6.68968107e-03])}
{'img': array([[[ 0.        ,  0.        ,  0.        , ...,  0.74233071,
          0.54508031,  0.        ],
        [ 0.        ,  0.        ,  0.        , ...,  0.74233071,
          0.54508031,  0.        ],
        [ 0.        ,  0.        ,  0.        , ...,  0.74233071,
          0.54508031,  0.        ],
        ...,
        [-0.74233071, -0.74233071, -0.74233071, ...,  0.        ,
          0.25713591,  0.74233071],
        [-0.54508031, -0.54508031, -0.54508031, ..., -0.25713591,
          0.        ,  0.54508031],
        [-0.        , -0.        , -0.        , ..., -0.74233071,
         -0.54508031,  0.        ]],

       [[ 0.        , -0.07601451, -0.52727465, ...,  0.88478169,
          0.51515513,  0.53066236],
        [ 0.07601451,  0.        , -0.46115995, ...,  0.91764496,
          0.57881644,  0.59355563],
        [ 0.52727465,  0.46115995,  0.        , ...,  0.99750752,
          0.88965019,  0.8978103 ],
        ...,
        [-0.88478169, -0.91764496, -0.99750752, ...,  0.        ,
         -0.51827843, -0.50263447],
        [-0.51515513, -0.57881644, -0.88965019, ...,  0.51827843,
          0.        ,  0.01819221],
        [-0.53066236, -0.59355563, -0.8978103 , ...,  0.50263447,
         -0.01819221,  0.        ]],

       [[ 0.        ,  0.22734868,  0.22734868, ...,  0.75874209,
          0.59072361,  0.        ],
        [-0.22734868,  0.        ,  0.        , ...,  0.88696615,
          0.75869631,  0.22734868],
        [-0.22734868,  0.        ,  0.        , ...,  0.88696615,
          0.75869631,  0.22734868],
        ...,
        [-0.75874209, -0.88696615, -0.88696615, ...,  0.        ,
          0.22741711,  0.75874209],
        [-0.59072361, -0.75869631, -0.75869631, ..., -0.22741711,
          0.        ,  0.59072361],
        [-0.        , -0.22734868, -0.22734868, ..., -0.75874209,
         -0.59072361,  0.        ]],

       ...,

       [[ 0.        ,  0.40249305,  0.34080898, ...,  0.05565973,
          0.09171587,  0.10656521],
        [-0.40249305,  0.        , -0.06641243, ..., -0.3509169 ,
         -0.31683781, -0.30264889],
        [-0.34080898,  0.06641243,  0.        , ..., -0.28795313,
         -0.25314747, -0.23868289],
        ...,
        [-0.05565973,  0.3509169 ,  0.28795313, ...,  0.        ,
          0.03614855,  0.05105722],
        [-0.09171587,  0.31683781,  0.25314747, ..., -0.03614855,
          0.        ,  0.01492245],
        [-0.10656521,  0.30264889,  0.23868289, ..., -0.05105722,
         -0.01492245,  0.        ]],

       [[ 0.        ,  0.0938249 ,  0.15397654, ...,  0.86167091,
          0.72008489,  0.20425056],
        [-0.0938249 ,  0.        ,  0.06059131, ...,  0.90548292,
          0.78201217,  0.2951965 ],
        [-0.15397654, -0.06059131,  0.        , ...,  0.92953315,
          0.81833968,  0.35254528],
        ...,
        [-0.86167091, -0.90548292, -0.92953315, ...,  0.        ,
          0.23248171,  0.7398552 ],
        [-0.72008489, -0.78201217, -0.81833968, ..., -0.23248171,
          0.        ,  0.56317792],
        [-0.20425056, -0.2951965 , -0.35254528, ..., -0.7398552 ,
         -0.56317792,  0.        ]],

       [[ 0.        ,  0.08444191,  0.23761572, ...,  0.36498187,
          0.53316561,  0.61760532],
        [-0.08444191,  0.        ,  0.15474362, ...,  0.44229496,
          0.60270013,  0.68181205],
        [-0.23761572, -0.15474362,  0.        , ...,  0.57575223,
          0.71892083,  0.78679859],
        ...,
        [-0.36498187, -0.44229496, -0.57575223, ...,  0.        ,
         -0.18760634, -0.28794565],
        [-0.53316561, -0.60270013, -0.71892083, ...,  0.18760634,
          0.        , -0.10317237],
        [-0.61760532, -0.68181205, -0.78679859, ...,  0.28794565,
          0.10317237,  0.        ]]]), 'num': array([ 9.89798079e-01,  1.40259790e-01,  1.66903397e-06,  8.66875805e-03,
        8.77094380e-03,  8.56657229e-03,  9.58114057e-03, -8.51547942e-05,
        8.43202772e-03,  7.91130615e-03,  7.05166851e-03,  1.18935208e-06,
        8.65123174e-03,  7.17138057e-03])}
{'img': array([[[ 0.        ,  0.        ,  0.1999898 , ...,  0.54508031,
          0.        ,  0.36075677],
        [ 0.        ,  0.        ,  0.1999898 , ...,  0.54508031,
          0.        ,  0.36075677],
        [-0.1999898 , -0.1999898 ,  0.        , ...,  0.7017368 ,
          0.1999898 ,  0.53999123],
        ...,
        [-0.54508031, -0.54508031, -0.7017368 , ...,  0.        ,
          0.54508031,  0.20592191],
        [-0.        , -0.        , -0.1999898 , ..., -0.54508031,
          0.        , -0.36075677],
        [-0.36075677, -0.36075677, -0.53999123, ..., -0.20592191,
          0.36075677,  0.        ]],

       [[ 0.        , -0.46115995, -0.11266338, ...,  0.57881644,
          0.59355563,  0.17054372],
        [ 0.46115995,  0.        ,  0.35825571, ...,  0.88965019,
          0.8978103 ,  0.60573035],
        [ 0.11266338, -0.35825571,  0.        , ...,  0.66700348,
          0.68044728,  0.28047078],
        ...,
        [-0.57881644, -0.88965019, -0.66700348, ...,  0.        ,
          0.01819221, -0.43126563],
        [-0.59355563, -0.8978103 , -0.68044728, ..., -0.01819221,
          0.        , -0.44760772],
        [-0.17054372, -0.60573035, -0.28047078, ...,  0.43126563,
          0.44760772,  0.        ]],

       [[ 0.        ,  0.        ,  0.17407258, ...,  0.75032538,
          0.54069085,  0.        ],
        [ 0.        ,  0.        ,  0.17407258, ...,  0.75032538,
          0.54069085,  0.        ],
        [-0.17407258, -0.17407258,  0.        , ...,  0.85394396,
          0.67886961,  0.17407258],
        ...,
        [-0.75032538, -0.75032538, -0.85394396, ...,  0.        ,
          0.27375594,  0.75032538],
        [-0.54069085, -0.54069085, -0.67886961, ..., -0.27375594,
          0.        ,  0.54069085],
        [-0.        , -0.        , -0.17407258, ..., -0.75032538,
         -0.54069085,  0.        ]],

       ...,

       [[ 0.        , -0.06641243, -0.07419859, ..., -0.31683781,
         -0.30264889, -0.1545733 ],
        [ 0.06641243,  0.        , -0.00780542, ..., -0.25314747,
         -0.23868289, -0.08861781],
        [ 0.07419859,  0.00780542,  0.        , ..., -0.24558858,
         -0.2310958 , -0.0808404 ],
        ...,
        [ 0.31683781,  0.25314747,  0.24558858, ...,  0.        ,
          0.01492245,  0.16642019],
        [ 0.30264889,  0.23868289,  0.2310958 , ..., -0.01492245,
          0.        ,  0.15168731],
        [ 0.1545733 ,  0.08861781,  0.0808404 , ..., -0.16642019,
         -0.15168731,  0.        ]],

       [[ 0.        ,  0.05907686,  0.06290797, ...,  0.85853623,
          0.67041209,  0.28816005],
        [-0.05907686,  0.        ,  0.00383825, ...,  0.88732857,
          0.71307555,  0.34422771],
        [-0.06290797, -0.00383825,  0.        , ...,  0.889092  ,
          0.71576125,  0.34782886],
        ...,
        [-0.85853623, -0.88732857, -0.889092  , ...,  0.        ,
          0.29326866,  0.67436416],
        [-0.67041209, -0.71307555, -0.71576125, ..., -0.29326866,
          0.        ,  0.42816315],
        [-0.28816005, -0.34422771, -0.34782886, ..., -0.67436416,
         -0.42816315,  0.        ]],

       [[ 0.        ,  0.22270455,  0.4240974 , ...,  0.53360249,
          0.61809143,  0.57062673],
        [-0.22270455,  0.        ,  0.21176168, ...,  0.70855071,
          0.7776381 ,  0.73918311],
        [-0.4240974 , -0.21176168,  0.        , ...,  0.84191345,
          0.89313945,  0.86504187],
        ...,
        [-0.53360249, -0.70855071, -0.84191345, ...,  0.        ,
         -0.10327357, -0.04439977],
        [-0.61809143, -0.7776381 , -0.89313945, ...,  0.10327357,
          0.        ,  0.05900936],
        [-0.57062673, -0.73918311, -0.86504187, ...,  0.04439977,
         -0.05900936,  0.        ]]]), 'num': array([ 9.99628551e-01,  1.04744834e-02,  1.97435942e-06,  8.75357582e-03,
        9.03313114e-03,  8.75357582e-03,  8.15815795e-03, -1.39777658e-04,
        8.79026746e-03,  8.16956730e-03,  7.27382547e-03,  1.12521015e-06,
        8.95019132e-03,  7.38894328e-03])}
{'img': array([[[ 0.        ,  0.1999898 ,  0.43796936, ...,  0.        ,
          0.36075677,  0.56525559],
        [-0.1999898 ,  0.        ,  0.24933269, ...,  0.1999898 ,
          0.53999123,  0.71881103],
        [-0.43796936, -0.24933269,  0.        , ...,  0.43796936,
          0.73279317,  0.86944692],
        ...,
        [-0.        , -0.1999898 , -0.43796936, ...,  0.        ,
         -0.36075677, -0.56525559],
        [-0.36075677, -0.53999123, -0.73279317, ...,  0.36075677,
          0.        , -0.22959727],
        [-0.56525559, -0.71881103, -0.86944692, ...,  0.56525559,
          0.22959727,  0.        ]],

       [[ 0.        ,  0.35825571,  0.6776921 , ...,  0.8978103 ,
          0.60573035,  0.50715859],
        [-0.35825571,  0.        ,  0.36926745, ...,  0.68044728,
          0.28047078,  0.16473151],
        [-0.6776921 , -0.36926745,  0.        , ...,  0.36175733,
         -0.09379801, -0.21113387],
        ...,
        [-0.8978103 , -0.68044728, -0.36175733, ...,  0.        ,
         -0.44760772, -0.55043655],
        [-0.60573035, -0.28047078,  0.09379801, ...,  0.44760772,
          0.        , -0.1185195 ],
        [-0.50715859, -0.16473151,  0.21113387, ...,  0.55043655,
          0.1185195 ,  0.        ]],

       [[ 0.        ,  0.16902648,  0.29994392, ...,  0.67779406,
          0.46579609,  0.        ],
        [-0.16902648,  0.        ,  0.13438422, ...,  0.79231865,
          0.60866418,  0.16902648],
        [-0.29994392, -0.13438422,  0.        , ...,  0.86712059,
          0.70976737,  0.29994392],
        ...,
        [-0.67779406, -0.79231865, -0.86712059, ...,  0.        ,
          0.25729719,  0.67779406],
        [-0.46579609, -0.60866418, -0.70976737, ..., -0.25729719,
          0.        ,  0.46579609],
        [-0.        , -0.16902648, -0.29994392, ..., -0.67779406,
         -0.46579609,  0.        ]],

       ...,

       [[ 0.        , -0.00780542, -0.34080898, ..., -0.23868289,
         -0.08861781, -0.2869832 ],
        [ 0.00780542,  0.        , -0.33346047, ..., -0.2310958 ,
         -0.0808404 , -0.27949737],
        [ 0.34080898,  0.33346047,  0.        , ...,  0.10656521,
          0.25615565,  0.0566708 ],
        ...,
        [ 0.23868289,  0.2310958 , -0.10656521, ...,  0.        ,
          0.15168731, -0.05004585],
        [ 0.08861781,  0.0808404 , -0.25615565, ..., -0.15168731,
          0.        , -0.20096397],
        [ 0.2869832 ,  0.27949737, -0.0566708 , ...,  0.05004585,
          0.20096397,  0.        ]],

       [[ 0.        ,  0.00377498,  0.0454454 , ...,  0.7914129 ,
          0.64716508,  0.33889335],
        [-0.00377498,  0.        ,  0.041674  , ...,  0.79371484,
          0.65003832,  0.34244253],
        [-0.0454454 , -0.041674  ,  0.        , ...,  0.81837519,
          0.68114174,  0.38129937],
        ...,
        [-0.7914129 , -0.79371484, -0.81837519, ...,  0.        ,
          0.20773321,  0.5374215 ],
        [-0.64716508, -0.65003832, -0.68114174, ..., -0.20773321,
          0.        ,  0.35051365],
        [-0.33889335, -0.34244253, -0.38129937, ..., -0.5374215 ,
         -0.35051365,  0.        ]],

       [[ 0.        ,  0.36793953,  0.48472667, ...,  0.62153525,
          0.57388495,  0.52068611],
        [-0.36793953,  0.        ,  0.12889888, ...,  0.86617312,
          0.83494566,  0.79828754],
        [-0.48472667, -0.12889888,  0.        , ...,  0.92336373,
          0.89891756,  0.86926079],
        ...,
        [-0.62153525, -0.86617312, -0.92336373, ...,  0.        ,
          0.05942399,  0.12273628],
        [-0.57388495, -0.83494566, -0.89891756, ..., -0.05942399,
          0.        ,  0.06354468],
        [-0.52068611, -0.79828754, -0.86926079, ..., -0.12273628,
         -0.06354468,  0.        ]]]), 'num': array([9.99593668e-01, 1.04124214e-02, 1.96266120e-06, 8.75381634e-03,
       8.78855370e-03, 8.51065477e-03, 1.20827676e-02, 5.21060496e-05,
       8.78855370e-03, 8.17326810e-03, 7.27082027e-03, 1.19858268e-06,
       8.97191172e-03, 7.37462449e-03])}
{'img': array([[[ 0.        ,  0.39572897,  0.        , ...,  0.36252823,
          0.56785406,  0.50358518],
        [-0.39572897,  0.        , -0.39572897, ...,  0.70174272,
          0.84723472,  0.80436448],
        [ 0.        ,  0.39572897,  0.        , ...,  0.36252823,
          0.56785406,  0.50358518],
        ...,
        [-0.36252823, -0.70174272, -0.36252823, ...,  0.        ,
         -0.23081694, -0.15612302],
        [-0.56785406, -0.84723472, -0.56785406, ...,  0.23081694,
          0.        ,  0.07607931],
        [-0.50358518, -0.80436448, -0.50358518, ...,  0.15612302,
         -0.07607931,  0.        ]],

       [[ 0.        ,  0.37109546,  0.42001299, ...,  0.28209156,
          0.16591514,  0.41328154],
        [-0.37109546,  0.        ,  0.05324601, ..., -0.09407561,
         -0.21188416,  0.04585031],
        [-0.42001299, -0.05324601,  0.        , ..., -0.14695202,
         -0.26362063, -0.00740474],
        ...,
        [-0.28209156,  0.09407561,  0.14695202, ...,  0.        ,
         -0.11900487,  0.13962364],
        [-0.16591514,  0.21188416,  0.26362063, ...,  0.11900487,
          0.        ,  0.25647059],
        [-0.41328154, -0.04585031,  0.00740474, ..., -0.13962364,
         -0.25647059,  0.        ]],

       [[ 0.        ,  0.24795255,  0.2640323 , ...,  0.53432307,
          0.28396025,  0.        ],
        [-0.24795255,  0.        ,  0.01663348, ...,  0.72722674,
          0.51283863,  0.24795255],
        [-0.2640323 , -0.01663348,  0.        , ...,  0.73854331,
          0.52704727,  0.2640323 ],
        ...,
        [-0.53432307, -0.72722674, -0.73854331, ...,  0.        ,
          0.27230221,  0.53432307],
        [-0.28396025, -0.51283863, -0.52704727, ..., -0.27230221,
          0.        ,  0.28396025],
        [-0.        , -0.24795255, -0.2640323 , ..., -0.53432307,
         -0.28396025,  0.        ]],

       ...,

       [[ 0.        , -0.33346047, -0.63335568, ..., -0.0808404 ,
         -0.27949737, -0.11193695],
        [ 0.33346047,  0.        , -0.33905299, ...,  0.25615565,
          0.0566708 ,  0.22583464],
        [ 0.63335568,  0.33905299,  0.        , ...,  0.56872353,
          0.39182215,  0.54275162],
        ...,
        [ 0.0808404 , -0.25615565, -0.56872353, ...,  0.        ,
         -0.20096397, -0.03123825],
        [ 0.27949737, -0.0566708 , -0.39182215, ...,  0.20096397,
          0.        ,  0.17026495],
        [ 0.11193695, -0.22583464, -0.54275162, ...,  0.03123825,
         -0.17026495,  0.        ]],

       [[ 0.        ,  0.04100329,  0.07103318, ...,  0.7485053 ,
          0.6422291 ,  0.33727319],
        [-0.04100329,  0.        ,  0.03007373, ...,  0.77506628,
          0.67311853,  0.37559032],
        [-0.07103318, -0.03007373,  0.        , ...,  0.79371869,
          0.69505463,  0.40329234],
        ...,
        [-0.7485053 , -0.77506628, -0.79371869, ...,  0.        ,
          0.14785823,  0.48099243],
        [-0.6422291 , -0.67311853, -0.69505463, ..., -0.14785823,
          0.        ,  0.34607466],
        [-0.33727319, -0.37559032, -0.40329234, ..., -0.48099243,
         -0.34607466,  0.        ]],

       [[ 0.        ,  0.33333058,  0.39584357, ...,  0.5831643 ,
          0.52930452,  0.47107079],
        [-0.33333058,  0.        ,  0.06710183, ...,  0.82059565,
          0.7818419 ,  0.73815963],
        [-0.39584357, -0.06710183,  0.        , ...,  0.85709545,
          0.82191617,  0.78176457],
        ...,
        [-0.5831643 , -0.82059565, -0.85709545, ...,  0.        ,
          0.06479245,  0.1317302 ],
        [-0.52930452, -0.7818419 , -0.82191617, ..., -0.06479245,
          0.        ,  0.06722559],
        [-0.47107079, -0.73815963, -0.78176457, ..., -0.1317302 ,
         -0.06722559,  0.        ]]]), 'num': array([ 9.99583610e-01,  1.06958277e-02,  2.01608111e-06,  8.75121932e-03,
        9.09912712e-03,  8.74229860e-03,  1.14362290e-02, -2.40859247e-04,
        8.98672613e-03,  8.42828951e-03,  7.50544176e-03,  1.26788004e-06,
        9.25082761e-03,  7.60575141e-03])}
