state_0,state_1,state_2,state_3,state_4,state_5,state_6,state_7,state_8,state_9,state_10,state_11,state_12,state_13,state_14,state_15,state_16,state_17,state_18,state_19,state_20,state_21,state_22,state_23,state_24,state_25,state_26,state_27,state_28,state_29,state_30,state_31,state_32,state_33,state_34,state_35,state_36,state_37,state_38,state_39,state_40,state_41,state_42,state_43,state_44,state_45,state_46,state_47,state_48,state_49,state_50,state_51,state_52,state_53,state_54,state_55,state_56,state_57,state_58,state_59,state_60,state_61,state_62,state_63,state_64,state_65,state_66,state_67,state_68,state_69,state_70,state_71,state_72,state_73,state_74,state_75,state_76,state_77,state_78,state_79,state_80,state_81,state_82,state_83,state_84,state_85,state_86,state_87,state_88,state_89,state_90,state_91,state_92,state_93,state_94,state_95,state_96,state_97,state_98,state_99,state_100,state_101,state_102,state_103,state_104,state_105,state_106,state_107,state_108,state_109,state_110,state_111,state_112,state_113,state_114,state_115,state_116,state_117,state_118,state_119,state_120,state_121,state_122,state_123,state_124,state_125,state_126,state_127,state_128,state_129,state_130,state_131,state_132,state_133,state_134,state_135,state_136,state_137,state_138,state_139,state_140,state_141,state_142,state_143,state_144,state_145,state_146,state_147,state_148,state_149,state_150,state_151,state_152,state_153,state_154,state_155,state_156,state_157,state_158,state_159,state_160,state_161,state_162,state_163,state_164,state_165,state_166,state_167,state_168,state_169,state_170,state_171,state_172,state_173,state_174,state_175,state_176,state_177,state_178,state_179,state_180,state_181,state_182,state_183,state_184,state_185,state_186,state_187,state_188,state_189,state_190,state_191,state_192,state_193,state_194,state_195,state_196,state_197,state_198,state_199,state_200,state_201,state_202,state_203,state_204,state_205,state_206,state_207,state_208,state_209,state_210,state_211,state_212,state_213,state_214,state_215,state_216,state_217,state_218,state_219,state_220,state_221,state_222,state_223,state_224,state_225,state_226,state_227,state_228,state_229,state_230,state_231,state_232,state_233,state_234,state_235,state_236,state_237,state_238,state_239,state_240,state_241,state_242,state_243,state_244,state_245,state_246,state_247,state_248,state_249,state_250,state_251,state_252,state_253,state_254,state_255,state_256,state_257,state_258,state_259,state_260,state_261,state_262,state_263,state_264,state_265,state_266,state_267,state_268,state_269,state_270,state_271,state_272,state_273,state_274,state_275,state_276,state_277,state_278,state_279,state_280,state_281,state_282,state_283,state_284,state_285,state_286,state_287
{'img': array([[[ 0.        , -0.10570308, -0.20993252, ...,  0.81455469,
          0.20993252,  0.472122  ],
        [ 0.10570308,  0.        , -0.10540885, ...,  0.74867439,
          0.10540885,  0.37629628],
        [ 0.20993252,  0.10540885,  0.        , ...,  0.67462398,
          0.        ,  0.27653869],
        ...,
        [-0.81455469, -0.74867439, -0.67462398, ...,  0.        ,
          0.67462398,  0.44418529],
        [-0.20993252, -0.10540885, -0.        , ..., -0.67462398,
          0.        , -0.27653869],
        [-0.472122  , -0.37629628, -0.27653869, ..., -0.44418529,
          0.27653869,  0.        ]],

       [[ 0.        , -0.71574238, -0.82293898, ..., -0.6163372 ,
         -0.00103211, -0.4923592 ],
        [ 0.71574238,  0.        , -0.16807673, ...,  0.13320654,
          0.71502121,  0.27913038],
        [ 0.82293898,  0.16807673,  0.        , ...,  0.29789041,
          0.82235216,  0.43655567],
        ...,
        [ 0.6163372 , -0.13320654, -0.29789041, ...,  0.        ,
          0.6155241 ,  0.14873085],
        [ 0.00103211, -0.71502121, -0.82235216, ..., -0.6155241 ,
          0.        , -0.49146059],
        [ 0.4923592 , -0.27913038, -0.43655567, ..., -0.14873085,
          0.49146059,  0.        ]],

       [[ 0.        , -0.11815851,  0.12345419, ...,  0.74762118,
          0.58595012,  0.11815851],
        [ 0.11815851,  0.        ,  0.239844  , ...,  0.66391183,
          0.48609598,  0.        ],
        [-0.12345419, -0.239844  ,  0.        , ...,  0.82389115,
          0.68150851,  0.239844  ],
        ...,
        [-0.74762118, -0.66391183, -0.82389115, ...,  0.        ,
          0.2166883 ,  0.66391183],
        [-0.58595012, -0.48609598, -0.68150851, ..., -0.2166883 ,
          0.        ,  0.48609598],
        [-0.11815851, -0.        , -0.239844  , ..., -0.66391183,
         -0.48609598,  0.        ]],

       ...,

       [[ 0.        ,  0.27285441,  0.35854384, ...,  0.76633405,
          0.69268293,  0.72952137],
        [-0.27285441,  0.        ,  0.0902259 , ...,  0.91254898,
          0.86319343,  0.88846089],
        [-0.35854384, -0.0902259 ,  0.        , ...,  0.94572644,
          0.9052254 ,  0.92624653],
        ...,
        [-0.76633405, -0.91254898, -0.94572644, ...,  0.        ,
          0.10770366,  0.05546492],
        [-0.69268293, -0.86319343, -0.9052254 , ..., -0.10770366,
          0.        , -0.05239558],
        [-0.72952137, -0.88846089, -0.92624653, ..., -0.05546492,
          0.05239558,  0.        ]],

       [[ 0.        , -0.05015944, -0.12076805, ...,  0.9792025 ,
          0.90190126,  0.7266521 ],
        [ 0.05015944,  0.        , -0.07082373, ...,  0.96779328,
          0.87909999,  0.69127759],
        [ 0.12076805,  0.07082373,  0.        , ...,  0.9475334 ,
          0.8431352 ,  0.63836522],
        ...,
        [-0.9792025 , -0.96779328, -0.9475334 , ...,  0.        ,
          0.23997637,  0.52529055],
        [-0.90190126, -0.87909999, -0.8431352 , ..., -0.23997637,
          0.        ,  0.30573949],
        [-0.7266521 , -0.69127759, -0.63836522, ..., -0.52529055,
         -0.30573949,  0.        ]],

       [[ 0.        , -0.16694836, -0.38309437, ...,  0.97823422,
          0.99098314,  0.38309437],
        [ 0.16694836,  0.        , -0.22350615, ...,  0.99914774,
          0.95470648,  0.22350615],
        [ 0.38309437,  0.22350615,  0.        , ...,  0.98309748,
          0.86405072,  0.        ],
        ...,
        [-0.97823422, -0.99914774, -0.98309748, ...,  0.        ,
          0.33670305,  0.98309748],
        [-0.99098314, -0.95470648, -0.86405072, ..., -0.33670305,
          0.        ,  0.86405072],
        [-0.38309437, -0.22350615, -0.        , ..., -0.98309748,
         -0.86405072,  0.        ]]]), 'num': array([9.31426484e-01, 3.63008548e-01, 4.77662131e-06, 8.12025623e-04,
       8.26355487e-04, 8.05201878e-04, 2.57841472e-02, 1.36474895e-06,
       8.01790006e-04, 7.31061891e-04, 6.42830872e-04, 5.69001911e-07,
       8.44526035e-04, 6.17597748e-04])}
{'img': array([[[ 0.        , -0.10540885,  0.48858246, ...,  0.10540885,
          0.37629628,  0.3355478 ],
        [ 0.10540885,  0.        ,  0.57783164, ...,  0.        ,
          0.27653869,  0.23438088],
        [-0.48858246, -0.57783164,  0.        , ...,  0.57783164,
          0.78099652,  0.75302741],
        ...,
        [-0.10540885, -0.        , -0.57783164, ...,  0.        ,
         -0.27653869, -0.23438088],
        [-0.37629628, -0.27653869, -0.78099652, ...,  0.27653869,
          0.        ,  0.04359498],
        [-0.3355478 , -0.23438088, -0.75302741, ...,  0.23438088,
         -0.04359498,  0.        ]],

       [[ 0.        , -0.16807673,  0.14137703, ...,  0.71502121,
          0.27913038,  0.38421503],
        [ 0.16807673,  0.        ,  0.30575433, ...,  0.82235216,
          0.43655567,  0.53392493],
        [-0.14137703, -0.30575433,  0.        , ...,  0.60900234,
          0.140569  ,  0.24983047],
        ...,
        [-0.71502121, -0.82235216, -0.60900234, ...,  0.        ,
         -0.49146059, -0.39153299],
        [-0.27913038, -0.43655567, -0.140569  , ...,  0.49146059,
          0.        ,  0.11123837],
        [-0.38421503, -0.53392493, -0.24983047, ...,  0.39153299,
         -0.11123837,  0.        ]],

       [[ 0.        ,  0.23367606,  0.46380795, ...,  0.62899587,
          0.44201032,  0.        ],
        [-0.23367606,  0.        ,  0.24394522, ...,  0.7932436 ,
          0.63938279,  0.23367606],
        [-0.46380795, -0.24394522,  0.        , ...,  0.91781825,
          0.8076331 ,  0.46380795],
        ...,
        [-0.62899587, -0.7932436 , -0.91781825, ...,  0.        ,
          0.22059293,  0.62899587],
        [-0.44201032, -0.63938279, -0.8076331 , ..., -0.22059293,
          0.        ,  0.44201032],
        [-0.        , -0.23367606, -0.46380795, ..., -0.62899587,
         -0.44201032,  0.        ]],

       ...,

       [[ 0.        ,  0.2394627 ,  0.80368488, ...,  0.69825279,
          0.73520391,  0.71363316],
        [-0.2394627 ,  0.        ,  0.63780862, ...,  0.8493572 ,
          0.8761324 ,  0.86061872],
        [-0.80368488, -0.63780862,  0.        , ...,  0.99081775,
          0.98226145,  0.98764809],
        ...,
        [-0.69825279, -0.8493572 , -0.99081775, ...,  0.        ,
         -0.05298879, -0.02171544],
        [-0.73520391, -0.8761324 , -0.98226145, ...,  0.05298879,
          0.        ,  0.03129136],
        [-0.71363316, -0.86061872, -0.98764809, ...,  0.02171544,
         -0.03129136,  0.        ]],

       [[ 0.        , -0.06978771, -0.12117979, ...,  0.93152418,
          0.87896251,  0.68380824],
        [ 0.06978771,  0.        , -0.05161092, ...,  0.90387265,
          0.84353836,  0.6312196 ],
        [ 0.12117979,  0.05161092,  0.        , ...,  0.8805888 ,
          0.81469552,  0.59034871],
        ...,
        [-0.93152418, -0.90387265, -0.8805888 , ...,  0.        ,
          0.12457484,  0.43101062],
        [-0.87896251, -0.84353836, -0.81469552, ..., -0.12457484,
          0.        ,  0.31524342],
        [-0.68380824, -0.6312196 , -0.59034871, ..., -0.43101062,
         -0.31524342,  0.        ]],

       [[ 0.        , -0.20401943, -0.02685492, ...,  0.99888638,
          0.86822728,  0.20401943],
        [ 0.20401943,  0.        ,  0.17765577, ...,  0.96825092,
          0.74873808,  0.        ],
        [ 0.02685492, -0.17765577,  0.        , ...,  0.9972591 ,
          0.85458963,  0.17765577],
        ...,
        [-0.99888638, -0.96825092, -0.9972591 , ...,  0.        ,
          0.45465081,  0.96825092],
        [-0.86822728, -0.74873808, -0.85458963, ..., -0.45465081,
          0.        ,  0.74873808],
        [-0.20401943, -0.        , -0.17765577, ..., -0.96825092,
         -0.74873808,  0.        ]]]), 'num': array([ 6.96358948e-01,  6.96358948e-01,  0.00000000e+00,  4.78595832e-03,
        4.82218509e-03,  4.68130322e-03,  1.73219932e-01, -4.02519623e-06,
        4.75778195e-03,  4.36673413e-03,  3.81555060e-03,  3.19557564e-06,
        5.00375511e-03,  3.72971316e-03])}
{'img': array([[[ 0.        ,  0.57783164,  0.68661681, ...,  0.27653869,
          0.23438088,  0.25638849],
        [-0.57783164,  0.        ,  0.14029156, ...,  0.78099652,
          0.75302741,  0.76776993],
        [-0.68661681, -0.14029156,  0.        , ...,  0.86088969,
          0.83789047,  0.85006527],
        ...,
        [-0.27653869, -0.78099652, -0.86088969, ...,  0.        ,
          0.04359498,  0.020905  ],
        [-0.23438088, -0.75302741, -0.83789047, ..., -0.04359498,
          0.        , -0.02270033],
        [-0.25638849, -0.76776993, -0.85006527, ..., -0.020905  ,
          0.02270033,  0.        ]],

       [[ 0.        ,  0.30575433,  0.40592968, ...,  0.43655567,
          0.53392493,  0.61338011],
        [-0.30575433,  0.        ,  0.10705968, ...,  0.140569  ,
          0.24983047,  0.34252456],
        [-0.40592968, -0.10705968,  0.        , ...,  0.03376442,
          0.14472981,  0.23997241],
        ...,
        [-0.43655567, -0.140569  , -0.03376442, ...,  0.        ,
          0.11123837,  0.20705777],
        [-0.53392493, -0.24983047, -0.14472981, ..., -0.11123837,
          0.        ,  0.09694503],
        [-0.61338011, -0.34252456, -0.23997241, ..., -0.20705777,
         -0.09694503,  0.        ]],

       [[ 0.        ,  0.40549578,  0.58715936, ...,  0.51192384,
          0.27496672,  0.        ],
        [-0.40549578,  0.        ,  0.20848333, ...,  0.81628139,
          0.64121167,  0.40549578],
        [-0.58715936, -0.20848333,  0.        , ...,  0.91877568,
          0.78710425,  0.58715936],
        ...,
        [-0.51192384, -0.81628139, -0.91877568, ...,  0.        ,
          0.2559862 ,  0.51192384],
        [-0.27496672, -0.64121167, -0.78710425, ..., -0.2559862 ,
          0.        ,  0.27496672],
        [-0.        , -0.40549578, -0.58715936, ..., -0.51192384,
         -0.27496672,  0.        ]],

       ...,

       [[ 0.        ,  0.78570507,  0.89681557, ...,  0.73956023,
          0.71794611,  0.83553139],
        [-0.78570507,  0.        ,  0.2071717 , ...,  0.98634343,
          0.99105065,  0.94856071],
        [-0.89681557, -0.2071717 ,  0.        , ...,  0.93082279,
          0.94189481,  0.86239172],
        ...,
        [-0.73956023, -0.98634343, -0.93082279, ...,  0.        ,
          0.03156428, -0.15604216],
        [-0.71794611, -0.99105065, -0.94189481, ..., -0.03156428,
          0.        , -0.18714204],
        [-0.83553139, -0.94856071, -0.86239172, ...,  0.15604216,
          0.18714204,  0.        ]],

       [[ 0.        , -0.05114342, -0.05845476, ...,  0.88502456,
          0.80316448,  0.6267267 ],
        [ 0.05114342,  0.        , -0.0073223 , ...,  0.86005682,
          0.77164432,  0.58605356],
        [ 0.05845476,  0.0073223 ,  0.        , ...,  0.85629794,
          0.76696626,  0.58010479],
        ...,
        [-0.88502456, -0.86005682, -0.85629794, ...,  0.        ,
          0.15335122,  0.39787672],
        [-0.80316448, -0.77164432, -0.76696626, ..., -0.15335122,
          0.        ,  0.25248016],
        [-0.6267267 , -0.58605356, -0.58010479, ..., -0.39787672,
         -0.25248016,  0.        ]],

       [[ 0.        ,  0.16362193,  0.17375822, ...,  0.91262302,
          0.71956353,  0.        ],
        [-0.16362193,  0.        ,  0.01028352, ...,  0.96721271,
          0.82348949,  0.16362193],
        [-0.17375822, -0.01028352,  0.        , ...,  0.96977325,
          0.82928011,  0.17375822],
        ...,
        [-0.91262302, -0.96721271, -0.96977325, ...,  0.        ,
          0.33959058,  0.91262302],
        [-0.71956353, -0.82348949, -0.82928011, ..., -0.33959058,
          0.        ,  0.71956353],
        [-0.        , -0.16362193, -0.17375822, ..., -0.91262302,
         -0.71956353,  0.        ]]]), 'num': array([ 9.62058038e-01,  1.26015185e-01,  7.28260325e-06,  6.58301459e-03,
        6.79518493e-03,  6.50846826e-03,  2.41323452e-01, -2.35107664e-04,
        6.77798193e-03,  6.28167538e-03,  5.46548861e-03,  3.51985497e-06,
        7.11191872e-03,  5.45143204e-03])}
{'img': array([[[ 0.        ,  0.14389007,  0.03869103, ...,  0.74162009,
          0.75669899,  0.97368152],
        [-0.14389007,  0.        , -0.10549393, ...,  0.83042691,
          0.8428946 ,  0.99634348],
        [-0.03869103,  0.10549393,  0.        , ...,  0.76701951,
          0.78142717,  0.98177063],
        ...,
        [-0.74162009, -0.83042691, -0.76701951, ...,  0.        ,
         -0.02276481, -0.48414034],
        [-0.75669899, -0.8428946 , -0.78142717, ...,  0.02276481,
          0.        , -0.46409589],
        [-0.97368152, -0.99634348, -0.98177063, ...,  0.48414034,
          0.46409589,  0.        ]],

       [[ 0.        ,  0.10705968,  0.40124396, ...,  0.24983047,
          0.34252456,  0.32657496],
        [-0.10705968,  0.        ,  0.30087426, ...,  0.14472981,
          0.23997241,  0.22350826],
        [-0.40124396, -0.30087426,  0.        , ..., -0.15968284,
         -0.06322962, -0.08011102],
        ...,
        [-0.24983047, -0.14472981,  0.15968284, ...,  0.        ,
          0.09694503,  0.08008654],
        [-0.34252456, -0.23997241,  0.06322962, ..., -0.09694503,
          0.        , -0.01692432],
        [-0.32657496, -0.22350826,  0.08011102, ..., -0.08008654,
          0.01692432,  0.        ]],

       [[ 0.        ,  0.45463284,  0.52239396, ...,  0.28094517,
          0.        ,  0.        ],
        [-0.45463284,  0.        ,  0.07761794, ...,  0.68655392,
          0.45463284,  0.45463284],
        [-0.52239396, -0.07761794,  0.        , ...,  0.74091707,
          0.52239396,  0.52239396],
        ...,
        [-0.28094517, -0.68655392, -0.74091707, ...,  0.        ,
          0.28094517,  0.28094517],
        [-0.        , -0.45463284, -0.52239396, ..., -0.28094517,
          0.        ,  0.        ],
        [-0.        , -0.45463284, -0.52239396, ..., -0.28094517,
          0.        ,  0.        ]],

       ...,

       [[ 0.        ,  0.23841544, -0.15274506, ...,  0.99963761,
          0.97541822,  0.58060965],
        [-0.23841544,  0.        , -0.38395817, ...,  0.96439334,
          0.89475269,  0.36975319],
        [ 0.15274506,  0.38395817,  0.        , ...,  0.99201928,
          0.99763146,  0.69815884],
        ...,
        [-0.99963761, -0.96439334, -0.99201928, ...,  0.        ,
         -0.19402431, -0.7982574 ],
        [-0.97541822, -0.89475269, -0.99763146, ...,  0.19402431,
          0.        , -0.66622386],
        [-0.58060965, -0.36975319, -0.69815884, ...,  0.7982574 ,
          0.66622386,  0.        ]],

       [[ 0.        , -0.0073223 , -0.10234855, ...,  0.77164432,
          0.58605356,  0.72482262],
        [ 0.0073223 ,  0.        , -0.09506196, ...,  0.76696626,
          0.58010479,  0.7197586 ],
        [ 0.10234855,  0.09506196,  0.        , ...,  0.70249288,
          0.50004576,  0.65050473],
        ...,
        [-0.77164432, -0.76696626, -0.70249288, ...,  0.        ,
          0.25248016,  0.07058667],
        [-0.58605356, -0.58010479, -0.50004576, ..., -0.25248016,
          0.        , -0.18355058],
        [-0.72482262, -0.7197586 , -0.65050473, ..., -0.07058667,
          0.18355058,  0.        ]],

       [[ 0.        ,  0.01208634,  0.19432615, ...,  0.94109823,
          0.78465945,  0.11686576],
        [-0.01208634,  0.        ,  0.18245602, ...,  0.94511628,
          0.79209479,  0.12886074],
        [-0.19432615, -0.18245602,  0.        , ...,  0.98886619,
          0.89016951,  0.30763251],
        ...,
        [-0.94109823, -0.94511628, -0.98886619, ...,  0.        ,
          0.31809276,  0.89513336],
        [-0.78465945, -0.79209479, -0.89016951, ..., -0.31809276,
          0.        ,  0.70683451],
        [-0.11686576, -0.12886074, -0.30763251, ..., -0.89513336,
         -0.70683451,  0.        ]]]), 'num': array([9.81197623e-01, 7.56850676e-03, 8.38612503e-06, 6.71468356e-03,
       6.76673537e-03, 6.54696106e-03, 1.91988476e-01, 7.51859485e-05,
       6.79680975e-03, 6.38993810e-03, 5.54052966e-03, 3.56806766e-06,
       7.17593959e-03, 5.60393661e-03])}
{'img': array([[[ 0.        , -0.10549393, -0.29805178, ...,  0.8428946 ,
          0.99634348,  0.97992456],
        [ 0.10549393,  0.        , -0.19568944, ...,  0.78142717,
          0.98177063,  0.95342435],
        [ 0.29805178,  0.19568944,  0.        , ...,  0.64420948,
          0.9255944 ,  0.87596452],
        ...,
        [-0.8428946 , -0.78142717, -0.64420948, ...,  0.        ,
         -0.46409589, -0.35922978],
        [-0.99634348, -0.98177063, -0.9255944 , ...,  0.46409589,
          0.        ,  0.11491675],
        [-0.97992456, -0.95342435, -0.87596452, ...,  0.35922978,
         -0.11491675,  0.        ]],

       [[ 0.        ,  0.30087426,  0.02728301, ...,  0.23997241,
          0.22350826,  0.05116026],
        [-0.30087426,  0.        , -0.27474344, ..., -0.06322962,
         -0.08011102, -0.25169057],
        [-0.02728301,  0.27474344,  0.        , ...,  0.21339729,
          0.19683225,  0.02389393],
        ...,
        [-0.23997241,  0.06322962, -0.21339729, ...,  0.        ,
         -0.01692432, -0.18999282],
        [-0.22350826,  0.08011102, -0.19683225, ...,  0.01692432,
          0.        , -0.17334956],
        [-0.05116026,  0.25169057, -0.02389393, ...,  0.18999282,
          0.17334956,  0.        ]],

       [[ 0.        ,  0.28058364,  0.34685587, ...,  0.        ,
          0.        ,  0.28471471],
        [-0.28058364,  0.        ,  0.06975796, ...,  0.28058364,
          0.28058364,  0.54224853],
        [-0.34685587, -0.06975796,  0.        , ...,  0.34685587,
          0.34685587,  0.59953949],
        ...,
        [-0.        , -0.28058364, -0.34685587, ...,  0.        ,
          0.        , -0.28471471],
        [-0.        , -0.28058364, -0.34685587, ...,  0.        ,
          0.        , -0.28471471],
        [-0.28471471, -0.54224853, -0.59953949, ...,  0.28471471,
          0.28471471,  0.        ]],

       ...,

       [[ 0.        , -0.38395817, -0.50287053, ...,  0.89475269,
          0.36975319,  0.38116091],
        [ 0.38395817,  0.        , -0.132447  , ...,  0.99763146,
          0.69815884,  0.70691779],
        [ 0.50287053,  0.132447  ,  0.        , ...,  0.99795287,
          0.78683262,  0.7943691 ],
        ...,
        [-0.89475269, -0.99763146, -0.99795287, ...,  0.        ,
         -0.66622386, -0.65699468],
        [-0.36975319, -0.69815884, -0.78683262, ...,  0.66622386,
          0.        ,  0.012308  ],
        [-0.38116091, -0.70691779, -0.7943691 , ...,  0.65699468,
         -0.012308  ,  0.        ]],

       [[ 0.        , -0.09506196, -0.18251367, ...,  0.58010479,
          0.7197586 ,  0.70747877],
        [ 0.09506196,  0.        , -0.0882219 , ...,  0.50004576,
          0.65050473,  0.63709127],
        [ 0.18251367,  0.0882219 ,  0.        , ...,  0.42169594,
          0.58096359,  0.56660675],
        ...,
        [-0.58010479, -0.50004576, -0.42169594, ...,  0.        ,
         -0.18355058, -0.16629094],
        [-0.7197586 , -0.65050473, -0.58096359, ...,  0.18355058,
          0.        ,  0.01752926],
        [-0.70747877, -0.63709127, -0.56660675, ...,  0.16629094,
         -0.01752926,  0.        ]],

       [[ 0.        ,  0.17307902,  0.22040163, ...,  0.90309299,
          0.6933081 ,  0.12227387],
        [-0.17307902,  0.        ,  0.04825245, ...,  0.96379139,
          0.80757254,  0.2922088 ],
        [-0.22040163, -0.04825245,  0.        , ...,  0.97553561,
          0.83508962,  0.33801488],
        ...,
        [-0.90309299, -0.96379139, -0.97553561, ...,  0.        ,
          0.35306837,  0.84380664],
        [-0.6933081 , -0.80757254, -0.83508962, ..., -0.35306837,
          0.        ,  0.5999902 ],
        [-0.12227387, -0.2922088 , -0.33801488, ..., -0.84380664,
         -0.5999902 ,  0.        ]]]), 'num': array([ 9.86900646e-01,  7.67812081e-03,  8.50758058e-06,  6.75325879e-03,
        6.89407392e-03,  6.72392231e-03,  1.60068427e-01, -5.86729695e-05,
        6.85182938e-03,  6.53206170e-03,  5.64678438e-03,  3.72488147e-06,
        7.26469047e-03,  5.79943293e-03])}
{'img': array([[[ 0.        , -0.19568944,  0.09721441, ...,  0.98177063,
          0.95342435,  0.97666917],
        [ 0.19568944,  0.        ,  0.2900974 , ...,  0.9255944 ,
          0.87596452,  0.91576196],
        [-0.09721441, -0.2900974 ,  0.        , ...,  0.99559793,
          0.97823142,  0.99291988],
        ...,
        [-0.98177063, -0.9255944 , -0.99559793, ...,  0.        ,
          0.11491675,  0.02519968],
        [-0.95342435, -0.87596452, -0.97823142, ..., -0.11491675,
          0.        , -0.08984752],
        [-0.97666917, -0.91576196, -0.99291988, ..., -0.02519968,
          0.08984752,  0.        ]],

       [[ 0.        , -0.27474344, -0.28139437, ..., -0.08011102,
         -0.25169057, -0.38597065],
        [ 0.27474344,  0.        , -0.00692396, ...,  0.19683225,
          0.02389393, -0.1176637 ],
        [ 0.28139437,  0.00692396,  0.        , ...,  0.20361604,
          0.03081534, -0.11078502],
        ...,
        [ 0.08011102, -0.19683225, -0.20361604, ...,  0.        ,
         -0.17334956, -0.31082682],
        [ 0.25169057, -0.02389393, -0.03081534, ...,  0.17334956,
          0.        , -0.14135806],
        [ 0.38597065,  0.1176637 ,  0.11078502, ...,  0.31082682,
          0.14135806,  0.        ]],

       [[ 0.        ,  0.09790367,  0.26256019, ...,  0.17827732,
          0.45264573,  0.56518593],
        [-0.09790367,  0.        ,  0.16683005, ...,  0.27375613,
          0.53777094,  0.64323768],
        [-0.26256019, -0.16683005,  0.        , ...,  0.43037662,
          0.67088735,  0.76195932],
        ...,
        [-0.17827732, -0.27375613, -0.43037662, ...,  0.        ,
         -0.28642629, -0.40905952],
        [-0.45264573, -0.53777094, -0.67088735, ...,  0.28642629,
          0.        , -0.13055466],
        [-0.56518593, -0.64323768, -0.76195932, ...,  0.40905952,
          0.13055466,  0.        ]],

       ...,

       [[ 0.        , -0.132447  ,  0.41374451, ...,  0.69815884,
          0.70691779,  0.75490828],
        [ 0.132447  ,  0.        ,  0.53067828, ...,  0.78683262,
          0.7943691 ,  0.83512037],
        [-0.41374451, -0.53067828,  0.        , ...,  0.33938151,
          0.35093331,  0.41591702],
        ...,
        [-0.69815884, -0.78683262, -0.33938151, ...,  0.        ,
          0.012308  ,  0.08259744],
        [-0.70691779, -0.7943691 , -0.35093331, ..., -0.012308  ,
          0.        ,  0.07032523],
        [-0.75490828, -0.83512037, -0.41591702, ..., -0.08259744,
         -0.07032523,  0.        ]],

       [[ 0.        , -0.0882219 , -0.12644094, ...,  0.65050473,
          0.63709127,  0.69323957],
        [ 0.0882219 ,  0.        , -0.03843409, ...,  0.58096359,
          0.56660675,  0.62695436],
        [ 0.12644094,  0.03843409,  0.        , ...,  0.5492517 ,
          0.53451886,  0.59654882],
        ...,
        [-0.65050473, -0.58096359, -0.5492517 , ...,  0.        ,
          0.01752926, -0.05769352],
        [-0.63709127, -0.56660675, -0.53451886, ..., -0.01752926,
          0.        , -0.07518471],
        [-0.69323957, -0.62695436, -0.59654882, ...,  0.05769352,
          0.07518471,  0.        ]],

       [[ 0.        ,  0.04581367,  0.07600031, ...,  0.92283381,
          0.79130166,  0.2780776 ],
        [-0.04581367,  0.        ,  0.03023935, ...,  0.93951219,
          0.81848246,  0.32179234],
        [-0.07600031, -0.03023935,  0.        , ...,  0.94943998,
          0.83548162,  0.3502761 ],
        ...,
        [-0.92283381, -0.93951219, -0.94943998, ...,  0.        ,
          0.25943645,  0.77932093],
        [-0.79130166, -0.81848246, -0.83548162, ..., -0.25943645,
          0.        ,  0.59006777],
        [-0.2780776 , -0.32179234, -0.3502761 , ..., -0.77932093,
         -0.59006777,  0.        ]]]), 'num': array([ 9.87725841e-01,  7.75810754e-03,  8.59620819e-06,  6.75839816e-03,
        6.87103813e-03,  6.72282765e-03,  1.54874148e-01, -6.52126139e-05,
        6.86392403e-03,  6.64783314e-03,  5.73199114e-03,  3.43091508e-06,
        7.29366934e-03,  6.00199694e-03])}
{'img': array([[[ 0.        ,  0.2900974 ,  0.15759993, ...,  0.87596452,
          0.91576196,  0.94793479],
        [-0.2900974 ,  0.        , -0.13564939, ...,  0.97823142,
          0.99291988,  0.99955659],
        [-0.15759993,  0.13564939,  0.        , ...,  0.94103998,
          0.96762898,  0.98627847],
        ...,
        [-0.87596452, -0.97823142, -0.94103998, ...,  0.        ,
         -0.08984752, -0.17829696],
        [-0.91576196, -0.99291988, -0.96762898, ...,  0.08984752,
          0.        , -0.08916797],
        [-0.94793479, -0.99955659, -0.98627847, ...,  0.17829696,
          0.08916797,  0.        ]],

       [[ 0.        , -0.00692396, -0.03224498, ...,  0.02389393,
         -0.1176637 , -0.14940948],
        [ 0.00692396,  0.        , -0.02532384, ...,  0.03081534,
         -0.11078502, -0.14255966],
        [ 0.03224498,  0.02532384,  0.        , ...,  0.05611728,
         -0.08558153, -0.11744875],
        ...,
        [-0.02389393, -0.03081534, -0.05611728, ...,  0.        ,
         -0.14135806, -0.17299256],
        [ 0.1176637 ,  0.11078502,  0.08558153, ...,  0.14135806,
          0.        , -0.03202864],
        [ 0.14940948,  0.14255966,  0.11744875, ...,  0.17299256,
          0.03202864,  0.        ]],

       [[ 0.        ,  0.16683005,  0.16683005, ...,  0.53777094,
          0.64323768,  0.73820728],
        [-0.16683005,  0.        ,  0.        , ...,  0.67088735,
          0.76195932,  0.84040101],
        [-0.16683005,  0.        ,  0.        , ...,  0.67088735,
          0.76195932,  0.84040101],
        ...,
        [-0.53777094, -0.67088735, -0.67088735, ...,  0.        ,
         -0.13055466, -0.25960965],
        [-0.64323768, -0.76195932, -0.76195932, ...,  0.13055466,
          0.        , -0.13130926],
        [-0.73820728, -0.84040101, -0.84040101, ...,  0.25960965,
          0.13130926,  0.        ]],

       ...,

       [[ 0.        ,  0.53067828,  0.50719331, ...,  0.7943691 ,
          0.83512037,  0.69219166],
        [-0.53067828,  0.        , -0.02747218, ...,  0.35093331,
          0.41591702,  0.20368539],
        [-0.50719331,  0.02747218,  0.        , ...,  0.37652581,
          0.44074331,  0.23050477],
        ...,
        [-0.7943691 , -0.35093331, -0.37652581, ...,  0.        ,
          0.07032523, -0.15284539],
        [-0.83512037, -0.41591702, -0.44074331, ..., -0.07032523,
          0.        , -0.22196588],
        [-0.69219166, -0.20368539, -0.23050477, ...,  0.15284539,
          0.22196588,  0.        ]],

       [[ 0.        , -0.03843409, -0.09457956, ...,  0.56660675,
          0.62695436,  0.73600288],
        [ 0.03843409,  0.        , -0.05624788, ...,  0.53451886,
          0.59654882,  0.70944003],
        [ 0.09457956,  0.05624788,  0.        , ...,  0.48613437,
          0.55046114,  0.66867528],
        ...,
        [-0.56660675, -0.53451886, -0.48613437, ...,  0.        ,
         -0.07518471, -0.22287727],
        [-0.62695436, -0.59654882, -0.55046114, ...,  0.07518471,
          0.        , -0.14895289],
        [-0.73600288, -0.70944003, -0.66867528, ...,  0.22287727,
          0.14895289,  0.        ]],

       [[ 0.        ,  0.02854757,  0.0525022 , ...,  0.93805395,
          0.82643624,  0.30470634],
        [-0.02854757,  0.        ,  0.0239726 , ...,  0.94756306,
          0.84217256,  0.33177218],
        [-0.0525022 , -0.0239726 ,  0.        , ...,  0.95495164,
          0.85485675,  0.35429162],
        ...,
        [-0.93805395, -0.94756306, -0.95495164, ...,  0.        ,
          0.24180156,  0.78786859],
        [-0.82643624, -0.84217256, -0.85485675, ..., -0.24180156,
          0.        ,  0.61557727],
        [-0.30470634, -0.33177218, -0.35429162, ..., -0.78786859,
         -0.61557727,  0.        ]]]), 'num': array([ 9.83991908e-01,  7.75577881e-03,  8.59362790e-06,  6.73266296e-03,
        6.82748920e-03,  6.66746992e-03,  1.77056709e-01, -2.37065597e-05,
        6.79904133e-03,  6.69295447e-03,  5.75802703e-03,  3.37248130e-06,
        7.20588933e-03,  6.18001962e-03])}
{'img': array([[[ 0.        , -0.13564939,  0.03284497, ...,  0.99291988,
          0.99955659,  0.99999967],
        [ 0.13564939,  0.        ,  0.16811758, ...,  0.96762898,
          0.98627847,  0.99086679],
        [-0.03284497, -0.16811758,  0.        , ...,  0.99628568,
          0.99999529,  0.99943344],
        ...,
        [-0.99291988, -0.96762898, -0.99628568, ...,  0.        ,
         -0.08916797, -0.11959268],
        [-0.99955659, -0.98627847, -0.99999529, ...,  0.08916797,
          0.        , -0.03058828],
        [-0.99999967, -0.99086679, -0.99943344, ...,  0.11959268,
          0.03058828,  0.        ]],

       [[ 0.        , -0.02532384,  0.2133971 , ..., -0.11078502,
         -0.14255966, -0.04504261],
        [ 0.02532384,  0.        ,  0.23806919, ..., -0.08558153,
         -0.11744875, -0.01973002],
        [-0.2133971 , -0.23806919,  0.        , ..., -0.32031666,
         -0.35049339, -0.25718559],
        ...,
        [ 0.11078502,  0.08558153,  0.32031666, ...,  0.        ,
         -0.03202864,  0.06590724],
        [ 0.14255966,  0.11744875,  0.35049339, ...,  0.03202864,
          0.        ,  0.09783242],
        [ 0.04504261,  0.01973002,  0.25718559, ..., -0.06590724,
         -0.09783242,  0.        ]],

       [[ 0.        ,  0.        ,  0.00851381, ...,  0.76195932,
          0.84040101,  0.89661709],
        [ 0.        ,  0.        ,  0.00851381, ...,  0.76195932,
          0.84040101,  0.89661709],
        [-0.00851381, -0.00851381,  0.        , ...,  0.76744546,
          0.84498473,  0.90035457],
        ...,
        [-0.76195932, -0.76195932, -0.76744546, ...,  0.        ,
         -0.13130926, -0.24327084],
        [-0.84040101, -0.84040101, -0.84498473, ...,  0.13130926,
          0.        , -0.11379995],
        [-0.89661709, -0.89661709, -0.90035457, ...,  0.24327084,
          0.11379995,  0.        ]],

       ...,

       [[ 0.        , -0.02747218,  0.31070033, ...,  0.41591702,
          0.20368539,  0.16436239],
        [ 0.02747218,  0.        ,  0.33669558, ...,  0.44074331,
          0.23050477,  0.1913989 ],
        [-0.31070033, -0.33669558,  0.        , ...,  0.11278074,
         -0.11058235, -0.15024706],
        ...,
        [-0.41591702, -0.44074331, -0.11278074, ...,  0.        ,
         -0.22196588, -0.26078898],
        [-0.20368539, -0.23050477,  0.11058235, ...,  0.22196588,
          0.        , -0.03999852],
        [-0.16436239, -0.1913989 ,  0.15024706, ...,  0.26078898,
          0.03999852,  0.        ]],

       [[ 0.        , -0.05624788, -0.03819239, ...,  0.59654882,
          0.70944003,  0.82631676],
        [ 0.05624788,  0.        ,  0.01807492, ...,  0.55046114,
          0.66867528,  0.79332944],
        [ 0.03819239, -0.01807492,  0.        , ...,  0.56546126,
          0.68200574,  0.80420371],
        ...,
        [-0.59654882, -0.55046114, -0.56546126, ...,  0.        ,
         -0.14895289, -0.32720297],
        [-0.70944003, -0.66867528, -0.68200574, ...,  0.14895289,
          0.        , -0.18279916],
        [-0.82631676, -0.79332944, -0.80420371, ...,  0.32720297,
          0.18279916,  0.        ]],

       [[ 0.        ,  0.02246958,  0.01425528, ...,  0.95614185,
          0.85179841,  0.3120785 ],
        [-0.02246958,  0.        , -0.00821561, ...,  0.96248188,
          0.86335448,  0.33334707],
        [-0.01425528,  0.00821561,  0.        , ...,  0.96022013,
          0.85917976,  0.32559011],
        ...,
        [-0.95614185, -0.96248188, -0.96022013, ...,  0.        ,
          0.25139859,  0.81697957],
        [-0.85179841, -0.86335448, -0.85917976, ..., -0.25139859,
          0.        ,  0.64576799],
        [-0.3120785 , -0.33334707, -0.32559011, ..., -0.81697957,
         -0.64576799,  0.        ]]]), 'num': array([ 9.80003305e-01,  7.73109273e-03,  8.56627500e-06,  6.70532560e-03,
        6.72895671e-03,  6.56944676e-03,  1.97955272e-01, -5.90777586e-06,
        6.76204025e-03,  6.70119016e-03,  5.76441384e-03,  3.58686392e-06,
        7.14401491e-03,  6.25836541e-03])}
{'img': array([[[ 0.        ,  0.16811758,  0.15204687, ...,  0.98627847,
          0.99086679,  0.99185232],
        [-0.16811758,  0.        , -0.01628014, ...,  0.99999529,
          0.99943344,  0.99915224],
        [-0.15204687,  0.01628014,  0.        , ...,  0.99991274,
          0.99984893,  0.99969004],
        ...,
        [-0.98627847, -0.99999529, -0.99991274, ...,  0.        ,
         -0.03058828, -0.03810008],
        [-0.99086679, -0.99943344, -0.99984893, ...,  0.03058828,
          0.        , -0.00751618],
        [-0.99185232, -0.99915224, -0.99969004, ...,  0.03810008,
          0.00751618,  0.        ]],

       [[ 0.        ,  0.23806919, -0.09963139, ..., -0.11744875,
         -0.01973002,  0.06284561],
        [-0.23806919,  0.        , -0.33365146, ..., -0.35049339,
         -0.25718559, -0.1765599 ],
        [ 0.09963139,  0.33365146,  0.        , ..., -0.01792254,
          0.07998014,  0.16196736],
        ...,
        [ 0.11744875,  0.35049339,  0.01792254, ...,  0.        ,
          0.09783242,  0.17962724],
        [ 0.01973002,  0.25718559, -0.07998014, ..., -0.09783242,
          0.        ,  0.0825244 ],
        [-0.06284561,  0.1765599 , -0.16196736, ..., -0.17962724,
         -0.0825244 ,  0.        ]],

       [[ 0.        ,  0.00851381,  0.04379962, ...,  0.84040101,
          0.89661709,  0.90760787],
        [-0.00851381,  0.        ,  0.0352924 , ...,  0.84498473,
          0.90035457,  0.91114923],
        [-0.04379962, -0.0352924 ,  0.        , ...,  0.86333237,
          0.91515141,  0.92512478],
        ...,
        [-0.84040101, -0.84498473, -0.86333237, ...,  0.        ,
         -0.11379995, -0.1390755 ],
        [-0.89661709, -0.90035457, -0.91515141, ...,  0.11379995,
          0.        , -0.02547801],
        [-0.90760787, -0.91114923, -0.92512478, ...,  0.1390755 ,
          0.02547801,  0.        ]],

       ...,

       [[ 0.        ,  0.33669558,  0.25796095, ...,  0.23050477,
          0.1913989 ,  0.34030922],
        [-0.33669558,  0.        , -0.08240071, ..., -0.11058235,
         -0.15024706,  0.00384035],
        [-0.25796095,  0.08240071,  0.        , ..., -0.02831095,
         -0.06827078,  0.08622739],
        ...,
        [-0.23050477,  0.11058235,  0.02831095, ...,  0.        ,
         -0.03999852,  0.11439833],
        [-0.1913989 ,  0.15024706,  0.06827078, ...,  0.03999852,
          0.        ,  0.15404271],
        [-0.34030922, -0.00384035, -0.08622739, ..., -0.11439833,
         -0.15404271,  0.        ]],

       [[ 0.        ,  0.01807492,  0.04560255, ...,  0.66867528,
          0.79332944,  0.83289715],
        [-0.01807492,  0.        ,  0.02753898, ...,  0.68200574,
          0.80420371,  0.84276425],
        [-0.04560255, -0.02753898,  0.        , ...,  0.70188762,
          0.8202666 ,  0.85726838],
        ...,
        [-0.66867528, -0.68200574, -0.70188762, ...,  0.        ,
         -0.18279916, -0.24924097],
        [-0.79332944, -0.80420371, -0.8202666 , ...,  0.18279916,
          0.        , -0.06801104],
        [-0.83289715, -0.84276425, -0.85726838, ...,  0.24924097,
          0.06801104,  0.        ]],

       [[ 0.        , -0.00795533, -0.01724429, ...,  0.92611323,
          0.73607388,  0.32335598],
        [ 0.00795533,  0.        , -0.0092896 , ...,  0.92308281,
          0.73066561,  0.3158178 ],
        [ 0.01724429,  0.0092896 ,  0.        , ...,  0.91947019,
          0.72429174,  0.30699002],
        ...,
        [-0.92611323, -0.92308281, -0.91947019, ...,  0.        ,
          0.34920649,  0.75437537],
        [-0.73607388, -0.73066561, -0.72429174, ..., -0.34920649,
          0.        ,  0.47765001],
        [-0.32335598, -0.3158178 , -0.30699002, ..., -0.75437537,
         -0.47765001,  0.        ]]]), 'num': array([ 9.76833467e-01,  7.73991392e-03,  8.57604914e-06,  6.68340381e-03,
        6.74254898e-03,  6.55328445e-03,  2.13046035e-01, -2.95725833e-05,
        6.73308575e-03,  6.72007382e-03,  5.79671919e-03,  3.62330750e-06,
        7.14861473e-03,  6.29153290e-03])}
{'img': array([[[ 0.        , -0.01628014, -0.13924572, ...,  0.99943344,
          0.99915224,  0.99695639],
        [ 0.01628014,  0.        , -0.12310573, ...,  0.99984893,
          0.99969004,  0.99809348],
        [ 0.13924572,  0.12310573,  0.        , ...,  0.99438341,
          0.99515082,  0.99809968],
        ...,
        [-0.99943344, -0.99984893, -0.99438341, ...,  0.        ,
         -0.00751618, -0.04436259],
        [-0.99915224, -0.99969004, -0.99515082, ...,  0.00751618,
          0.        , -0.03685255],
        [-0.99695639, -0.99809348, -0.99809968, ...,  0.04436259,
          0.03685255,  0.        ]],

       [[ 0.        , -0.33365146, -0.38066925, ..., -0.25718559,
