state_0,state_1,state_2,state_3,state_4,state_5,state_6,state_7,state_8,state_9,state_10,state_11,state_12,state_13,state_14,state_15,state_16,state_17,state_18,state_19,state_20,state_21,state_22,state_23,state_24,state_25,state_26,state_27,state_28,state_29,state_30,state_31,state_32,state_33,state_34,state_35,state_36,state_37,state_38,state_39,state_40,state_41,state_42,state_43,state_44,state_45,state_46,state_47,state_48,state_49,state_50,state_51,state_52,state_53,state_54,state_55,state_56,state_57,state_58,state_59,state_60,state_61,state_62,state_63,state_64,state_65,state_66,state_67,state_68,state_69,state_70,state_71,state_72,state_73,state_74,state_75,state_76,state_77,state_78,state_79,state_80,state_81,state_82,state_83,state_84,state_85,state_86,state_87,state_88,state_89,state_90,state_91,state_92,state_93,state_94,state_95,state_96,state_97,state_98,state_99,state_100,state_101,state_102,state_103,state_104,state_105,state_106,state_107,state_108,state_109,state_110,state_111,state_112,state_113,state_114,state_115,state_116,state_117,state_118,state_119,state_120,state_121,state_122,state_123,state_124,state_125,state_126,state_127,state_128,state_129,state_130,state_131,state_132,state_133,state_134,state_135,state_136,state_137,state_138,state_139,state_140,state_141,state_142,state_143,state_144,state_145,state_146,state_147,state_148,state_149,state_150,state_151,state_152,state_153,state_154,state_155,state_156,state_157,state_158,state_159,state_160,state_161,state_162,state_163,state_164,state_165,state_166,state_167,state_168,state_169,state_170,state_171,state_172,state_173,state_174,state_175,state_176,state_177,state_178,state_179,state_180,state_181,state_182,state_183,state_184,state_185,state_186,state_187,state_188,state_189,state_190,state_191,state_192,state_193,state_194,state_195,state_196,state_197,state_198,state_199,state_200,state_201,state_202,state_203,state_204,state_205,state_206,state_207,state_208,state_209,state_210,state_211,state_212,state_213,state_214,state_215,state_216,state_217,state_218,state_219,state_220,state_221,state_222,state_223,state_224,state_225,state_226,state_227,state_228,state_229,state_230,state_231,state_232,state_233,state_234,state_235,state_236,state_237,state_238,state_239,state_240,state_241,state_242,state_243,state_244,state_245,state_246,state_247,state_248,state_249,state_250,state_251,state_252,state_253,state_254,state_255,state_256,state_257,state_258,state_259,state_260,state_261,state_262,state_263,state_264,state_265,state_266,state_267,state_268,state_269,state_270,state_271,state_272,state_273,state_274,state_275,state_276,state_277,state_278,state_279,state_280,state_281,state_282,state_283,state_284,state_285,state_286,state_287
{'img': array([[[ 0.        ,  0.59099068,  0.77583857, ...,  0.70595157,
          0.62757157,  0.4469642 ],
        [-0.59099068,  0.        ,  0.25297759, ...,  0.15090075,
          0.04612738, -0.16811545],
        [-0.77583857, -0.25297759,  0.        , ..., -0.10408846,
         -0.20808136, -0.41202405],
        ...,
        [-0.70595157, -0.15090075,  0.10408846, ...,  0.        ,
         -0.10514095, -0.31494337],
        [-0.62757157, -0.04612738,  0.20808136, ...,  0.10514095,
          0.        , -0.21340736],
        [-0.4469642 ,  0.16811545,  0.41202405, ...,  0.31494337,
          0.21340736,  0.        ]],

       [[ 0.        , -0.52688211,  0.46488849, ..., -0.93957473,
         -0.89981491, -0.91895659],
        [ 0.52688211,  0.        ,  0.86161178, ..., -0.61820577,
         -0.53492339, -0.57327592],
        [-0.46488849, -0.86161178,  0.        , ..., -0.99102229,
         -0.99948621, -0.99694872],
        ...,
        [ 0.93957473,  0.61820577,  0.99102229, ...,  0.        ,
          0.1018639 ,  0.05593034],
        [ 0.89981491,  0.53492339,  0.99948621, ..., -0.1018639 ,
          0.        , -0.04606504],
        [ 0.91895659,  0.57327592,  0.99694872, ..., -0.05593034,
          0.04606504,  0.        ]],

       [[ 0.        ,  0.59103056,  0.81582227, ...,  0.99577161,
          0.99748583,  0.99955748],
        [-0.59103056,  0.        ,  0.31628778, ...,  0.85753249,
          0.84650517,  0.78871125],
        [-0.81582227, -0.31628778,  0.        , ...,  0.65080172,
          0.63466294,  0.55377912],
        ...,
        [-0.99577161, -0.85753249, -0.65080172, ...,  0.        ,
         -0.02106607, -0.12144337],
        [-0.99748583, -0.84650517, -0.63466294, ...,  0.02106607,
          0.        , -0.10050628],
        [-0.99955748, -0.78871125, -0.55377912, ...,  0.12144337,
          0.10050628,  0.        ]],

       ...,

       [[ 0.        ,  0.19724664,  0.31077554, ..., -0.98948993,
         -0.98508689, -0.95902728],
        [-0.19724664,  0.        ,  0.11719036, ..., -0.99857252,
         -0.99967156, -0.99606882],
        [-0.31077554, -0.11719036,  0.        , ..., -0.98543238,
         -0.98977996, -0.99958642],
        ...,
        [ 0.98948993,  0.99857252,  0.98543238, ...,  0.        ,
          0.02780395,  0.14165905],
        [ 0.98508689,  0.99967156,  0.98977996, ..., -0.02780395,
          0.        ,  0.11408072],
        [ 0.95902728,  0.99606882,  0.99958642, ..., -0.14165905,
         -0.11408072,  0.        ]],

       [[ 0.        ,  0.48863575,  0.68707944, ...,  0.95237218,
          0.95176647,  0.94817334],
        [-0.48863575,  0.        ,  0.24443441, ...,  0.97993683,
          0.98032959,  0.98253549],
        [-0.68707944, -0.24443441,  0.        , ...,  0.90149345,
          0.90234871,  0.90724789],
        ...,
        [-0.95237218, -0.97993683, -0.90149345, ...,  0.        ,
          0.00198023,  0.01348549],
        [-0.95176647, -0.98032959, -0.90234871, ..., -0.00198023,
          0.        ,  0.01150541],
        [-0.94817334, -0.98253549, -0.90724789, ..., -0.01348549,
         -0.01150541,  0.        ]],

       [[ 0.        , -0.07261214, -0.17614924, ...,  0.90082237,
          0.86885206,  0.82125888],
        [ 0.07261214,  0.        , -0.10420751, ...,  0.92997173,
          0.90250674,  0.86052024],
        [ 0.17614924,  0.10420751,  0.        , ...,  0.96321849,
          0.94247276,  0.9089202 ],
        ...,
        [-0.90082237, -0.92997173, -0.96321849, ...,  0.        ,
         -0.06872677, -0.15738876],
        [-0.86885206, -0.90250674, -0.94247276, ...,  0.06872677,
          0.        , -0.08914641],
        [-0.82125888, -0.86052024, -0.9089202 , ...,  0.15738876,
          0.08914641,  0.        ]]]), 'num': array([9.99994553e-01, 5.82824144e-04, 2.00282923e-04, 6.97231607e-05,
       7.15395957e-05, 6.90245318e-05, 3.23553192e-03, 2.09588659e-07,
       7.21404166e-05, 7.74814342e-05, 7.98544436e-05, 3.54034898e-07,
       8.79539228e-05, 6.70089456e-05])}
{'img': array([[[ 0.        ,  0.32442107,  0.54027328, ...,  0.06588635,
         -0.42062278, -0.28094967],
        [-0.32442107,  0.        ,  0.23805443, ..., -0.26139341,
         -0.69219882, -0.57710809],
        [-0.54027328, -0.23805443,  0.        , ..., -0.48365666,
         -0.84410487, -0.75492866],
        ...,
        [-0.06588635,  0.26139341,  0.48365666, ...,  0.        ,
         -0.47948327, -0.34357182],
        [ 0.42062278,  0.69219882,  0.84410487, ...,  0.47948327,
          0.        ,  0.1487936 ],
        [ 0.28094967,  0.57710809,  0.75492866, ...,  0.34357182,
         -0.1487936 ,  0.        ]],

       [[ 0.        ,  0.86161178,  0.0281647 , ..., -0.53492339,
         -0.57327592, -0.62317864],
        [-0.86161178,  0.        , -0.84697448, ..., -0.99948621,
         -0.99694872, -0.99015438],
        [-0.0281647 ,  0.84697448,  0.        , ..., -0.55850755,
         -0.5961256 , -0.64495846],
        ...,
        [ 0.53492339,  0.99948621,  0.55850755, ...,  0.        ,
         -0.04606504, -0.10817136],
        [ 0.57327592,  0.99694872,  0.5961256 , ...,  0.04606504,
          0.        , -0.06226178],
        [ 0.62317864,  0.99015438,  0.64495846, ...,  0.10817136,
          0.06226178,  0.        ]],

       [[ 0.        ,  0.66458182,  0.91287802, ...,  0.99959175,
          0.99015835,  0.97295547],
        [-0.66458182,  0.        ,  0.41081274, ...,  0.7279224 ,
          0.64685239,  0.57349383],
        [-0.91287802, -0.41081274,  0.        , ...,  0.38198356,
          0.27645605,  0.1863238 ],
        ...,
        [-0.99959175, -0.7279224 , -0.38198356, ...,  0.        ,
         -0.1116042 , -0.20309971],
        [-0.99015835, -0.64685239, -0.27645605, ...,  0.1116042 ,
          0.        , -0.09255274],
        [-0.97295547, -0.57349383, -0.1863238 , ...,  0.20309971,
          0.09255274,  0.        ]],

       ...,

       [[ 0.        ,  0.11719036,  0.24238858, ..., -0.99967156,
         -0.99606882, -0.97540751],
        [-0.11719036,  0.        ,  0.12702273, ..., -0.98977996,
         -0.99958642, -0.99451626],
        [-0.24238858, -0.12702273,  0.        , ..., -0.96364872,
         -0.98783676, -0.99974478],
        ...,
        [ 0.99967156,  0.98977996,  0.96364872, ...,  0.        ,
          0.11408072,  0.24533424],
        [ 0.99606882,  0.99958642,  0.98783676, ..., -0.11408072,
          0.        ,  0.13313833],
        [ 0.97540751,  0.99451626,  0.99974478, ..., -0.24533424,
         -0.13313833,  0.        ]],

       [[ 0.        ,  0.53609355,  0.75906227, ...,  0.96571095,
          0.96249649,  0.97134986],
        [-0.53609355,  0.        ,  0.29176236, ...,  0.9543936 ,
          0.9579387 ,  0.94737813],
        [-0.75906227, -0.29176236,  0.        , ...,  0.82576272,
          0.8325317 ,  0.8127605 ],
        ...,
        [-0.96571095, -0.9543936 , -0.82576272, ...,  0.        ,
          0.0121087 , -0.02267638],
        [-0.96249649, -0.9579387 , -0.8325317 , ..., -0.0121087 ,
          0.        , -0.03478031],
        [-0.97134986, -0.94737813, -0.8127605 , ...,  0.02267638,
          0.03478031,  0.        ]],

       [[ 0.        , -0.10420751, -0.24336723, ...,  0.90250674,
          0.86052024,  0.8272749 ],
        [ 0.10420751,  0.        , -0.1409678 , ...,  0.94247276,
          0.9089202 ,  0.88131436],
        [ 0.24336723,  0.1409678 ,  0.        , ...,  0.98018453,
          0.95862325,  0.93912529],
        ...,
        [-0.90250674, -0.94247276, -0.98018453, ...,  0.        ,
         -0.08914641, -0.15073866],
        [-0.86052024, -0.9089202 , -0.95862325, ...,  0.08914641,
          0.        , -0.0620107 ],
        [-0.8272749 , -0.88131436, -0.93912529, ...,  0.15073866,
          0.0620107 ,  0.        ]]]), 'num': array([ 8.29218711e-01,  5.58912576e-01,  5.64903102e-05,  4.21300085e-05,
        4.37588594e-05,  4.08093186e-05,  3.61138257e-03, -1.80494289e-06,
        4.42519170e-05,  4.82712166e-05,  5.02727956e-05,  2.16506544e-07,
        5.51627212e-05,  4.13797120e-05])}
{'img': array([[[ 0.        ,  0.2024831 ,  0.2615537 , ..., -0.38738392,
         -0.36831856, -0.79369272],
        [-0.2024831 ,  0.        ,  0.06070137, ..., -0.56603247,
         -0.54893758, -0.90042627],
        [-0.2615537 , -0.06070137,  0.        , ..., -0.61502986,
         -0.59866337, -0.92517147],
        ...,
        [ 0.38738392,  0.56603247,  0.61502986, ...,  0.        ,
          0.02059101, -0.49606703],
        [ 0.36831856,  0.54893758,  0.59866337, ..., -0.02059101,
          0.        , -0.51384071],
        [ 0.79369272,  0.90042627,  0.92517147, ...,  0.49606703,
          0.51384071,  0.        ]],

       [[ 0.        , -0.84697448, -0.8934966 , ..., -0.99694872,
         -0.99015438, -0.99953697],
        [ 0.84697448,  0.        , -0.09466199, ..., -0.5961256 ,
         -0.64495846, -0.55715896],
        [ 0.8934966 ,  0.09466199,  0.        , ..., -0.5174454 ,
         -0.5697199 , -0.47604916],
        ...,
        [ 0.99694872,  0.5961256 ,  0.5174454 , ...,  0.        ,
         -0.06226178,  0.04768816],
        [ 0.99015438,  0.64495846,  0.5697199 , ...,  0.06226178,
          0.        ,  0.10978658],
        [ 0.99953697,  0.55715896,  0.47604916, ..., -0.04768816,
         -0.10978658,  0.        ]],

       [[ 0.        ,  0.79087835,  0.96952028, ...,  0.9523914 ,
          0.91249363,  0.82783233],
        [-0.79087835,  0.        ,  0.39954665, ...,  0.34171675,
          0.23488068,  0.06294789],
        [-0.96952028, -0.39954665,  0.        , ..., -0.062239  ,
         -0.17305088, -0.34104913],
        ...,
        [-0.9523914 , -0.34171675,  0.062239  , ...,  0.        ,
         -0.11141538, -0.28188044],
        [-0.91249363, -0.23488068,  0.17305088, ...,  0.11141538,
          0.        , -0.17322799],
        [-0.82783233, -0.06294789,  0.34104913, ...,  0.28188044,
          0.17322799,  0.        ]],

       ...,

       [[ 0.        ,  0.12702273,  0.36866782, ..., -0.99958642,
         -0.99451626, -0.99737722],
        [-0.12702273,  0.        ,  0.24760613, ..., -0.98783676,
         -0.99974478, -0.99849202],
        [-0.36866782, -0.24760613,  0.        , ..., -0.91857489,
         -0.96301977, -0.95380689],
        ...,
        [ 0.99958642,  0.98783676,  0.91857489, ...,  0.        ,
          0.13313833,  0.10103063],
        [ 0.99451626,  0.99974478,  0.96301977, ..., -0.13313833,
          0.        , -0.0323259 ],
        [ 0.99737722,  0.99849202,  0.95380689, ..., -0.10103063,
          0.0323259 ,  0.        ]],

       [[ 0.        ,  0.61241296,  0.81526468, ...,  0.97776266,
          0.9848811 ,  0.98962014],
        [-0.61241296,  0.        ,  0.28985642, ...,  0.90139045,
          0.88467529,  0.87034096],
        [-0.81526468, -0.28985642,  0.        , ...,  0.73718396,
          0.71156301,  0.69023767],
        ...,
        [-0.97776266, -0.90139045, -0.73718396, ...,  0.        ,
         -0.03716439, -0.06702544],
        [-0.9848811 , -0.88467529, -0.71156301, ...,  0.03716439,
          0.        , -0.02989832],
        [-0.98962014, -0.87034096, -0.69023767, ...,  0.06702544,
          0.02989832,  0.        ]],

       [[ 0.        , -0.1409678 , -0.27327328, ...,  0.9089202 ,
          0.88131436,  0.83823245],
        [ 0.1409678 ,  0.        , -0.13494236, ...,  0.95862325,
          0.93912529,  0.9067336 ],
        [ 0.27327328,  0.13494236,  0.        , ...,  0.98827025,
          0.97689834,  0.95534583],
        ...,
        [-0.9089202 , -0.95862325, -0.98827025, ...,  0.        ,
         -0.0620107 , -0.14612821],
        [-0.88131436, -0.93912529, -0.97689834, ...,  0.0620107 ,
          0.        , -0.08450192],
        [-0.83823245, -0.9067336 , -0.95534583, ...,  0.14612821,
          0.08450192,  0.        ]]]), 'num': array([ 9.32097858e-01,  3.62179130e-01,  1.26508046e-04,  4.62821787e-05,
        4.97751733e-05,  4.58198706e-05,  4.45232505e-03, -2.87658380e-06,
        5.01244728e-05,  5.55206358e-05,  5.85153650e-05,  2.14627721e-07,
        6.41786101e-05,  4.68626616e-05])}
