state_0,state_1,state_2,state_3,state_4,state_5,state_6,state_7,state_8,state_9,state_10,state_11,state_12,state_13,state_14,state_15,state_16,state_17,state_18,state_19,state_20,state_21,state_22,state_23,state_24,state_25,state_26,state_27,state_28,state_29,state_30,state_31,state_32,state_33,state_34,state_35,state_36,state_37,state_38,state_39,state_40,state_41,state_42,state_43,state_44,state_45,state_46,state_47,state_48,state_49,state_50,state_51,state_52,state_53,state_54,state_55,state_56,state_57,state_58,state_59,state_60,state_61,state_62,state_63,state_64,state_65,state_66,state_67,state_68,state_69,state_70,state_71,state_72,state_73,state_74,state_75,state_76,state_77,state_78,state_79,state_80,state_81,state_82,state_83,state_84,state_85,state_86,state_87,state_88,state_89,state_90,state_91,state_92,state_93,state_94,state_95,state_96,state_97,state_98,state_99,state_100,state_101,state_102,state_103,state_104,state_105,state_106,state_107,state_108,state_109,state_110,state_111,state_112,state_113,state_114,state_115,state_116,state_117,state_118,state_119,state_120,state_121,state_122,state_123,state_124,state_125,state_126,state_127,state_128,state_129,state_130,state_131,state_132,state_133,state_134,state_135,state_136,state_137,state_138,state_139,state_140,state_141,state_142,state_143,state_144,state_145,state_146,state_147,state_148,state_149,state_150,state_151,state_152,state_153,state_154,state_155,state_156,state_157,state_158,state_159,state_160,state_161,state_162,state_163,state_164,state_165,state_166,state_167,state_168,state_169,state_170,state_171,state_172,state_173,state_174,state_175,state_176,state_177,state_178,state_179,state_180,state_181,state_182,state_183,state_184,state_185,state_186,state_187,state_188,state_189,state_190,state_191,state_192,state_193,state_194,state_195,state_196,state_197,state_198,state_199,state_200,state_201,state_202,state_203,state_204,state_205,state_206,state_207,state_208,state_209,state_210,state_211,state_212,state_213,state_214,state_215,state_216,state_217,state_218,state_219,state_220,state_221,state_222,state_223,state_224,state_225,state_226,state_227,state_228,state_229,state_230,state_231,state_232,state_233,state_234,state_235,state_236,state_237,state_238,state_239,state_240,state_241,state_242,state_243,state_244,state_245,state_246,state_247,state_248,state_249,state_250,state_251,state_252,state_253,state_254,state_255,state_256,state_257,state_258,state_259,state_260,state_261,state_262,state_263,state_264,state_265,state_266,state_267,state_268,state_269,state_270,state_271,state_272,state_273,state_274,state_275,state_276,state_277,state_278,state_279,state_280,state_281,state_282,state_283,state_284,state_285,state_286,state_287
{'img': array([[[ 0.        , -0.23068098, -0.40949962, ..., -0.17181622,
         -0.34094601, -0.24972318],
        [ 0.23068098,  0.        , -0.18800255, ...,  0.06006829,
         -0.11489126, -0.01961562],
        [ 0.40949962,  0.18800255,  0.        , ...,  0.24666026,
          0.07391504,  0.16870053],
        ...,
        [ 0.17181622, -0.06006829, -0.24666026, ...,  0.        ,
         -0.17435432, -0.07963694],
        [ 0.34094601,  0.11489126, -0.07391504, ...,  0.17435432,
          0.        ,  0.09538342],
        [ 0.24972318,  0.01961562, -0.16870053, ...,  0.07963694,
         -0.09538342,  0.        ]],

       [[ 0.        ,  0.44171351,  0.37757429, ..., -0.39384186,
         -0.10068398, -0.12424793],
        [-0.44171351,  0.        , -0.07027446, ..., -0.75935108,
         -0.52979818, -0.54976055],
        [-0.37757429,  0.07027446,  0.        , ..., -0.71174747,
         -0.46888691, -0.48969955],
        ...,
        [ 0.39384186,  0.75935108,  0.71174747, ...,  0.        ,
          0.29929401,  0.27658407],
        [ 0.10068398,  0.52979818,  0.46888691, ..., -0.29929401,
          0.        , -0.02371275],
        [ 0.12424793,  0.54976055,  0.48969955, ..., -0.27658407,
          0.02371275,  0.        ]],

       [[ 0.        , -0.03438457, -0.14600759, ..., -0.22359596,
         -0.1951642 , -0.25583675],
        [ 0.03438457,  0.        , -0.11190516, ..., -0.18994972,
         -0.16132541, -0.22244521],
        [ 0.14600759,  0.11190516,  0.        , ..., -0.07888884,
         -0.04987277, -0.11194661],
        ...,
        [ 0.22359596,  0.18994972,  0.07888884, ...,  0.        ,
          0.02907333, -0.03320476],
        [ 0.1951642 ,  0.16132541,  0.04987277, ..., -0.02907333,
          0.        , -0.06224802],
        [ 0.25583675,  0.22244521,  0.11194661, ...,  0.03320476,
          0.06224802,  0.        ]],

       ...,

       [[ 0.        , -0.68216072, -0.32400975, ...,  0.99022054,
          0.99852784,  0.99861311],
        [ 0.68216072,  0.        ,  0.40844405, ...,  0.62888264,
          0.7671273 ,  0.6942735 ],
        [ 0.32400975, -0.40844405,  0.        , ...,  0.89159895,
          0.96223581,  0.92768308],
        ...,
        [-0.99022054, -0.62888264, -0.89159895, ...,  0.        ,
         -0.19301666, -0.0871839 ],
        [-0.99852784, -0.7671273 , -0.96223581, ...,  0.19301666,
          0.        ,  0.10673724],
        [-0.99861311, -0.6942735 , -0.92768308, ...,  0.0871839 ,
         -0.10673724,  0.        ]],

       [[ 0.        , -0.14728936, -0.49761035, ..., -0.76700382,
         -0.79007533, -0.82040894],
        [ 0.14728936,  0.        , -0.36442424, ..., -0.85314557,
         -0.87174815, -0.89567781],
        [ 0.49761035,  0.36442424,  0.        , ..., -0.9845876 ,
         -0.99035188, -0.99614553],
        ...,
        [ 0.76700382,  0.85314557,  0.9845876 , ...,  0.        ,
          0.03676511,  0.08785397],
        [ 0.79007533,  0.87174815,  0.99035188, ..., -0.03676511,
          0.        ,  0.05117163],
        [ 0.82040894,  0.89567781,  0.99614553, ..., -0.08785397,
         -0.05117163,  0.        ]],

       [[ 0.        , -0.16317582, -0.27178181, ..., -0.99276272,
         -0.99805664, -0.99111749],
        [ 0.16317582,  0.        , -0.11110542, ..., -0.9990529 ,
         -0.97451167, -0.95613294],
        [ 0.27178181,  0.11110542,  0.        , ..., -0.98803296,
         -0.94355306, -0.9176667 ],
        ...,
        [ 0.99276272,  0.9990529 ,  0.98803296, ...,  0.        ,
          0.1817213 ,  0.25105231],
        [ 0.99805664,  0.97451167,  0.94355306, ..., -0.1817213 ,
          0.        ,  0.07097091],
        [ 0.99111749,  0.95613294,  0.9176667 , ..., -0.25105231,
         -0.07097091,  0.        ]]]), 'num': array([ 9.99999760e-01,  2.36280117e-05,  2.09858578e-05,  2.18574016e-04,
        2.22702381e-04,  2.16968540e-04,  3.10549411e-04, -3.89901182e-06,
        2.22014320e-04,  2.16716251e-04,  2.19594640e-04,  2.98693108e-07,
        2.32069520e-04,  2.01362982e-04])}
{'img': array([[[ 0.        , -0.18800255, -0.35993171, ..., -0.11489126,
         -0.01961562, -0.32672605],
        [ 0.18800255,  0.        , -0.17811123, ...,  0.07391504,
          0.16870053, -0.14321524],
        [ 0.35993171,  0.17811123,  0.        , ...,  0.25035718,
          0.3415615 ,  0.0353499 ],
        ...,
        [ 0.11489126, -0.07391504, -0.25035718, ...,  0.        ,
          0.09538342, -0.21597657],
        [ 0.01961562, -0.16870053, -0.3415615 , ..., -0.09538342,
          0.        , -0.30812409],
        [ 0.32672605,  0.14321524, -0.0353499 , ...,  0.21597657,
          0.30812409,  0.        ]],

       [[ 0.        , -0.07027446,  0.0033682 , ..., -0.52979818,
         -0.54976055, -0.47234113],
        [ 0.07027446,  0.        ,  0.07363394, ..., -0.46888691,
         -0.48969955, -0.40923233],
        [-0.0033682 , -0.07363394,  0.        , ..., -0.53265182,
         -0.55257097, -0.47530724],
        ...,
        [ 0.52979818,  0.46888691,  0.53265182, ...,  0.        ,
         -0.02371275,  0.06636877],
        [ 0.54976055,  0.48969955,  0.55257097, ...,  0.02371275,
          0.        ,  0.09001058],
        [ 0.47234113,  0.40923233,  0.47530724, ..., -0.06636877,
         -0.09001058,  0.        ]],

       [[ 0.        , -0.11190516, -0.26730199, ..., -0.16132541,
         -0.22244521, -0.33970253],
        [ 0.11190516,  0.        , -0.1577898 , ..., -0.04987277,
         -0.11194661, -0.23231834],
        [ 0.26730199,  0.1577898 ,  0.        , ...,  0.10834544,
          0.04625374, -0.07593538],
        ...,
        [ 0.16132541,  0.04987277, -0.10834544, ...,  0.        ,
         -0.06224802, -0.18352099],
        [ 0.22244521,  0.11194661, -0.04625374, ...,  0.06224802,
          0.        , -0.1219743 ],
        [ 0.33970253,  0.23231834,  0.07593538, ...,  0.18352099,
          0.1219743 ,  0.        ]],

       ...,

       [[ 0.        ,  0.40844405,  0.3746357 , ...,  0.7671273 ,
          0.6942735 ,  0.76985343],
        [-0.40844405,  0.        , -0.03673669, ...,  0.96223581,
          0.92768308,  0.96338686],
        [-0.3746357 ,  0.03673669,  0.        , ...,  0.95158591,
          0.91334055,  0.95288689],
        ...,
        [-0.7671273 , -0.96223581, -0.95158591, ...,  0.        ,
          0.10673724, -0.00426051],
        [-0.6942735 , -0.92768308, -0.91334055, ..., -0.10673724,
          0.        , -0.11097244],
        [-0.76985343, -0.96338686, -0.95288689, ...,  0.00426051,
          0.11097244,  0.        ]],

       [[ 0.        , -0.47932043, -0.64781801, ..., -0.79171716,
         -0.82204039, -0.83053421],
        [ 0.47932043,  0.        , -0.203407  , ..., -0.98765365,
         -0.99439455, -0.99587598],
        [ 0.64781801,  0.203407  ,  0.        , ..., -0.99887042,
         -0.99511285, -0.99351057],
        ...,
        [ 0.79171716,  0.98765365,  0.99887042, ...,  0.        ,
          0.05134762,  0.06640242],
        [ 0.82204039,  0.99439455,  0.99511285, ..., -0.05134762,
          0.        ,  0.01508054],
        [ 0.83053421,  0.99587598,  0.99351057, ..., -0.06640242,
         -0.01508054,  0.        ]],

       [[ 0.        , -0.11110542, -0.23126274, ..., -0.97451167,
         -0.95613294, -0.92983306],
        [ 0.11110542,  0.        , -0.1217374 , ..., -0.94355306,
         -0.9176667 , -0.88319137],
        [ 0.23126274,  0.1217374 ,  0.        , ..., -0.89621321,
         -0.86246893, -0.81952609],
        ...,
        [ 0.97451167,  0.94355306,  0.89621321, ...,  0.        ,
          0.07097091,  0.15000658],
        [ 0.95613294,  0.9176667 ,  0.86246893, ..., -0.07097091,
          0.        ,  0.07946045],
        [ 0.92983306,  0.88319137,  0.81952609, ..., -0.15000658,
         -0.07946045,  0.        ]]]), 'num': array([ 7.07096627e-01,  7.07096627e-01,  0.00000000e+00,  1.74380340e-03,
        1.76405877e-03,  1.73827921e-03,  2.03905307e-03, -1.10483848e-05,
        1.77105608e-03,  1.74334305e-03,  1.76230944e-03,  2.07032796e-06,
        1.86303034e-03,  1.62365576e-03])}
{'img': array([[[ 0.        , -0.17811123, -0.36381226, ...,  0.16870053,
         -0.14321524, -0.24685189],
        [ 0.17811123,  0.        , -0.19208936, ...,  0.3415615 ,
          0.0353499 , -0.07030555],
        [ 0.36381226,  0.19208936,  0.        , ...,  0.51573774,
          0.22666089,  0.12261775],
        ...,
        [-0.16870053, -0.3415615 , -0.51573774, ...,  0.        ,
         -0.30812409, -0.40679364],
        [ 0.14321524, -0.0353499 , -0.22666089, ...,  0.30812409,
          0.        , -0.10552404],
        [ 0.24685189,  0.07030555, -0.12261775, ...,  0.40679364,
          0.10552404,  0.        ]],

       [[ 0.        ,  0.07363394, -0.46918865, ..., -0.48969955,
         -0.40923233, -0.56570275],
        [-0.07363394,  0.        , -0.53294095, ..., -0.55257097,
         -0.47530724, -0.62488628],
        [ 0.46918865,  0.53294095,  0.        , ..., -0.02337119,
          0.06670967, -0.11267364],
        ...,
        [ 0.48969955,  0.55257097,  0.02337119, ...,  0.        ,
          0.09001058, -0.0894205 ],
        [ 0.40923233,  0.47530724, -0.06670967, ..., -0.09001058,
          0.        , -0.17870751],
        [ 0.56570275,  0.62488628,  0.11267364, ...,  0.0894205 ,
          0.17870751,  0.        ]],

       [[ 0.        , -0.1577898 , -0.37394531, ..., -0.11194661,
         -0.23231834, -0.35849757],
        [ 0.1577898 ,  0.        , -0.22291852, ...,  0.04625374,
         -0.07593538, -0.20670496],
        [ 0.37394531,  0.22291852,  0.        , ...,  0.2677698 ,
          0.14825027,  0.01660057],
        ...,
        [ 0.11194661, -0.04625374, -0.2677698 , ...,  0.        ,
         -0.1219743 , -0.25173854],
        [ 0.23231834,  0.07593538, -0.14825027, ...,  0.1219743 ,
          0.        , -0.13181271],
        [ 0.35849757,  0.20670496, -0.01660057, ...,  0.25173854,
          0.13181271,  0.        ]],

       ...,

       [[ 0.        , -0.17216851,  0.02112849, ...,  0.81664794,
          0.87685119,  0.98747027],
        [ 0.17216851,  0.        ,  0.19294307, ...,  0.70508868,
          0.78098557,  0.9455558 ],
        [-0.02112849, -0.19294307,  0.        , ...,  0.82865965,
          0.88681322,  0.99058402],
        ...,
        [-0.81664794, -0.70508868, -0.82865965, ...,  0.        ,
         -0.11344933, -0.44103355],
        [-0.87685119, -0.78098557, -0.88681322, ...,  0.11344933,
          0.        , -0.33636643],
        [-0.98747027, -0.9455558 , -0.99058402, ...,  0.44103355,
          0.33636643,  0.        ]],

       [[ 0.        , -0.48120897, -0.64039366, ..., -0.84078434,
         -0.84918433, -0.84831382],
        [ 0.48120897,  0.        , -0.19178183, ..., -0.99754872,
         -0.99852481, -0.99843407],
        [ 0.64039366,  0.19178183,  0.        , ..., -0.99245181,
         -0.99040303, -0.99062922],
        ...,
        [ 0.84078434,  0.99754872,  0.99245181, ...,  0.        ,
          0.01570778,  0.01406174],
        [ 0.84918433,  0.99852481,  0.99040303, ..., -0.01570778,
          0.        , -0.00164622],
        [ 0.84831382,  0.99843407,  0.99062922, ..., -0.01406174,
          0.00164622,  0.        ]],

       [[ 0.        , -0.1217374 , -0.26165972, ..., -0.9176667 ,
         -0.88319137, -0.82688583],
        [ 0.1217374 ,  0.        , -0.1422175 , ..., -0.86246893,
         -0.81952609, -0.7522743 ],
        [ 0.26165972,  0.1422175 ,  0.        , ..., -0.78172461,
         -0.72969938, -0.65092775],
        ...,
        [ 0.9176667 ,  0.86246893,  0.78172461, ...,  0.        ,
          0.07946045,  0.18750414],
        [ 0.88319137,  0.81952609,  0.72969938, ..., -0.07946045,
          0.        ,  0.10886013],
        [ 0.82688583,  0.7522743 ,  0.65092775, ..., -0.18750414,
         -0.10886013,  0.        ]]]), 'num': array([7.07094003e-01, 7.07094003e-01, 0.00000000e+00, 1.78983170e-03,
       1.79719726e-03, 1.74563832e-03, 3.34694844e-03, 4.60347658e-05,
       1.77031296e-03, 1.75014973e-03, 1.76264049e-03, 1.95847328e-06,
       1.86399161e-03, 1.63630785e-03])}
{'img': array([[[ 0.        , -0.19208936, -0.10526316, ...,  0.0353499 ,
         -0.07030555,  0.3783479 ],
        [ 0.19208936,  0.        ,  0.0877193 , ...,  0.22666089,
          0.12261775,  0.54911219],
        [ 0.10526316, -0.0877193 ,  0.        , ...,  0.14035088,
          0.03508772,  0.47368421],
        ...,
        [-0.0353499 , -0.22666089, -0.14035088, ...,  0.        ,
         -0.10552404,  0.34538932],
        [ 0.07030555, -0.12261775, -0.03508772, ...,  0.10552404,
          0.        ,  0.44249096],
        [-0.3783479 , -0.54911219, -0.47368421, ..., -0.34538932,
         -0.44249096,  0.        ]],

       [[ 0.        , -0.53294095, -0.32857892, ..., -0.47530724,
         -0.62488628, -0.21000918],
        [ 0.53294095,  0.        ,  0.22532236, ...,  0.06670967,
         -0.11267364,  0.34335627],
        [ 0.32857892, -0.22532236,  0.        , ..., -0.15982626,
         -0.33366367,  0.12290267],
        ...,
        [ 0.47530724, -0.06670967,  0.15982626, ...,  0.        ,
         -0.17870751,  0.27993735],
        [ 0.62488628,  0.11267364,  0.33366367, ...,  0.17870751,
          0.        ,  0.44699346],
        [ 0.21000918, -0.34335627, -0.12290267, ..., -0.27993735,
         -0.44699346,  0.        ]],

       [[ 0.        , -0.22291852, -0.36637458, ..., -0.07593538,
         -0.20670496, -0.21482968],
        [ 0.22291852,  0.        , -0.14973709, ...,  0.14825027,
          0.01660057,  0.00828978],
        [ 0.36637458,  0.14973709,  0.        , ...,  0.29466135,
          0.16612987,  0.15792826],
        ...,
        [ 0.07593538, -0.14825027, -0.29466135, ...,  0.        ,
         -0.13181271, -0.140047  ],
        [ 0.20670496, -0.01660057, -0.16612987, ...,  0.13181271,
          0.        , -0.00831136],
        [ 0.21482968, -0.00828978, -0.15792826, ...,  0.140047  ,
          0.00831136,  0.        ]],

       ...,

       [[ 0.        ,  0.19294307,  0.5343809 , ...,  0.78098557,
          0.9455558 ,  0.97472687],
        [-0.19294307,  0.        ,  0.36125593, ...,  0.88681322,
          0.99058402,  0.99951517],
        [-0.5343809 , -0.36125593,  0.        , ...,  0.99387029,
          0.97314478,  0.94326249],
        ...,
        [-0.78098557, -0.88681322, -0.99387029, ...,  0.        ,
         -0.33636643, -0.43429263],
        [-0.9455558 , -0.99058402, -0.97314478, ...,  0.33636643,
          0.        , -0.10599751],
        [-0.97472687, -0.99951517, -0.94326249, ...,  0.43429263,
          0.10599751,  0.        ]],

       [[ 0.        , -0.46691394, -0.69290821, ..., -0.86771212,
         -0.86685739, -0.87162542],
        [ 0.46691394,  0.        , -0.27608364, ..., -0.99940777,
         -0.99934721, -0.99964916],
        [ 0.69290821,  0.27608364,  0.        , ..., -0.97006469,
         -0.97048022, -0.96810901],
        ...,
        [ 0.86771212,  0.99940777,  0.97006469, ...,  0.        ,
         -0.00171697,  0.00792764],
        [ 0.86685739,  0.99934721,  0.97048022, ...,  0.00171697,
          0.        ,  0.00964454],
        [ 0.87162542,  0.99964916,  0.96810901, ..., -0.00792764,
         -0.00964454,  0.        ]],

       [[ 0.        , -0.1422175 , -0.21394448, ..., -0.81952609,
         -0.7522743 , -0.62503342],
        [ 0.1422175 ,  0.        , -0.07284526, ..., -0.72969938,
         -0.65092775, -0.50766553],
        [ 0.21394448,  0.07284526,  0.        , ..., -0.67795149,
         -0.59389867, -0.44355664],
        ...,
        [ 0.81952609,  0.72969938,  0.67795149, ...,  0.        ,
          0.10886013,  0.28155011],
        [ 0.7522743 ,  0.65092775,  0.59389867, ..., -0.10886013,
          0.        ,  0.17542052],
        [ 0.62503342,  0.50766553,  0.44355664, ..., -0.28155011,
         -0.17542052,  0.        ]]]), 'num': array([7.07085120e-01, 7.07085120e-01, 0.00000000e+00, 1.83216066e-03,
       1.85978118e-03, 1.79349195e-03, 5.96956613e-03, 4.23514525e-05,
       1.78133892e-03, 1.75942665e-03, 1.76396869e-03, 2.37929509e-06,
       1.86804860e-03, 1.65080469e-03])}
{'img': array([[[ 0.        ,  0.0877193 ,  0.22666089, ...,  0.12261775,
          0.54911219,  0.91592897],
        [-0.0877193 ,  0.        ,  0.14035088, ...,  0.03508772,
          0.47368421,  0.87719298],
        [-0.22666089, -0.14035088,  0.        , ..., -0.10552404,
          0.34538932,  0.80112259],
        ...,
        [-0.12261775, -0.03508772,  0.10552404, ...,  0.        ,
          0.44249096,  0.85980589],
        [-0.54911219, -0.47368421, -0.34538932, ..., -0.44249096,
          0.        ,  0.54510549],
        [-0.91592897, -0.87719298, -0.80112259, ..., -0.85980589,
         -0.54510549,  0.        ]],

       [[ 0.        ,  0.22532236, -0.11799194, ..., -0.11267364,
          0.34335627,  0.89948373],
        [-0.22532236,  0.        , -0.33870607, ..., -0.33366367,
          0.12290267,  0.77789728],
        [ 0.11799194,  0.33870607,  0.        , ...,  0.00535401,
          0.45177642,  0.94475751],
        ...,
        [ 0.11267364,  0.33366367, -0.00535401, ...,  0.        ,
          0.44699346,  0.94298909],
        [-0.34335627, -0.12290267, -0.45177642, ..., -0.44699346,
          0.        ,  0.69476885],
        [-0.89948373, -0.77789728, -0.94475751, ..., -0.94298909,
         -0.69476885,  0.        ]],

       [[ 0.        , -0.14973709, -0.22021221, ...,  0.01660057,
          0.00828978,  0.13526551],
        [ 0.14973709,  0.        , -0.07166815, ...,  0.16612987,
          0.15792826,  0.28210142],
        [ 0.22021221,  0.07166815,  0.        , ...,  0.23637492,
          0.22829092,  0.35013333],
        ...,
        [-0.01660057, -0.16612987, -0.23637492, ...,  0.        ,
         -0.00831136,  0.11879887],
        [-0.00828978, -0.15792826, -0.22829092, ...,  0.00831136,
          0.        ,  0.12704727],
        [-0.13526551, -0.28210142, -0.35013333, ..., -0.11879887,
         -0.12704727,  0.        ]],

       ...,

       [[ 0.        ,  0.50564044,  0.83761862, ...,  0.94773365,
          0.97638572,  0.79720954],
        [-0.50564044,  0.        ,  0.44644183, ...,  0.97898276,
          0.95160703,  0.99304449],
        [-0.83761862, -0.44644183,  0.        , ...,  0.78495747,
          0.71431062,  0.9411527 ],
        ...,
        [-0.94773365, -0.97898276, -0.78495747, ...,  0.        ,
         -0.10678493,  0.31778962],
        [-0.97638572, -0.95160703, -0.71431062, ...,  0.10678493,
          0.        ,  0.41722188],
        [-0.79720954, -0.99304449, -0.9411527 , ..., -0.31778962,
         -0.41722188,  0.        ]],

       [[ 0.        , -0.56264628, -0.7951466 , ..., -0.88385168,
         -0.88850401, -0.90689073],
        [ 0.56264628,  0.        , -0.3161475 , ..., -0.9938657 ,
         -0.99270512, -0.98680447],
        [ 0.7951466 ,  0.3161475 ,  0.        , ..., -0.90792645,
         -0.90367217, -0.88500183],
        ...,
        [ 0.88385168,  0.9938657 ,  0.90792645, ...,  0.        ,
          0.01004106,  0.05178883],
        [ 0.88850401,  0.99270512,  0.90367217, ..., -0.01004106,
          0.        ,  0.04175864],
        [ 0.90689073,  0.98680447,  0.88500183, ..., -0.05178883,
         -0.04175864,  0.        ]],

       [[ 0.        , -0.07284526, -0.07040681, ..., -0.65092775,
         -0.50766553, -0.34276059],
        [ 0.07284526,  0.        ,  0.00244473, ..., -0.59389867,
         -0.44355664, -0.27341747],
        [ 0.07040681, -0.00244473,  0.        , ..., -0.59586378,
         -0.4457464 , -0.27576823],
        ...,
        [ 0.65092775,  0.59389867,  0.59586378, ...,  0.        ,
          0.17542052,  0.35129319],
        [ 0.50766553,  0.44355664,  0.4457464 , ..., -0.17542052,
          0.        ,  0.18160572],
        [ 0.34276059,  0.27341747,  0.27576823, ..., -0.35129319,
         -0.18160572,  0.        ]]]), 'num': array([ 8.20107275e-01,  5.72166883e-01,  5.00384241e-06,  2.11914864e-03,
        2.14694777e-03,  2.10417988e-03,  3.79445219e-03, -8.55357676e-06,
        2.07766380e-03,  2.05275150e-03,  2.05032799e-03,  2.34067472e-06,
        2.17143123e-03,  1.93407178e-03])}
{'img': array([[[ 0.        ,  0.14035088,  0.07017544, ...,  0.47368421,
          0.87719298,  0.80701754],
        [-0.14035088,  0.        , -0.07052404, ...,  0.34538932,
          0.80112259,  0.7161485 ],
        [-0.07017544,  0.07052404,  0.        , ...,  0.41071328,
          0.84133652,  0.76358745],
        ...,
        [-0.47368421, -0.34538932, -0.41071328, ...,  0.        ,
          0.54510549,  0.43101259],
        [-0.87719298, -0.80112259, -0.84133652, ..., -0.54510549,
          0.        , -0.13052678],
        [-0.80701754, -0.7161485 , -0.76358745, ..., -0.43101259,
          0.13052678,  0.        ]],

       [[ 0.        , -0.33870607,  0.12647632, ...,  0.12290267,
          0.77789728,  0.09837902],
        [ 0.33870607,  0.        ,  0.45498672, ...,  0.45177642,
          0.94475751,  0.42962707],
        [-0.12647632, -0.45498672,  0.        , ..., -0.00360175,
          0.69217384, -0.02827378],
        ...,
        [-0.12290267, -0.45177642,  0.00360175, ...,  0.        ,
          0.69476885, -0.02467329],
        [-0.77789728, -0.94475751, -0.69217384, ..., -0.69476885,
          0.        , -0.71230318],
        [-0.09837902, -0.42962707,  0.02827378, ...,  0.02467329,
          0.71230318,  0.        ]],

       [[ 0.        , -0.07166815, -0.11903435, ...,  0.15792826,
          0.28210142,  0.37062303],
        [ 0.07166815,  0.        , -0.04756966, ...,  0.22829092,
          0.35013333,  0.43623418],
        [ 0.11903435,  0.04756966,  0.        , ...,  0.27434596,
          0.39429544,  0.47854508],
        ...,
        [-0.15792826, -0.22829092, -0.27434596, ...,  0.        ,
          0.12704727,  0.21929079],
        [-0.28210142, -0.35013333, -0.39429544, ..., -0.12704727,
          0.        ,  0.09355892],
        [-0.37062303, -0.43623418, -0.47854508, ..., -0.21929079,
         -0.09355892,  0.        ]],

       ...,

       [[ 0.        ,  0.75109794,  0.79643291, ...,  0.98739614,
          0.81850341,  0.97667023],
        [-0.75109794,  0.        ,  0.07158856, ...,  0.77074487,
          0.97187544,  0.80608297],
        [-0.79643291, -0.07158856,  0.        , ...,  0.72315511,
          0.95252306,  0.76164846],
        ...,
        [-0.98739614, -0.77074487, -0.72315511, ...,  0.        ,
          0.43771756,  0.05746207],
        [-0.81850341, -0.97187544, -0.95252306, ..., -0.43771756,
          0.        , -0.38532945],
        [-0.97667023, -0.80608297, -0.76164846, ..., -0.05746207,
          0.38532945,  0.        ]],

       [[ 0.        , -0.65129915, -0.93002098, ..., -0.91319149,
         -0.93042995, -0.93723877],
        [ 0.65129915,  0.        , -0.4663629 , ..., -0.95837337,
         -0.94471131, -0.93829688],
        [ 0.93002098,  0.4663629 ,  0.        , ..., -0.71461587,
         -0.68276357, -0.66872865],
        ...,
        [ 0.91319149,  0.95837337,  0.71461587, ...,  0.        ,
          0.04452172,  0.06353448],
        [ 0.93042995,  0.94471131,  0.68276357, ..., -0.04452172,
          0.        ,  0.01903971],
        [ 0.93723877,  0.93829688,  0.66872865, ..., -0.06353448,
         -0.01903971,  0.        ]],

       [[ 0.        ,  0.00244473,  0.13312633, ..., -0.44355664,
         -0.27341747, -0.10399788],
        [-0.00244473,  0.        ,  0.13070297, ..., -0.4457464 ,
         -0.27576823, -0.10642905],
        [-0.13312633, -0.13070297,  0.        , ..., -0.55892257,
         -0.39903742, -0.23547667],
        ...,
        [ 0.44355664,  0.4457464 ,  0.55892257, ...,  0.        ,
          0.18160572,  0.34794374],
        [ 0.27341747,  0.27576823,  0.39903742, ..., -0.18160572,
          0.        ,  0.17189977],
        [ 0.10399788,  0.10642905,  0.23547667, ..., -0.34794374,
         -0.17189977,  0.        ]]]), 'num': array([9.95724544e-01, 9.17883119e-02, 1.80787247e-05, 2.57531690e-03,
       2.60622070e-03, 2.54956373e-03, 7.52028590e-03, 2.31778521e-05,
       2.52638588e-03, 2.48543834e-03, 2.47161747e-03, 3.11112109e-06,
       2.61426495e-03, 2.35661173e-03])}
{'img': array([[[ 0.        , -0.07052404, -0.05295882, ...,  0.80112259,
          0.7161485 ,  0.91850914],
        [ 0.07052404,  0.        ,  0.01759811, ...,  0.84133652,
          0.76358745,  0.94410731],
        [ 0.05295882, -0.01759811,  0.        , ...,  0.83169424,
          0.75210602,  0.9381601 ],
        ...,
        [-0.80112259, -0.84133652, -0.83169424, ...,  0.        ,
         -0.13052678,  0.23296432],
        [-0.7161485 , -0.76358745, -0.75210602, ...,  0.13052678,
          0.        ,  0.35790663],
        [-0.91850914, -0.94410731, -0.9381601 , ..., -0.23296432,
         -0.35790663,  0.        ]],

       [[ 0.        ,  0.45498672,  0.34465057, ...,  0.94475751,
          0.42962707,  0.87230743],
        [-0.45498672,  0.        , -0.12019945, ...,  0.69217384,
         -0.02827378,  0.55431889],
        [-0.34465057,  0.12019945,  0.        , ...,  0.77390706,
          0.0920826 ,  0.65034248],
        ...,
        [-0.94475751, -0.69217384, -0.77390706, ...,  0.        ,
         -0.71230318, -0.17603028],
        [-0.42962707,  0.02827378, -0.0920826 , ...,  0.71230318,
          0.        ,  0.57762968],
        [-0.87230743, -0.55431889, -0.65034248, ...,  0.17603028,
         -0.57762968,  0.        ]],

       [[ 0.        , -0.04756966, -0.05152631, ...,  0.35013333,
          0.43623418,  0.63205061],
        [ 0.04756966,  0.        , -0.00396151, ...,  0.39429544,
          0.47854508,  0.6681981 ],
        [ 0.05152631,  0.00396151,  0.        , ...,  0.39793291,
          0.48201978,  0.67114015],
        ...,
        [-0.35013333, -0.39429544, -0.39793291, ...,  0.        ,
          0.09355892,  0.32071392],
        [-0.43623418, -0.47854508, -0.48201978, ..., -0.09355892,
          0.        ,  0.23069042],
        [-0.63205061, -0.6681981 , -0.67114015, ..., -0.32071392,
         -0.23069042,  0.        ]],

       ...,

       [[ 0.        ,  0.08281663,  0.48487015, ...,  0.98886209,
          0.8478717 ,  0.94533512],
        [-0.08281663,  0.        ,  0.41077425, ...,  0.97313917,
          0.8010496 ,  0.91508117],
        [-0.48487015, -0.41077425,  0.        , ...,  0.79267961,
          0.484458  ,  0.66866063],
        ...,
        [-0.98886209, -0.97313917, -0.79267961, ...,  0.        ,
         -0.39810341, -0.18176974],
        [-0.8478717 , -0.8010496 , -0.484458  , ...,  0.39810341,
          0.        ,  0.2247267 ],
        [-0.94533512, -0.91508117, -0.66866063, ...,  0.18176974,
         -0.2247267 ,  0.        ]],

       [[ 0.        , -0.83183286, -0.96085033, ..., -0.96011753,
         -0.96577618, -0.96390594],
        [ 0.83183286,  0.        , -0.30282289, ..., -0.76546814,
         -0.75178931, -0.75646274],
        [ 0.96085033,  0.30282289,  0.        , ..., -0.5346684 ,
         -0.51680799, -0.52288713],
        ...,
        [ 0.96011753,  0.76546814,  0.5346684 , ...,  0.        ,
          0.02099557,  0.01388037],
        [ 0.96577618,  0.75178931,  0.51680799, ..., -0.02099557,
          0.        , -0.00711624],
        [ 0.96390594,  0.75646274,  0.52288713, ..., -0.01388037,
          0.00711624,  0.        ]],

       [[ 0.        ,  0.13070297,  0.17654545, ..., -0.27576823,
         -0.10642905,  0.11765683],
        [-0.13070297,  0.        ,  0.04638102, ..., -0.39903742,
         -0.23547667, -0.01314762],
        [-0.17654545, -0.04638102,  0.        , ..., -0.44113634,
         -0.28030003, -0.05951048],
        ...,
        [ 0.27576823,  0.39903742,  0.44113634, ...,  0.        ,
          0.17189977,  0.38694742],
        [ 0.10642905,  0.23547667,  0.28030003, ..., -0.17189977,
          0.        ,  0.2226784 ],
        [-0.11765683,  0.01314762,  0.05951048, ..., -0.38694742,
         -0.2226784 ,  0.        ]]]), 'num': array([9.99157612e-01, 4.01059462e-02, 1.90288029e-05, 2.58504492e-03,
       2.61069021e-03, 2.56965775e-03, 4.92876770e-03, 2.05162295e-05,
       2.54708990e-03, 2.49041381e-03, 2.46361449e-03, 3.15118558e-06,
       2.59097343e-03, 2.38985420e-03])}
{'img': array([[[ 0.        ,  0.0166713 ,  0.4014578 , ...,  0.70494352,
          0.85823149,  0.9998611 ],
        [-0.0166713 ,  0.        ,  0.38613314, ...,  0.69302121,
          0.84955546,  0.99944429],
        [-0.4014578 , -0.38613314,  0.        , ...,  0.36090259,
          0.57998158,  0.90905934],
        ...,
        [-0.70494352, -0.69302121, -0.36090259, ...,  0.        ,
          0.24689093,  0.69741587],
        [-0.85823149, -0.84955546, -0.57998158, ..., -0.24689093,
          0.        ,  0.49888765],
        [-0.9998611 , -0.99944429, -0.90905934, ..., -0.69741587,
         -0.49888765,  0.        ]],

       [[ 0.        , -0.12019945,  0.02435832, ..., -0.02827378,
          0.55431889,  0.0549859 ],
        [ 0.12019945,  0.        ,  0.14434549, ...,  0.0920826 ,
          0.65034248,  0.17460483],
        [-0.02435832, -0.14434549,  0.        , ..., -0.05261397,
          0.53388089,  0.03064812],
        ...,
        [ 0.02827378, -0.0920826 ,  0.05261397, ...,  0.        ,
          0.57762968,  0.08319492],
        [-0.55431889, -0.65034248, -0.53388089, ..., -0.57762968,
          0.        , -0.50771528],
        [-0.0549859 , -0.17460483, -0.03064812, ..., -0.08319492,
          0.50771528,  0.        ]],

       [[ 0.        , -0.00396151,  0.12698314, ...,  0.47854508,
          0.6681981 ,  0.91885976],
        [ 0.00396151,  0.        ,  0.13091159, ...,  0.48201978,
          0.67114015,  0.9204157 ],
        [-0.12698314, -0.13091159,  0.        , ...,  0.363172  ,
          0.5683156 ,  0.86131593],
        ...,
        [-0.47854508, -0.48201978, -0.363172  , ...,  0.        ,
          0.23069042,  0.61799039],
        [-0.6681981 , -0.67114015, -0.5683156 , ..., -0.23069042,
          0.        ,  0.41995595],
        [-0.91885976, -0.9204157 , -0.86131593, ..., -0.61799039,
         -0.41995595,  0.        ]],

       ...,

       [[ 0.        ,  0.41077425,  0.70396958, ...,  0.8010496 ,
          0.91508117,  0.93172393],
        [-0.41077425,  0.        ,  0.35009094, ...,  0.484458  ,
          0.66866063,  0.70030746],
        [-0.70396958, -0.35009094,  0.        , ...,  0.14753479,
          0.3660286 ,  0.40607963],
        ...,
        [-0.8010496 , -0.484458  , -0.14753479, ...,  0.        ,
          0.2247267 ,  0.26681299],
        [-0.91508117, -0.66866063, -0.3660286 , ..., -0.2247267 ,
          0.        ,  0.04340843],
        [-0.93172393, -0.70030746, -0.40607963, ..., -0.26681299,
         -0.04340843,  0.        ]],

       [[ 0.        , -0.7662828 , -0.96795668, ..., -0.9988738 ,
         -0.99841519, -0.98242123],
        [ 0.7662828 ,  0.        , -0.42948869, ..., -0.67813701,
         -0.68460931, -0.77425685],
        [ 0.96795668,  0.42948869,  0.        , ..., -0.29676022,
         -0.30519297, -0.42739872],
        ...,
        [ 0.9988738 ,  0.67813701,  0.29676022, ...,  0.        ,
         -0.0088427 , -0.13985526],
        [ 0.99841519,  0.68460931,  0.30519297, ...,  0.0088427 ,
          0.        , -0.13109401],
        [ 0.98242123,  0.77425685,  0.42739872, ...,  0.13985526,
          0.13109401,  0.        ]],

       [[ 0.        ,  0.04638102,  0.18153313, ..., -0.23547667,
         -0.01314762,  0.34667488],
        [-0.04638102,  0.        ,  0.13572738, ..., -0.28030003,
         -0.05951048,  0.30279708],
        [-0.18153313, -0.13572738,  0.        , ..., -0.4079926 ,
         -0.19444661,  0.1706394 ],
        ...,
        [ 0.23547667,  0.28030003,  0.4079926 , ...,  0.        ,
          0.2226784 ,  0.55780005],
        [ 0.01314762,  0.05951048,  0.19444661, ..., -0.2226784 ,
          0.        ,  0.35897719],
        [-0.34667488, -0.30279708, -0.1706394 , ..., -0.55780005,
         -0.35897719,  0.        ]]]), 'num': array([ 9.99154314e-01,  4.03362732e-02,  1.91380847e-05,  2.58441521e-03,
        2.61536629e-03,  2.57925669e-03,  3.41870157e-03, -1.54755402e-05,
        2.57719329e-03,  2.51477527e-03,  2.48004128e-03,  3.34413971e-06,
        2.60501240e-03,  2.42453814e-03])}
{'img': array([[[ 0.        ,  0.38613314,  0.41998231, ...,  0.84955546,
          0.99944429,  0.8849702 ],
        [-0.38613314,  0.        ,  0.03698147, ...,  0.57998158,
          0.90905934,  0.63653262],
        [-0.41998231, -0.03698147,  0.        , ...,  0.54945864,
          0.89302855,  0.60757525],
        ...,
        [-0.84955546, -0.57998158, -0.54945864, ...,  0.        ,
          0.49888765,  0.07122764],
        [-0.99944429, -0.90905934, -0.89302855, ..., -0.49888765,
          0.        , -0.43588989],
        [-0.8849702 , -0.63653262, -0.60757525, ..., -0.07122764,
          0.43588989,  0.        ]],

       [[ 0.        ,  0.14434549, -0.34959672, ...,  0.65034248,
          0.17460483, -0.18512264],
        [-0.14434549,  0.        , -0.48117285, ...,  0.53388089,
          0.03064812, -0.32503446],
        [ 0.34959672,  0.48117285,  0.        , ...,  0.8748741 ,
          0.50781374,  0.17011264],
        ...,
        [-0.65034248, -0.53388089, -0.8748741 , ...,  0.        ,
         -0.50771528, -0.77972836],
        [-0.17460483, -0.03064812, -0.50781374, ...,  0.50771528,
          0.        , -0.35386576],
        [ 0.18512264,  0.32503446, -0.17011264, ...,  0.77972836,
          0.35386576,  0.        ]],

       [[ 0.        ,  0.12764399,  0.24365589, ...,  0.64944108,
          0.88484862,  0.99999813],
        [-0.12764399,  0.        ,  0.11786578, ...,  0.54706668,
          0.81814399,  0.99206509],
        [-0.24365589, -0.11786578,  0.        , ...,  0.44458922,
          0.74466674,  0.97033122],
        ...,
        [-0.64944108, -0.54706668, -0.44458922, ...,  0.        ,
          0.37028869,  0.76166666],
        [-0.88484862, -0.81814399, -0.74466674, ..., -0.37028869,
          0.        ,  0.4675893 ],
        [-0.99999813, -0.99206509, -0.97033122, ..., -0.76166666,
         -0.4675893 ,  0.        ]],

       ...,

       [[ 0.        ,  0.35009094,  0.28540243, ...,  0.66866063,
          0.70030746,  0.79883564],
        [-0.35009094,  0.        , -0.06818894, ...,  0.3660286 ,
          0.40607963,  0.53768492],
        [-0.28540243,  0.06818894,  0.        , ...,  0.42863351,
          0.46744807,  0.59392664],
        ...,
        [-0.66866063, -0.3660286 , -0.42863351, ...,  0.        ,
          0.04340843,  0.19175602],
        [-0.70030746, -0.40607963, -0.46744807, ..., -0.04340843,
          0.        ,  0.14897239],
        [-0.79883564, -0.53768492, -0.59392664, ..., -0.19175602,
         -0.14897239,  0.        ]],

       [[ 0.        , -0.85207039, -0.99175603, ..., -0.98881797,
         -0.99995339, -0.99979163],
        [ 0.85207039,  0.        , -0.40992741, ..., -0.39050707,
         -0.53162969, -0.5407117 ],
        [ 0.99175603,  0.40992741,  0.        , ...,  0.02119057,
         -0.13771004, -0.14835875],
        ...,
        [ 0.98881797,  0.39050707, -0.02119057, ...,  0.        ,
         -0.15866779, -0.1692815 ],
        [ 0.99995339,  0.53162969,  0.13771004, ...,  0.15866779,
          0.        , -0.01075918],
        [ 0.99979163,  0.5407117 ,  0.14835875, ...,  0.1692815 ,
          0.01075918,  0.        ]],

       [[ 0.        ,  0.13572738,  0.25930406, ..., -0.05951048,
          0.30279708,  0.48486832],
        [-0.13572738,  0.        ,  0.12581959, ..., -0.19444661,
          0.1706394 ,  0.36167603],
        [-0.25930406, -0.12581959,  0.        , ..., -0.31631946,
          0.04530908,  0.24149975],
        ...,
        [ 0.05951048,  0.19444661,  0.31631946, ...,  0.        ,
          0.35897719,  0.53605608],
        [-0.30279708, -0.1706394 , -0.04530908, ..., -0.35897719,
          0.        ,  0.19728376],
        [-0.48486832, -0.36167603, -0.24149975, ..., -0.53605608,
         -0.19728376,  0.        ]]]), 'num': array([9.99957729e-01, 4.15271111e-03, 1.98763477e-05, 2.58650654e-03,
       2.60715729e-03, 2.55036773e-03, 3.91909949e-03, 0.00000000e+00,
       2.58289266e-03, 2.52210201e-03, 2.48428532e-03, 2.98667884e-06,
       2.61566602e-03, 2.42853800e-03])}
{'img': array([[[ 0.        ,  0.03698147,  0.29547457, ...,  0.90905934,
          0.63653262,  0.63653262],
        [-0.03698147,  0.        ,  0.25994217, ...,  0.89302855,
          0.60757525,  0.60757525],
        [-0.29547457, -0.25994217,  0.        , ...,  0.74535599,
          0.38022713,  0.38022713],
        ...,
        [-0.90905934, -0.89302855, -0.74535599, ...,  0.        ,
         -0.43588989, -0.43588989],
        [-0.63653262, -0.60757525, -0.38022713, ...,  0.43588989,
          0.        ,  0.        ],
        [-0.63653262, -0.60757525, -0.38022713, ...,  0.43588989,
          0.        ,  0.        ]],

       [[ 0.        , -0.48117285, -0.22501153, ...,  0.03064812,
         -0.32503446, -0.2040924 ],
