state_0,state_1,state_2,state_3,state_4,state_5,state_6,state_7,state_8,state_9,state_10,state_11,state_12,state_13,state_14,state_15,state_16,state_17,state_18,state_19,state_20,state_21,state_22,state_23,state_24,state_25,state_26,state_27,state_28,state_29,state_30,state_31,state_32,state_33,state_34,state_35,state_36,state_37,state_38,state_39,state_40,state_41,state_42,state_43,state_44,state_45,state_46,state_47,state_48,state_49,state_50,state_51,state_52,state_53,state_54,state_55,state_56,state_57,state_58,state_59,state_60,state_61,state_62,state_63,state_64,state_65,state_66,state_67,state_68,state_69,state_70,state_71,state_72,state_73,state_74,state_75,state_76,state_77,state_78,state_79,state_80,state_81,state_82,state_83,state_84,state_85,state_86,state_87,state_88,state_89,state_90,state_91,state_92,state_93,state_94,state_95,state_96,state_97,state_98,state_99,state_100,state_101,state_102,state_103,state_104,state_105,state_106,state_107,state_108,state_109,state_110,state_111,state_112,state_113,state_114,state_115,state_116,state_117,state_118,state_119,state_120,state_121,state_122,state_123,state_124,state_125,state_126,state_127,state_128,state_129,state_130,state_131,state_132,state_133,state_134,state_135,state_136,state_137,state_138,state_139,state_140,state_141,state_142,state_143,state_144,state_145,state_146,state_147,state_148,state_149,state_150,state_151,state_152,state_153,state_154,state_155,state_156,state_157,state_158,state_159,state_160,state_161,state_162,state_163,state_164,state_165,state_166,state_167,state_168,state_169,state_170,state_171,state_172,state_173,state_174,state_175,state_176,state_177,state_178,state_179,state_180,state_181,state_182,state_183,state_184,state_185,state_186,state_187,state_188,state_189,state_190,state_191,state_192,state_193,state_194,state_195,state_196,state_197,state_198,state_199,state_200,state_201,state_202,state_203,state_204,state_205,state_206,state_207,state_208,state_209,state_210,state_211,state_212,state_213,state_214,state_215,state_216,state_217,state_218,state_219,state_220,state_221,state_222,state_223,state_224,state_225,state_226,state_227,state_228,state_229,state_230,state_231,state_232,state_233,state_234,state_235,state_236,state_237,state_238,state_239,state_240,state_241,state_242,state_243,state_244,state_245,state_246,state_247,state_248,state_249,state_250,state_251,state_252,state_253,state_254,state_255,state_256,state_257,state_258,state_259,state_260,state_261,state_262,state_263,state_264,state_265,state_266,state_267,state_268,state_269,state_270,state_271,state_272,state_273,state_274,state_275,state_276,state_277,state_278,state_279,state_280,state_281,state_282,state_283,state_284,state_285,state_286,state_287
{'img': array([[[ 0.        , -0.10589569,  0.28254028, ..., -0.02732978,
          0.08598978,  0.76978947],
        [ 0.10589569,  0.        ,  0.38253264, ...,  0.07868003,
          0.19100974,  0.83305413],
        [-0.28254028, -0.38253264,  0.        , ..., -0.30865098,
         -0.19900759,  0.55807987],
        ...,
        [ 0.02732978, -0.07868003,  0.30865098, ...,  0.        ,
          0.11318621,  0.78694647],
        [-0.08598978, -0.19100974,  0.19900759, ..., -0.11318621,
          0.        ,  0.71205109],
        [-0.76978947, -0.83305413, -0.55807987, ..., -0.78694647,
         -0.71205109,  0.        ]],

       [[ 0.        ,  0.2604216 ,  0.6159817 , ...,  0.38653034,
          0.62099161,  0.77829678],
        [-0.2604216 ,  0.        ,  0.38957741, ...,  0.13301234,
          0.39544136,  0.58792381],
        [-0.6159817 , -0.38957741,  0.        , ..., -0.26361224,
          0.00637558,  0.22633862],
        ...,
        [-0.38653034, -0.13301234,  0.26361224, ...,  0.        ,
          0.26975695,  0.4751039 ],
        [-0.62099161, -0.39544136, -0.00637558, ..., -0.26975695,
          0.        ,  0.2201239 ],
        [-0.77829678, -0.58792381, -0.22633862, ..., -0.4751039 ,
         -0.2201239 ,  0.        ]],

       [[ 0.        , -0.05923175,  0.03322288, ..., -0.39722451,
         -0.22296911,  0.36852265],
        [ 0.05923175,  0.        ,  0.0923636 , ..., -0.34216884,
         -0.16483702,  0.42293857],
        [-0.03322288, -0.0923636 ,  0.        , ..., -0.42749458,
         -0.25523254,  0.3374346 ],
        ...,
        [ 0.39722451,  0.34216884,  0.42749458, ...,  0.        ,
          0.18260104,  0.70746851],
        [ 0.22296911,  0.16483702,  0.25523254, ..., -0.18260104,
          0.        ,  0.56652156],
        [-0.36852265, -0.42293857, -0.3374346 , ..., -0.70746851,
         -0.56652156,  0.        ]],

       ...,

       [[ 0.        ,  0.16365073,  0.29830669, ...,  0.24481524,
          0.65000405,  0.9439045 ],
        [-0.16365073,  0.        ,  0.1380853 , ...,  0.08284392,
          0.5168777 ,  0.87713859],
        [-0.29830669, -0.1380853 ,  0.        , ..., -0.05556033,
          0.39371699,  0.80242219],
        ...,
        [-0.24481524, -0.08284392,  0.05556033, ...,  0.        ,
          0.44418164,  0.83433871],
        [-0.65000405, -0.5168777 , -0.39371699, ..., -0.44418164,
          0.        ,  0.50265864],
        [-0.9439045 , -0.87713859, -0.80242219, ..., -0.83433871,
         -0.50265864,  0.        ]],

       [[ 0.        ,  0.05358159,  0.29537916, ..., -0.47778934,
         -0.28782422,  0.03473281],
        [-0.05358159,  0.        ,  0.24376406, ..., -0.52417304,
         -0.33872494, -0.01886634],
        [-0.29537916, -0.24376406,  0.        , ..., -0.71595347,
         -0.55786121, -0.2620179 ],
        ...,
        [ 0.47778934,  0.52417304,  0.71595347, ...,  0.        ,
          0.20472463,  0.50801294],
        [ 0.28782422,  0.33872494,  0.55786121, ..., -0.20472463,
          0.        ,  0.32091358],
        [-0.03473281,  0.01886634,  0.2620179 , ..., -0.50801294,
         -0.32091358,  0.        ]],

       [[ 0.        ,  0.28477081,  0.34362583, ...,  0.27875297,
          0.17177156, -0.05958185],
        [-0.28477081,  0.        ,  0.06196806, ..., -0.00627193,
         -0.11587874, -0.34137979],
        [-0.34362583, -0.06196806,  0.        , ..., -0.06822672,
         -0.17720664, -0.39896906],
        ...,
        [-0.27875297,  0.00627193,  0.06822672, ...,  0.        ,
         -0.10964679, -0.33547793],
        [-0.17177156,  0.11587874,  0.17720664, ...,  0.10964679,
          0.        , -0.23016266],
        [ 0.05958185,  0.34137979,  0.39896906, ...,  0.33547793,
          0.23016266,  0.        ]]]), 'num': array([9.99995487e-01, 7.61795533e-06, 1.78888709e-05, 6.03092625e-05,
       6.03092625e-05, 5.93382726e-05, 2.99975251e-03, 5.39438842e-07,
       5.88204113e-05, 5.53437280e-05, 5.40931290e-05, 9.53008621e-08,
       6.00476192e-05, 5.06398368e-05])}
{'img': array([[[ 0.        ,  0.3282941 , -0.13293457, ...,  0.16837694,
          0.58329599,  0.88012206],
        [-0.3282941 ,  0.        , -0.45094717, ..., -0.16456219,
          0.28430708,  0.67548499],
        [ 0.13293457,  0.45094717,  0.        , ...,  0.29791919,
          0.68609652,  0.93542116],
        ...,
        [-0.16837694,  0.16456219, -0.29791919, ...,  0.        ,
          0.43820229,  0.78761975],
        [-0.58329599, -0.28430708, -0.68609652, ..., -0.43820229,
          0.        ,  0.43796936],
        [-0.88012206, -0.67548499, -0.93542116, ..., -0.78761975,
         -0.43796936,  0.        ]],

       [[ 0.        ,  0.38957741,  0.93952507, ...,  0.39544136,
          0.58792381,  0.14622595],
        [-0.38957741,  0.        ,  0.73187417, ...,  0.00637558,
          0.22633862, -0.25071674],
        [-0.93952507, -0.73187417,  0.        , ..., -0.72751472,
         -0.55864492, -0.87934684],
        ...,
        [-0.39544136, -0.00637558,  0.72751472, ...,  0.        ,
          0.2201239 , -0.2568836 ],
        [-0.58792381, -0.22633862,  0.55864492, ..., -0.2201239 ,
          0.        , -0.46331979],
        [-0.14622595,  0.25071674,  0.87934684, ...,  0.2568836 ,
          0.46331979,  0.        ]],

       [[ 0.        ,  0.04782162,  0.03967462, ..., -0.103075  ,
          0.13385367,  0.68480815],
        [-0.04782162,  0.        , -0.00815473, ..., -0.15052397,
          0.08630926,  0.64917592],
        [-0.03967462,  0.00815473,  0.        , ..., -0.14245715,
          0.09443069,  0.65535714],
        ...,
        [ 0.103075  ,  0.15052397,  0.14245715, ...,  0.        ,
          0.23528816,  0.75627374],
        [-0.13385367, -0.08630926, -0.09443069, ..., -0.23528816,
          0.        ,  0.58110333],
        [-0.68480815, -0.64917592, -0.65535714, ..., -0.75627374,
         -0.58110333,  0.        ]],

       ...,

       [[ 0.        ,  0.13579486, -0.20654312, ...,  0.50389069,
          0.78721678,  0.8833489 ],
        [-0.13579486,  0.        , -0.33749669, ...,  0.38192796,
          0.69618329,  0.81151719],
        [ 0.20654312,  0.33749669,  0.        , ...,  0.67143077,
          0.89761268,  0.96111176],
        ...,
        [-0.50389069, -0.38192796, -0.67143077, ...,  0.        ,
          0.36923473,  0.52682636],
        [-0.78721678, -0.69618329, -0.89761268, ..., -0.36923473,
          0.        ,  0.17575926],
        [-0.8833489 , -0.81151719, -0.96111176, ..., -0.52682636,
         -0.17575926,  0.        ]],

       [[ 0.        ,  0.24376406,  0.29705242, ..., -0.33872494,
         -0.01886634,  0.50251218],
        [-0.24376406,  0.        ,  0.05533087, ..., -0.55786121,
         -0.2620179 ,  0.27660256],
        [-0.29705242, -0.05533087,  0.        , ..., -0.60292759,
         -0.31501428,  0.22300672],
        ...,
        [ 0.33872494,  0.55786121,  0.60292759, ...,  0.        ,
          0.32091358,  0.76565786],
        [ 0.01886634,  0.2620179 ,  0.31501428, ..., -0.32091358,
          0.        ,  0.51873402],
        [-0.50251218, -0.27660256, -0.22300672, ..., -0.76565786,
         -0.51873402,  0.        ]],

       [[ 0.        ,  0.06196806,  0.24204109, ..., -0.11587874,
         -0.34137979, -0.50810087],
        [-0.06196806,  0.        ,  0.18145042, ..., -0.17720664,
         -0.39896906, -0.56049731],
        [-0.24204109, -0.18145042,  0.        , ..., -0.35284375,
         -0.55872978, -0.7014624 ],
        ...,
        [ 0.11587874,  0.17720664,  0.35284375, ...,  0.        ,
         -0.23016266, -0.4048719 ],
        [ 0.34137979,  0.39896906,  0.55872978, ...,  0.23016266,
          0.        , -0.18354735],
        [ 0.50810087,  0.56049731,  0.7014624 , ...,  0.4048719 ,
          0.18354735,  0.        ]]]), 'num': array([8.10969479e-01, 5.84013462e-01, 3.98868221e-06, 5.27804692e-04,
       5.28732293e-04, 5.16673486e-04, 3.54229394e-02, 9.27600513e-06,
       5.11664443e-04, 4.78896955e-04, 4.65639998e-04, 8.22305320e-07,
       5.24953488e-04, 4.32840422e-04])}
{'img': array([[[ 0.        , -0.37540654, -0.7742641 , ...,  0.19322521,
          0.33263204,  0.81604976],
        [ 0.37540654,  0.        , -0.48005385, ...,  0.54742456,
          0.66233307,  0.97334218],
        [ 0.7742641 ,  0.48005385,  0.        , ...,  0.88195766,
          0.94068533,  0.96395784],
        ...,
        [-0.19322521, -0.54742456, -0.88195766, ...,  0.        ,
          0.14414108,  0.68899021],
        [-0.33263204, -0.66233307, -0.94068533, ..., -0.14414108,
          0.        ,  0.57732597],
        [-0.81604976, -0.97334218, -0.96395784, ..., -0.68899021,
         -0.57732597,  0.        ]],

       [[ 0.        ,  0.73187417,  0.87818506, ...,  0.22633862,
         -0.25071674,  0.07886909],
        [-0.73187417,  0.        ,  0.94850105, ..., -0.55864492,
         -0.87934684, -0.67584983],
        [-0.87818506, -0.94850105,  0.        , ..., -0.96365752,
         -0.73021317, -0.91317424],
        ...,
        [-0.22633862,  0.55864492,  0.96365752, ...,  0.        ,
         -0.46331979, -0.14881125],
        [ 0.25071674,  0.87934684,  0.73021317, ...,  0.46331979,
          0.        ,  0.3262858 ],
        [-0.07886909,  0.67584983,  0.91317424, ...,  0.14881125,
         -0.3262858 ,  0.        ]],

       [[ 0.        , -0.00624831, -0.21875803, ...,  0.06428378,
          0.32507942,  0.78258081],
        [ 0.00624831,  0.        , -0.21265679, ...,  0.07051791,
          0.33098202,  0.78645541],
        [ 0.21875803,  0.21265679,  0.        , ...,  0.28103233,
          0.52408228,  0.89981362],
        ...,
        [-0.06428378, -0.07051791, -0.28103233, ...,  0.        ,
          0.26361473,  0.74094236],
        [-0.32507942, -0.33098202, -0.52408228, ..., -0.26361473,
          0.        ,  0.5376984 ],
        [-0.78258081, -0.78645541, -0.89981362, ..., -0.74094236,
         -0.5376984 ,  0.        ]],

       ...,

       [[ 0.        , -0.33448231, -0.74183985, ...,  0.66614102,
          0.72624698,  0.81735505],
        [ 0.33448231,  0.        , -0.47481521, ...,  0.87723819,
          0.9143511 ,  0.96298379],
        [ 0.74183985,  0.47481521,  0.        , ...,  0.99998222,
          0.99697043,  0.97549895],
        ...,
        [-0.66614102, -0.87723819, -0.99998222, ...,  0.        ,
          0.08372585,  0.2258178 ],
        [-0.72624698, -0.9143511 , -0.99697043, ..., -0.08372585,
          0.        ,  0.14346174],
        [-0.81735505, -0.96298379, -0.97549895, ..., -0.2258178 ,
         -0.14346174,  0.        ]],

       [[ 0.        ,  0.0331786 ,  0.03176506, ..., -0.17998863,
          0.14450855,  0.82394334],
        [-0.0331786 ,  0.        , -0.00141429, ..., -0.21252629,
          0.11159865,  0.80468832],
        [-0.03176506,  0.00141429,  0.        , ..., -0.2111441 ,
          0.11300399,  0.80552717],
        ...,
        [ 0.17998863,  0.21252629,  0.2111441 , ...,  0.        ,
          0.32024793,  0.91248182],
        [-0.14450855, -0.11159865, -0.11300399, ..., -0.32024793,
          0.        ,  0.73340588],
        [-0.82394334, -0.80468832, -0.80552717, ..., -0.91248182,
         -0.73340588,  0.        ]],

       [[ 0.        ,  0.18145042,  0.04707854, ..., -0.39896906,
         -0.56049731, -0.6898414 ],
        [-0.18145042,  0.        , -0.13495218, ..., -0.55872978,
         -0.7014624 , -0.80975304],
        [-0.04707854,  0.13495218,  0.        , ..., -0.44169602,
         -0.59886421, -0.7231595 ],
        ...,
        [ 0.39896906,  0.55872978,  0.44169602, ...,  0.        ,
         -0.18354735, -0.34372215],
        [ 0.56049731,  0.7014624 ,  0.59886421, ...,  0.18354735,
          0.        , -0.16551854],
        [ 0.6898414 ,  0.80975304,  0.7231595 , ...,  0.34372215,
          0.16551854,  0.        ]]]), 'num': array([ 9.93901440e-01,  9.53626573e-02,  1.61607695e-05,  6.45501999e-04,
        6.74526369e-04,  6.40858100e-04,  5.53421603e-02, -1.50926726e-05,
        6.45037609e-04,  6.02981296e-04,  5.82983505e-04,  9.01137597e-07,
        6.62669263e-04,  5.43293329e-04])}
{'img': array([[[ 0.00000000e+00, -4.80053846e-01, -3.61121823e-01, ...,
          6.62333071e-01,  9.73342181e-01,  5.92498488e-01],
        [ 4.80053846e-01,  0.00000000e+00,  1.30869007e-01, ...,
          9.40685328e-01,  9.63957838e-01,  9.06480522e-01],
        [ 3.61121823e-01, -1.30869007e-01,  0.00000000e+00, ...,
          8.88193847e-01,  9.90485840e-01,  8.43425360e-01],
        ...,
        [-6.62333071e-01, -9.40685328e-01, -8.88193847e-01, ...,
          0.00000000e+00,  5.77325971e-01, -8.96511803e-02],
        [-9.73342181e-01, -9.63957838e-01, -9.90485840e-01, ...,
         -5.77325971e-01,  0.00000000e+00, -6.48202632e-01],
        [-5.92498488e-01, -9.06480522e-01, -8.43425360e-01, ...,
          8.96511803e-02,  6.48202632e-01,  0.00000000e+00]],

       [[ 0.00000000e+00,  9.48501053e-01, -6.09067726e-01, ...,
         -8.79346837e-01, -6.75849834e-01, -4.60748816e-01],
        [-9.48501053e-01,  0.00000000e+00, -9.45210269e-01, ...,
         -7.30213166e-01, -9.13174237e-01, -9.87776923e-01],
        [ 6.09067726e-01,  9.45210269e-01,  0.00000000e+00, ...,
         -4.07399007e-01, -8.71219358e-02,  1.75137952e-01],
        ...,
        [ 8.79346837e-01,  7.30213166e-01,  4.07399007e-01, ...,
          0.00000000e+00,  3.26285805e-01,  5.61046990e-01],
        [ 6.75849834e-01,  9.13174237e-01,  8.71219358e-02, ...,
         -3.26285805e-01,  0.00000000e+00,  2.60247388e-01],
        [ 4.60748816e-01,  9.87776923e-01, -1.75137952e-01, ...,
         -5.61046990e-01, -2.60247388e-01,  0.00000000e+00]],

       [[ 0.00000000e+00, -1.93548822e-01, -3.35240451e-01, ...,
          2.81965355e-01,  5.32995379e-01,  8.40342318e-01],
        [ 1.93548822e-01,  0.00000000e+00, -1.46552615e-01, ...,
          4.62329070e-01,  6.86681951e-01,  9.29366302e-01],
        [ 3.35240451e-01,  1.46552615e-01,  0.00000000e+00, ...,
          5.87286685e-01,  7.85805354e-01,  9.73433018e-01],
        ...,
        [-2.81965355e-01, -4.62329070e-01, -5.87286685e-01, ...,
          0.00000000e+00,  2.72792866e-01,  6.53404048e-01],
        [-5.32995379e-01, -6.86681951e-01, -7.85805354e-01, ...,
         -2.72792866e-01,  0.00000000e+00,  4.22115506e-01],
        [-8.40342318e-01, -9.29366302e-01, -9.73433018e-01, ...,
         -6.53404048e-01, -4.22115506e-01,  0.00000000e+00]],

       ...,

       [[ 0.00000000e+00, -4.74815206e-01, -3.51040597e-01, ...,
          9.14351099e-01,  9.62983786e-01,  4.07010494e-01],
        [ 4.74815206e-01,  0.00000000e+00,  1.35652334e-01, ...,
          9.96970426e-01,  9.75498950e-01,  7.91911401e-01],
        [ 3.51040597e-01, -1.35652334e-01,  0.00000000e+00, ...,
          9.98306180e-01,  9.96325994e-01,  7.01757169e-01],
        ...,
        [-9.14351099e-01, -9.96970426e-01, -9.98306180e-01, ...,
          0.00000000e+00,  1.43461745e-01, -6.70382140e-01],
        [-9.62983786e-01, -9.75498950e-01, -9.96325994e-01, ...,
         -1.43461745e-01,  0.00000000e+00, -7.69898529e-01],
        [-4.07010494e-01, -7.91911401e-01, -7.01757169e-01, ...,
          6.70382140e-01,  7.69898529e-01,  0.00000000e+00]],

       [[ 0.00000000e+00, -1.19143850e-03, -1.31557244e-03, ...,
          9.23989346e-02,  4.95466907e-01,  8.81994182e-01],
        [ 1.19143850e-03,  0.00000000e+00, -1.24134034e-04, ...,
          9.35852106e-02,  4.96501471e-01,  8.82555034e-01],
        [ 1.31557244e-03,  1.24134034e-04,  0.00000000e+00, ...,
          9.37087991e-02,  4.96609220e-01,  8.82613396e-01],
        ...,
        [-9.23989346e-02, -9.35852106e-02, -9.37087991e-02, ...,
          0.00000000e+00,  4.13087142e-01,  8.34677122e-01],
        [-4.95466907e-01, -4.96501471e-01, -4.96609220e-01, ...,
         -4.13087142e-01,  0.00000000e+00,  5.32629918e-01],
        [-8.81994182e-01, -8.82555034e-01, -8.82613396e-01, ...,
         -8.34677122e-01, -5.32629918e-01,  0.00000000e+00]],

       [[ 0.00000000e+00, -1.34952184e-01, -1.26620043e-01, ...,
         -7.01462401e-01, -8.09753038e-01, -7.59664983e-01],
        [ 1.34952184e-01,  0.00000000e+00,  8.40425681e-03, ...,
         -5.98864208e-01, -7.23159502e-01, -6.64954274e-01],
        [ 1.26620043e-01, -8.40425681e-03,  0.00000000e+00, ...,
         -6.05573612e-01, -7.28938624e-01, -6.71207796e-01],
        ...,
        [ 7.01462401e-01,  5.98864208e-01,  6.05573612e-01, ...,
          0.00000000e+00, -1.65518541e-01, -8.52468834e-02],
        [ 8.09753038e-01,  7.23159502e-01,  7.28938624e-01, ...,
          1.65518541e-01,  0.00000000e+00,  8.08449849e-02],
        [ 7.59664983e-01,  6.64954274e-01,  6.71207796e-01, ...,
          8.52468834e-02, -8.08449849e-02,  0.00000000e+00]]]), 'num': array([9.94735994e-01, 9.42171593e-02, 1.59666460e-05, 6.46924450e-04,
       6.46924450e-04, 6.28571983e-04, 4.02537613e-02, 9.17623333e-06,
       6.42795145e-04, 5.99523470e-04, 5.76688031e-04, 9.59430939e-07,
       6.61362359e-04, 5.37684581e-04])}
{'img': array([[[ 0.00000000e+00,  1.30869007e-01, -3.08499643e-01, ...,
          9.63957838e-01,  9.06480522e-01,  9.86842229e-01],
        [-1.30869007e-01,  0.00000000e+00, -4.30332244e-01, ...,
          9.90485840e-01,  8.43425360e-01,  9.57195351e-01],
        [ 3.08499643e-01,  4.30332244e-01,  0.00000000e+00, ...,
          8.34862385e-01,  9.92529687e-01,  9.88588589e-01],
        ...,
        [-9.63957838e-01, -9.90485840e-01, -8.34862385e-01, ...,
          0.00000000e+00, -6.48202632e-01, -4.18413000e-01],
        [-9.06480522e-01, -8.43425360e-01, -9.92529687e-01, ...,
          6.48202632e-01,  0.00000000e+00,  2.70126437e-01],
        [-9.86842229e-01, -9.57195351e-01, -9.88588589e-01, ...,
          4.18413000e-01, -2.70126437e-01,  0.00000000e+00]],

       [[ 0.00000000e+00, -9.45210269e-01, -5.10133193e-01, ...,
         -9.13174237e-01, -9.87776923e-01, -8.71890387e-01],
        [ 9.45210269e-01,  0.00000000e+00,  9.79510208e-01, ...,
         -8.71219358e-02,  1.75137952e-01, -1.78231267e-01],
        [ 5.10133193e-01, -9.79510208e-01,  0.00000000e+00, ...,
         -9.93331653e-01, -9.29098981e-01, -9.99721704e-01],
        ...,
        [ 9.13174237e-01,  8.71219358e-02,  9.93331653e-01, ...,
          0.00000000e+00,  2.60247388e-01, -9.18265765e-02],
        [ 9.87776923e-01, -1.75137952e-01,  9.29098981e-01, ...,
         -2.60247388e-01,  0.00000000e+00, -3.47810260e-01],
        [ 8.71890387e-01,  1.78231267e-01,  9.99721704e-01, ...,
          9.18265765e-02,  3.47810260e-01,  0.00000000e+00]],

       [[ 0.00000000e+00, -1.36103192e-01, -3.44673553e-01, ...,
          5.93349516e-01,  7.20675376e-01,  9.55045215e-01],
        [ 1.36103192e-01,  0.00000000e+00, -2.13703107e-01, ...,
          6.97383775e-01,  8.08325875e-01,  9.86507377e-01],
        [ 3.44673553e-01,  2.13703107e-01,  0.00000000e+00, ...,
          8.34433838e-01,  9.15467027e-01,  9.98704522e-01],
        ...,
        [-5.93349516e-01, -6.97383775e-01, -8.34433838e-01, ...,
          0.00000000e+00,  1.68750989e-01,  5.92854309e-01],
        [-7.20675376e-01, -8.08325875e-01, -9.15467027e-01, ...,
         -1.68750989e-01,  0.00000000e+00,  4.48455202e-01],
        [-9.55045215e-01, -9.86507377e-01, -9.98704522e-01, ...,
         -5.92854309e-01, -4.48455202e-01,  0.00000000e+00]],

       ...,

       [[ 0.00000000e+00,  1.35652334e-01, -3.33593032e-01, ...,
          9.75498950e-01,  7.91911401e-01,  9.36142020e-01],
        [-1.35652334e-01,  0.00000000e+00, -4.58391252e-01, ...,
          9.96325994e-01,  7.01757169e-01,  8.79790430e-01],
        [ 3.33593032e-01,  4.58391252e-01,  0.00000000e+00, ...,
          8.46227792e-01,  9.50252403e-01,  9.99815859e-01],
        ...,
        [-9.75498950e-01, -9.96325994e-01, -8.46227792e-01, ...,
          0.00000000e+00, -7.69898529e-01, -5.48962086e-01],
        [-7.91911401e-01, -7.01757169e-01, -9.50252403e-01, ...,
          7.69898529e-01,  0.00000000e+00,  2.93188455e-01],
        [-9.36142020e-01, -8.79790430e-01, -9.99815859e-01, ...,
          5.48962086e-01, -2.93188455e-01,  0.00000000e+00]],

       [[ 0.00000000e+00, -1.06994170e-04,  3.77948811e-02, ...,
          3.97860115e-01,  5.88081729e-01,  9.37959830e-01],
        [ 1.06994170e-04,  0.00000000e+00,  3.79017986e-02, ...,
          3.97958275e-01,  5.88168262e-01,  9.37996924e-01],
        [-3.77948811e-02, -3.79017986e-02,  0.00000000e+00, ...,
          3.62901086e-01,  5.57092998e-01,  9.24184529e-01],
        ...,
        [-3.97860115e-01, -3.97958275e-01, -3.62901086e-01, ...,
          0.00000000e+00,  2.17743421e-01,  7.22571997e-01],
        [-5.88081729e-01, -5.88168262e-01, -5.57092998e-01, ...,
         -2.17743421e-01,  0.00000000e+00,  5.54709552e-01],
        [-9.37959830e-01, -9.37996924e-01, -9.24184529e-01, ...,
         -7.22571997e-01, -5.54709552e-01,  0.00000000e+00]],

       [[ 0.00000000e+00,  8.40425681e-03, -2.18433389e-01, ...,
         -7.23159502e-01, -6.64954274e-01, -6.28121218e-01],
        [-8.40425681e-03,  0.00000000e+00, -2.26626984e-01, ...,
         -7.28938624e-01, -6.71207796e-01, -6.34638518e-01],
        [ 2.18433389e-01,  2.26626984e-01,  0.00000000e+00, ...,
         -5.54828740e-01, -4.85752448e-01, -4.42986854e-01],
        ...,
        [ 7.23159502e-01,  7.28938624e-01,  5.54828740e-01, ...,
          0.00000000e+00,  8.08449849e-02,  1.28870187e-01],
        [ 6.64954274e-01,  6.71207796e-01,  4.85752448e-01, ...,
         -8.08449849e-02,  0.00000000e+00,  4.82774974e-02],
        [ 6.28121218e-01,  6.34638518e-01,  4.42986854e-01, ...,
         -1.28870187e-01, -4.82774974e-02,  0.00000000e+00]]]), 'num': array([ 9.95022110e-01,  9.59381676e-02,  1.62582991e-05,  6.45893637e-04,
        6.58741431e-04,  6.43557675e-04,  2.69014583e-02, -1.28477939e-05,
        6.54303102e-04,  6.14153746e-04,  5.88253762e-04,  8.59763984e-07,
        6.76367006e-04,  5.51940487e-04])}
{'img': array([[[ 0.        , -0.43033224, -0.54076303, ...,  0.84342536,
          0.95719535,  0.79710342],
        [ 0.43033224,  0.        , -0.12614615, ...,  0.99252969,
          0.98858859,  0.97937483],
        [ 0.54076303,  0.12614615,  0.        , ...,  0.99999128,
          0.96168868,  0.99703932],
        ...,
        [-0.84342536, -0.99252969, -0.99999128, ...,  0.        ,
          0.27012644, -0.08105542],
        [-0.95719535, -0.98858859, -0.96168868, ..., -0.27012644,
          0.        , -0.34727978],
        [-0.79710342, -0.97937483, -0.99703932, ...,  0.08105542,
          0.34727978,  0.        ]],

       [[ 0.        ,  0.99977569,  0.95729031, ...,  0.18297718,
         -0.1851985 , -0.59150249],
        [-0.99977569,  0.        ,  0.26878862, ..., -0.98677201,
         -0.97855828, -0.79359456],
        [-0.95729031, -0.26878862,  0.        , ..., -0.99403244,
         -0.88718412, -0.60084602],
        ...,
        [-0.18297718,  0.98677201,  0.99403244, ...,  0.        ,
         -0.36188371, -0.72905133],
        [ 0.1851985 ,  0.97855828,  0.88718412, ...,  0.36188371,
          0.        , -0.43194403],
        [ 0.59150249,  0.79359456,  0.60084602, ...,  0.72905133,
          0.43194403,  0.        ]],

       [[ 0.        , -0.21370311, -0.49618191, ...,  0.80832587,
          0.98650738,  0.96675816],
        [ 0.21370311,  0.        , -0.29917843, ...,  0.91546703,
          0.99870452,  0.99906703],
        [ 0.49618191,  0.29917843,  0.        , ...,  0.99392336,
          0.93773736,  0.9662274 ],
        ...,
        [-0.80832587, -0.91546703, -0.99392336, ...,  0.        ,
          0.4484552 ,  0.36248182],
        [-0.98650738, -0.99870452, -0.93773736, ..., -0.4484552 ,
          0.        , -0.09396797],
        [-0.96675816, -0.99906703, -0.9662274 , ..., -0.36248182,
          0.09396797,  0.        ]],

       ...,

       [[ 0.        , -0.45839125, -0.62796182, ...,  0.70175717,
          0.87979043,  0.57865618],
        [ 0.45839125,  0.        , -0.20136107, ...,  0.9502524 ,
          0.99981586,  0.88813186],
        [ 0.62796182,  0.20136107,  0.        , ...,  0.9935086 ,
          0.98320079,  0.96248361],
        ...,
        [-0.70175717, -0.9502524 , -0.9935086 , ...,  0.        ,
          0.29318846, -0.16008916],
        [-0.87979043, -0.99981586, -0.98320079, ..., -0.29318846,
          0.        , -0.44246107],
        [-0.57865618, -0.88813186, -0.96248361, ...,  0.16008916,
          0.44246107,  0.        ]],

       [[ 0.        ,  0.03590997,  0.07518767, ...,  0.54084742,
          0.77727581,  0.95408323],
        [-0.03590997,  0.        ,  0.03933085, ...,  0.51029397,
          0.75418137,  0.94271134],
        [-0.07518767, -0.03933085,  0.        , ...,  0.47607459,
          0.72777058,  0.92886076],
        ...,
        [-0.54084742, -0.51029397, -0.47607459, ...,  0.        ,
          0.31350322,  0.64049285],
        [-0.77727581, -0.75418137, -0.72777058, ..., -0.31350322,
          0.        ,  0.36744454],
        [-0.95408323, -0.94271134, -0.92886076, ..., -0.64049285,
         -0.36744454,  0.        ]],

       [[ 0.        , -0.22662698, -0.39715819, ..., -0.6712078 ,
         -0.63463852, -0.43913037],
        [ 0.22662698,  0.        , -0.17883783, ..., -0.48575245,
         -0.44298685, -0.22409794],
        [ 0.39715819,  0.17883783,  0.        , ..., -0.32159991,
         -0.27551213, -0.04619577],
        ...,
        [ 0.6712078 ,  0.48575245,  0.32159991, ...,  0.        ,
          0.0482775 ,  0.27751492],
        [ 0.63463852,  0.44298685,  0.27551213, ..., -0.0482775 ,
          0.        ,  0.23081011],
        [ 0.43913037,  0.22409794,  0.04619577, ..., -0.27751492,
         -0.23081011,  0.        ]]]), 'num': array([9.99748596e-01, 1.32442573e-02, 1.77428838e-05, 6.49016012e-04,
       6.54852487e-04, 6.45514127e-04, 1.80039610e-02, 3.50188496e-06,
       6.53218274e-04, 6.17732506e-04, 5.88861410e-04, 8.95831036e-07,
       6.78332320e-04, 5.57132693e-04])}
{'img': array([[[ 0.        , -0.12614615,  0.23438117, ...,  0.98858859,
          0.97937483,  0.99252969],
        [ 0.12614615,  0.        ,  0.35514118, ...,  0.96168868,
          0.99703932,  0.99999128],
        [-0.23438117, -0.35514118,  0.        , ...,  0.99635856,
          0.90473698,  0.93628726],
        ...,
        [-0.98858859, -0.96168868, -0.99635856, ...,  0.        ,
         -0.34727978, -0.27012644],
        [-0.97937483, -0.99703932, -0.90473698, ...,  0.34727978,
          0.        ,  0.08105542],
        [-0.99252969, -0.99999128, -0.93628726, ...,  0.27012644,
         -0.08105542,  0.        ]],

       [[ 0.        ,  0.26796464, -0.98207204, ..., -0.98044975,
         -0.80417971, -0.26796464],
        [-0.26796464,  0.        , -0.99666938, ..., -0.89186616,
         -0.61549536, -0.        ],
        [ 0.98207204,  0.99666938,  0.        , ..., -0.37806262,
         -0.73532279, -0.99666938],
        ...,
        [ 0.98044975,  0.89186616,  0.37806262, ...,  0.        ,
         -0.42452767, -0.89186616],
        [ 0.80417971,  0.61549536,  0.73532279, ...,  0.42452767,
          0.        , -0.61549536],
        [ 0.26796464,  0.        ,  0.99666938, ...,  0.89186616,
          0.61549536,  0.        ]],

       [[ 0.        , -0.29917843, -0.43937226, ...,  0.99870452,
          0.99906703,  0.99055959],
        [ 0.29917843,  0.        , -0.15049427, ...,  0.93773736,
          0.9662274 ,  0.9862014 ],
        [ 0.43937226,  0.15049427,  0.        , ...,  0.87478391,
          0.91644191,  0.95005511],
        ...,
        [-0.99870452, -0.93773736, -0.87478391, ...,  0.        ,
         -0.09396797, -0.18730983],
        [-0.99906703, -0.9662274 , -0.91644191, ...,  0.09396797,
          0.        , -0.09417621],
        [-0.99055959, -0.9862014 , -0.95005511, ...,  0.18730983,
          0.09417621,  0.        ]],

       ...,

       [[ 0.        , -0.20136107,  0.05606786, ...,  0.99981586,
          0.88813186,  0.93817424],
        [ 0.20136107,  0.        ,  0.25596375, ...,  0.98320079,
          0.96248361,  0.98866153],
        [-0.05606786, -0.25596375,  0.        , ...,  0.99716718,
          0.86096663,  0.91728981],
        ...,
        [-0.99981586, -0.98320079, -0.99716718, ...,  0.        ,
         -0.44246107, -0.32809632],
        [-0.88813186, -0.96248361, -0.86096663, ...,  0.44246107,
          0.        ,  0.12373557],
        [-0.93817424, -0.98866153, -0.91728981, ...,  0.32809632,
         -0.12373557,  0.        ]],

       [[ 0.        ,  0.03771937,  0.03350416, ...,  0.69471941,
          0.80525192,  0.95489873],
        [-0.03771937,  0.        , -0.00421787, ...,  0.66709421,
          0.78231382,  0.94301912],
        [-0.03350416,  0.00421787,  0.        , ...,  0.67023048,
          0.78493411,  0.94441418],
        ...,
        [-0.69471941, -0.66709421, -0.67023048, ...,  0.        ,
          0.16728033,  0.48055618],
        [-0.80525192, -0.78231382, -0.78493411, ..., -0.16728033,
          0.        ,  0.32708603],
        [-0.95489873, -0.94301912, -0.94441418, ..., -0.48055618,
         -0.32708603,  0.        ]],

       [[ 0.        , -0.17883783, -0.15060884, ..., -0.44298685,
         -0.22409794,  0.09064187],
        [ 0.17883783,  0.        ,  0.0286171 , ..., -0.27551213,
         -0.04619577,  0.26728224],
        [ 0.15060884, -0.0286171 ,  0.        , ..., -0.30290884,
         -0.0747634 ,  0.23959682],
        ...,
        [ 0.44298685,  0.27551213,  0.30290884, ...,  0.        ,
          0.23081011,  0.5224263 ],
        [ 0.22409794,  0.04619577,  0.0747634 , ..., -0.23081011,
          0.        ,  0.31151199],
        [-0.09064187, -0.26728224, -0.23959682, ..., -0.5224263 ,
         -0.31151199,  0.        ]]]), 'num': array([ 9.99529018e-01,  6.78808859e-03,  1.79519155e-05,  6.48850280e-04,
        6.66450198e-04,  6.47676953e-04,  2.98734776e-02, -3.51998344e-06,
        6.52839595e-04,  6.24621061e-04,  5.93244320e-04,  8.27504878e-07,
        6.82832904e-04,  5.66409219e-04])}
{'img': array([[[ 0.        ,  0.35514118,  0.49299077, ...,  0.99703932,
          0.99999128,  0.99703932],
        [-0.35514118,  0.        ,  0.15186892, ...,  0.90473698,
          0.93628726,  0.90473698],
        [-0.49299077, -0.15186892,  0.        , ...,  0.82955091,
          0.87208522,  0.82955091],
        ...,
        [-0.99703932, -0.90473698, -0.82955091, ...,  0.        ,
          0.08105542,  0.        ],
        [-0.99999128, -0.93628726, -0.87208522, ..., -0.08105542,
          0.        , -0.08105542],
        [-0.99703932, -0.90473698, -0.82955091, ...,  0.        ,
          0.08105542,  0.        ]],

       [[ 0.        , -0.99666938, -0.99835592, ..., -0.61549536,
         -0.        , -0.69341936],
        [ 0.99666938,  0.        ,  0.02428648, ..., -0.73532279,
         -0.99666938, -0.66158711],
        [ 0.99835592, -0.02428648,  0.        , ..., -0.75156526,
         -0.99835592, -0.67960363],
        ...,
        [ 0.61549536,  0.73532279,  0.75156526, ...,  0.        ,
         -0.61549536,  0.1030264 ],
        [ 0.        ,  0.99666938,  0.99835592, ...,  0.61549536,
          0.        ,  0.69341936],
        [ 0.69341936,  0.66158711,  0.67960363, ..., -0.1030264 ,
         -0.69341936,  0.        ]],

       [[ 0.        , -0.15049427, -0.13057252, ...,  0.9662274 ,
          0.9862014 ,  0.99761143],
        [ 0.15049427,  0.        ,  0.02012043, ...,  0.91644191,
          0.95005511,  0.996645  ],
        [ 0.13057252, -0.02012043,  0.        , ...,  0.92430794,
          0.95614201,  0.99809001],
        ...,
        [-0.9662274 , -0.91644191, -0.92430794, ...,  0.        ,
         -0.09417621, -0.32381818],
        [-0.9862014 , -0.95005511, -0.95614201, ...,  0.09417621,
          0.        , -0.23327706],
        [-0.99761143, -0.996645  , -0.99809001, ...,  0.32381818,
          0.23327706,  0.        ]],

       ...,

       [[ 0.        ,  0.25596375,  0.14188362, ...,  0.96248361,
          0.98866153,  0.92543686],
        [-0.25596375,  0.        , -0.11621729, ...,  0.86096663,
          0.91728981,  0.79762207],
        [-0.14188362,  0.11621729,  0.        , ...,  0.91424782,
          0.95735417,  0.86231457],
        ...,
        [-0.96248361, -0.86096663, -0.91424782, ...,  0.        ,
          0.12373557, -0.11357895],
        [-0.98866153, -0.91728981, -0.95735417, ..., -0.12373557,
          0.        , -0.23564099],
        [-0.92543686, -0.79762207, -0.86231457, ...,  0.11357895,
          0.23564099,  0.        ]],

       [[ 0.        , -0.00414709, -0.02365519, ...,  0.752758  ,
          0.85924602,  0.94823827],
        [ 0.00414709,  0.        , -0.01950905, ...,  0.75548154,
          0.86136013,  0.94954706],
        [ 0.02365519,  0.01950905,  0.        , ...,  0.76811951,
          0.87110669,  0.95548487],
        ...,
        [-0.752758  , -0.75548154, -0.76811951, ...,  0.        ,
          0.18055655,  0.38517711],
        [-0.85924602, -0.86136013, -0.87110669, ..., -0.18055655,
          0.        ,  0.21222128],
        [-0.94823827, -0.94954706, -0.95548487, ..., -0.38517711,
         -0.21222128,  0.        ]],

       [[ 0.        ,  0.0286171 ,  0.17683929, ..., -0.04619577,
          0.26728224,  0.70022243],
        [-0.0286171 ,  0.        ,  0.14860079, ..., -0.0747634 ,
          0.23959682,  0.6795052 ],
        [-0.17683929, -0.14860079,  0.        , ..., -0.22211822,
          0.09266423,  0.56293679],
        ...,
        [ 0.04619577,  0.0747634 ,  0.22211822, ...,  0.        ,
          0.31151199,  0.73245518],
        [-0.26728224, -0.23959682, -0.09266423, ..., -0.31151199,
          0.        ,  0.48392773],
        [-0.70022243, -0.6795052 , -0.56293679, ..., -0.73245518,
         -0.48392773,  0.        ]]]), 'num': array([ 9.99554686e-01,  4.23822441e-03,  1.81959134e-05,  6.48837328e-04,
        6.60699071e-04,  6.45278805e-04,  2.94819464e-02, -7.11704565e-06,
        6.57852253e-04,  6.34395656e-04,  6.01083929e-04,  7.61648745e-07,
        6.90497154e-04,  5.78294159e-04])}
{'img': array([[[ 0.        ,  0.15186892,  0.05791485, ...,  0.93628726,
          0.90473698,  0.83341218],
        [-0.15186892,  0.        , -0.09437094, ...,  0.87208522,
          0.82955091,  0.73981448],
        [-0.05791485,  0.09437094,  0.        , ...,  0.91437399,
          0.87854838,  0.80000656],
        ...,
        [-0.93628726, -0.87208522, -0.91437399, ...,  0.        ,
         -0.08105542, -0.22471726],
        [-0.90473698, -0.82955091, -0.87854838, ...,  0.08105542,
          0.        , -0.14499551],
        [-0.83341218, -0.73981448, -0.80000656, ...,  0.22471726,
          0.14499551,  0.        ]],

       [[ 0.        ,  0.02654955, -0.78338512, ..., -0.99998024,
         -0.69832135, -0.7166878 ],
        [-0.02654955,  0.        , -0.79961049, ..., -0.99946085,
         -0.71707894, -0.73495067],
        [ 0.78338512,  0.79961049,  0.        , ..., -0.62644888,
          0.12670256,  0.10088049],
        ...,
        [ 0.99998024,  0.99946085,  0.62644888, ...,  0.        ,
          0.72016007,  0.70188564],
        [ 0.69832135,  0.71707894, -0.12670256, ..., -0.72016007,
          0.        , -0.02598872],
        [ 0.7166878 ,  0.73495067, -0.10088049, ..., -0.70188564,
          0.02598872,  0.        ]],

       [[ 0.        ,  0.02012043, -0.02034722, ...,  0.95005511,
          0.996645  ,  0.99997973],
        [-0.02012043,  0.        , -0.04045937, ...,  0.95614201,
          0.99809001,  0.9996492 ],
        [ 0.02034722,  0.04045937,  0.        , ...,  0.94350841,
          0.99477333,  0.99990226],
        ...,
        [-0.95005511, -0.95614201, -0.94350841, ...,  0.        ,
         -0.23327706, -0.31812461],
        [-0.996645  , -0.99809001, -0.99477333, ...,  0.23327706,
          0.        , -0.08818959],
        [-0.99997973, -0.9996492 , -0.99990226, ...,  0.31812461,
          0.08818959,  0.        ]],

       ...,

       [[ 0.        , -0.11621729, -0.23688598, ...,  0.91728981,
          0.79762207,  0.64837441],
        [ 0.11621729,  0.        , -0.12237134, ...,  0.95735417,
          0.86231457,  0.73245964],
        [ 0.23688598,  0.12237134,  0.        , ...,  0.98551422,
          0.91779928,  0.81026644],
        ...,
        [-0.91728981, -0.95735417, -0.98551422, ...,  0.        ,
         -0.23564099, -0.44015673],
        [-0.79762207, -0.86231457, -0.91779928, ...,  0.23564099,
          0.        , -0.21617501],
        [-0.64837441, -0.73245964, -0.81026644, ...,  0.44015673,
          0.21617501,  0.        ]],

       [[ 0.        , -0.0194496 , -0.02304146, ...,  0.85310353,
          0.91779406,  0.95046472],
        [ 0.0194496 ,  0.        , -0.00359267, ...,  0.86308982,
          0.92534304,  0.95633049],
        [ 0.02304146,  0.00359267,  0.        , ...,  0.86489873,
          0.92669916,  0.95737441],
        ...,
        [-0.85310353, -0.86308982, -0.86489873, ...,  0.        ,
          0.14012089,  0.23072478],
        [-0.91779406, -0.92534304, -0.92669916, ..., -0.14012089,
          0.        ,  0.09210824],
