state_0,state_1,state_2,state_3,state_4,state_5,state_6,state_7,state_8,state_9,state_10,state_11,state_12,state_13,state_14,state_15,state_16,state_17,state_18,state_19,state_20,state_21,state_22,state_23,state_24,state_25,state_26,state_27,state_28,state_29,state_30,state_31,state_32,state_33,state_34,state_35,state_36,state_37,state_38,state_39,state_40,state_41,state_42,state_43,state_44,state_45,state_46,state_47,state_48,state_49,state_50,state_51,state_52,state_53,state_54,state_55,state_56,state_57,state_58,state_59,state_60,state_61,state_62,state_63,state_64,state_65,state_66,state_67,state_68,state_69,state_70,state_71,state_72,state_73,state_74,state_75,state_76,state_77,state_78,state_79,state_80,state_81,state_82,state_83,state_84,state_85,state_86,state_87,state_88,state_89,state_90,state_91,state_92,state_93,state_94,state_95,state_96,state_97,state_98,state_99,state_100,state_101,state_102,state_103,state_104,state_105,state_106,state_107,state_108,state_109,state_110,state_111,state_112,state_113,state_114,state_115,state_116,state_117,state_118,state_119,state_120,state_121,state_122,state_123,state_124,state_125,state_126,state_127,state_128,state_129,state_130,state_131,state_132,state_133,state_134,state_135,state_136,state_137,state_138,state_139,state_140,state_141,state_142,state_143,state_144,state_145,state_146,state_147,state_148,state_149,state_150,state_151,state_152,state_153,state_154,state_155,state_156,state_157,state_158,state_159,state_160,state_161,state_162,state_163,state_164,state_165,state_166,state_167,state_168,state_169,state_170,state_171,state_172,state_173,state_174,state_175,state_176,state_177,state_178,state_179,state_180,state_181,state_182,state_183,state_184,state_185,state_186,state_187,state_188,state_189,state_190,state_191,state_192,state_193,state_194,state_195,state_196,state_197,state_198,state_199,state_200,state_201,state_202,state_203,state_204,state_205,state_206,state_207,state_208,state_209,state_210,state_211,state_212,state_213,state_214,state_215,state_216,state_217,state_218,state_219,state_220,state_221,state_222,state_223,state_224,state_225,state_226,state_227,state_228,state_229,state_230,state_231,state_232,state_233,state_234,state_235,state_236,state_237,state_238,state_239,state_240,state_241,state_242,state_243,state_244,state_245,state_246,state_247,state_248,state_249,state_250,state_251,state_252,state_253,state_254,state_255,state_256,state_257,state_258,state_259,state_260,state_261,state_262,state_263,state_264,state_265,state_266,state_267,state_268,state_269,state_270,state_271,state_272,state_273,state_274,state_275,state_276,state_277,state_278,state_279,state_280,state_281,state_282,state_283,state_284,state_285,state_286,state_287
{'img': array([[[ 0.        , -0.08982333, -0.32404687, ..., -0.81632825,
         -0.99093688, -0.90199231],
        [ 0.08982333,  0.        , -0.23776043, ..., -0.76114752,
         -0.99899705, -0.85956479],
        [ 0.32404687,  0.23776043,  0.        , ..., -0.58511435,
         -0.98099563, -0.71341382],
        ...,
        [ 0.81632825,  0.76114752,  0.58511435, ...,  0.        ,
         -0.68200953, -0.16852874],
        [ 0.99093688,  0.99899705,  0.98099563, ...,  0.68200953,
          0.        ,  0.54900221],
        [ 0.90199231,  0.85956479,  0.71341382, ...,  0.16852874,
         -0.54900221,  0.        ]],

       [[ 0.        , -0.14150117,  0.0385093 , ..., -0.10717755,
          0.75592072, -0.07038689],
        [ 0.14150117,  0.        ,  0.17951803, ...,  0.03458696,
          0.84095031,  0.07147155],
        [-0.0385093 , -0.17951803,  0.        , ..., -0.14538553,
          0.73014939, -0.10874846],
        ...,
        [ 0.10717755, -0.03458696,  0.14538553, ...,  0.        ,
          0.82173173,  0.03693027],
        [-0.75592072, -0.84095031, -0.73014939, ..., -0.82173173,
          0.        , -0.80012556],
        [ 0.07038689, -0.07147155,  0.10874846, ..., -0.03693027,
          0.80012556,  0.        ]],

       [[ 0.        ,  0.06321393,  0.06321393, ..., -0.67729218,
         -0.91145659, -0.98762041],
        [-0.06321393,  0.        ,  0.        , ..., -0.72244498,
         -0.93563966, -0.99556108],
        [-0.06321393,  0.        ,  0.        , ..., -0.72244498,
         -0.93563966, -0.99556108],
        ...,
        [ 0.67729218,  0.72244498,  0.72244498, ...,  0.        ,
         -0.39193604, -0.62036439],
        [ 0.91145659,  0.93563966,  0.93563966, ...,  0.39193604,
          0.        , -0.26332976],
        [ 0.98762041,  0.99556108,  0.99556108, ...,  0.62036439,
          0.26332976,  0.        ]],

       ...,

       [[ 0.        , -0.23974562, -0.56513577, ..., -0.96508611,
         -0.96935845, -0.99977836],
        [ 0.23974562,  0.        , -0.35086437, ..., -0.99973734,
         -0.99998147, -0.97566794],
        [ 0.56513577,  0.35086437,  0.        , ..., -0.94422163,
         -0.93854461, -0.83671288],
        ...,
        [ 0.96508611,  0.99973734,  0.94422163, ...,  0.        ,
          0.01683285,  0.24155676],
        [ 0.96935845,  0.99998147,  0.93854461, ..., -0.01683285,
          0.        ,  0.22518817],
        [ 0.99977836,  0.97566794,  0.83671288, ..., -0.24155676,
         -0.22518817,  0.        ]],

       [[ 0.        , -0.08040415, -0.02616437, ...,  0.5721754 ,
          0.61874314,  0.57576097],
        [ 0.08040415,  0.        ,  0.05429697, ...,  0.63626486,
          0.67990483,  0.63963674],
        [ 0.02616437, -0.05429697,  0.        , ...,  0.59343774,
          0.63908587,  0.59695632],
        ...,
        [-0.5721754 , -0.63626486, -0.59343774, ...,  0.        ,
          0.0579534 ,  0.00437863],
        [-0.61874314, -0.67990483, -0.63908587, ..., -0.0579534 ,
          0.        , -0.05358157],
        [-0.57576097, -0.63963674, -0.59695632, ..., -0.00437863,
          0.05358157,  0.        ]],

       [[ 0.        ,  0.64022978,  0.68959708, ...,  0.99993527,
          0.98177835,  0.95487686],
        [-0.64022978,  0.        ,  0.06608698, ...,  0.76084944,
          0.63252324,  0.54337109],
        [-0.68959708, -0.06608698,  0.        , ...,  0.7163004 ,
          0.57995335,  0.48670368],
        ...,
        [-0.99993527, -0.76084944, -0.7163004 , ...,  0.        ,
         -0.17884706, -0.28611853],
        [-0.98177835, -0.63252324, -0.57995335, ...,  0.17884706,
          0.        , -0.11013519],
        [-0.95487686, -0.54337109, -0.48670368, ...,  0.28611853,
          0.11013519,  0.        ]]]), 'num': array([ 9.99991097e-01,  8.20197331e-04,  2.28381932e-04,  1.12951724e-04,
        1.18115232e-04,  1.12564461e-04,  4.11890403e-03, -4.90533202e-06,
        1.18089414e-04,  1.23569186e-04,  1.26153091e-04,  8.09070700e-07,
        1.32778079e-04,  1.14360293e-04])}
{'img': array([[[ 0.        , -0.19888568, -0.12526868, ..., -0.80363922,
         -0.69081618, -0.97876848],
        [ 0.19888568,  0.        ,  0.07455288, ..., -0.66922446,
         -0.53321513, -0.99998071],
        [ 0.12526868, -0.07455288,  0.        , ..., -0.72275934,
         -0.59480145, -0.99673476],
        ...,
        [ 0.80363922,  0.66922446,  0.72275934, ...,  0.        ,
          0.1699393 , -0.74720265],
        [ 0.69081618,  0.53321513,  0.59480145, ..., -0.1699393 ,
          0.        , -0.84927526],
        [ 0.97876848,  0.99998071,  0.99673476, ...,  0.74720265,
          0.84927526,  0.        ]],

       [[ 0.        ,  0.17951803,  0.25933899, ...,  0.84095031,
          0.07147155,  0.25002277],
        [-0.17951803,  0.        ,  0.08174988, ...,  0.73014939,
         -0.10874846,  0.07214455],
        [-0.25933899, -0.08174988,  0.        , ...,  0.67184682,
         -0.18964951, -0.00963379],
        ...,
        [-0.84095031, -0.73014939, -0.67184682, ...,  0.        ,
         -0.80012556, -0.67895129],
        [-0.07147155,  0.10874846,  0.18964951, ...,  0.80012556,
          0.        ,  0.18018176],
        [-0.25002277, -0.07214455,  0.00963379, ...,  0.67895129,
         -0.18018176,  0.        ]],

       [[ 0.        ,  0.        , -0.04180372, ..., -0.76392891,
         -0.7942485 , -0.99961143],
        [ 0.        ,  0.        , -0.04180372, ..., -0.76392891,
         -0.7942485 , -0.99961143],
        [ 0.04180372,  0.04180372,  0.        , ..., -0.73628515,
         -0.76815455, -0.99990287],
        ...,
        [ 0.76392891,  0.76392891,  0.73628515, ...,  0.        ,
         -0.04837098, -0.66634385],
        [ 0.7942485 ,  0.7942485 ,  0.76815455, ...,  0.04837098,
          0.        , -0.62949629],
        [ 0.99961143,  0.99961143,  0.99990287, ...,  0.66634385,
          0.62949629,  0.        ]],

       ...,

       [[ 0.        , -0.35086437, -0.31064356, ..., -0.99998147,
         -0.97566794, -0.99720298],
        [ 0.35086437,  0.        ,  0.04261108, ..., -0.93854461,
         -0.83671288, -0.96003105],
        [ 0.31064356, -0.04261108,  0.        , ..., -0.95239972,
         -0.85928853, -0.97108566],
        ...,
        [ 0.99998147,  0.93854461,  0.95239972, ...,  0.        ,
          0.22518817, -0.06866982],
        [ 0.97566794,  0.83671288,  0.85928853, ..., -0.22518817,
          0.        , -0.29156265],
        [ 0.99720298,  0.96003105,  0.97108566, ...,  0.06866982,
          0.29156265,  0.        ]],

       [[ 0.        ,  0.05429697,  0.09509302, ...,  0.67990483,
          0.63963674,  0.69159567],
        [-0.05429697,  0.        ,  0.04090183, ...,  0.63908587,
          0.59695632,  0.65135758],
        [-0.09509302, -0.04090183,  0.        , ...,  0.60709202,
          0.56364231,  0.61977738],
        ...,
        [-0.67990483, -0.63908587, -0.60709202, ...,  0.        ,
         -0.05358157,  0.01606239],
        [-0.63963674, -0.59695632, -0.56364231, ...,  0.05358157,
          0.        ,  0.06961398],
        [-0.69159567, -0.65135758, -0.61977738, ..., -0.01606239,
         -0.06961398,  0.        ]],

       [[ 0.        ,  0.31151118,  0.50301568, ...,  0.93821691,
          0.88423377,  0.68931327],
        [-0.31151118,  0.        ,  0.20875483, ...,  0.78373583,
          0.69474688,  0.42933631],
        [-0.50301568, -0.20875483,  0.        , ...,  0.63681213,
          0.52929241,  0.23134136],
        ...,
        [-0.93821691, -0.78373583, -0.63681213, ...,  0.        ,
         -0.13220204, -0.44116851],
        [-0.88423377, -0.69474688, -0.52929241, ...,  0.13220204,
          0.        , -0.31865496],
        [-0.68931327, -0.42933631, -0.23134136, ...,  0.44116851,
          0.31865496,  0.        ]]]), 'num': array([9.85630376e-01, 1.68899275e-01, 1.80692721e-04, 9.51125073e-05,
       9.61646368e-05, 9.15352670e-05, 2.38503029e-03, 3.05117557e-06,
       9.49862518e-05, 1.00199553e-04, 1.02701868e-04, 8.22193918e-07,
       1.07757118e-04, 9.26419892e-05])}
{'img': array([[[ 0.        ,  0.07455288,  0.        , ..., -0.53321513,
         -0.99998071, -0.64451301],
        [-0.07455288,  0.        , -0.07455288, ..., -0.59480145,
         -0.99673476, -0.69972201],
        [ 0.        ,  0.07455288,  0.        , ..., -0.53321513,
         -0.99998071, -0.64451301],
        ...,
        [ 0.53321513,  0.59480145,  0.53321513, ...,  0.        ,
         -0.84927526, -0.13755218],
        [ 0.99998071,  0.99673476,  0.99998071, ...,  0.84927526,
          0.        ,  0.76858178],
        [ 0.64451301,  0.69972201,  0.64451301, ...,  0.13755218,
         -0.76858178,  0.        ]],

       [[ 0.        ,  0.08174988, -0.18787051, ..., -0.10874846,
          0.07214455, -0.02765588],
        [-0.08174988,  0.        , -0.26753591, ..., -0.18964951,
         -0.00963379, -0.10928193],
        [ 0.18787051,  0.26753591,  0.        , ...,  0.07994424,
          0.25824088,  0.16063521],
        ...,
        [ 0.10874846,  0.18964951, -0.07994424, ...,  0.        ,
          0.18018176,  0.081215  ],
        [-0.07214455,  0.00963379, -0.25824088, ..., -0.18018176,
          0.        , -0.09970077],
        [ 0.02765588,  0.10928193, -0.16063521, ..., -0.081215  ,
          0.09970077,  0.        ]],

       [[ 0.        , -0.03804243, -0.14176738, ..., -0.69953832,
         -0.87505682, -0.99278914],
        [ 0.03804243,  0.        , -0.10400655, ..., -0.67184701,
         -0.85601008, -0.99663077],
        [ 0.14176738,  0.10400655,  0.        , ..., -0.59116672,
         -0.79760047, -0.99975616],
        ...,
        [ 0.69953832,  0.67184701,  0.59116672, ...,  0.        ,
         -0.28672061, -0.79329856],
        [ 0.87505682,  0.85601008,  0.79760047, ...,  0.28672061,
          0.        , -0.58542641],
        [ 0.99278914,  0.99663077,  0.99975616, ...,  0.79329856,
          0.58542641,  0.        ]],

       ...,

       [[ 0.        ,  0.04261108, -0.4621184 , ..., -0.83671288,
         -0.96003105, -0.76049818],
        [-0.04261108,  0.        , -0.49948696, ..., -0.85928853,
         -0.97108566, -0.78747653],
        [ 0.4621184 ,  0.49948696,  0.        , ..., -0.48893688,
         -0.72202911, -0.37435166],
        ...,
        [ 0.83671288,  0.85928853,  0.48893688, ...,  0.        ,
         -0.29156265,  0.12683059],
        [ 0.96003105,  0.97108566,  0.72202911, ...,  0.29156265,
          0.        ,  0.41052812],
        [ 0.76049818,  0.78747653,  0.37435166, ..., -0.12683059,
         -0.41052812,  0.        ]],

       [[ 0.        ,  0.04090183, -0.24826758, ...,  0.59695632,
          0.65135758,  0.54416937],
        [-0.04090183,  0.        , -0.28768107, ...,  0.56364231,
          0.61977738,  0.50939837],
        [ 0.24826758,  0.28768107,  0.        , ...,  0.77744507,
          0.81934276,  0.73542263],
        ...,
        [-0.59695632, -0.56364231, -0.77744507, ...,  0.        ,
          0.06961398, -0.06425887],
        [-0.65135758, -0.61977738, -0.81934276, ..., -0.06961398,
          0.        , -0.13357308],
        [-0.54416937, -0.50939837, -0.73542263, ...,  0.06425887,
          0.13357308,  0.        ]],

       [[ 0.        ,  0.41054236,  0.81289399, ...,  0.86342687,
          0.63989723,  0.50210034],
        [-0.41054236,  0.        ,  0.50212582, ...,  0.58020051,
          0.26799928,  0.10279505],
        [-0.81289399, -0.50212582,  0.        , ...,  0.09278599,
         -0.25199329, -0.41056924],
        ...,
        [-0.86342687, -0.58020051, -0.09278599, ...,  0.        ,
         -0.3406979 , -0.49340307],
        [-0.63989723, -0.26799928,  0.25199329, ...,  0.3406979 ,
          0.        , -0.16754485],
        [-0.50210034, -0.10279505,  0.41056924, ...,  0.49340307,
          0.16754485,  0.        ]]]), 'num': array([9.86255387e-01, 1.65220208e-01, 1.76756762e-04, 9.56137369e-05,
       9.67458694e-05, 9.32465507e-05, 1.57724585e-03, 2.57302844e-06,
       9.31024611e-05, 9.76104070e-05, 1.00418439e-04, 9.91092437e-07,
       1.04580957e-04, 9.06398569e-05])}
{'img': array([[[ 0.        , -0.07455288, -0.34402086, ..., -0.99673476,
         -0.69972201, -0.40436248],
        [ 0.07455288,  0.        , -0.27306115, ..., -0.99998071,
         -0.64451301, -0.33505118],
        [ 0.34402086,  0.27306115,  0.        , ..., -0.96367415,
         -0.41123864, -0.06503993],
        ...,
        [ 0.99673476,  0.99998071,  0.96367415, ...,  0.        ,
          0.76858178,  0.94426282],
        [ 0.69972201,  0.64451301,  0.41123864, ..., -0.76858178,
          0.        ,  0.35108221],
        [ 0.40436248,  0.33505118,  0.06503993, ..., -0.94426282,
         -0.35108221,  0.        ]],

       [[ 0.        , -0.26753591, -0.19814532, ..., -0.00963379,
         -0.10928193, -0.20816733],
        [ 0.26753591,  0.        ,  0.07130888, ...,  0.25824088,
          0.16063521,  0.06109588],
        [ 0.19814532, -0.07130888,  0.        , ...,  0.18869335,
          0.08984343, -0.01023532],
        ...,
        [ 0.00963379, -0.25824088, -0.18869335, ...,  0.        ,
         -0.09970077, -0.19873492],
        [ 0.10928193, -0.16063521, -0.08984343, ...,  0.09970077,
          0.        , -0.10003265],
        [ 0.20816733, -0.06109588,  0.01023532, ...,  0.19873492,
          0.10003265,  0.        ]],

       [[ 0.        , -0.10400655, -0.24129173, ..., -0.85601008,
         -0.99663077, -0.98774037],
        [ 0.10400655,  0.        , -0.13904969, ..., -0.79760047,
         -0.99975616, -0.96614747],
        [ 0.24129173,  0.13904969,  0.        , ..., -0.70597927,
         -0.98697344, -0.92088824],
        ...,
        [ 0.85601008,  0.79760047,  0.70597927, ...,  0.        ,
         -0.58542641, -0.37699343],
        [ 0.99663077,  0.99975616,  0.98697344, ...,  0.58542641,
          0.        ,  0.23659306],
        [ 0.98774037,  0.96614747,  0.92088824, ...,  0.37699343,
         -0.23659306,  0.        ]],

       ...,

       [[ 0.        , -0.49948696, -0.69160156, ..., -0.97108566,
         -0.78747653, -0.49751343],
        [ 0.49948696,  0.        , -0.23838018, ..., -0.72202911,
         -0.37435166,  0.00227656],
        [ 0.69160156,  0.23838018,  0.        , ..., -0.53628803,
         -0.14251302,  0.2405905 ],
        ...,
        [ 0.97108566,  0.72202911,  0.53628803, ...,  0.        ,
          0.41052812,  0.7236023 ],
        [ 0.78747653,  0.37435166,  0.14251302, ..., -0.41052812,
          0.        ,  0.37646171],
        [ 0.49751343, -0.00227656, -0.2405905 , ..., -0.7236023 ,
         -0.37646171,  0.        ]],

       [[ 0.        , -0.28768107, -0.64113524, ...,  0.61977738,
          0.50939837,  0.29052759],
        [ 0.28768107,  0.        , -0.39325757, ...,  0.81934276,
          0.73542263,  0.55351832],
        [ 0.64113524,  0.39325757,  0.        , ...,  0.97878309,
          0.94264316,  0.83643989],
        ...,
        [-0.61977738, -0.81934276, -0.97878309, ...,  0.        ,
         -0.13357308, -0.36504472],
        [-0.50939837, -0.73542263, -0.94264316, ...,  0.13357308,
          0.        , -0.23741834],
        [-0.29052759, -0.55351832, -0.83643989, ...,  0.36504472,
          0.23741834,  0.        ]],

       [[ 0.        ,  0.7552997 ,  0.92324844, ...,  0.52677073,
          0.30980809,  0.31850716],
        [-0.7552997 ,  0.        ,  0.31488938, ..., -0.29677558,
         -0.5150964 , -0.50722096],
        [-0.92324844, -0.31488938,  0.        , ..., -0.58238087,
         -0.75879445, -0.75279452],
        ...,
        [-0.52677073,  0.29677558,  0.58238087, ...,  0.        ,
         -0.23751397, -0.2286033 ],
        [-0.30980809,  0.5150964 ,  0.75879445, ...,  0.23751397,
          0.        ,  0.0091629 ],
        [-0.31850716,  0.50722096,  0.75279452, ...,  0.2286033 ,
         -0.0091629 ,  0.        ]]]), 'num': array([9.86470669e-01, 1.63934156e-01, 1.75380911e-04, 9.57885725e-05,
       9.61970525e-05, 9.46652523e-05, 1.05242843e-03, 9.19080120e-07,
       9.31130281e-05, 9.64932006e-05, 9.95959470e-05, 8.77475670e-07,
       1.02828889e-04, 9.01575117e-05])}
{'img': array([[[ 0.        , -0.27306115, -0.26065988, ..., -0.64451301,
         -0.33505118, -0.22344975],
        [ 0.27306115,  0.        ,  0.01286768, ..., -0.41123864,
         -0.06503993,  0.051199  ],
        [ 0.26065988, -0.01286768,  0.        , ..., -0.42293384,
         -0.07787498,  0.03834396],
        ...,
        [ 0.64451301,  0.41123864,  0.42293384, ...,  0.        ,
          0.35108221,  0.4573686 ],
        [ 0.33505118,  0.06503993,  0.07787498, ..., -0.35108221,
          0.        ,  0.11604523],
        [ 0.22344975, -0.051199  , -0.03834396, ..., -0.4573686 ,
         -0.11604523,  0.        ]],

       [[ 0.        ,  0.07130888,  0.07275662, ...,  0.16063521,
          0.06109588, -0.03172528],
        [-0.07130888,  0.        ,  0.00145151, ...,  0.08984343,
         -0.01023532, -0.1029175 ],
        [-0.07275662, -0.00145151,  0.        , ...,  0.0883977 ,
         -0.01168674, -0.1043612 ],
        ...,
        [-0.16063521, -0.08984343, -0.0883977 , ...,  0.        ,
         -0.10003265, -0.19186765],
        [-0.06109588,  0.01023532,  0.01168674, ...,  0.10003265,
          0.        , -0.09273114],
        [ 0.03172528,  0.1029175 ,  0.1043612 , ...,  0.19186765,
          0.09273114,  0.        ]],

       [[ 0.        , -0.13904969, -0.25632073, ..., -0.99975616,
         -0.96614747, -0.84649415],
        [ 0.13904969,  0.        , -0.11942639, ..., -0.98697344,
         -0.92088824, -0.76424102],
        [ 0.25632073,  0.11942639,  0.        , ..., -0.96069602,
         -0.86774191, -0.68174964],
        ...,
        [ 0.99975616,  0.98697344,  0.96069602, ...,  0.        ,
          0.23659306,  0.51357591],
        [ 0.96614747,  0.92088824,  0.86774191, ..., -0.23659306,
          0.        ,  0.29598759],
        [ 0.84649415,  0.76424102,  0.68174964, ..., -0.51357591,
         -0.29598759,  0.        ]],

       ...,

       [[ 0.        , -0.23838018,  0.0011555 , ..., -0.37435166,
          0.00227656, -0.20994826],
        [ 0.23838018,  0.        ,  0.23950221, ..., -0.14251302,
          0.2405905 ,  0.02917143],
        [-0.0011555 , -0.23950221,  0.        , ..., -0.37542289,
          0.00112106, -0.21107786],
        ...,
        [ 0.37435166,  0.14251302,  0.37542289, ...,  0.        ,
          0.37646171,  0.17132604],
        [-0.00227656, -0.2405905 , -0.00112106, ..., -0.37646171,
          0.        , -0.21217354],
        [ 0.20994826, -0.02917143,  0.21107786, ..., -0.17132604,
          0.21217354,  0.        ]],

       [[ 0.        , -0.39325757, -0.50234187, ...,  0.73542263,
          0.55351832,  0.3007545 ],
        [ 0.39325757,  0.        , -0.12182969, ...,  0.94264316,
          0.83643989,  0.65157258],
        [ 0.50234187,  0.12182969,  0.        , ...,  0.97628844,
          0.89697908,  0.73913736],
        ...,
        [-0.73542263, -0.94264316, -0.97628844, ...,  0.        ,
         -0.23741834, -0.49757987],
        [-0.55351832, -0.83643989, -0.89697908, ...,  0.23741834,
          0.        , -0.27741183],
        [-0.3007545 , -0.65157258, -0.73913736, ...,  0.49757987,
          0.27741183,  0.        ]],

       [[ 0.        ,  0.33246545,  0.40389362, ..., -0.71694504,
         -0.66130972, -0.47841887],
        [-0.33246545,  0.        ,  0.07677693, ..., -0.90793347,
         -0.87307805, -0.74315269],
        [-0.40389362, -0.07677693,  0.        , ..., -0.93743183,
         -0.90793591, -0.79233225],
        ...,
        [ 0.71694504,  0.90793347,  0.93743183, ...,  0.        ,
          0.07677112,  0.2960522 ],
        [ 0.66130972,  0.87307805,  0.90793591, ..., -0.07677112,
          0.        ,  0.22184887],
        [ 0.47841887,  0.74315269,  0.79233225, ..., -0.2960522 ,
         -0.22184887,  0.        ]]]), 'num': array([ 9.86423290e-01,  1.64218247e-01,  1.75684838e-04,  9.57499759e-05,
        9.82051035e-05,  9.53407880e-05,  1.16426242e-03, -2.04593966e-07,
        9.37449550e-05,  9.63944469e-05,  9.97344434e-05,  8.72533089e-07,
        1.02417333e-04,  9.03715605e-05])}
{'img': array([[[ 0.        ,  0.01286768,  0.17613575, ..., -0.06503993,
          0.051199  ,  0.02568978],
        [-0.01286768,  0.        ,  0.16345467, ..., -0.07787498,
          0.03834396,  0.01282422],
        [-0.17613575, -0.16345467,  0.        , ..., -0.2397859 ,
         -0.12550619, -0.15078948],
        ...,
        [ 0.06503993,  0.07787498,  0.2397859 , ...,  0.        ,
          0.11604523,  0.09065385],
        [-0.051199  , -0.03834396,  0.12550619, ..., -0.11604523,
          0.        , -0.02552602],
        [-0.02568978, -0.01282422,  0.15078948, ..., -0.09065385,
          0.02552602,  0.        ]],

       [[ 0.        ,  0.00145151, -0.08621684, ..., -0.01023532,
         -0.1029175 , -0.08011047],
        [-0.00145151,  0.        , -0.08766285, ..., -0.01168674,
         -0.1043612 , -0.08155723],
        [ 0.08621684,  0.08766285,  0.        , ...,  0.07601511,
         -0.01677526,  0.00612756],
        ...,
        [ 0.01023532,  0.01168674, -0.07601511, ...,  0.        ,
         -0.09273114, -0.06990385],
        [ 0.1029175 ,  0.1043612 ,  0.01677526, ...,  0.09273114,
          0.        ,  0.02290165],
        [ 0.08011047,  0.08155723, -0.00612756, ...,  0.06990385,
         -0.02290165,  0.        ]],

       [[ 0.        , -0.11942639, -0.14556569, ..., -0.92088824,
         -0.76424102, -0.67568999],
        [ 0.11942639,  0.        , -0.02636955, ..., -0.86774191,
         -0.68174964, -0.58281467],
        [ 0.14556569,  0.02636955,  0.        , ..., -0.85433409,
         -0.66222099, -0.56118397],
        ...,
        [ 0.92088824,  0.86774191,  0.85433409, ...,  0.        ,
          0.29598759,  0.41546383],
        [ 0.76424102,  0.68174964,  0.66222099, ..., -0.29598759,
          0.        ,  0.12761445],
        [ 0.67568999,  0.58281467,  0.56118397, ..., -0.41546383,
         -0.12761445,  0.        ]],

       ...,

       [[ 0.        ,  0.23950221,  0.50763689, ...,  0.2405905 ,
          0.02917143,  0.01568461],
        [-0.23950221,  0.        ,  0.28651435, ...,  0.00112106,
         -0.21107786, -0.22424463],
        [-0.50763689, -0.28651435,  0.        , ..., -0.2854401 ,
         -0.48228759, -0.49406104],
        ...,
        [-0.2405905 , -0.00112106,  0.2854401 , ...,  0.        ,
         -0.21217354, -0.225337  ],
        [-0.02917143,  0.21107786,  0.48228759, ...,  0.21217354,
          0.        , -0.01348991],
        [-0.01568461,  0.22424463,  0.49406104, ...,  0.225337  ,
          0.01348991,  0.        ]],

       [[ 0.        , -0.12182969, -0.25002578, ...,  0.83643989,
          0.65157258,  0.49471768],
        [ 0.12182969,  0.        , -0.13020307, ...,  0.89697908,
          0.73913736,  0.59690908],
        [ 0.25002578,  0.13020307,  0.        , ...,  0.94690267,
          0.82054423,  0.69629088],
        ...,
        [-0.83643989, -0.89697908, -0.94690267, ...,  0.        ,
         -0.27741183, -0.4557769 ],
        [-0.65157258, -0.73913736, -0.82054423, ...,  0.27741183,
          0.        , -0.19096554],
        [-0.49471768, -0.59690908, -0.69629088, ...,  0.4557769 ,
          0.19096554,  0.        ]],

       [[ 0.        ,  0.07677693,  0.15686765, ..., -0.87307805,
         -0.74315269, -0.71952853],
        [-0.07677693,  0.        ,  0.08057822, ..., -0.90793591,
         -0.79233225, -0.77072343],
        [-0.15686765, -0.08057822,  0.        , ..., -0.93875463,
         -0.83891576, -0.81955927],
        ...,
        [ 0.87307805,  0.90793591,  0.93875463, ...,  0.        ,
          0.22184887,  0.25549223],
        [ 0.74315269,  0.79233225,  0.83891576, ..., -0.22184887,
          0.        ,  0.03463968],
        [ 0.71952853,  0.77072343,  0.81955927, ..., -0.25549223,
         -0.03463968,  0.        ]]]), 'num': array([ 9.86034454e-01,  1.66526218e-01,  1.78153964e-04,  9.54359190e-05,
        9.81330210e-05,  9.33612251e-05,  2.22853244e-03, -1.65975511e-06,
        9.59960863e-05,  9.74379986e-05,  1.01111936e-04,  8.47410181e-07,
        1.03347818e-04,  9.15281792e-05])}
{'img': array([[[ 0.        ,  0.16345467,  0.24864707, ...,  0.03834396,
          0.01282422, -0.19789621],
        [-0.16345467,  0.        ,  0.08698174, ..., -0.12550619,
         -0.15078948, -0.3554567 ],
        [-0.24864707, -0.08698174,  0.        , ..., -0.21132447,
         -0.23620516, -0.43541069],
        ...,
        [-0.03834396,  0.12550619,  0.21132447, ...,  0.        ,
         -0.02552602, -0.23533631],
        [-0.01282422,  0.15078948,  0.23620516, ...,  0.02552602,
          0.        , -0.21045053],
        [ 0.19789621,  0.3554567 ,  0.43541069, ...,  0.23533631,
          0.21045053,  0.        ]],

       [[ 0.        , -0.08766285, -0.01893243, ..., -0.1043612 ,
         -0.08155723,  0.07392675],
        [ 0.08766285,  0.        ,  0.06878759, ..., -0.01677526,
          0.00612756,  0.16106512],
        [ 0.01893243, -0.06878759,  0.        , ..., -0.08551344,
         -0.06267325,  0.09279413],
        ...,
        [ 0.1043612 ,  0.01677526,  0.08551344, ...,  0.        ,
          0.02290165,  0.1775987 ],
        [ 0.08155723, -0.00612756,  0.06267325, ..., -0.02290165,
          0.        ,  0.15501454],
        [-0.07392675, -0.16106512, -0.09279413, ..., -0.1775987 ,
         -0.15501454,  0.        ]],

       [[ 0.        , -0.02636955, -0.04961032, ..., -0.68174964,
         -0.58281467, -0.40575767],
        [ 0.02636955,  0.        , -0.02325599, ..., -0.66222099,
         -0.56118397, -0.38151531],
        [ 0.04961032,  0.02325599,  0.        , ..., -0.64461598,
         -0.54178342, -0.35991516],
        ...,
        [ 0.68174964,  0.66222099,  0.64461598, ...,  0.        ,
          0.12761445,  0.32625957],
        [ 0.58281467,  0.56118397,  0.54178342, ..., -0.12761445,
          0.        ,  0.2029606 ],
        [ 0.40575767,  0.38151531,  0.35991516, ..., -0.32625957,
         -0.2029606 ,  0.        ]],

       ...,

       [[ 0.        ,  0.28651435,  0.20854346, ..., -0.21107786,
         -0.22424463, -0.29993437],
        [-0.28651435,  0.        , -0.08041432, ..., -0.48228759,
         -0.49406104, -0.56068309],
        [-0.20854346,  0.08041432,  0.        , ..., -0.41028173,
         -0.42254664, -0.49228182],
        ...,
        [ 0.21107786,  0.48228759,  0.41028173, ...,  0.        ,
         -0.01348991, -0.09181682],
        [ 0.22424463,  0.49406104,  0.42254664, ...,  0.01348991,
          0.        , -0.07837554],
        [ 0.29993437,  0.56068309,  0.49228182, ...,  0.09181682,
          0.07837554,  0.        ]],

       [[ 0.        , -0.13020307, -0.35767117, ...,  0.73913736,
          0.59690908,  0.43984367],
        [ 0.13020307,  0.        , -0.23303662, ...,  0.82054423,
          0.69629088,  0.55303147],
        [ 0.35767117,  0.23303662,  0.        , ...,  0.93115275,
          0.84438487,  0.73196226],
        ...,
        [-0.73913736, -0.82054423, -0.93115275, ...,  0.        ,
         -0.19096554, -0.36754153],
        [-0.59690908, -0.69629088, -0.84438487, ...,  0.19096554,
          0.        , -0.18317825],
        [-0.43984367, -0.55303147, -0.73196226, ...,  0.36754153,
          0.18317825,  0.        ]],

       [[ 0.        ,  0.08057822,  0.15743576, ..., -0.79233225,
         -0.77072343, -0.81399546],
        [-0.08057822,  0.        ,  0.07735048, ..., -0.83891576,
         -0.81955927, -0.85815415],
        [-0.15743576, -0.07735048,  0.        , ..., -0.87850121,
         -0.86142523, -0.89529422],
        ...,
        [ 0.79233225,  0.83891576,  0.87850121, ...,  0.        ,
          0.03463968, -0.03636735],
        [ 0.77072343,  0.81955927,  0.86142523, ..., -0.03463968,
          0.        , -0.07096229],
        [ 0.81399546,  0.85815415,  0.89529422, ...,  0.03636735,
          0.07096229,  0.        ]]]), 'num': array([9.99825394e-01, 1.86435903e-02, 2.12147426e-04, 9.67825849e-05,
       9.87705515e-05, 9.60501761e-05, 1.21498241e-03, 5.23149107e-07,
       9.72638821e-05, 9.79858278e-05, 1.01966993e-04, 9.10806360e-07,
       1.03627500e-04, 9.23441552e-05])}
{'img': array([[[ 0.        ,  0.08698174,  0.69715532, ..., -0.15078948,
         -0.3554567 , -0.29101243],
        [-0.08698174,  0.        ,  0.63215407, ..., -0.23620516,
         -0.43541069, -0.37312657],
        [-0.69715532, -0.63215407,  0.        , ..., -0.79728799,
         -0.90646008, -0.8756146 ],
        ...,
        [ 0.15078948,  0.23620516,  0.79728799, ...,  0.        ,
         -0.21045053, -0.14342176],
        [ 0.3554567 ,  0.43541069,  0.90646008, ...,  0.21045053,
          0.        ,  0.06806506],
        [ 0.29101243,  0.37312657,  0.8756146 , ...,  0.14342176,
         -0.06806506,  0.        ]],

       [[ 0.        ,  0.06878759,  0.37817691, ...,  0.00612756,
          0.16106512,  0.01076953],
        [-0.06878759,  0.        ,  0.31360216, ..., -0.06267325,
          0.09279413, -0.05803958],
        [-0.37817691, -0.31360216,  0.        , ..., -0.37249732,
         -0.22413599, -0.36818526],
        ...,
        [-0.00612756,  0.06267325,  0.37249732, ...,  0.        ,
          0.15501454,  0.00464212],
        [-0.16106512, -0.09279413,  0.22413599, ..., -0.15501454,
          0.        , -0.15042686],
        [-0.01076953,  0.05803958,  0.36818526, ..., -0.00464212,
          0.15042686,  0.        ]],

       [[ 0.        , -0.02325599,  0.13923508, ..., -0.56118397,
         -0.38151531, -0.30289801],
        [ 0.02325599,  0.        ,  0.16222688, ..., -0.54178342,
         -0.35991516, -0.2806526 ],
        [-0.13923508, -0.16222688,  0.        , ..., -0.67096131,
         -0.50650279, -0.43264182],
        ...,
        [ 0.56118397,  0.54178342,  0.67096131, ...,  0.        ,
          0.2029606 ,  0.28411523],
        [ 0.38151531,  0.35991516,  0.50650279, ..., -0.2029606 ,
          0.        ,  0.08360529],
        [ 0.30289801,  0.2806526 ,  0.43264182, ..., -0.28411523,
         -0.08360529,  0.        ]],

       ...,

       [[ 0.        , -0.08041432,  0.46934209, ..., -0.49406104,
         -0.56068309, -0.4612681 ],
        [ 0.08041432,  0.        ,  0.5388293 , ..., -0.42254664,
         -0.49228182, -0.38842582],
        [-0.46934209, -0.5388293 ,  0.        , ..., -0.8443228 ,
         -0.88372193, -0.82373615],
        ...,
        [ 0.49406104,  0.42254664,  0.8443228 , ...,  0.        ,
         -0.07837554,  0.03732196],
        [ 0.56068309,  0.49228182,  0.88372193, ...,  0.07837554,
          0.        ,  0.11552808],
        [ 0.4612681 ,  0.38842582,  0.82373615, ..., -0.03732196,
         -0.11552808,  0.        ]],

       [[ 0.        , -0.23303662,  0.48486492, ...,  0.69629088,
          0.55303147,  0.3051426 ],
        [ 0.23303662,  0.        ,  0.67532688, ...,  0.84438487,
          0.73196226,  0.51866373],
        [-0.48486492, -0.67532688,  0.        , ...,  0.26095187,
          0.07970504, -0.19486572],
        ...,
        [-0.69629088, -0.84438487, -0.26095187, ...,  0.        ,
         -0.18317825, -0.44406339],
        [-0.55303147, -0.73196226, -0.07970504, ...,  0.18317825,
          0.        , -0.27242284],
        [-0.3051426 , -0.51866373,  0.19486572, ...,  0.44406339,
          0.27242284,  0.        ]],

       [[ 0.        ,  0.07735048,  0.05891612, ..., -0.81955927,
         -0.85815415, -0.8488923 ],
        [-0.07735048,  0.        , -0.01847652, ..., -0.86142523,
         -0.89529422, -0.88723381],
        [-0.05891612,  0.01847652,  0.        , ..., -0.85189425,
         -0.88691055, -0.87855877],
        ...,
        [ 0.81955927,  0.86142523,  0.85189425, ...,  0.        ,
         -0.07096229, -0.05321951],
        [ 0.85815415,  0.89529422,  0.88691055, ...,  0.07096229,
          0.        ,  0.01777639],
        [ 0.8488923 ,  0.88723381,  0.87855877, ...,  0.05321951,
         -0.01777639,  0.        ]]]), 'num': array([9.99995818e-01, 1.20872055e-03, 2.13873040e-04, 9.68004553e-05,
       1.00324241e-04, 9.63858923e-05, 2.60399443e-03, 9.32766700e-07,
       9.64480767e-05, 9.68730038e-05, 1.00978905e-04, 9.83452319e-07,
       1.02229576e-04, 9.15164314e-05])}
{'img': array([[[ 0.        ,  0.63215407,  0.87875775, ..., -0.43541069,
         -0.37312657, -0.26109004],
        [-0.63215407,  0.        ,  0.37919207, ..., -0.90646008,
         -0.8756146 , -0.81253118],
        [-0.87875775, -0.37919207,  0.        , ..., -0.99889341,
         -0.99337566, -0.9728875 ],
        ...,
        [ 0.43541069,  0.90646008,  0.99889341, ...,  0.        ,
          0.06806506,  0.18526664],
        [ 0.37312657,  0.8756146 ,  0.99337566, ..., -0.06806506,
          0.        ,  0.11795024],
        [ 0.26109004,  0.81253118,  0.9728875 , ..., -0.18526664,
         -0.11795024,  0.        ]],

       [[ 0.        ,  0.31360216,  0.30865513, ...,  0.09279413,
         -0.05803958,  0.13565906],
        [-0.31360216,  0.        , -0.00520537, ..., -0.22413599,
         -0.36818526, -0.18188743],
        [-0.30865513,  0.00520537,  0.        , ..., -0.21906002,
         -0.36334057, -0.17676642],
        ...,
        [-0.09279413,  0.22413599,  0.21906002, ...,  0.        ,
         -0.15042686,  0.04313744],
        [ 0.05803958,  0.36818526,  0.36334057, ...,  0.15042686,
          0.        ,  0.19293342],
        [-0.13565906,  0.18188743,  0.17676642, ..., -0.04313744,
         -0.19293342,  0.        ]],

       [[ 0.        ,  0.16222688,  0.43880577, ..., -0.35991516,
         -0.2806526 , -0.26218551],
        [-0.16222688,  0.        ,  0.28721897, ..., -0.50650279,
         -0.43264182, -0.41526425],
        [-0.43880577, -0.28721897,  0.        , ..., -0.73281248,
         -0.67335926, -0.6590504 ],
        ...,
        [ 0.35991516,  0.50650279,  0.73281248, ...,  0.        ,
          0.08360529,  0.10270927],
        [ 0.2806526 ,  0.43264182,  0.67335926, ..., -0.08360529,
          0.        ,  0.01918654],
        [ 0.26218551,  0.41526425,  0.6590504 , ..., -0.10270927,
         -0.01918654,  0.        ]],

       ...,

       [[ 0.        ,  0.5388293 ,  0.60378027, ..., -0.49228182,
         -0.38842582, -0.23510183],
        [-0.5388293 ,  0.        ,  0.07910533, ..., -0.88372193,
         -0.82373615, -0.72177962],
        [-0.60378027, -0.07910533,  0.        , ..., -0.91797485,
         -0.86600539, -0.77426837],
        ...,
        [ 0.49228182,  0.88372193,  0.91797485, ...,  0.        ,
          0.11552808,  0.27384246],
        [ 0.38842582,  0.82373615,  0.86600539, ..., -0.11552808,
          0.        ,  0.1608969 ],
        [ 0.23510183,  0.72177962,  0.77426837, ..., -0.27384246,
         -0.1608969 ,  0.        ]],

       [[ 0.        ,  0.67532688,  0.94493171, ...,  0.73196226,
          0.51866373,  0.22319343],
        [-0.67532688,  0.        ,  0.47589208, ...,  0.07970504,
         -0.19486572, -0.49368191],
        [-0.94493171, -0.47589208,  0.        , ..., -0.40427715,
         -0.63815431, -0.84805106],
        ...,
        [-0.73196226, -0.07970504,  0.40427715, ...,  0.        ,
         -0.27242284, -0.56142614],
        [-0.51866373,  0.19486572,  0.63815431, ...,  0.27242284,
          0.        , -0.31475446],
        [-0.22319343,  0.49368191,  0.84805106, ...,  0.56142614,
          0.31475446,  0.        ]],

       [[ 0.        , -0.01847652, -0.16425227, ..., -0.89529422,
         -0.88723381, -0.87366278],
        [ 0.01847652,  0.        , -0.14599866, ..., -0.88691055,
         -0.87855877, -0.86452422],
        [ 0.16425227,  0.14599866,  0.        , ..., -0.80996433,
         -0.79941086, -0.78188303],
        ...,
        [ 0.89529422,  0.88691055,  0.80996433, ...,  0.        ,
          0.01777639,  0.04639405],
        [ 0.88723381,  0.87855877,  0.79941086, ..., -0.01777639,
          0.        ,  0.02862947],
        [ 0.87366278,  0.86452422,  0.78188303, ..., -0.04639405,
         -0.02862947,  0.        ]]]), 'num': array([ 9.99995140e-01,  1.23513607e-03,  2.18547047e-04,  9.67978294e-05,
        9.93395667e-05,  9.55269607e-05,  2.84058208e-03, -2.11811443e-06,
        9.80475169e-05,  9.88524004e-05,  1.03113341e-04,  1.02744357e-06,
        1.04400647e-04,  9.33041534e-05])}
{'img': array([[[ 0.        ,  0.37919207,  0.48305861, ..., -0.8756146 ,
         -0.81253118, -0.93901085],
        [-0.37919207,  0.        ,  0.11496678, ..., -0.99337566,
         -0.9728875 , -0.99928305],
        [-0.48305861, -0.11496678,  0.        , ..., -1.        ,
         -0.99302599, -0.98830448],
        ...,
        [ 0.8756146 ,  0.99337566,  1.        , ...,  0.        ,
          0.11795024, -0.15243911],
        [ 0.81253118,  0.9728875 ,  0.99302599, ..., -0.11795024,
          0.        , -0.26794675],
        [ 0.93901085,  0.99928305,  0.98830448, ...,  0.15243911,
          0.26794675,  0.        ]],

       [[ 0.        , -0.00520537,  0.04909121, ..., -0.36818526,
         -0.18188743, -0.16338296],
