state_0,state_1,state_2,state_3,state_4,state_5,state_6,state_7,state_8,state_9,state_10,state_11,state_12,state_13,state_14,state_15,state_16,state_17,state_18,state_19,state_20,state_21,state_22,state_23,state_24,state_25,state_26,state_27,state_28,state_29,state_30,state_31,state_32,state_33,state_34,state_35,state_36,state_37,state_38,state_39,state_40,state_41,state_42,state_43,state_44,state_45,state_46,state_47,state_48,state_49,state_50,state_51,state_52,state_53,state_54,state_55,state_56,state_57,state_58,state_59,state_60,state_61,state_62,state_63,state_64,state_65,state_66,state_67,state_68,state_69,state_70,state_71,state_72,state_73,state_74,state_75,state_76,state_77,state_78,state_79,state_80,state_81,state_82,state_83,state_84,state_85,state_86,state_87,state_88,state_89,state_90,state_91,state_92,state_93,state_94,state_95,state_96,state_97,state_98,state_99,state_100,state_101,state_102,state_103,state_104,state_105,state_106,state_107,state_108,state_109,state_110,state_111,state_112,state_113,state_114,state_115,state_116,state_117,state_118,state_119,state_120,state_121,state_122,state_123,state_124,state_125,state_126,state_127,state_128,state_129,state_130,state_131,state_132,state_133,state_134,state_135,state_136,state_137,state_138,state_139,state_140,state_141,state_142,state_143,state_144,state_145,state_146,state_147,state_148,state_149,state_150,state_151,state_152,state_153,state_154,state_155,state_156,state_157,state_158,state_159,state_160,state_161,state_162,state_163,state_164,state_165,state_166,state_167,state_168,state_169,state_170,state_171,state_172,state_173,state_174,state_175,state_176,state_177,state_178,state_179,state_180,state_181,state_182,state_183,state_184,state_185,state_186,state_187,state_188,state_189,state_190,state_191,state_192,state_193,state_194,state_195,state_196,state_197,state_198,state_199,state_200,state_201,state_202,state_203,state_204,state_205,state_206,state_207,state_208,state_209,state_210,state_211,state_212,state_213,state_214,state_215,state_216,state_217,state_218,state_219,state_220,state_221,state_222,state_223,state_224,state_225,state_226,state_227,state_228,state_229,state_230,state_231,state_232,state_233,state_234,state_235,state_236,state_237,state_238,state_239,state_240,state_241,state_242,state_243,state_244,state_245,state_246,state_247,state_248,state_249,state_250,state_251,state_252,state_253,state_254,state_255,state_256,state_257,state_258,state_259,state_260,state_261,state_262,state_263,state_264,state_265,state_266,state_267,state_268,state_269,state_270,state_271,state_272,state_273,state_274,state_275,state_276,state_277,state_278,state_279,state_280,state_281,state_282,state_283,state_284,state_285,state_286,state_287
{'img': array([[[ 0.        , -0.82759796, -0.81024834, ...,  0.10762065,
         -0.14049801, -0.10144129],
        [ 0.82759796,  0.        ,  0.03023449, ...,  0.88320106,
          0.74052446,  0.76638766],
        [ 0.81024834, -0.03023449,  0.        , ...,  0.86861748,
          0.71986744,  0.74661531],
        ...,
        [-0.10762065, -0.88320106, -0.86861748, ...,  0.        ,
         -0.24623516, -0.20791762],
        [ 0.14049801, -0.74052446, -0.71986744, ...,  0.24623516,
          0.        ,  0.03933816],
        [ 0.10144129, -0.76638766, -0.74661531, ...,  0.20791762,
         -0.03933816,  0.        ]],

       [[ 0.        ,  0.86383291,  0.11750622, ..., -0.51509908,
         -0.4336637 , -0.71506983],
        [-0.86383291,  0.        , -0.79865131, ..., -0.99991346,
         -0.99684848, -0.96410177],
        [-0.11750622,  0.79865131,  0.        , ..., -0.61224873,
         -0.53654123, -0.79225901],
        ...,
        [ 0.51509908,  0.99991346,  0.61224873, ...,  0.        ,
          0.09243636, -0.25282668],
        [ 0.4336637 ,  0.99684848,  0.53654123, ..., -0.09243636,
          0.        , -0.34117748],
        [ 0.71506983,  0.96410177,  0.79225901, ...,  0.25282668,
          0.34117748,  0.        ]],

       [[ 0.        , -0.21748324, -0.38180831, ...,  0.1523518 ,
          0.17095752,  0.2348381 ],
        [ 0.21748324,  0.        , -0.17166232, ...,  0.36364953,
          0.38114703,  0.44061825],
        [ 0.38180831,  0.17166232,  0.        , ...,  0.51816106,
          0.53419352,  0.58817797],
        ...,
        [-0.1523518 , -0.36364953, -0.51816106, ...,  0.        ,
          0.01885288,  0.08400548],
        [-0.17095752, -0.38114703, -0.53419352, ..., -0.01885288,
          0.        ,  0.06520431],
        [-0.2348381 , -0.44061825, -0.58817797, ..., -0.08400548,
         -0.06520431,  0.        ]],

       ...,

       [[ 0.        , -0.86594023, -0.89137769, ..., -0.61285743,
         -0.61285743, -0.58249195],
        [ 0.86594023,  0.        , -0.05332313, ...,  0.37774123,
          0.37774123,  0.4125359 ],
        [ 0.89137769,  0.05332313,  0.        , ...,  0.42657631,
          0.42657631,  0.46052323],
        ...,
        [ 0.61285743, -0.37774123, -0.42657631, ...,  0.        ,
          0.        ,  0.03787151],
        [ 0.61285743, -0.37774123, -0.42657631, ...,  0.        ,
          0.        ,  0.03787151],
        [ 0.58249195, -0.4125359 , -0.46052323, ..., -0.03787151,
         -0.03787151,  0.        ]],

       [[ 0.        , -0.03628066, -0.07251167, ...,  0.26049373,
          0.24251104,  0.19690487],
        [ 0.03628066,  0.        , -0.03627877, ...,  0.29535032,
          0.27754901,  0.23234561],
        [ 0.07251167,  0.03627877,  0.        , ...,  0.32981624,
          0.31221973,  0.2674786 ],
        ...,
        [-0.26049373, -0.29535032, -0.32981624, ...,  0.        ,
         -0.01857917, -0.06528711],
        [-0.24251104, -0.27754901, -0.31221973, ...,  0.01857917,
          0.        , -0.04673631],
        [-0.19690487, -0.23234561, -0.2674786 , ...,  0.06528711,
          0.04673631,  0.        ]],

       [[ 0.        ,  0.07169184,  0.14194585, ...,  0.81729997,
          0.81501947,  0.82306355],
        [-0.07169184,  0.        ,  0.07061467, ...,  0.77388719,
          0.77138163,  0.78022833],
        [-0.14194585, -0.07061467,  0.        , ...,  0.72723338,
          0.72451874,  0.73411151],
        ...,
        [-0.81729997, -0.77388719, -0.72723338, ...,  0.        ,
         -0.00394669,  0.0100745 ],
        [-0.81501947, -0.77138163, -0.72451874, ...,  0.00394669,
          0.        ,  0.01402092],
        [-0.82306355, -0.78022833, -0.73411151, ..., -0.0100745 ,
         -0.01402092,  0.        ]]]), 'num': array([ 9.99999970e-01,  1.00482373e-05,  1.90837765e-05,  5.22297028e-05,
        5.25287278e-05,  5.19306778e-05,  1.95789619e-04, -5.98050032e-07,
        5.31068428e-05,  5.22396703e-05,  5.08259465e-05,  4.84658283e-08,
        5.47190748e-05,  4.97602658e-05])}
{'img': array([[[ 0.        ,  0.03023449,  0.05014401, ...,  0.74052446,
          0.76638766,  0.68664118],
        [-0.03023449,  0.        ,  0.01992463, ...,  0.71986744,
          0.74661531,  0.6643469 ],
        [-0.05014401, -0.01992463,  0.        , ...,  0.70589462,
          0.73321211,  0.64932287],
        ...,
        [-0.74052446, -0.71986744, -0.70589462, ...,  0.        ,
          0.03933816, -0.07691561],
        [-0.76638766, -0.74661531, -0.73321211, ..., -0.03933816,
          0.        , -0.11607769],
        [-0.68664118, -0.6643469 , -0.64932287, ...,  0.07691561,
          0.11607769,  0.        ]],

       [[ 0.        , -0.79865131, -0.9451198 , ..., -0.99684848,
         -0.96410177, -0.98529175],
        [ 0.79865131,  0.        , -0.30782895, ..., -0.53654123,
         -0.79225901, -0.72941672],
        [ 0.9451198 ,  0.30782895,  0.        , ..., -0.25071882,
         -0.56595568, -0.48342106],
        ...,
        [ 0.99684848,  0.53654123,  0.25071882, ...,  0.        ,
         -0.34117748, -0.24850433],
        [ 0.96410177,  0.79225901,  0.56595568, ...,  0.34117748,
          0.        ,  0.09688122],
        [ 0.98529175,  0.72941672,  0.48342106, ...,  0.24850433,
         -0.09688122,  0.        ]],

       [[ 0.        , -0.17166232, -0.30681899, ...,  0.38114703,
          0.44061825,  0.39289616],
        [ 0.17166232,  0.        , -0.13888184, ...,  0.53419352,
          0.58817797,  0.54492167],
        [ 0.30681899,  0.13888184,  0.        , ...,  0.64642208,
          0.69479604,  0.65609142],
        ...,
        [-0.38114703, -0.53419352, -0.64642208, ...,  0.        ,
          0.06520431,  0.0127419 ],
        [-0.44061825, -0.58817797, -0.69479604, ..., -0.06520431,
          0.        , -0.05248423],
        [-0.39289616, -0.54492167, -0.65609142, ..., -0.0127419 ,
          0.05248423,  0.        ]],

       ...,

       [[ 0.        , -0.05332313,  0.14992166, ...,  0.37774123,
          0.4125359 ,  0.20615857],
        [ 0.05332313,  0.        ,  0.20242883, ...,  0.42657631,
          0.46052323,  0.25804295],
        [-0.14992166, -0.20242883,  0.        , ...,  0.23465781,
          0.27130353,  0.05712741],
        ...,
        [-0.37774123, -0.42657631, -0.23465781, ...,  0.        ,
          0.03787151, -0.17874229],
        [-0.4125359 , -0.46052323, -0.27130353, ..., -0.03787151,
          0.        , -0.21587568],
        [-0.20615857, -0.25804295, -0.05712741, ...,  0.17874229,
          0.21587568,  0.        ]],

       [[ 0.        , -0.03627877, -0.07739494, ...,  0.27754901,
          0.23234561,  0.1059934 ],
        [ 0.03627877,  0.        , -0.04117403, ...,  0.31221973,
          0.2674786 ,  0.14199804],
        [ 0.07739494,  0.04117403,  0.        , ...,  0.35107071,
          0.30692558,  0.18263444],
        ...,
        [-0.27754901, -0.31221973, -0.35107071, ...,  0.        ,
         -0.04673631, -0.17415645],
        [-0.23234561, -0.2674786 , -0.30692558, ...,  0.04673631,
          0.        , -0.12794406],
        [-0.1059934 , -0.14199804, -0.18263444, ...,  0.17415645,
          0.12794406,  0.        ]],

       [[ 0.        ,  0.07061467,  0.14706268, ...,  0.77138163,
          0.78022833,  0.82495539],
        [-0.07061467,  0.        ,  0.07684867, ...,  0.72451874,
          0.73411151,  0.78298477],
        [-0.14706268, -0.07684867,  0.        , ...,  0.66940784,
          0.67975811,  0.73286629],
        ...,
        [-0.77138163, -0.72451874, -0.66940784, ...,  0.        ,
          0.01402092,  0.08899597],
        [-0.78022833, -0.73411151, -0.67975811, ..., -0.01402092,
          0.        ,  0.07502194],
        [-0.82495539, -0.78298477, -0.73286629, ..., -0.08899597,
         -0.07502194,  0.        ]]]), 'num': array([ 9.92241113e-01,  1.24243732e-01,  1.67891176e-05,  8.34612866e-04,
        8.50756249e-04,  8.24926837e-04,  3.92784635e-03, -1.13003676e-05,
        8.52047719e-04,  8.43007425e-04,  8.24079309e-04,  8.38822807e-07,
        8.76226725e-04,  8.09788125e-04])}
{'img': array([[[ 0.00000000e+00,  1.99246291e-02, -3.61375921e-01, ...,
          7.46615305e-01,  6.64346902e-01,  5.61186305e-01],
        [-1.99246291e-02,  0.00000000e+00, -3.79882309e-01, ...,
          7.33212111e-01,  6.49322866e-01,  5.44583494e-01],
        [ 3.61375921e-01,  3.79882309e-01,  0.00000000e+00, ...,
          9.36566709e-01,  8.89551648e-01,  8.22368511e-01],
        ...,
        [-7.46615305e-01, -7.33212111e-01, -9.36566709e-01, ...,
          0.00000000e+00, -1.16077694e-01, -2.44633085e-01],
        [-6.64346902e-01, -6.49322866e-01, -8.89551648e-01, ...,
          1.16077694e-01,  0.00000000e+00, -1.30428642e-01],
        [-5.61186305e-01, -5.44583494e-01, -8.22368511e-01, ...,
          2.44633085e-01,  1.30428642e-01,  0.00000000e+00]],

       [[ 0.00000000e+00, -3.07828951e-01, -1.80908798e-01, ...,
         -7.92259006e-01, -7.29416719e-01, -6.18433487e-01],
        [ 3.07828951e-01,  0.00000000e+00,  1.30625558e-01, ...,
         -5.65955675e-01, -4.83421059e-01, -3.46499992e-01],
        [ 1.80908798e-01, -1.30625558e-01,  0.00000000e+00, ...,
         -6.68798809e-01, -5.93627040e-01, -4.66064404e-01],
        ...,
        [ 7.92259006e-01,  5.65955675e-01,  6.68798809e-01, ...,
          0.00000000e+00,  9.68812187e-02,  2.45227754e-01],
        [ 7.29416719e-01,  4.83421059e-01,  5.93627040e-01, ...,
         -9.68812187e-02,  0.00000000e+00,  1.50151192e-01],
        [ 6.18433487e-01,  3.46499992e-01,  4.66064404e-01, ...,
         -2.45227754e-01, -1.50151192e-01,  0.00000000e+00]],

       [[ 0.00000000e+00, -1.38881839e-01, -4.59675532e-01, ...,
          5.88177975e-01,  5.44921668e-01,  4.12901135e-01],
        [ 1.38881839e-01,  0.00000000e+00, -3.31881651e-01, ...,
          6.94796038e-01,  6.56091420e-01,  5.35389919e-01],
        [ 4.59675532e-01,  3.31881651e-01,  0.00000000e+00, ...,
          8.94107266e-01,  8.69369752e-01,  7.85353478e-01],
        ...,
        [-5.88177975e-01, -6.94796038e-01, -8.94107266e-01, ...,
          0.00000000e+00, -5.24842313e-02, -2.01772133e-01],
        [-5.44921668e-01, -6.56091420e-01, -8.69369752e-01, ...,
          5.24842313e-02,  0.00000000e+00, -1.50089280e-01],
        [-4.12901135e-01, -5.35389919e-01, -7.85353478e-01, ...,
          2.01772133e-01,  1.50089280e-01,  0.00000000e+00]],

       ...,

       [[ 0.00000000e+00,  2.02428831e-01, -1.27975780e-01, ...,
          4.60523233e-01,  2.58042947e-01,  3.92422755e-01],
        [-2.02428831e-01,  0.00000000e+00, -3.26090612e-01, ...,
          2.71303534e-01,  5.71274133e-02,  1.98107423e-01],
        [ 1.27975780e-01,  3.26090612e-01,  0.00000000e+00, ...,
          5.70333886e-01,  3.79562816e-01,  5.06906176e-01],
        ...,
        [-4.60523233e-01, -2.71303534e-01, -5.70333886e-01, ...,
          0.00000000e+00, -2.15875684e-01, -7.52492094e-02],
        [-2.58042947e-01, -5.71274133e-02, -3.79562816e-01, ...,
          2.15875684e-01,  0.00000000e+00,  1.41788727e-01],
        [-3.92422755e-01, -1.98107423e-01, -5.06906176e-01, ...,
          7.52492094e-02, -1.41788727e-01,  0.00000000e+00]],

       [[ 0.00000000e+00, -4.11740333e-02, -1.43173215e-04, ...,
          2.67478601e-01,  1.41998037e-01, -1.46961835e-02],
        [ 4.11740333e-02,  0.00000000e+00,  4.10309810e-02, ...,
          3.06925585e-01,  1.82634435e-01,  2.64858657e-02],
        [ 1.43173215e-04, -4.10309810e-02,  0.00000000e+00, ...,
          2.67616555e-01,  1.42139758e-01, -1.45530255e-02],
        ...,
        [-2.67478601e-01, -3.06925585e-01, -2.67616555e-01, ...,
          0.00000000e+00, -1.27944056e-01, -2.81610425e-01],
        [-1.41998037e-01, -1.82634435e-01, -1.42139758e-01, ...,
          1.27944056e-01,  0.00000000e+00, -1.56529968e-01],
        [ 1.46961835e-02, -2.64858657e-02,  1.45530255e-02, ...,
          2.81610425e-01,  1.56529968e-01,  0.00000000e+00]],

       [[ 0.00000000e+00,  7.68486707e-02,  4.88056245e-03, ...,
          7.34111514e-01,  7.82984768e-01,  8.47390462e-01],
        [-7.68486707e-02,  0.00000000e+00, -7.19816260e-02, ...,
          6.79758106e-01,  7.32866286e-01,  8.04080175e-01],
        [-4.88056245e-03,  7.19816260e-02,  0.00000000e+00, ...,
          7.30788728e-01,  7.79939533e-01,  8.44788936e-01],
        ...,
        [-7.34111514e-01, -6.79758106e-01, -7.30788728e-01, ...,
          0.00000000e+00,  7.50219373e-02,  1.85611264e-01],
        [-7.82984768e-01, -7.32866286e-01, -7.79939533e-01, ...,
         -7.50219373e-02,  0.00000000e+00,  1.11369890e-01],
        [-8.47390462e-01, -8.04080175e-01, -8.44788936e-01, ...,
         -1.85611264e-01, -1.11369890e-01,  0.00000000e+00]]]), 'num': array([9.92443020e-01, 1.22609335e-01, 1.65682607e-05, 8.36378544e-04,
       8.44344054e-04, 8.22040626e-04, 4.27448381e-03, 1.27448159e-05,
       8.36059923e-04, 8.32316134e-04, 8.14300805e-04, 8.42505859e-07,
       8.65111987e-04, 7.99520281e-04])}
{'img': array([[[ 0.        , -0.37988231, -0.16466119, ...,  0.64932287,
          0.54458349,  0.6636995 ],
        [ 0.37988231,  0.        ,  0.22237965, ...,  0.88955165,
          0.82236851,  0.89809686],
        [ 0.16466119, -0.22237965,  0.        , ...,  0.76568668,
          0.67525246,  0.77780658],
        ...,
        [-0.64932287, -0.88955165, -0.76568668, ...,  0.        ,
         -0.13042864,  0.01905894],
        [-0.54458349, -0.82236851, -0.67525246, ...,  0.13042864,
          0.        ,  0.14930109],
        [-0.6636995 , -0.89809686, -0.77780658, ..., -0.01905894,
         -0.14930109,  0.        ]],

       [[ 0.        ,  0.13062556,  0.10812769, ..., -0.48342106,
         -0.34649999, -0.28788015],
        [-0.13062556,  0.        , -0.02265848, ..., -0.59362704,
         -0.4660644 , -0.41050924],
        [-0.10812769,  0.02265848,  0.        , ..., -0.57524044,
         -0.44589764, -0.38974257],
        ...,
        [ 0.48342106,  0.59362704,  0.57524044, ...,  0.        ,
          0.15015119,  0.21094931],
        [ 0.34649999,  0.4660644 ,  0.44589764, ..., -0.15015119,
          0.        ,  0.06178545],
        [ 0.28788015,  0.41050924,  0.38974257, ..., -0.21094931,
         -0.06178545,  0.        ]],

       [[ 0.        , -0.33188165, -0.60288794, ...,  0.65609142,
          0.53538992,  0.46311569],
        [ 0.33188165,  0.        , -0.3039331 , ...,  0.86936975,
          0.78535348,  0.73101276],
        [ 0.60288794,  0.3039331 ,  0.        , ...,  0.97843504,
          0.93635011,  0.90382396],
        ...,
        [-0.65609142, -0.86936975, -0.97843504, ...,  0.        ,
         -0.15008928, -0.23198759],
        [-0.53538992, -0.78535348, -0.93635011, ...,  0.15008928,
          0.        , -0.08336509],
        [-0.46311569, -0.73101276, -0.90382396, ...,  0.23198759,
          0.08336509,  0.        ]],

       ...,

       [[ 0.        , -0.32609061, -0.33441887, ...,  0.05712741,
          0.19810742,  0.23694341],
        [ 0.32609061,  0.        , -0.00882324, ...,  0.37956282,
          0.50690618,  0.54079641],
        [ 0.33441887,  0.00882324,  0.        , ...,  0.387711  ,
          0.51449209,  0.54819706],
        ...,
        [-0.05712741, -0.37956282, -0.387711  , ...,  0.        ,
          0.14178873,  0.18105583],
        [-0.19810742, -0.50690618, -0.51449209, ..., -0.14178873,
          0.        ,  0.03978126],
        [-0.23694341, -0.54079641, -0.54819706, ..., -0.18105583,
         -0.03978126,  0.        ]],

       [[ 0.        ,  0.04103098,  0.0455614 , ...,  0.18263444,
          0.02648587,  0.03301857],
        [-0.04103098,  0.        ,  0.00453466, ...,  0.14213976,
         -0.01455303, -0.00801785],
        [-0.0455614 , -0.00453466,  0.        , ...,  0.13764968,
         -0.01908705, -0.01255228],
        ...,
        [-0.18263444, -0.14213976, -0.13764968, ...,  0.        ,
         -0.15652997, -0.15007163],
        [-0.02648587,  0.01455303,  0.01908705, ...,  0.15652997,
          0.        ,  0.00653556],
        [-0.03301857,  0.00801785,  0.01255228, ...,  0.15007163,
         -0.00653556,  0.        ]],

       [[ 0.        , -0.07198163, -0.08095643, ...,  0.73286629,
          0.80408017,  0.81149821],
        [ 0.07198163,  0.        , -0.00900107, ...,  0.77993953,
          0.84478894,  0.85145596],
        [ 0.08095643,  0.00900107,  0.        , ...,  0.7855413 ,
          0.84957118,  0.85614186],
        ...,
        [-0.73286629, -0.77993953, -0.7855413 , ...,  0.        ,
          0.11136989,  0.12386721],
        [-0.80408017, -0.84478894, -0.84957118, ..., -0.11136989,
          0.        ,  0.01258443],
        [-0.81149821, -0.85145596, -0.85614186, ..., -0.12386721,
         -0.01258443,  0.        ]]]), 'num': array([ 9.99559495e-01,  2.91833963e-02,  1.85186278e-05,  8.42340364e-04,
        8.47162923e-04,  8.23050126e-04,  4.85175189e-03, -1.60751978e-06,
        8.42340364e-04,  8.39044948e-04,  8.22688434e-04,  9.82373198e-07,
        8.71058009e-04,  8.07031887e-04])}
{'img': array([[[ 0.        ,  0.22237965,  0.16819733, ...,  0.82236851,
          0.89809686,  0.88955165],
        [-0.22237965,  0.        , -0.05522579, ...,  0.67525246,
          0.77780658,  0.76568668],
        [-0.16819733,  0.05522579,  0.        , ...,  0.71495576,
          0.81132918,  0.80004015],
        ...,
        [-0.82236851, -0.67525246, -0.71495576, ...,  0.        ,
          0.14930109,  0.13042864],
        [-0.89809686, -0.77780658, -0.81132918, ..., -0.14930109,
          0.        , -0.01905894],
        [-0.88955165, -0.76568668, -0.80004015, ..., -0.13042864,
          0.01905894,  0.        ]],

       [[ 0.        , -0.02265848,  0.60896071, ..., -0.4660644 ,
         -0.41050924, -0.34321272],
        [ 0.02265848,  0.        ,  0.62677708, ..., -0.44589764,
         -0.38974257, -0.32184246],
        [-0.60896071, -0.62677708,  0.        , ..., -0.90846094,
         -0.88090083, -0.8442075 ],
        ...,
        [ 0.4660644 ,  0.44589764,  0.90846094, ...,  0.        ,
          0.06178545,  0.13409685],
        [ 0.41050924,  0.38974257,  0.88090083, ..., -0.06178545,
          0.        ,  0.07261323],
        [ 0.34321272,  0.32184246,  0.8442075 , ..., -0.13409685,
         -0.07261323,  0.        ]],

       [[ 0.        , -0.3039331 , -0.34970151, ...,  0.78535348,
          0.73101276,  0.71609905],
        [ 0.3039331 ,  0.        , -0.04841519, ...,  0.93635011,
          0.90382396,  0.89436773],
        [ 0.34970151,  0.04841519,  0.        , ...,  0.95224906,
          0.92348112,  0.91497659],
        ...,
        [-0.78535348, -0.93635011, -0.95224906, ...,  0.        ,
         -0.08336509, -0.10487629],
        [-0.73101276, -0.90382396, -0.92348112, ...,  0.08336509,
          0.        , -0.02160588],
        [-0.71609905, -0.89436773, -0.91497659, ...,  0.10487629,
          0.02160588,  0.        ]],

       ...,

       [[ 0.        , -0.00882324,  0.06843989, ...,  0.50690618,
          0.54079641,  0.81289332],
        [ 0.00882324,  0.        ,  0.07723978, ...,  0.51449209,
          0.54819706,  0.81800044],
        [-0.06843989, -0.07723978,  0.        , ...,  0.44672233,
          0.48195991,  0.77112702],
        ...,
        [-0.50690618, -0.51449209, -0.44672233, ...,  0.        ,
          0.03978126,  0.40548649],
        [-0.54079641, -0.54819706, -0.48195991, ..., -0.03978126,
          0.        ,  0.36880143],
        [-0.81289332, -0.81800044, -0.77112702, ..., -0.40548649,
         -0.36880143,  0.        ]],

       [[ 0.        ,  0.00453466,  0.02950226, ..., -0.01455303,
         -0.00801785, -0.03763615],
        [-0.00453466,  0.        ,  0.02496927, ..., -0.01908705,
         -0.01255228, -0.0421672 ],
        [-0.02950226, -0.02496927,  0.        , ..., -0.04404582,
         -0.03751567, -0.06710112],
        ...,
        [ 0.01455303,  0.01908705,  0.04404582, ...,  0.        ,
          0.00653556, -0.02308945],
        [ 0.00801785,  0.01255228,  0.03751567, ..., -0.00653556,
          0.        , -0.02962277],
        [ 0.03763615,  0.0421672 ,  0.06710112, ...,  0.02308945,
          0.02962277,  0.        ]],

       [[ 0.        , -0.00900107, -0.08081734, ...,  0.84478894,
          0.85145596,  0.85621221],
        [ 0.00900107,  0.        , -0.07184244, ...,  0.84957118,
          0.85614186,  0.8608277 ],
        [ 0.08081734,  0.07184244,  0.        , ...,  0.8852709 ,
          0.89105351,  0.89516368],
        ...,
        [-0.84478894, -0.84957118, -0.8852709 , ...,  0.        ,
          0.01258443,  0.0217204 ],
        [-0.85145596, -0.85614186, -0.89105351, ..., -0.01258443,
          0.        ,  0.00913722],
        [-0.85621221, -0.8608277 , -0.89516368, ..., -0.0217204 ,
         -0.00913722,  0.        ]]]), 'num': array([9.99640559e-01, 2.63643613e-02, 1.83637018e-05, 8.42663374e-04,
       8.42663374e-04, 8.21994273e-04, 4.26001314e-03, 9.53958537e-06,
       8.33123789e-04, 8.30500403e-04, 8.15316563e-04, 9.91569805e-07,
       8.62651227e-04, 7.98349578e-04])}
{'img': array([[[ 0.00000000e+00, -5.52257928e-02,  7.41348303e-02, ...,
          7.77806578e-01,  7.65686681e-01,  8.35173511e-01],
        [ 5.52257928e-02,  0.00000000e+00,  1.29095516e-01, ...,
          8.11329177e-01,  8.00040148e-01,  8.64272388e-01],
        [-7.41348303e-02, -1.29095516e-01,  0.00000000e+00, ...,
          7.29072214e-01,  7.15895145e-01,  7.92102143e-01],
        ...,
        [-7.77806578e-01, -8.11329177e-01, -7.29072214e-01, ...,
          0.00000000e+00, -1.90589444e-02,  9.71265012e-02],
        [-7.65686681e-01, -8.00040148e-01, -7.15895145e-01, ...,
          1.90589444e-02,  0.00000000e+00,  1.16077694e-01],
        [-8.35173511e-01, -8.64272388e-01, -7.92102143e-01, ...,
         -9.71265012e-02, -1.16077694e-01,  0.00000000e+00]],

       [[ 0.00000000e+00,  6.26777084e-01, -1.82525132e-01, ...,
         -3.89742570e-01, -3.21842459e-01, -3.90544858e-01],
        [-6.26777084e-01,  0.00000000e+00, -7.58471304e-01, ...,
         -8.80900834e-01, -8.44207503e-01, -8.81312905e-01],
        [ 1.82525132e-01,  7.58471304e-01,  0.00000000e+00, ...,
         -2.15103611e-01, -1.43622328e-01, -2.15954471e-01],
        ...,
        [ 3.89742570e-01,  8.80900834e-01,  2.15103611e-01, ...,
          0.00000000e+00,  7.26132337e-02, -8.71338193e-04],
        [ 3.21842459e-01,  8.44207503e-01,  1.43622328e-01, ...,
         -7.26132337e-02,  0.00000000e+00, -7.34822442e-02],
        [ 3.90544858e-01,  8.81312905e-01,  2.15954471e-01, ...,
          8.71338193e-04,  7.34822442e-02,  0.00000000e+00]],

       [[ 0.00000000e+00, -4.84151905e-02, -7.01711926e-02, ...,
          9.03823962e-01,  8.94367728e-01,  8.94367728e-01],
        [ 4.84151905e-02,  0.00000000e+00, -2.17930573e-02, ...,
          9.23481122e-01,  9.14976588e-01,  9.14976588e-01],
        [ 7.01711926e-02,  2.17930573e-02,  0.00000000e+00, ...,
          9.31622571e-01,  9.23552934e-01,  9.23552934e-01],
        ...,
        [-9.03823962e-01, -9.23481122e-01, -9.31622571e-01, ...,
          0.00000000e+00, -2.16058760e-02, -2.16058760e-02],
        [-8.94367728e-01, -9.14976588e-01, -9.23552934e-01, ...,
          2.16058760e-02,  0.00000000e+00,  0.00000000e+00],
        [-8.94367728e-01, -9.14976588e-01, -9.23552934e-01, ...,
          2.16058760e-02,  0.00000000e+00,  0.00000000e+00]],

       ...,

       [[ 0.00000000e+00,  7.72397805e-02,  1.44188811e-01, ...,
          5.48197056e-01,  8.18000442e-01,  8.53313578e-01],
        [-7.72397805e-02,  0.00000000e+00,  6.73254134e-02, ...,
          4.81959913e-01,  7.71127023e-01,  8.10491671e-01],
        [-1.44188811e-01, -6.73254134e-02,  0.00000000e+00, ...,
          4.21876306e-01,  7.26512556e-01,  7.69216851e-01],
        ...,
        [-5.48197056e-01, -4.81959913e-01, -4.21876306e-01, ...,
          0.00000000e+00,  3.68801428e-01,  4.27839249e-01],
        [-8.18000442e-01, -7.71127023e-01, -7.26512556e-01, ...,
         -3.68801428e-01,  0.00000000e+00,  6.43371362e-02],
        [-8.53313578e-01, -8.10491671e-01, -7.69216851e-01, ...,
         -4.27839249e-01, -6.43371362e-02,  0.00000000e+00]],

       [[ 0.00000000e+00,  2.49692725e-02,  2.75831108e-02, ...,
         -1.25522761e-02, -4.21672044e-02, -2.42978047e-02],
        [-2.49692725e-02,  0.00000000e+00,  2.61473891e-03, ...,
         -3.75156679e-02, -6.71011215e-02, -4.92521298e-02],
        [-2.75831108e-02, -2.61473891e-03,  0.00000000e+00, ...,
         -4.01284379e-02, -6.97097379e-02, -5.18635270e-02],
        ...,
        [ 1.25522761e-02,  3.75156679e-02,  4.01284379e-02, ...,
          0.00000000e+00, -2.96227706e-02, -1.17473202e-02],
        [ 4.21672044e-02,  6.71011215e-02,  6.97097379e-02, ...,
          2.96227706e-02,  0.00000000e+00,  1.78785617e-02],
        [ 2.42978047e-02,  4.92521298e-02,  5.18635270e-02, ...,
          1.17473202e-02, -1.78785617e-02,  0.00000000e+00]],

       [[ 0.00000000e+00, -7.18424404e-02, -1.27224937e-01, ...,
          8.56141863e-01,  8.60827698e-01,  8.63374817e-01],
        [ 7.18424404e-02,  0.00000000e+00, -5.56375463e-02, ...,
          8.91053511e-01,  8.95163682e-01,  8.97392895e-01],
        [ 1.27224937e-01,  5.56375463e-02,  0.00000000e+00, ...,
          9.14927084e-01,  9.18576847e-01,  9.20551948e-01],
        ...,
        [-8.56141863e-01, -8.91053511e-01, -9.14927084e-01, ...,
          0.00000000e+00,  9.13721996e-03,  1.41634433e-02],
        [-8.60827698e-01, -8.95163682e-01, -9.18576847e-01, ...,
         -9.13721996e-03,  0.00000000e+00,  5.02654859e-03],
        [-8.63374817e-01, -8.97392895e-01, -9.20551948e-01, ...,
         -1.41634433e-02, -5.02654859e-03,  0.00000000e+00]]]), 'num': array([9.99737355e-01, 2.20306753e-02, 1.83434649e-05, 8.42850586e-04,
       8.44431919e-04, 8.27037254e-04, 5.86162258e-03, 4.74399954e-06,
       8.31464987e-04, 8.26879121e-04, 8.12357211e-04, 9.86207791e-07,
       8.59684067e-04, 7.94074174e-04])}
{'img': array([[[ 0.        ,  0.12909552,  0.53067242, ...,  0.80004015,
          0.86427239,  0.8930358 ],
        [-0.12909552,  0.        ,  0.41681345, ...,  0.71589514,
          0.79210214,  0.82747189],
        [-0.53067242, -0.41681345,  0.        , ...,  0.35972059,
          0.46559639,  0.51812165],
        ...,
        [-0.80004015, -0.71589514, -0.35972059, ...,  0.        ,
          0.11607769,  0.17576711],
        [-0.86427239, -0.79210214, -0.46559639, ..., -0.11607769,
          0.        ,  0.06030837],
        [-0.8930358 , -0.82747189, -0.51812165, ..., -0.17576711,
         -0.06030837,  0.        ]],

       [[ 0.        , -0.7584713 , -0.01538049, ..., -0.8442075 ,
         -0.88131291, -0.76933688],
        [ 0.7584713 ,  0.        ,  0.74835803, ..., -0.14362233,
         -0.21595447, -0.01683748],
        [ 0.01538049, -0.74835803,  0.        , ..., -0.83586345,
         -0.87394087, -0.75942015],
        ...,
        [ 0.8442075 ,  0.14362233,  0.83586345, ...,  0.        ,
         -0.07348224,  0.12693905],
        [ 0.88131291,  0.21595447,  0.87394087, ...,  0.07348224,
          0.        ,  0.19948368],
        [ 0.76933688,  0.01683748,  0.75942015, ..., -0.12693905,
         -0.19948368,  0.        ]],

       [[ 0.        , -0.02179306,  0.0864353 , ...,  0.91497659,
          0.91497659,  0.93363396],
        [ 0.02179306,  0.        ,  0.10812626, ...,  0.92355293,
          0.92355293,  0.94121912],
        [-0.0864353 , -0.10812626,  0.        , ...,  0.87667502,
          0.87667502,  0.89917622],
        ...,
        [-0.91497659, -0.92355293, -0.87667502, ...,  0.        ,
          0.        ,  0.04895711],
        [-0.91497659, -0.92355293, -0.87667502, ...,  0.        ,
          0.        ,  0.04895711],
        [-0.93363396, -0.94121912, -0.89917622, ..., -0.04895711,
         -0.04895711,  0.        ]],

       ...,

       [[ 0.        ,  0.06732541,  0.09132469, ...,  0.77112702,
          0.81049167,  0.81049167],
        [-0.06732541,  0.        ,  0.02407341, ...,  0.72651256,
          0.76921685,  0.76921685],
        [-0.09132469, -0.02407341,  0.        , ...,  0.70975989,
          0.75361131,  0.75361131],
        ...,
        [-0.77112702, -0.72651256, -0.70975989, ...,  0.        ,
          0.06433714,  0.06433714],
        [-0.81049167, -0.76921685, -0.75361131, ..., -0.06433714,
          0.        ,  0.        ],
        [-0.81049167, -0.76921685, -0.75361131, ..., -0.06433714,
          0.        ,  0.        ]],

       [[ 0.        ,  0.00261474, -0.00574548, ..., -0.06710112,
         -0.04925213, -0.02212717],
        [-0.00261474,  0.        , -0.00836015, ..., -0.06970974,
         -0.05186353, -0.02474119],
        [ 0.00574548,  0.00836015,  0.        , ..., -0.06136749,
         -0.04351281, -0.01638273],
        ...,
        [ 0.06710112,  0.06970974,  0.06136749, ...,  0.        ,
          0.01787856,  0.04500739],
        [ 0.04925213,  0.05186353,  0.04351281, ..., -0.01787856,
          0.        ,  0.02713976],
        [ 0.02212717,  0.02474119,  0.01638273, ..., -0.04500739,
         -0.02713976,  0.        ]],

       [[ 0.        , -0.05563755, -0.05964306, ...,  0.89516368,
          0.89739289,  0.89802555],
        [ 0.05563755,  0.        , -0.00401218, ...,  0.91857685,
          0.92055195,  0.9211119 ],
        [ 0.05964306,  0.00401218,  0.        , ...,  0.92015524,
          0.92211178,  0.92266642],
        ...,
        [-0.89516368, -0.91857685, -0.92015524, ...,  0.        ,
          0.00502655,  0.00646246],
        [-0.89739289, -0.92055195, -0.92211178, ..., -0.00502655,
          0.        ,  0.00143593],
        [-0.89802555, -0.9211119 , -0.92266642, ..., -0.00646246,
         -0.00143593,  0.        ]]]), 'num': array([9.99903352e-01, 4.23412922e-03, 1.82691600e-05, 8.43073008e-04,
       8.64729929e-04, 8.18322241e-04, 1.30364147e-02, 1.85630754e-05,
       8.22034856e-04, 8.10278242e-04, 7.96471954e-04, 1.05130686e-06,
       8.45602321e-04, 7.74954162e-04])}
{'img': array([[[ 0.        ,  0.41681345,  0.36637449, ...,  0.79210214,
          0.82747189,  0.94598426],
        [-0.41681345,  0.        , -0.05479985, ...,  0.46559639,
          0.51812165,  0.72475602],
        [-0.36637449,  0.05479985,  0.        , ...,  0.51339449,
          0.5642138 ,  0.76142438],
        ...,
        [-0.79210214, -0.46559639, -0.51339449, ...,  0.        ,
          0.06030837,  0.32060851],
        [-0.82747189, -0.51812165, -0.5642138 , ..., -0.06030837,
          0.        ,  0.26290014],
        [-0.94598426, -0.72475602, -0.76142438, ..., -0.32060851,
         -0.26290014,  0.        ]],

       [[ 0.        ,  0.74835803,  0.02586408, ..., -0.21595447,
         -0.01683748,  0.5595174 ],
        [-0.74835803,  0.        , -0.73095216, ..., -0.87394087,
         -0.75942015, -0.24912796],
        [-0.02586408,  0.73095216,  0.        , ..., -0.241136  ,
         -0.04269226,  0.53789359],
        ...,
        [ 0.21595447,  0.87394087,  0.241136  , ...,  0.        ,
          0.19948368,  0.72530179],
        [ 0.01683748,  0.75942015,  0.04269226, ..., -0.19948368,
          0.        ,  0.5733933 ],
        [-0.5595174 ,  0.24912796, -0.53789359, ..., -0.72530179,
         -0.5733933 ,  0.        ]],

       [[ 0.        ,  0.10812626,  0.28264028, ...,  0.92355293,
          0.94121912,  0.98351525],
        [-0.10812626,  0.        ,  0.17726568, ...,  0.87667502,
          0.89917622,  0.95819711],
        [-0.28264028, -0.17726568,  0.        , ...,  0.77751163,
          0.80736689,  0.89230489],
        ...,
        [-0.92355293, -0.87667502, -0.77751163, ...,  0.        ,
          0.04895711,  0.21014789],
        [-0.94121912, -0.89917622, -0.80736689, ..., -0.04895711,
          0.        ,  0.16203201],
        [-0.98351525, -0.95819711, -0.89230489, ..., -0.21014789,
         -0.16203201,  0.        ]],

       ...,

       [[ 0.        ,  0.02407341, -0.07752225, ...,  0.76921685,
          0.76921685,  0.93912902],
        [-0.02407341,  0.        , -0.10150075, ...,  0.75361131,
          0.75361131,  0.93058608],
        [ 0.07752225,  0.10150075,  0.        , ...,  0.81643776,
          0.81643776,  0.96293673],
        ...,
        [-0.76921685, -0.75361131, -0.81643776, ...,  0.        ,
          0.        ,  0.33581626],
        [-0.76921685, -0.75361131, -0.81643776, ...,  0.        ,
          0.        ,  0.33581626],
        [-0.93912902, -0.93058608, -0.96293673, ..., -0.33581626,
         -0.33581626,  0.        ]],

       [[ 0.        , -0.00836015, -0.00443497, ..., -0.05186353,
         -0.02474119,  0.05092576],
        [ 0.00836015,  0.        ,  0.00392526, ..., -0.04351281,
         -0.01638273,  0.05927329],
        [ 0.00443497, -0.00392526,  0.        , ..., -0.04743402,
         -0.02030734,  0.05535448],
        ...,
        [ 0.05186353,  0.04351281,  0.04743402, ...,  0.        ,
          0.02713976,  0.10265345],
        [ 0.02474119,  0.01638273,  0.02030734, ..., -0.02713976,
          0.        ,  0.07561926],
        [-0.05092576, -0.05927329, -0.05535448, ..., -0.10265345,
         -0.07561926,  0.        ]],

       [[ 0.        , -0.00401218,  0.0088838 , ...,  0.92055195,
          0.9211119 ,  0.89567051],
        [ 0.00401218,  0.        ,  0.01289575, ...,  0.92211178,
          0.92266642,  0.89744759],
        [-0.0088838 , -0.01289575,  0.        , ...,  0.91704543,
          0.91761711,  0.89168437],
        ...,
        [-0.92055195, -0.92211178, -0.91704543, ...,  0.        ,
          0.00143593, -0.05951931],
        [-0.9211119 , -0.92266642, -0.91761711, ..., -0.00143593,
          0.        , -0.06095264],
        [-0.89567051, -0.89744759, -0.89168437, ...,  0.05951931,
          0.06095264,  0.        ]]]), 'num': array([9.99950263e-01, 8.38359676e-04, 1.78412840e-05, 8.43132408e-04,
       8.49154782e-04, 8.16031723e-04, 9.67074377e-03, 2.25839038e-05,
       8.10611586e-04, 7.92168065e-04, 7.77162315e-04, 1.01366697e-06,
       8.33072302e-04, 7.51263827e-04])}
{'img': array([[[ 0.00000000e+00, -5.47998549e-02, -2.29828163e-01, ...,
          5.18121651e-01,  7.24756022e-01,  9.66642059e-01],
        [ 5.47998549e-02,  0.00000000e+00, -1.76149884e-01, ...,
          5.64213796e-01,  7.61424380e-01,  9.79225489e-01],
        [ 2.29828163e-01,  1.76149884e-01,  0.00000000e+00, ...,
          7.00825791e-01,  8.63708080e-01,  9.99632370e-01],
        ...,
        [-5.18121651e-01, -5.64213796e-01, -7.00825791e-01, ...,
          0.00000000e+00,  2.62900136e-01,  6.94068599e-01],
        [-7.24756022e-01, -7.61424380e-01, -8.63708080e-01, ...,
         -2.62900136e-01,  0.00000000e+00,  4.80389243e-01],
        [-9.66642059e-01, -9.79225489e-01, -9.99632370e-01, ...,
         -6.94068599e-01, -4.80389243e-01,  0.00000000e+00]],

       [[ 0.00000000e+00, -7.30952160e-01, -8.19459294e-01, ...,
         -7.59420155e-01, -2.49127959e-01, -4.63872027e-01],
        [ 7.30952160e-01,  0.00000000e+00, -1.40286534e-01, ...,
         -4.26922627e-02,  5.37893590e-01,  3.30992554e-01],
        [ 8.19459294e-01,  1.40286534e-01,  0.00000000e+00, ...,
          9.78885536e-02,  6.50837668e-01,  4.60098405e-01],
        ...,
        [ 7.59420155e-01,  4.26922627e-02, -9.78885536e-02, ...,
          0.00000000e+00,  5.73393298e-01,  3.70976622e-01],
        [ 2.49127959e-01, -5.37893590e-01, -6.50837668e-01, ...,
         -5.73393298e-01,  0.00000000e+00, -2.28543398e-01],
        [ 4.63872027e-01, -3.30992554e-01, -4.60098405e-01, ...,
         -3.70976622e-01,  2.28543398e-01,  0.00000000e+00]],

       [[ 0.00000000e+00,  1.77265682e-01,  2.45357394e-01, ...,
          8.99176219e-01,  9.58197111e-01,  9.98845843e-01],
        [-1.77265682e-01,  0.00000000e+00,  6.96245295e-02, ...,
          8.07366889e-01,  8.92304889e-01,  9.74512898e-01],
        [-2.45357394e-01, -6.96245295e-02,  0.00000000e+00, ...,
          7.64325690e-01,  8.58708676e-01,  9.56529043e-01],
        ...,
        [-8.99176219e-01, -8.07366889e-01, -7.64325690e-01, ...,
          0.00000000e+00,  1.62032011e-01,  3.93893284e-01],
        [-9.58197111e-01, -8.92304889e-01, -8.58708676e-01, ...,
         -1.62032011e-01,  0.00000000e+00,  2.39755458e-01],
        [-9.98845843e-01, -9.74512898e-01, -9.56529043e-01, ...,
         -3.93893284e-01, -2.39755458e-01,  0.00000000e+00]],

       ...,

       [[ 0.00000000e+00, -1.01500747e-01, -1.64639870e-01, ...,
          7.53611311e-01,  9.30586077e-01,  9.12707471e-01],
        [ 1.01500747e-01,  0.00000000e+00, -6.36739394e-02, ...,
          8.16437760e-01,  9.62936729e-01,  9.49468345e-01],
        [ 1.64639870e-01,  6.36739394e-02,  0.00000000e+00, ...,
          8.51548471e-01,  9.78157300e-01,  9.67526523e-01],
        ...,
        [-7.53611311e-01, -8.16437760e-01, -8.51548471e-01, ...,
          0.00000000e+00,  3.35816263e-01,  2.92005331e-01],
        [-9.30586077e-01, -9.62936729e-01, -9.78157300e-01, ...,
         -3.35816263e-01,  0.00000000e+00, -4.61324242e-02],
        [-9.12707471e-01, -9.49468345e-01, -9.67526523e-01, ...,
