state_0,state_1,state_2,state_3,state_4,state_5,state_6,state_7,state_8,state_9,state_10,state_11,state_12,state_13,state_14,state_15,state_16,state_17,state_18,state_19,state_20,state_21,state_22,state_23,state_24,state_25,state_26,state_27,state_28,state_29,state_30,state_31,state_32,state_33,state_34,state_35,state_36,state_37,state_38,state_39,state_40,state_41,state_42,state_43,state_44,state_45,state_46,state_47,state_48,state_49,state_50,state_51,state_52,state_53,state_54,state_55,state_56,state_57,state_58,state_59,state_60,state_61,state_62,state_63,state_64,state_65,state_66,state_67,state_68,state_69,state_70,state_71,state_72,state_73,state_74,state_75,state_76,state_77,state_78,state_79,state_80,state_81,state_82,state_83,state_84,state_85,state_86,state_87,state_88,state_89,state_90,state_91,state_92,state_93,state_94,state_95,state_96,state_97,state_98,state_99,state_100,state_101,state_102,state_103,state_104,state_105,state_106,state_107,state_108,state_109,state_110,state_111,state_112,state_113,state_114,state_115,state_116,state_117,state_118,state_119,state_120,state_121,state_122,state_123,state_124,state_125,state_126,state_127,state_128,state_129,state_130,state_131,state_132,state_133,state_134,state_135,state_136,state_137,state_138,state_139,state_140,state_141,state_142,state_143,state_144,state_145,state_146,state_147,state_148,state_149,state_150,state_151,state_152,state_153,state_154,state_155,state_156,state_157,state_158,state_159,state_160,state_161,state_162,state_163,state_164,state_165,state_166,state_167,state_168,state_169,state_170,state_171,state_172,state_173,state_174,state_175,state_176,state_177,state_178,state_179,state_180,state_181,state_182,state_183,state_184,state_185,state_186,state_187,state_188,state_189,state_190,state_191,state_192,state_193,state_194,state_195,state_196,state_197,state_198,state_199,state_200,state_201,state_202,state_203,state_204,state_205,state_206,state_207,state_208,state_209,state_210,state_211,state_212,state_213,state_214,state_215,state_216,state_217,state_218,state_219,state_220,state_221,state_222,state_223,state_224,state_225,state_226,state_227,state_228,state_229,state_230,state_231,state_232,state_233,state_234,state_235,state_236,state_237,state_238,state_239,state_240,state_241,state_242,state_243,state_244,state_245,state_246,state_247,state_248,state_249,state_250,state_251,state_252,state_253,state_254,state_255,state_256,state_257,state_258,state_259,state_260,state_261,state_262,state_263,state_264,state_265,state_266,state_267,state_268,state_269,state_270,state_271,state_272,state_273,state_274,state_275,state_276,state_277,state_278,state_279,state_280,state_281,state_282,state_283,state_284,state_285,state_286,state_287
{'img': array([[[ 0.        ,  0.01658985,  0.11812689, ..., -0.84991173,
         -0.94937795, -0.93273444],
        [-0.01658985,  0.        ,  0.10163694, ..., -0.85853638,
         -0.94403583, -0.93858778],
        [-0.11812689, -0.10163694,  0.        , ..., -0.90620511,
         -0.90562297, -0.96879622],
        ...,
        [ 0.84991173,  0.85853638,  0.90620511, ...,  0.        ,
         -0.76723904, -0.18503353],
        [ 0.94937795,  0.94403583,  0.90562297, ...,  0.76723904,
          0.        ,  0.63531718],
        [ 0.93273444,  0.93858778,  0.96879622, ...,  0.18503353,
         -0.63531718,  0.        ]],

       [[ 0.        , -0.02246643,  0.41104188, ...,  0.70391303,
          0.51127472,  0.85243833],
        [ 0.02246643,  0.        ,  0.4314189 , ...,  0.71969295,
          0.49183763,  0.86396925],
        [-0.41104188, -0.4314189 ,  0.        , ...,  0.34974134,
          0.81934297,  0.5621927 ],
        ...,
        [-0.70391303, -0.71969295, -0.34974134, ...,  0.        ,
          0.96810642,  0.23744987],
        [-0.51127472, -0.49183763, -0.81934297, ..., -0.96810642,
          0.        , -0.99990891],
        [-0.85243833, -0.86396925, -0.5621927 , ..., -0.23744987,
          0.99990891,  0.        ]],

       [[ 0.        , -0.01593921, -0.00797818, ..., -0.85945152,
         -0.98359388, -0.96529475],
        [ 0.01593921,  0.        ,  0.00796154, ..., -0.85119394,
         -0.98059354, -0.96933485],
        [ 0.00797818, -0.00796154,  0.        , ..., -0.85534558,
         -0.98212333, -0.96734763],
        ...,
        [ 0.85945152,  0.85119394,  0.85534558, ...,  0.        ,
         -0.34778768, -0.71793216],
        [ 0.98359388,  0.98059354,  0.98212333, ...,  0.34778768,
          0.        , -0.43101449],
        [ 0.96529475,  0.96933485,  0.96734763, ...,  0.71793216,
          0.43101449,  0.        ]],

       ...,

       [[ 0.        ,  0.08770949,  0.22569996, ..., -0.99981972,
         -0.94565977, -0.99431616],
        [-0.08770949,  0.        ,  0.13938382, ..., -0.99763189,
         -0.91349586, -0.99982239],
        [-0.22569996, -0.13938382,  0.        , ..., -0.97830671,
         -0.84787067, -0.99268944],
        ...,
        [ 0.99981972,  0.99763189,  0.97830671, ...,  0.        ,
         -0.34305488,  0.08756896],
        [ 0.94565977,  0.91349586,  0.84787067, ...,  0.34305488,
          0.        ,  0.4239919 ],
        [ 0.99431616,  0.99982239,  0.99268944, ..., -0.08756896,
         -0.4239919 ,  0.        ]],

       [[ 0.        , -0.17379737,  0.045402  , ...,  0.55006024,
          0.17379737,  0.64990201],
        [ 0.17379737,  0.        ,  0.21832919, ...,  0.39654659,
          0.        ,  0.5079223 ],
        [-0.045402  , -0.21832919,  0.        , ...,  0.58740936,
          0.21832919,  0.68373817],
        ...,
        [-0.55006024, -0.39654659, -0.58740936, ...,  0.        ,
          0.39654659, -0.12469371],
        [-0.17379737, -0.        , -0.21832919, ..., -0.39654659,
          0.        , -0.5079223 ],
        [-0.64990201, -0.5079223 , -0.68373817, ...,  0.12469371,
          0.5079223 ,  0.        ]],

       [[ 0.        ,  0.0016812 , -0.00408208, ..., -0.84503025,
         -0.98573337, -0.93473567],
        [-0.0016812 ,  0.        , -0.00576327, ..., -0.84592803,
         -0.98601495, -0.93413694],
        [ 0.00408208,  0.00576327,  0.        , ..., -0.84284045,
         -0.98503809, -0.93617842],
        ...,
        [ 0.84503025,  0.84592803,  0.84284045, ...,  0.        ,
         -0.38485916, -0.80009673],
        [ 0.98573337,  0.98601495,  0.98503809, ...,  0.38485916,
          0.        , -0.50760368],
        [ 0.93473567,  0.93413694,  0.93617842, ...,  0.80009673,
          0.50760368,  0.        ]]]), 'num': array([ 9.99966923e-01,  6.11076944e-04,  2.21341273e-05,  8.23192625e-04,
        8.60569034e-04,  7.91285934e-04,  7.24876259e-03, -7.01947199e-05,
        9.07426289e-04,  1.42882720e-03,  1.78445006e-03,  3.57776688e-07,
        2.15421816e-03,  7.03436238e-04])}
{'img': array([[[ 0.        ,  0.10163694,  0.33966684, ..., -0.94403583,
         -0.93858778, -0.9850273 ],
        [-0.10163694,  0.        ,  0.24231369, ..., -0.90562297,
         -0.96879622, -0.99744844],
        [-0.33966684, -0.24231369,  0.        , ..., -0.77587225,
         -0.99998364, -0.98502134],
        ...,
        [ 0.94403583,  0.90562297,  0.77587225, ...,  0.        ,
          0.63531718,  0.4876546 ],
        [ 0.93858778,  0.96879622,  0.99998364, ..., -0.63531718,
          0.        , -0.17806328],
        [ 0.9850273 ,  0.99744844,  0.98502134, ..., -0.4876546 ,
          0.17806328,  0.        ]],

       [[ 0.        ,  0.4314189 ,  0.59527677, ...,  0.49183763,
          0.86396925,  0.6513592 ],
        [-0.4314189 ,  0.        ,  0.19037594, ...,  0.81934297,
          0.5621927 ,  0.2602773 ],
        [-0.59527677, -0.19037594,  0.        , ...,  0.91350144,
          0.39446881,  0.07170274],
        ...,
        [-0.49183763, -0.81934297, -0.91350144, ...,  0.        ,
         -0.99990891, -0.94032135],
        [-0.86396925, -0.5621927 , -0.39446881, ...,  0.99990891,
          0.        , -0.32756515],
        [-0.6513592 , -0.2602773 , -0.07170274, ...,  0.94032135,
          0.32756515,  0.        ]],

       [[ 0.        ,  0.00765571,  0.08061489, ..., -0.94270043,
         -0.98759435, -0.95933017],
        [-0.00765571,  0.        ,  0.07298173, ..., -0.94522706,
         -0.98876756, -0.95714096],
        [-0.08061489, -0.07298173,  0.        , ..., -0.96652862,
         -0.99703875, -0.93345138],
        ...,
        [ 0.94270043,  0.94522706,  0.96652862, ...,  0.        ,
         -0.1814722 , -0.58618281],
        [ 0.98759435,  0.98876756,  0.99703875, ...,  0.1814722 ,
          0.        , -0.42942494],
        [ 0.95933017,  0.95714096,  0.93345138, ...,  0.58618281,
          0.42942494,  0.        ]],

       ...,

       [[ 0.        ,  0.13938382,  0.46002824, ..., -0.91349586,
         -0.99982239, -0.99994891],
        [-0.13938382,  0.        ,  0.33177815, ..., -0.84787067,
         -0.99268944, -0.98877891],
        [-0.46002824, -0.33177815,  0.        , ..., -0.62393531,
         -0.89641647, -0.88320884],
        ...,
        [ 0.91349586,  0.84787067,  0.62393531, ...,  0.        ,
          0.4239919 ,  0.39759339],
        [ 0.99982239,  0.99268944,  0.89641647, ..., -0.4239919 ,
          0.        , -0.02895192],
        [ 0.99994891,  0.98877891,  0.88320884, ..., -0.39759339,
          0.02895192,  0.        ]],

       [[ 0.        ,  0.21832919,  0.65223853, ...,  0.        ,
          0.5079223 ,  0.61189182],
        [-0.21832919,  0.        ,  0.47100686, ...,  0.21832919,
          0.68373817,  0.76981565],
        [-0.65223853, -0.47100686,  0.        , ...,  0.65223853,
          0.94685226,  0.97970493],
        ...,
        [-0.        , -0.21832919, -0.65223853, ...,  0.        ,
         -0.5079223 , -0.61189182],
        [-0.5079223 , -0.68373817, -0.94685226, ...,  0.5079223 ,
          0.        , -0.12534857],
        [-0.61189182, -0.76981565, -0.97970493, ...,  0.61189182,
          0.12534857,  0.        ]],

       [[ 0.        , -0.00545887, -0.06476754, ..., -0.94239715,
         -0.99177139, -0.91509645],
        [ 0.00545887,  0.        , -0.05931917, ..., -0.94055714,
         -0.99105776, -0.91728402],
        [ 0.06476754,  0.05931917,  0.        , ..., -0.91875399,
         -0.9813974 , -0.93929163],
        ...,
        [ 0.94239715,  0.94055714,  0.91875399, ...,  0.        ,
         -0.21109649, -0.6861037 ],
        [ 0.99177139,  0.99105776,  0.9813974 , ...,  0.21109649,
          0.        , -0.51706902],
        [ 0.91509645,  0.91728402,  0.93929163, ...,  0.6861037 ,
          0.51706902,  0.        ]]]), 'num': array([7.07052667e-01, 7.07052667e-01, 0.00000000e+00, 1.29467076e-03,
       1.29467076e-03, 1.13462844e-03, 1.14021081e-02, 2.16176576e-04,
       1.15923196e-03, 1.81247935e-03, 2.32318158e-03, 6.38210806e-07,
       2.75094040e-03, 8.74018302e-04])}
{'img': array([[[ 0.        ,  0.24231369,  0.26538337, ..., -0.96879622,
         -0.99744844, -0.90330688],
        [-0.24231369,  0.        ,  0.02384936, ..., -0.99998364,
         -0.98502134, -0.98033784],
        [-0.26538337, -0.02384936,  0.        , ..., -0.99983561,
         -0.98062876, -0.98476511],
        ...,
        [ 0.96879622,  0.99998364,  0.99983561, ...,  0.        ,
         -0.17806328,  0.19171634],
        [ 0.99744844,  0.98502134,  0.98062876, ...,  0.17806328,
          0.        ,  0.3634128 ],
        [ 0.90330688,  0.98033784,  0.98476511, ..., -0.19171634,
         -0.3634128 ,  0.        ]],

       [[ 0.        ,  0.19037594, -0.45587269, ...,  0.5621927 ,
          0.2602773 ,  0.40447823],
        [-0.19037594,  0.        , -0.6169785 , ...,  0.39446881,
          0.07170274,  0.22297297],
        [ 0.45587269,  0.6169785 ,  0.        , ...,  0.87738637,
          0.67181905,  0.77692111],
        ...,
        [-0.5621927 , -0.39446881, -0.87738637, ...,  0.        ,
         -0.32756515, -0.17964597],
        [-0.2602773 , -0.07170274, -0.67181905, ...,  0.32756515,
          0.        ,  0.15250145],
        [-0.40447823, -0.22297297, -0.77692111, ...,  0.17964597,
         -0.15250145,  0.        ]],

       [[ 0.        ,  0.07196078,  0.14434252, ..., -0.9774939 ,
         -0.99942014, -0.95304305],
        [-0.07196078,  0.        ,  0.07276111, ..., -0.99014082,
         -0.99437886, -0.92878001],
        [-0.14434252, -0.07276111,  0.        , ..., -0.9977084 ,
         -0.98403917, -0.89935063],
        ...,
        [ 0.9774939 ,  0.99014082,  0.9977084 , ...,  0.        ,
         -0.24412474, -0.49707669],
        [ 0.99942014,  0.99437886,  0.98403917, ...,  0.24412474,
          0.        , -0.2702084 ],
        [ 0.95304305,  0.92878001,  0.89935063, ...,  0.49707669,
          0.2702084 ,  0.        ]],

       ...,

       [[ 0.        ,  0.33177815,  0.39802979, ..., -0.99268944,
         -0.98877891, -0.97483584],
        [-0.33177815,  0.        ,  0.07112021, ..., -0.89641647,
         -0.88320884, -0.99357994],
        [-0.39802979, -0.07112021,  0.        , ..., -0.86262514,
         -0.84761839, -0.98301796],
        ...,
        [ 0.99268944,  0.89641647,  0.86262514, ...,  0.        ,
         -0.02895192,  0.33895364],
        [ 0.98877891,  0.88320884,  0.84761839, ...,  0.02895192,
          0.        ,  0.36604961],
        [ 0.97483584,  0.99357994,  0.98301796, ..., -0.33895364,
         -0.36604961,  0.        ]],

       [[ 0.        ,  0.62642887,  0.81235948, ...,  0.51078134,
          0.61517713,  0.83158394],
        [-0.62642887,  0.        ,  0.26791045, ...,  0.9366907 ,
          0.97338699,  0.9961199 ],
        [-0.81235948, -0.26791045,  0.        , ...,  0.99625982,
          0.99920006,  0.9361277 ],
        ...,
        [-0.51078134, -0.9366907 , -0.99625982, ...,  0.        ,
         -0.12617998, -0.43123408],
        [-0.61517713, -0.97338699, -0.99920006, ...,  0.12617998,
          0.        , -0.31394275],
        [-0.83158394, -0.9961199 , -0.9361277 , ...,  0.43123408,
          0.31394275,  0.        ]],

       [[ 0.        , -0.05804214, -0.09557001, ..., -0.97744892,
         -0.99654267, -0.90933831],
        [ 0.05804214,  0.        , -0.03763243, ..., -0.9635442 ,
         -0.99968492, -0.93195415],
        [ 0.09557001,  0.03763243,  0.        , ..., -0.95279314,
         -0.9999214 , -0.94493862],
        ...,
        [ 0.97744892,  0.9635442 ,  0.95279314, ...,  0.        ,
         -0.29165077, -0.59870173],
        [ 0.99654267,  0.99968492,  0.9999214 , ...,  0.29165077,
          0.        , -0.33906897],
        [ 0.90933831,  0.93195415,  0.94493862, ...,  0.59870173,
          0.33906897,  0.        ]]]), 'num': array([9.99534434e-01, 2.46716500e-02, 1.60603424e-05, 1.83589978e-03,
       1.83892433e-03, 1.70584428e-03, 1.68552840e-02, 1.96595529e-04,
       1.50834139e-03, 2.23309836e-03, 2.92445930e-03, 9.03591867e-07,
       3.38104600e-03, 1.08515073e-03])}
{'img': array([[[ 0.00000000e+00,  2.38493586e-02, -7.52940495e-02, ...,
         -9.85021342e-01, -9.80337844e-01, -9.19744409e-01],
        [-2.38493586e-02,  0.00000000e+00, -9.90542923e-02, ...,
         -9.80628762e-01, -9.84765108e-01, -9.28844098e-01],
        [ 7.52940495e-02,  9.90542923e-02,  0.00000000e+00, ...,
         -9.95208374e-01, -9.62697527e-01, -8.87579345e-01],
        ...,
        [ 9.85021342e-01,  9.80628762e-01,  9.95208374e-01, ...,
          0.00000000e+00,  3.63412800e-01,  5.45232206e-01],
        [ 9.80337844e-01,  9.84765108e-01,  9.62697527e-01, ...,
         -3.63412800e-01,  0.00000000e+00,  2.03310188e-01],
        [ 9.19744409e-01,  9.28844098e-01,  8.87579345e-01, ...,
         -5.45232206e-01, -2.03310188e-01,  0.00000000e+00]],

       [[ 0.00000000e+00, -6.16978499e-01, -6.17230281e-01, ...,
          7.17027389e-02,  2.22972972e-01,  3.65143728e-01],
        [ 6.16978499e-01,  0.00000000e+00, -3.19973745e-04, ...,
          6.71819047e-01,  7.76921107e-01,  8.61737662e-01],
        [ 6.17230281e-01,  3.19973745e-04,  0.00000000e+00, ...,
          6.72056022e-01,  7.77122522e-01,  8.61899958e-01],
        ...,
        [-7.17027389e-02, -6.71819047e-01, -6.72056022e-01, ...,
          0.00000000e+00,  1.52501454e-01,  2.97452117e-01],
        [-2.22972972e-01, -7.76921107e-01, -7.77122522e-01, ...,
         -1.52501454e-01,  0.00000000e+00,  1.48374152e-01],
        [-3.65143728e-01, -8.61737662e-01, -8.61899958e-01, ...,
         -2.97452117e-01, -1.48374152e-01,  0.00000000e+00]],

       [[ 0.00000000e+00,  7.27611123e-02,  1.38875975e-01, ...,
         -9.94378861e-01, -9.28780014e-01, -9.95472999e-01],
        [-7.27611123e-02,  0.00000000e+00,  6.64518290e-02, ...,
         -9.84039174e-01, -8.99350630e-01, -9.85918832e-01],
        [-1.38875975e-01, -6.64518290e-02,  0.00000000e+00, ...,
         -9.70038853e-01, -8.68308126e-01, -9.72627212e-01],
        ...,
        [ 9.94378861e-01,  9.84039174e-01,  9.70038853e-01, ...,
          0.00000000e+00, -2.70208398e-01,  1.08906716e-02],
        [ 9.28780014e-01,  8.99350630e-01,  8.68308126e-01, ...,
          2.70208398e-01,  0.00000000e+00,  2.80677933e-01],
        [ 9.95472999e-01,  9.85918832e-01,  9.72627212e-01, ...,
         -1.08906716e-02, -2.80677933e-01,  0.00000000e+00]],

       ...,

       [[ 0.00000000e+00,  7.11202102e-02, -7.32243845e-02, ...,
         -8.83208840e-01, -9.93579937e-01, -9.99938561e-01],
        [-7.11202102e-02,  0.00000000e+00, -1.43968250e-01, ...,
         -8.47618387e-01, -9.83017956e-01, -9.98194828e-01],
        [ 7.32243845e-02,  1.43968250e-01,  0.00000000e+00, ...,
         -9.15178623e-01, -9.99196704e-01, -9.96442533e-01],
        ...,
        [ 8.83208840e-01,  8.47618387e-01,  9.15178623e-01, ...,
          0.00000000e+00,  3.66049608e-01,  4.78741358e-01],
        [ 9.93579937e-01,  9.83017956e-01,  9.99196704e-01, ...,
         -3.66049608e-01,  0.00000000e+00,  1.24139032e-01],
        [ 9.99938561e-01,  9.98194828e-01,  9.96442533e-01, ...,
         -4.78741358e-01, -1.24139032e-01,  0.00000000e+00]],

       [[ 0.00000000e+00,  6.26589715e-01,  7.43006442e-01, ...,
          6.47382724e-01,  8.65850949e-01,  9.78918544e-01],
        [-6.26589715e-01,  0.00000000e+00,  1.59694912e-01, ...,
          9.82102072e-01,  9.88284444e-01,  8.90901076e-01],
        [-7.43006442e-01, -1.59694912e-01,  0.00000000e+00, ...,
          9.99576635e-01,  9.51228057e-01,  8.06934610e-01],
        ...,
        [-6.47382724e-01, -9.82102072e-01, -9.99576635e-01, ...,
          0.00000000e+00, -3.36034457e-01, -6.13868941e-01],
        [-8.65850949e-01, -9.88284444e-01, -9.51228057e-01, ...,
          3.36034457e-01,  0.00000000e+00, -3.12903999e-01],
        [-9.78918544e-01, -8.90901076e-01, -8.06934610e-01, ...,
          6.13868941e-01,  3.12903999e-01,  0.00000000e+00]],

       [[ 0.00000000e+00, -3.73398725e-02, -3.15910076e-02, ...,
         -9.99726323e-01, -9.85042804e-01, -9.29329481e-01],
        [ 3.73398725e-02,  0.00000000e+00,  5.75225861e-03, ...,
         -9.98155610e-01, -9.90789885e-01, -9.42469195e-01],
        [ 3.15910076e-02, -5.75225861e-03,  0.00000000e+00, ...,
         -9.98488300e-01, -9.89994589e-01, -9.40530663e-01],
        ...,
        [ 9.99726323e-01,  9.98155610e-01,  9.98488300e-01, ...,
          0.00000000e+00, -1.95306741e-01, -3.90891224e-01],
        [ 9.85042804e-01,  9.90789885e-01,  9.89994589e-01, ...,
          1.95306741e-01,  0.00000000e+00, -2.03595995e-01],
        [ 9.29329481e-01,  9.42469195e-01,  9.40530663e-01, ...,
          3.90891224e-01,  2.03595995e-01,  0.00000000e+00]]]), 'num': array([ 9.99860573e-01,  1.02190127e-02,  1.66887278e-05,  1.83606969e-03,
        1.91657190e-03,  1.79891482e-03,  1.16157880e-02, -4.33473450e-05,
        1.66175143e-03,  2.23200124e-03,  2.97143470e-03,  9.36692259e-07,
        3.38537658e-03,  1.07862590e-03])}
{'img': array([[[ 0.00000000e+00, -9.90542923e-02, -7.98744686e-02, ...,
         -9.84765108e-01, -9.28844098e-01, -9.43545473e-01],
        [ 9.90542923e-02,  0.00000000e+00,  1.92561585e-02, ...,
         -9.62697527e-01, -8.87579345e-01, -9.06094102e-01],
        [ 7.98744686e-02, -1.92561585e-02,  0.00000000e+00, ...,
         -9.67729355e-01, -8.96285215e-01, -9.14072919e-01],
        ...,
        [ 9.84765108e-01,  9.62697527e-01,  9.67729355e-01, ...,
          0.00000000e+00,  2.03310188e-01,  1.62123585e-01],
        [ 9.28844098e-01,  8.87579345e-01,  8.96285215e-01, ...,
         -2.03310188e-01,  0.00000000e+00, -4.18829543e-02],
        [ 9.43545473e-01,  9.06094102e-01,  9.14072919e-01, ...,
         -1.62123585e-01,  4.18829543e-02,  0.00000000e+00]],

       [[ 0.00000000e+00, -3.19973745e-04,  4.98327235e-02, ...,
          7.76921107e-01,  8.61737662e-01,  6.38261430e-01],
        [ 3.19973745e-04,  0.00000000e+00,  5.01522972e-02, ...,
          7.77122522e-01,  8.61899958e-01,  6.38507719e-01],
        [-4.98327235e-02, -5.01522972e-02,  0.00000000e+00, ...,
          7.44581262e-01,  8.35384182e-01,  5.99106228e-01],
        ...,
        [-7.76921107e-01, -7.77122522e-01, -7.44581262e-01, ...,
          0.00000000e+00,  1.48374152e-01, -1.96241066e-01],
        [-8.61737662e-01, -8.61899958e-01, -8.35384182e-01, ...,
         -1.48374152e-01,  0.00000000e+00, -3.39558050e-01],
        [-6.38261430e-01, -6.38507719e-01, -5.99106228e-01, ...,
          1.96241066e-01,  3.39558050e-01,  0.00000000e+00]],

       [[ 0.00000000e+00,  6.64518290e-02,  1.35219532e-01, ...,
         -8.99350630e-01, -9.85918832e-01, -9.93933609e-01],
        [-6.64518290e-02,  0.00000000e+00,  6.90791340e-02, ...,
         -8.68308126e-01, -9.72627212e-01, -9.99045139e-01],
        [-1.35219532e-01, -6.90791340e-02,  0.00000000e+00, ...,
         -8.31968906e-01, -9.54251793e-01, -9.99676666e-01],
        ...,
        [ 8.99350630e-01,  8.68308126e-01,  8.31968906e-01, ...,
          0.00000000e+00,  2.80677933e-01,  5.33487880e-01],
        [ 9.85918832e-01,  9.72627212e-01,  9.54251793e-01, ...,
         -2.80677933e-01,  0.00000000e+00,  2.74643180e-01],
        [ 9.93933609e-01,  9.99045139e-01,  9.99676666e-01, ...,
         -5.33487880e-01, -2.74643180e-01,  0.00000000e+00]],

       ...,

       [[ 0.00000000e+00, -1.43968250e-01, -1.40272744e-01, ...,
         -9.83017956e-01, -9.98194828e-01, -9.98939510e-01],
        [ 1.43968250e-01,  0.00000000e+00,  3.73339605e-03, ...,
         -9.99196704e-01, -9.96442533e-01, -9.95161435e-01],
        [ 1.40272744e-01, -3.73339605e-03,  0.00000000e+00, ...,
         -9.99040127e-01, -9.96750221e-01, -9.95521318e-01],
        ...,
        [ 9.83017956e-01,  9.99196704e-01,  9.99040127e-01, ...,
          0.00000000e+00,  1.24139032e-01,  1.38054788e-01],
        [ 9.98194828e-01,  9.96442533e-01,  9.96750221e-01, ...,
         -1.24139032e-01,  0.00000000e+00,  1.40365608e-02],
        [ 9.98939510e-01,  9.95161435e-01,  9.95521318e-01, ...,
         -1.38054788e-01, -1.40365608e-02,  0.00000000e+00]],

       [[ 0.00000000e+00,  4.81790929e-01,  6.51800989e-01, ...,
          8.98811042e-01,  9.94411548e-01,  9.90762675e-01],
        [-4.81790929e-01,  0.00000000e+00,  2.05778762e-01, ...,
          9.98802163e-01,  9.22253260e-01,  8.02857321e-01],
        [-6.51800989e-01, -2.05778762e-01,  0.00000000e+00, ...,
          9.67357386e-01,  8.22964455e-01,  6.62995626e-01],
        ...,
        [-8.98811042e-01, -9.98802163e-01, -9.67357386e-01, ...,
          0.00000000e+00, -3.40996440e-01, -5.56172525e-01],
        [-9.94411548e-01, -9.22253260e-01, -8.22964455e-01, ...,
          3.40996440e-01,  0.00000000e+00, -2.39447255e-01],
        [-9.90762675e-01, -8.02857321e-01, -6.62995626e-01, ...,
          5.56172525e-01,  2.39447255e-01,  0.00000000e+00]],

       [[ 0.00000000e+00,  5.68743812e-03,  1.32184901e-02, ...,
         -9.99507918e-01, -9.94471387e-01, -9.38844662e-01],
        [-5.68743812e-03,  0.00000000e+00,  7.53133509e-03, ...,
         -9.99313351e-01, -9.93858077e-01, -9.36871059e-01],
        [-1.32184901e-02, -7.53133509e-03,  0.00000000e+00, ...,
         -9.99005961e-01, -9.92996456e-01, -9.34210969e-01],
        ...,
        [ 9.99507918e-01,  9.99313351e-01,  9.99005961e-01, ...,
          0.00000000e+00, -7.37621108e-02, -3.14722273e-01],
        [ 9.94471387e-01,  9.93858077e-01,  9.92996456e-01, ...,
          7.37621108e-02,  0.00000000e+00, -2.43851126e-01],
        [ 9.38844662e-01,  9.36871059e-01,  9.34210969e-01, ...,
          3.14722273e-01,  2.43851126e-01,  0.00000000e+00]]]), 'num': array([9.99919842e-01, 4.60973199e-03, 1.64242592e-05, 1.83636552e-03,
       1.91818378e-03, 1.73636541e-03, 1.00760103e-02, 3.93939797e-05,
       1.69666840e-03, 2.14235068e-03, 2.88659387e-03, 1.00949355e-06,
       3.25702171e-03, 1.02767965e-03])}
{'img': array([[[ 0.        ,  0.01925616,  0.07193379, ..., -0.88757934,
         -0.9060941 , -0.88893943],
        [-0.01925616,  0.        ,  0.05271418, ..., -0.89628522,
         -0.91407292, -0.8975944 ],
        [-0.07193379, -0.05271418,  0.        , ..., -0.91841664,
         -0.93418026, -0.91958401],
        ...,
        [ 0.88757934,  0.89628522,  0.91841664, ...,  0.        ,
         -0.04188295, -0.00296094],
        [ 0.9060941 ,  0.91407292,  0.93418026, ...,  0.04188295,
          0.        ,  0.03892443],
        [ 0.88893943,  0.8975944 ,  0.91958401, ...,  0.00296094,
         -0.03892443,  0.        ]],

       [[ 0.        ,  0.0501523 ,  0.09157883, ...,  0.86189996,
          0.63850772,  0.56927599],
        [-0.0501523 ,  0.        ,  0.04152204, ...,  0.83538418,
          0.59910623,  0.52732706],
        [-0.09157883, -0.04152204,  0.        , ...,  0.81184046,
          0.56534412,  0.49159258],
        ...,
        [-0.86189996, -0.83538418, -0.81184046, ...,  0.        ,
         -0.33955805, -0.41994049],
        [-0.63850772, -0.59910623, -0.56534412, ...,  0.33955805,
          0.        , -0.08682331],
        [-0.56927599, -0.52732706, -0.49159258, ...,  0.41994049,
          0.08682331,  0.        ]],

       [[ 0.        ,  0.06907913,  0.12617522, ..., -0.97262721,
         -0.99904514, -0.98672097],
        [-0.06907913,  0.        ,  0.05734676, ..., -0.95425179,
         -0.99967667, -0.99558402],
        [-0.12617522, -0.05734676,  0.        , ..., -0.93553448,
         -0.99657333, -0.99932902],
        ...,
        [ 0.97262721,  0.95425179,  0.93553448, ...,  0.        ,
          0.27464318,  0.38726389],
        [ 0.99904514,  0.99967667,  0.99657333, ..., -0.27464318,
          0.        ,  0.11915965],
        [ 0.98672097,  0.99558402,  0.99932902, ..., -0.38726389,
         -0.11915965,  0.        ]],

       ...,

       [[ 0.        ,  0.0037334 , -0.06531995, ..., -0.99644253,
         -0.99516143, -0.97857168],
        [-0.0037334 ,  0.        , -0.06904492, ..., -0.99675022,
         -0.99552132, -0.97933359],
        [ 0.06531995,  0.06904492,  0.        , ..., -0.98880966,
         -0.98661824, -0.96303201],
        ...,
        [ 0.99644253,  0.99675022,  0.98880966, ...,  0.        ,
          0.01403656,  0.12270481],
        [ 0.99516143,  0.99552132,  0.98661824, ..., -0.01403656,
          0.        ,  0.10876223],
        [ 0.97857168,  0.97933359,  0.96303201, ..., -0.12270481,
         -0.10876223,  0.        ]],

       [[ 0.        ,  0.48533133,  0.67366526, ...,  0.99891369,
          0.9775973 ,  0.91412472],
        [-0.48533133,  0.        ,  0.23032835, ...,  0.89599629,
          0.75258846,  0.60247758],
        [-0.67366526, -0.23032835,  0.        , ...,  0.76962566,
          0.58068441,  0.40244545],
        ...,
        [-0.99891369, -0.89599629, -0.76962566, ...,  0.        ,
         -0.25581005, -0.44758961],
        [-0.9775973 , -0.75258846, -0.58068441, ...,  0.25581005,
          0.        , -0.20394164],
        [-0.91412472, -0.60247758, -0.40244545, ...,  0.44758961,
          0.20394164,  0.        ]],

       [[ 0.        ,  0.00745795,  0.01827771, ..., -0.99956296,
         -0.99075506, -0.93362122],
        [-0.00745795,  0.        ,  0.01082049, ..., -0.99931469,
         -0.98971574, -0.93092335],
        [-0.01827771, -0.01082049,  0.        , ..., -0.99885566,
         -0.98810995, -0.92691705],
        ...,
        [ 0.99956296,  0.99931469,  0.99885566, ...,  0.        ,
         -0.10631517, -0.33050568],
        [ 0.99075506,  0.98971574,  0.98810995, ...,  0.10631517,
          0.        , -0.22829186],
        [ 0.93362122,  0.93092335,  0.92691705, ...,  0.33050568,
          0.22829186,  0.        ]]]), 'num': array([9.99948141e-01, 2.75506837e-03, 1.63474274e-05, 1.83645133e-03,
       1.85752536e-03, 1.71000714e-03, 7.73745115e-03, 1.20423038e-05,
       1.78105673e-03, 2.07842637e-03, 2.84808011e-03, 9.60940294e-07,
       3.14298871e-03, 1.01386404e-03])}
{'img': array([[[ 0.        ,  0.05271418,  0.11113118, ..., -0.91407292,
         -0.8975944 , -0.89232297],
        [-0.05271418,  0.        ,  0.05858901, ..., -0.93418026,
         -0.91958401, -0.91487737],
        [-0.11113118, -0.05858901,  0.        , ..., -0.95348015,
         -0.94102357, -0.93696003],
        ...,
        [ 0.91407292,  0.93418026,  0.95348015, ...,  0.        ,
          0.03892443,  0.05072879],
        [ 0.8975944 ,  0.91958401,  0.94102357, ..., -0.03892443,
          0.        ,  0.01181603],
        [ 0.89232297,  0.91487737,  0.93696003, ..., -0.05072879,
         -0.01181603,  0.        ]],

       [[ 0.        ,  0.04152204, -0.01401179, ...,  0.59910623,
          0.52732706,  0.38065063],
        [-0.04152204,  0.        , -0.05551767, ...,  0.56534412,
          0.49159258,  0.34192613],
        [ 0.01401179,  0.05551767,  0.        , ...,  0.61026623,
          0.53918059,  0.39357023],
        ...,
        [-0.59910623, -0.56534412, -0.61026623, ...,  0.        ,
         -0.08682331, -0.24922951],
        [-0.52732706, -0.49159258, -0.53918059, ...,  0.08682331,
          0.        , -0.1642048 ],
        [-0.38065063, -0.34192613, -0.39357023, ...,  0.24922951,
          0.1642048 ,  0.        ]],

       [[ 0.        ,  0.05734676,  0.06939529, ..., -0.99967667,
         -0.99558402, -0.97289459],
        [-0.05734676,  0.        ,  0.01207258, ..., -0.99657333,
         -0.99932902, -0.9845549 ],
        [-0.06939529, -0.01207258,  0.        , ..., -0.99550213,
         -0.99969837, -0.98659677],
        ...,
        [ 0.99967667,  0.99657333,  0.99550213, ...,  0.        ,
          0.11915965,  0.25591264],
        [ 0.99558402,  0.99932902,  0.99969837, ..., -0.11915965,
          0.        ,  0.13889767],
        [ 0.97289459,  0.9845549 ,  0.98659677, ..., -0.25591264,
         -0.13889767,  0.        ]],

       ...,

       [[ 0.        , -0.06904492, -0.03401858, ..., -0.99552132,
         -0.97933359, -0.98801225],
        [ 0.06904492,  0.        ,  0.03506756, ..., -0.98661824,
         -0.96303201, -0.97499556],
        [ 0.03401858, -0.03506756,  0.        , ..., -0.99172908,
         -0.97188644, -0.98218875],
        ...,
        [ 0.99552132,  0.98661824,  0.99172908, ...,  0.        ,
          0.10876223,  0.06028007],
        [ 0.97933359,  0.96303201,  0.97188644, ..., -0.10876223,
          0.        , -0.04864198],
        [ 0.98801225,  0.97499556,  0.98218875, ..., -0.06028007,
          0.04864198,  0.        ]],

       [[ 0.        ,  0.51757945,  0.72532501, ...,  0.95652685,
          0.86621916,  0.5345971 ],
        [-0.51757945,  0.        ,  0.26430846, ...,  0.6674889 ,
          0.48255161,  0.02001002],
        [-0.72532501, -0.26430846,  0.        , ...,  0.44694249,
          0.233892  , -0.24495712],
        ...,
        [-0.95652685, -0.6674889 , -0.44694249, ...,  0.        ,
         -0.2253144 , -0.6524554 ],
        [-0.86621916, -0.48255161, -0.233892  , ...,  0.2253144 ,
          0.        , -0.46492886],
        [-0.5345971 , -0.02001002,  0.24495712, ...,  0.6524554 ,
          0.46492886,  0.        ]],

       [[ 0.        ,  0.01079387,  0.01656717, ..., -0.9930111 ,
         -0.96640403, -0.93008054],
        [-0.01079387,  0.        ,  0.00577381, ..., -0.99167934,
         -0.9635734 , -0.92606116],
        [-0.01656717, -0.00577381,  0.        , ..., -0.99091954,
         -0.96201317, -0.92386684],
        ...,
        [ 0.9930111 ,  0.99167934,  0.99091954, ...,  0.        ,
         -0.1411754 , -0.25501921],
        [ 0.96640403,  0.9635734 ,  0.96201317, ...,  0.1411754 ,
          0.        , -0.11595751],
        [ 0.93008054,  0.92606116,  0.92386684, ...,  0.25501921,
          0.11595751,  0.        ]]]), 'num': array([ 9.99955586e-01,  2.77322386e-03,  1.64551545e-05,  1.83643161e-03,
        1.89400950e-03,  1.81824912e-03,  6.68997488e-03, -1.21216608e-05,
        1.83158294e-03,  2.04469689e-03,  2.84649424e-03,  1.03745744e-06,
        3.07248823e-03,  1.01690555e-03])}
{'img': array([[[ 0.        ,  0.05858901,  0.03411826, ..., -0.91958401,
         -0.91487737, -0.91958401],
        [-0.05858901,  0.        , -0.02449524, ..., -0.94102357,
         -0.93696003, -0.94102357],
        [-0.03411826,  0.02449524,  0.        , ..., -0.93245347,
         -0.92811936, -0.93245347],
        ...,
        [ 0.91958401,  0.94102357,  0.93245347, ...,  0.        ,
          0.01181603,  0.        ],
        [ 0.91487737,  0.93696003,  0.92811936, ..., -0.01181603,
          0.        , -0.01181603],
        [ 0.91958401,  0.94102357,  0.93245347, ...,  0.        ,
          0.01181603,  0.        ]],

       [[ 0.        , -0.05551767, -0.14136616, ...,  0.49159258,
          0.34192613,  0.25932081],
        [ 0.05551767,  0.        , -0.086188  , ...,  0.53918059,
          0.39357023,  0.31253934],
        [ 0.14136616,  0.086188  ,  0.        , ...,  0.60976093,
          0.47133787,  0.39324674],
        ...,
        [-0.49159258, -0.53918059, -0.60976093, ...,  0.        ,
         -0.1642048 , -0.24895268],
        [-0.34192613, -0.39357023, -0.47133787, ...,  0.1642048 ,
          0.        , -0.08653855],
        [-0.25932081, -0.31253934, -0.39324674, ...,  0.24895268,
          0.08653855,  0.        ]],

       [[ 0.        ,  0.01207258,  0.01358945, ..., -0.99932902,
         -0.9845549 , -0.97429458],
        [-0.01207258,  0.        ,  0.001517  , ..., -0.99969837,
         -0.98659677, -0.97694326],
        [-0.01358945, -0.001517  ,  0.        , ..., -0.99973448,
         -0.98684318, -0.97726601],
        ...,
        [ 0.99932902,  0.99969837,  0.99973448, ...,  0.        ,
          0.13889767,  0.18944144],
        [ 0.9845549 ,  0.98659677,  0.98684318, ..., -0.13889767,
          0.        ,  0.05122262],
        [ 0.97429458,  0.97694326,  0.97726601, ..., -0.18944144,
         -0.05122262,  0.        ]],

       ...,

       [[ 0.        ,  0.03506756, -0.06679831, ..., -0.96303201,
         -0.97499556, -0.95410329],
        [-0.03506756,  0.        , -0.10174647, ..., -0.97188644,
         -0.98218875, -0.96401842],
        [ 0.06679831,  0.10174647,  0.        , ..., -0.94288648,
         -0.9579737 , -0.93196769],
        ...,
        [ 0.96303201,  0.97188644,  0.94288648, ...,  0.        ,
         -0.04864198,  0.03138364],
        [ 0.97499556,  0.98218875,  0.9579737 , ...,  0.04864198,
          0.        ,  0.07996451],
        [ 0.95410329,  0.96401842,  0.93196769, ..., -0.03138364,
         -0.07996451,  0.        ]],

       [[ 0.        ,  0.19578138,  0.32431533, ...,  0.3825226 ,
          0.01343334, -0.7135466 ],
        [-0.19578138,  0.        ,  0.13283983, ...,  0.19422841,
         -0.18259034, -0.83690369],
        [-0.32431533, -0.13283983,  0.        , ...,  0.06219699,
         -0.31157881, -0.90219655],
        ...,
        [-0.3825226 , -0.19422841, -0.06219699, ...,  0.        ,
         -0.3700764 , -0.92727693],
        [-0.01343334,  0.18259034,  0.31157881, ...,  0.3700764 ,
          0.        , -0.72289371],
        [ 0.7135466 ,  0.83690369,  0.90219655, ...,  0.92727693,
          0.72289371,  0.        ]],

       [[ 0.        ,  0.00576667,  0.01874332, ..., -0.97001747,
         -0.95372505, -0.92562686],
        [-0.00576667,  0.        ,  0.01297735, ..., -0.96859984,
         -0.95197527, -0.92342914],
        [-0.01874332, -0.01297735,  0.        , ..., -0.96529179,
         -0.94792176, -0.91837108],
        ...,
        [ 0.97001747,  0.96859984,  0.96529179, ...,  0.        ,
         -0.05987623, -0.14213107],
        [ 0.95372505,  0.95197527,  0.94792176, ...,  0.05987623,
          0.        , -0.0826077 ],
        [ 0.92562686,  0.92342914,  0.91837108, ...,  0.14213107,
          0.0826077 ,  0.        ]]]), 'num': array([ 9.99940908e-01,  2.87244734e-03,  1.70439053e-05,  1.83622184e-03,
        1.96491431e-03,  1.83622184e-03,  8.51134337e-03, -6.59156559e-05,
        1.88330445e-03,  2.06292462e-03,  2.92532111e-03,  1.23788629e-06,
        3.06472658e-03,  1.06112265e-03])}
{'img': array([[[ 0.        , -0.02449524,  0.1197715 , ..., -0.93696003,
         -0.94102357, -0.96055116],
        [ 0.02449524,  0.        ,  0.14405447, ..., -0.92811936,
         -0.93245347, -0.95345073],
        [-0.1197715 , -0.14405447,  0.        , ..., -0.97206785,
         -0.97477321, -0.98694547],
        ...,
        [ 0.93696003,  0.92811936,  0.97206785, ...,  0.        ,
         -0.01181603, -0.07507997],
        [ 0.94102357,  0.93245347,  0.97477321, ...,  0.01181603,
          0.        , -0.06329205],
        [ 0.96055116,  0.95345073,  0.98694547, ...,  0.07507997,
          0.06329205,  0.        ]],

       [[ 0.        , -0.086188  ,  0.00102057, ...,  0.39357023,
          0.31253934,  0.4230571 ],
        [ 0.086188  ,  0.        ,  0.08720473, ...,  0.47133787,
          0.39324674,  0.49957807],
        [-0.00102057, -0.08720473,  0.        , ...,  0.39263182,
          0.31156973,  0.42213214],
        ...,
        [-0.39357023, -0.47133787, -0.39263182, ...,  0.        ,
         -0.08653855,  0.03229892],
        [-0.31253934, -0.39324674, -0.31156973, ...,  0.08653855,
          0.        ,  0.11867114],
        [-0.4230571 , -0.49957807, -0.42213214, ..., -0.03229892,
         -0.11867114,  0.        ]],

       [[ 0.        ,  0.001517  ,  0.0565748 , ..., -0.98659677,
         -0.97694326, -0.98050151],
        [-0.001517  ,  0.        ,  0.05506017, ..., -0.98684318,
         -0.97726601, -0.98079849],
        [-0.0565748 , -0.05506017,  0.        , ..., -0.99424832,
         -0.98745722, -0.99004871],
        ...,
        [ 0.98659677,  0.98684318,  0.99424832, ...,  0.        ,
          0.05122262,  0.03388213],
        [ 0.97694326,  0.97726601,  0.98745722, ..., -0.05122262,
          0.        , -0.01735556],
        [ 0.98050151,  0.98079849,  0.99004871, ..., -0.03388213,
          0.01735556,  0.        ]],

       ...,

       [[ 0.        , -0.10174647, -0.04222741, ..., -0.98218875,
         -0.96401842, -0.90576933],
        [ 0.10174647,  0.        ,  0.05964744, ..., -0.9579737 ,
         -0.93196769, -0.85795151],
        [ 0.04222741, -0.05964744,  0.        , ..., -0.97337826,
         -0.95193299, -0.88706665],
        ...,
        [ 0.98218875,  0.9579737 ,  0.97337826, ...,  0.        ,
          0.07996451,  0.2460319 ],
        [ 0.96401842,  0.93196769,  0.95193299, ..., -0.07996451,
          0.        ,  0.1677375 ],
        [ 0.90576933,  0.85795151,  0.88706665, ..., -0.2460319 ,
         -0.1677375 ,  0.        ]],

       [[ 0.        ,  0.10034001,  0.24620341, ..., -0.12873577,
         -0.42751504, -0.95469805],
        [-0.10034001,  0.        ,  0.14770951, ..., -0.22759114,
         -0.51606566, -0.97973869],
        [-0.24620341, -0.14770951,  0.        , ..., -0.36892778,
         -0.63692526, -0.998575  ],
        ...,
        [ 0.12873577,  0.22759114,  0.36892778, ...,  0.        ,
         -0.30757947, -0.90844523],
        [ 0.42751504,  0.51606566,  0.63692526, ...,  0.30757947,
          0.        , -0.73583656],
