state_0,state_1,state_2,state_3,state_4,state_5,state_6,state_7,state_8,state_9,state_10,state_11,state_12,state_13,state_14,state_15,state_16,state_17,state_18,state_19,state_20,state_21,state_22,state_23,state_24,state_25,state_26,state_27,state_28,state_29,state_30,state_31,state_32,state_33,state_34,state_35,state_36,state_37,state_38,state_39,state_40,state_41,state_42,state_43,state_44,state_45,state_46,state_47,state_48,state_49,state_50,state_51,state_52,state_53,state_54,state_55,state_56,state_57,state_58,state_59,state_60,state_61,state_62,state_63,state_64,state_65,state_66,state_67,state_68,state_69,state_70,state_71,state_72,state_73,state_74,state_75,state_76,state_77,state_78,state_79,state_80,state_81,state_82,state_83,state_84,state_85,state_86,state_87,state_88,state_89,state_90,state_91,state_92,state_93,state_94,state_95,state_96,state_97,state_98,state_99,state_100,state_101,state_102,state_103,state_104,state_105,state_106,state_107,state_108,state_109,state_110,state_111,state_112,state_113,state_114,state_115,state_116,state_117,state_118,state_119,state_120,state_121,state_122,state_123,state_124,state_125,state_126,state_127,state_128,state_129,state_130,state_131,state_132,state_133,state_134,state_135,state_136,state_137,state_138,state_139,state_140,state_141,state_142,state_143,state_144,state_145,state_146,state_147,state_148,state_149,state_150,state_151,state_152,state_153,state_154,state_155,state_156,state_157,state_158,state_159,state_160,state_161,state_162,state_163,state_164,state_165,state_166,state_167,state_168,state_169,state_170,state_171,state_172,state_173,state_174,state_175,state_176,state_177,state_178,state_179,state_180,state_181,state_182,state_183,state_184,state_185,state_186,state_187,state_188,state_189,state_190,state_191,state_192,state_193,state_194,state_195,state_196,state_197,state_198,state_199,state_200,state_201,state_202,state_203,state_204,state_205,state_206,state_207,state_208,state_209,state_210,state_211,state_212,state_213,state_214,state_215,state_216,state_217,state_218,state_219,state_220,state_221,state_222,state_223,state_224,state_225,state_226,state_227,state_228,state_229,state_230,state_231,state_232,state_233,state_234,state_235,state_236,state_237,state_238,state_239,state_240,state_241,state_242,state_243,state_244,state_245,state_246,state_247,state_248,state_249,state_250,state_251,state_252,state_253,state_254,state_255,state_256,state_257,state_258,state_259,state_260,state_261,state_262,state_263,state_264,state_265,state_266,state_267,state_268,state_269,state_270,state_271,state_272,state_273,state_274,state_275,state_276,state_277,state_278,state_279,state_280,state_281,state_282,state_283,state_284,state_285,state_286,state_287
{'img': array([[[ 0.        ,  0.        , -0.11474271, ...,  0.84836501,
          0.49942241, -0.33936912],
        [ 0.        ,  0.        , -0.11474271, ...,  0.84836501,
          0.49942241, -0.33936912],
        [ 0.11474271,  0.11474271,  0.        , ...,  0.9035079 ,
          0.59553218, -0.22919456],
        ...,
        [-0.84836501, -0.84836501, -0.9035079 , ...,  0.        ,
         -0.47058824, -0.97768333],
        [-0.49942241, -0.49942241, -0.59553218, ...,  0.47058824,
          0.        , -0.76379869],
        [ 0.33936912,  0.33936912,  0.22919456, ...,  0.97768333,
          0.76379869,  0.        ]],

       [[ 0.        , -0.02620467, -0.00851589, ...,  0.13497042,
          0.98303162,  0.49705433],
        [ 0.02620467,  0.        ,  0.01769075, ...,  0.10895918,
          0.98750093,  0.51962194],
        [ 0.00851589, -0.01769075,  0.        , ...,  0.12652756,
          0.9845581 ,  0.50442571],
        ...,
        [-0.13497042, -0.10895918, -0.12652756, ...,  0.        ,
         -0.99879497, -0.60962255],
        [-0.98303162, -0.98750093, -0.9845581 , ...,  0.99879497,
          0.        , -0.76181788],
        [-0.49705433, -0.51962194, -0.50442571, ...,  0.60962255,
          0.76181788,  0.        ]],

       [[ 0.        , -0.36292544, -0.47158954, ..., -0.93330259,
         -0.82290305, -0.803389  ],
        [ 0.36292544,  0.        , -0.11940145, ..., -0.73934509,
         -0.56058838, -0.53250687],
        [ 0.47158954,  0.11940145,  0.        , ..., -0.65365967,
         -0.45770226, -0.42763289],
        ...,
        [ 0.93330259,  0.73934509,  0.65365967, ...,  0.        ,
          0.23478856,  0.26724958],
        [ 0.82290305,  0.56058838,  0.45770226, ..., -0.23478856,
          0.        ,  0.03353034],
        [ 0.803389  ,  0.53250687,  0.42763289, ..., -0.26724958,
         -0.03353034,  0.        ]],

       ...,

       [[ 0.        , -0.06679799,  0.12166557, ...,  0.37606061,
          0.24589985, -0.16568301],
        [ 0.06679799,  0.        ,  0.18769559, ...,  0.43711538,
          0.31009761, -0.09943818],
        [-0.12166557, -0.18769559,  0.        , ...,  0.2605322 ,
          0.12614324, -0.28443621],
        ...,
        [-0.37606061, -0.43711538, -0.2605322 , ...,  0.        ,
         -0.13666418, -0.52438416],
        [-0.24589985, -0.31009761, -0.12614324, ...,  0.13666418,
          0.        , -0.40309704],
        [ 0.16568301,  0.09943818,  0.28443621, ...,  0.52438416,
          0.40309704,  0.        ]],

       [[ 0.        ,  0.14105367,  0.13657092, ..., -0.95127567,
         -0.78842802, -0.76743375],
        [-0.14105367,  0.        , -0.00452657, ..., -0.9852575 ,
         -0.8673112 , -0.85019441],
        [-0.13657092,  0.00452657,  0.        , ..., -0.98447301,
         -0.86504914, -0.8478026 ],
        ...,
        [ 0.95127567,  0.9852575 ,  0.98447301, ...,  0.        ,
          0.34205014,  0.37325788],
        [ 0.78842802,  0.8673112 ,  0.86504914, ..., -0.34205014,
          0.        ,  0.03341423],
        [ 0.76743375,  0.85019441,  0.8478026 , ..., -0.37325788,
         -0.03341423,  0.        ]],

       [[ 0.        ,  0.05744213,  0.15138398, ..., -0.9708209 ,
         -0.99208739, -0.94189052],
        [-0.05744213,  0.        ,  0.09435391, ..., -0.98299286,
         -0.99766111, -0.95963126],
        [-0.15138398, -0.09435391,  0.        , ..., -0.99593496,
         -0.99965976, -0.98188817],
        ...,
        [ 0.9708209 ,  0.98299286,  0.99593496, ...,  0.        ,
         -0.1160224 ,  0.10024743],
        [ 0.99208739,  0.99766111,  0.99965976, ...,  0.1160224 ,
          0.        ,  0.21500835],
        [ 0.94189052,  0.95963126,  0.98188817, ..., -0.10024743,
         -0.21500835,  0.        ]]]), 'num': array([9.99905733e-01, 3.79802659e-05, 2.36935495e-04, 3.74216022e-05,
       3.78206477e-05, 3.52046826e-05, 1.37279995e-02, 2.39427312e-06,
       3.61003181e-05, 3.44420623e-05, 3.41723371e-05, 6.15016394e-07,
       3.69249488e-05, 3.19591757e-05])}
{'img': array([[[ 0.        , -0.10364353, -0.21837579, ...,  0.4173875 ,
         -0.31191357,  0.89580642],
        [ 0.10364353,  0.        , -0.11605765, ...,  0.5093235 ,
         -0.21176096,  0.93704585],
        [ 0.21837579,  0.11605765,  0.        , ...,  0.60575807,
         -0.09690434,  0.97124181],
        ...,
        [-0.4173875 , -0.5093235 , -0.60575807, ...,  0.        ,
         -0.68000902,  0.62853936],
        [ 0.31191357,  0.21176096,  0.09690434, ...,  0.68000902,
          0.        ,  0.98974332],
        [-0.89580642, -0.93704585, -0.97124181, ..., -0.62853936,
         -0.98974332,  0.        ]],

       [[ 0.        ,  0.01769075,  0.02972263, ...,  0.98750093,
          0.51962194,  0.80041857],
        [-0.01769075,  0.        ,  0.01203505, ...,  0.9845581 ,
          0.50442571,  0.78968875],
        [-0.02972263, -0.01203505,  0.        , ...,  0.98237996,
          0.49399746,  0.78224796],
        ...,
        [-0.98750093, -0.9845581 , -0.98237996, ...,  0.        ,
         -0.76181788, -0.46579252],
        [-0.51962194, -0.50442571, -0.49399746, ...,  0.76181788,
          0.        ,  0.37239172],
        [-0.80041857, -0.78968875, -0.78224796, ...,  0.46579252,
         -0.37239172,  0.        ]],

       [[ 0.        , -0.12963213, -0.28562355, ..., -0.58136267,
         -0.55328692,  0.32683883],
        [ 0.12963213,  0.        , -0.15898161, ..., -0.47098275,
         -0.44063601,  0.44659376],
        [ 0.28562355,  0.15898161,  0.        , ..., -0.32474816,
         -0.29231626,  0.58316047],
        ...,
        [ 0.58136267,  0.47098275,  0.32474816, ...,  0.        ,
          0.03409084,  0.81536491],
        [ 0.55328692,  0.44063601,  0.29231626, ..., -0.03409084,
          0.        ,  0.79515417],
        [-0.32683883, -0.44659376, -0.58316047, ..., -0.81536491,
         -0.79515417,  0.        ]],

       ...,

       [[ 0.        ,  0.18769559, -0.02222576, ...,  0.31009761,
         -0.09943818,  0.29137715],
        [-0.18769559,  0.        , -0.20947997, ...,  0.12614324,
         -0.28443621,  0.10664742],
        [ 0.02222576,  0.20947997,  0.        , ...,  0.33115115,
         -0.07729801,  0.31256652],
        ...,
        [-0.31009761, -0.12614324, -0.33115115, ...,  0.        ,
         -0.40309704, -0.01962831],
        [ 0.09943818,  0.28443621,  0.07729801, ...,  0.40309704,
          0.        ,  0.38505639],
        [-0.29137715, -0.10664742, -0.31256652, ...,  0.01962831,
         -0.38505639,  0.        ]],

       [[ 0.        , -0.00452657,  0.00315558, ..., -0.8673112 ,
         -0.85019441, -0.56074318],
        [ 0.00452657,  0.        ,  0.00768209, ..., -0.86504914,
         -0.8478026 , -0.55698948],
        [-0.00315558, -0.00768209,  0.        , ..., -0.86887762,
         -0.85185149, -0.56335318],
        ...,
        [ 0.8673112 ,  0.86504914,  0.86887762, ...,  0.        ,
          0.03341423,  0.43900576],
        [ 0.85019441,  0.8478026 ,  0.85185149, ..., -0.03341423,
          0.        ,  0.40873846],
        [ 0.56074318,  0.55698948,  0.56335318, ..., -0.43900576,
         -0.40873846,  0.        ]],

       [[ 0.        ,  0.09435391,  0.12045107, ..., -0.99766111,
         -0.95963126, -0.95836854],
        [-0.09435391,  0.        ,  0.02624676, ..., -0.99965976,
         -0.98188817, -0.98103425],
        [-0.12045107, -0.02624676,  0.        , ..., -0.99863075,
         -0.98652265, -0.9857838 ],
        ...,
        [ 0.99766111,  0.99965976,  0.99863075, ...,  0.        ,
          0.21500835,  0.21935765],
        [ 0.95963126,  0.98188817,  0.98652265, ..., -0.21500835,
          0.        ,  0.00445564],
        [ 0.95836854,  0.98103425,  0.9857838 , ..., -0.21935765,
         -0.00445564,  0.        ]]]), 'num': array([9.83009714e-01, 1.78693078e-01, 1.86833133e-04, 1.19654364e-04,
       1.22989677e-04, 1.16180079e-04, 4.19588804e-02, 2.36251358e-06,
       1.15679782e-04, 1.08682573e-04, 1.07228006e-04, 1.96697963e-06,
       1.17855727e-04, 9.95094194e-05])}
