state_0,state_1,state_2,state_3,state_4,state_5,state_6,state_7,state_8,state_9,state_10,state_11,state_12,state_13,state_14,state_15,state_16,state_17,state_18,state_19,state_20,state_21,state_22,state_23,state_24,state_25,state_26,state_27,state_28,state_29,state_30,state_31,state_32,state_33,state_34,state_35,state_36,state_37,state_38,state_39,state_40,state_41,state_42,state_43,state_44,state_45,state_46,state_47,state_48,state_49,state_50,state_51,state_52,state_53,state_54,state_55,state_56,state_57,state_58,state_59,state_60,state_61,state_62,state_63,state_64,state_65,state_66,state_67,state_68,state_69,state_70,state_71,state_72,state_73,state_74,state_75,state_76,state_77,state_78,state_79,state_80,state_81,state_82,state_83,state_84,state_85,state_86,state_87,state_88,state_89,state_90,state_91,state_92,state_93,state_94,state_95,state_96,state_97,state_98,state_99,state_100,state_101,state_102,state_103,state_104,state_105,state_106,state_107,state_108,state_109,state_110,state_111,state_112,state_113,state_114,state_115,state_116,state_117,state_118,state_119,state_120,state_121,state_122,state_123,state_124,state_125,state_126,state_127,state_128,state_129,state_130,state_131,state_132,state_133,state_134,state_135,state_136,state_137,state_138,state_139,state_140,state_141,state_142,state_143,state_144,state_145,state_146,state_147,state_148,state_149,state_150,state_151,state_152,state_153,state_154,state_155,state_156,state_157,state_158,state_159,state_160,state_161,state_162,state_163,state_164,state_165,state_166,state_167,state_168,state_169,state_170,state_171,state_172,state_173,state_174,state_175,state_176,state_177,state_178,state_179,state_180,state_181,state_182,state_183,state_184,state_185,state_186,state_187,state_188,state_189,state_190,state_191,state_192,state_193,state_194,state_195,state_196,state_197,state_198,state_199,state_200,state_201,state_202,state_203,state_204,state_205,state_206,state_207,state_208,state_209,state_210,state_211,state_212,state_213,state_214,state_215,state_216,state_217,state_218,state_219,state_220,state_221,state_222,state_223,state_224,state_225,state_226,state_227,state_228,state_229,state_230,state_231,state_232,state_233,state_234,state_235,state_236,state_237,state_238,state_239,state_240,state_241,state_242,state_243,state_244,state_245,state_246,state_247,state_248,state_249,state_250,state_251,state_252,state_253,state_254,state_255,state_256,state_257,state_258,state_259,state_260,state_261,state_262,state_263,state_264,state_265,state_266,state_267,state_268,state_269,state_270,state_271,state_272,state_273,state_274,state_275,state_276,state_277,state_278,state_279,state_280,state_281,state_282,state_283,state_284,state_285,state_286,state_287
{'img': array([[[ 0.        ,  0.60579544,  0.39725575, ..., -0.99077462,
         -0.80869525, -0.63790656],
        [-0.60579544,  0.        , -0.23987849, ..., -0.70618316,
         -0.99976021, -0.97406291],
        [-0.39725575,  0.23987849,  0.        , ..., -0.85540565,
         -0.97582295, -0.89134404],
        ...,
        [ 0.99077462,  0.70618316,  0.85540565, ...,  0.        ,
          0.69239556,  0.84945825],
        [ 0.80869525,  0.99976021,  0.97582295, ..., -0.69239556,
          0.        ,  0.24755296],
        [ 0.63790656,  0.97406291,  0.89134404, ..., -0.84945825,
         -0.24755296,  0.        ]],

       [[ 0.        ,  0.4483626 , -0.03089155, ...,  0.60006244,
          0.89967681,  0.99378227],
        [-0.4483626 ,  0.        , -0.47576108, ...,  0.17769779,
          0.99991334,  0.93821513],
        [ 0.03089155,  0.47576108,  0.        , ...,  0.62448785,
          0.88576153,  0.98986849],
        ...,
        [-0.60006244, -0.17769779, -0.62448785, ...,  0.        ,
          0.98166051,  0.86179076],
        [-0.89967681, -0.99991334, -0.88576153, ..., -0.98166051,
          0.        , -0.33367136],
        [-0.99378227, -0.93821513, -0.98986849, ..., -0.86179076,
          0.33367136,  0.        ]],

       [[ 0.        ,  0.02558541,  0.0435777 , ..., -0.64521429,
         -0.87639616, -0.9855018 ],
        [-0.02558541,  0.        ,  0.01800233, ..., -0.62545578,
         -0.86378756, -0.98083823],
        [-0.0435777 , -0.01800233,  0.        , ..., -0.61130793,
         -0.854577  , -0.977172  ],
        ...,
        [ 0.64521429,  0.62545578,  0.61130793, ...,  0.        ,
          0.3588388 ,  0.64345472],
        [ 0.87639616,  0.86378756,  0.854577  , ..., -0.3588388 ,
          0.        ,  0.32591492],
        [ 0.9855018 ,  0.98083823,  0.977172  , ..., -0.64345472,
         -0.32591492,  0.        ]],

       ...,

       [[ 0.        ,  0.57009448,  0.51212264, ...,  0.24742729,
          0.81127707,  0.99997908],
        [-0.57009448,  0.        , -0.0689119 , ..., -0.34908712,
          0.33321581,  0.82524971],
        [-0.51212264,  0.0689119 ,  0.        , ..., -0.28368058,
          0.3973973 ,  0.86220713],
        ...,
        [-0.24742729,  0.34908712,  0.28368058, ...,  0.        ,
          0.64139029,  0.97048672],
        [-0.81127707, -0.33321581, -0.3973973 , ..., -0.64139029,
          0.        ,  0.58989755],
        [-0.99997908, -0.82524971, -0.86220713, ..., -0.97048672,
         -0.58989755,  0.        ]],

       [[ 0.        , -0.08511405, -0.11642455, ..., -0.93723224,
         -0.99991723, -0.95690041],
        [ 0.08511405,  0.        , -0.03146684, ..., -0.96351099,
         -0.99519366, -0.92870952],
        [ 0.11642455,  0.03146684,  0.        , ..., -0.97145654,
         -0.9916194 , -0.91658147],
        ...,
        [ 0.93723224,  0.96351099,  0.97145654, ...,  0.        ,
          0.36073546,  0.60586419],
        [ 0.99991723,  0.99519366,  0.9916194 , ..., -0.36073546,
          0.        ,  0.27808063],
        [ 0.95690041,  0.92870952,  0.91658147, ..., -0.60586419,
         -0.27808063,  0.        ]],

       [[ 0.        ,  0.07512081,  0.10118132, ..., -0.99971036,
         -0.9869036 , -0.94427223],
        [-0.07512081,  0.        ,  0.02616013, ..., -0.99507773,
         -0.97199723, -0.91687695],
        [-0.10118132, -0.02616013,  0.        , ..., -0.99214477,
         -0.96551715, -0.90612082],
        ...,
        [ 0.99971036,  0.99507773,  0.99214477, ...,  0.        ,
         -0.13751312, -0.30634492],
        [ 0.9869036 ,  0.97199723,  0.96551715, ...,  0.13751312,
          0.        , -0.17253305],
        [ 0.94427223,  0.91687695,  0.90612082, ...,  0.30634492,
          0.17253305,  0.        ]]]), 'num': array([ 9.99931288e-01,  4.53485261e-03,  1.04448734e-05,  1.31318791e-03,
        1.34625875e-03,  1.31043201e-03,  1.01768067e-02, -1.65354196e-05,
        1.28342415e-03,  1.25000883e-03,  1.30044186e-03,  8.90512962e-07,
        1.31092785e-03,  1.18908980e-03])}
{'img': array([[[ 0.        , -0.23987849, -0.5861273 , ..., -0.99976021,
         -0.97406291, -0.9986938 ],
        [ 0.23987849,  0.        , -0.37465998, ..., -0.97582295,
         -0.89134404, -0.95727829],
        [ 0.5861273 ,  0.37465998,  0.        , ..., -0.8228596 ,
         -0.65657691, -0.77921256],
        ...,
        [ 0.99976021,  0.97582295,  0.8228596 , ...,  0.        ,
          0.24755296,  0.07295185],
        [ 0.97406291,  0.89134404,  0.65657691, ..., -0.24755296,
          0.        , -0.17621217],
        [ 0.9986938 ,  0.95727829,  0.77921256, ..., -0.07295185,
          0.17621217,  0.        ]],

       [[ 0.        , -0.47576108, -0.14135818, ...,  0.99991334,
          0.93821513,  0.74922943],
        [ 0.47576108,  0.        ,  0.34664868, ...,  0.88576153,
          0.98986849,  0.97410472],
        [ 0.14135818, -0.34664868,  0.        , ...,  0.99173365,
          0.97771142,  0.83532907],
        ...,
        [-0.99991334, -0.88576153, -0.99173365, ...,  0.        ,
         -0.33367136, -0.65238986],
        [-0.93821513, -0.98986849, -0.97771142, ...,  0.33367136,
          0.        , -0.36211701],
        [-0.74922943, -0.97410472, -0.83532907, ...,  0.65238986,
          0.36211701,  0.        ]],

       [[ 0.        ,  0.01800233,  0.01800233, ..., -0.86378756,
         -0.98083823, -0.99989325],
        [-0.01800233,  0.        ,  0.        , ..., -0.854577  ,
         -0.977172  , -0.99999425],
        [-0.01800233,  0.        ,  0.        , ..., -0.854577  ,
         -0.977172  , -0.99999425],
        ...,
        [ 0.86378756,  0.854577  ,  0.854577  , ...,  0.        ,
          0.32591492,  0.51642332],
        [ 0.98083823,  0.977172  ,  0.977172  , ..., -0.32591492,
          0.        ,  0.2091343 ],
        [ 0.99989325,  0.99999425,  0.99999425, ..., -0.51642332,
         -0.2091343 ,  0.        ]],

       ...,

       [[ 0.        , -0.0689119 , -0.34908712, ...,  0.33321581,
          0.82524971,  0.17421644],
        [ 0.0689119 ,  0.        , -0.28368058, ...,  0.3973973 ,
          0.86220713,  0.24166034],
        [ 0.34908712,  0.28368058,  0.        , ...,  0.64139029,
          0.97048672,  0.5070052 ],
        ...,
        [-0.33321581, -0.3973973 , -0.64139029, ...,  0.        ,
          0.58989755, -0.16385999],
        [-0.82524971, -0.86220713, -0.97048672, ..., -0.58989755,
          0.        , -0.71423761],
        [-0.17421644, -0.24166034, -0.5070052 , ...,  0.16385999,
          0.71423761,  0.        ]],

       [[ 0.        , -0.03146684, -0.08602116, ..., -0.99519366,
         -0.92870952, -0.87390758],
        [ 0.03146684,  0.        , -0.05462836, ..., -0.9916194 ,
         -0.91658147, -0.85817904],
        [ 0.08602116,  0.05462836,  0.        , ..., -0.98308104,
         -0.89336975, -0.82885407],
        ...,
        [ 0.99519366,  0.9916194 ,  0.98308104, ...,  0.        ,
          0.27808063,  0.39817713],
        [ 0.92870952,  0.91658147,  0.89336975, ..., -0.27808063,
          0.        ,  0.12738639],
        [ 0.87390758,  0.85817904,  0.82885407, ..., -0.39817713,
         -0.12738639,  0.        ]],

       [[ 0.        ,  0.02616013,  0.0636913 , ..., -0.97199723,
         -0.91687695, -0.88939617],
        [-0.02616013,  0.        ,  0.03756249, ..., -0.96551715,
         -0.90612082, -0.87713302],
        [-0.0636913 , -0.03756249,  0.        , ..., -0.95505676,
         -0.88959171, -0.85847472],
        ...,
        [ 0.97199723,  0.96551715,  0.95505676, ...,  0.        ,
         -0.17253305, -0.23533485],
        [ 0.91687695,  0.90612082,  0.88959171, ...,  0.17253305,
          0.        , -0.06411836],
        [ 0.88939617,  0.87713302,  0.85847472, ...,  0.23533485,
          0.06411836,  0.        ]]]), 'num': array([7.07095548e-01, 7.07095548e-01, 0.00000000e+00, 1.14259940e-03,
       1.15336736e-03, 1.13183145e-03, 4.66253540e-03, 2.39287833e-06,
       1.12991715e-03, 1.08947751e-03, 1.12788320e-03, 7.73208986e-07,
       1.14654853e-03, 1.03240648e-03])}
{'img': array([[[ 0.        , -0.41821739, -0.07136388, ..., -0.91742723,
         -0.97353698, -0.96637464],
        [ 0.41821739,  0.        ,  0.35232792, ..., -0.66693204,
         -0.78873435, -0.77026382],
        [ 0.07136388, -0.35232792,  0.        , ..., -0.88669217,
         -0.95474605, -0.94556035],
        ...,
        [ 0.91742723,  0.66693204,  0.88669217, ...,  0.        ,
         -0.17771467, -0.14861837],
        [ 0.97353698,  0.78873435,  0.95474605, ...,  0.17771467,
          0.        ,  0.02948841],
        [ 0.96637464,  0.77026382,  0.94556035, ...,  0.14861837,
         -0.02948841,  0.        ]],

       [[ 0.        ,  0.34664868,  0.38681574, ...,  0.98986849,
          0.97410472,  0.69559951],
        [-0.34664868,  0.        ,  0.04316673, ...,  0.97771142,
          0.83532907,  0.40342616],
        [-0.38681574, -0.04316673,  0.        , ...,  0.96773708,
          0.81081952,  0.36355204],
        ...,
        [-0.98986849, -0.97771142, -0.96773708, ...,  0.        ,
         -0.36211701, -0.80991723],
        [-0.97410472, -0.83532907, -0.81081952, ...,  0.36211701,
          0.        , -0.54255266],
        [-0.69559951, -0.40342616, -0.36355204, ...,  0.80991723,
          0.54255266,  0.        ]],

       [[ 0.        ,  0.        ,  0.07113542, ..., -0.977172  ,
         -0.99999425, -0.97637791],
        [ 0.        ,  0.        ,  0.07113542, ..., -0.977172  ,
         -0.99999425, -0.97637791],
        [-0.07113542, -0.07113542,  0.        , ..., -0.9595838 ,
         -0.99721967, -0.98927464],
        ...,
        [ 0.977172  ,  0.977172  ,  0.9595838 , ...,  0.        ,
          0.2091343 ,  0.41856861],
        [ 0.99999425,  0.99999425,  0.99721967, ..., -0.2091343 ,
          0.        ,  0.2193801 ],
        [ 0.97637791,  0.97637791,  0.98927464, ..., -0.41856861,
         -0.2193801 ,  0.        ]],

       ...,

       [[ 0.        , -0.28368058,  0.14742643, ...,  0.86220713,
          0.24166034,  0.24166034],
        [ 0.28368058,  0.        ,  0.42195079, ...,  0.97048672,
          0.5070052 ,  0.5070052 ],
        [-0.14742643, -0.42195079,  0.        , ...,  0.77810608,
          0.09596288,  0.09596288],
        ...,
        [-0.86220713, -0.97048672, -0.77810608, ...,  0.        ,
         -0.71423761, -0.71423761],
        [-0.24166034, -0.5070052 , -0.09596288, ...,  0.71423761,
          0.        ,  0.        ],
        [-0.24166034, -0.5070052 , -0.09596288, ...,  0.71423761,
          0.        ,  0.        ]],

       [[ 0.        , -0.05462836, -0.07450802, ..., -0.91658147,
         -0.85817904, -0.79959295],
        [ 0.05462836,  0.        , -0.01992024, ..., -0.89336975,
         -0.82885407, -0.76559232],
        [ 0.07450802,  0.01992024,  0.        , ..., -0.88424187,
         -0.81754493, -0.75262519],
        ...,
        [ 0.91658147,  0.89336975,  0.88424187, ...,  0.        ,
          0.12738639,  0.23073035],
        [ 0.85817904,  0.82885407,  0.81754493, ..., -0.12738639,
          0.        ,  0.10490141],
        [ 0.79959295,  0.76559232,  0.75262519, ..., -0.23073035,
         -0.10490141,  0.        ]],

       [[ 0.        ,  0.03756249,  0.05870365, ..., -0.90612082,
         -0.87713302, -0.87664024],
        [-0.03756249,  0.        ,  0.02116451, ..., -0.88959171,
         -0.85847472, -0.85794853],
        [-0.05870365, -0.02116451,  0.        , ..., -0.87972542,
         -0.84742808, -0.84688339],
        ...,
        [ 0.90612082,  0.88959171,  0.87972542, ...,  0.        ,
         -0.06411836, -0.06514134],
        [ 0.87713302,  0.85847472,  0.84742808, ...,  0.06411836,
          0.        , -0.00102513],
        [ 0.87664024,  0.85794853,  0.84688339, ...,  0.06514134,
          0.00102513,  0.        ]]]), 'num': array([7.07098914e-01, 7.07098914e-01, 0.00000000e+00, 1.14739062e-03,
       1.15217640e-03, 1.13662262e-03, 3.48480120e-03, 4.78577945e-06,
       1.14380129e-03, 1.09319167e-03, 1.12675195e-03, 7.70313816e-07,
       1.15499636e-03, 1.03138699e-03])}
{'img': array([[[ 0.        ,  0.35232792,  0.56727357, ..., -0.78873435,
         -0.77026382, -0.73115321],
        [-0.35232792,  0.        ,  0.24074567, ..., -0.95474605,
         -0.94556035, -0.92463198],
        [-0.56727357, -0.24074567,  0.        , ..., -0.9982684 ,
         -0.99609966, -0.98912775],
        ...,
        [ 0.78873435,  0.95474605,  0.9982684 , ...,  0.        ,
          0.02948841,  0.08862019],
        [ 0.77026382,  0.94556035,  0.99609966, ..., -0.02948841,
          0.        ,  0.05920927],
        [ 0.73115321,  0.92463198,  0.98912775, ..., -0.08862019,
         -0.05920927,  0.        ]],

       [[ 0.        ,  0.04316673,  0.0451215 , ...,  0.83532907,
          0.40342616,  0.19855432],
        [-0.04316673,  0.        ,  0.00195667, ...,  0.81081952,
          0.36355204,  0.15606197],
        [-0.0451215 , -0.00195667,  0.        , ...,  0.80967274,
          0.36172855,  0.15412898],
        ...,
        [-0.83532907, -0.81081952, -0.80967274, ...,  0.        ,
         -0.54255266, -0.70954228],
        [-0.40342616, -0.36355204, -0.36172855, ...,  0.54255266,
          0.        , -0.21371427],
        [-0.19855432, -0.15606197, -0.15412898, ...,  0.70954228,
          0.21371427,  0.        ]],

       [[ 0.        ,  0.07113542,  0.35643911, ..., -0.99999425,
         -0.97637791, -0.91759714],
        [-0.07113542,  0.        ,  0.28907299, ..., -0.99721967,
         -0.98927464, -0.94354972],
        [-0.35643911, -0.28907299,  0.        , ..., -0.93310428,
         -0.98926374, -0.99901672],
        ...,
        [ 0.99999425,  0.99721967,  0.93310428, ...,  0.        ,
          0.2193801 ,  0.40062147],
        [ 0.97637791,  0.98927464,  0.98926374, ..., -0.2193801 ,
          0.        ,  0.1898565 ],
        [ 0.91759714,  0.94354972,  0.99901672, ..., -0.40062147,
         -0.1898565 ,  0.        ]],

       ...,

       [[ 0.        ,  0.42195079,  0.38549271, ...,  0.5070052 ,
          0.5070052 ,  0.49785299],
        [-0.42195079,  0.        , -0.03984368, ...,  0.09596288,
          0.09596288,  0.0854212 ],
        [-0.38549271,  0.03984368,  0.        , ...,  0.13554648,
          0.13554648,  0.12505141],
        ...,
        [-0.5070052 , -0.09596288, -0.13554648, ...,  0.        ,
          0.        , -0.01058516],
        [-0.5070052 , -0.09596288, -0.13554648, ...,  0.        ,
          0.        , -0.01058516],
        [-0.49785299, -0.0854212 , -0.12505141, ...,  0.01058516,
          0.01058516,  0.        ]],

       [[ 0.        , -0.01992024, -0.00418944, ..., -0.82885407,
         -0.76559232, -0.69599654],
        [ 0.01992024,  0.        ,  0.01573146, ..., -0.81754493,
         -0.75262519, -0.6815548 ],
        [ 0.00418944, -0.01573146,  0.        , ..., -0.82650295,
         -0.76289042, -0.69298222],
        ...,
        [ 0.82885407,  0.81754493,  0.82650295, ...,  0.        ,
          0.10490141,  0.20576903],
        [ 0.76559232,  0.75262519,  0.76289042, ..., -0.10490141,
          0.        ,  0.10197714],
        [ 0.69599654,  0.6815548 ,  0.69298222, ..., -0.20576903,
         -0.10197714,  0.        ]],

       [[ 0.        ,  0.02116451,  0.01096246, ..., -0.85847472,
         -0.85794853, -0.84650926],
        [-0.02116451,  0.        , -0.01020323, ..., -0.84742808,
         -0.84688339, -0.83505221],
        [-0.01096246,  0.01020323,  0.        , ..., -0.85280097,
         -0.85226516, -0.84062227],
        ...,
        [ 0.85847472,  0.84742808,  0.85280097, ...,  0.        ,
         -0.00102513, -0.02289236],
        [ 0.85794853,  0.84688339,  0.85226516, ...,  0.00102513,
          0.        , -0.02186749],
        [ 0.84650926,  0.83505221,  0.84062227, ...,  0.02289236,
          0.02186749,  0.        ]]]), 'num': array([ 7.07097540e-01,  7.07097540e-01,  0.00000000e+00,  1.13542397e-03,
        1.15456705e-03,  1.13422753e-03,  4.00512729e-03, -1.19644254e-05,
        1.14403835e-03,  1.09606101e-03,  1.12563308e-03,  7.44805289e-07,
        1.16007191e-03,  1.03205010e-03])}
{'img': array([[[ 0.00000000e+00,  2.40745670e-01, -2.44324755e-01, ...,
         -9.45560346e-01, -9.24631981e-01, -9.70588235e-01],
        [-2.40745670e-01,  0.00000000e+00, -4.70588235e-01, ...,
         -9.96099660e-01, -9.89127748e-01, -1.00000000e+00],
        [ 2.44324755e-01,  4.70588235e-01,  0.00000000e+00, ...,
         -8.37388973e-01, -8.03555626e-01, -8.82352941e-01],
        ...,
        [ 9.45560346e-01,  9.96099660e-01,  8.37388973e-01, ...,
          0.00000000e+00,  5.92092663e-02, -8.82352941e-02],
        [ 9.24631981e-01,  9.89127748e-01,  8.03555626e-01, ...,
         -5.92092663e-02,  0.00000000e+00, -1.47058824e-01],
        [ 9.70588235e-01,  1.00000000e+00,  8.82352941e-01, ...,
          8.82352941e-02,  1.47058824e-01,  0.00000000e+00]],

       [[ 0.00000000e+00,  1.95667339e-03,  1.35043950e-01, ...,
          3.63552036e-01,  1.56061975e-01,  2.55382351e-01],
        [-1.95667339e-03,  0.00000000e+00,  1.33104942e-01, ...,
          3.61728554e-01,  1.54128977e-01,  2.53490071e-01],
        [-1.35043950e-01, -1.33104942e-01,  0.00000000e+00, ...,
          2.34418339e-01,  2.12430935e-02,  1.22477037e-01],
        ...,
        [-3.63552036e-01, -3.61728554e-01, -2.34418339e-01, ...,
          0.00000000e+00, -2.13714268e-01, -1.13589170e-01],
        [-1.56061975e-01, -1.54128977e-01, -2.12430935e-02, ...,
          2.13714268e-01,  0.00000000e+00,  1.01366237e-01],
        [-2.55382351e-01, -2.53490071e-01, -1.22477037e-01, ...,
          1.13589170e-01, -1.01366237e-01,  0.00000000e+00]],

       [[ 0.00000000e+00,  2.89072986e-01,  4.95029645e-02, ...,
         -9.89274640e-01, -9.43549718e-01, -9.42455682e-01],
        [-2.89072986e-01,  0.00000000e+00, -2.41329039e-01, ...,
         -9.89263739e-01, -9.99016722e-01, -9.98865570e-01],
        [-4.95029645e-02,  2.41329039e-01,  0.00000000e+00, ...,
         -9.95292536e-01, -9.58789817e-01, -9.57850590e-01],
        ...,
        [ 9.89274640e-01,  9.89263739e-01,  9.95292536e-01, ...,
          0.00000000e+00,  1.89856501e-01,  1.93083225e-01],
        [ 9.43549718e-01,  9.99016722e-01,  9.58789817e-01, ...,
         -1.89856501e-01,  0.00000000e+00,  3.28754441e-03],
        [ 9.42455682e-01,  9.98865570e-01,  9.57850590e-01, ...,
         -1.93083225e-01, -3.28754441e-03,  0.00000000e+00]],

       ...,

       [[ 0.00000000e+00, -3.98436788e-02, -2.88764632e-01, ...,
          9.59628837e-02,  8.54211961e-02, -3.46210957e-03],
        [ 3.98436788e-02,  0.00000000e+00, -2.50388988e-01, ...,
          1.35546479e-01,  1.25051413e-01,  3.63840796e-02],
        [ 2.88764632e-01,  2.50388988e-01,  0.00000000e+00, ...,
          3.79306834e-01,  3.69491440e-01,  2.85448277e-01],
        ...,
        [-9.59628837e-02, -1.35546479e-01, -3.79306834e-01, ...,
          0.00000000e+00, -1.05851628e-02, -9.94084402e-02],
        [-8.54211961e-02, -1.25051413e-01, -3.69491440e-01, ...,
          1.05851628e-02,  0.00000000e+00, -8.88701394e-02],
        [ 3.46210957e-03, -3.63840796e-02, -2.85448277e-01, ...,
          9.94084402e-02,  8.88701394e-02,  0.00000000e+00]],

       [[ 0.00000000e+00,  1.57314566e-02,  9.30302862e-03, ...,
         -7.52625194e-01, -6.81554803e-01, -6.36586501e-01],
        [-1.57314566e-02,  0.00000000e+00, -6.42889843e-03, ...,
         -7.62890424e-01, -6.92982225e-01, -6.48639908e-01],
        [-9.30302862e-03,  6.42889843e-03,  0.00000000e+00, ...,
         -7.58718197e-01, -6.88332960e-01, -6.43733498e-01],
        ...,
        [ 7.52625194e-01,  7.62890424e-01,  7.58718197e-01, ...,
          0.00000000e+00,  1.01977138e-01,  1.61268688e-01],
        [ 6.81554803e-01,  6.92982225e-01,  6.88332960e-01, ...,
         -1.01977138e-01,  0.00000000e+00,  5.97856410e-02],
        [ 6.36586501e-01,  6.48639908e-01,  6.43733498e-01, ...,
         -1.61268688e-01, -5.97856410e-02,  0.00000000e+00]],

       [[ 0.00000000e+00, -1.02032337e-02, -9.45868426e-03, ...,
         -8.46883386e-01, -8.35052213e-01, -8.42827907e-01],
        [ 1.02032337e-02,  0.00000000e+00,  7.44585380e-04, ...,
         -8.52265163e-01, -8.40622265e-01, -8.48275243e-01],
        [ 9.45868426e-03, -7.44585380e-04,  0.00000000e+00, ...,
         -8.51875427e-01, -8.40218749e-01, -8.47880708e-01],
        ...,
        [ 8.46883386e-01,  8.52265163e-01,  8.51875427e-01, ...,
          0.00000000e+00, -2.18674889e-02, -7.58049506e-03],
        [ 8.35052213e-01,  8.40622265e-01,  8.40218749e-01, ...,
          2.18674889e-02,  0.00000000e+00,  1.42881782e-02],
        [ 8.42827907e-01,  8.48275243e-01,  8.47880708e-01, ...,
          7.58049506e-03, -1.42881782e-02,  0.00000000e+00]]]), 'num': array([ 9.33070797e-01,  3.59645173e-01,  6.05518083e-06,  1.49719484e-03,
        1.51142373e-03,  1.49087089e-03,  4.08283611e-03, -3.16197432e-06,
        1.50604837e-03,  1.45237386e-03,  1.48562729e-03,  1.03203329e-06,
        1.53819263e-03,  1.36655508e-03])}
{'img': array([[[ 0.00000000e+00, -4.70588235e-01, -4.97180632e-01, ...,
         -9.89127748e-01, -1.00000000e+00, -9.99567380e-01],
        [ 4.70588235e-01,  0.00000000e+00, -3.03842951e-02, ...,
         -8.03555626e-01, -8.82352941e-01, -8.95812049e-01],
        [ 4.97180632e-01,  3.03842951e-02,  0.00000000e+00, ...,
         -7.85098983e-01, -8.67647059e-01, -8.81894658e-01],
        ...,
        [ 9.89127748e-01,  8.03555626e-01,  7.85098983e-01, ...,
          0.00000000e+00, -1.47058824e-01, -1.76087196e-01],
        [ 1.00000000e+00,  8.82352941e-01,  8.67647059e-01, ...,
          1.47058824e-01,  0.00000000e+00, -2.94117647e-02],
        [ 9.99567380e-01,  8.95812049e-01,  8.81894658e-01, ...,
          1.76087196e-01,  2.94117647e-02,  0.00000000e+00]],

       [[ 0.00000000e+00,  1.33104942e-01, -4.56831584e-01, ...,
          1.54128977e-01,  2.53490071e-01,  6.69717826e-02],
        [-1.33104942e-01,  0.00000000e+00, -5.71170601e-01, ...,
          2.12430935e-02,  1.22477037e-01, -6.64302399e-02],
        [ 4.56831584e-01,  5.71170601e-01,  0.00000000e+00, ...,
          5.88478709e-01,  6.67403451e-01,  5.15380901e-01],
        ...,
        [-1.54128977e-01, -2.12430935e-02, -5.88478709e-01, ...,
          0.00000000e+00,  1.01366237e-01, -8.76114183e-02],
        [-2.53490071e-01, -1.22477037e-01, -6.67403451e-01, ...,
         -1.01366237e-01,  0.00000000e+00, -1.88136604e-01],
        [-6.69717826e-02,  6.64302399e-02, -5.15380901e-01, ...,
          8.76114183e-02,  1.88136604e-01,  0.00000000e+00]],

       [[ 0.00000000e+00, -2.41329039e-01, -3.29456452e-01, ...,
         -9.99016722e-01, -9.98865570e-01, -9.99933939e-01],
        [ 2.41329039e-01,  0.00000000e+00, -9.18629982e-02, ...,
         -9.58789817e-01, -9.57850590e-01, -9.73153138e-01],
        [ 3.29456452e-01,  9.18629982e-02,  0.00000000e+00, ...,
         -9.28635945e-01, -9.27411273e-01, -9.47895255e-01],
        ...,
        [ 9.99016722e-01,  9.58789817e-01,  9.28635945e-01, ...,
          0.00000000e+00,  3.28754441e-03, -5.58149974e-02],
        [ 9.98865570e-01,  9.57850590e-01,  9.27411273e-01, ...,
         -3.28754441e-03,  0.00000000e+00, -5.90971153e-02],
        [ 9.99933939e-01,  9.73153138e-01,  9.47895255e-01, ...,
          5.58149974e-02,  5.90971153e-02,  0.00000000e+00]],

       ...,

       [[ 0.00000000e+00, -2.50388988e-01, -2.71944266e-01, ...,
          1.25051413e-01,  3.63840796e-02,  1.64263899e-01],
        [ 2.50388988e-01,  0.00000000e+00, -2.23289882e-02, ...,
          3.69491440e-01,  2.85448277e-01,  4.06019136e-01],
        [ 2.71944266e-01,  2.23289882e-02,  0.00000000e+00, ...,
          3.90148175e-01,  3.06777079e-01,  4.26323577e-01],
        ...,
        [-1.25051413e-01, -3.69491440e-01, -3.90148175e-01, ...,
          0.00000000e+00, -8.88701394e-02,  3.96217027e-02],
        [-3.63840796e-02, -2.85448277e-01, -3.06777079e-01, ...,
          8.88701394e-02,  0.00000000e+00,  1.28265283e-01],
        [-1.64263899e-01, -4.06019136e-01, -4.26323577e-01, ...,
         -3.96217027e-02, -1.28265283e-01,  0.00000000e+00]],

       [[ 0.00000000e+00, -6.42889843e-03, -4.83593154e-03, ...,
         -6.92982225e-01, -6.48639908e-01, -6.12705640e-01],
        [ 6.42889843e-03,  0.00000000e+00,  1.59299165e-03, ...,
         -6.88332960e-01, -6.43733498e-01, -6.07612148e-01],
        [ 4.83593154e-03, -1.59299165e-03,  0.00000000e+00, ...,
         -6.89487634e-01, -6.44951718e-01, -6.08876585e-01],
        ...,
        [ 6.92982225e-01,  6.88332960e-01,  6.89487634e-01, ...,
          0.00000000e+00,  5.97856410e-02,  1.05938623e-01],
        [ 6.48639908e-01,  6.43733498e-01,  6.44951718e-01, ...,
         -5.97856410e-02,  0.00000000e+00,  4.62999171e-02],
        [ 6.12705640e-01,  6.07612148e-01,  6.08876585e-01, ...,
         -1.05938623e-01, -4.62999171e-02,  0.00000000e+00]],

       [[ 0.00000000e+00,  7.44585380e-04,  6.51271893e-03, ...,
         -8.40622265e-01, -8.48275243e-01, -8.70455863e-01],
        [-7.44585380e-04,  0.00000000e+00,  5.76814753e-03, ...,
         -8.40218749e-01, -8.47880708e-01, -8.70089103e-01],
        [-6.51271893e-03, -5.76814753e-03,  0.00000000e+00, ...,
         -8.37077007e-01, -8.44808406e-01, -8.67231540e-01],
        ...,
        [ 8.40622265e-01,  8.40218749e-01,  8.37077007e-01, ...,
          0.00000000e+00,  1.42881782e-02,  5.76645527e-02],
        [ 8.48275243e-01,  8.47880708e-01,  8.44808406e-01, ...,
         -1.42881782e-02,  0.00000000e+00,  4.33942634e-02],
        [ 8.70455863e-01,  8.70089103e-01,  8.67231540e-01, ...,
         -5.76645527e-02, -4.33942634e-02,  0.00000000e+00]]]), 'num': array([ 9.89074903e-01,  1.47245872e-01,  8.95562799e-06,  1.58536541e-03,
        1.59548476e-03,  1.57018638e-03,  5.44385809e-03, -1.18059126e-05,
        1.60223100e-03,  1.55357377e-03,  1.58266691e-03,  1.15720103e-06,
        1.64358784e-03,  1.46355970e-03])}
{'img': array([[[ 0.        , -0.03475462,  0.03764458, ..., -0.90417285,
         -0.91651984, -0.95332225],
        [ 0.03475462,  0.        ,  0.07235183, ..., -0.8887806 ,
         -0.90206467, -0.942252  ],
        [-0.03764458, -0.07235183,  0.        , ..., -0.91961248,
         -0.93092763, -0.96401349],
        ...,
        [ 0.90417285,  0.8887806 ,  0.91961248, ...,  0.        ,
         -0.02984742, -0.13420828],
        [ 0.91651984,  0.90206467,  0.93092763, ...,  0.02984742,
          0.        , -0.10457109],
        [ 0.95332225,  0.942252  ,  0.96401349, ...,  0.13420828,
          0.10457109,  0.        ]],

       [[ 0.        , -0.5711706 , -0.16830079, ...,  0.12247704,
         -0.06643024,  0.09590943],
        [ 0.5711706 ,  0.        ,  0.42487668, ...,  0.66740345,
          0.5153809 ,  0.64726301],
        [ 0.16830079, -0.42487668,  0.        , ...,  0.2877637 ,
          0.10244637,  0.26206628],
        ...,
        [-0.12247704, -0.66740345, -0.2877637 , ...,  0.        ,
         -0.1881366 , -0.02672507],
        [ 0.06643024, -0.5153809 , -0.10244637, ...,  0.1881366 ,
          0.        ,  0.16182157],
        [-0.09590943, -0.64726301, -0.26206628, ...,  0.02672507,
         -0.16182157,  0.        ]],

       [[ 0.        , -0.16302486, -0.0816496 , ..., -0.98976334,
         -0.9965352 , -0.99920031],
        [ 0.16302486,  0.        ,  0.08192325, ..., -0.9532556 ,
         -0.9696444 , -0.97931452],
        [ 0.0816496 , -0.08192325,  0.        , ..., -0.97480572,
         -0.9864169 , -0.99259937],
        ...,
        [ 0.98976334,  0.9532556 ,  0.97480572, ...,  0.        ,
         -0.05990324, -0.10302921],
        [ 0.9965352 ,  0.9696444 ,  0.9864169 , ...,  0.05990324,
          0.        , -0.04325973],
        [ 0.99920031,  0.97931452,  0.99259937, ...,  0.10302921,
          0.04325973,  0.        ]],

       ...,

       [[ 0.        , -0.02232899,  0.06090918, ...,  0.28544828,
          0.40601914,  0.551306  ],
        [ 0.02232899,  0.        ,  0.08318152, ...,  0.30677708,
          0.42632358,  0.56979769],
        [-0.06090918, -0.08318152,  0.        , ...,  0.22654329,
          0.34960254,  0.49946568],
        ...,
        [-0.28544828, -0.30677708, -0.22654329, ...,  0.        ,
          0.12826528,  0.29021804],
        [-0.40601914, -0.42632358, -0.34960254, ..., -0.12826528,
          0.        ,  0.16507599],
        [-0.551306  , -0.56979769, -0.49946568, ..., -0.29021804,
         -0.16507599,  0.        ]],

       [[ 0.        ,  0.00159299,  0.00522079, ..., -0.6437335 ,
         -0.60761215, -0.59003555],
        [-0.00159299,  0.        ,  0.00362781, ..., -0.64495172,
         -0.60887658, -0.59132095],
        [-0.00522079, -0.00362781,  0.        , ..., -0.64771993,
         -0.61175039, -0.59424266],
        ...,
        [ 0.6437335 ,  0.64495172,  0.64771993, ...,  0.        ,
          0.04629992,  0.06821123],
        [ 0.60761215,  0.60887658,  0.61175039, ..., -0.04629992,
          0.        ,  0.021946  ],
        [ 0.59003555,  0.59132095,  0.59424266, ..., -0.06821123,
         -0.021946  ,  0.        ]],

       [[ 0.        ,  0.00576815,  0.01358668, ..., -0.84788071,
         -0.8700891 , -0.90527076],
        [-0.00576815,  0.        ,  0.00781884, ..., -0.84480841,
         -0.86723154, -0.90280518],
        [-0.01358668, -0.00781884,  0.        , ..., -0.84059896,
         -0.86331199, -0.8994151 ],
        ...,
        [ 0.84788071,  0.84480841,  0.84059896, ...,  0.        ,
          0.04339426,  0.11975334],
        [ 0.8700891 ,  0.86723154,  0.86331199, ..., -0.04339426,
          0.        ,  0.07655856],
        [ 0.90527076,  0.90280518,  0.8994151 , ..., -0.11975334,
         -0.07655856,  0.        ]]]), 'num': array([9.89236312e-01, 1.46210803e-01, 8.89267415e-06, 1.58761866e-03,
       1.58929336e-03, 1.56919693e-03, 3.77335758e-03, 1.33976258e-05,
       1.58862348e-03, 1.54583482e-03, 1.56983890e-03, 1.17806710e-06,
       1.63684673e-03, 1.45482290e-03])}
{'img': array([[[ 0.00000000e+00,  7.23518325e-02,  1.13656489e-01, ...,
         -9.02064673e-01, -9.42252001e-01, -8.95522388e-01],
        [-7.23518325e-02,  0.00000000e+00,  4.14756149e-02, ...,
         -9.30927632e-01, -9.64013490e-01, -9.25373134e-01],
        [-1.13656489e-01, -4.14756149e-02,  0.00000000e+00, ...,
         -9.45273632e-01, -9.74210403e-01, -9.40298507e-01],
        ...,
        [ 9.02064673e-01,  9.30927632e-01,  9.45273632e-01, ...,
          0.00000000e+00, -1.04571090e-01,  1.49253731e-02],
        [ 9.42252001e-01,  9.64013490e-01,  9.74210403e-01, ...,
          1.04571090e-01,  0.00000000e+00,  1.19402985e-01],
        [ 8.95522388e-01,  9.25373134e-01,  9.40298507e-01, ...,
         -1.49253731e-02, -1.19402985e-01,  0.00000000e+00]],

       [[ 0.00000000e+00,  4.24876677e-01,  9.38269588e-01, ...,
          5.15380901e-01,  6.47263007e-01,  4.24807888e-01],
        [-4.24876677e-01,  0.00000000e+00,  7.02402797e-01, ...,
          1.02446367e-01,  2.62066277e-01, -7.59867185e-05],
        [-9.38269588e-01, -7.02402797e-01,  0.00000000e+00, ...,
         -6.25787883e-01, -4.91320283e-01, -7.02456881e-01],
        ...,
        [-5.15380901e-01, -1.02446367e-01,  6.25787883e-01, ...,
          0.00000000e+00,  1.61821569e-01, -1.02521954e-01],
        [-6.47263007e-01, -2.62066277e-01,  4.91320283e-01, ...,
         -1.61821569e-01,  0.00000000e+00, -2.62139607e-01],
        [-4.24807888e-01,  7.59867185e-05,  7.02456881e-01, ...,
          1.02521954e-01,  2.62139607e-01,  0.00000000e+00]],

       [[ 0.00000000e+00,  8.19232498e-02,  1.40967275e-02, ...,
         -9.69644405e-01, -9.79314525e-01, -9.83767942e-01],
        [-8.19232498e-02,  0.00000000e+00, -6.78657662e-02, ...,
         -9.86416904e-01, -9.92599369e-01, -9.95161892e-01],
        [-1.40967275e-02,  6.78657662e-02,  0.00000000e+00, ...,
         -9.72994980e-01, -9.82069603e-01, -9.86199784e-01],
        ...,
        [ 9.69644405e-01,  9.86416904e-01,  9.72994980e-01, ...,
          0.00000000e+00, -4.32597335e-02, -6.65521436e-02],
        [ 9.79314525e-01,  9.92599369e-01,  9.82069603e-01, ...,
          4.32597335e-02,  0.00000000e+00, -2.33260170e-02],
        [ 9.83767942e-01,  9.95161892e-01,  9.86199784e-01, ...,
          6.65521436e-02,  2.33260170e-02,  0.00000000e+00]],

       ...,

       [[ 0.00000000e+00,  8.31815227e-02, -1.37846173e-02, ...,
          4.26323577e-01,  5.69797691e-01,  6.52189761e-01],
        [-8.31815227e-02,  0.00000000e+00, -9.69104649e-02, ...,
          3.49602545e-01,  4.99465679e-01,  5.86873308e-01],
        [ 1.37846173e-02,  9.69104649e-02,  0.00000000e+00, ...,
          4.38752233e-01,  5.81071545e-01,  6.62577303e-01],
        ...,
        [-4.26323577e-01, -3.49602545e-01, -4.38752233e-01, ...,
          0.00000000e+00,  1.65075992e-01,  2.66774730e-01],
        [-5.69797691e-01, -4.99465679e-01, -5.81071545e-01, ...,
         -1.65075992e-01,  0.00000000e+00,  1.04021350e-01],
        [-6.52189761e-01, -5.86873308e-01, -6.62577303e-01, ...,
         -2.66774730e-01, -1.04021350e-01,  0.00000000e+00]],

       [[ 0.00000000e+00,  3.62780964e-03,  8.31876657e-03, ...,
         -6.08876585e-01, -5.91320951e-01, -5.59042551e-01],
        [-3.62780964e-03,  0.00000000e+00,  4.69102772e-03, ...,
         -6.11750393e-01, -5.94242657e-01, -5.62046831e-01],
        [-8.31876657e-03, -4.69102772e-03,  0.00000000e+00, ...,
         -6.15454503e-01, -5.98009046e-01, -5.65920621e-01],
        ...,
        [ 6.08876585e-01,  6.11750393e-01,  6.15454503e-01, ...,
          0.00000000e+00,  2.19459976e-02,  6.13744325e-02],
        [ 5.91320951e-01,  5.94242657e-01,  5.98009046e-01, ...,
         -2.19459976e-02,  0.00000000e+00,  3.94550256e-02],
        [ 5.59042551e-01,  5.62046831e-01,  5.65920621e-01, ...,
         -6.13744325e-02, -3.94550256e-02,  0.00000000e+00]],

       [[ 0.00000000e+00,  7.81883961e-03,  1.67003904e-02, ...,
         -8.67231540e-01, -9.02805184e-01, -9.11036377e-01],
        [-7.81883961e-03,  0.00000000e+00,  8.88213076e-03, ...,
         -8.63311991e-01, -8.99415097e-01, -9.07784618e-01],
        [-1.67003904e-02, -8.88213076e-03,  0.00000000e+00, ...,
         -8.58795386e-01, -8.95497278e-01, -9.04023318e-01],
        ...,
        [ 8.67231540e-01,  8.63311991e-01,  8.58795386e-01, ...,
          0.00000000e+00,  7.65585562e-02,  9.60275280e-02],
        [ 9.02805184e-01,  8.99415097e-01,  8.95497278e-01, ...,
         -7.65585562e-02,  0.00000000e+00,  1.95409410e-02],
        [ 9.11036377e-01,  9.07784618e-01,  9.04023318e-01, ...,
         -9.60275280e-02, -1.95409410e-02,  0.00000000e+00]]]), 'num': array([ 9.99552519e-01,  2.92801438e-02,  1.03330391e-05,  1.60375599e-03,
        1.62937510e-03,  1.60034011e-03,  4.12199449e-03, -1.53714632e-05,
        1.61332046e-03,  1.57882006e-03,  1.59903069e-03,  1.09963283e-06,
        1.67193900e-03,  1.48570113e-03])}
{'img': array([[[ 0.00000000e+00,  4.14756149e-02,  3.79057466e-01, ...,
         -9.64013490e-01, -9.25373134e-01, -9.67904530e-01],
        [-4.14756149e-02,  0.00000000e+00,  3.40350873e-01, ...,
         -9.74210403e-01, -9.40298507e-01, -9.77495239e-01],
        [-3.79057466e-01, -3.40350873e-01,  0.00000000e+00, ...,
         -9.92845873e-01, -1.00000000e+00, -9.90936876e-01],
        ...,
        [ 9.64013490e-01,  9.74210403e-01,  9.92845873e-01, ...,
          0.00000000e+00,  1.19402985e-01, -1.50465350e-02],
        [ 9.25373134e-01,  9.40298507e-01,  1.00000000e+00, ...,
         -1.19402985e-01,  0.00000000e+00, -1.34328358e-01],
        [ 9.67904530e-01,  9.77495239e-01,  9.90936876e-01, ...,
          1.50465350e-02,  1.34328358e-01,  0.00000000e+00]],

       [[ 0.00000000e+00,  7.40024279e-01,  2.87197990e-01, ...,
          2.93752396e-01, -9.26533609e-05,  6.22729169e-02],
        [-7.40024279e-01,  0.00000000e+00, -5.15684305e-01, ...,
         -5.09803519e-01, -7.40086592e-01, -6.96704480e-01],
        [-2.87197990e-01,  5.15684305e-01,  0.00000000e+00, ...,
          6.84971376e-03, -2.87286738e-01, -2.26991148e-01],
        ...,
        [-2.93752396e-01,  5.09803519e-01, -6.84971376e-03, ...,
          0.00000000e+00, -2.93840960e-01, -2.33656737e-01],
        [ 9.26533609e-05,  7.40086592e-01,  2.87286738e-01, ...,
          2.93840960e-01,  0.00000000e+00,  6.23653902e-02],
        [-6.22729169e-02,  6.96704480e-01,  2.26991148e-01, ...,
          2.33656737e-01, -6.23653902e-02,  0.00000000e+00]],

       [[ 0.00000000e+00, -6.78657662e-02, -9.52154340e-02, ...,
         -9.92599369e-01, -9.95161892e-01, -9.99503417e-01],
        [ 6.78657662e-02,  0.00000000e+00, -2.74384801e-02, ...,
         -9.82069603e-01, -9.86199784e-01, -9.95060530e-01],
        [ 9.52154340e-02,  2.74384801e-02,  0.00000000e+00, ...,
         -9.76527182e-01, -9.81285769e-01, -9.91962065e-01],
        ...,
        [ 9.92599369e-01,  9.82069603e-01,  9.76527182e-01, ...,
          0.00000000e+00, -2.33260170e-02, -9.00974110e-02],
        [ 9.95161892e-01,  9.86199784e-01,  9.81285769e-01, ...,
          2.33260170e-02,  0.00000000e+00, -6.68417474e-02],
