state_0,state_1,state_2,state_3,state_4,state_5,state_6,state_7,state_8,state_9,state_10,state_11,state_12,state_13,state_14,state_15,state_16,state_17,state_18,state_19,state_20,state_21,state_22,state_23,state_24,state_25,state_26,state_27,state_28,state_29,state_30,state_31,state_32,state_33,state_34,state_35,state_36,state_37,state_38,state_39,state_40,state_41,state_42,state_43,state_44,state_45,state_46,state_47,state_48,state_49,state_50,state_51,state_52,state_53,state_54,state_55,state_56,state_57,state_58,state_59,state_60,state_61,state_62,state_63,state_64,state_65,state_66,state_67,state_68,state_69,state_70,state_71,state_72,state_73,state_74,state_75,state_76,state_77,state_78,state_79,state_80,state_81,state_82,state_83,state_84,state_85,state_86,state_87,state_88,state_89,state_90,state_91,state_92,state_93,state_94,state_95,state_96,state_97,state_98,state_99,state_100,state_101,state_102,state_103,state_104,state_105,state_106,state_107,state_108,state_109,state_110,state_111,state_112,state_113,state_114,state_115,state_116,state_117,state_118,state_119,state_120,state_121,state_122,state_123,state_124,state_125,state_126,state_127,state_128,state_129,state_130,state_131,state_132,state_133,state_134,state_135,state_136,state_137,state_138,state_139,state_140,state_141,state_142,state_143,state_144,state_145,state_146,state_147,state_148,state_149,state_150,state_151,state_152,state_153,state_154,state_155,state_156,state_157,state_158,state_159,state_160,state_161,state_162,state_163,state_164,state_165,state_166,state_167,state_168,state_169,state_170,state_171,state_172,state_173,state_174,state_175,state_176,state_177,state_178,state_179,state_180,state_181,state_182,state_183,state_184,state_185,state_186,state_187,state_188,state_189,state_190,state_191,state_192,state_193,state_194,state_195,state_196,state_197,state_198,state_199,state_200,state_201,state_202,state_203,state_204,state_205,state_206,state_207,state_208,state_209,state_210,state_211,state_212,state_213,state_214,state_215,state_216,state_217,state_218,state_219,state_220,state_221,state_222,state_223,state_224,state_225,state_226,state_227,state_228,state_229,state_230,state_231,state_232,state_233,state_234,state_235,state_236,state_237,state_238,state_239,state_240,state_241,state_242,state_243,state_244,state_245,state_246,state_247,state_248,state_249,state_250,state_251,state_252,state_253,state_254,state_255,state_256,state_257,state_258,state_259,state_260,state_261,state_262,state_263,state_264,state_265,state_266,state_267,state_268,state_269,state_270,state_271,state_272,state_273,state_274,state_275,state_276,state_277,state_278,state_279,state_280,state_281,state_282,state_283,state_284,state_285,state_286,state_287
{'img': array([[[ 0.        , -0.56727357, -0.03547904, ...,  0.95580877,
          0.93433295,  0.9949512 ],
        [ 0.56727357,  0.        ,  0.5376984 , ...,  0.62036439,
          0.56727357,  0.76244008],
        [ 0.03547904, -0.5376984 ,  0.        , ...,  0.94477657,
          0.92109993,  0.99076413],
        ...,
        [-0.95580877, -0.62036439, -0.94477657, ...,  0.        ,
          0.06596787, -0.19657997],
        [-0.93433295, -0.56727357, -0.92109993, ..., -0.06596787,
          0.        , -0.26083246],
        [-0.9949512 , -0.76244008, -0.99076413, ...,  0.19657997,
          0.26083246,  0.        ]],

       [[ 0.        , -0.73562976, -0.67870159, ..., -0.72955348,
         -0.68428896, -0.77622568],
        [ 0.73562976,  0.        ,  0.08051542, ...,  0.00892694,
          0.072903  , -0.06202116],
        [ 0.67870159, -0.08051542,  0.        , ..., -0.07161426,
         -0.00763486, -0.14218022],
        ...,
        [ 0.72955348, -0.00892694,  0.07161426, ...,  0.        ,
          0.06399691, -0.07092844],
        [ 0.68428896, -0.072903  ,  0.00763486, ..., -0.06399691,
          0.        , -0.13461878],
        [ 0.77622568,  0.06202116,  0.14218022, ...,  0.07092844,
          0.13461878,  0.        ]],

       [[ 0.        ,  0.37664767,  0.56428305, ...,  0.08795973,
          0.23135996,  0.3951778 ],
        [-0.37664767,  0.        ,  0.21177401, ...,  0.45666988,
          0.58075038,  0.71206586],
        [-0.56428305, -0.21177401,  0.        , ...,  0.63471383,
          0.73997952,  0.84460447],
        ...,
        [-0.08795973, -0.45666988, -0.63471383, ...,  0.        ,
         -0.14488999, -0.31284588],
        [-0.23135996, -0.58075038, -0.73997952, ...,  0.14488999,
          0.        , -0.17192759],
        [-0.3951778 , -0.71206586, -0.84460447, ...,  0.31284588,
          0.17192759,  0.        ]],

       ...,

       [[ 0.        , -0.02885823,  0.23746421, ..., -0.17196549,
         -0.70264446, -0.70264446],
        [ 0.02885823,  0.        ,  0.26539809, ..., -0.14346554,
         -0.681818  , -0.681818  ],
        [-0.23746421, -0.26539809,  0.        , ..., -0.40097334,
         -0.85151177, -0.85151177],
        ...,
        [ 0.17196549,  0.14346554,  0.40097334, ...,  0.        ,
         -0.56981663, -0.56981663],
        [ 0.70264446,  0.681818  ,  0.85151177, ...,  0.56981663,
          0.        ,  0.        ],
        [ 0.70264446,  0.681818  ,  0.85151177, ...,  0.56981663,
          0.        ,  0.        ]],

       [[ 0.        ,  0.20694879,  0.39167697, ...,  0.54220806,
          0.55674917,  0.58968918],
        [-0.20694879,  0.        ,  0.1927837 , ...,  0.70435775,
          0.7166049 ,  0.74406156],
        [-0.39167697, -0.1927837 ,  0.        , ...,  0.82799148,
          0.83762495,  0.85890484],
        ...,
        [-0.54220806, -0.70435775, -0.82799148, ...,  0.        ,
         -0.01740354, -0.0575793 ],
        [-0.55674917, -0.7166049 , -0.83762495, ...,  0.01740354,
          0.        , -0.04019591],
        [-0.58968918, -0.74406156, -0.85890484, ...,  0.0575793 ,
          0.04019591,  0.        ]],

       [[ 0.        , -0.02363323, -0.08058924, ...,  0.81563502,
          0.71238179,  0.41635942],
        [ 0.02363323,  0.        , -0.05701038, ...,  0.80173381,
          0.6955972 ,  0.3947558 ],
        [ 0.08058924,  0.05701038,  0.        , ...,  0.76635582,
          0.6535078 ,  0.34173342],
        ...,
        [-0.81563502, -0.80173381, -0.76635582, ...,  0.        ,
          0.1602458 ,  0.50068371],
        [-0.71238179, -0.6955972 , -0.6535078 , ..., -0.1602458 ,
          0.        ,  0.35549983],
        [-0.41635942, -0.3947558 , -0.34173342, ..., -0.50068371,
         -0.35549983,  0.        ]]]), 'num': array([9.99970408e-01, 1.14026543e-04, 1.40232314e-05, 4.80561568e-05,
       4.81909566e-05, 4.72473575e-05, 7.69101180e-03, 5.39199515e-07,
       4.80157168e-05, 4.79415769e-05, 4.51725627e-05, 3.51977461e-08,
       4.92651579e-05, 4.66179958e-05])}
{'img': array([[[ 0.        ,  0.5376984 ,  0.47058824, ...,  0.56727357,
          0.76244008,  0.59473533],
        [-0.5376984 ,  0.        , -0.07766929, ...,  0.92109993,
          0.99076413,  0.93371085],
        [-0.47058824,  0.07766929,  0.        , ...,  0.88807876,
          0.97723952,  0.9030825 ],
        ...,
        [-0.56727357, -0.92109993, -0.88807876, ...,  0.        ,
         -0.26083246, -0.03373857],
        [-0.76244008, -0.99076413, -0.97723952, ...,  0.26083246,
          0.        ,  0.22811328],
        [-0.59473533, -0.93371085, -0.9030825 , ...,  0.03373857,
         -0.22811328,  0.        ]],

       [[ 0.        ,  0.08051542,  0.02541572, ...,  0.072903  ,
         -0.06202116,  0.05276214],
        [-0.08051542,  0.        , -0.05515621, ..., -0.00763486,
         -0.14218022, -0.02781243],
        [-0.02541572,  0.05515621,  0.        , ...,  0.04753136,
         -0.08736792,  0.02736477],
        ...,
        [-0.072903  ,  0.00763486, -0.04753136, ...,  0.        ,
         -0.13461878, -0.02017971],
        [ 0.06202116,  0.14218022,  0.08736792, ...,  0.13461878,
          0.        ,  0.11459533],
        [-0.05276214,  0.02781243, -0.02736477, ...,  0.02017971,
         -0.11459533,  0.        ]],

       [[ 0.        ,  0.4453185 ,  0.55629346, ...,  0.23567888,
          0.402334  ,  0.4201716 ],
        [-0.4453185 ,  0.        ,  0.12803631, ...,  0.64379464,
          0.76792464,  0.78031188],
        [-0.55629346, -0.12803631,  0.        , ...,  0.73646905,
          0.84361662,  0.85396221],
        ...,
        [-0.23567888, -0.64379464, -0.73646905, ...,  0.        ,
         -0.17523829, -0.19447024],
        [-0.402334  , -0.76792464, -0.84361662, ...,  0.17523829,
          0.        , -0.0195683 ],
        [-0.4201716 , -0.78031188, -0.85396221, ...,  0.19447024,
          0.0195683 ,  0.        ]],

       ...,

       [[ 0.        ,  0.26539809,  0.26539809, ..., -0.681818  ,
         -0.681818  , -0.25110992],
        [-0.26539809,  0.        ,  0.        , ..., -0.85151177,
         -0.85151177, -0.49899921],
        [-0.26539809,  0.        ,  0.        , ..., -0.85151177,
         -0.85151177, -0.49899921],
        ...,
        [ 0.681818  ,  0.85151177,  0.85151177, ...,  0.        ,
          0.        ,  0.47627919],
        [ 0.681818  ,  0.85151177,  0.85151177, ...,  0.        ,
          0.        ,  0.47627919],
        [ 0.25110992,  0.49899921,  0.49899921, ..., -0.47627919,
         -0.47627919,  0.        ]],

       [[ 0.        ,  0.33809044,  0.44061924, ...,  0.55950366,
          0.59256143,  0.63264411],
        [-0.33809044,  0.        ,  0.11117098, ...,  0.8067753 ,
          0.83000802,  0.85722165],
        [-0.44061924, -0.11117098,  0.        , ...,  0.86746064,
          0.88686882,  0.90915522],
        ...,
        [-0.55950366, -0.8067753 , -0.86746064, ...,  0.        ,
         -0.04043709, -0.09104957],
        [-0.59256143, -0.83000802, -0.88686882, ...,  0.04043709,
          0.        , -0.05070597],
        [-0.63264411, -0.85722165, -0.90915522, ...,  0.09104957,
          0.05070597,  0.        ]],

       [[ 0.        , -0.05570457, -0.08271719, ...,  0.81436774,
          0.73005397,  0.38637066],
        [ 0.05570457,  0.        , -0.02707507, ...,  0.78077516,
          0.69085249,  0.33439198],
        [ 0.08271719,  0.02707507,  0.        , ...,  0.7635721 ,
          0.67102406,  0.30875292],
        ...,
        [-0.81436774, -0.78077516, -0.7635721 , ...,  0.        ,
          0.13284412,  0.52689697],
        [-0.73005397, -0.69085249, -0.67102406, ..., -0.13284412,
          0.        ,  0.40931896],
        [-0.38637066, -0.33439198, -0.30875292, ..., -0.52689697,
         -0.40931896,  0.        ]]]), 'num': array([6.98919511e-01, 6.98919511e-01, 0.00000000e+00, 8.81032341e-04,
       8.88415294e-04, 8.81032341e-04, 1.51713326e-01, 3.69147629e-06,
       8.76110373e-04, 8.77156291e-04, 8.26644590e-04, 5.69102595e-07,
       8.96302606e-04, 8.58009976e-04])}
{'img': array([[[ 0.        , -0.09208763,  0.11420148, ...,  0.98015308,
          0.90797895,  0.85753612],
        [ 0.09208763,  0.        ,  0.20520138, ...,  0.95773267,
          0.86553469,  0.8065203 ],
        [-0.11420148, -0.20520138,  0.        , ...,  0.99638008,
          0.94989082,  0.91067373],
        ...,
        [-0.98015308, -0.95773267, -0.99638008, ...,  0.        ,
          0.23069993,  0.33421424],
        [-0.90797895, -0.86553469, -0.94989082, ..., -0.23069993,
          0.        ,  0.10776477],
        [-0.85753612, -0.8065203 , -0.91067373, ..., -0.33421424,
         -0.10776477,  0.        ]],

       [[ 0.        , -0.05515621,  0.45765348, ..., -0.14218022,
         -0.02781243,  0.09315678],
        [ 0.05515621,  0.        ,  0.50599789, ..., -0.08736792,
          0.02736477,  0.14793132],
        [-0.45765348, -0.50599789,  0.        , ..., -0.57942087,
         -0.48220533, -0.37283481],
        ...,
        [ 0.14218022,  0.08736792,  0.57942087, ...,  0.        ,
          0.11459533,  0.23377232],
        [ 0.02781243, -0.02736477,  0.48220533, ..., -0.11459533,
          0.        ,  0.12081223],
        [-0.09315678, -0.14793132,  0.37283481, ..., -0.23377232,
         -0.12081223,  0.        ]],

       [[ 0.        ,  0.36230538,  0.4483803 , ...,  0.41278603,
          0.43103448,  0.4483803 ],
        [-0.36230538,  0.        ,  0.09407301, ...,  0.71473901,
          0.72867075,  0.74176118],
        [-0.4483803 , -0.09407301,  0.        , ...,  0.7773632 ,
          0.78986655,  0.80156308],
        ...,
        [-0.41278603, -0.71473901, -0.7773632 , ...,  0.        ,
         -0.02012681, -0.03943148],
        [-0.43103448, -0.72867075, -0.78986655, ...,  0.02012681,
          0.        , -0.01931234],
        [-0.4483803 , -0.74176118, -0.80156308, ...,  0.03943148,
          0.01931234,  0.        ]],

       ...,

       [[ 0.        ,  0.        ,  0.26342279, ..., -0.85151177,
         -0.49899921, -0.78346993],
        [ 0.        ,  0.        ,  0.26342279, ..., -0.85151177,
         -0.49899921, -0.78346993],
        [-0.26342279, -0.26342279,  0.        , ..., -0.9595587 ,
         -0.70965762, -0.91949689],
        ...,
        [ 0.85151177,  0.85151177,  0.9595587 , ...,  0.        ,
          0.47627919,  0.11835362],
        [ 0.49899921,  0.49899921,  0.70965762, ..., -0.47627919,
          0.        , -0.36886403],
        [ 0.78346993,  0.78346993,  0.91949689, ..., -0.11835362,
          0.36886403,  0.        ]],

       [[ 0.        ,  0.29575678,  0.43972501, ...,  0.60049887,
          0.64092913,  0.69020057],
        [-0.29575678,  0.        ,  0.1544244 , ...,  0.81012921,
          0.83927898,  0.87333822],
        [-0.43972501, -0.1544244 ,  0.        , ...,  0.89094291,
          0.9131722 ,  0.93808452],
        ...,
        [-0.60049887, -0.81012921, -0.89094291, ...,  0.        ,
         -0.05156038, -0.11737019],
        [-0.64092913, -0.83927898, -0.9131722 , ...,  0.05156038,
          0.        , -0.06601007],
        [-0.69020057, -0.87333822, -0.93808452, ...,  0.11737019,
          0.06601007,  0.        ]],

       [[ 0.        , -0.02637978, -0.08292316, ...,  0.81076729,
          0.7038174 ,  0.32626121],
        [ 0.02637978,  0.        , -0.05660537, ...,  0.79504324,
          0.68483277,  0.3012114 ],
        [ 0.08292316,  0.05660537,  0.        , ...,  0.75943435,
          0.64248638,  0.24675197],
        ...,
        [-0.81076729, -0.79504324, -0.75943435, ...,  0.        ,
          0.16396102,  0.57541876],
        [-0.7038174 , -0.68483277, -0.64248638, ..., -0.16396102,
          0.        ,  0.43353452],
        [-0.32626121, -0.3012114 , -0.24675197, ..., -0.57541876,
         -0.43353452,  0.        ]]]), 'num': array([9.79138509e-01, 9.43391786e-02, 1.22209852e-05, 1.23575325e-03,
       1.23746010e-03, 1.22039168e-03, 1.79933542e-01, 1.36547321e-05,
       1.21936758e-03, 1.21979429e-03, 1.14935863e-03, 9.25396000e-07,
       1.23929341e-03, 1.20029516e-03])}
{'img': array([[[ 0.        ,  0.20412971,  0.43027538, ...,  0.87879546,
          0.82560683,  0.39005377],
        [-0.20412971,  0.        ,  0.23694802, ...,  0.95770183,
          0.92340207,  0.56980177],
        [-0.43027538, -0.23694802,  0.        , ...,  0.99861345,
          0.98805446,  0.7482948 ],
        ...,
        [-0.87879546, -0.95770183, -0.99861345, ...,  0.        ,
          0.10187822,  0.62305476],
        [-0.82560683, -0.92340207, -0.98805446, ..., -0.10187822,
          0.        ,  0.54012601],
        [-0.39005377, -0.56980177, -0.7482948 , ..., -0.62305476,
         -0.54012601,  0.        ]],

       [[ 0.        ,  0.50599789,  0.34979667, ...,  0.02736477,
          0.14793132, -0.10057849],
        [-0.50599789,  0.        , -0.17232002, ..., -0.48220533,
         -0.37283481, -0.59018447],
        [-0.34979667,  0.17232002,  0.        , ..., -0.32402965,
         -0.20736222, -0.4422474 ],
        ...,
        [-0.02736477,  0.48220533,  0.32402965, ...,  0.        ,
          0.12081223, -0.12776683],
        [-0.14793132,  0.37283481,  0.20736222, ..., -0.12081223,
          0.        , -0.24665307],
        [ 0.10057849,  0.59018447,  0.4422474 , ...,  0.12776683,
          0.24665307,  0.        ]],

       [[ 0.        ,  0.27848851,  0.40007245, ...,  0.43815159,
          0.45574596,  0.33319725],
        [-0.27848851,  0.        ,  0.12901528, ...,  0.67115175,
          0.68560183,  0.5825907 ],
        [-0.40007245, -0.12901528,  0.        , ...,  0.76118427,
          0.77379211,  0.68258095],
        ...,
        [-0.43815159, -0.67115175, -0.76118427, ...,  0.        ,
         -0.01966749,  0.11360298],
        [-0.45574596, -0.68560183, -0.77379211, ...,  0.01966749,
          0.        ,  0.13312117],
        [-0.33319725, -0.5825907 , -0.68258095, ..., -0.11360298,
         -0.13312117,  0.        ]],

       ...,

       [[ 0.        ,  0.26342279,  0.30657973, ..., -0.49899921,
         -0.78346993, -0.40424231],
        [-0.26342279,  0.        ,  0.04501382, ..., -0.70965762,
         -0.91949689, -0.63090482],
        [-0.30657973, -0.04501382,  0.        , ..., -0.74065263,
         -0.93625967, -0.66518975],
        ...,
        [ 0.49899921,  0.70965762,  0.74065263, ...,  0.        ,
         -0.36886403,  0.10609322],
        [ 0.78346993,  0.91949689,  0.93625967, ...,  0.36886403,
          0.        ,  0.46539411],
        [ 0.40424231,  0.63090482,  0.66518975, ..., -0.10609322,
         -0.46539411,  0.        ]],

       [[ 0.        ,  0.33683967,  0.51577307, ...,  0.64724421,
          0.69677017,  0.73715463],
        [-0.33683967,  0.        ,  0.19705328, ...,  0.86618762,
          0.89766555,  0.92168749],
        [-0.51577307, -0.19705328,  0.        , ...,  0.94767534,
          0.96690175,  0.98005927],
        ...,
        [-0.64724421, -0.86618762, -0.94767534, ...,  0.        ,
         -0.06687118, -0.12456173],
        [-0.69677017, -0.89766555, -0.96690175, ...,  0.06687118,
          0.        , -0.05793254],
        [-0.73715463, -0.92168749, -0.98005927, ...,  0.12456173,
          0.05793254,  0.        ]],

       [[ 0.        , -0.05515979, -0.16897384, ...,  0.8016725 ,
          0.67958632,  0.29382655],
        [ 0.05515979,  0.        , -0.11434996, ...,  0.76747947,
          0.6380867 ,  0.24065424],
        [ 0.16897384,  0.11434996,  0.        , ...,  0.68913848,
          0.54585577,  0.12808636],
        ...,
        [-0.8016725 , -0.76747947, -0.68913848, ...,  0.        ,
          0.18187148,  0.59064689],
        [-0.67958632, -0.6380867 , -0.54585577, ..., -0.18187148,
          0.        ,  0.43403868],
        [-0.29382655, -0.24065424, -0.12808636, ..., -0.59064689,
         -0.43403868,  0.        ]]]), 'num': array([9.86744679e-01, 9.10567523e-03, 1.34661020e-05, 1.24540000e-03,
       1.24540000e-03, 1.23510744e-03, 1.61987720e-01, 3.43085401e-06,
       1.22961808e-03, 1.22790265e-03, 1.15797041e-03, 1.03365473e-06,
       1.24699251e-03, 1.20881279e-03])}
{'img': array([[[ 0.        ,  0.23435381, -0.0352909 , ...,  0.94378286,
          0.77059079,  0.56477824],
        [-0.23435381,  0.        , -0.26851592, ...,  0.99496922,
          0.89849166,  0.74244871],
        [ 0.0352909 ,  0.26851592,  0.        , ...,  0.93152899,
          0.74761881,  0.53530286],
        ...,
        [-0.94378286, -0.99496922, -0.93152899, ...,  0.        ,
          0.34677021,  0.59215342],
        [-0.77059079, -0.89849166, -0.74761881, ..., -0.34677021,
          0.        ,  0.27597418],
        [-0.56477824, -0.74244871, -0.53530286, ..., -0.59215342,
         -0.27597418,  0.        ]],

       [[ 0.        , -0.17232002, -0.41478289, ..., -0.37283481,
         -0.59018447, -0.73674586],
        [ 0.17232002,  0.        , -0.25178065, ..., -0.20736222,
         -0.4422474 , -0.6092073 ],
        [ 0.41478289,  0.25178065,  0.        , ...,  0.0456261 ,
         -0.20217977, -0.38991645],
        ...,
        [ 0.37283481,  0.20736222, -0.0456261 , ...,  0.        ,
         -0.24665307, -0.43152519],
        [ 0.59018447,  0.4422474 ,  0.20217977, ...,  0.24665307,
          0.        , -0.19568677],
        [ 0.73674586,  0.6092073 ,  0.38991645, ...,  0.43152519,
          0.19568677,  0.        ]],

       [[ 0.        ,  0.29609998,  0.41391859, ...,  0.46005122,
          0.33644243,  0.09459652],
        [-0.29609998,  0.        ,  0.12581329, ...,  0.70232604,
          0.60019387,  0.3851267 ],
        [-0.41391859, -0.12581329,  0.        , ...,  0.78630619,
          0.69605703,  0.49817498],
        ...,
        [-0.46005122, -0.70232604, -0.78630619, ...,  0.        ,
          0.13450742,  0.37399669],
        [-0.33644243, -0.60019387, -0.69605703, ..., -0.13450742,
          0.        ,  0.2458518 ],
        [-0.09459652, -0.3851267 , -0.49817498, ..., -0.37399669,
         -0.2458518 ,  0.        ]],

       ...,

       [[ 0.        ,  0.04501382,  0.07846969, ..., -0.91949689,
         -0.63090482, -0.37525701],
        [-0.04501382,  0.        ,  0.03351513, ..., -0.93625967,
         -0.66518975, -0.41660089],
        [-0.07846969, -0.03351513,  0.        , ..., -0.94750785,
         -0.68984094, -0.4468351 ],
        ...,
        [ 0.91949689,  0.93625967,  0.94750785, ...,  0.        ,
          0.46539411,  0.70478829],
        [ 0.63090482,  0.66518975,  0.68984094, ..., -0.46539411,
          0.        ,  0.29365181],
        [ 0.37525701,  0.41660089,  0.4468351 , ..., -0.70478829,
         -0.29365181,  0.        ]],

       [[ 0.        ,  0.40883176,  0.4821148 , ...,  0.70542411,
          0.74598398,  0.73170205],
        [-0.40883176,  0.        ,  0.08180189, ...,  0.93355094,
          0.95305945,  0.94642823],
        [-0.4821148 , -0.08180189,  0.        , ...,  0.9597437 ,
          0.97463362,  0.96967137],
        ...,
        [-0.70542411, -0.93355094, -0.9597437 , ...,  0.        ,
         -0.05895561, -0.03778534],
        [-0.74598398, -0.95305945, -0.97463362, ...,  0.05895561,
          0.        ,  0.02119389],
        [-0.73170205, -0.94642823, -0.96967137, ...,  0.03778534,
         -0.02119389,  0.        ]],

       [[ 0.        , -0.113663  , -0.18245064, ...,  0.67446298,
          0.44432721,  0.23923625],
        [ 0.113663  ,  0.        , -0.06951307, ...,  0.58617365,
          0.33962103,  0.12732346],
        [ 0.18245064,  0.06951307,  0.        , ...,  0.52843725,
          0.27341812,  0.05806815],
        ...,
        [-0.67446298, -0.58617365, -0.52843725, ...,  0.        ,
          0.27617686,  0.47824732],
        [-0.44432721, -0.33962103, -0.27341812, ..., -0.27617686,
          0.        ,  0.21710128],
        [-0.23923625, -0.12732346, -0.05806815, ..., -0.47824732,
         -0.21710128,  0.        ]]]), 'num': array([9.88563404e-01, 2.87915293e-03, 1.35582428e-05, 1.24770158e-03,
       1.24770158e-03, 1.23568795e-03, 1.50738364e-01, 1.71623327e-06,
       1.23774743e-03, 1.22882302e-03, 1.16123203e-03, 1.05614355e-06,
       1.24901339e-03, 1.20863264e-03])}
{'img': array([[[ 0.        , -0.26708335, -0.10948082, ...,  0.92221598,
          0.85671502,  0.73957248],
        [ 0.26708335,  0.        ,  0.15997413, ...,  0.78544054,
          0.68783457,  0.53293871],
        [ 0.10948082, -0.15997413,  0.        , ...,  0.87433894,
          0.79509611,  0.66143783],
        ...,
        [-0.92221598, -0.78544054, -0.87433894, ...,  0.        ,
          0.1443994 ,  0.33474798],
        [-0.85671502, -0.68783457, -0.79509611, ..., -0.1443994 ,
          0.        ,  0.19517099],
        [-0.73957248, -0.53293871, -0.66143783, ..., -0.33474798,
         -0.19517099,  0.        ]],

       [[ 0.        , -0.25178065, -0.36256187, ..., -0.4422474 ,
         -0.6092073 , -0.72862024],
        [ 0.25178065,  0.        , -0.11623227, ..., -0.20217977,
         -0.38991645, -0.53269817],
        [ 0.36256187,  0.11623227,  0.        , ..., -0.08697751,
         -0.2802411 , -0.43071958],
        ...,
        [ 0.4422474 ,  0.20217977,  0.08697751, ...,  0.        ,
         -0.19568677, -0.3505913 ],
        [ 0.6092073 ,  0.38991645,  0.2802411 , ...,  0.19568677,
          0.        , -0.16054687],
        [ 0.72862024,  0.53269817,  0.43071958, ...,  0.3505913 ,
          0.16054687,  0.        ]],

       [[ 0.        ,  0.29259544,  0.37849888, ...,  0.52483578,
          0.42812419,  0.        ],
        [-0.29259544,  0.        ,  0.09110752, ...,  0.75092531,
          0.67381223,  0.29259544],
        [-0.37849888, -0.09110752,  0.        , ...,  0.80796849,
          0.73832947,  0.37849888],
        ...,
        [-0.52483578, -0.75092531, -0.80796849, ...,  0.        ,
          0.10988374,  0.52483578],
        [-0.42812419, -0.67381223, -0.73832947, ..., -0.10988374,
          0.        ,  0.42812419],
        [-0.        , -0.29259544, -0.37849888, ..., -0.52483578,
         -0.42812419,  0.        ]],

       ...,

       [[ 0.        ,  0.03351513, -0.01142583, ..., -0.66518975,
         -0.41660089, -0.36044593],
        [-0.03351513,  0.        , -0.04493236, ..., -0.68984094,
         -0.4468351 , -0.39150568],
        [ 0.01142583,  0.04493236,  0.        , ..., -0.65661495,
         -0.40618659, -0.34976461],
        ...,
        [ 0.66518975,  0.68984094,  0.65661495, ...,  0.        ,
          0.29365181,  0.35134003],
        [ 0.41660089,  0.4468351 ,  0.40618659, ..., -0.29365181,
          0.        ,  0.06091942],
        [ 0.36044593,  0.39150568,  0.34976461, ..., -0.35134003,
         -0.06091942,  0.        ]],

       [[ 0.        ,  0.27364607,  0.42694993, ...,  0.75933385,
          0.7449883 ,  0.73032088],
        [-0.27364607,  0.        ,  0.16320208, ...,  0.90841226,
          0.89909559,  0.88937366],
        [-0.42694993, -0.16320208,  0.        , ...,  0.96446367,
          0.9584832 ,  0.95206242],
        ...,
        [-0.75933385, -0.90841226, -0.96446367, ...,  0.        ,
          0.02176973,  0.04348348],
        [-0.7449883 , -0.89909559, -0.9584832 , ..., -0.02176973,
          0.        ,  0.02172403],
        [-0.73032088, -0.88937366, -0.95206242, ..., -0.04348348,
         -0.02172403,  0.        ]],

       [[ 0.        , -0.06951307, -0.12732346, ...,  0.33962103,
          0.12732346,  0.24515864],
        [ 0.06951307,  0.        , -0.05806815, ...,  0.27341812,
          0.05806815,  0.17717387],
        [ 0.12732346,  0.05806815,  0.        , ...,  0.21710128,
          0.        ,  0.11972542],
        ...,
        [-0.33962103, -0.27341812, -0.21710128, ...,  0.        ,
          0.21710128,  0.09866982],
        [-0.12732346, -0.05806815, -0.        , ..., -0.21710128,
          0.        , -0.11972542],
        [-0.24515864, -0.17717387, -0.11972542, ..., -0.09866982,
          0.11972542,  0.        ]]]), 'num': array([ 9.78012033e-01,  1.62054485e-03,  1.34860703e-05,  1.23437609e-03,
        1.25142548e-03,  1.23437609e-03,  2.08513520e-01, -5.11481806e-06,
        1.23335313e-03,  1.22158905e-03,  1.15597730e-03,  9.01182229e-07,
        1.24242840e-03,  1.20074969e-03])}
{'img': array([[[ 0.        ,  0.15997413,  0.2416291 , ...,  0.68783457,
          0.53293871,  0.78544054],
        [-0.15997413,  0.        ,  0.08328332, ...,  0.79509611,
          0.66143783,  0.87433894],
        [-0.2416291 , -0.08328332,  0.        , ...,  0.84284383,
          0.72160242,  0.91172012],
        ...,
        [-0.68783457, -0.79509611, -0.84284383, ...,  0.        ,
          0.19517099, -0.1443994 ],
        [-0.53293871, -0.66143783, -0.72160242, ..., -0.19517099,
          0.        , -0.33474798],
        [-0.78544054, -0.87433894, -0.91172012, ...,  0.1443994 ,
          0.33474798,  0.        ]],

       [[ 0.        , -0.11623227, -0.4433547 , ..., -0.38991645,
         -0.53269817,  0.0330402 ],
        [ 0.11623227,  0.        , -0.33616531, ..., -0.2802411 ,
         -0.43071958,  0.14898507],
        [ 0.4433547 ,  0.33616531,  0.        , ...,  0.05876313,
         -0.10226857,  0.4727281 ],
        ...,
        [ 0.38991645,  0.2802411 , -0.05876313, ...,  0.        ,
         -0.16054687,  0.42012864],
        [ 0.53269817,  0.43071958,  0.10226857, ...,  0.16054687,
          0.        ,  0.56036942],
        [-0.0330402 , -0.14898507, -0.4727281 , ..., -0.42012864,
         -0.56036942,  0.        ]],

       [[ 0.        ,  0.2453589 ,  0.39881692, ...,  0.51714931,
          0.30620665,  0.        ],
        [-0.2453589 ,  0.        ,  0.1616244 , ...,  0.71134276,
          0.53041972,  0.2453589 ],
        [-0.39881692, -0.1616244 ,  0.        , ...,  0.81558722,
          0.66046064,  0.39881692],
        ...,
        [-0.51714931, -0.71134276, -0.81558722, ...,  0.        ,
          0.23022728,  0.51714931],
        [-0.30620665, -0.53041972, -0.66046064, ..., -0.23022728,
          0.        ,  0.30620665],
        [-0.        , -0.2453589 , -0.39881692, ..., -0.51714931,
         -0.30620665,  0.        ]],

       ...,

       [[ 0.        , -0.04493236, -0.01476141, ..., -0.4468351 ,
         -0.39150568, -0.74000701],
        [ 0.04493236,  0.        ,  0.03018097, ..., -0.40618659,
         -0.34976461, -0.70903816],
        [ 0.01476141, -0.03018097,  0.        , ..., -0.43358062,
         -0.37787994, -0.72999788],
        ...,
        [ 0.4468351 ,  0.40618659,  0.43358062, ...,  0.        ,
          0.06091942, -0.36148146],
        [ 0.39150568,  0.34976461,  0.37787994, ..., -0.06091942,
          0.        , -0.41761007],
        [ 0.74000701,  0.70903816,  0.72999788, ...,  0.36148146,
          0.41761007,  0.        ]],

       [[ 0.        ,  0.33750145,  0.47545892, ...,  0.75073792,
          0.7360394 ,  0.71835899],
        [-0.33750145,  0.        ,  0.15064854, ...,  0.92964189,
          0.92132009,  0.91099979],
        [-0.47545892, -0.15064854,  0.        , ...,  0.97454086,
          0.96937832,  0.96273139],
        ...,
        [-0.75073792, -0.92964189, -0.97454086, ...,  0.        ,
          0.02197581,  0.04771974],
        [-0.7360394 , -0.92132009, -0.96937832, ..., -0.02197581,
          0.        ,  0.02575744],
        [-0.71835899, -0.91099979, -0.96273139, ..., -0.04771974,
         -0.02575744,  0.        ]],

       [[ 0.        , -0.05806815,  0.06360703, ...,  0.05806815,
          0.17717387,  0.17141365],
        [ 0.05806815,  0.        ,  0.12145027, ...,  0.        ,
          0.11972542,  0.11391572],
        [-0.06360703, -0.12145027,  0.        , ...,  0.12145027,
          0.23941584,  0.23373214],
        ...,
        [-0.05806815, -0.        , -0.12145027, ...,  0.        ,
         -0.11972542, -0.11391572],
        [-0.17717387, -0.11972542, -0.23941584, ...,  0.11972542,
          0.        ,  0.00584973],
        [-0.17141365, -0.11391572, -0.23373214, ...,  0.11391572,
         -0.00584973,  0.        ]]]), 'num': array([ 9.79728960e-01,  1.62787922e-03,  1.35471064e-05,  1.23653740e-03,
        1.24510067e-03,  1.22797412e-03,  2.00291056e-01, -3.42531135e-06,
        1.24099030e-03,  1.22823102e-03,  1.16380662e-03,  1.02206871e-06,
        1.24867628e-03,  1.20778575e-03])}
{'img': array([[[ 0.        ,  0.08328332, -0.66143783, ...,  0.66143783,
          0.87433894,  0.91873124],
        [-0.08328332,  0.        , -0.72160242, ...,  0.72160242,
          0.91172012,  0.94842669],
        [ 0.66143783,  0.72160242,  0.        , ...,  0.        ,
          0.33474798,  0.42785761],
        ...,
        [-0.66143783, -0.72160242, -0.        , ...,  0.        ,
         -0.33474798, -0.42785761],
        [-0.87433894, -0.91172012, -0.33474798, ...,  0.33474798,
          0.        , -0.10061283],
        [-0.91873124, -0.94842669, -0.42785761, ...,  0.42785761,
          0.10061283,  0.        ]],

       [[ 0.        , -0.33616531,  0.45290796, ..., -0.43071958,
          0.14898507,  0.0796258 ],
        [ 0.33616531,  0.        ,  0.7262607 , ..., -0.10226857,
          0.4727281 ,  0.41008974],
        [-0.45290796, -0.7262607 ,  0.        , ..., -0.79275419,
         -0.31502454, -0.38047894],
        ...,
        [ 0.43071958,  0.10226857,  0.79275419, ...,  0.        ,
          0.56036942,  0.50121312],
        [-0.14898507, -0.4727281 ,  0.31502454, ..., -0.56036942,
          0.        , -0.06977489],
        [-0.0796258 , -0.41008974,  0.38047894, ..., -0.50121312,
          0.06977489,  0.        ]],

       [[ 0.        ,  0.31980439,  0.16151109, ...,  0.37849888,
          0.22765526,  0.        ],
        [-0.31980439,  0.        , -0.16257654, ...,  0.65463298,
          0.52710653,  0.31980439],
        [-0.16151109,  0.16257654,  0.        , ...,  0.52302447,
          0.38193645,  0.16151109],
        ...,
        [-0.37849888, -0.65463298, -0.52302447, ...,  0.        ,
          0.15784207,  0.37849888],
        [-0.22765526, -0.52710653, -0.38193645, ..., -0.15784207,
          0.        ,  0.22765526],
        [-0.        , -0.31980439, -0.16151109, ..., -0.37849888,
         -0.22765526,  0.        ]],

       ...,

       [[ 0.        ,  0.03018097, -0.63333476, ..., -0.34976461,
         -0.70903816, -0.43131221],
        [-0.03018097,  0.        , -0.65640263, ..., -0.37787994,
         -0.72999788, -0.45834508],
        [ 0.63333476,  0.65640263,  0.        , ...,  0.3226567 ,
         -0.10210026,  0.23761334],
        ...,
        [ 0.34976461,  0.37787994, -0.3226567 , ...,  0.        ,
         -0.41761007, -0.08851091],
        [ 0.70903816,  0.72999788,  0.10210026, ...,  0.41761007,
          0.        ,  0.33554769],
        [ 0.43131221,  0.45834508, -0.23761334, ...,  0.08851091,
         -0.33554769,  0.        ]],

       [[ 0.        ,  0.35053002,  0.3748621 , ...,  0.74490152,
          0.72715383,  0.72014846],
        [-0.35053002,  0.        ,  0.02610809, ...,  0.9315033 ,
          0.92164695,  0.91766085],
        [-0.3748621 , -0.02610809,  0.        , ...,  0.94068215,
          0.93146349,  0.92772248],
        ...,
        [-0.74490152, -0.9315033 , -0.94068215, ...,  0.        ,
          0.02621749,  0.03636294],
        [-0.72715383, -0.92164695, -0.93146349, ..., -0.02621749,
          0.        ,  0.01015029],
        [-0.72014846, -0.91766085, -0.92772248, ..., -0.03636294,
         -0.01015029,  0.        ]],

       [[ 0.        ,  0.12118139,  0.26509123, ...,  0.17838707,
          0.17459275,  0.        ],
        [-0.12118139,  0.        ,  0.14629169, ...,  0.29631012,
          0.2926262 ,  0.12118139],
        [-0.26509123, -0.14629169,  0.        , ...,  0.43284425,
          0.42936603,  0.26509123],
        ...,
        [-0.17838707, -0.29631012, -0.43284425, ...,  0.        ,
          0.00385483,  0.17838707],
        [-0.17459275, -0.2926262 , -0.42936603, ..., -0.00385483,
          0.        ,  0.17459275],
        [-0.        , -0.12118139, -0.26509123, ..., -0.17838707,
         -0.17459275,  0.        ]]]), 'num': array([9.83240040e-01, 1.61583881e-03, 1.34469069e-05, 1.24099140e-03,
       1.24439138e-03, 1.23419145e-03, 1.82275815e-01, 1.35999058e-05,
       1.23385145e-03, 1.21982655e-03, 1.15786198e-03, 9.91659798e-07,
       1.24200407e-03, 1.19764903e-03])}
{'img': array([[[ 0.        , -0.71322557,  0.2556265 , ...,  0.95576016,
          0.97528619,  0.71322557],
        [ 0.71322557,  0.        ,  0.86870654, ...,  0.4601321 ,
          0.52602794,  0.        ],
        [-0.2556265 , -0.86870654,  0.        , ...,  0.99919741,
          0.99936239,  0.86870654],
        ...,
        [-0.95576016, -0.4601321 , -0.99919741, ...,  0.        ,
         -0.07570685,  0.4601321 ],
        [-0.97528619, -0.52602794, -0.99936239, ...,  0.07570685,
          0.        ,  0.52602794],
        [-0.71322557, -0.        , -0.86870654, ..., -0.4601321 ,
         -0.52602794,  0.        ]],

       [[ 0.        ,  0.7262607 ,  0.45544389, ...,  0.4727281 ,
          0.41008974,  0.27997171],
        [-0.7262607 ,  0.        ,  0.95964507, ..., -0.31502454,
         -0.38047894, -0.50475829],
        [-0.45544389, -0.95964507,  0.        , ..., -0.82219399,
         -0.78047373, -0.68647876],
        ...,
        [-0.4727281 ,  0.31502454,  0.82219399, ...,  0.        ,
         -0.06977489, -0.20710947],
        [-0.41008974,  0.38047894,  0.78047373, ...,  0.06977489,
          0.        , -0.13834268],
        [-0.27997171,  0.50475829,  0.68647876, ...,  0.20710947,
          0.13834268,  0.        ]],

       [[ 0.        , -0.27700122,  0.01529052, ...,  0.56886255,
          0.4878171 ,  0.27700122],
        [ 0.27700122,  0.        ,  0.29166104, ...,  0.31878787,
          0.22692154,  0.        ],
        [-0.01529052, -0.29166104,  0.        , ...,  0.58137147,
          0.50110787,  0.29166104],
        ...,
        [-0.56886255, -0.31878787, -0.58137147, ...,  0.        ,
          0.09538952,  0.31878787],
        [-0.4878171 , -0.22692154, -0.50110787, ..., -0.09538952,
          0.        ,  0.22692154],
        [-0.27700122, -0.        , -0.29166104, ..., -0.31878787,
         -0.22692154,  0.        ]],

       ...,

       [[ 0.        , -0.65640263,  0.01963443, ..., -0.72999788,
         -0.45834508, -0.51487626],
        [ 0.65640263,  0.        ,  0.67108852, ..., -0.10210026,
          0.23761334,  0.17428248],
        [-0.01963443, -0.67108852,  0.        , ..., -0.7432763 ,
         -0.4757073 , -0.53160891],
        ...,
        [ 0.72999788,  0.10210026,  0.7432763 , ...,  0.        ,
          0.33554769,  0.27390939],
        [ 0.45834508, -0.23761334,  0.4757073 , ..., -0.33554769,
          0.        , -0.06468583],
        [ 0.51487626, -0.17428248,  0.53160891, ..., -0.27390939,
          0.06468583,  0.        ]],

       [[ 0.        ,  0.13952334,  0.42664671, ...,  0.73671598,
          0.72968033,  0.69897703],
        [-0.13952334,  0.        ,  0.29628612, ...,  0.82385601,
          0.81794761,  0.79191948],
        [-0.42664671, -0.29628612,  0.        , ...,  0.95479896,
          0.95167238,  0.93728155],
        ...,
        [-0.73671598, -0.82385601, -0.95479896, ...,  0.        ,
          0.01034634,  0.05420823],
        [-0.72968033, -0.81794761, -0.95167238, ..., -0.01034634,
          0.        ,  0.04387419],
        [-0.69897703, -0.79191948, -0.93728155, ..., -0.05420823,
         -0.04387419,  0.        ]],

       [[ 0.        ,  0.23708917,  0.31575133, ...,  0.17491281,
          0.        ,  0.1523285 ],
        [-0.23708917,  0.        ,  0.08178844, ...,  0.40335986,
          0.23708917,  0.38230762],
        [-0.31575133, -0.08178844,  0.        , ...,  0.4768483 ,
          0.31575133,  0.45660217],
        ...,
        [-0.17491281, -0.40335986, -0.4768483 , ...,  0.        ,
          0.17491281,  0.02289136],
        [-0.        , -0.23708917, -0.31575133, ..., -0.17491281,
          0.        , -0.1523285 ],
        [-0.1523285 , -0.38230762, -0.45660217, ..., -0.02289136,
          0.1523285 ,  0.        ]]]), 'num': array([9.84754092e-01, 1.61832697e-03, 1.34676132e-05, 1.24290236e-03,
       1.25311799e-03, 1.24119975e-03, 1.73910133e-01, 0.00000000e+00,
       1.23711350e-03, 1.22281161e-03, 1.16222721e-03, 1.01002049e-06,
       1.24685636e-03, 1.19876686e-03])}
{'img': array([[[ 0.        ,  0.86870654,  0.93120888, ...,  0.52602794,
          0.        ,  0.        ],
        [-0.86870654,  0.        ,  0.14462164, ...,  0.99936239,
          0.86870654,  0.86870654],
        [-0.93120888, -0.14462164,  0.        , ...,  0.9836925 ,
          0.93120888,  0.93120888],
        ...,
        [-0.52602794, -0.99936239, -0.9836925 , ...,  0.        ,
          0.52602794,  0.52602794],
        [-0.        , -0.86870654, -0.93120888, ..., -0.52602794,
          0.        ,  0.        ],
        [-0.        , -0.86870654, -0.93120888, ..., -0.52602794,
          0.        ,  0.        ]],

       [[ 0.        ,  0.95964507,  0.38629336, ..., -0.38047894,
         -0.50475829, -0.57325886],
