state_0,state_1,state_2,state_3,state_4,state_5,state_6,state_7,state_8,state_9,state_10,state_11,state_12,state_13,state_14,state_15,state_16,state_17,state_18,state_19,state_20,state_21,state_22,state_23,state_24,state_25,state_26,state_27,state_28,state_29,state_30,state_31,state_32,state_33,state_34,state_35,state_36,state_37,state_38,state_39,state_40,state_41,state_42,state_43,state_44,state_45,state_46,state_47,state_48,state_49,state_50,state_51,state_52,state_53,state_54,state_55,state_56,state_57,state_58,state_59,state_60,state_61,state_62,state_63,state_64,state_65,state_66,state_67,state_68,state_69,state_70,state_71,state_72,state_73,state_74,state_75,state_76,state_77,state_78,state_79,state_80,state_81,state_82,state_83,state_84,state_85,state_86,state_87,state_88,state_89,state_90,state_91,state_92,state_93,state_94,state_95,state_96,state_97,state_98,state_99,state_100,state_101,state_102,state_103,state_104,state_105,state_106,state_107,state_108,state_109,state_110,state_111,state_112,state_113,state_114,state_115,state_116,state_117,state_118,state_119,state_120,state_121,state_122,state_123,state_124,state_125,state_126,state_127,state_128,state_129,state_130,state_131,state_132,state_133,state_134,state_135,state_136,state_137,state_138,state_139,state_140,state_141,state_142,state_143,state_144,state_145,state_146,state_147,state_148,state_149,state_150,state_151,state_152,state_153,state_154,state_155,state_156,state_157,state_158,state_159,state_160,state_161,state_162,state_163,state_164,state_165,state_166,state_167,state_168,state_169,state_170,state_171,state_172,state_173,state_174,state_175,state_176,state_177,state_178,state_179,state_180,state_181,state_182,state_183,state_184,state_185,state_186,state_187,state_188,state_189,state_190,state_191,state_192,state_193,state_194,state_195,state_196,state_197,state_198,state_199,state_200,state_201,state_202,state_203,state_204,state_205,state_206,state_207,state_208,state_209,state_210,state_211,state_212,state_213,state_214,state_215,state_216,state_217,state_218,state_219,state_220,state_221,state_222,state_223,state_224,state_225,state_226,state_227,state_228,state_229,state_230,state_231,state_232,state_233,state_234,state_235,state_236,state_237,state_238,state_239,state_240,state_241,state_242,state_243,state_244,state_245,state_246,state_247,state_248,state_249,state_250,state_251,state_252,state_253,state_254,state_255,state_256,state_257,state_258,state_259,state_260,state_261,state_262,state_263,state_264,state_265,state_266,state_267,state_268,state_269,state_270,state_271,state_272,state_273,state_274,state_275,state_276,state_277,state_278,state_279,state_280,state_281,state_282,state_283,state_284,state_285,state_286,state_287
{'img': array([[[ 0.        ,  0.2747096 ,  0.47131087, ...,  0.84334034,
          0.54596982,  0.14554487],
        [-0.2747096 ,  0.        ,  0.21089339, ...,  0.66327131,
          0.29481182, -0.13183904],
        [-0.47131087, -0.21089339,  0.        , ...,  0.49052553,
          0.08666093, -0.33792639],
        ...,
        [-0.84334034, -0.66327131, -0.49052553, ...,  0.        ,
         -0.41316146, -0.75614728],
        [-0.54596982, -0.29481182, -0.08666093, ...,  0.41316146,
          0.        , -0.41821795],
        [-0.14554487,  0.13183904,  0.33792639, ...,  0.75614728,
          0.41821795,  0.        ]],

       [[ 0.        ,  0.23922734,  0.06022619, ...,  0.06491569,
          0.21572672,  0.1864679 ],
        [-0.23922734,  0.        , -0.18031564, ..., -0.17569198,
         -0.02413165, -0.053978  ],
        [-0.06022619,  0.18031564,  0.        , ...,  0.00469869,
          0.15652703,  0.12695953],
        ...,
        [-0.06491569,  0.17569198, -0.00469869, ...,  0.        ,
          0.15188453,  0.12229746],
        [-0.21572672,  0.02413165, -0.15652703, ..., -0.15188453,
          0.        , -0.02986581],
        [-0.1864679 ,  0.053978  , -0.12695953, ..., -0.12229746,
          0.02986581,  0.        ]],

       [[ 0.        , -0.21139699, -0.10594711, ...,  0.87952199,
          0.77160122,  0.60441548],
        [ 0.21139699,  0.        ,  0.10665447, ...,  0.96024004,
          0.88863427,  0.75916935],
        [ 0.10594711, -0.10665447,  0.        , ...,  0.92498764,
          0.83465212,  0.68541849],
        ...,
        [-0.87952199, -0.96024004, -0.92498764, ...,  0.        ,
         -0.1922969 , -0.41307206],
        [-0.77160122, -0.88863427, -0.83465212, ...,  0.1922969 ,
          0.        , -0.23023834],
        [-0.60441548, -0.75916935, -0.68541849, ...,  0.41307206,
          0.23023834,  0.        ]],

       ...,

       [[ 0.        ,  0.03483851,  0.15866178, ...,  0.75706526,
          0.36797946,  0.02227287],
        [-0.03483851,  0.        ,  0.12416826, ...,  0.73384431,
          0.33536205, -0.01257052],
        [-0.15866178, -0.12416826,  0.        , ...,  0.64381553,
          0.21578916, -0.13663168],
        ...,
        [-0.75706526, -0.73384431, -0.64381553, ...,  0.        ,
         -0.46352952, -0.74232571],
        [-0.36797946, -0.33536205, -0.21578916, ...,  0.46352952,
          0.        , -0.34717811],
        [-0.02227287,  0.01257052,  0.13663168, ...,  0.74232571,
          0.34717811,  0.        ]],

       [[ 0.        , -0.06046564, -0.03675633, ...,  0.74458957,
          0.74825235,  0.747128  ],
        [ 0.06046564,  0.        ,  0.0237357 , ...,  0.78358936,
          0.78699702,  0.78595127],
        [ 0.03675633, -0.0237357 ,  0.        , ...,  0.7686221 ,
          0.7721314 ,  0.77105433],
        ...,
        [-0.74458957, -0.78358936, -0.7686221 , ...,  0.        ,
          0.00550403,  0.00381086],
        [-0.74825235, -0.78699702, -0.7721314 , ..., -0.00550403,
          0.        , -0.00169319],
        [-0.747128  , -0.78595127, -0.77105433, ..., -0.00381086,
          0.00169319,  0.        ]],

       [[ 0.        ,  0.02858099,  0.01480449, ...,  0.881001  ,
          0.93290057,  0.93822055],
        [-0.02858099,  0.        , -0.01377942, ...,  0.86711902,
          0.92222647,  0.92794716],
        [-0.01480449,  0.01377942,  0.        , ...,  0.87390023,
          0.92746673,  0.93299481],
        ...,
        [-0.881001  , -0.86711902, -0.87390023, ...,  0.        ,
          0.12409024,  0.13902594],
        [-0.93290057, -0.92222647, -0.92746673, ..., -0.12409024,
          0.        ,  0.01506623],
        [-0.93822055, -0.92794716, -0.93299481, ..., -0.13902594,
         -0.01506623,  0.        ]]]), 'num': array([ 9.89132111e-01,  1.22133512e-01,  5.61164142e-05,  8.71355376e-04,
        8.91094818e-04,  8.43156173e-04,  8.18207774e-02, -5.63984062e-06,
        9.13654181e-04,  9.07732348e-04,  9.17414075e-04,  2.65404265e-06,
        9.96797200e-04,  8.18667497e-04])}
{'img': array([[[ 0.        ,  0.21089339,  0.54981936, ...,  0.29481182,
         -0.13183904, -0.20167111],
        [-0.21089339,  0.        ,  0.36129763, ...,  0.08666093,
         -0.33792639, -0.40369557],
        [-0.54981936, -0.36129763,  0.        , ..., -0.27913135,
         -0.65514305, -0.70697496],
        ...,
        [-0.29481182, -0.08666093,  0.27913135, ...,  0.        ,
         -0.41821795, -0.48146232],
        [ 0.13183904,  0.33792639,  0.65514305, ...,  0.41821795,
          0.        , -0.07078057],
        [ 0.20167111,  0.40369557,  0.70697496, ...,  0.48146232,
          0.07078057,  0.        ]],

       [[ 0.        , -0.18031564,  0.02536914, ..., -0.02413165,
         -0.053978  , -0.21912508],
        [ 0.18031564,  0.        ,  0.20521092, ...,  0.15652703,
          0.12695953, -0.03959997],
        [-0.02536914, -0.20521092,  0.        , ..., -0.04948563,
         -0.07929278, -0.24380714],
        ...,
        [ 0.02413165, -0.15652703,  0.04948563, ...,  0.        ,
         -0.02986581, -0.1955161 ],
        [ 0.053978  , -0.12695953,  0.07929278, ...,  0.02986581,
          0.        , -0.16613947],
        [ 0.21912508,  0.03959997,  0.24380714, ...,  0.1955161 ,
          0.16613947,  0.        ]],

       [[ 0.        ,  0.10665447,  0.34401328, ...,  0.88863427,
          0.75916935,  0.59044954],
        [-0.10665447,  0.        ,  0.24190629, ...,  0.83465212,
          0.68541849,  0.5010036 ],
        [-0.34401328, -0.24190629,  0.        , ...,  0.6766261 ,
          0.48891739,  0.27676696],
        ...,
        [-0.88863427, -0.83465212, -0.6766261 , ...,  0.        ,
         -0.23023834, -0.44640417],
        [-0.75916935, -0.68541849, -0.48891739, ...,  0.23023834,
          0.        , -0.22838669],
        [-0.59044954, -0.5010036 , -0.27676696, ...,  0.44640417,
          0.22838669,  0.        ]],

       ...,

       [[ 0.        ,  0.12416826,  0.57662972, ...,  0.33536205,
         -0.01257052, -0.16510737],
        [-0.12416826,  0.        ,  0.47072112, ...,  0.21578916,
         -0.13663168, -0.28629375],
        [-0.57662972, -0.47072112,  0.        , ..., -0.26924402,
         -0.58685434, -0.70360946],
        ...,
        [-0.33536205, -0.21578916,  0.26924402, ...,  0.        ,
         -0.34717811, -0.4863053 ],
        [ 0.01257052,  0.13663168,  0.58685434, ...,  0.34717811,
          0.        , -0.15269632],
        [ 0.16510737,  0.28629375,  0.70360946, ...,  0.4863053 ,
          0.15269632,  0.        ]],

       [[ 0.        ,  0.0237357 ,  0.13876833, ...,  0.78699702,
          0.78595127,  0.78195899],
        [-0.0237357 ,  0.        ,  0.11522318, ...,  0.7721314 ,
          0.77105433,  0.76694352],
        [-0.13876833, -0.11522318,  0.        , ...,  0.69376866,
          0.69254824,  0.68789499],
        ...,
        [-0.78699702, -0.7721314 , -0.69376866, ...,  0.        ,
         -0.00169319, -0.00812384],
        [-0.78595127, -0.77105433, -0.69254824, ...,  0.00169319,
          0.        , -0.0064307 ],
        [-0.78195899, -0.76694352, -0.68789499, ...,  0.00812384,
          0.0064307 ,  0.        ]],

       [[ 0.        , -0.01377942, -0.12938557, ...,  0.92222647,
          0.92794716,  0.94054266],
        [ 0.01377942,  0.        , -0.11570969, ...,  0.92746673,
          0.93299481,  0.9451339 ],
        [ 0.12938557,  0.11570969,  0.        , ...,  0.96450152,
          0.9683707 ,  0.97658592],
        ...,
        [-0.92222647, -0.92746673, -0.96450152, ...,  0.        ,
          0.01506623,  0.05040313],
        [-0.92794716, -0.93299481, -0.9683707 , ..., -0.01506623,
          0.        ,  0.03535033],
        [-0.94054266, -0.9451339 , -0.97658592, ..., -0.05040313,
         -0.03535033,  0.        ]]]), 'num': array([ 7.06661150e-01,  7.06661150e-01,  0.00000000e+00,  2.51182873e-04,
        2.62067464e-04,  2.51182873e-04,  3.54891425e-02, -7.53548620e-06,
        2.65416569e-04,  2.69644814e-04,  2.72184552e-04,  7.58287919e-07,
        2.95713434e-04,  2.43576195e-04])}
{'img': array([[[ 0.        ,  0.36129763,  0.43950236, ..., -0.33792639,
         -0.40369557, -0.7315565 ],
        [-0.36129763,  0.        ,  0.08528172, ..., -0.65514305,
         -0.70697496, -0.92846605],
        [-0.43950236, -0.08528172,  0.        , ..., -0.71718703,
         -0.76471388, -0.95675864],
        ...,
        [ 0.33792639,  0.65514305,  0.71718703, ...,  0.        ,
         -0.07078057, -0.45812916],
        [ 0.40369557,  0.70697496,  0.76471388, ...,  0.07078057,
          0.        , -0.3940643 ],
        [ 0.7315565 ,  0.92846605,  0.95675864, ...,  0.45812916,
          0.3940643 ,  0.        ]],

       [[ 0.        ,  0.20521092,  0.15132525, ...,  0.12695953,
         -0.03959997,  0.11539281],
        [-0.20521092,  0.        , -0.054743  , ..., -0.07929278,
         -0.24380714, -0.0909031 ],
        [-0.15132525,  0.054743  ,  0.        , ..., -0.02460324,
         -0.19035049, -0.03625044],
        ...,
        [-0.12695953,  0.07929278,  0.02460324, ...,  0.        ,
         -0.16613947, -0.0116524 ],
        [ 0.03959997,  0.24380714,  0.19035049, ...,  0.16613947,
          0.        ,  0.15463773],
        [-0.11539281,  0.0909031 ,  0.03625044, ...,  0.0116524 ,
         -0.15463773,  0.        ]],

       [[ 0.        ,  0.24190629,  0.48247032, ...,  0.68541849,
          0.5010036 ,  0.26444894],
        [-0.24190629,  0.        ,  0.25625206, ...,  0.48891739,
          0.27676696,  0.02330036],
        [-0.48247032, -0.25625206,  0.        , ...,  0.24905605,
          0.02128361, -0.23366013],
        ...,
        [-0.68541849, -0.48891739, -0.24905605, ...,  0.        ,
         -0.22838669, -0.46845905],
        [-0.5010036 , -0.27676696, -0.02128361, ...,  0.22838669,
          0.        , -0.25430165],
        [-0.26444894, -0.02330036,  0.23366013, ...,  0.46845905,
          0.25430165,  0.        ]],

       ...,

       [[ 0.        ,  0.47072112,  0.23865466, ..., -0.13663168,
         -0.28629375, -0.34641076],
        [-0.47072112,  0.        , -0.24655867, ..., -0.58685434,
         -0.70360946, -0.74720745],
        [-0.23865466,  0.24655867,  0.        , ..., -0.36910018,
         -0.50668618, -0.56027892],
        ...,
        [ 0.13663168,  0.58685434,  0.36910018, ...,  0.        ,
         -0.15269632, -0.21499025],
        [ 0.28629375,  0.70360946,  0.50668618, ...,  0.15269632,
          0.        , -0.06334339],
        [ 0.34641076,  0.74720745,  0.56027892, ...,  0.21499025,
          0.06334339,  0.        ]],

       [[ 0.        ,  0.11522318,  0.33816738, ...,  0.77105433,
          0.76694352,  0.75973728],
        [-0.11522318,  0.        ,  0.22748014, ...,  0.69254824,
          0.68789499,  0.67975556],
        [-0.33816738, -0.22748014,  0.        , ...,  0.5102938 ,
          0.50475285,  0.49509147],
        ...,
        [-0.77105433, -0.69254824, -0.5102938 , ...,  0.        ,
         -0.0064307 , -0.01758537],
        [-0.76694352, -0.68789499, -0.50475285, ...,  0.0064307 ,
          0.        , -0.0111553 ],
        [-0.75973728, -0.67975556, -0.49509147, ...,  0.01758537,
          0.0111553 ,  0.        ]],

       [[ 0.        , -0.11570969, -0.55953202, ...,  0.93299481,
          0.9451339 ,  0.95667471],
        [ 0.11570969,  0.        , -0.45987248, ...,  0.9683707 ,
          0.97658592,  0.9839387 ],
        [ 0.55953202,  0.45987248,  0.        , ...,  0.97464413,
          0.96612494,  0.95581308],
        ...,
        [-0.93299481, -0.9683707 , -0.97464413, ...,  0.        ,
          0.03535033,  0.07264776],
        [-0.9451339 , -0.97658592, -0.96612494, ..., -0.03535033,
          0.        ,  0.03734543],
        [-0.95667471, -0.9839387 , -0.95581308, ..., -0.07264776,
         -0.03734543,  0.        ]]]), 'num': array([7.05535046e-01, 7.05535046e-01, 0.00000000e+00, 2.61649845e-04,
       2.71681149e-04, 2.44931005e-04, 6.66335886e-02, 1.08672460e-05,
       2.60479526e-04, 2.69716685e-04, 2.71625420e-04, 7.39487151e-07,
       2.94735104e-04, 2.44698267e-04])}
{'img': array([[[ 0.        ,  0.08528172, -0.25157587, ..., -0.70697496,
         -0.92846605, -0.60273367],
        [-0.08528172,  0.        , -0.33319819, ..., -0.76471388,
         -0.95675864, -0.66858774],
        [ 0.25157587,  0.33319819,  0.        , ..., -0.50631277,
         -0.80516471, -0.38260524],
        ...,
        [ 0.70697496,  0.76471388,  0.50631277, ...,  0.        ,
         -0.3940643 ,  0.13784881],
        [ 0.92846605,  0.95675864,  0.80516471, ...,  0.3940643 ,
          0.        ,  0.51699676],
        [ 0.60273367,  0.66858774,  0.38260524, ..., -0.13784881,
         -0.51699676,  0.        ]],

       [[ 0.        , -0.054743  , -0.15579314, ..., -0.24380714,
         -0.0909031 ,  0.22860574],
        [ 0.054743  ,  0.        , -0.10148495, ..., -0.19035049,
         -0.03625044,  0.28155629],
        [ 0.15579314,  0.10148495,  0.        , ..., -0.0897383 ,
          0.06535497,  0.37748198],
        ...,
        [ 0.24380714,  0.19035049,  0.0897383 , ...,  0.        ,
          0.15463773,  0.45905818],
        [ 0.0909031 ,  0.03625044, -0.06535497, ..., -0.15463773,
          0.        ,  0.31615515],
        [-0.22860574, -0.28155629, -0.37748198, ..., -0.45905818,
         -0.31615515,  0.        ]],

       [[ 0.        ,  0.25625206,  0.38267409, ...,  0.27676696,
          0.02330036, -0.19770139],
        [-0.25625206,  0.        ,  0.13314958, ...,  0.02128361,
         -0.23366013, -0.44229437],
        [-0.38267409, -0.13314958,  0.        , ..., -0.11202532,
         -0.36104339, -0.55777402],
        ...,
        [-0.27676696, -0.02128361,  0.11202532, ...,  0.        ,
         -0.25430165, -0.46128281],
        [-0.02330036,  0.23366013,  0.36104339, ...,  0.25430165,
          0.        , -0.22048818],
        [ 0.19770139,  0.44229437,  0.55777402, ...,  0.46128281,
          0.22048818,  0.        ]],

       ...,

       [[ 0.        , -0.24655867, -0.16648992, ..., -0.70360946,
         -0.74720745, -0.77186701],
        [ 0.24655867,  0.        ,  0.08176747, ..., -0.50668618,
         -0.56027892, -0.59127976],
        [ 0.16648992, -0.08176747,  0.        , ..., -0.57548374,
         -0.62613111, -0.65524255],
        ...,
        [ 0.70360946,  0.50668618,  0.57548374, ...,  0.        ,
         -0.06334339, -0.10113492],
        [ 0.74720745,  0.56027892,  0.62613111, ...,  0.06334339,
          0.        , -0.03791321],
        [ 0.77186701,  0.59127976,  0.65524255, ...,  0.10113492,
          0.03791321,  0.        ]],

       [[ 0.        ,  0.22748014,  0.33166424, ...,  0.68789499,
          0.67975556,  0.66294473],
        [-0.22748014,  0.        ,  0.10836471, ...,  0.50475285,
          0.49509147,  0.47525694],
        [-0.33166424, -0.10836471,  0.        , ...,  0.40823312,
          0.39802429,  0.37711387],
        ...,
        [-0.68789499, -0.50475285, -0.40823312, ...,  0.        ,
         -0.0111553 , -0.03383315],
        [-0.67975556, -0.49509147, -0.39802429, ...,  0.0111553 ,
          0.        , -0.02268213],
        [-0.66294473, -0.47525694, -0.37711387, ...,  0.03383315,
          0.02268213,  0.        ]],

       [[ 0.        , -0.45987248, -0.25385961, ...,  0.97658592,
          0.9839387 ,  0.9979588 ],
        [ 0.45987248,  0.        ,  0.21938404, ...,  0.96612494,
          0.95581308,  0.91554036],
        [ 0.25385961, -0.21938404,  0.        , ...,  0.99920626,
          0.99702156,  0.98147849],
        ...,
        [-0.97658592, -0.96612494, -0.99920626, ...,  0.        ,
          0.03734543,  0.15232281],
        [-0.9839387 , -0.95581308, -0.99702156, ..., -0.03734543,
          0.        ,  0.11530691],
        [-0.9979588 , -0.91554036, -0.98147849, ..., -0.15232281,
         -0.11530691,  0.        ]]]), 'num': array([7.06814299e-01, 7.06814299e-01, 0.00000000e+00, 2.63799176e-04,
       2.67986464e-04, 2.60449345e-04, 2.87492864e-02, 1.67491540e-06,
       2.59276904e-04, 2.70708202e-04, 2.71838770e-04, 7.31759156e-07,
       2.94816949e-04, 2.46599454e-04])}
{'img': array([[[ 0.        , -0.33319819, -0.14139586, ..., -0.95675864,
         -0.66858774, -0.61905072],
        [ 0.33319819,  0.        ,  0.19653454, ..., -0.80516471,
         -0.38260524, -0.32199865],
        [ 0.14139586, -0.19653454,  0.        , ..., -0.90601656,
         -0.55672386, -0.50178582],
        ...,
        [ 0.95675864,  0.80516471,  0.90601656, ...,  0.        ,
          0.51699676,  0.57132004],
        [ 0.66858774,  0.38260524,  0.55672386, ..., -0.51699676,
          0.        ,  0.06472934],
        [ 0.61905072,  0.32199865,  0.50178582, ..., -0.57132004,
         -0.06472934,  0.        ]],

       [[ 0.        , -0.10148495, -0.10361521, ..., -0.03625044,
          0.28155629, -0.12472818],
        [ 0.10148495,  0.        , -0.00214155, ...,  0.06535497,
          0.37748198, -0.02339177],
        [ 0.10361521,  0.00214155,  0.        , ...,  0.06749179,
          0.37946423, -0.02125075],
        ...,
        [ 0.03625044, -0.06535497, -0.06749179, ...,  0.        ,
          0.31615515, -0.08867884],
        [-0.28155629, -0.37748198, -0.37946423, ..., -0.31615515,
          0.        , -0.39903987],
        [ 0.12472818,  0.02339177,  0.02125075, ...,  0.08867884,
          0.39903987,  0.        ]],

       [[ 0.        ,  0.13314958,  0.25578053, ..., -0.23366013,
         -0.44229437, -0.52325937],
        [-0.13314958,  0.        ,  0.1247827 , ..., -0.36104339,
         -0.55777402, -0.63206678],
        [-0.25578053, -0.1247827 ,  0.        , ..., -0.47458749,
         -0.65698326, -0.72382246],
        ...,
        [ 0.23366013,  0.36104339,  0.47458749, ...,  0.        ,
         -0.22048818, -0.30965571],
        [ 0.44229437,  0.55777402,  0.65698326, ...,  0.22048818,
          0.        , -0.09238407],
        [ 0.52325937,  0.63206678,  0.72382246, ...,  0.30965571,
          0.09238407,  0.        ]],

       ...,

       [[ 0.        ,  0.08176747,  0.18304691, ..., -0.56027892,
         -0.59127976, -0.60700704],
        [-0.08176747,  0.        ,  0.10204802, ..., -0.62613111,
         -0.65524255, -0.66995476],
        [-0.18304691, -0.10204802,  0.        , ..., -0.70243103,
         -0.72891081, -0.74221789],
        ...,
        [ 0.56027892,  0.62613111,  0.70243103, ...,  0.        ,
         -0.03791321, -0.0575347 ],
        [ 0.59127976,  0.65524255,  0.72891081, ...,  0.03791321,
          0.        , -0.01964293],
        [ 0.60700704,  0.66995476,  0.74221789, ...,  0.0575347 ,
          0.01964293,  0.        ]],

       [[ 0.        ,  0.10836471,  0.24175188, ...,  0.49509147,
          0.47525694,  0.45731088],
        [-0.10836471,  0.        ,  0.13517785, ...,  0.39802429,
          0.37711387,  0.35824838],
        [-0.24175188, -0.13517785,  0.        , ...,  0.27036221,
          0.24845523,  0.22875455],
        ...,
        [-0.49509147, -0.39802429, -0.27036221, ...,  0.        ,
         -0.02268213, -0.04295789],
        [-0.47525694, -0.37711387, -0.24845523, ...,  0.02268213,
          0.        , -0.02028564],
        [-0.45731088, -0.35824838, -0.22875455, ...,  0.04295789,
          0.02028564,  0.        ]],

       [[ 0.        ,  0.21938404,  0.09777986, ...,  0.95581308,
          0.91554036,  0.86223443],
        [-0.21938404,  0.        , -0.12293496, ...,  0.99702156,
          0.98147849,  0.95234926],
        [-0.09777986,  0.12293496,  0.        , ...,  0.97997773,
          0.95048277,  0.90762908],
        ...,
        [-0.95581308, -0.99702156, -0.97997773, ...,  0.        ,
          0.11530691,  0.23065286],
        [-0.91554036, -0.98147849, -0.95048277, ..., -0.11530691,
          0.        ,  0.1169166 ],
        [-0.86223443, -0.95234926, -0.90762908, ..., -0.23065286,
         -0.1169166 ,  0.        ]]]), 'num': array([7.06922641e-01, 7.06922641e-01, 0.00000000e+00, 2.67189956e-04,
       2.72215472e-04, 2.65514783e-04, 2.28074351e-02, 3.35034427e-06,
       2.60656784e-04, 2.71419765e-04, 2.71615202e-04, 7.81746997e-07,
       2.94324184e-04, 2.48515347e-04])}
{'img': array([[[ 0.        ,  0.19653454,  0.        , ..., -0.38260524,
         -0.32199865, -0.20285358],
        [-0.19653454,  0.        , -0.19653454, ..., -0.55672386,
         -0.50178582, -0.39134572],
        [ 0.        ,  0.19653454,  0.        , ..., -0.38260524,
         -0.32199865, -0.20285358],
        ...,
        [ 0.38260524,  0.55672386,  0.38260524, ...,  0.        ,
          0.06472934,  0.18723168],
        [ 0.32199865,  0.50178582,  0.32199865, ..., -0.06472934,
          0.        ,  0.12325438],
        [ 0.20285358,  0.39134572,  0.20285358, ..., -0.18723168,
         -0.12325438,  0.        ]],

       [[ 0.        , -0.00214155, -0.26395682, ...,  0.37748198,
         -0.02339177, -0.11392785],
        [ 0.00214155,  0.        , -0.26189062, ...,  0.37946423,
         -0.02125075, -0.11179998],
        [ 0.26395682,  0.26189062,  0.        , ...,  0.60852288,
          0.24132243,  0.15235087],
        ...,
        [-0.37748198, -0.37946423, -0.60852288, ...,  0.        ,
         -0.39903987, -0.48052332],
        [ 0.02339177,  0.02125075, -0.24132243, ...,  0.39903987,
          0.        , -0.09065721],
        [ 0.11392785,  0.11179998, -0.15235087, ...,  0.48052332,
          0.09065721,  0.        ]],

       [[ 0.        ,  0.1247827 ,  0.15233505, ..., -0.55777402,
         -0.63206678, -0.57255841],
        [-0.1247827 ,  0.        ,  0.02781806, ..., -0.65698326,
         -0.72382246, -0.67038818],
        [-0.15233505, -0.02781806,  0.        , ..., -0.67770119,
         -0.74273643, -0.69077004],
        ...,
        [ 0.55777402,  0.65698326,  0.67770119, ...,  0.        ,
         -0.09238407, -0.01792059],
        [ 0.63206678,  0.72382246,  0.74273643, ...,  0.09238407,
          0.        ,  0.07452528],
        [ 0.57255841,  0.67038818,  0.69077004, ...,  0.01792059,
         -0.07452528,  0.        ]],

       ...,

       [[ 0.        ,  0.10204802, -0.11080569, ..., -0.65524255,
         -0.66995476, -0.58682984],
        [-0.10204802,  0.        , -0.21164684, ..., -0.72891081,
         -0.74221789, -0.66639561],
        [ 0.11080569,  0.21164684,  0.        , ..., -0.56750295,
         -0.58356688, -0.49349569],
        ...,
        [ 0.65524255,  0.72891081,  0.56750295, ...,  0.        ,
         -0.01964293,  0.08725447],
        [ 0.66995476,  0.74221789,  0.58356688, ...,  0.01964293,
          0.        ,  0.10680565],
        [ 0.58682984,  0.66639561,  0.49349569, ..., -0.08725447,
         -0.10680565,  0.        ]],

       [[ 0.        ,  0.13517785,  0.20284076, ...,  0.37711387,
          0.35824838,  0.33553143],
        [-0.13517785,  0.        ,  0.06861123, ...,  0.24845523,
          0.22875455,  0.20511025],
        [-0.20284076, -0.06861123,  0.        , ...,  0.18140993,
          0.16142355,  0.13747443],
        ...,
        [-0.37711387, -0.24845523, -0.18140993, ...,  0.        ,
         -0.02028564, -0.04449411],
        [-0.35824838, -0.22875455, -0.16142355, ...,  0.02028564,
          0.        , -0.0242194 ],
        [-0.33553143, -0.20511025, -0.13747443, ...,  0.04449411,
          0.0242194 ,  0.        ]],

       [[ 0.        , -0.19709938, -0.09855994, ...,  0.97719328,
          0.94560102,  0.87944444],
        [ 0.19709938,  0.        ,  0.09951319, ...,  0.91616976,
          0.86292958,  0.76837322],
        [ 0.09855994, -0.09951319,  0.        , ...,  0.95150605,
          0.90893263,  0.82824784],
        ...,
        [-0.97719328, -0.91616976, -0.95150605, ...,  0.        ,
          0.11710882,  0.27839388],
        [-0.94560102, -0.86292958, -0.90893263, ..., -0.11710882,
          0.        ,  0.16399911],
        [-0.87944444, -0.76837322, -0.82824784, ..., -0.27839388,
         -0.16399911,  0.        ]]]), 'num': array([7.06950757e-01, 7.06950757e-01, 0.00000000e+00, 2.67200582e-04,
       2.71388679e-04, 2.60499627e-04, 2.09922996e-02, 0.00000000e+00,
       2.62342390e-04, 2.71891251e-04, 2.71528282e-04, 7.46393507e-07,
       2.94055109e-04, 2.49727392e-04])}
{'img': array([[[ 0.        , -0.19653454, -0.41902111, ..., -0.50178582,
         -0.39134572, -0.39134572],
        [ 0.19653454,  0.        , -0.23240016, ..., -0.32199865,
         -0.20285358, -0.20285358],
        [ 0.41902111,  0.23240016,  0.        , ..., -0.09315986,
          0.03026884,  0.03026884],
        ...,
        [ 0.50178582,  0.32199865,  0.09315986, ...,  0.        ,
          0.12325438,  0.12325438],
        [ 0.39134572,  0.20285358, -0.03026884, ..., -0.12325438,
          0.        ,  0.        ],
        [ 0.39134572,  0.20285358, -0.03026884, ..., -0.12325438,
          0.        ,  0.        ]],

       [[ 0.        , -0.26189062, -0.21594494, ..., -0.02125075,
         -0.11179998, -0.14281347],
        [ 0.26189062,  0.        ,  0.04730351, ...,  0.24132243,
          0.15235087,  0.12137721],
        [ 0.21594494, -0.04730351,  0.        , ...,  0.19514683,
          0.10542901,  0.07428757],
        ...,
        [ 0.02125075, -0.24132243, -0.19514683, ...,  0.        ,
         -0.09065721, -0.12174829],
        [ 0.11179998, -0.15235087, -0.10542901, ...,  0.09065721,
          0.        , -0.03126414],
        [ 0.14281347, -0.12137721, -0.07428757, ...,  0.12174829,
          0.03126414,  0.        ]],

       [[ 0.        ,  0.02781806, -0.0901863 , ..., -0.72382246,
         -0.67038818, -0.60320116],
        [-0.02781806,  0.        , -0.1178561 , ..., -0.74273643,
         -0.69077004, -0.62515511],
        [ 0.0901863 ,  0.1178561 ,  0.        , ..., -0.65864551,
         -0.6007371 , -0.52881145],
        ...,
        [ 0.72382246,  0.74273643,  0.65864551, ...,  0.        ,
          0.07452528,  0.16111238],
        [ 0.67038818,  0.69077004,  0.6007371 , ..., -0.07452528,
          0.        ,  0.08711266],
        [ 0.60320116,  0.62515511,  0.52881145, ..., -0.16111238,
         -0.08711266,  0.        ]],

       ...,

       [[ 0.        , -0.21164684, -0.28320511, ..., -0.74221789,
         -0.66639561, -0.72085167],
        [ 0.21164684,  0.        , -0.07380756, ..., -0.58356688,
         -0.49349569, -0.55783147],
        [ 0.28320511,  0.07380756,  0.        , ..., -0.52203866,
         -0.42795569, -0.49505309],
        ...,
        [ 0.74221789,  0.58356688,  0.52203866, ...,  0.        ,
          0.10680565,  0.03133835],
        [ 0.66639561,  0.49349569,  0.42795569, ..., -0.10680565,
          0.        , -0.07559409],
        [ 0.72085167,  0.55783147,  0.49505309, ..., -0.03133835,
          0.07559409,  0.        ]],

       [[ 0.        ,  0.06861123,  0.10322822, ...,  0.22875455,
          0.20511025,  0.1926695 ],
        [-0.06861123,  0.        ,  0.03474027, ...,  0.16142355,
          0.13747443,  0.12488976],
        [-0.10322822, -0.03474027,  0.        , ...,  0.12704145,
          0.10298102,  0.0903461 ],
        ...,
        [-0.22875455, -0.16142355, -0.12704145, ...,  0.        ,
         -0.0242194 , -0.03690784],
        [-0.20511025, -0.13747443, -0.10298102, ...,  0.0242194 ,
          0.        , -0.01269411],
        [-0.1926695 , -0.12488976, -0.0903461 , ...,  0.03690784,
          0.01269411,  0.        ]],

       [[ 0.        ,  0.09951319,  0.32359006, ...,  0.86292958,
          0.76837322,  0.68747771],
        [-0.09951319,  0.        ,  0.22782472, ...,  0.90893263,
          0.82824784,  0.75633226],
        [-0.32359006, -0.22782472,  0.        , ...,  0.98001959,
          0.93413102,  0.88548248],
        ...,
        [-0.86292958, -0.90893263, -0.98001959, ...,  0.        ,
          0.16399911,  0.27926508],
        [-0.76837322, -0.82824784, -0.93413102, ..., -0.16399911,
          0.        ,  0.11800971],
        [-0.68747771, -0.75633226, -0.88548248, ..., -0.27926508,
         -0.11800971,  0.        ]]]), 'num': array([ 9.76923138e-01,  2.12447388e-01,  4.82319085e-05,  3.68777497e-04,
        3.74594176e-04,  3.65287489e-04,  2.20492647e-02, -2.32667190e-06,
        3.68312162e-04,  3.77735183e-04,  3.76804515e-04,  9.49662001e-07,
        4.08365181e-04,  3.47105186e-04])}
{'img': array([[[ 0.        , -0.23240016, -0.14420564, ..., -0.20285358,
         -0.20285358, -0.26210219],
        [ 0.23240016,  0.        ,  0.08971372, ...,  0.03026884,
          0.03026884, -0.03065043],
        [ 0.14420564, -0.08971372,  0.        , ..., -0.05952583,
         -0.05952583, -0.1201984 ],
        ...,
        [ 0.20285358, -0.03026884,  0.05952583, ...,  0.        ,
          0.        , -0.06089101],
        [ 0.20285358, -0.03026884,  0.05952583, ...,  0.        ,
          0.        , -0.06089101],
        [ 0.26210219,  0.03065043,  0.1201984 , ...,  0.06089101,
          0.06089101,  0.        ]],

       [[ 0.        ,  0.04730351,  0.05421738, ...,  0.15235087,
          0.12137721,  0.0185411 ],
        [-0.04730351,  0.        ,  0.00692275, ...,  0.10542901,
          0.07428757, -0.02877504],
        [-0.05421738, -0.00692275,  0.        , ...,  0.09854231,
          0.06738216, -0.03569424],
        ...,
        [-0.15235087, -0.10542901, -0.09854231, ...,  0.        ,
         -0.03126414, -0.13400002],
        [-0.12137721, -0.07428757, -0.06738216, ...,  0.03126414,
          0.        , -0.10295234],
        [-0.0185411 ,  0.02877504,  0.03569424, ...,  0.13400002,
          0.10295234,  0.        ]],

       [[ 0.        , -0.1178561 , -0.23473745, ..., -0.69077004,
         -0.62515511, -0.51226633],
        [ 0.1178561 ,  0.        , -0.11853843, ..., -0.6007371 ,
         -0.52881145, -0.40747823],
        [ 0.23473745,  0.11853843,  0.        , ..., -0.50173644,
         -0.42447482, -0.29635422],
        ...,
        [ 0.69077004,  0.6007371 ,  0.50173644, ...,  0.        ,
          0.08711266,  0.22284499],
        [ 0.62515511,  0.52881145,  0.42447482, ..., -0.08711266,
          0.        ,  0.13707572],
        [ 0.51226633,  0.40747823,  0.29635422, ..., -0.22284499,
         -0.13707572,  0.        ]],

       ...,

       [[ 0.        , -0.07380756, -0.03067871, ..., -0.49349569,
         -0.55783147, -0.6663224 ],
        [ 0.07380756,  0.        ,  0.04317778, ..., -0.42795569,
         -0.49505309, -0.60946938],
        [ 0.03067871, -0.04317778,  0.        , ..., -0.46658065,
         -0.53210697, -0.64313275],
        ...,
        [ 0.49349569,  0.42795569,  0.46658065, ...,  0.        ,
         -0.07559409, -0.21155087],
        [ 0.55783147,  0.49505309,  0.53210697, ...,  0.07559409,
          0.        , -0.13706238],
        [ 0.6663224 ,  0.60946938,  0.64313275, ...,  0.21155087,
          0.13706238,  0.        ]],

       [[ 0.        ,  0.03474027, -0.03022515, ...,  0.13747443,
          0.12488976,  0.12371976],
        [-0.03474027,  0.        , -0.0649313 , ...,  0.10298102,
          0.0903461 ,  0.08917171],
        [ 0.03022515,  0.0649313 ,  0.        , ...,  0.16734978,
          0.15482121,  0.15365617],
        ...,
        [-0.13747443, -0.10298102, -0.16734978, ...,  0.        ,
         -0.01269411, -0.01387316],
        [-0.12488976, -0.0903461 , -0.15482121, ...,  0.01269411,
          0.        , -0.00117915],
        [-0.12371976, -0.08917171, -0.15365617, ...,  0.01387316,
          0.00117915,  0.        ]],

       [[ 0.        ,  0.309069  ,  0.8386548 , ...,  0.76911839,
          0.68819659,  0.67322408],
        [-0.309069  ,  0.        ,  0.6292554 , ...,  0.92899001,
          0.87873928,  0.8688003 ],
        [-0.8386548 , -0.6292554 ,  0.        , ...,  0.95490016,
          0.98329984,  0.98681413],
        ...,
        [-0.76911839, -0.92899001, -0.95490016, ...,  0.        ,
          0.11818325,  0.13845399],
        [-0.68819659, -0.87873928, -0.98329984, ..., -0.11818325,
          0.        ,  0.02043867],
        [-0.67322408, -0.8688003 , -0.98681413, ..., -0.13845399,
         -0.02043867,  0.        ]]]), 'num': array([ 9.76940050e-01,  2.12976812e-01,  4.83521037e-05,  3.68530264e-04,
        3.70862734e-04,  3.63865324e-04,  1.50962125e-02, -1.16623501e-06,
        3.69929746e-04,  3.79026380e-04,  3.77549149e-04,  6.74449165e-07,
        4.09096252e-04,  3.48956507e-04])}
{'img': array([[[ 0.        ,  0.08971372,  0.        , ...,  0.03026884,
         -0.03065043, -0.06169783],
        [-0.08971372,  0.        , -0.08971372, ..., -0.05952583,
         -0.1201984 , -0.15099184],
        [ 0.        ,  0.08971372,  0.        , ...,  0.03026884,
         -0.03065043, -0.06169783],
        ...,
        [-0.03026884,  0.05952583, -0.03026884, ...,  0.        ,
         -0.06089101, -0.09188073],
        [ 0.03065043,  0.1201984 ,  0.03065043, ...,  0.06089101,
          0.        , -0.0310768 ],
        [ 0.06169783,  0.15099184,  0.06169783, ...,  0.09188073,
          0.0310768 ,  0.        ]],

       [[ 0.        ,  0.00692275, -0.23030824, ...,  0.07428757,
         -0.02877504, -0.18068423],
        [-0.00692275,  0.        , -0.23703938, ...,  0.06738216,
         -0.03569424, -0.18748871],
        [ 0.23030824,  0.23703938,  0.        , ...,  0.30196242,
          0.20221137,  0.05069061],
        ...,
        [-0.07428757, -0.06738216, -0.30196242, ...,  0.        ,
         -0.10295234, -0.25324985],
        [ 0.02877504,  0.03569424, -0.20221137, ...,  0.10295234,
          0.        , -0.15230797],
        [ 0.18068423,  0.18748871, -0.05069061, ...,  0.25324985,
          0.15230797,  0.        ]],

       [[ 0.        , -0.11853843, -0.17456387, ..., -0.52881145,
         -0.40747823, -0.3861719 ],
        [ 0.11853843,  0.        , -0.05661473, ..., -0.42447482,
         -0.29635422, -0.27410616],
        [ 0.17456387,  0.05661473,  0.        , ..., -0.37253279,
         -0.24180742, -0.21922017],
        ...,
        [ 0.52881145,  0.42447482,  0.37253279, ...,  0.        ,
          0.13707572,  0.16003059],
        [ 0.40747823,  0.29635422,  0.24180742, ..., -0.13707572,
          0.        ,  0.0232109 ],
        [ 0.3861719 ,  0.27410616,  0.21922017, ..., -0.16003059,
         -0.0232109 ,  0.        ]],

       ...,

       [[ 0.        ,  0.04317778, -0.60670105, ..., -0.49505309,
         -0.60946938, -0.92312251],
        [-0.04317778,  0.        , -0.64045856, ..., -0.53210697,
         -0.64313275, -0.93886372],
        [ 0.60670105,  0.64045856,  0.        , ...,  0.13360734,
         -0.00348712, -0.50053768],
        ...,
        [ 0.49505309,  0.53210697, -0.13360734, ...,  0.        ,
         -0.13706238, -0.61171587],
        [ 0.60946938,  0.64313275,  0.00348712, ...,  0.13706238,
          0.        , -0.49751578],
        [ 0.92312251,  0.93886372,  0.50053768, ...,  0.61171587,
          0.49751578,  0.        ]],

       [[ 0.        , -0.0649313 , -0.04211198, ...,  0.0903461 ,
          0.08917171,  0.07987168],
        [ 0.0649313 ,  0.        ,  0.02285058, ...,  0.15482121,
          0.15365617,  0.14442698],
        [ 0.04211198, -0.02285058,  0.        , ...,  0.13220572,
          0.13103683,  0.12177826],
        ...,
        [-0.0903461 , -0.15482121, -0.13220572, ...,  0.        ,
         -0.00117915, -0.01051242],
        [-0.08917171, -0.15365617, -0.13103683, ...,  0.00117915,
          0.        , -0.00933333],
        [-0.07987168, -0.14442698, -0.12177826, ...,  0.01051242,
          0.00933333,  0.        ]],

       [[ 0.        ,  0.81216639,  0.85405753, ...,  0.695386  ,
          0.68033653,  0.61936683],
        [-0.81216639,  0.        ,  0.07580772, ...,  0.98935854,
          0.99216257,  0.99898788],
        [-0.85405753, -0.07580772,  0.        , ...,  0.97548174,
          0.97983512,  0.99270339],
        ...,
        [-0.695386  , -0.98935854, -0.97548174, ...,  0.        ,
          0.02073369,  0.10084918],
        [-0.68033653, -0.99216257, -0.97983512, ..., -0.02073369,
          0.        ,  0.08019952],
        [-0.61936683, -0.99898788, -0.99270339, ..., -0.10084918,
         -0.08019952,  0.        ]]]), 'num': array([9.99381688e-01, 2.67058502e-02, 6.15617619e-05, 3.77006139e-04,
       3.85357540e-04, 3.77006139e-04, 2.28442336e-02, 0.00000000e+00,
       3.78676419e-04, 3.87206779e-04, 3.86192681e-04, 7.53509937e-07,
       4.18322256e-04, 3.56091303e-04])}
{'img': array([[[ 0.        , -0.08971372, -0.15099184, ..., -0.1201984 ,
         -0.15099184, -0.15099184],
        [ 0.08971372,  0.        , -0.06169783, ..., -0.03065043,
         -0.06169783, -0.06169783],
        [ 0.15099184,  0.06169783,  0.        , ...,  0.0310768 ,
          0.        ,  0.        ],
        ...,
        [ 0.1201984 ,  0.03065043, -0.0310768 , ...,  0.        ,
         -0.0310768 , -0.0310768 ],
        [ 0.15099184,  0.06169783,  0.        , ...,  0.0310768 ,
          0.        ,  0.        ],
        [ 0.15099184,  0.06169783,  0.        , ...,  0.0310768 ,
          0.        ,  0.        ]],

       [[ 0.        , -0.23703938,  0.02218226, ..., -0.03569424,
         -0.18748871, -0.03193515],
