state_0,state_1,state_2,state_3,state_4,state_5,state_6,state_7,state_8,state_9,state_10,state_11,state_12,state_13,state_14,state_15,state_16,state_17,state_18,state_19,state_20,state_21,state_22,state_23,state_24,state_25,state_26,state_27,state_28,state_29,state_30,state_31,state_32,state_33,state_34,state_35,state_36,state_37,state_38,state_39,state_40,state_41,state_42,state_43,state_44,state_45,state_46,state_47,state_48,state_49,state_50,state_51,state_52,state_53,state_54,state_55,state_56,state_57,state_58,state_59,state_60,state_61,state_62,state_63,state_64,state_65,state_66,state_67,state_68,state_69,state_70,state_71,state_72,state_73,state_74,state_75,state_76,state_77,state_78,state_79,state_80,state_81,state_82,state_83,state_84,state_85,state_86,state_87,state_88,state_89,state_90,state_91,state_92,state_93,state_94,state_95,state_96,state_97,state_98,state_99,state_100,state_101,state_102,state_103,state_104,state_105,state_106,state_107,state_108,state_109,state_110,state_111,state_112,state_113,state_114,state_115,state_116,state_117,state_118,state_119,state_120,state_121,state_122,state_123,state_124,state_125,state_126,state_127,state_128,state_129,state_130,state_131,state_132,state_133,state_134,state_135,state_136,state_137,state_138,state_139,state_140,state_141,state_142,state_143,state_144,state_145,state_146,state_147,state_148,state_149,state_150,state_151,state_152,state_153,state_154,state_155,state_156,state_157,state_158,state_159,state_160,state_161,state_162,state_163,state_164,state_165,state_166,state_167,state_168,state_169,state_170,state_171,state_172,state_173,state_174,state_175,state_176,state_177,state_178,state_179,state_180,state_181,state_182,state_183,state_184,state_185,state_186,state_187,state_188,state_189,state_190,state_191,state_192,state_193,state_194,state_195,state_196,state_197,state_198,state_199,state_200,state_201,state_202,state_203,state_204,state_205,state_206,state_207,state_208,state_209,state_210,state_211,state_212,state_213,state_214,state_215,state_216,state_217,state_218,state_219,state_220,state_221,state_222,state_223,state_224,state_225,state_226,state_227,state_228,state_229,state_230,state_231,state_232,state_233,state_234,state_235,state_236,state_237,state_238,state_239,state_240,state_241,state_242,state_243,state_244,state_245,state_246,state_247,state_248,state_249,state_250,state_251,state_252,state_253,state_254,state_255,state_256,state_257,state_258,state_259,state_260,state_261,state_262,state_263,state_264,state_265,state_266,state_267,state_268,state_269,state_270,state_271,state_272,state_273,state_274,state_275,state_276,state_277,state_278,state_279,state_280,state_281,state_282,state_283,state_284,state_285,state_286,state_287
{'img': array([[[ 0.00000000e+00,  1.74655412e-01,  3.00981618e-01, ...,
          9.52047481e-01,  9.22101821e-01,  8.39732019e-01],
        [-1.74655412e-01,  0.00000000e+00,  1.29798786e-01, ...,
          8.83978271e-01,  8.40346321e-01,  7.31986947e-01],
        [-3.00981618e-01, -1.29798786e-01,  0.00000000e+00, ...,
          8.15815563e-01,  7.62879875e-01,  6.37360263e-01],
        ...,
        [-9.52047481e-01, -8.83978271e-01, -8.15815563e-01, ...,
          0.00000000e+00, -8.62748827e-02, -2.60046503e-01],
        [-9.22101821e-01, -8.40346321e-01, -7.62879875e-01, ...,
          8.62748827e-02,  0.00000000e+00, -1.75770196e-01],
        [-8.39732019e-01, -7.31986947e-01, -6.37360263e-01, ...,
          2.60046503e-01,  1.75770196e-01,  0.00000000e+00]],

       [[ 0.00000000e+00, -8.81394016e-01, -7.77507855e-01, ...,
         -8.31712641e-01, -7.10250969e-01, -9.23203571e-01],
        [ 8.81394016e-01,  0.00000000e+00,  1.87004519e-01, ...,
          9.64696124e-02,  2.84946389e-01, -9.73749179e-02],
        [ 7.77507855e-01, -1.87004519e-01,  0.00000000e+00, ...,
         -9.13645197e-02,  1.00667708e-01, -2.81772963e-01],
        ...,
        [ 8.31712641e-01, -9.64696124e-02,  9.13645197e-02, ...,
          0.00000000e+00,  1.91147064e-01, -1.92931921e-01],
        [ 7.10250969e-01, -2.84946389e-01, -1.00667708e-01, ...,
         -1.91147064e-01,  0.00000000e+00, -3.76930349e-01],
        [ 9.23203571e-01,  9.73749179e-02,  2.81772963e-01, ...,
          1.92931921e-01,  3.76930349e-01,  0.00000000e+00]],

       [[ 0.00000000e+00,  4.26262192e-01,  5.87534223e-01, ...,
          3.35392837e-01,  6.14705913e-01,  7.63628501e-01],
        [-4.26262192e-01,  0.00000000e+00,  1.86552182e-01, ...,
          7.04968635e-01,  8.92279787e-01,  9.65996772e-01],
        [-5.87534223e-01, -1.86552182e-01,  0.00000000e+00, ...,
          8.24902935e-01,  9.60840978e-01,  9.97272587e-01],
        ...,
        [-3.35392837e-01, -7.04968635e-01, -8.24902935e-01, ...,
          0.00000000e+00, -3.14557899e-01, -5.02849533e-01],
        [-6.14705913e-01, -8.92279787e-01, -9.60840978e-01, ...,
          3.14557899e-01,  0.00000000e+00, -2.05428373e-01],
        [-7.63628501e-01, -9.65996772e-01, -9.97272587e-01, ...,
          5.02849533e-01,  2.05428373e-01,  0.00000000e+00]],

       ...,

       [[ 0.00000000e+00, -3.48780882e-01,  9.84702703e-01, ...,
         -3.96529224e-01, -3.54205112e-01, -6.74628936e-01],
        [ 3.48780882e-01,  0.00000000e+00,  9.83640196e-01, ...,
         -5.14403361e-02, -5.79391767e-03, -3.74810079e-01],
        [-9.84702703e-01, -9.83640196e-01,  0.00000000e+00, ...,
         -9.73071242e-01, -9.82579944e-01, -8.44414519e-01],
        ...,
        [ 3.96529224e-01,  5.14403361e-02,  9.73071242e-01, ...,
          0.00000000e+00,  4.56532258e-02, -3.26623438e-01],
        [ 3.54205112e-01,  5.79391767e-03,  9.82579944e-01, ...,
         -4.56532258e-02,  0.00000000e+00, -3.69432237e-01],
        [ 6.74628936e-01,  3.74810079e-01,  8.44414519e-01, ...,
          3.26623438e-01,  3.69432237e-01,  0.00000000e+00]],

       [[ 0.00000000e+00,  3.56830546e-01,  5.29450094e-01, ...,
          7.59678241e-01,  7.64485145e-01,  7.72269901e-01],
        [-3.56830546e-01,  0.00000000e+00,  1.91881921e-01, ...,
          9.41714558e-01,  9.44186145e-01,  9.48123211e-01],
        [-5.29450094e-01, -1.91881921e-01,  0.00000000e+00, ...,
          9.88767204e-01,  9.89849578e-01,  9.91505060e-01],
        ...,
        [-7.59678241e-01, -9.41714558e-01, -9.88767204e-01, ...,
          0.00000000e+00, -7.42402756e-03, -1.95869839e-02],
        [-7.64485145e-01, -9.44186145e-01, -9.89849578e-01, ...,
          7.42402756e-03,  0.00000000e+00, -1.21638408e-02],
        [-7.72269901e-01, -9.48123211e-01, -9.91505060e-01, ...,
          1.95869839e-02,  1.21638408e-02,  0.00000000e+00]],

       [[ 0.00000000e+00,  1.75777892e-01,  1.76661367e-01, ...,
          4.64122000e-01,  3.82767988e-01,  3.22472976e-01],
        [-1.75777892e-01,  0.00000000e+00,  8.97520900e-04, ...,
          6.12594561e-01,  5.39199673e-01,  4.83839627e-01],
        [-1.76661367e-01, -8.97520900e-04,  0.00000000e+00, ...,
          6.13303712e-01,  5.39955328e-01,  4.84624904e-01],
        ...,
        [-4.64122000e-01, -6.12594561e-01, -6.13303712e-01, ...,
          0.00000000e+00,  8.97316662e-02,  1.53690684e-01],
        [-3.82767988e-01, -5.39199673e-01, -5.39955328e-01, ...,
         -8.97316662e-02,  0.00000000e+00,  6.44051268e-02],
        [-3.22472976e-01, -4.83839627e-01, -4.84624904e-01, ...,
         -1.53690684e-01, -6.44051268e-02,  0.00000000e+00]]]), 'num': array([9.99979100e-01, 3.28326786e-03, 3.04334605e-05, 7.69055426e-04,
       7.77274339e-04, 7.49095209e-04, 5.12836685e-03, 1.40895651e-05,
       7.72342991e-04, 7.74280306e-04, 7.50915111e-04, 1.08690930e-06,
       8.14314366e-04, 7.34246247e-04])}
{'img': array([[[ 0.        ,  0.12979879,  0.        , ...,  0.84034632,
          0.73198695,  0.83265345],
        [-0.12979879,  0.        , -0.12979879, ...,  0.76287987,
          0.63736026,  0.75372765],
        [ 0.        ,  0.12979879,  0.        , ...,  0.84034632,
          0.73198695,  0.83265345],
        ...,
        [-0.84034632, -0.76287987, -0.84034632, ...,  0.        ,
         -0.1757702 , -0.0140394 ],
        [-0.73198695, -0.63736026, -0.73198695, ...,  0.1757702 ,
          0.        ,  0.16193205],
        [-0.83265345, -0.75372765, -0.83265345, ...,  0.0140394 ,
         -0.16193205,  0.        ]],

       [[ 0.        ,  0.18700452,  0.23344249, ...,  0.28494639,
         -0.09737492, -0.08941218],
        [-0.18700452,  0.        ,  0.04748665, ...,  0.10066771,
         -0.28177296, -0.27409038],
        [-0.23344249, -0.04748665,  0.        , ...,  0.05330872,
         -0.32701763, -0.31944926],
        ...,
        [-0.28494639, -0.10066771, -0.05330872, ...,  0.        ,
         -0.37693035, -0.36951056],
        [ 0.09737492,  0.28177296,  0.32701763, ...,  0.37693035,
          0.        ,  0.00799763],
        [ 0.08941218,  0.27409038,  0.31944926, ...,  0.36951056,
         -0.00799763,  0.        ]],

       [[ 0.        ,  0.19396212,  0.2708561 , ...,  0.88223577,
          0.96030943,  0.98240626],
        [-0.19396212,  0.        ,  0.07900049, ...,  0.95680014,
          0.99617541,  0.99997306],
        [-0.2708561 , -0.07900049,  0.        , ...,  0.97677885,
          0.99996468,  0.99626787],
        ...,
        [-0.88223577, -0.95680014, -0.97677885, ...,  0.        ,
         -0.20603313, -0.29776143],
        [-0.96030943, -0.99617541, -0.99996468, ...,  0.20603313,
          0.        , -0.09468543],
        [-0.98240626, -0.99997306, -0.99626787, ...,  0.29776143,
          0.09468543,  0.        ]],

       ...,

       [[ 0.        ,  0.9836402 ,  0.99244771, ..., -0.00579392,
         -0.37481008, -0.27313873],
        [-0.9836402 ,  0.        , -0.29944536, ..., -0.98257994,
         -0.84441452, -0.89703255],
        [-0.99244771,  0.29944536,  0.        , ..., -0.99314179,
         -0.96607723, -0.98821504],
        ...,
        [ 0.00579392,  0.98257994,  0.99314179, ...,  0.        ,
         -0.36943224, -0.26756054],
        [ 0.37481008,  0.84441452,  0.96607723, ...,  0.36943224,
          0.        ,  0.10733044],
        [ 0.27313873,  0.89703255,  0.98821504, ...,  0.26756054,
         -0.10733044,  0.        ]],

       [[ 0.        ,  0.41185203,  0.51073448, ...,  0.77452242,
          0.78231615,  0.78662703],
        [-0.41185203,  0.        ,  0.11132212, ...,  0.96629967,
          0.96942121,  0.97110363],
        [-0.51073448, -0.11132212,  0.        , ...,  0.98895003,
          0.99071441,  0.99163555],
        ...,
        [-0.77452242, -0.96629967, -0.98895003, ...,  0.        ,
         -0.01241557, -0.01936594],
        [-0.78231615, -0.96942121, -0.99071441, ...,  0.01241557,
          0.        , -0.00695121],
        [-0.78662703, -0.97110363, -0.99163555, ...,  0.01936594,
          0.00695121,  0.        ]],

       [[ 0.        ,  0.01785436,  0.2335833 , ...,  0.384207  ,
          0.32370073,  0.21644436],
        [-0.01785436,  0.        ,  0.21618562, ...,  0.40062974,
          0.34054221,  0.23384098],
        [-0.2335833 , -0.21618562,  0.        , ...,  0.58923369,
          0.5357532 ,  0.43850302],
        ...,
        [-0.384207  , -0.40062974, -0.58923369, ...,  0.        ,
          0.06466539,  0.17526776],
        [-0.32370073, -0.34054221, -0.5357532 , ..., -0.06466539,
          0.        ,  0.1112365 ],
        [-0.21644436, -0.23384098, -0.43850302, ..., -0.17526776,
         -0.1112365 ,  0.        ]]]), 'num': array([6.88897769e-01, 6.88897769e-01, 0.00000000e+00, 3.81764180e-02,
       3.84634588e-02, 3.74875203e-02, 1.98490966e-01, 5.74081474e-04,
       3.76712263e-02, 3.79410446e-02, 3.67957521e-02, 6.07458304e-05,
       3.98016001e-02, 3.60804892e-02])}
{'img': array([[[ 0.        , -0.12979879,  0.08241997, ...,  0.63736026,
          0.75372765,  0.84090907],
        [ 0.12979879,  0.        ,  0.2110799 , ...,  0.73198695,
          0.83265345,  0.90403932],
        [-0.08241997, -0.2110799 ,  0.        , ...,  0.57168174,
          0.69699791,  0.79344428],
        ...,
        [-0.63736026, -0.73198695, -0.57168174, ...,  0.        ,
          0.16193205,  0.30305155],
        [-0.75372765, -0.83265345, -0.69699791, ..., -0.16193205,
          0.        ,  0.14473478],
        [-0.84090907, -0.90403932, -0.79344428, ..., -0.30305155,
         -0.14473478,  0.        ]],

       [[ 0.        ,  0.04748665,  0.60446692, ..., -0.28177296,
         -0.27409038, -0.46112494],
        [-0.04748665,  0.        ,  0.56595571, ..., -0.32701763,
         -0.31944926, -0.50274131],
        [-0.60446692, -0.56595571,  0.        , ..., -0.80444346,
         -0.7996669 , -0.90371086],
        ...,
        [ 0.28177296,  0.32701763,  0.80444346, ...,  0.        ,
          0.00799763, -0.1924136 ],
        [ 0.27409038,  0.31944926,  0.7996669 , ..., -0.00799763,
          0.        , -0.20025563],
        [ 0.46112494,  0.50274131,  0.90371086, ...,  0.1924136 ,
          0.20025563,  0.        ]],

       [[ 0.        ,  0.07900049,  0.17952583, ...,  0.99617541,
          0.99997306,  0.99918914],
        [-0.07900049,  0.        ,  0.10124774, ...,  0.99996468,
          0.99626787,  0.9928855 ],
        [-0.17952583, -0.10124774,  0.        , ...,  0.99567705,
          0.98240906,  0.97572742],
        ...,
        [-0.99617541, -0.99996468, -0.99567705, ...,  0.        ,
         -0.09468543, -0.12741357],
        [-0.99997306, -0.99626787, -0.98240906, ...,  0.09468543,
          0.        , -0.03292742],
        [-0.99918914, -0.9928855 , -0.97572742, ...,  0.12741357,
          0.03292742,  0.        ]],

       ...,

       [[ 0.        , -0.29944536, -0.48900655, ..., -0.84441452,
         -0.89703255, -0.99318561],
        [ 0.29944536,  0.        , -0.2053675 , ..., -0.96607723,
         -0.98821504, -0.9825101 ],
        [ 0.48900655,  0.2053675 ,  0.        , ..., -0.99852207,
         -0.99858718, -0.92332649],
        ...,
        [ 0.84441452,  0.96607723,  0.99852207, ...,  0.        ,
          0.10733044,  0.43362908],
        [ 0.89703255,  0.98821504,  0.99858718, ..., -0.10733044,
          0.        ,  0.33440964],
        [ 0.99318561,  0.9825101 ,  0.92332649, ..., -0.43362908,
         -0.33440964,  0.        ]],

       [[ 0.        ,  0.14041784,  0.26789748, ...,  0.93944654,
          0.94183637,  0.94361176],
        [-0.14041784,  0.        ,  0.12995803, ...,  0.97825938,
          0.97969544,  0.98074868],
        [-0.26789748, -0.12995803,  0.        , ...,  0.99691461,
          0.99744261,  0.99780889],
        ...,
        [-0.93944654, -0.97825938, -0.99691461, ...,  0.        ,
         -0.00704157, -0.0123638 ],
        [-0.94183637, -0.97969544, -0.99744261, ...,  0.00704157,
          0.        , -0.00532246],
        [-0.94361176, -0.98074868, -0.99780889, ...,  0.0123638 ,
          0.00532246,  0.        ]],

       [[ 0.        ,  0.23146447,  0.42585535, ...,  0.38852777,
          0.30859949,  0.        ],
        [-0.23146447,  0.        ,  0.20486352, ...,  0.59125659,
          0.52038614,  0.23146447],
        [-0.42585535, -0.20486352,  0.        , ...,  0.74393541,
          0.68428836,  0.42585535],
        ...,
        [-0.38852777, -0.59125659, -0.74393541, ...,  0.        ,
          0.08520954,  0.38852777],
        [-0.30859949, -0.52038614, -0.68428836, ..., -0.08520954,
          0.        ,  0.30859949],
        [-0.        , -0.23146447, -0.42585535, ..., -0.38852777,
         -0.30859949,  0.        ]]]), 'num': array([ 8.58649164e-01,  3.42727087e-01,  1.60974127e-05,  4.69020070e-02,
        4.87312584e-02,  4.69020070e-02,  3.56326474e-01, -1.75608139e-03,
        4.77068776e-02,  4.83800422e-02,  4.69605431e-02,  7.69765925e-05,
        5.06881371e-02,  4.60719472e-02])}
{'img': array([[[ 0.        ,  0.2110799 ,  0.33843532, ...,  0.83265345,
          0.90403932,  0.71381506],
        [-0.2110799 ,  0.        ,  0.13218597, ...,  0.69699791,
          0.79344428,  0.54990548],
        [-0.33843532, -0.13218597,  0.        , ...,  0.59609469,
          0.70602771,  0.43467475],
        ...,
        [-0.83265345, -0.69699791, -0.59609469, ...,  0.        ,
          0.14473478, -0.18782894],
        [-0.90403932, -0.79344428, -0.70602771, ..., -0.14473478,
          0.        , -0.32800995],
        [-0.71381506, -0.54990548, -0.43467475, ...,  0.18782894,
          0.32800995,  0.        ]],

       [[ 0.        ,  0.56595571,  0.46373414, ..., -0.31944926,
         -0.50274131, -0.23540836],
        [-0.56595571,  0.        , -0.11910332, ..., -0.7996669 ,
         -0.90371086, -0.74412944],
        [-0.46373414,  0.11910332,  0.        , ..., -0.72245991,
         -0.84628484, -0.65926739],
        ...,
        [ 0.31944926,  0.7996669 ,  0.72245991, ...,  0.        ,
         -0.20025563,  0.08739788],
        [ 0.50274131,  0.90371086,  0.84628484, ...,  0.20025563,
          0.        ,  0.28511687],
        [ 0.23540836,  0.74412944,  0.65926739, ..., -0.08739788,
         -0.28511687,  0.        ]],

       [[ 0.        ,  0.10124774,  0.25948058, ...,  0.99626787,
          0.9928855 ,  0.97951933],
        [-0.10124774,  0.        ,  0.16036734, ...,  0.98240906,
          0.97572742,  0.95409957],
        [-0.25948058, -0.16036734,  0.        , ...,  0.93974687,
          0.92798036,  0.8937227 ],
        ...,
        [-0.99626787, -0.98240906, -0.93974687, ...,  0.        ,
         -0.03292742, -0.11605116],
        [-0.9928855 , -0.97572742, -0.92798036, ...,  0.03292742,
          0.        , -0.08328329],
        [-0.97951933, -0.95409957, -0.8937227 , ...,  0.11605116,
          0.08328329,  0.        ]],

       ...,

       [[ 0.        , -0.40061829, -0.74964568, ..., -0.90337065,
         -0.9954008 , -0.99380014],
        [ 0.40061829,  0.        , -0.42171418, ..., -0.99951831,
         -0.95040946, -0.95510572],
        [ 0.74964568,  0.42171418,  0.        , ..., -0.91937981,
         -0.73060995, -0.74108266],
        ...,
        [ 0.90337065,  0.99951831,  0.91937981, ...,  0.        ,
          0.34034722,  0.32576385],
        [ 0.9954008 ,  0.95040946,  0.73060995, ..., -0.34034722,
          0.        , -0.01546598],
        [ 0.99380014,  0.95510572,  0.74108266, ..., -0.32576385,
          0.01546598,  0.        ]],

       [[ 0.        ,  0.12995803,  0.2910842 , ...,  0.97969544,
          0.98074868,  0.98312677],
        [-0.12995803,  0.        ,  0.16428515, ...,  0.99744261,
          0.99780889,  0.998562  ],
        [-0.2910842 , -0.16428515,  0.        , ...,  0.99563203,
          0.995121  ,  0.9938016 ],
        ...,
        [-0.97969544, -0.99744261, -0.99563203, ...,  0.        ,
         -0.00532246, -0.01789723],
        [-0.98074868, -0.99780889, -0.995121  , ...,  0.00532246,
          0.        , -0.01257536],
        [-0.98312677, -0.998562  , -0.9938016 , ...,  0.01789723,
          0.01257536,  0.        ]],

       [[ 0.        ,  0.36338483,  0.43111759, ...,  0.3604842 ,
          0.18994513,  0.        ],
        [-0.36338483,  0.        ,  0.07376543, ...,  0.67479395,
          0.53372962,  0.36338483],
        [-0.43111759, -0.07376543,  0.        , ...,  0.7273949 ,
          0.59465565,  0.43111759],
        ...,
        [-0.3604842 , -0.67479395, -0.7273949 , ...,  0.        ,
          0.17674725,  0.3604842 ],
        [-0.18994513, -0.53372962, -0.59465565, ..., -0.17674725,
          0.        ,  0.18994513],
        [-0.        , -0.36338483, -0.43111759, ..., -0.3604842 ,
         -0.18994513,  0.        ]]]), 'num': array([ 5.91304066e-01,  2.42612235e-01,  1.13951579e-05,  3.16992574e-02,
        3.35639196e-02,  3.11812957e-02,  7.63331585e-01, -1.50208899e-03,
        3.33152980e-02,  3.41233182e-02,  3.32695447e-02,  4.10991366e-05,
        3.60996256e-02,  3.21470109e-02])}
{'img': array([[[ 0.        ,  0.13218597, -0.09640348, ...,  0.79344428,
          0.54990548,  0.20864017],
        [-0.13218597,  0.        , -0.22712782, ...,  0.70602771,
          0.43467475,  0.07753246],
        [ 0.09640348,  0.22712782,  0.        , ...,  0.84842398,
          0.62786299,  0.30195028],
        ...,
        [-0.79344428, -0.70602771, -0.84842398, ...,  0.        ,
         -0.32800995, -0.64899518],
        [-0.54990548, -0.43467475, -0.62786299, ...,  0.32800995,
          0.        , -0.36354154],
        [-0.20864017, -0.07753246, -0.30195028, ...,  0.64899518,
          0.36354154,  0.        ]],

       [[ 0.        , -0.11910332, -0.44549699, ..., -0.90371086,
         -0.74412944,  0.27772927],
        [ 0.11910332,  0.        , -0.33569465, ..., -0.84628484,
         -0.65926739,  0.39017008],
        [ 0.44549699,  0.33569465,  0.        , ..., -0.61834082,
         -0.36859898,  0.67661728],
        ...,
        [ 0.90371086,  0.84628484,  0.61834082, ...,  0.        ,
          0.28511687,  0.98706624],
        [ 0.74412944,  0.65926739,  0.36859898, ..., -0.28511687,
          0.        ,  0.90038793],
        [-0.27772927, -0.39017008, -0.67661728, ..., -0.98706624,
         -0.90038793,  0.        ]],

       [[ 0.        ,  0.16036734,  0.19305375, ...,  0.97572742,
          0.95409957,  0.89230168],
        [-0.16036734,  0.        ,  0.0332046 , ...,  0.92798036,
          0.8937227 ,  0.80835681],
        [-0.19305375, -0.0332046 ,  0.        , ...,  0.91509565,
          0.87833363,  0.78836375],
        ...,
        [-0.97572742, -0.92798036, -0.91509565, ...,  0.        ,
         -0.08328329, -0.24507812],
        [-0.95409957, -0.8937227 , -0.87833363, ...,  0.08328329,
          0.        , -0.16348327],
        [-0.89230168, -0.80835681, -0.78836375, ...,  0.24507812,
          0.16348327,  0.        ]],

       ...,

       [[ 0.        , -0.53341707, -0.98014802, ..., -0.9895864 ,
         -0.99175268, -0.80057077],
        [ 0.53341707,  0.        , -0.72330146, ..., -0.76026387,
         -0.77051019, -0.99680858],
        [ 0.98014802,  0.72330146,  0.        , ..., -0.05511981,
         -0.07100989, -0.74606902],
        ...,
        [ 0.9895864 ,  0.76026387,  0.05511981, ...,  0.        ,
         -0.01592128, -0.70823226],
        [ 0.99175268,  0.77051019,  0.07100989, ...,  0.01592128,
          0.        , -0.69690239],
        [ 0.80057077,  0.99680858,  0.74606902, ...,  0.70823226,
          0.69690239,  0.        ]],

       [[ 0.        ,  0.16428515,  0.199469  , ...,  0.99780889,
          0.998562  ,  0.98868805],
        [-0.16428515,  0.        ,  0.03577509, ...,  0.995121  ,
          0.9938016 ,  0.99989519],
        [-0.199469  , -0.03577509,  0.        , ...,  0.99095434,
          0.98918838,  0.99873716],
        ...,
        [-0.99780889, -0.995121  , -0.99095434, ...,  0.        ,
         -0.01257536,  0.08424421],
        [-0.998562  , -0.9938016 , -0.98918838, ...,  0.01257536,
          0.        ,  0.0967682 ],
        [-0.98868805, -0.99989519, -0.99873716, ..., -0.08424421,
         -0.0967682 ,  0.        ]],

       [[ 0.        ,  0.24462344,  0.45863559, ...,  0.19324557,
          0.        ,  0.5199448 ],
        [-0.24462344,  0.        ,  0.22732303, ...,  0.42738681,
          0.24462344,  0.71310523],
        [-0.45863559, -0.22732303,  0.        , ...,  0.62171324,
          0.45863559,  0.85380212],
        ...,
        [-0.19324557, -0.42738681, -0.62171324, ...,  0.        ,
          0.19324557, -0.34507372],
        [-0.        , -0.24462344, -0.45863559, ..., -0.19324557,
          0.        , -0.5199448 ],
        [-0.5199448 , -0.71310523, -0.85380212, ...,  0.34507372,
          0.5199448 ,  0.        ]]]), 'num': array([8.44974636e-01, 3.41105845e-01, 1.60212652e-05, 4.58062538e-02,
       4.59519016e-02, 4.45682469e-02, 3.90129460e-01, 1.23800686e-03,
       4.66364466e-02, 4.78963006e-02, 4.68160790e-02, 6.52154622e-05,
       5.08241850e-02, 4.49684162e-02])}
{'img': array([[[ 0.        , -0.22712782, -0.43875719, ...,  0.43467475,
          0.07753246,  0.29042205],
        [ 0.22712782,  0.        , -0.22319191, ...,  0.62786299,
          0.30195028,  0.50017016],
        [ 0.43875719,  0.22319191,  0.        , ...,  0.78574043,
          0.50710757,  0.68082106],
        ...,
        [-0.43467475, -0.62786299, -0.78574043, ...,  0.        ,
         -0.36354154, -0.15438921],
        [-0.07753246, -0.30195028, -0.50710757, ...,  0.36354154,
          0.        ,  0.21535712],
        [-0.29042205, -0.50017016, -0.68082106, ...,  0.15438921,
         -0.21535712,  0.        ]],

       [[ 0.        , -0.33569465, -0.14312044, ..., -0.65926739,
          0.39017008, -0.59992367],
        [ 0.33569465,  0.        ,  0.19742348, ..., -0.36859898,
          0.67661728, -0.29653568],
        [ 0.14312044, -0.19742348,  0.        , ..., -0.54486693,
          0.5179305 , -0.47924308],
        ...,
        [ 0.65926739,  0.36859898,  0.54486693, ...,  0.        ,
          0.90038793,  0.07636389],
        [-0.39017008, -0.67661728, -0.5179305 , ..., -0.90038793,
          0.        , -0.8645338 ],
        [ 0.59992367,  0.29653568,  0.47924308, ..., -0.07636389,
          0.8645338 ,  0.        ]],

       [[ 0.        ,  0.0332046 , -0.03400644, ...,  0.8937227 ,
          0.80835681,  0.77781279],
        [-0.0332046 ,  0.        , -0.06717308, ...,  0.87833363,
          0.78836375,  0.75651493],
        [ 0.03400644,  0.06717308,  0.        , ...,  0.90846174,
          0.82790862,  0.79873583],
        ...,
        [-0.8937227 , -0.87833363, -0.90846174, ...,  0.        ,
         -0.16348327, -0.21275893],
        [-0.80835681, -0.78836375, -0.82790862, ...,  0.16348327,
          0.        , -0.05015622],
        [-0.77781279, -0.75651493, -0.79873583, ...,  0.21275893,
          0.05015622,  0.        ]],

       ...,

       [[ 0.        , -0.72330146, -0.89650736, ..., -0.77051019,
         -0.99680858, -0.96559638],
        [ 0.72330146,  0.        , -0.29862397, ..., -0.07100989,
         -0.74606902, -0.47868433],
        [ 0.89650736,  0.29862397,  0.        , ...,  0.23010036,
         -0.5131822 , -0.19465438],
        ...,
        [ 0.77051019,  0.07100989, -0.23010036, ...,  0.        ,
         -0.69690239, -0.41513018],
        [ 0.99680858,  0.74606902,  0.5131822 , ...,  0.69690239,
          0.        ,  0.33629809],
        [ 0.96559638,  0.47868433,  0.19465438, ...,  0.41513018,
         -0.33629809,  0.        ]],

       [[ 0.        ,  0.03577509,  0.03577509, ...,  0.9938016 ,
          0.99989519,  0.99996357],
        [-0.03577509,  0.        ,  0.        , ...,  0.98918838,
          0.99873716,  0.99962883],
        [-0.03577509,  0.        ,  0.        , ...,  0.98918838,
          0.99873716,  0.99962883],
        ...,
        [-0.9938016 , -0.98918838, -0.98918838, ...,  0.        ,
          0.0967682 ,  0.11964708],
        [-0.99989519, -0.99873716, -0.99873716, ..., -0.0967682 ,
          0.        ,  0.0230125 ],
        [-0.99996357, -0.99962883, -0.99962883, ..., -0.11964708,
         -0.0230125 ,  0.        ]],

       [[ 0.        ,  0.39714256,  0.39714256, ...,  0.        ,
          0.52362175,  0.59972481],
        [-0.39714256,  0.        ,  0.        , ...,  0.39714256,
          0.81890343,  0.86819759],
        [-0.39714256,  0.        ,  0.        , ...,  0.39714256,
          0.81890343,  0.86819759],
        ...,
        [-0.        , -0.39714256, -0.39714256, ...,  0.        ,
         -0.52362175, -0.59972481],
        [-0.52362175, -0.81890343, -0.81890343, ...,  0.52362175,
          0.        , -0.09193064],
        [-0.59972481, -0.86819759, -0.86819759, ...,  0.59972481,
          0.09193064,  0.        ]]]), 'num': array([ 9.45155242e-01,  1.78189290e-01,  2.46612846e-05,  5.11310635e-02,
        5.19531063e-02,  5.06378378e-02,  2.29785630e-01, -5.75429975e-04,
        5.21010740e-02,  5.39013478e-02,  5.28683140e-02,  6.69200689e-05,
        5.74386545e-02,  5.03640411e-02])}
{'img': array([[[ 0.        , -0.22319191, -0.33759277, ...,  0.30195028,
          0.50017016,  0.42098262],
        [ 0.22319191,  0.        , -0.11898802, ...,  0.50710757,
          0.68082106,  0.61281353],
        [ 0.33759277,  0.11898802,  0.        , ...,  0.60605864,
          0.76313705,  0.70248752],
        ...,
        [-0.30195028, -0.50710757, -0.60605864, ...,  0.        ,
          0.21535712,  0.12744306],
        [-0.50017016, -0.68082106, -0.76313705, ..., -0.21535712,
          0.        , -0.08914842],
        [-0.42098262, -0.61281353, -0.70248752, ..., -0.12744306,
          0.08914842,  0.        ]],

       [[ 0.        ,  0.19742348,  0.32513057, ...,  0.67661728,
         -0.29653568, -0.8257386 ],
        [-0.19742348,  0.        ,  0.13203415, ...,  0.5179305 ,
         -0.47924308, -0.92084396],
        [-0.32513057, -0.13203415,  0.        , ...,  0.4004511 ,
         -0.59093141, -0.96426637],
        ...,
        [-0.67661728, -0.5179305 , -0.4004511 , ...,  0.        ,
         -0.8645338 , -0.98966813],
        [ 0.29653568,  0.47924308,  0.59093141, ...,  0.8645338 ,
          0.        , -0.62133651],
        [ 0.8257386 ,  0.92084396,  0.96426637, ...,  0.98966813,
          0.62133651,  0.        ]],

       [[ 0.        , -0.06717308, -0.12864201, ...,  0.78836375,
          0.75651493,  0.67590986],
        [ 0.06717308,  0.        , -0.06173651, ...,  0.82790862,
          0.79873583,  0.72388872],
        [ 0.12864201,  0.06173651,  0.        , ...,  0.86095509,
          0.83435796,  0.76510094],
        ...,
        [-0.78836375, -0.82790862, -0.86095509, ...,  0.        ,
         -0.05015622, -0.16518562],
        [-0.75651493, -0.79873583, -0.83435796, ...,  0.05015622,
          0.        , -0.11551051],
        [-0.67590986, -0.72388872, -0.76510094, ...,  0.16518562,
          0.11551051,  0.        ]],

       ...,

       [[ 0.        , -0.29862397, -0.33378129, ..., -0.74606902,
         -0.47868433, -0.69195706],
        [ 0.29862397,  0.        , -0.03705308, ..., -0.5131822 ,
         -0.19465438, -0.44479546],
        [ 0.33378129,  0.03705308,  0.        , ..., -0.48102788,
         -0.15817639, -0.41130409],
        ...,
        [ 0.74606902,  0.5131822 ,  0.48102788, ...,  0.        ,
          0.33629809,  0.07786357],
        [ 0.47868433,  0.19465438,  0.15817639, ..., -0.33629809,
          0.        , -0.26194864],
        [ 0.69195706,  0.44479546,  0.41130409, ..., -0.07786357,
          0.26194864,  0.        ]],

       [[ 0.        ,  0.        , -0.11276128, ...,  0.99873716,
          0.99962883,  0.99997676],
        [ 0.        ,  0.        , -0.11276128, ...,  0.99873716,
          0.99962883,  0.99997676],
        [ 0.11276128,  0.11276128,  0.        , ...,  0.99803248,
          0.99632531,  0.99436784],
        ...,
        [-0.99873716, -0.99873716, -0.99803248, ...,  0.        ,
          0.0230125 ,  0.04342948],
        [-0.99962883, -0.99962883, -0.99632531, ..., -0.0230125 ,
          0.        ,  0.02042719],
        [-0.99997676, -0.99997676, -0.99436784, ..., -0.04342948,
         -0.02042719,  0.        ]],

       [[ 0.        ,  0.        ,  0.56280953, ...,  0.53381425,
          0.6109902 ,  0.70525433],
        [ 0.        ,  0.        ,  0.56280953, ...,  0.53381425,
          0.6109902 ,  0.70525433],
        [-0.56280953, -0.56280953,  0.        , ...,  0.91715644,
          0.95057782,  0.98196008],
        ...,
        [-0.53381425, -0.53381425, -0.91715644, ...,  0.        ,
         -0.09406666, -0.21791436],
        [-0.6109902 , -0.6109902 , -0.95057782, ...,  0.09406666,
          0.        , -0.12514206],
        [-0.70525433, -0.70525433, -0.98196008, ...,  0.21791436,
          0.12514206,  0.        ]]]), 'num': array([9.08158201e-01, 1.67499391e-01, 2.31818094e-05, 4.93772540e-02,
       4.95317994e-02, 4.82181635e-02, 3.56999864e-01, 1.31363587e-03,
       4.85736179e-02, 5.05556626e-02, 4.97610417e-02, 6.15027596e-05,
       5.38960873e-02, 4.72152380e-02])}
{'img': array([[[ 0.        , -0.11898802, -0.0837657 , ...,  0.68082106,
          0.61281353,  0.76930716],
        [ 0.11898802,  0.        ,  0.03539923, ...,  0.76313705,
          0.70248752,  0.83986072],
        [ 0.0837657 , -0.03539923,  0.        , ...,  0.73978247,
          0.67685375,  0.82011956],
        ...,
        [-0.68082106, -0.76313705, -0.73978247, ...,  0.        ,
         -0.08914842,  0.12851652],
        [-0.61281353, -0.70248752, -0.67685375, ...,  0.08914842,
          0.        ,  0.21641395],
        [-0.76930716, -0.83986072, -0.82011956, ..., -0.12851652,
         -0.21641395,  0.        ]],

       [[ 0.        ,  0.13203415, -0.19444738, ..., -0.47924308,
         -0.92084396, -0.57976671],
        [-0.13203415,  0.        , -0.32225903, ..., -0.59093141,
         -0.96426637, -0.68227007],
        [ 0.19444738,  0.32225903,  0.        , ..., -0.29943274,
         -0.82744666, -0.41026835],
        ...,
        [ 0.47924308,  0.59093141,  0.29943274, ...,  0.        ,
         -0.62133651, -0.11837205],
        [ 0.92084396,  0.96426637,  0.82744666, ...,  0.62133651,
          0.        ,  0.5242184 ],
        [ 0.57976671,  0.68227007,  0.41026835, ...,  0.11837205,
         -0.5242184 ,  0.        ]],

       [[ 0.        , -0.06173651, -0.19049908, ...,  0.79873583,
          0.72388872,  0.65921616],
        [ 0.06173651,  0.        , -0.12952975, ...,  0.83435796,
          0.76510094,  0.70438167],
        [ 0.19049908,  0.12952975,  0.        , ...,  0.89872872,
          0.84206092,  0.79039063],
        ...,
        [-0.79873583, -0.83435796, -0.89872872, ...,  0.        ,
         -0.11551051, -0.20397379],
        [-0.72388872, -0.76510094, -0.84206092, ...,  0.11551051,
          0.        , -0.08952638],
        [-0.65921616, -0.70438167, -0.79039063, ...,  0.20397379,
          0.08952638,  0.        ]],

       ...,

       [[ 0.        , -0.03705308,  0.41909622, ..., -0.19465438,
         -0.44479546, -0.50493064],
        [ 0.03705308,  0.        ,  0.45245047, ..., -0.15817639,
         -0.41130409, -0.47260117],
        [-0.41909622, -0.45245047,  0.        , ..., -0.58781456,
         -0.77920446, -0.82019471],
        ...,
        [ 0.19465438,  0.15817639,  0.58781456, ...,  0.        ,
         -0.26194864, -0.32725441],
        [ 0.44479546,  0.41130409,  0.77920446, ...,  0.26194864,
          0.        , -0.06830251],
        [ 0.50493064,  0.47260117,  0.82019471, ...,  0.32725441,
          0.06830251,  0.        ]],

       [[ 0.        , -0.11276128, -0.42092949, ...,  0.99962883,
          0.99997676,  0.99929202],
        [ 0.11276128,  0.        , -0.31595984, ...,  0.99632531,
          0.99436784,  0.99716101],
        [ 0.42092949,  0.31595984,  0.        , ...,  0.91822426,
          0.90994226,  0.92228761],
        ...,
        [-0.99962883, -0.99632531, -0.91822426, ...,  0.        ,
          0.02042719, -0.01038441],
        [-0.99997676, -0.99436784, -0.90994226, ..., -0.02042719,
          0.        , -0.03080833],
        [-0.99929202, -0.99716101, -0.92228761, ...,  0.01038441,
          0.03080833,  0.        ]],

       [[ 0.        ,  0.56280953,  0.82884115, ...,  0.6109902 ,
          0.70525433,  0.73255163],
        [-0.56280953,  0.        ,  0.37022607, ...,  0.95057782,
          0.98196008,  0.98862828],
        [-0.82884115, -0.37022607,  0.        , ...,  0.99798153,
          0.98218909,  0.9740526 ],
        ...,
        [-0.6109902 , -0.95057782, -0.99798153, ...,  0.        ,
         -0.12514206, -0.16400778],
        [-0.70525433, -0.98196008, -0.98218909, ...,  0.12514206,
          0.        , -0.03927097],
        [-0.73255163, -0.98862828, -0.9740526 , ...,  0.16400778,
          0.03927097,  0.        ]]]), 'num': array([ 9.01935428e-01,  1.20254281e-01,  2.51749162e-05,  4.88550717e-02,
        5.10578769e-02,  4.87764001e-02,  3.89559800e-01, -1.41608903e-03,
        4.91382895e-02,  5.13371611e-02,  5.07235225e-02,  4.58917743e-05,
        5.49235772e-02,  4.77507449e-02])}
{'img': array([[[ 0.        ,  0.03539923, -0.70720718, ...,  0.70248752,
          0.83986072,  0.69336377],
        [-0.03539923,  0.        , -0.73179142, ...,  0.67685375,
          0.82011956,  0.66742095],
        [ 0.70720718,  0.73179142,  0.        , ...,  0.99997971,
          0.97766032,  0.99981742],
        ...,
        [-0.70248752, -0.67685375, -0.99997971, ...,  0.        ,
          0.21641395, -0.01273963],
        [-0.83986072, -0.82011956, -0.97766032, ..., -0.21641395,
          0.        , -0.22883411],
        [-0.69336377, -0.66742095, -0.99981742, ...,  0.01273963,
          0.22883411,  0.        ]],

       [[ 0.        , -0.32225903,  0.17316025, ..., -0.96426637,
         -0.68227007, -0.64062143],
        [ 0.32225903,  0.        ,  0.48131329, ..., -0.82744666,
         -0.41026835, -0.35899644],
        [-0.17316025, -0.48131329,  0.        , ..., -0.99557599,
         -0.79856097, -0.76390627],
        ...,
        [ 0.96426637,  0.82744666,  0.99557599, ...,  0.        ,
          0.5242184 ,  0.57069577],
        [ 0.68227007,  0.41026835,  0.79856097, ..., -0.5242184 ,
          0.        ,  0.05552729],
        [ 0.64062143,  0.35899644,  0.76390627, ..., -0.57069577,
         -0.05552729,  0.        ]],

       [[ 0.        , -0.12952975, -0.53972413, ...,  0.76510094,
          0.70438167,  0.65410959],
        [ 0.12952975,  0.        , -0.42613367, ...,  0.84206092,
          0.79039063,  0.74657534],
        [ 0.53972413,  0.42613367,  0.        , ...,  0.99162802,
          0.97608579,  0.95890411],
        ...,
        [-0.76510094, -0.84206092, -0.99162802, ...,  0.        ,
         -0.08952638, -0.15753425],
        [-0.70438167, -0.79039063, -0.97608579, ...,  0.08952638,
          0.        , -0.06849315],
        [-0.65410959, -0.74657534, -0.95890411, ...,  0.15753425,
          0.06849315,  0.        ]],

       ...,

       [[ 0.        ,  0.39387305, -0.02629745, ..., -0.32307978,
         -0.36748373, -0.98549319],
        [-0.39387305,  0.        , -0.41790853, ..., -0.6697139 ,
         -0.70409186, -0.97267686],
        [ 0.02629745,  0.41790853,  0.        , ..., -0.29808088,
         -0.34289922, -0.98068929],
        ...,
        [ 0.32307978,  0.6697139 ,  0.29808088, ...,  0.        ,
         -0.04730235, -0.87781141],
        [ 0.36748373,  0.70409186,  0.34289922, ...,  0.04730235,
          0.        , -0.85417068],
        [ 0.98549319,  0.97267686,  0.98068929, ...,  0.87781141,
          0.85417068,  0.        ]],

       [[ 0.        , -0.31595984, -0.62218693, ...,  0.99436784,
          0.99716101,  0.99582055],
        [ 0.31595984,  0.        , -0.34295881, ...,  0.90994226,
          0.92228761,  0.91595013],
        [ 0.62218693,  0.34295881,  0.        , ...,  0.71251765,
          0.73379622,  0.7227715 ],
        ...,
        [-0.99436784, -0.90994226, -0.71251765, ...,  0.        ,
         -0.03080833, -0.0147239 ],
        [-0.99716101, -0.92228761, -0.73379622, ...,  0.03080833,
          0.        ,  0.01608807],
        [-0.99582055, -0.91595013, -0.7227715 , ...,  0.0147239 ,
         -0.01608807,  0.        ]],

       [[ 0.        ,  0.70667423,  0.79250759, ...,  0.73198294,
          0.759593  ,  0.81866916],
        [-0.70667423,  0.        ,  0.12975629, ...,  0.99937991,
          0.99706173,  0.98505901],
        [-0.79250759, -0.12975629,  0.        , ...,  0.98636223,
          0.97869285,  0.95438498],
        ...,
        [-0.73198294, -0.99937991, -0.98636223, ...,  0.        ,
         -0.04144739, -0.13742557],
        [-0.759593  , -0.99706173, -0.97869285, ...,  0.04144739,
          0.        , -0.09625334],
        [-0.81866916, -0.98505901, -0.95438498, ...,  0.13742557,
          0.09625334,  0.        ]]]), 'num': array([9.31893849e-01, 1.23558854e-01, 2.58667198e-05, 5.05209372e-02,
       5.13292722e-02, 4.99551027e-02, 3.08161550e-01, 3.23333998e-04,
