,stck_clpr,stck_hgpr,stck_lwpr,acml_vol,prdy_vrss,5,20,60,rsi,bb_upper,bb_middle,bb_lower,bstp_nmix_prpr,bstp_nmix_hgpr,bstp_nmix_lwpr,bstp_nmix_prdy_ctrt,acml_vol.1,acml_tr_pbmn,bstp_nmix_prpr.1,bstp_nmix_hgpr.1,bstp_nmix_lwpr.1,bstp_nmix_prdy_ctrt.1,acml_vol.2,acml_tr_pbmn.1,ovrs_nmix_prpr,ovrs_nmix_hgpr,ovrs_nmix_lwpr,ovrs_nmix_prpr.1,ovrs_nmix_hgpr.1,ovrs_nmix_lwpr.1
0,4305,4670,4230,1283901,-170,4106.0,4025.75,3999.3333333333335,60.4895104895105,4405.898326314874,4025.75,3645.601673685126,2148.8,2153.9,2143.63,0.18,301254,4248900,736.81,737.5,729.22,1.32,656385,3912306,7637.54,7662.38,7579.29,2798.36,2809.79,2785.02
1,4230,4530,4200,1319918,-75,4192.0,4023.0,4012.8333333333335,59.24657534246575,4396.341666573663,4023.0,3649.658333426337,2145.62,2152.91,2132.42,-0.15,363169,4490155,728.45,739.22,728.43,-1.13,748819,4137567,7691.52,7738.17,7649.21,2818.46,2829.87,2803.99
2,4220,4440,4190,733379,-10,4275.0,4018.5,4028.1666666666665,64.31226765799258,4379.873767725329,4018.5,3657.126232274671,2128.1,2136.4,2120.93,-0.82,288036,4403905,719.72,728.56,719.72,-1.2,695541,3893134,7643.38,7712.84,7582.09,2805.37,2825.56,2787.72
3,4110,4285,4005,416576,-110,4268.0,4019.25,4040.5,58.88501742160278,4381.317327993012,4019.25,3657.182672006987,2140.67,2143.3,2124.07,0.59,364619,5248941,729.31,729.31,714.53,1.33,779262,4081059,7669.17,7689.16,7619.82,2815.44,2819.71,2798.77
4,4210,4285,4085,528239,100,4215.0,4022.25,4052.0833333333335,59.45017182130583,4389.557432541189,4022.25,3654.942567458811,2168.28,2171.49,2153.31,1.29,263313,4365111,736.81,737.69,729.74,1.03,704757,3592042,7729.32,7733.63,7688.51,2834.4,2836.03,2819.23
5,4295,4400,4160,896483,85,4213.0,4034.25,4063.8333333333335,64.40677966101696,4420.2587434242905,4034.25,3648.241256575709,2177.18,2181.37,2171.84,0.41,257453,4247457,739.57,740.94,737.18,0.37,955940,4106382,7828.91,7831.45,7777.1,2867.19,2869.4,2848.63
6,4325,4335,4200,461074,30,4232.0,4050.25,4073.5,63.79310344827586,4456.100649870122,4050.25,3644.3993501298783,2203.27,2203.29,2172.83,1.2,358645,5466968,749.3,749.3,740.73,1.32,807521,4220278,7848.69,7854.92,7811.28,2867.24,2872.9,2858.75
7,4250,4435,4250,711769,-75,4238.0,4064.75,4083.1666666666665,62.28956228956229,4477.333021948311,4064.75,3652.1669780516895,2206.53,2216.15,2198.66,0.15,431013,4857554,751.58,753.39,746.29,0.3,879690,4359673,7895.55,7938.26,7870.9,2873.4,2885.25,2865.17
8,4235,4350,4185,214936,-15,4263.0,4084.75,4090.75,60.75085324232082,4489.55211214864,4084.75,3679.94788785136,2209.61,2214.82,2205.26,0.14,517153,4215786,751.71,753.97,748.79,0.02,788494,4273410,7891.78,7917.65,7844.96,2879.39,2881.28,2867.14
9,4220,4345,4210,177499,-15,4265.0,4103.0,4099.083333333333,60.95890410958904,4497.504752823081,4103.0,3708.4952471769193,2210.6,2217.87,2202.49,0.04,347910,4660047,751.92,756.16,750.02,0.03,762374,4321666,7938.69,7940.45,7909.14,2892.74,2893.24,2882.99
10,4280,4300,4180,160260,60,4262.0,4120.25,4106.416666666667,66.90140845070422,4514.032617696617,4120.25,3726.467382303383,2213.56,2221.62,2203.54,0.13,414809,4904129,756.81,756.92,749.87,0.65,836573,4701168,7953.88,7955.9,7891.85,2895.77,2895.95,2880.78
11,4200,4285,4180,161132,-80,4237.0,4136.75,4112.083333333333,63.21070234113713,4514.536646137737,4136.75,3758.9633538622634,2224.39,2225.02,2203.82,0.49,399695,5135093,760.15,760.15,754.05,0.44,744528,4692968,7909.28,7945.55,7897.61,2878.2,2886.88,2873.33
12,4300,4395,4200,894112,100,4247.0,4155.5,4119.583333333333,56.17529880478087,4526.5512094037695,4155.5,3784.448790596231,2224.44,2230.41,2217.18,0.0,402016,6022086,766.49,766.56,762.13,0.83,760874,4329712,7964.24,7965.33,7916.9,2888.21,2889.71,2879.13
13,4310,4330,4260,192711,10,4262.0,4176.75,4128.916666666667,41.17647058823529,4531.73274605958,4176.75,3821.76725394042,2233.45,2233.45,2212.88,0.41,449634,6098417,767.85,769.09,762.99,0.18,926529,4342635,7947.36,7975.2,7933.41,2888.32,2893.42,2881.99
14,4220,4345,4205,236404,-90,4262.0,4191.75,4135.666666666667,45.02923976608187,4526.866024683989,4191.75,3856.633975316011,2242.88,2251.22,2240.29,0.42,404160,6668128,766.75,770.66,765.62,-0.14,951956,4783660,7984.16,7992.09,7952.61,2907.41,2910.54,2898.37
15,4150,4250,4115,200818,-70,4236.0,4204.25,4137.583333333333,45.294117647058826,4512.475161205246,4204.25,3896.024838794754,2248.63,2249.89,2235.72,0.26,569056,7083490,765.02,767.73,758.69,-0.23,979257,4776286,7976.01,7993.33,7933.56,2905.58,2909.6,2896.48
16,4145,4200,4115,145912,-5,4225.0,4221.5,4139.666666666667,45.5621301775148,4470.158400220061,4221.5,3972.841599779939,2245.89,2252.05,2242.01,-0.12,452475,5586183,766.89,768.43,765.36,0.24,1063545,4967478,8000.23,8017.56,7978.81,2907.06,2916.06,2900.71
17,4275,4315,4160,631485,130,4220.0,4245.0,4141.333333333333,59.53757225433526,4404.6871942267135,4245.0,4085.312805773287,2213.77,2250.11,2210.43,-1.43,573343,6501103,753.52,767.85,751.59,-1.74,904450,4815044,7996.08,8052.4,7973.38,2900.45,2918.0,2895.45
18,4310,4340,4220,248870,35,4220.0,4253.25,4142.0,56.250000000000014,4408.403955798749,4253.25,4098.096044201251,2216.15,2225.37,2215.58,0.11,525264,4965672,762.57,762.95,757.35,1.2,773546,3805306,7998.06,8002.31,7950.97,2905.03,2908.4,2891.9
19,4375,4435,4240,660819,65,4251.0,4248.25,4144.166666666667,55.12820512820513,4379.027482771309,4248.25,4117.472517228691,2216.65,2227.94,2207.25,0.02,493984,4639971,762.01,767.02,760.02,-0.07,691821,3677725,7998.06,8002.31,7950.97,2905.03,2908.4,2891.9
20,4320,4435,4285,228647,-55,4285.0,4249.0,4146.416666666667,49.68944099378882,4381.234639939768,4249.0,4116.7653600602325,2220.51,2223.92,2212.14,0.17,481178,4922937,761.42,764.48,756.77,-0.08,895101,4169425,8015.27,8017.15,7965.9,2907.97,2909.51,2896.35
21,4220,4380,3955,377271,-100,4300.0,4248.5,4147.166666666667,48.19277108433735,4381.093363333162,4248.5,4115.906636666838,2201.03,2229.75,2190.29,-0.88,575100,6342430,757.82,765.02,755.93,-0.47,886600,4453438,8120.82,8128.88,8023.81,2933.68,2936.31,2908.53
22,4100,4230,4095,151396,-120,4265.0,4242.5,4145.75,42.780748663101605,4389.758276507638,4242.5,4095.241723492362,2190.5,2200.89,2187.44,-0.48,441137,5610697,750.43,757.64,750.43,-0.98,946890,4328695,8102.01,8139.55,8101.7,2927.25,2936.83,2926.05
23,4085,4125,3990,202257,-15,4220.0,4241.25,4144.0,42.780748663101605,4393.331392681682,4241.25,4089.1686073183178,2179.31,2186.52,2168.15,-0.51,570172,5346145,741.0,750.23,739.84,-1.26,865152,3788916,8118.68,8151.84,8075.41,2926.17,2933.1,2912.84
24,4145,4150,4020,78395,60,4174.0,4238.0,4145.166666666667,42.780748663101605,4395.302256817886,4238.0,4080.697743182114,2216.43,2216.43,2181.82,1.7,380823,4985905,750.6,750.6,742.43,1.3,754662,3228088,8146.4,8146.42,8060.89,2939.88,2939.88,2917.56
25,4130,4370,4130,450730,-15,4136.0,4229.75,4144.916666666667,45.97701149425288,4391.474302440914,4229.75,4068.025697559087,2203.59,2215.77,2186.33,-0.58,381414,5697107,754.74,755.11,746.42,0.55,671042,3769023,8161.85,8176.08,8136.41,2943.03,2949.52,2939.35
26,4190,4240,4140,123528,60,4130.0,4223.0,4146.333333333333,43.373493975903614,4379.441682425113,4223.0,4066.558317574887,2212.75,2217.03,2191.3,0.42,369059,5026634,760.38,760.94,753.43,0.75,779402,4247855,8049.64,8146.0,8048.23,2923.73,2954.13,2923.36
27,4190,4230,4145,113398,0,4148.0,4220.0,4148.083333333333,42.6829268292683,4376.556698994326,4220.0,4063.443301005674,2196.32,2211.36,2192.36,-0.74,617878,5297907,761.82,762.72,758.42,0.19,701321,3753455,8036.77,8094.06,7976.77,2917.52,2931.68,2900.5
28,4085,4175,4000,86247,-105,4148.0,4212.5,4146.666666666667,41.91616766467065,4379.488023522647,4212.5,4045.5119764773535,2176.99,2179.51,2160.44,-0.88,484097,5467056,753.45,757.97,749.27,-1.1,728048,3645776,8123.29,8135.54,7981.85,2932.47,2937.32,2898.21
29,4070,4135,3985,122090,-15,4133.0,4205.0,4145.333333333333,44.87179487179487,4383.073018731081,4205.0,4026.926981268919,2168.01,2179.34,2151.34,-0.41,456334,5170590,745.37,751.55,745.36,-1.07,922684,4239485,7963.76,8070.97,7899.02,2884.05,2913.03,2862.6
